2 1.1035532951 0.3833543956
3 0.7419784069 0.0811988786
4 0.5591734052 0.0386964940
5 0.4487308264 0.0266765263
6 0.3747550249 0.0158038046
7 0.3217325211 0.0145455096
8 0.2818628550 0.0086752577
9 0.2507884502 0.0091549866
10 0.2258879989 -nan
11 0.2054873407 0.0062704589
12 0.1884671003 0.0037573129
13 0.1740513444 -nan
14 0.1616854221 0.0027483494
15 0.1509592384 0.0034522875
16 0.1415692866 0.0020981205
17 0.1332777292 0.0027050229
18 0.1259050518 0.0016544821
19 0.1193039417 0.0021749979
20 0.1133610904 0.0013385513
21 0.1079848558 0.0017866959
22 0.1030916721 0.0011050052
23 0.0986237451 0.0023763285
24 0.0945290700 0.0009278681
25 0.0907595083 0.0012664475
26 0.0872789994 0.0007900708
27 0.0840539858 0.0017352690
28 0.0810610503 0.0006809685
29 0.0782738253 0.0009438669
30 0.0756721571 0.0005929235
31 0.0732358247 0.0008272267
32 0.0709545314 0.0005208964
33 0.0688080862 0.0011677420
34 0.0667906106 0.0004613816
35 0.0648847744 0.0006497337
36 0.0630878806 0.0004114675
37 0.0613831095 0.0009324256
38 0.0597725809 0.0003689544
39 0.0582433455 0.0005237857
40 0.0567895249 0.0003332556
41 0.0554071777 0.0007589730
42 0.0540927164 0.0003020236
43 0.0528340675 0.0006913801
44 0.0516349152 0.0002751410
45 0.0504906289 0.0003934630
46 0.0493952297 0.0002518304
47 0.0483495817 0.0005792785
48 0.0473400690 0.0002312303
49 0.0463767909 0.0005331483
50 0.0454520620 0.0002131038
51 0.0445612259 0.0003069555
52 0.0437056907 0.0001971257
53 0.0428804234 0.0002835311
54 0.0420904197 0.0001824852
55 0.0413242392 0.0004225388
56 0.0405856296 0.0001698177
57 0.0398757383 0.0002459174
58 0.0391928069 0.0001583944
59 0.0385276787 0.0003674562
60 0.0378861092 0.0001479343
61 0.0372676924 0.0003460114
62 0.0366666280 0.0001384926
63 0.0360808410 0.0002013281
64 0.0355199799 0.0001299823
65 0.0349721350 0.0001888040
66 0.0344405919 0.0001223134
67 0.0339281745 0.0002846214
68 0.0334303640 0.0001152637
69 0.0329484344 0.0002702208
70 0.0324836671 0.0001088147
71 0.0320234373 0.0001590337
72 0.0315771252 0.0001027987
73 0.0311459694 0.0001500732
74 0.0307225883 0.0000971645
75 0.0303159077 0.0002292279
76 0.0299133118 0.0000921687
77 0.0295266807 0.0002154372
78 0.0291559957 0.0000873307
79 0.0287843961 0.0002017930
80 0.0284195822 0.0000831068
81 0.0280745085 0.0001968193
82 0.0277342089 -nan
83 0.0273960121 0.0001144357
84 0.0270678494 0.0000754195
85 0.0267534107 0.0001107339
86 0.0264405385 0.0000719169
87 0.0261369478 0.0001767599
88 0.0258391574 0.0000686814
89 0.0255547110 0.0001623326
90 0.0252624527 0.0000657273
91 0.0249980949 0.0000965980
92 0.0247151405 0.0000629501
93 0.0244594887 0.0001483188
94 0.0241951570 0.0000602822
95 0.0239435155 0.0001424360
