2 1.1035532951 0.1696321219
3 0.7419784069 0.0292010531
4 0.5591734052 0.0192608777
5 0.4487308264 0.0120403590
6 0.3747550249 0.0083531048
7 0.3217325211 0.0061530401
8 0.2818628550 0.0047695236
9 0.2507884502 0.0038741885
10 0.2258879989 0.0032390396
11 0.2054873407 0.0027596513
12 0.1884671003 0.0023931381
13 0.1740513444 0.0021153116
14 0.1616854221 0.0018946256
15 0.1509592384 0.0017117159
16 0.1415692866 0.0015590886
17 0.1332777292 0.0014328429
18 0.1259050518 0.0013274478
19 0.1193039417 0.0012351761
20 0.1133610904 0.0011533984
21 0.1079848558 0.0010842005
22 0.1030916721 0.0010230416
23 0.0986237451 0.0009681379
24 0.0945290700 0.0009187306
25 0.0907595083 0.0008753467
26 0.0872789994 0.0008329116
27 0.0840539858 0.0007979029
28 0.0810610503 0.0007646796
29 0.0782738253 0.0007336181
30 0.0756721571 0.0007062946
31 0.0732358247 0.0006835422
32 0.0709545314 0.0006563467
33 0.0688080862 0.0006339368
34 0.0667906106 0.0006132727
35 0.0648847744 0.0005938972
36 0.0630878806 0.0005742146
37 0.0613831095 0.0005604807
38 0.0597725809 0.0005425444
39 0.0582433455 0.0005274659
40 0.0567895249 0.0005147812
41 0.0554071777 0.0004997196
42 0.0540927164 0.0004907019
43 0.0528340675 0.0004747849
44 0.0516349152 0.0004672089
45 0.0504906289 0.0004519266
46 0.0493952297 0.0004410778
47 0.0483495817 0.0004319187
