0.0000000 0.0000000
0.0000000 0.0000000
0.0000000 0.0000000
0.0000000 0.0000000
0.0000000 0.0000000
0.0000000 0.0000000
0.0000000 0.0000000
0.0000000 0.0000000
0.0000000 0.0000000
0.0000000 0.0000000
0.0000000 0.0000000
0.0000000 0.0000000
0.0000000 0.0000000
0.0000000 0.0000000
0.0000000 0.0000000
0.0000000 0.0000000
0.0000000 0.0000000
0.0000000 0.0000000
0.0000000 0.0000000
0.0000000 0.0000000
0.0000000 0.0000000
0.0000000 0.0000000
0.0000000 0.0000000
0.0000000 0.0000000
0.0000000 0.0000000
0.0000000 0.0000000
0.0000000 0.0000000
-0.3325276 0.2756573
-0.4153720 0.6572694
-0.5088487 1.1139051
-0.6575969 1.6962581
-0.8965456 2.4761207
-1.2698606 3.5564859
-1.8259168 5.0869031
-2.5407612 7.2199726
-3.2995458 9.9806633
-4.2716351 13.3371000
-5.4360175 16.0856991
7.1292963 13.9631119
16.0654907 -14.7737379
-3.1493561 -14.4862213
-2.6772668 -12.6206093
-2.2837448 -9.4315004
-2.0489848 -7.0724602
-1.6220820 -5.2354360
-1.2481753 -3.8387885
-0.9525883 -2.7509649
-0.7312487 -1.9174262
-0.5752532 -1.2781075
-0.4734015 -0.7756106
-0.4135741 -0.3558730
0.0000000 0.0000000
0.0000000 0.0000000
-0.7087665 0.3238831
-0.8567671 0.6922712
-1.0451421 1.1120459
-1.3468885 1.6226422
-1.8254588 2.2677312
-2.5632856 3.1208432
-3.6221318 4.3430114
-5.0253568 6.2946076
-5.8810029 9.9703817
-7.2501144 11.0023031
6.7043552 8.4550190
19.0988846 10.3837900
28.1093597 -9.2691431
5.8883166 -8.6303015
-6.5994411 -11.4283228
-5.3179240 -9.6406660
-4.3025298 -6.5788832
-3.2688215 -4.8382125
-2.4168479 -3.4873788
-1.8163328 -2.5027523
-1.3967913 -1.7655473
-1.1100942 -1.1939620
-0.9266057 -0.7289649
-0.7866095 -0.3183246
0.0000000 0.0000000
0.0000000 0.0000000
-0.9970337 0.2834962
-1.2042851 0.5759159
-1.4428824 0.9041489
-1.8194219 1.2841203
-2.3992460 1.7424092
-3.2998385 2.3140893
-4.7625637 3.1216264
-7.5709476 3.9564927
-7.9729843 3.2590208
-6.1797519 7.8634043
-1.9456161 2.8234460
32.0311966 5.8286114
28.2371235 -9.6547537
0.1625476 -3.0055730
-4.4160209 -7.4424286
-8.1291313 -3.6816027
-6.1971340 -5.2590828
-4.5023308 -3.7167683
-3.3309851 -2.6009037
-2.4952068 -1.8638774
-1.9231284 -1.3289665
-1.5411358 -0.9081146
-1.2940261 -0.5548783
-1.0725791 -0.2380505
0.0000000 0.0000000
0.0000000 0.0000000
-1.1844224 0.2133052
-1.4411808 0.4106122
-1.7010008 0.6236380
-2.0943191 0.8562124
-2.6789556 1.1282108
-3.5356157 1.4964846
-4.8218508 1.8993697
-7.2764359 1.4565471
-11.2311306 -1.1250457
-3.1748154 -1.1942734
8.1157436 -4.6882806
29.3414726 -0.2582649
24.1439400 -8.2951660
6.5467582 4.9343710
-4.1732335 -1.0986655
-8.1254177 -2.6998057
-8.1763525 -2.0402017
-5.4512348 -1.7591399
-3.9110410 -1.3280959
-2.9219480 -1.0089438
-2.2626405 -0.7671344
-1.8288285 -0.5508739
-1.5458357 -0.3436929
-1.2540559 -0.1466468
0.0000000 0.0000000
0.0000000 0.0000000
-1.2769436 0.1313122
-1.5664216 0.2308046
-1.8203095 0.3241709
-2.1843584 0.3962262
-2.7115583 0.4181418
-3.4396935 0.3142738
-4.4395447 0.4792049
-5.7804780 -0.2776006
-9.1100893 -3.7223306
-1.2101045 -5.5482807
11.6200914 -7.3051109
28.4025135 2.8803616
24.5132847 0.1128853
8.7495146 7.8443890
-1.6952227 2.1117170
-10.2745075 4.0493221
-8.3968420 1.1854057
-5.5718746 0.3475861
-4.0017271 -0.0400885
-3.0228329 -0.1968460
-2.3854308 -0.2294291
-1.9627914 -0.2009747
-1.6729517 -0.1368990
-1.3381304 -0.0563711
0.0000000 0.0000000
0.0000000 0.0000000
-1.2906944 0.0486439
-1.5917032 0.0542939
-1.8162379 0.0268915
-2.1160481 -0.0575400
-2.5309472 -0.2265132
-3.0809336 -0.6314499
-3.7869139 -1.1664747
-4.6329150 -2.5028310
-6.6601863 -4.9964333
-3.6663382 -7.8909402
13.5752354 -2.9803066
26.8913803 0.3836947
18.0600014 0.8423043
12.9858503 6.5660357
5.2367268 7.7750020
-6.1681867 7.7863317
-6.4764128 3.0927880
-4.7700963 1.6263106
-3.6106343 0.8640814
-2.8371289 0.4337040
-2.3104961 0.2005853
-1.9530363 0.0857110
-1.6955175 0.0367701
-1.3639042 0.0209341
0.0000000 0.0000000
0.0000000 0.0000000
-1.2700648 -0.0248141
-1.5422153 -0.0979578
-1.7151165 -0.2120018
-1.9318429 -0.3936566
-2.2122784 -0.6742040
-2.5558789 -1.1640283
-2.9688549 -1.9703078
-3.4888220 -2.9209673
-3.7792969 -5.0464964
-1.9222794 -8.4367762
5.9159322 -4.9856343
16.5244579 1.8061793
15.7265568 3.5805683
9.4433975 7.2943068
1.6167810 9.7402048
-2.6611750 7.1728940
-3.4428265 4.1890888
-3.2827282 2.3932979
-2.8451428 1.4373199
-2.4238436 0.8691130
-2.0816746 0.5217600
-1.8249812 0.3072184
-1.6254134 0.1729873
-1.3246784 0.0816112
0.0000000 0.0000000
0.0000000 0.0000000
-1.1984299 -0.0799777
-1.4278073 -0.2050482
-1.5464872 -0.3708817
-1.6782666 -0.6026140
-1.8320473 -0.9327623
-1.9857198 -1.4035016
-2.1036777 -2.1267941
-2.1519759 -2.9777329
-1.8260086 -4.4349713
-0.7276130 -5.2092595
3.5705991 -7.0971184
8.5927324 -2.7331672
10.1926823 2.1074340
5.6269875 6.3684468
1.7632563 6.7227125
-0.7818916 5.3917570
-1.6805831 3.8500843
-1.9798352 2.5865207
-2.0215943 1.6924084
-1.9140369 1.1078376
-1.7648733 0.7199382
-1.6207654 0.4552018
-1.4858097 0.2674964
-1.2275082 0.1234274
0.0000000 0.0000000
0.0000000 0.0000000
-1.0877162 -0.1155981
-1.2742434 -0.2695249
-1.3435842 -0.4584571
-1.4011064 -0.7010296
-1.4458948 -1.0198768
-1.4496104 -1.4323783
-1.3528951 -1.9750108
-1.0711402 -2.5589805
-0.2715416 -3.3696365
0.9061679 -3.6650620
2.7150340 -4.0611854
4.8501339 -1.7010351
5.4720359 1.0159796
4.1229639 2.9279320
1.9725035 3.8864760
0.2356158 3.7078819
-0.7153927 3.0527532
-1.1471608 2.3179786
-1.3658795 1.6744745
-1.4358808 1.1738318
-1.4273992 0.8053741
-1.3812964 0.5313895
-1.3070883 0.3203412
-1.0933620 0.1469072
0.0000000 0.0000000
0.0000000 0.0000000
-0.9558710 -0.1336460
-1.1038737 -0.2974104
-1.1324446 -0.4875110
-1.1338580 -0.7153749
-1.1010324 -0.9923463
-1.0067863 -1.3232447
-0.7983094 -1.7094426
-0.4093900 -2.1005490
0.2811038 -2.4727631
1.1649238 -2.5444937
2.2079954 -2.2883761
3.1810892 -0.9452957
3.4968736 0.6111411
2.8308806 1.7182295
1.7156774 2.4042182
0.6227347 2.5395689
-0.1758971 2.3022845
-0.6292521 1.9120148
-0.8977517 1.4936923
-1.0498656 1.1170243
-1.1196498 0.8031152
-1.1395524 0.5482743
-1.1137615 0.3372550
-0.9425553 0.1547428
0.0000000 0.0000000
0.0000000 0.0000000
-0.8179366 -0.1377489
-0.9330346 -0.2977752
-0.9324365 -0.4750957
-0.8959035 -0.6754175
-0.8188340 -0.9022639
-0.6768175 -1.1522716
-0.4334559 -1.4126347
-0.0567906 -1.6423887
0.4736225 -1.7864815
1.0834894 -1.7257193
1.7148381 -1.3631954
2.2023139 -0.5570627
2.3420362 0.3636152
2.0018387 1.0798301
1.3693641 1.5682645
0.6802987 1.7621158
0.0983322 1.7111876
-0.3123454 1.5167884
-0.5790001 1.2592719
-0.7545281 0.9923252
-0.8617601 0.7438014
-0.9185169 0.5230598
-0.9240527 0.3275245
-0.7903293 0.1506401
0.0000000 0.0000000
0.0000000 0.0000000
-0.6849101 -0.1321826
-0.7726722 -0.2799101
-0.7539439 -0.4373597
-0.6964592 -0.6060838
-0.5989166 -0.7849835
-0.4454409 -0.9666272
-0.2131551 -1.1339806
0.1013498 -1.2566538
0.4892634 -1.2900692
0.9038073 -1.1793494
1.2927600 -0.8691717
1.5672266 -0.3525797
1.6322808 0.2258969
1.4398079 0.7094764
1.0644587 1.0629544
0.6206427 1.2458382
0.2064567 1.2707638
-0.1256390 1.1820062
-0.3657458 1.0280982
-0.5371575 0.8445995
-0.6538904 0.6554775
-0.7275026 0.4728185
-0.7507403 0.3007784
-0.6471030 0.1389024
0.0000000 0.0000000
0.0000000 0.0000000
-0.5631832 -0.1207168
-0.6295732 -0.2517812
-0.6006098 -0.3868706
-0.5355285 -0.5249900
-0.4340055 -0.6625677
-0.2885115 -0.7912586
-0.0885434 -0.8952395
0.1590385 -0.9536537
0.4399417 -0.9378676
0.7220080 -0.8217337
0.9717752 -0.5816980
1.1369070 -0.2349246
1.1712410 0.1472257
1.0536145 0.4830528
0.8199474 0.7419804
0.5285754 0.8968213
0.2343197 0.9478747
-0.0234590 0.9150007
-0.2243353 0.8244070
-0.3793398 0.6995409
-0.4913104 0.5582935
-0.5668855 0.4115638
-0.5988876 0.2652715
-0.5192217 0.1231237
0.0000000 0.0000000
0.0000000 0.0000000
-0.4561339 -0.1063932
-0.5059307 -0.2193500
-0.4731360 -0.3325008
-0.4080963 -0.4434061
-0.3134849 -0.5476204
-0.1847286 -0.6374039
-0.0211674 -0.7006791
0.1682868 -0.7232032
0.3723412 -0.6887432
0.5679798 -0.5845867
0.7337630 -0.4032848
0.8384956 -0.1619646
0.8583032 0.1003530
0.7835564 0.3388707
0.6312704 0.5304140
0.4345912 0.6562282
0.2263404 0.7122438
0.0305513 0.7069193
-0.1335235 0.6548507
-0.2642616 0.5698863
-0.3655851 0.4648390
-0.4357992 0.3488285
-0.4690490 0.2274751
-0.4088064 0.1060256
0.0000000 0.0000000
0.0000000 0.0000000
-0.3647432 -0.0913766
-0.4016556 -0.1866765
-0.3693274 -0.2797853
-0.3091147 -0.3677832
-0.2256759 -0.4462357
-0.1177822 -0.5084597
0.0129628 -0.5462116
0.1569040 -0.5501835
0.3057482 -0.5110946
0.4442460 -0.4239112
0.5573598 -0.2872447
0.6268370 -0.1143194
0.6387706 0.0714311
0.5894943 0.2439700
0.4880412 0.3871517
0.3515363 0.4871648
0.2021674 0.5398436
0.0564739 0.5474007
-0.0745037 0.5176799
-0.1820984 0.4598897
-0.2676273 0.3817743
-0.3301753 0.2904887
-0.3610420 0.1913300
-0.3154282 0.0896006
0.0000000 0.0000000
0.0000000 0.0000000
-0.2882558 -0.0769929
-0.3155421 -0.1562091
-0.2856677 -0.2319891
-0.2331788 -0.3012357
-0.1620992 -0.3602178
-0.0742187 -0.4036603
0.0280281 -0.4254844
0.1377137 -0.4205701
0.2471769 -0.3833519
0.3466149 -0.3121487
0.4256699 -0.2088975
0.4731332 -0.0822578
0.4813297 0.0529203
0.4473627 0.1799058
0.3778733 0.2879660
0.2828762 0.3671286
0.1740364 0.4128796
0.0652222 0.4260516
-0.0353083 0.4097155
-0.1226527 0.3695823
-0.1926840 0.3113646
-0.2447517 0.2397444
-0.2720838 0.1591365
-0.2379266 0.0749172
0.0000000 0.0000000
0.0000000 0.0000000
-0.2252922 -0.0641026
-0.2453219 -0.1292127
-0.2191080 -0.1904998
-0.1747705 -0.2449596
-0.1164531 -0.2892540
-0.0457307 -0.3198102
0.0333329 -0.3323345
0.1164902 -0.3232588
0.1977027 -0.2906181
0.2698934 -0.2332287
0.3263049 -0.1540234
0.3594856 -0.0597593
0.3652217 0.0404911
0.3422029 0.1359474
0.2930025 0.2181588
0.2256815 0.2808791
0.1476608 0.3197426
0.0657946 0.3340785
-0.0109276 0.3259824
-0.0783411 0.2979807
-0.1349718 0.2538920
-0.1767024 0.1975792
-0.1987219 0.1322492
-0.1739132 0.0625469
0.0000000 0.0000000
0.0000000 0.0000000
-0.1740218 -0.0530257
-0.1885204 -0.1063015
-0.1665222 -0.1555971
-0.1300000 -0.1985438
-0.0831969 -0.2322142
-0.0276399 -0.2536848
0.0335653 -0.2606958
0.0962419 -0.2505590
0.1566582 -0.2223232
0.2094745 -0.1767081
0.2501023 -0.1152927
0.2741398 -0.0433323
0.2779749 0.0322260
0.2619928 0.1050448
0.2279383 0.1688928
0.1790399 0.2184681
0.1225460 0.2512693
0.0631612 0.2655449
0.0046858 0.2619463
-0.0466672 0.2425409
-0.0894304 0.2090597
-0.1221305 0.1642380
-0.1387568 0.1109518
-0.1206365 0.0529037
0.0000000 0.0000000
0.0000000 0.0000000
-0.1325051 -0.0437881
-0.1428282 -0.0874269
-0.1248618 -0.1272694
-0.0957551 -0.1611185
-0.0587080 -0.1870541
-0.0158812 -0.2025767
0.0307711 -0.2059120
0.0780497 -0.1962138
0.1227521 -0.1723325
0.1616583 -0.1353221
0.1909644 -0.0874710
0.2082281 -0.0316720
0.2116281 0.0269863
0.1999509 0.0833069
0.1758882 0.1336576
0.1417875 0.1738031
0.1002139 0.2011322
0.0570899 0.2149131
0.0151034 0.2145362
-0.0234901 0.2009118
-0.0546099 0.1756091
-0.0774629 0.1397812
-0.0889913 0.0955122
-0.0758816 0.0461590
0.0000000 0.0000000
0.0000000 0.0000000
-0.0990135 -0.0364067
-0.1061221 -0.0722718
-0.0918205 -0.1047909
-0.0692479 -0.1319201
-0.0408210 -0.1519201
-0.0081196 -0.1634555
0.0266328 -0.1649055
0.0618202 -0.1555622
0.0946496 -0.1357355
0.1228707 -0.1055183
0.1443911 -0.0670117
0.1565538 -0.0231269
0.1590231 0.0232823
0.1514742 0.0683159
0.1339877 0.1085656
0.1099211 0.1417411
0.0811783 0.1653033
0.0497174 0.1781726
0.0200684 0.1803229
-0.0062060 0.1715414
-0.0275930 0.1525218
-0.0413884 0.1239910
-0.0464578 0.0865238
-0.0368445 0.0426136
0.0000000 0.0000000
0.0000000 0.0000000
-0.0717831 -0.0306515
-0.0764285 -0.0606284
-0.0654976 -0.0873932
-0.0484377 -0.1096098
-0.0274460 -0.1255797
-0.0033603 -0.1340709
0.0221058 -0.1345444
0.0473990 -0.1260570
0.0711304 -0.1089157
0.0911081 -0.0841371
0.1062232 -0.0525514
0.1152376 -0.0166188
0.1166986 0.0208279
0.1114798 0.0577551
0.1000025 0.0912729
0.0827367 0.1190899
0.0629274 0.1400330
0.0419960 0.1526960
0.0214391 0.1567273
0.0047708 0.1523233
-0.0067759 0.1392688
-0.0119160 0.1172814
-0.0091979 0.0853252
-0.0002893 0.0433143
0.0000000 0.0000000
0.0000000 0.0000000
-0.0493560 -0.0263335
-0.0520161 -0.0519475
-0.0440874 -0.0746021
-0.0319810 -0.0930282
-0.0171098 -0.1062090
-0.0004437 -0.1128591
0.0172336 -0.1124202
0.0346384 -0.1048946
0.0507128 -0.0899961
0.0645179 -0.0686744
0.0745040 -0.0423084
0.0804527 -0.0121200
0.0818326 0.0195426
0.0779597 0.0505331
0.0702828 0.0792640
0.0593659 0.1037292
0.0458271 0.1226118
0.0323288 0.1354032
0.0200345 0.1415326
0.0104552 0.1411135
0.0067996 0.1343935
0.0113383 0.1205443
0.0257538 0.0964864
0.0421820 0.0553854
0.0000000 0.0000000
0.0000000 0.0000000
-0.0304882 -0.0232903
-0.0315392 -0.0453746
-0.0261997 -0.0648418
-0.0185589 -0.0804541
-0.0091598 -0.0912476
0.0012928 -0.0965848
0.0121592 -0.0957563
0.0229637 -0.0886505
0.0327366 -0.0756660
0.0410100 -0.0571454
0.0472390 -0.0342527
0.0505501 -0.0085310
0.0511907 0.0186942
0.0491157 0.0455761
0.0440902 0.0704751
0.0374536 0.0922773
0.0297761 0.1097316
0.0216051 0.1223588
0.0149618 0.1301975
0.0110738 0.1335342
0.0123352 0.1333775
0.0248731 0.1316369
0.0623994 0.1316494
0.1369971 0.1312279
0.0000000 0.0000000
0.0000000 0.0000000
-0.0144909 -0.0197537
-0.0138251 -0.0366732
-0.0110849 -0.0513547
-0.0073631 -0.0630982
-0.0030111 -0.0709917
0.0018440 -0.0744629
0.0068556 -0.0733422
0.0117040 -0.0673322
0.0161744 -0.0567178
0.0197562 -0.0421135
0.0223996 -0.0241806
0.0238841 -0.0040800
0.0238514 0.0169666
0.0226993 0.0378776
0.0204833 0.0573935
0.0172320 0.0744928
0.0137347 0.0886091
0.0103623 0.0993541
0.0076079 0.1069223
0.0065874 0.1120815
0.0086856 0.1164465
0.0217281 0.1281677
0.0993589 0.1944000
0.3729903 0.4002141
0.0000000 0.0000000
0.0000000 0.0000000
0.0000000 0.0000000
0.0000000 0.0000000
0.0000000 0.0000000
0.0000000 0.0000000
0.0000000 0.0000000
0.0000000 0.0000000
0.0000000 0.0000000
0.0000000 0.0000000
0.0000000 0.0000000
0.0000000 0.0000000
0.0000000 0.0000000
0.0000000 0.0000000
0.0000000 0.0000000
0.0000000 0.0000000
0.0000000 0.0000000
0.0000000 0.0000000
0.0000000 0.0000000
0.0000000 0.0000000
0.0000000 0.0000000
0.0000000 0.0000000
0.0000000 0.0000000
0.0000000 0.0000000
0.0000000 0.0000000
0.0000000 0.0000000
0.0000000 0.0000000
0.0000000 0.0000000
-0.1341720 0.1563941
0.0000000 0.0000000
-0.4212568 0.0925501
-0.1306204 0.4597671
-0.1510750 0.6888694
0.0000000 0.0000000
-0.3849891 0.4974511
-0.1666336 0.9938004
-0.1910243 1.2430537
0.0000000 0.0000000
-0.4371724 0.9244730
-0.2016467 1.6156151
-0.2466099 1.9258580
0.0000000 0.0000000
-0.5473099 1.4354838
-0.2641627 2.3911643
-0.3290980 2.8172829
0.0000000 0.0000000
-0.7352200 2.0946279
-0.3624162 3.4157138
-0.4444454 4.0261946
0.0000000 0.0000000
-1.0410541 2.9920645
-0.5055503 4.8272142
-0.5960468 5.6997633
0.0000000 0.0000000
-1.5217643 4.2578464
-0.6916423 6.8063779
-0.7872322 8.0084066
0.0000000 0.0000000
-2.2173629 6.0349364
-0.9069713 9.5407381
-1.0181372 11.1204519
0.0000000 0.0000000
-3.0177505 8.4662113
-1.1869054 13.1425362
-1.3121901 15.2491369
0.0000000 0.0000000
-3.8048439 11.7716599
-1.3031368 17.6122723
-1.3806647 19.8812313
0.0000000 0.0000000
-4.0090222 16.5901337
-0.5470652 22.0419674
-1.7368045 23.6646538
0.0000000 0.0000000
3.1188059 15.3057957
5.4006133 15.4958487
13.1754436 4.8532009
0.0000000 0.0000000
15.0172281 12.1738548
8.6747074 -12.3294096
-0.6137336 -12.2329159
0.0000000 0.0000000
9.8164883 -9.7380619
0.3166699 -16.6902313
-0.3404137 -17.3410091
0.0000000 0.0000000
-3.3010721 -15.2280006
-0.8407961 -14.5544767
-1.0419111 -13.0878868
0.0000000 0.0000000
-2.3348639 -11.3043060
-1.0428747 -11.4267979
-0.8027320 -9.9342966
0.0000000 0.0000000
-2.2105820 -7.9803152
-0.7337960 -8.6945047
-0.6728861 -7.4958334
0.0000000 0.0000000
-1.7785249 -6.0002918
-0.6347044 -6.4773536
-0.5176306 -5.4463677
0.0000000 0.0000000
-1.4139194 -4.3557673
-0.4648817 -4.7256956
-0.3834544 -3.9181571
0.0000000 0.0000000
-1.0843337 -3.1583812
-0.3373239 -3.3918748
-0.2884866 -2.7944810
0.0000000 0.0000000
-0.8317460 -2.2656415
-0.2536288 -2.3780637
-0.2257938 -1.9452364
0.0000000 0.0000000
-0.6487038 -1.5834712
-0.1982660 -1.5971421
-0.1845925 -1.2706985
0.0000000 0.0000000
-0.5222155 -1.0446032
-0.1640179 -0.9672366
-0.1621658 -0.7015657
0.0000000 0.0000000
-0.4416209 -0.5952829
-0.1505313 -0.4226791
-0.1633879 -0.1678210
0.0000000 0.0000000
-0.4099863 -0.1603713
0.0000000 0.0000000
0.0000000 0.0000000
-0.6365563 0.1440257
-0.8437421 0.1053567
-0.5628496 0.3838440
-0.6304079 0.5605032
-0.8095009 0.4794970
-0.6629536 0.8160976
-0.7470962 1.0122674
-0.9233934 0.8769585
-0.8070457 1.3139542
-0.9423423 1.5524952
-1.1469853 1.3346063
-1.0441042 1.9237782
-1.2477319 2.2323890
-1.5084385 1.9029114
-1.4096258 2.7092950
-1.7071875 3.1262403
-2.0693328 2.6544650
-1.9538881 3.7602701
-2.3596976 4.3624029
-2.9381008 3.7225542
-2.7359025 5.2100210
-3.1405804 6.1544051
-4.2861662 5.2937498
-3.6749384 7.3049684
-4.1295118 8.5745783
-6.0793414 7.5015287
-4.9971108 9.9842339
-5.2674789 12.2443972
-7.3147154 11.2106895
-5.5233541 14.5132732
-7.2868729 14.8384895
-6.9093070 10.2842484
2.1171153 11.9822330
9.7791605 11.5436411
16.0731850 8.7522888
13.0454969 9.0463495
24.5237732 1.2591875
33.4020615 -9.6765394
28.4769306 -7.4209132
14.0863733 -10.8424940
17.1989040 -10.4018250
5.0019412 -13.5668716
-4.9209085 -14.2940655
-3.4628837 -11.4081202
-4.7725039 -12.6280727
-4.5352678 -12.0047064
-6.8538465 -11.1194286
-4.0551233 -9.9260464
-3.4960599 -8.2802792
-4.4416342 -8.3996773
-3.2364349 -7.0737133
-2.7014511 -5.9917021
-3.7481282 -5.2156706
-2.4110553 -5.3132033
-2.0406778 -4.3300047
-2.8131139 -3.8369088
-1.7925009 -3.8901522
-1.5273232 -3.1766939
-2.0938821 -2.8187349
-1.3366416 -2.8104227
-1.1594357 -2.3019733
-1.5907930 -2.0519693
-1.0189546 -1.9878318
-0.9075987 -1.6152160
-1.2442731 -1.4551469
-0.8075110 -1.3427395
-0.7437359 -1.0598766
-1.0135233 -0.9692598
-0.6753041 -0.8144658
-0.6535634 -0.5894862
-0.8749607 -0.5528806
-0.5914736 -0.3498738
-0.6717538 -0.1462640
-0.8735912 -0.1397892
0.0000000 0.0000000
0.0000000 0.0000000
-1.0428829 0.1096889
-1.1985933 0.0873651
-0.8957337 0.3282296
-1.0124899 0.4390182
-1.1600163 0.3717536
-1.0506146 0.6709411
-1.1715615 0.7923244
-1.3079427 0.6753884
-1.2605736 1.0602311
-1.4571431 1.1884098
-1.5990180 1.0042115
-1.6034737 1.5188154
-1.9071522 1.6606288
-2.0676515 1.3697798
-2.1423740 2.0841544
-2.5959709 2.2555995
-2.8006184 1.7833734
-2.9847603 2.8155761
-3.6450334 3.0870283
-3.9741561 2.3255959
-4.3425131 3.7887795
-5.0678740 4.6154523
-5.9127722 3.3839407
-6.3163252 5.2970109
-6.5628858 7.9256625
-9.2102289 6.1802902
-8.2276573 7.5309081
-6.9910636 7.3360729
-7.2880430 6.9789882
-4.4293895 9.1913614
-5.9130268 8.5030432
-3.6563051 4.3674240
-3.7203331 6.3149486
20.4437714 4.1061702
23.5942993 -2.0578949
30.4160748 3.4094744
33.5460815 -9.7055254
38.6420021 -5.3007412
29.9188232 -9.8132086
18.5256996 -5.7382245
21.3017960 -4.8576522
-0.0569271 -4.6115360
-0.4072818 -9.1713676
-0.9611952 -7.4006162
-4.9210596 -9.5646915
-7.6728268 -8.8276873
-7.7069478 -7.6954913
-6.9672675 -7.2302327
-6.1423321 -8.4660139
-8.9380445 -7.2320819
-5.3881989 -6.2620401
-4.4377956 -4.6789093
-5.3433981 -4.1852226
-3.9352927 -4.3651943
-3.2882445 -3.3690991
-3.8708098 -2.8806331
-2.8639057 -3.0957477
-2.4472923 -2.5075610
-2.8794825 -2.1331732
-2.1326792 -2.2157714
-1.8620670 -1.8396699
-2.1904461 -1.5820339
-1.6370420 -1.5687536
-1.4654692 -1.3073125
-1.7213959 -1.1388386
-1.3071148 -1.0649529
-1.2072886 -0.8695737
-1.4135607 -0.7670788
-1.0986164 -0.6475615
-1.0661739 -0.4916497
-1.2358109 -0.4408191
-0.9368398 -0.2723685
-1.0940279 -0.1268858
-1.2648747 -0.1147310
0.0000000 0.0000000
0.0000000 0.0000000
-1.3615711 0.0789350
-1.4647824 0.0591907
-1.1356325 0.2600767
-1.3080547 0.3083378
-1.4150796 0.2405290
-1.3387275 0.5067576
-1.4826517 0.5546468
-1.5718656 0.4324091
-1.5852660 0.7804514
-1.8024999 0.8094711
-1.8846977 0.6183950
-1.9730427 1.0879405
-2.3009360 1.0713346
-2.3769882 0.7857015
-2.5599947 1.4519095
-3.0763373 1.3127184
-3.1262724 0.8817665
-3.4568310 1.9331954
-4.3746672 1.4618583
-4.2860851 0.7155632
-4.9395604 2.6741259
-6.7655859 1.1285541
-6.0578289 0.0517706
-8.2028704 2.9738131
-9.4340372 1.3106968
-9.0790319 -0.7959080
-9.1831026 1.9798837
-8.2556953 5.5265970
-8.6800060 0.7499396
-3.2773695 1.4561778
1.2299128 2.9419577
1.9537504 0.8272277
2.8137784 -1.4032187
20.7737160 -7.7132726
27.2329636 -6.9131932
33.6671257 3.6176500
38.8160019 -0.1859017
34.7974892 -3.9271085
29.7017937 -7.5045457
17.3258991 -2.9995837
26.0334606 1.1031832
0.9966751 1.1523331
-0.6124327 -6.1022158
-1.2240425 -1.5148748
-3.1168244 -5.1096869
-6.3564310 -5.5131516
-5.6700325 -4.2245836
-7.1802921 -2.7854006
-9.7385674 -4.9095926
-10.1398201 -3.1507289
-7.5317793 -3.8967791
-6.0902982 -3.2237959
-6.7070026 -2.0922184
-5.0282736 -2.7962413
-4.2257948 -2.2957795
-4.6407924 -1.6276740
-3.5984881 -1.9758507
-3.0995269 -1.7188013
-3.3872511 -1.2831937
-2.6838057 -1.4444573
-2.3658166 -1.2851635
-2.5717061 -0.9918065
-2.0778375 -1.0519933
-1.8752173 -0.9344963
-2.0331981 -0.7419494
-1.6764128 -0.7292944
-1.5592201 -0.6351092
-1.6881975 -0.5156057
-1.4181707 -0.4460367
-1.3905048 -0.3654456
-1.4985884 -0.3033252
-1.1840008 -0.1834791
-1.4303102 -0.0992622
-1.5569344 -0.0823970
0.0000000 0.0000000
0.0000000 0.0000000
-1.5827441 0.0478797
-1.6304014 0.0286560
-1.2788823 0.1806726
-1.5066787 0.1743554
-1.5674082 0.1085387
-1.5172898 0.3276681
-1.6752799 0.3077358
-1.7114396 0.1879846
-1.7708608 0.4809705
-1.9934452 0.4187017
-2.0047209 0.2333165
-2.1547740 0.6348292
-2.4824514 0.4850393
-2.4534039 0.2101288
-2.7180192 0.7916347
-3.2006307 0.4478808
-3.0899723 0.0482833
-3.5111361 0.9526820
-4.2520294 0.1206434
-3.9927521 -0.3607163
-4.6417732 1.2069840
-5.7448835 -0.6575293
-5.1126227 -1.0012060
-6.7808771 -0.0383973
-9.0198107 -2.2596185
-7.3888626 -2.3551111
-10.7665262 -2.8423645
-9.7747755 -2.2651179
-8.4001236 -4.1006651
-3.7080226 -3.6731222
3.2686012 -1.6907866
7.5274076 -4.5841937
9.4652767 -7.6792755
25.3897915 -5.7345691
23.7008915 -5.3136716
29.3086205 3.6700921
30.4931316 0.3476495
27.7563553 -0.0898909
26.0951328 -2.4413638
19.6311932 6.1080842
16.1726723 8.9882603
8.8345900 7.4341106
0.7700556 1.6087252
4.9568052 3.8098590
-2.2628152 0.7201240
-4.5749903 -2.2441769
-5.5133314 1.1216333
-8.5334797 -0.2593417
-10.0946770 -0.5613660
-10.8366842 1.0862598
-8.1450129 -0.7580820
-6.5764470 -0.8195924
-6.8875604 0.1012957
-5.4083986 -0.7995248
-4.6337261 -0.8335534
-4.7173276 -0.2252257
-3.9281418 -0.6695375
-3.4270232 -0.7653986
-3.4612210 -0.3460718
-2.9581335 -0.5759633
-2.6343379 -0.6538479
-2.6713080 -0.3668414
-2.3159978 -0.4794472
-2.1112216 -0.5203246
-2.1556225 -0.3271360
-1.8939763 -0.3634203
-1.7784066 -0.3760088
-1.8255142 -0.2537771
-1.6154068 -0.2303608
-1.6085066 -0.2265480
-1.6495051 -0.1619425
-1.3295943 -0.0911714
-1.6627469 -0.0642099
-1.7342955 -0.0444741
0.0000000 0.0000000
0.0000000 0.0000000
-1.7010840 0.0167292
-1.6936340 -0.0015451
-1.3347639 0.0963995
-1.6043158 0.0493992
-1.6165681 -0.0099004
-1.5903600 0.1470750
-1.7479825 0.0775221
-1.7318971 -0.0311101
-1.8238167 0.1808111
-2.0251486 0.0573853
-1.9720994 -0.1052187
-2.1594496 0.1712330
-2.4404857 -0.0511208
-2.3241825 -0.2652207
-2.6439590 0.0602895
-2.9972131 -0.2875638
-2.7956932 -0.5559704
-3.2779579 -0.2488314
-3.7613652 -0.8281994
-3.3922527 -1.1799592
-4.0892682 -0.4078676
-4.8053713 -1.4419233
-4.2862172 -2.2558441
-5.0556440 -1.0679199
-6.8699403 -2.7230086
-5.4964705 -3.7718017
-8.4476757 -4.1850004
-8.5454512 -5.4666972
-7.0520239 -7.1395221
-5.6125059 -7.3947382
7.3033471 -6.2327766
1.5794522 -7.0608449
14.3318806 -8.6836634
18.8581333 -8.5423183
20.6407604 -0.5826593
25.1694546 -0.5156083
25.5096645 2.7733588
21.1127586 4.4921236
18.1578865 2.3022535
15.2033968 7.9636731
17.0016537 3.2605207
14.2041588 6.7259727
7.0927668 5.4786916
5.4462733 9.1028547
0.1618571 5.3700819
-5.1730037 5.8369827
-3.7426698 8.4595003
-8.7505512 5.9163537
-9.1530447 3.2085943
-6.6093459 5.1791081
-7.0943861 2.8286040
-6.3152165 1.2299384
-5.1719956 2.4234800
-5.0030928 1.2685848
-4.4758272 0.4731051
-4.0009155 1.1343375
-3.7481823 0.5047905
-3.3636591 0.1072630
-3.1384580 0.5178099
-2.9156802 0.1587906
-2.6450024 -0.0620663
-2.5277896 0.2105393
-2.3478324 0.0111128
-2.1682479 -0.1238037
-2.1074419 0.0582986
-1.9625230 -0.0387497
-1.8612491 -0.1246808
-1.8316760 -0.0092045
-1.6956688 -0.0362288
-1.7105801 -0.0902750
-1.6892763 -0.0288078
-1.3983639 -0.0057882
-1.7792348 -0.0284848
-1.7969187 -0.0092919
0.0000000 0.0000000
0.0000000 0.0000000
-1.7167062 -0.0115903
-1.6639582 -0.0271515
-1.3279803 0.0154755
-1.6022652 -0.0548449
-1.5734884 -0.1012591
-1.5752479 -0.0222269
-1.7055221 -0.1149217
-1.6533852 -0.1984449
-1.7630936 -0.0989509
-1.9110857 -0.2313257
-1.8276418 -0.3532694
-2.0127697 -0.2380735
-2.2118218 -0.4465429
-2.0745530 -0.6099195
-2.3545904 -0.4677881
-2.6167152 -0.8088471
-2.3946834 -1.0032591
-2.7868960 -0.9457846
-3.0804412 -1.4194419
-2.7818475 -1.6835043
-3.2274814 -1.6096674
-3.5069149 -2.4646130
-3.2878602 -2.7010987
-3.5356591 -2.7358477
-4.1324730 -3.8723650
-3.7855718 -4.0951772
-4.3679075 -5.3778996
-4.0202613 -7.0209832
-3.5354159 -6.4988508
-1.8638651 -8.5408735
2.9426060 -7.1885691
1.3004779 -8.0322552
8.2560806 -5.7533846
14.1511307 -4.2287669
11.4911156 -1.7788188
18.8065586 1.0940754
20.3051090 3.0770602
18.6307964 4.2461834
17.2179241 1.0476238
12.5944223 7.3269768
11.4533129 8.1040535
8.4440937 11.2910967
7.0754995 8.4545240
4.7539501 9.3340664
-0.1021497 9.1541510
-3.2787488 8.5571661
-1.9071680 9.5013943
-5.8105216 7.8309870
-5.7241616 4.9030924
-3.0497570 5.7465534
-4.8485708 4.3834248
-4.6577334 2.5601044
-3.2128274 3.3591967
-3.9516644 2.3889425
-3.6773589 1.4320251
-2.9539073 1.9359422
-3.2015116 1.3198445
-2.9587870 0.7916029
-2.5690002 1.1185930
-2.6276963 0.7283283
-2.4362781 0.4221789
-2.2108033 0.6449590
-2.2043524 0.4001055
-2.0664792 0.2114871
-1.9300853 0.3640676
-1.9001124 0.2192128
-1.8208642 0.0934129
-1.7331636 0.1928387
-1.6771519 0.1195823
-1.7041574 0.0303130
-1.6352105 0.0843005
-1.4016929 0.0638715
-1.7870835 0.0023151
-1.7628689 0.0182849
0.0000000 0.0000000
0.0000000 0.0000000
-1.6437478 -0.0318809
-1.5629532 -0.0420876
-1.2793829 -0.0498129
-1.5173748 -0.1323456
-1.4662186 -0.1663865
-1.4857216 -0.1538281
-1.5804248 -0.2531020
-1.5104512 -0.3123486
-1.6165740 -0.2988638
-1.7127428 -0.4290599
-1.6192000 -0.5109773
-1.7744908 -0.5134082
-1.8880764 -0.6971809
-1.7625445 -0.7981481
-1.9586008 -0.8277976
-2.0901716 -1.0980059
-1.9250102 -1.2080054
-2.1476729 -1.3332726
-2.2196681 -1.6936406
-2.0732832 -1.7738928
-2.2107391 -2.1365373
-2.2197604 -2.5657196
-2.1562152 -2.6249492
-2.1365719 -3.0371642
-2.0442808 -3.8392980
-2.0765100 -3.6987991
-1.8651831 -4.7878184
-1.5134774 -5.7932320
-1.4893851 -5.0801229
-0.6710839 -7.2084155
1.4502391 -8.0902758
0.8921312 -6.6706338
4.5186481 -7.6581912
7.8760352 -5.1509905
5.8935328 -6.3577399
12.0709238 -0.4190281
13.7801828 2.6558983
10.1716595 -0.9677107
13.5658245 3.1453488
11.4101591 5.9092264
8.5070715 5.5181189
7.6792226 7.8879690
4.0433807 9.1079216
3.5031295 7.7548895
0.5864102 9.1347179
-0.6683736 7.2155199
0.3797340 6.5049410
-1.8281857 6.4411402
-2.5174797 4.9020343
-1.2290366 4.8053522
-2.6842227 4.2228804
-2.8366189 3.1070008
-1.8062788 3.2960963
-2.7164977 2.6876433
-2.6573191 1.9321604
-1.9816140 2.1818202
-2.4844997 1.6971221
-2.3656886 1.2108299
-1.9440205 1.4157135
-2.1982822 1.0646319
-2.0855675 0.7519934
-1.8166864 0.9058026
-1.9433702 0.6633950
-1.8539450 0.4558717
-1.6762810 0.5670139
-1.7404126 0.4059279
-1.6879983 0.2607053
-1.5648910 0.3357942
-1.5769362 0.2358340
-1.6149869 0.1260061
-1.5137409 0.1681637
-1.3374903 0.1142726
-1.7102255 0.0265651
-1.6540194 0.0390115
0.0000000 0.0000000
0.0000000 0.0000000
-1.5147065 -0.0435771
-1.4173805 -0.0497524
-1.1837742 -0.0964074
-1.3825456 -0.1822903
-1.3183864 -0.2031776
-1.3464364 -0.2409066
-1.4076713 -0.3383598
-1.3308207 -0.3732051
-1.4224197 -0.4231272
-1.4717939 -0.5412052
-1.3801761 -0.5847769
-1.4974238 -0.6672806
-1.5408270 -0.8181247
-1.4326395 -0.8606397
-1.5584285 -1.0017941
-1.5831562 -1.1987618
-1.4611232 -1.2249936
-1.5720596 -1.4549739
-1.5451303 -1.7099752
-1.4249686 -1.6835871
-1.4681455 -2.1121173
-1.3201520 -2.4100382
-1.2473174 -2.2709258
-1.1213937 -2.8676291
-0.7957205 -3.2741940
-0.7618862 -2.8540211
-0.3664255 -4.1067686
0.3034581 -4.3180885
0.2930925 -3.7078161
0.9030796 -4.5035458
2.0632601 -4.9428854
1.7198486 -3.7807667
3.3133204 -5.8894024
5.0523958 -4.9668384
4.2806621 -3.3271408
6.9282508 -2.5437894
7.6248178 -1.1234477
5.5572891 -0.9657013
7.8518386 1.4350314
6.9274030 3.5616767
5.0450268 2.0420098
5.4248767 4.1800575
4.0904980 5.5607419
2.9928374 3.9011638
2.1207533 5.0645828
1.0444531 5.1639500
1.0456595 4.1777887
-0.0585430 4.5279422
-0.6685411 4.0523005
-0.2882223 3.5989244
-1.2009314 3.4716287
-1.4582219 2.9257846
-0.9392816 2.8012109
-1.6559776 2.4947975
-1.7303047 2.0407794
-1.2645895 2.0592690
-1.7725518 1.7410784
-1.7527423 1.3837030
-1.4021200 1.4611454
-1.7275425 1.1895429
-1.6804092 0.9264343
-1.4269117 1.0062968
-1.6275556 0.7961307
-1.5818624 0.6030024
-1.3985271 0.6694773
-1.5224682 0.5146081
-1.4965423 0.3696479
-1.3594220 0.4178666
-1.4206330 0.3073902
-1.4666238 0.1918770
-1.3501770 0.2203429
-1.2239888 0.1446385
-1.5712034 0.0437871
-1.4950342 0.0523206
0.0000000 0.0000000
0.0000000 0.0000000
-1.3514132 -0.0490948
-1.2483147 -0.0519815
-1.0590382 -0.1243605
-1.2203987 -0.2070749
-1.1508728 -0.2162996
-1.1821585 -0.2875549
-1.2154278 -0.3773903
-1.1383704 -0.3909697
-1.2138147 -0.4810125
-1.2266961 -0.5830699
-1.1410334 -0.5947571
-1.2257799 -0.7209820
-1.2217405 -0.8415408
-1.1266162 -0.8401090
-1.2062007 -1.0254508
-1.1695265 -1.1689501
-1.0669889 -1.1364503
-1.1203314 -1.4048127
-1.0288187 -1.5697758
-0.9224220 -1.4789672
-0.9226136 -1.8843981
-0.7288558 -2.0624688
-0.6304564 -1.8727398
-0.5422769 -2.3709061
-0.2191571 -2.5585825
-0.1207076 -2.2156091
0.0979713 -3.0217128
0.7066622 -3.0876448
0.7313698 -2.5122962
1.2673229 -3.1108608
1.9659637 -3.1388330
1.7676001 -2.3727143
2.5791290 -3.0080960
3.3236420 -2.6074574
2.9643018 -1.8550247
4.2423229 -1.1672633
4.4042416 -0.7376000
3.5150716 -0.5964141
4.7156091 0.8740854
4.1750069 1.5296274
3.2268059 1.0231409
3.7662423 2.2737312
2.9914799 3.0305684
2.2624168 2.1811061
2.1332276 3.0454512
1.4289415 3.3995163
1.1153041 2.6489048
0.6515630 3.0675478
0.1747758 3.0523102
0.1705397 2.5625966
-0.3470620 2.6479206
-0.6111518 2.4555540
-0.4300400 2.2070367
-0.9088873 2.1044264
-1.0367039 1.8694673
-0.7794155 1.7680770
-1.1836320 1.5932236
-1.2283721 1.3704594
-0.9852993 1.3481213
-1.2905635 1.1649908
-1.2920154 0.9713850
-1.0891246 0.9869689
-1.3072174 0.8229749
-1.2955693 0.6643127
-1.1326394 0.6894546
-1.2830981 0.5542838
-1.2785212 0.4241141
-1.1461431 0.4471795
-1.2344223 0.3385416
-1.2850761 0.2283915
-1.1667759 0.2436553
-1.0808156 0.1568574
-1.3937012 0.0540583
-1.3090229 0.0587721
0.0000000 0.0000000
0.0000000 0.0000000
-1.1736498 -0.0500314
-1.0727996 -0.0502515
-0.9214258 -0.1363184
-1.0497454 -0.2119330
-0.9802521 -0.2119631
-1.0120392 -0.3014976
-1.0243556 -0.3810927
-0.9508150 -0.3786065
-1.0118152 -0.4880291
-0.9998571 -0.5738045
-0.9218006 -0.5625269
-0.9825183 -0.7051957
-0.9494629 -0.7995776
-0.8657495 -0.7699988
-0.9147459 -0.9606845
-0.8481835 -1.0640053
-0.7595509 -1.0014869
-0.7837238 -1.2543484
-0.6665088 -1.3619481
-0.5728981 -1.2463697
-0.5576443 -1.5856986
-0.3584135 -1.6854125
-0.2643109 -1.4884001
-0.1831206 -1.8960901
0.1152635 -1.9672048
0.1886961 -1.6729397
0.3500102 -2.1423779
0.7735283 -2.1579511
0.7959203 -1.7377256
1.1298292 -2.0807998
1.5467343 -2.0313711
1.4713879 -1.5497290
1.9479129 -1.6954268
2.2938397 -1.4965135
2.0820181 -1.1139805
2.7589662 -0.6587148
2.8123863 -0.4447538
2.3656185 -0.3542740
3.0403328 0.5183408
2.7371233 0.8246607
2.2027314 0.5807859
2.5855923 1.3849715
2.1370327 1.7827160
1.6792805 1.3293540
1.7317165 1.9455446
1.2822702 2.2192054
0.9931817 1.7358348
0.8130143 2.1081431
0.4626573 2.2024157
0.3507802 1.8161337
0.0700010 1.9742975
-0.1645942 1.9374485
-0.1405796 1.6826750
-0.4400200 1.6920166
-0.5798351 1.5869967
-0.4633903 1.4412568
-0.7546377 1.3665802
-0.8285154 1.2387354
-0.6809168 1.1648995
-0.9303027 1.0556992
-0.9626637 0.9257079
-0.8176333 0.8964223
-1.0163132 0.7798550
-1.0286788 0.6592751
-0.8971643 0.6525294
-1.0489656 0.5425009
-1.0590204 0.4347258
-0.9435598 0.4368803
-1.0411559 0.3377639
-1.0922086 0.2401171
-0.9824609 0.2442302
-0.9256107 0.1552505
-1.1996003 0.0580957
-1.1147826 0.0596333
0.0000000 0.0000000
0.0000000 0.0000000
-0.9966161 -0.0477396
-0.9031954 -0.0461173
-0.7834520 -0.1361143
-0.8838276 -0.2028190
-0.8179810 -0.1963644
-0.8487523 -0.2923256
-0.8468904 -0.3608485
-0.7791278 -0.3476596
-0.8283272 -0.4615342
-0.8016891 -0.5321633
-0.7320197 -0.5069458
-0.7755640 -0.6478108
-0.7272955 -0.7210032
-0.6549950 -0.6761074
-0.6844924 -0.8525126
-0.6064904 -0.9262873
-0.5314497 -0.8516772
-0.5381820 -1.0697821
-0.4186083 -1.1389431
-0.3417592 -1.0215828
-0.3177123 -1.2851739
-0.1411659 -1.3406788
-0.0658659 -1.1659982
0.0020174 -1.4561684
0.2367420 -1.4837947
0.2918617 -1.2494351
0.4236587 -1.5252998
0.7022806 -1.5166655
0.7168858 -1.2258141
0.9398031 -1.3983147
1.1888148 -1.3431394
1.1459812 -1.0456445
1.4561570 -1.0453634
1.6335095 -0.9257888
1.4946846 -0.7125934
1.8906953 -0.4044787
1.9063450 -0.2710943
1.6519868 -0.2166549
2.0488400 0.3155331
1.8765291 0.4945341
1.5579388 0.3625223
1.8171054 0.8920029
1.5479207 1.1219084
1.2501347 0.8587642
1.3345844 1.2964797
1.0440068 1.4839418
0.8244080 1.1757773
0.7627880 1.4776274
0.5107110 1.5783987
0.3895493 1.2988570
0.2387488 1.4659485
0.0481468 1.4845655
0.0156472 1.2687483
-0.1721252 1.3283584
-0.3031494 1.2900716
-0.2630060 1.1437519
-0.4632502 1.1293235
-0.5461277 1.0599681
-0.4642099 0.9683963
-0.6557711 0.9113444
-0.7028549 0.8281544
-0.6064761 0.7751648
-0.7725176 0.6981037
-0.7985969 0.6108020
-0.7002031 0.5837574
-0.8365470 0.4990369
-0.8562028 0.4139564
-0.7609860 0.4015645
-0.8563930 0.3154462
-0.9042308 0.2335260
-0.8092063 0.2292294
-0.7724714 0.1443047
-1.0059130 0.0573251
-0.9269100 0.0566241
0.0000000 0.0000000
0.0000000 0.0000000
-0.8303933 -0.0435743
-0.7471970 -0.0407771
-0.6535568 -0.1279242
-0.7309858 -0.1851905
-0.6710441 -0.1748911
-0.6997154 -0.2688153
-0.6892051 -0.3265769
-0.6286782 -0.3071143
-0.6684849 -0.4161375
-0.6348181 -0.4735420
-0.5737516 -0.4413903
-0.6052687 -0.5704200
-0.5518904 -0.6267786
-0.4905427 -0.5763107
-0.5076253 -0.7291948
-0.4295579 -0.7822784
-0.3679639 -0.7068187
-0.3653206 -0.8844710
-0.2567640 -0.9295860
-0.1956442 -0.8224099
-0.1678219 -1.0192552
-0.0235104 -1.0502195
0.0315301 -0.9057186
0.0924564 -1.1021290
0.2664917 -1.1116633
0.3026299 -0.9336731
0.4098958 -1.0960269
0.5931866 -1.0795439
0.5993102 -0.8802906
0.7606562 -0.9605573
0.9145378 -0.9132139
0.8782436 -0.7260835
1.0899426 -0.6840741
1.1887501 -0.6036310
1.0919305 -0.4759920
1.3433250 -0.2639797
1.3462574 -0.1703510
1.1853232 -0.1381517
1.4330149 0.2009567
1.3296620 0.3185387
1.1283370 0.2419131
1.3056315 0.5978009
1.1368011 0.7415996
0.9383743 0.5802910
1.0167040 0.8927792
0.8253081 1.0204895
0.6642677 0.8190536
0.6508284 1.0553689
0.4700379 1.1389763
0.3659258 0.9405438
0.2858493 1.0916976
0.1366328 1.1252588
0.0895401 0.9563589
-0.0297008 1.0318494
-0.1413276 1.0246000
-0.1385353 0.8953650
-0.2753122 0.9128044
-0.3549200 0.8769858
-0.3133909 0.7862342
-0.4546041 0.7628077
-0.5067340 0.7102171
-0.4448073 0.6499840
-0.5780042 0.6013601
-0.6096136 0.5401061
-0.5395101 0.5026077
-0.6548257 0.4397051
-0.6786693 0.3743598
-0.6038194 0.3535795
-0.6890455 0.2816365
-0.7324210 0.2150019
-0.6530387 0.2054328
-0.6302691 0.1282525
-0.8242491 0.0534088
-0.7545437 0.0512564
0.0000000 0.0000000
0.0000000 0.0000000
-0.6807300 -0.0384649
-0.6088820 -0.0350271
-0.5363969 -0.1152085
-0.5955663 -0.1633543
-0.5425479 -0.1512417
-0.5687710 -0.2380160
-0.5537019 -0.2859273
-0.5009357 -0.2639892
-0.5330878 -0.3625210
-0.4975163 -0.4089567
-0.4451986 -0.3745916
-0.4684197 -0.4873530
-0.4163366 -0.5308464
-0.3648020 -0.4809616
-0.3742973 -0.6081383
-0.3031031 -0.6467038
-0.2534317 -0.5771116
-0.2458301 -0.7164853
-0.1532187 -0.7468743
-0.1062543 -0.6544439
-0.0784316 -0.7982021
0.0344792 -0.8158097
0.0736713 -0.7009087
0.1275825 -0.8321627
0.2536787 -0.8338186
0.2760085 -0.7013475
0.3625491 -0.7969921
0.4857455 -0.7799037
0.4845929 -0.6418232
0.6055541 -0.6762016
0.7041028 -0.6375515
0.6721950 -0.5163023
0.8218748 -0.4670408
0.8804109 -0.4092081
0.8096555 -0.3288249
0.9782267 -0.1790861
0.9769629 -0.1106389
0.8683285 -0.0907924
1.0312510 0.1340450
0.9662843 0.2168948
0.8322303 0.1689822
0.9554983 0.4133593
0.8457165 0.5092300
0.7099156 0.4063194
0.7749715 0.6314661
0.6447787 0.7198095
0.5284535 0.5851585
0.5333927 0.7664945
0.4047146 0.8313156
0.3205850 0.6899456
0.2780757 0.8179033
0.1632551 0.8517828
0.1170261 0.7233202
0.0420931 0.7986786
-0.0506086 0.8039714
-0.0623723 0.6976119
-0.1569999 0.7282318
-0.2263365 0.7111635
-0.2087568 0.6294041
-0.3119150 0.6257299
-0.3620751 0.5925580
-0.3235864 0.5340180
-0.4262420 0.5050611
-0.4596355 0.4619257
-0.4096421 0.4220855
-0.5044652 0.3757231
-0.5283626 0.3265992
-0.4716988 0.3020523
-0.5442759 0.2433754
-0.5817200 0.1902154
-0.5175074 0.1780826
-0.5036193 0.1105773
-0.6616430 0.0476806
-0.6019166 0.0448283
0.0000000 0.0000000
0.0000000 0.0000000
-0.5502658 -0.0330989
-0.4896346 -0.0295610
-0.4340679 -0.1004806
-0.4789070 -0.1404510
-0.4331343 -0.1279077
-0.4565949 -0.2050142
-0.4399646 -0.2443249
-0.3947437 -0.2223688
-0.4209643 -0.3081518
-0.3868464 -0.3454638
-0.3428342 -0.3123325
-0.3599921 -0.4073514
-0.3125057 -0.4413089
-0.2700906 -0.3951029
-0.2751248 -0.4983110
-0.2137984 -0.5267403
-0.1739131 -0.4660745
-0.1643524 -0.5732071
-0.0888115 -0.5942117
-0.0533215 -0.5177048
-0.0271931 -0.6212189
0.0596199 -0.6318947
0.0867175 -0.5418878
0.1331134 -0.6299999
0.2241941 -0.6278602
0.2374754 -0.5301586
0.3066960 -0.5869998
0.3912317 -0.5716394
0.3860861 -0.4745833
0.4776164 -0.4858554
0.5429136 -0.4556130
0.5155141 -0.3738633
0.6241994 -0.3288977
0.6605933 -0.2851841
0.6075599 -0.2331840
0.7251588 -0.1254282
0.7227356 -0.0739821
0.6459548 -0.0612042
0.7580376 0.0937584
0.7151139 0.1538237
0.6226673 0.1227821
0.7098274 0.2936464
0.6369646 0.3611234
0.5411152 0.2925787
0.5925410 0.4562841
0.5021454 0.5190257
0.4174402 0.4271253
0.4299507 0.5655932
0.3363396 0.6144369
0.2715034 0.5136058
0.2485613 0.6174151
0.1625895 0.6472821
0.1212024 0.5500842
0.0733863 0.6181127
-0.0012667 0.6277104
-0.0176571 0.5431117
-0.0821137 0.5774177
-0.1414462 0.5698535
-0.1354426 0.5009769
-0.2114231 0.5067979
-0.2551106 0.4861050
-0.2325161 0.4332144
-0.3107714 0.4169019
-0.3422241 0.3862063
-0.3070391 0.3486733
-0.3819946 0.3147742
-0.4049197 0.2776194
-0.3616420 0.2530895
-0.4222600 0.2055194
-0.4530807 0.1637206
-0.4025123 0.1507808
-0.3946919 0.0933194
-0.5206257 0.0412647
-0.4706039 0.0382452
0.0000000 0.0000000
0.0000000 0.0000000
-0.4391635 -0.0280277
-0.3888451 -0.0246712
-0.3469514 -0.0856934
-0.3805821 -0.1185289
-0.3419035 -0.1066647
-0.3623570 -0.1729615
-0.3460756 -0.2050909
-0.3080085 -0.1844075
-0.3294632 -0.2572484
-0.2987640 -0.2871200
-0.2620215 -0.2571602
-0.2750970 -0.3354334
-0.2338686 -0.3619941
-0.1994260 -0.3214976
-0.2017121 -0.4033075
-0.1505060 -0.4249656
-0.1190570 -0.3735241
-0.1092923 -0.4552271
-0.0492778 -0.4699326
-0.0223806 -0.4084474
0.0008181 -0.4829520
0.0667665 -0.4895667
0.0853111 -0.4199773
0.1242448 -0.4789471
0.1905525 -0.4758885
0.1978039 -0.4031889
0.2529677 -0.4375658
0.3121472 -0.4238408
0.3053761 -0.3551605
0.3750300 -0.3556518
0.4195073 -0.3318935
0.3964165 -0.2752253
0.4767361 -0.2365834
0.5003455 -0.2034957
0.4600549 -0.1681416
0.5444532 -0.0897644
0.5422167 -0.0499136
0.4860939 -0.0420149
0.5657710 0.0676726
0.5365068 0.1125229
0.4703289 0.0918873
0.5341373 0.2143133
0.4837452 0.2629589
0.4153965 0.2164913
0.4549003 0.3360301
0.3921718 0.3822263
0.3289458 0.3177220
0.3429880 0.4231678
0.2746023 0.4600847
0.2247455 0.3876735
0.2143034 0.4705926
0.1486423 0.4949559
0.1149215 0.4224305
0.0833882 0.4797616
0.0259364 0.4905095
0.0083434 0.4239717
-0.0363323 0.4568681
-0.0850378 0.4541777
-0.0850848 0.3981993
-0.1393095 0.4082277
-0.1771806 0.3947711
-0.1631647 0.3500158
-0.2231291 0.3406605
-0.2500210 0.3188643
-0.2259916 0.2853446
-0.2845015 0.2603990
-0.3046698 0.2320002
-0.2719333 0.2095682
-0.3206430 0.1713369
-0.3460338 0.1382068
-0.3058599 0.1259674
-0.3027942 0.0777251
-0.4009408 0.0349811
-0.3597443 0.0320642
0.0000000 0.0000000
0.0000000 0.0000000
-0.3462908 -0.0235238
-0.3050717 -0.0204945
-0.2740000 -0.0719156
-0.2990761 -0.0987079
-0.2667925 -0.0881344
-0.2846337 -0.1438994
-0.2696290 -0.1700131
-0.2380891 -0.1517236
-0.2555580 -0.2119625
-0.2290512 -0.2361397
-0.1987808 -0.2098490
-0.2090143 -0.2734704
-0.1745155 -0.2942610
-0.1465070 -0.2601410
-0.1475353 -0.3243468
-0.1059045 -0.3409464
-0.0813608 -0.2986626
-0.0721719 -0.3600966
-0.0250677 -0.3710770
-0.0049210 -0.3218777
0.0148902 -0.3760038
0.0647536 -0.3797786
0.0776459 -0.3266777
0.1094603 -0.3666725
0.1580756 -0.3633727
0.1615603 -0.3091557
0.2052505 -0.3293707
0.2473302 -0.3181467
0.2401967 -0.2681680
0.2936591 -0.2643093
0.3247308 -0.2447921
0.3054469 -0.2053756
0.3655306 -0.1735918
0.3815118 -0.1479396
0.3502110 -0.1232344
0.4125624 -0.0644821
0.4103940 -0.0339634
0.3688863 -0.0283019
0.4267103 0.0504969
0.4068623 0.0852481
0.3578015 0.0705396
0.4052474 0.1596668
0.3699028 0.1958927
0.3195804 0.1638610
0.3513663 0.2525895
0.3060525 0.2868803
0.2594694 0.2414693
0.2721811 0.3210534
0.2233010 0.3497874
0.1838719 0.2968572
0.1799556 0.3622083
0.1303711 0.3818159
0.1029792 0.3279408
0.0839756 0.3751085
0.0387580 0.3849283
0.0235316 0.3339569
-0.0082366 0.3622871
-0.0459108 0.3625068
-0.0498301 0.3176066
-0.0887241 0.3285713
-0.1197805 0.3196012
-0.1115060 0.2831169
-0.1554789 0.2777840
-0.1786671 0.2616486
-0.1611618 0.2335463
-0.2069106 0.2142591
-0.2232843 0.1924770
-0.1989557 0.1729111
-0.2376151 0.1420713
-0.2576244 0.1154409
-0.2258181 0.1046487
-0.2258862 0.0646215
-0.3008970 0.0292729
-0.2667215 0.0266511
0.0000000 0.0000000
0.0000000 0.0000000
-0.2697243 -0.0197200
-0.2362617 -0.0171721
-0.2137638 -0.0596876
-0.2323384 -0.0816745
-0.2056467 -0.0724728
-0.2210478 -0.1187004
-0.2079709 -0.1398806
-0.1819581 -0.1243611
-0.1964713 -0.1735317
-0.1742390 -0.1930300
-0.1496207 -0.1709125
-0.1577046 -0.2215690
-0.1295102 -0.2383095
-0.1069605 -0.2098491
-0.1075099 -0.2601068
-0.0744094 -0.2727377
-0.0550749 -0.2389156
-0.0472727 -0.2851510
-0.0106667 -0.2933364
0.0041984 -0.2546915
0.0208655 -0.2934486
0.0584764 -0.2961134
0.0673919 -0.2551534
0.0930547 -0.2828170
0.1289009 -0.2790607
0.1301822 -0.2390185
0.1643793 -0.2508553
0.1948667 -0.2415437
0.1877999 -0.2049209
0.2292139 -0.1985817
0.2510709 -0.1832433
0.2353378 -0.1546197
0.2807893 -0.1293496
0.2921138 -0.1084592
0.2672311 -0.0914595
0.3139318 -0.0470439
0.3123208 -0.0230779
0.2804791 -0.0188811
0.3243077 0.0396163
0.3099092 0.0663361
0.2735495 0.0563147
0.3090465 0.1215658
0.2847521 0.1498642
0.2461461 0.1268611
0.2714937 0.1932179
0.2388717 0.2194150
0.2033627 0.1872416
0.2162436 0.2479451
0.1797697 0.2701442
0.1498191 0.2318904
0.1488398 0.2822373
0.1129866 0.2985958
0.0897413 0.2581687
0.0784267 0.2960581
0.0438752 0.3047296
0.0305054 0.2662778
0.0100388 0.2898227
-0.0199788 0.2911272
-0.0242416 0.2564665
-0.0525797 0.2658198
-0.0761086 0.2601623
-0.0723588 0.2309614
-0.1043494 0.2274416
-0.1228679 0.2151931
-0.1104339 0.1927121
-0.1443622 0.1772381
-0.1580128 0.1598297
-0.1388575 0.1438598
-0.1695595 0.1182717
-0.1845112 0.0964891
-0.1593915 0.0873429
-0.1620286 0.0541429
-0.2174022 0.0244069
-0.1888290 0.0221867
0.0000000 0.0000000
0.0000000 0.0000000
-0.2071569 -0.0166176
-0.1801041 -0.0145657
-0.1645987 -0.0493697
-0.1780834 -0.0674922
-0.1562366 -0.0598831
-0.1694140 -0.0974615
-0.1585075 -0.1149527
-0.1371275 -0.1019310
-0.1493213 -0.1417268
-0.1312566 -0.1574326
-0.1111353 -0.1394889
-0.1180090 -0.1795635
-0.0954050 -0.1930155
-0.0774155 -0.1700692
-0.0778270 -0.2085959
-0.0519342 -0.2188081
-0.0366943 -0.1916958
-0.0304889 -0.2266836
-0.0023994 -0.2325611
0.0088355 -0.2028778
0.0220736 -0.2308484
0.0504795 -0.2325609
0.0564010 -0.2012888
0.0769717 -0.2197512
0.1033028 -0.2165967
0.1034226 -0.1862945
0.1301694 -0.1933511
0.1525070 -0.1849217
0.1457906 -0.1584640
0.1776539 -0.1515225
0.1935118 -0.1390169
0.1801640 -0.1180427
0.2154235 -0.0970995
0.2231058 -0.0806037
0.2036530 -0.0679991
0.2389893 -0.0345235
0.2382762 -0.0147135
0.2129141 -0.0121065
0.2464148 0.0318400
0.2362746 0.0530583
0.2080264 0.0462494
0.2365196 0.0954181
0.2186111 0.1174292
0.1895563 0.1013335
0.2094891 0.1508168
0.1869554 0.1719872
0.1584145 0.1484855
0.1703208 0.1948585
0.1437096 0.2125338
0.1198782 0.1849698
0.1227605 0.2240253
0.0955241 0.2373887
0.0772492 0.2078285
0.0704582 0.2370850
0.0457496 0.2452638
0.0330507 0.2162177
0.0201568 0.2349759
-0.0024187 0.2369644
-0.0072579 0.2109570
-0.0255978 0.2182846
-0.0439827 0.2145893
-0.0419204 0.1924448
-0.0650189 0.1887990
-0.0781930 0.1796952
-0.0701534 0.1622322
-0.0946121 0.1488864
-0.1047529 0.1345549
-0.0899005 0.1223300
-0.1128497 0.1004462
-0.1240891 0.0817263
-0.1032392 0.0746046
-0.1083322 0.0465179
-0.1470967 0.0206495
-0.1226341 0.0187998
0.0000000 0.0000000
0.0000000 0.0000000
-0.1563471 -0.0142212
-0.1344290 -0.0125845
-0.1245673 -0.0408931
-0.1341767 -0.0559858
-0.1162296 -0.0499564
-0.1277843 -0.0803120
-0.1188658 -0.0948641
-0.1013992 -0.0844388
-0.1117108 -0.1159798
-0.0974784 -0.1291541
-0.0809638 -0.1146178
-0.0870701 -0.1462196
-0.0694510 -0.1569725
-0.0548670 -0.1390781
-0.0558492 -0.1685956
-0.0358024 -0.1767873
-0.0239487 -0.1556514
-0.0192019 -0.1813992
0.0019778 -0.1862097
0.0105760 -0.1630959
0.0207761 -0.1834812
0.0419951 -0.1840930
0.0460016 -0.1607821
0.0618319 -0.1731258
0.0813994 -0.1702152
0.0804871 -0.1475313
0.1015697 -0.1506487
0.1175821 -0.1437380
0.1116711 -0.1238820
0.1362757 -0.1173409
0.1480057 -0.1063137
0.1364106 -0.0914544
0.1636031 -0.0742244
0.1692654 -0.0606080
0.1531391 -0.0512807
0.1811768 -0.0248022
0.1802251 -0.0088206
0.1604484 -0.0065443
0.1862485 0.0264900
0.1797259 0.0443599
0.1566348 0.0391933
0.1794204 0.0765899
0.1667574 0.0944268
0.1435227 0.0832179
0.1613059 0.1210685
0.1444754 0.1381075
0.1224346 0.1215254
0.1328523 0.1565176
0.1146478 0.1715984
0.0943174 0.1513913
0.0990084 0.1815455
0.0792919 0.1929051
0.0638800 0.1716218
0.0624256 0.1943012
0.0437828 0.2017091
0.0332892 0.1806591
0.0254363 0.1945577
0.0101340 0.1976081
0.0040723 0.1784386
-0.0071005 0.1833546
-0.0198807 0.1814120
-0.0197658 0.1655948
-0.0339121 0.1611190
-0.0431059 0.1543537
-0.0375897 0.1420691
-0.0541104 0.1290240
-0.0601302 0.1171988
-0.0492562 0.1085564
-0.0652378 0.0886996
-0.0726817 0.0716136
-0.0549265 0.0665699
-0.0617133 0.0420918
-0.0866890 0.0181077
-0.0640140 0.0168111
0.0000000 0.0000000
0.0000000 0.0000000
-0.1150581 -0.0124385
-0.0970865 -0.0111859
-0.0919861 -0.0341034
-0.0986456 -0.0471184
-0.0836990 -0.0423165
-0.0940323 -0.0667881
-0.0870140 -0.0790784
-0.0725052 -0.0710766
-0.0817427 -0.0960391
-0.0707348 -0.1071725
-0.0572401 -0.0959119
-0.0628643 -0.1201996
-0.0495769 -0.1294335
-0.0375892 -0.1153948
-0.0392103 -0.1379872
-0.0242017 -0.1444659
-0.0146654 -0.1285799
-0.0118541 -0.1475087
0.0039997 -0.1512811
0.0103727 -0.1337945
0.0179945 -0.1478045
0.0334562 -0.1483394
0.0363388 -0.1306309
0.0482762 -0.1388384
0.0626059 -0.1356422
0.0610816 -0.1191950
0.0770879 -0.1198989
0.0888019 -0.1137810
0.0831041 -0.0991123
0.1025987 -0.0922086
0.1107067 -0.0829878
0.1010582 -0.0718295
0.1221140 -0.0578278
0.1265733 -0.0456830
0.1125689 -0.0392133
0.1346179 -0.0181286
0.1341304 -0.0045490
0.1175443 -0.0026304
0.1390643 0.0233473
0.1339569 0.0382345
0.1156264 0.0349421
0.1339511 0.0633226
0.1257920 0.0788211
0.1060011 0.0706429
0.1213801 0.0997956
0.1095989 0.1141714
0.0912323 0.1026171
0.1024284 0.1297004
0.0888801 0.1425123
0.0725892 0.1283079
0.0780535 0.1511562
0.0650536 0.1616514
0.0508972 0.1462497
0.0525696 0.1636607
0.0397025 0.1708084
0.0299770 0.1561131
0.0277988 0.1663562
0.0170551 0.1702092
0.0113056 0.1571054
0.0054383 0.1593364
-0.0015420 0.1596047
-0.0038555 0.1491874
-0.0108566 0.1431998
-0.0150127 0.1391320
-0.0126907 0.1320338
-0.0203536 0.1179175
-0.0222556 0.1084377
-0.0149879 0.1038821
-0.0230908 0.0837612
-0.0265759 0.0669451
-0.0116304 0.0638914
-0.0188096 0.0416688
-0.0329789 0.0162026
-0.0080057 0.0154939
0.0000000 0.0000000
0.0000000 0.0000000
-0.0811998 -0.0110858
-0.0660508 -0.0101796
-0.0653550 -0.0289106
-0.0695490 -0.0404754
-0.0568952 -0.0368973
-0.0664620 -0.0563957
-0.0612414 -0.0673890
-0.0488607 -0.0611874
-0.0574311 -0.0809886
-0.0494113 -0.0906162
-0.0379740 -0.0822070
-0.0438379 -0.1009797
-0.0340405 -0.1089968
-0.0242086 -0.0983920
-0.0266120 -0.1151320
-0.0158641 -0.1208916
-0.0080133 -0.1087133
-0.0069250 -0.1226646
0.0044089 -0.1254937
0.0094034 -0.1126607
0.0142727 -0.1223003
0.0254011 -0.1224896
0.0271344 -0.1092678
0.0359645 -0.1138907
0.0458956 -0.1110716
0.0442521 -0.0986374
0.0562218 -0.0980126
0.0646717 -0.0919970
0.0591167 -0.0815042
0.0740194 -0.0747970
0.0798430 -0.0664759
0.0710022 -0.0581295
0.0881297 -0.0458653
0.0908867 -0.0352818
0.0791506 -0.0302275
0.0966682 -0.0134347
0.0968495 -0.0009447
0.0820918 0.0003129
0.0997435 0.0209692
0.0964182 0.0341101
0.0805621 0.0320697
0.0971347 0.0545758
0.0910156 0.0680195
0.0747905 0.0625109
0.0882253 0.0849750
0.0808434 0.0980609
0.0643883 0.0897193
0.0753589 0.1109186
0.0662453 0.1223861
0.0519478 0.1125152
0.0597239 0.1304790
0.0503839 0.1401189
0.0384186 0.1294176
0.0420790 0.1427277
0.0343650 0.1502122
0.0245722 0.1399067
0.0259517 0.1476483
0.0197331 0.1525744
0.0134853 0.1441475
0.0130108 0.1448681
0.0100628 0.1475435
0.0064997 0.1419511
0.0051903 0.1343656
0.0069672 0.1344846
0.0052691 0.1325751
0.0061476 0.1157780
0.0114210 0.1110068
0.0122348 0.1117711
0.0165845 0.0876405
0.0195297 0.0711868
0.0274059 0.0694984
0.0287122 0.0484672
0.0179370 0.0111122
0.0470038 0.0030654
0.0000000 0.0000000
0.0000000 0.0000000
-0.0529429 -0.0102193
-0.0393953 -0.0095688
-0.0431138 -0.0250934
-0.0452897 -0.0357891
-0.0341185 -0.0331567
-0.0435881 -0.0490411
-0.0398419 -0.0592076
-0.0290695 -0.0542357
-0.0374736 -0.0701648
-0.0320572 -0.0791922
-0.0220314 -0.0721625
-0.0283356 -0.0874234
-0.0217861 -0.0946104
-0.0132637 -0.0860037
-0.0169777 -0.0994082
-0.0096702 -0.1046153
-0.0032186 -0.0945104
-0.0038212 -0.1053057
0.0036670 -0.1079988
0.0077302 -0.0971507
0.0102267 -0.1047932
0.0176752 -0.1045188
0.0186546 -0.0937960
0.0243876 -0.0971999
0.0310850 -0.0943744
0.0290010 -0.0840674
0.0379641 -0.0830019
0.0433469 -0.0774792
0.0382181 -0.0685471
0.0495333 -0.0631515
0.0536396 -0.0549650
0.0451793 -0.0482192
0.0586656 -0.0382479
0.0606588 -0.0283093
0.0497992 -0.0238394
0.0647858 -0.0100942
0.0645819 0.0013573
0.0517858 0.0029000
0.0666493 0.0192535
0.0649848 0.0317695
0.0503993 0.0302405
0.0650283 0.0484564
0.0612342 0.0609248
0.0465929 0.0569080
0.0600485 0.0754404
0.0548421 0.0874470
0.0407133 0.0810605
0.0515485 0.0985289
0.0462499 0.1095033
0.0328510 0.1014222
0.0416476 0.1169499
0.0358832 0.1261940
0.0247990 0.1175222
0.0312254 0.1297630
0.0262566 0.1373188
0.0174300 0.1288219
0.0211621 0.1366916
0.0185171 0.1427459
0.0116564 0.1357180
0.0142981 0.1381081
0.0147536 0.1432761
0.0101139 0.1395212
0.0130111 0.1339105
0.0197744 0.1398376
0.0151766 0.1415939
0.0220740 0.1232042
0.0397226 0.1305898
0.0292983 0.1378531
0.0500337 0.1023364
0.0784098 0.1020724
0.0496446 0.0941479
0.0923532 0.0648483
0.1121839 0.0208970
0.0535646 -0.0804418
0.0000000 0.0000000
0.0000000 0.0000000
-0.0283828 -0.0098802
-0.0155446 -0.0093778
-0.0240338 -0.0226402
-0.0243141 -0.0332481
-0.0143044 -0.0287286
-0.0238420 -0.0445418
-0.0215400 -0.0544960
-0.0118868 -0.0461188
-0.0204670 -0.0638193
-0.0172857 -0.0727874
-0.0084545 -0.0606345
-0.0154112 -0.0793757
-0.0117137 -0.0867124
-0.0042237 -0.0714579
-0.0091386 -0.0902876
-0.0050151 -0.0953886
0.0004896 -0.0780169
-0.0019894 -0.0955808
0.0023508 -0.0982672
0.0054581 -0.0796753
0.0058399 -0.0947811
0.0100036 -0.0947237
0.0104683 -0.0762124
0.0136620 -0.0879238
0.0175694 -0.0849340
0.0150254 -0.0677842
0.0210781 -0.0749757
0.0242579 -0.0694221
0.0189131 -0.0545500
0.0277241 -0.0566986
0.0299211 -0.0487088
0.0219553 -0.0373095
0.0327491 -0.0342873
0.0341492 -0.0241696
0.0236270 -0.0171241
0.0361133 -0.0087335
0.0361857 0.0026871
0.0240760 0.0050401
0.0376505 0.0182214
0.0365200 0.0305095
0.0233335 0.0277476
0.0367288 0.0448822
0.0349441 0.0574147
0.0211219 0.0496434
0.0340455 0.0700133
0.0312949 0.0818497
0.0181972 0.0696804
0.0299880 0.0920593
0.0267820 0.1028080
0.0147797 0.0868766
0.0244480 0.1100663
0.0215873 0.1193579
0.0110277 0.1006792
0.0188571 0.1237058
0.0163419 0.1313043
0.0080353 0.1111509
0.0139603 0.1328740
0.0126471 0.1391915
0.0063389 0.1188509
0.0104897 0.1382466
0.0117154 0.1443435
0.0072693 0.1257900
0.0105193 0.1409535
0.0176129 0.1510093
0.0145810 0.1389519
0.0175792 0.1405615
0.0487272 0.1709871
0.0303055 0.1689201
0.0437988 0.1246552
0.1703761 0.2250496
-0.0013737 0.1402313
0.0989771 0.0371606
0.5393410 0.3165063
-0.1633907 -0.2835785
0.0000000 0.0000000
0.0000000 0.0000000
-0.0039228 -0.0112908
0.0000000 0.0000000
-0.0050360 -0.0230745
-0.0043381 -0.0356860
0.0000000 0.0000000
-0.0046135 -0.0456908
-0.0039089 -0.0581803
0.0000000 0.0000000
-0.0038381 -0.0662531
-0.0029903 -0.0772653
0.0000000 0.0000000
-0.0027892 -0.0830084
-0.0017680 -0.0918067
0.0000000 0.0000000
-0.0013879 -0.0947510
-0.0002778 -0.1007249
0.0000000 0.0000000
0.0002482 -0.1006954
0.0014137 -0.1033704
0.0000000 0.0000000
0.0020054 -0.1002250
0.0031187 -0.0994270
0.0000000 0.0000000
0.0038592 -0.0931753
0.0048704 -0.0888360
0.0000000 0.0000000
0.0056051 -0.0799015
0.0064701 -0.0721616
0.0000000 0.0000000
0.0071402 -0.0609568
0.0077243 -0.0502770
0.0000000 0.0000000
0.0084678 -0.0374220
0.0087425 -0.0242979
0.0000000 0.0000000
0.0092975 -0.0107099
0.0093184 0.0041514
0.0000000 0.0000000
0.0096500 0.0177271
0.0092979 0.0333991
0.0000000 0.0000000
0.0096109 0.0461902
0.0089657 0.0618302
0.0000000 0.0000000
0.0089610 0.0730316
0.0082042 0.0878372
0.0000000 0.0000000
0.0079444 0.0970369
0.0070006 0.1102533
0.0000000 0.0000000
0.0067179 0.1171734
0.0057916 0.1283635
0.0000000 0.0000000
0.0052598 0.1329329
0.0046192 0.1420254
0.0000000 0.0000000
0.0039864 0.1446982
0.0036538 0.1518521
0.0000000 0.0000000
0.0032610 0.1537176
0.0027650 0.1587398
0.0000000 0.0000000
0.0024656 0.1630777
-0.0017589 0.1650045
0.0000000 0.0000000
-0.0093097 0.1730950
0.0071350 0.2151508
0.0000000 0.0000000
-0.0906035 0.1355258
0.2985750 0.6029689
0.0000000 0.0000000
-0.2940475 -0.1337808
1.5311947 1.5434395
0.0000000 0.0000000
0.0000000 0.0000000
-23.47796
-23.93217
-25.38639
-27.87531
-31.67875
-37.1989
-45.1761
-57.04123
-75.29196
-103.9899
-149.0736
-208.957
-268.4625
-59.45797
-133.4532
-103.7708
-82.32147
-64.50424
-51.78081
-42.53507
-36.25798
-32.11962
-29.40974
-27.68147
-26.74946
-26.61349
-23.47164
-23.8232
-25.19875
-27.62546
-31.32178
-36.7075
-44.58932
-56.53781
-75.26544
-104.3931
-152.3958
-223.5023
-205.4911
-47.41275
-157.3329
-112.4299
-83.65288
-65.85766
-51.88129
-42.38748
-36.03923
-31.83552
-29.0931
-27.37181
-26.44294
-26.28647
-22.74721
-23.08443
-24.36002
-26.64346
-30.13649
-35.27027
-42.92802
-55.12779
-75.81686
-109.9924
-168.3639
-196.7087
-163.8426
-117.5663
-172.2596
-141.9299
-92.44599
-70.40147
-52.89622
-42.02181
-35.25774
-30.94494
-28.18844
-26.48703
-25.57594
-25.4124
-21.40857
-21.73521
-22.87485
-24.93624
-28.1159
-32.81704
-39.87775
-51.42117
-75.32785
-131.6152
-190.4249
-205.6466
-100.1393
-154.7729
-221.0102
-186.916
-123.6809
-74.57302
-52.89541
-40.81311
-33.67519
-29.32692
-26.63121
-25.00446
-24.15016
-23.97504
-19.49225
-19.79228
-20.75673
-22.50845
-25.23664
-29.3557
-35.76204
-46.50808
-66.02443
-117.5299
-206.1132
-223.0585
-144.5368
-147.6399
-217.2843
-195.667
-136.6324
-73.61635
-49.48324
-37.52218
-30.73702
-26.72788
-24.30419
-22.86899
-22.12723
-21.9575
-17.04596
-17.3059
-18.05975
-19.41664
-21.5132
-24.64097
-29.40566
-36.59867
-50.59035
-76.44421
-137.8592
-139.558
-106.2888
-105.9569
-150.9007
-168.3139
-125.9689
-66.60395
-42.48344
-31.70698
-26.20798
-23.07297
-21.19934
-20.09344
-19.51975
-19.38924
-14.1701
-14.37357
-14.89076
-15.79672
-17.14823
-19.10151
-22.14471
-26.70002
-33.28839
-43.3159
-48.66723
-44.09319
-14.4468
-50.73033
-85.41622
-99.53197
-63.62393
-39.45803
-29.15294
-23.54911
-20.41298
-18.58262
-17.47166
-16.80293
-16.44759
-16.37874
-11.02435
-11.15598
-11.44586
-11.89582
-12.49791
-13.22645
-14.1298
-14.99016
-14.32328
-12.51758
-5.45212
4.520783
14.04816
18.01213
-6.722831
-18.70324
-16.69474
-16.09179
-15.51752
-14.7885
-14.15933
-13.7145
-13.41946
-13.22838
-13.118
-13.10543
-7.814414
-7.892487
-7.965422
-8.002329
-7.931756
-7.612954
-6.794086
-5.119036
-1.414732
5.091423
17.12301
28.09989
50.74596
56.82792
42.83315
18.98367
6.376094
-0.7491368
-4.727195
-6.979915
-8.223675
-8.931618
-9.3481
-9.587615
-9.7051
-9.746627
-4.708501
-4.743964
-4.643598
-4.363116
-3.802157
-2.793808
-1.052917
1.779962
6.445191
13.08734
24.03034
34.71462
46.54711
48.64604
40.92452
28.38965
16.65022
8.238707
2.736423
-0.8244337
-3.118037
-4.584878
-5.515575
-6.082469
-6.379624
-6.464632
-1.84006
-1.843539
-1.624838
-1.141784
-0.297523
1.055518
3.133383
6.180712
10.63106
16.53192
24.25781
31.8035
37.95257
39.2476
34.98585
27.63628
19.56067
12.6379
7.390082
3.6097
0.9548191
-0.8724292
-2.092882
-2.861926
-3.275396
-3.388322
0.7047486
0.7223114
1.007043
1.590586
2.549184
3.993125
6.064567
8.907666
12.69046
17.36169
22.66504
27.56129
31.08799
31.86992
29.47859
24.94944
19.55153
14.38972
10.03328
6.611837
4.032615
2.152969
0.840106
-0.01259947
-0.4798997
-0.6040199
2.884348
2.913075
3.221617
3.829716
4.788838
6.170572
8.054862
10.50687
13.55328
17.05998
20.71046
23.90443
26.06572
26.54773
25.12157
22.23419
18.58547
14.83672
11.43041
8.568352
6.283905
4.540233
3.276649
2.433627
1.964134
1.843135
4.691868
4.724094
5.027207
5.610324
6.503753
7.746426
9.373578
11.39706
13.77544
16.36399
18.90655
21.04222
22.42845
22.73147
21.82813
19.92939
17.42389
14.71549
12.12004
9.824096
7.907754
6.389424
5.256333
4.483754
4.048504
3.941003
6.143742
6.174882
6.45561
6.986945
7.783071
8.85984
10.22286
11.85418
13.68861
15.60007
17.4014
18.868
19.79036
19.98553
19.3863
18.10104
16.35176
14.38936
12.43179
10.63116
9.075983
7.807299
6.838563
6.167395
5.787184
5.69981
7.269664
7.298933
7.550601
8.020704
8.711843
9.624657
10.74827
12.05067
13.46607
14.89212
16.19582
17.23196
17.86876
18.00045
17.5901
16.69812
15.45611
14.02363
12.55088
11.15527
9.918098
8.88638
8.085025
7.52407
7.206776
7.14247
8.105809
8.135583
8.359792
8.771064
9.364872
10.13211
11.05381
12.09405
13.1944
14.27552
15.24208
15.99709
16.45494
16.5515
16.26584
15.63475
14.73965
13.68477
12.57481
11.49941
10.52642
9.701307
9.05241
8.595368
8.338921
8.296677
8.691864
8.726271
8.929229
9.291546
9.804001
10.45217
11.21311
12.05226
12.92019
13.75636
14.49205
15.06052
15.40442
15.48308
15.28452
14.83232
14.17947
13.39613
12.5563
11.7279
10.96589
10.31043
9.789402
9.420626
9.215895
9.190896
9.06943
9.112692
9.301853
9.627568
10.07756
10.63464
11.27483
11.96585
12.66709
13.33163
13.90937
14.35337
14.62431
14.69556
14.5601
14.23374
13.75245
13.16488
12.52415
11.88151
11.28087
10.75694
10.3355
10.03505
9.869105
9.853975
9.280548
9.335519
9.517626
9.818016
10.22306
10.7144
11.26838
11.85529
12.44131
12.98939
13.46184
13.82481
14.05049
14.12103
14.03222
13.79539
13.43562
12.98746
12.49001
11.98226
11.49936
11.07135
10.72194
10.46969
10.32902
10.31596
9.366363
9.434137
9.613936
9.897853
10.27184
10.71762
11.21227
11.7291
12.23882
12.71115
13.11665
13.42954
13.62945
13.70382
13.65007
13.47661
13.20165
12.85062
12.45304
12.03931
11.63837
11.27606
10.97468
10.75285
10.62565
10.6082
9.365377
9.445238
9.625364
9.898954
10.25217
10.66717
11.1224
11.5935
12.05467
12.47995
12.84507
13.12919
13.31645
13.39724
13.36981
13.24068
13.02372
12.73856
12.40839
12.05781
11.7111
11.391
11.11816
10.9113
10.78764
10.76283
9.310975
9.400826
9.582893
9.85064
10.19064
10.58582
11.01598
11.45851
11.89012
12.28772
12.63002
12.89917
13.08164
13.16951
13.1614
13.06253
12.88411
12.64212
12.35585
12.0461
11.73352
11.43793
11.17751
10.9702
10.8379
10.81024
9.229296
9.327427
9.51304
9.778715
10.11164
10.49568
10.91164
11.33837
11.754
12.13708
12.46815
12.73077
12.91276
13.00704
13.01217
12.93267
12.77829
12.56288
12.30339
12.01814
11.7252
11.44126
11.18007
10.95422
10.78607
10.7084
9.133964
9.245373
9.43638
9.703739
10.03538
10.41599
10.8272
11.24857
11.65885
12.0374
12.36548
12.62724
12.81111
12.91021
12.92311
12.85407
12.71208
12.51002
12.26372
11.9902
11.70617
11.42614
11.1583
10.89753
10.55259
9.513464
9.011584
9.161996
9.364218
9.636179
9.972111
10.35734
10.77342
11.19976
11.61507
11.99853
12.33122
12.59729
12.78501
12.88746
12.90331
12.83667
12.69646
12.49572
12.25011
11.9766
11.69192
11.41141
11.14773
10.8428
9.498853
0
