0.0000000 0.0000000
0.0000000 0.0000000
0.0000000 0.0000000
0.0000000 0.0000000
0.0000000 0.0000000
0.0000000 0.0000000
0.0000000 0.0000000
0.0000000 0.0000000
0.0000000 0.0000000
0.0000000 0.0000000
0.0000000 0.0000000
0.0000000 0.0000000
0.0000000 0.0000000
0.0000000 0.0000000
0.0000000 0.0000000
0.0000000 0.0000000
0.0000000 0.0000000
0.0000000 0.0000000
0.0000000 0.0000000
0.0000000 0.0000000
0.0000000 0.0000000
0.0000000 0.0000000
0.0000000 0.0000000
0.0000000 0.0000000
0.0000000 0.0000000
0.0000000 0.0000000
0.0000000 0.0000000
-1.2396823 0.6647245
-0.9780592 1.6722122
-0.8478670 2.5565693
-0.9305668 3.4768987
-1.0005050 4.4299984
-1.0805355 5.4442801
-1.2042885 6.5393014
-1.4522284 7.7631497
-2.0507073 9.2160120
-3.4567657 11.2533255
-7.7469864 13.7532930
9.1827688 12.9358377
11.3326778 -12.8795366
-7.8326149 -8.3548794
-2.5637276 -7.4042568
-1.3837438 -5.3415718
-0.9281069 -4.4559464
-0.6974088 -3.7401991
-0.5907998 -3.1029990
-0.5399593 -2.5200977
-0.5099021 -1.9710268
-0.4852156 -1.4525253
-0.4906746 -0.9543858
-0.6109877 -0.3921259
0.0000000 0.0000000
0.0000000 0.0000000
-2.4032135 0.7137932
-1.8212121 1.6518836
-1.7796735 2.5099418
-1.8641515 3.4440954
-1.9767359 4.4006777
-2.1126857 5.3987045
-2.3055575 6.4245663
-2.6679611 7.4490924
-3.4786842 8.3942461
-5.3032260 8.6095858
2.3439322 7.8844914
16.5520325 8.4565935
29.6800289 -10.0131083
10.0534496 -5.0244999
-3.9651003 -5.2270350
-2.2765172 -4.7351294
-1.5794475 -4.1134253
-1.3177545 -3.5517941
-1.1819018 -2.9916327
-1.1023835 -2.4438338
-1.0498575 -1.9179507
-1.0042931 -1.4031948
-0.9897541 -0.9324904
-1.2510711 -0.3980528
0.0000000 0.0000000
0.0000000 0.0000000
-3.3859129 0.7228228
-2.6154664 1.5557959
-2.6878865 2.4210331
-2.7920582 3.3346553
-2.9402025 4.3108692
-3.0946198 5.3274665
-3.2604458 6.3185101
-3.5111070 7.1615348
-3.9482760 7.6006036
-5.1120677 7.5433364
-7.3012376 5.1414237
19.5168686 4.9683461
33.6474075 -1.7011304
-2.6770186 -1.5556709
-3.2418034 -4.4587293
-2.6134202 -4.5076618
-2.0127242 -3.9349325
-1.8133706 -3.4319208
-1.7233036 -2.9154365
-1.6409142 -2.3825634
-1.5675108 -1.8717381
-1.5102540 -1.3657551
-1.4650770 -0.9052515
-1.7909368 -0.4091972
0.0000000 0.0000000
0.0000000 0.0000000
-4.1613350 0.7042971
-3.4302959 1.4362787
-3.5538054 2.2796950
-3.7269092 3.1791637
-3.9266899 4.1727386
-4.1295218 5.2444353
-4.1981826 6.3884468
-4.1700158 7.3681526
-4.3554883 7.9951215
-3.4952302 7.0941405
4.2927012 -3.8660436
14.2529554 3.2594938
35.0678711 -6.4426632
1.1564856 -1.8652645
-1.6651580 -4.6746058
-2.9140525 -4.9136047
-2.6857266 -4.1749749
-2.3258467 -3.4583471
-2.2733769 -2.8860414
-2.1783442 -2.3370633
-2.0777254 -1.8225225
-1.9978991 -1.3286393
-1.9355739 -0.8719095
-2.2432902 -0.4056554
0.0000000 0.0000000
0.0000000 0.0000000
-4.7195687 0.6625648
-4.2195525 1.2945589
-4.3856826 2.0657871
-4.6645355 2.9282839
-4.9724636 3.9507341
-5.2687144 5.1460648
-5.4941278 6.5883484
-5.5751343 8.0466528
-3.7697632 7.6888247
0.4433043 4.5612717
9.4527473 -3.3323305
13.6451836 0.6389539
37.7457466 0.4972273
4.0187216 -2.7303953
0.0765259 -4.3826909
-2.9571831 -5.1082377
-3.7518885 -4.4877067
-2.9954484 -3.5627594
-2.8956819 -2.8648894
-2.7305603 -2.2790444
-2.5823996 -1.7523364
-2.4653420 -1.2695781
-2.3936694 -0.8212008
-2.6135437 -0.3868499
0.0000000 0.0000000
0.0000000 0.0000000
-5.0741525 0.5954899
-4.9042583 1.1215217
-5.1537848 1.7825836
-5.5832229 2.5542419
-6.1119604 3.5207732
-6.6537776 4.8748145
-7.5657082 6.7444615
-5.8276849 7.1494699
-1.1188557 5.4392843
4.3608551 2.5698099
12.9521017 -3.0806215
16.4635448 -0.2095516
38.6351585 -9.3379107
7.1377487 -2.7245374
1.6183425 -4.1531281
-2.6595294 -4.8523574
-4.7529473 -4.3995132
-3.8952279 -3.4961662
-3.5736001 -2.7748542
-3.2983730 -2.1650083
-3.0754497 -1.6337525
-2.9081383 -1.1681114
-2.8182435 -0.7437287
-2.9059653 -0.3520094
0.0000000 0.0000000
0.0000000 0.0000000
-5.2532816 0.4969863
-5.4246449 0.9045333
-5.7900891 1.4244045
-6.3908033 2.0643756
-7.2402773 2.8519678
-8.5300856 3.9856961
-8.3010874 5.0328717
-4.7272015 4.9827437
1.3991314 2.6696498
6.6284990 0.3002431
15.1826296 -3.4525707
20.7615261 -2.4916952
30.5512848 -0.6191103
9.9126215 -2.9257874
2.7207210 -4.0824695
-2.3660882 -4.6813741
-5.5396214 -4.0105076
-4.8909812 -3.2449744
-4.2689915 -2.5657840
-3.8522501 -1.9530773
-3.5390203 -1.4399936
-3.3123174 -1.0103499
-3.1854966 -0.6329487
-3.1259193 -0.2994724
0.0000000 0.0000000
0.0000000 0.0000000
-5.3092513 0.3601030
-5.7647796 0.6239946
-6.2424707 0.9687957
-6.9860868 1.4355810
-8.1157532 1.9895509
-10.0445700 2.4387784
-7.4867868 2.2057691
-2.4572041 2.7343631
2.9039445 0.9786654
8.4390783 -1.0445251
16.2257996 -3.8326457
26.6363945 -5.8234267
30.2932434 -5.0733747
10.9516115 -3.4579906
3.4160593 -3.8320210
-2.2520728 -4.2496057
-6.2771034 -3.2434669
-5.8228607 -2.8655996
-4.9277406 -2.1945035
-4.3592734 -1.6105920
-3.9461074 -1.1520573
-3.6549459 -0.7895674
-3.4765849 -0.4862010
-3.2816420 -0.2290697
0.0000000 0.0000000
0.0000000 0.0000000
-5.2851582 0.1921431
-5.9122243 0.2669431
-6.4557123 0.3665349
-7.2775545 0.5442489
-8.6261568 0.7207167
-10.6823540 0.4793636
-7.6139188 0.1776152
-1.4474009 0.6166527
4.2984352 -0.3313628
9.1427536 -1.3236514
16.7219315 -4.0993867
33.0387573 -6.0899892
22.9299583 -3.4392517
11.0652428 -3.1456296
3.8943906 -3.1118295
-2.0363922 -3.0398474
-7.0139790 -1.9453825
-6.7336507 -2.2263956
-5.5317078 -1.5908370
-4.7766066 -1.1046836
-4.2599859 -0.7631385
-3.9070895 -0.5104631
-3.6775606 -0.3086356
-3.3780344 -0.1415976
0.0000000 0.0000000
0.0000000 0.0000000
-5.2390962 0.0090266
-5.8718076 -0.1328647
-6.3988376 -0.3032066
-7.1840110 -0.4880044
-8.5513821 -0.8109539
-10.3720875 -1.6117524
-7.2502475 -3.0765293
-2.1844428 -1.3696750
5.0931611 -1.4170740
9.3092022 -1.3805751
17.8496552 -4.2944541
34.4722824 -6.7505016
21.5417099 -3.6981258
10.5837793 -2.3273094
4.1390643 -2.2900703
-1.9013104 -1.4951886
-7.5164824 -0.7342628
-7.4577622 -0.9433312
-5.8958478 -0.7359639
-5.0342178 -0.4637093
-4.4462261 -0.2992583
-4.0483766 -0.1920991
-3.7841425 -0.1111292
-3.4337075 -0.0443701
0.0000000 0.0000000
0.0000000 0.0000000
-5.0674744 -0.1696878
-5.6170111 -0.4953871
-6.0668778 -0.8886570
-6.7210112 -1.3748372
-7.8132744 -2.1693676
-9.3169146 -3.5353091
-7.4270124 -4.7670770
-0.3045999 -3.1622956
4.5643167 -3.7123792
11.9456520 -3.7300396
19.5417728 -5.2611151
33.0901756 -6.1464605
18.5794907 -2.7980397
10.0002337 -1.1535079
4.2717280 -1.0101442
-2.1739483 0.4733489
-8.0733795 1.1197585
-7.5317407 0.5415220
-5.9909782 0.3356414
-5.0783949 0.2548243
-4.4711308 0.1927044
-4.0642757 0.1370062
-3.7936580 0.0913619
-3.4370997 0.0518315
0.0000000 0.0000000
0.0000000 0.0000000
-4.7335663 -0.3197709
-5.1871567 -0.7909775
-5.5174456 -1.3574678
-5.9754820 -2.0629551
-6.6689014 -3.0844054
-7.6809759 -4.8150129
-6.2803683 -6.3669448
-0.1525006 -8.3647823
5.7507234 -7.0720296
12.4496298 -6.9207401
23.6400013 -6.3456469
29.6387043 -5.4751883
14.4997759 -1.4006115
9.2659063 0.2398135
2.6090639 1.0939953
-3.1462469 2.6296751
-7.8537564 3.7001901
-6.9773860 2.0985763
-5.7006974 1.3602543
-4.8691673 0.9413619
-4.3157387 0.6574288
-3.9437702 0.4475342
-3.6924593 0.2825066
-3.3433623 0.1405993
0.0000000 0.0000000
0.0000000 0.0000000
-4.2782207 -0.4294708
-4.6326060 -0.9954758
-4.8288913 -1.6619198
-5.0686927 -2.4777040
-5.3403373 -3.6287215
-5.8090277 -5.2729430
-4.8895092 -7.5006623
-1.5527428 -7.7415466
4.4148254 -8.4765816
11.1361742 -6.7597446
22.2346363 -6.7161646
26.8847008 -4.7585835
13.1082420 0.7678714
6.8636065 1.9283056
1.3968182 3.4958417
-3.7661772 5.3677340
-7.3790722 4.8648672
-5.9379435 3.0730917
-5.0796647 2.1030862
-4.4447107 1.4818765
-4.0038905 1.0411012
-3.7014387 0.7092206
-3.4909446 0.4450717
-3.1622679 0.2148829
0.0000000 0.0000000
0.0000000 0.0000000
-3.7502673 -0.4956490
-4.0111089 -1.1058983
-4.0812321 -1.8056716
-4.1271672 -2.6388400
-4.1254168 -3.7253089
-4.0539212 -5.1212220
-3.6549056 -6.9677529
-0.7341622 -8.4228020
3.7995794 -7.6970849
9.3171873 -6.2979326
18.5242138 -4.1566544
21.0250797 -1.3790795
12.2402487 3.5162377
4.7601380 5.0583668
-0.7600532 7.0255327
-3.9526007 7.6389532
-4.9234209 5.1683102
-4.6235499 3.5550373
-4.2236824 2.5454323
-3.8661342 1.8311421
-3.5785894 1.3098174
-3.3674176 0.9020399
-3.2097430 0.5671684
-2.9108329 0.2698364
0.0000000 0.0000000
0.0000000 0.0000000
-3.1957469 -0.5198786
-3.3770227 -1.1279379
-3.3471413 -1.8033996
-3.2492435 -2.5748432
-3.0545464 -3.5063632
-2.7284021 -4.5576077
-2.1105645 -5.8896656
-0.6740850 -7.3147068
3.1343086 -7.9592938
7.7953196 -6.5224986
12.9438505 -1.5525459
14.9164362 2.6276658
11.2724066 6.4275017
3.5714180 9.3347654
-0.6028203 8.9971075
-2.3583066 6.9478302
-3.0086768 5.0590305
-3.2805250 3.7064266
-3.3096058 2.7257383
-3.2136431 2.0083904
-3.0889318 1.4606649
-2.9755697 1.0194409
-2.8746750 0.6446030
-2.6103423 0.3039902
0.0000000 0.0000000
0.0000000 0.0000000
-2.6527152 -0.5087563
-2.7723014 -1.0785755
-2.6732650 -1.6877955
-2.4794199 -2.3491514
-2.1578588 -3.0795522
-1.6618669 -3.8415492
-0.8230664 -4.6495914
0.6408787 -5.4013329
2.6278484 -5.5367517
5.6275845 -5.1589775
8.2798986 -1.1245649
8.9309273 3.3988943
6.5011606 6.1783223
2.9030371 7.5868850
0.5226048 6.7020497
-0.9464962 5.5929437
-1.7987828 4.4736180
-2.2513227 3.5029740
-2.4846525 2.6953254
-2.5758460 2.0382285
-2.5843503 1.5104177
-2.5589750 1.0683563
-2.5109084 0.6802755
-2.2824433 0.3189510
0.0000000 0.0000000
0.0000000 0.0000000
-2.1485846 -0.4716715
-2.2238441 -0.9808252
-2.0852346 -1.5049262
-1.8410602 -2.0456400
-1.4627864 -2.5952270
-0.9034334 -3.1274858
-0.0734459 -3.5865824
1.1360630 -3.8651206
2.4795933 -3.6378295
4.0735784 -2.8120644
5.2958040 -0.6987511
5.5173969 1.6974758
4.4421439 3.3660574
2.7279313 4.5102973
1.0447915 4.7310872
-0.2113509 4.3538961
-1.0317584 3.7536519
-1.5263227 3.1126668
-1.8314856 2.5046947
-2.0131400 1.9584274
-2.1072450 1.4819715
-2.1463773 1.0628177
-2.1401815 0.6816315
-1.9460614 0.3186344
0.0000000 0.0000000
0.0000000 0.0000000
-1.6998751 -0.4193432
-1.7457342 -0.8587975
-1.5929933 -1.2957220
-1.3373338 -1.7238954
-0.9599032 -2.1275451
-0.4218118 -2.4751930
0.2783900 -2.7118540
1.1603858 -2.7455471
2.0658662 -2.4464571
3.0195282 -1.6539180
3.6493812 -0.3024458
3.7605660 1.1255687
3.1413498 2.2443786
2.1615510 3.0735722
1.0909426 3.4216173
0.1512213 3.3679650
-0.5569739 3.0742033
-1.0252159 2.6746485
-1.3377218 2.2397041
-1.5492190 1.8084326
-1.6821650 1.4000667
-1.7585690 1.0194446
-1.7799375 0.6589622
-1.6159867 0.3078902
0.0000000 0.0000000
0.0000000 0.0000000
-1.3133363 -0.3616637
-1.3410119 -0.7324346
-1.1930470 -1.0894781
-0.9533599 -1.4221052
-0.6123910 -1.7123799
-0.1512391 -1.9282041
0.3957749 -2.0297325
1.0230037 -1.9517385
1.6347543 -1.6390381
2.2127552 -1.0083332
2.5763395 -0.0850234
2.6193700 0.8429707
2.2598124 1.6212133
1.6549788 2.2269897
0.9542837 2.5609760
0.2840714 2.6325946
-0.2777842 2.5083227
-0.6838640 2.2673881
-0.9697425 1.9631401
-1.1765648 1.6305031
-1.3175640 1.2909670
-1.4067047 0.9547856
-1.4409604 0.6226937
-1.3025937 0.2916415
0.0000000 0.0000000
0.0000000 0.0000000
-0.9883501 -0.3059690
-1.0050132 -0.6151178
-0.8737907 -0.9041190
-0.6663823 -1.1604705
-0.3804041 -1.3663057
-0.0139926 -1.4943093
0.3932148 -1.5187895
0.8328912 -1.3993057
1.2457315 -1.1100993
1.6061343 -0.6219777
1.8266480 0.0297061
1.8405061 0.6728750
1.6207907 1.2409774
1.2363571 1.6975241
0.7698366 1.9870329
0.2985798 2.1009173
-0.1232819 2.0656414
-0.4531786 1.9239129
-0.6966482 1.7115247
-0.8787796 1.4557323
-1.0092191 1.1760229
-1.0938209 0.8836738
-1.1282613 0.5823991
-1.0111321 0.2743115
0.0000000 0.0000000
0.0000000 0.0000000
-0.7189262 -0.2569400
-0.7285689 -0.5145190
-0.6204255 -0.7491841
-0.4531826 -0.9475062
-0.2290984 -1.0934683
0.0440298 -1.1663860
0.3364729 -1.1487905
0.6389608 -1.0189064
0.9149939 -0.7666885
1.1433207 -0.3846247
1.2786548 0.0942044
1.2817096 0.5662743
1.1422824 0.9983831
0.8943573 1.3549373
0.5844113 1.6009252
0.2582527 1.7244152
-0.0466051 1.7340733
-0.2976025 1.6521500
-0.4912529 1.5019933
-0.6398067 1.3031381
-0.7479839 1.0714750
-0.8182224 0.8179022
-0.8427907 0.5468290
-0.7396849 0.2610750
0.0000000 0.0000000
0.0000000 0.0000000
-0.4957779 -0.2172956
-0.5000107 -0.4348093
-0.4177451 -0.6283745
-0.2929877 -0.7849671
-0.1306357 -0.8900786
0.0596297 -0.9289320
0.2593232 -0.8901805
0.4591155 -0.7624196
0.6371183 -0.5444534
0.7797055 -0.2373156
0.8604843 0.1311525
0.8592615 0.4984220
0.7708617 0.8415894
0.6123138 1.1313094
0.4107072 1.3423277
0.1940684 1.4630520
-0.0148309 1.4944016
-0.1930025 1.4481176
-0.3336140 1.3390502
-0.4439287 1.1809028
-0.5247370 0.9866083
-0.5752110 0.7660803
-0.5831916 0.5248536
-0.4826986 0.2622152
0.0000000 0.0000000
0.0000000 0.0000000
-0.3081360 -0.1885546
-0.3070053 -0.3767340
-0.2510085 -0.5400678
-0.1688696 -0.6665404
-0.0645996 -0.7429702
0.0531827 -0.7597576
0.1757724 -0.7116696
0.2959111 -0.5909328
0.4005807 -0.4001575
0.4810218 -0.1458555
0.5251750 0.1510884
0.5212354 0.4515733
0.4675861 0.7357116
0.3728822 0.9795701
0.2512802 1.1633723
0.1194243 1.2759098
-0.0081586 1.3149530
-0.1195533 1.2897540
-0.2090237 1.2095674
-0.2790495 1.0821269
-0.3299103 0.9182686
-0.3578956 0.7292938
-0.3391255 0.5312045
-0.1906267 0.3435028
0.0000000 0.0000000
0.0000000 0.0000000
-0.1451209 -0.1659279
-0.1360643 -0.3188218
-0.1072757 -0.4475825
-0.0680466 -0.5393085
-0.0194600 -0.5840600
0.0349441 -0.5854000
0.0908638 -0.5391298
0.1444539 -0.4360467
0.1901509 -0.2796187
0.2232852 -0.0800535
0.2396901 0.1469836
0.2345754 0.3808475
0.2070610 0.6049421
0.1614260 0.7987423
0.1046472 0.9455777
0.0437394 1.0358188
-0.0144942 1.0673370
-0.0645419 1.0592914
-0.1053479 1.0105693
-0.1360444 0.9192476
-0.1561657 0.7925730
-0.1586962 0.6468740
-0.0879687 0.5480748
0.1231950 0.5277541
0.0000000 0.0000000
0.0000000 0.0000000
0.0000000 0.0000000
0.0000000 0.0000000
0.0000000 0.0000000
0.0000000 0.0000000
0.0000000 0.0000000
0.0000000 0.0000000
0.0000000 0.0000000
0.0000000 0.0000000
0.0000000 0.0000000
0.0000000 0.0000000
0.0000000 0.0000000
0.0000000 0.0000000
0.0000000 0.0000000
0.0000000 0.0000000
0.0000000 0.0000000
0.0000000 0.0000000
0.0000000 0.0000000
0.0000000 0.0000000
0.0000000 0.0000000
0.0000000 0.0000000
0.0000000 0.0000000
0.0000000 0.0000000
0.0000000 0.0000000
0.0000000 0.0000000
0.0000000 0.0000000
0.0000000 0.0000000
-0.1336796 0.1656274
0.0000000 0.0000000
-0.6480636 0.1465158
-0.4405714 0.7861997
-0.4303816 1.4942058
0.0000000 0.0000000
-1.1209201 1.2257906
-0.3414504 2.1449635
-0.3163552 2.7006848
0.0000000 0.0000000
-0.8719833 2.1423810
-0.3097196 3.2212167
-0.3214537 3.7626922
0.0000000 0.0000000
-0.8933485 3.0375535
-0.3381757 4.3308148
-0.3481054 4.8984394
0.0000000 0.0000000
-0.9671895 3.9650273
-0.3550613 5.5115304
-0.3702599 6.1197443
0.0000000 0.0000000
-1.0352340 4.9439960
-0.3836527 6.7857289
-0.4141604 7.4411712
0.0000000 0.0000000
-1.1236931 5.9881258
-0.4340467 8.2060699
-0.4979630 8.9364395
0.0000000 0.0000000
-1.2744278 7.1190691
-0.5398544 9.9086170
-0.6857982 10.7860956
0.0000000 0.0000000
-1.6002556 8.4234200
-0.8227480 12.2402515
-1.1256994 13.5269556
0.0000000 0.0000000
-2.4085853 10.2959232
-1.6398165 15.8241463
-1.8488715 18.6197109
0.0000000 0.0000000
-4.4531727 14.6181345
-1.7344427 21.3720493
-2.4087625 25.2615070
0.0000000 0.0000000
2.8946576 14.2369947
4.6814547 17.0363331
8.2976227 11.4547577
0.0000000 0.0000000
11.8552799 10.9423847
13.7702246 -6.9602447
-2.2310266 -10.0132608
0.0000000 0.0000000
15.2254086 -4.6276736
-1.3319485 -13.7409124
-0.3666233 -13.2027578
0.0000000 0.0000000
-10.0567913 -9.2114277
0.1915405 -9.0415220
-0.3779656 -7.4912300
0.0000000 0.0000000
-1.8857476 -6.6512532
-0.4665916 -6.9088864
-0.3919627 -6.0414467
0.0000000 0.0000000
-1.1427076 -5.0373025
-0.3319483 -5.4868336
-0.2967770 -4.9723411
0.0000000 0.0000000
-0.7979615 -4.1417303
-0.2580889 -4.5058055
-0.2469066 -4.0971990
0.0000000 0.0000000
-0.6353257 -3.4426498
-0.2298777 -3.7016606
-0.2223622 -3.3372345
0.0000000 0.0000000
-0.5620822 -2.8213751
-0.2121033 -2.9819126
-0.2064402 -2.6429682
0.0000000 0.0000000
-0.5234115 -2.2485063
-0.1997264 -2.3145893
-0.1942977 -1.9919142
0.0000000 0.0000000
-0.4967752 -1.7081417
-0.1893271 -1.6886908
-0.1833653 -1.3776180
0.0000000 0.0000000
-0.4805595 -1.1993905
-0.1883400 -1.0895373
-0.1903254 -0.7683158
0.0000000 0.0000000
-0.5397072 -0.6814368
-0.2167427 -0.4358342
-0.1888109 -0.1011061
0.0000000 0.0000000
-0.3868062 -0.1129888
0.0000000 0.0000000
0.0000000 0.0000000
-0.9500380 0.2431217
-1.4436822 0.2324271
-1.7800322 0.7353312
-1.6449580 1.3090897
-2.0737746 1.2249591
-1.3699712 1.7830349
-1.2746909 2.2159150
-1.7723490 2.0514233
-1.2965097 2.6467450
-1.3345370 3.1398280
-1.8328136 2.9702554
-1.3823919 3.6051707
-1.4146558 4.0926809
-1.9303476 3.9000928
-1.4607006 4.5837631
-1.5121928 5.0863113
-2.0482769 4.8679996
-1.5705042 5.6188879
-1.6611654 6.1294527
-2.1938987 5.8637218
-1.7500364 6.7299519
-1.9339464 7.2294078
-2.4324124 6.8446245
-2.1119649 7.9556780
-2.5348072 8.4141951
-2.9529562 7.6914759
-2.9461322 9.4246292
-4.0821829 9.7027416
-4.1767497 7.9813790
-5.4805179 11.1593037
-8.5863895 12.2922335
-8.9336529 8.2578049
-1.5258754 8.9803009
6.8707318 11.5635004
11.9252119 11.0692787
10.3559322 8.6869698
15.2492428 7.7881789
19.9712143 5.7281909
26.5848465 -4.1885405
22.1663342 -0.2672525
22.9671059 -1.8757329
1.3022133 -8.4114933
-9.8013716 -6.3061471
-6.0749383 -4.0228181
-3.1400726 -5.6512609
-2.4733152 -5.9386053
-2.8836582 -4.8786483
-1.7562639 -5.0179968
-1.5034380 -4.7492552
-1.8308285 -4.4335799
-1.2537565 -4.3031998
-1.1376038 -4.0261445
-1.4156774 -3.8743916
-1.0226904 -3.6631281
-0.9723034 -3.3962777
-1.2409080 -3.3036127
-0.9102480 -3.0699813
-0.8805254 -2.8001311
-1.1381280 -2.7317965
-0.8446391 -2.5046513
-0.8215473 -2.2367766
-1.0728912 -2.1819420
-0.7985521 -1.9636767
-0.7773942 -1.6992038
-1.0262501 -1.6534736
-0.7570257 -1.4441636
-0.7359806 -1.1811301
-0.9850074 -1.1476948
-0.7456439 -0.9476361
-0.8066402 -0.6695783
-1.0771359 -0.6632876
-0.9245548 -0.3878692
-0.6081349 -0.1218501
-0.8371736 -0.1311678
0.0000000 0.0000000
0.0000000 0.0000000
-1.8395311 0.2640323
-2.3305206 0.2791717
-2.8684535 0.7265034
-2.4929895 1.2129920
-2.8619459 1.1689981
-2.2079751 1.6152054
-2.1710031 2.0259106
-2.6486428 1.9594890
-2.2221339 2.4680207
-2.2539418 2.9479308
-2.7533147 2.8521850
-2.3259871 3.3897035
-2.3640277 3.8840525
-2.8960950 3.7871749
-2.4511707 4.3574066
-2.5025337 4.8595910
-3.0611765 4.7604570
-2.5943828 5.3595266
-2.6710386 5.8519516
-3.2152185 5.7438235
-2.7737362 6.3706903
-2.9268317 6.7933412
-3.3938272 6.6592851
-3.0703883 7.3299608
-3.3854809 7.5731606
-3.6379209 7.3467069
-3.5845168 8.0004215
-4.1270757 7.9376721
-4.1860628 7.6421528
-4.0792775 8.2012510
-7.8055611 7.7365255
-5.9830270 7.2136216
-8.8563929 7.3027225
5.4026246 7.4105530
10.0296555 3.8000495
18.2148075 7.0838928
23.2981930 6.4491715
33.1435471 1.9348959
32.9300575 -3.2549114
26.4640236 -1.6748183
30.9321575 -0.2030606
-6.0576425 -0.3267405
-4.1763840 -4.1807537
-3.7571011 -3.8190601
-3.5742157 -4.7210088
-3.0228767 -4.6046629
-3.0710101 -4.6254153
-2.4270976 -4.4341226
-2.1404343 -4.2838516
-2.3232105 -4.2855577
-1.8312598 -3.9562151
-1.7088066 -3.7705901
-1.8788456 -3.7180114
-1.6028401 -3.4691303
-1.5488546 -3.2448993
-1.7628380 -3.1969202
-1.4821149 -2.9456363
-1.4398558 -2.6952770
-1.6775788 -2.6539252
-1.3936188 -2.4120779
-1.3562498 -2.1530821
-1.5995525 -2.1149571
-1.3239871 -1.8960385
-1.2919984 -1.6320335
-1.5344832 -1.6008968
-1.2685066 -1.3862151
-1.2376653 -1.1274151
-1.4803978 -1.1024570
-1.2306635 -0.9186703
-1.3014064 -0.6542108
-1.5439093 -0.6436079
-1.5094031 -0.4035205
-1.0770401 -0.1434890
-1.3282230 -0.1499811
0.0000000 0.0000000
0.0000000 0.0000000
-2.7718837 0.2924073
-3.2653062 0.2961335
-3.7574949 0.7170346
-3.2127781 1.1313006
-3.5628355 1.0775064
-3.0162356 1.4949610
-3.0547788 1.9206145
-3.4954426 1.8540626
-3.1141214 2.3484437
-3.1681871 2.8003788
-3.6504166 2.7045550
-3.2683086 3.2401242
-3.3158281 3.7586918
-3.8675649 3.6336613
-3.4497759 4.2084084
-3.4698880 4.7758660
-4.1067462 4.6501708
-3.6126237 5.2389698
-3.6175542 5.8013096
-4.2901311 5.7096186
-3.7375798 6.2554216
-3.7361901 6.7830987
-4.3466449 6.7203822
-3.7864678 7.1252069
-3.8450007 7.4379735
-4.1927595 7.5855932
-3.8807948 7.7192197
-4.4144392 7.6027617
-4.2464943 7.5837531
-4.7807283 7.4484153
-5.3980107 6.2337642
-3.9360673 5.8590450
0.4918933 -3.6964417
7.5226173 1.3843888
7.2264891 0.1327811
13.7790470 3.1062417
25.9179211 3.3817399
30.0403709 -1.5285971
36.2683563 -6.4615755
35.6344986 -0.9031328
24.2254696 2.6265507
-3.4776018 -1.8567585
-2.6199358 -2.8717308
-0.3210746 -1.6521592
-2.9172232 -4.5826535
-3.0321527 -4.5047970
-2.4264867 -4.6147285
-2.9243748 -4.6560316
-2.7816341 -4.4157572
-2.9336953 -4.6339121
-2.4320929 -4.0063667
-2.2493861 -3.7418547
-2.4691107 -3.7938888
-2.1280150 -3.4265707
-2.0798914 -3.1763873
-2.2843156 -3.1505573
-2.0372996 -2.8961132
-1.9823836 -2.6290908
-2.2156606 -2.5874496
-1.9362074 -2.3601925
-1.8802664 -2.0847201
-2.1220989 -2.0394840
-1.8390878 -1.8498223
-1.7914914 -1.5735881
-2.0297766 -1.5357038
-1.7643492 -1.3489908
-1.7248708 -1.0839779
-1.9609841 -1.0560378
-1.7041861 -0.8907351
-1.7522486 -0.6316697
-1.9794990 -0.6146644
-2.0056648 -0.4090208
-1.5885108 -0.1547743
-1.8488369 -0.1556269
0.0000000 0.0000000
0.0000000 0.0000000
-3.7100329 0.2932304
-4.1770506 0.2834817
-4.4308715 0.6857817
-3.8876262 1.0203857
-4.2298670 0.9484882
-3.8219402 1.3649530
-3.8790779 1.7867559
-4.2853942 1.6861758
-3.9669199 2.1734459
-4.0555320 2.6237931
-4.5269566 2.4945867
-4.1969652 3.0464044
-4.3053708 3.5590863
-4.8465328 3.4192040
-4.4712977 4.0277605
-4.5451508 4.6385617
-5.2059464 4.4953175
-4.7245665 5.1171660
-4.6249595 5.8777957
-5.5623841 5.7560406
-4.8332238 6.3170238
-4.6430321 7.1445928
-5.6910081 7.3582067
-4.6428514 7.7268734
-4.6928282 8.1318798
-4.7047572 8.3198442
-4.0014091 8.2846642
-2.7988276 7.7398968
-1.7222387 6.3835950
-0.5883427 6.0779505
0.4036905 5.5466518
0.8508134 4.2115674
7.8064141 -3.6101935
10.0829439 -0.2316005
11.5392199 -0.0025009
13.6638479 1.5078858
29.4497623 -1.5201323
30.7580090 -2.7573745
34.8564148 0.0823620
32.7323647 -0.5357123
28.0467091 -3.6875329
1.9426479 -3.8088570
0.8778872 -2.0816200
1.9547323 -2.4609480
-1.0433699 -4.4159880
-2.2833509 -4.7539506
-1.5172513 -4.6225805
-3.0759907 -5.0154157
-3.4757988 -4.9014859
-3.6516895 -4.9410496
-3.3162990 -4.3632421
-3.0195546 -3.9425778
-3.4161532 -4.0301156
-2.7293451 -3.5114517
-2.6405807 -3.1710336
-2.8990841 -3.1528208
-2.6232798 -2.8807743
-2.5393319 -2.5656343
-2.7996185 -2.5032959
-2.4829292 -2.3157284
-2.4016166 -2.0022628
-2.6489942 -1.9402934
-2.3474939 -1.7934941
-2.2790399 -1.4990290
-2.5146682 -1.4463215
-2.2410314 -1.3030246
-2.1918471 -1.0311856
-2.4193006 -0.9929098
-2.1680033 -0.8507136
-2.1809826 -0.5962446
-2.4008687 -0.5720152
-2.4168904 -0.3982618
-2.1106682 -0.1552632
-2.3670595 -0.1522259
0.0000000 0.0000000
0.0000000 0.0000000
-4.5894957 0.2670797
-5.0025916 0.2460078
-4.8930354 0.6312752
-4.5401425 0.8684359
-4.8594351 0.7759526
-4.5658760 1.2104589
-4.6349554 1.5720246
-4.9973760 1.4239665
-4.7755003 1.9280696
-4.9128213 2.3604026
-5.3588958 2.1607492
-5.1245747 2.7455201
-5.2857890 3.2919800
-5.8487802 3.0589457
-5.5498276 3.7350962
-5.7212062 4.4054089
-6.4095368 4.1892433
-6.0041599 4.9505725
-6.0945139 5.9182749
-7.2308464 5.8457046
-6.4375939 6.6521292
-6.3382959 7.7302637
-6.8374600 7.4134173
-5.4075208 8.1017218
-4.4897013 7.5006719
-3.6041241 6.6819630
-2.3171012 6.4975204
0.5395973 5.0497360
1.6620499 4.1340914
2.9654257 3.2884243
3.0679085 3.2116630
4.4554653 2.2875178
11.5038853 -3.0150952
12.1636543 -1.4454510
13.9098406 -2.0905862
14.3473186 0.3729024
31.6202278 -5.3085747
37.6525345 -7.3060231
37.7101288 -9.1152754
25.1915054 -2.0997121
16.7105331 -1.4242039
5.7528629 -2.5028372
3.3592925 -2.5075257
4.7956953 -2.4429419
0.9068901 -4.1406479
-1.1260660 -4.5593758
-0.4830620 -4.3193021
-2.8830004 -4.9942875
-3.9845791 -4.9196205
-4.0437622 -4.7502322
-4.3412724 -4.4922061
-4.0635395 -4.1079965
-4.5503979 -4.0419521
-3.5081348 -3.5688682
-3.3140614 -3.1599593
-3.6441326 -3.0749474
-3.2799332 -2.8353584
-3.1325812 -2.4508615
-3.4233587 -2.3460131
-3.0400333 -2.2359838
-2.9238896 -1.8805810
-3.1794837 -1.7894553
-2.8447037 -1.7025131
-2.7523201 -1.3927398
-2.9833667 -1.3189690
-2.6952834 -1.2249874
-2.6323853 -0.9544253
-2.8481848 -0.9014665
-2.6082692 -0.7876701
-2.5952158 -0.5462155
-2.8048954 -0.5141524
-2.7488961 -0.3717612
-2.6168544 -0.1487975
-2.8579547 -0.1426468
0.0000000 0.0000000
0.0000000 0.0000000
-5.3526120 0.2199357
-5.6894703 0.1893854
-5.1643872 0.5495168
-5.1393094 0.6713873
-5.4058700 0.5612720
-5.1767244 1.0162585
-5.3030705 1.2520204
-5.5943317 1.0605001
-5.4935994 1.6082938
-5.7132816 1.9282509
-6.0817065 1.6486903
-6.0095840 2.3115618
-6.2715831 2.7997928
-6.7936940 2.4232531
-6.6851201 3.1926837
-6.9492083 3.9708695
-7.7502103 3.5582995
-7.5989161 4.4768562
-8.2345219 5.7335038
-9.0901718 5.3040829
-8.0592642 6.2395296
-6.8007379 6.4323025
-6.3049369 5.2284732
-4.9087119 6.5262771
-2.4460454 5.2370524
-1.3723211 3.4682295
0.6403422 3.6756177
3.0818396 2.7334278
3.7491939 1.8204536
5.3225107 1.3813161
5.9790750 1.0098852
7.6596208 0.0713895
14.4818039 -3.2874105
15.6117420 -2.1793854
16.2068672 -2.2516985
18.5461044 -0.9615958
34.7584991 -4.8924484
36.5683975 -5.4670372
33.6674232 -1.2609096
19.7567463 -3.3704951
15.1248951 -2.5990937
9.2473259 -2.5310154
5.6601357 -3.1229675
6.4283676 -3.3811131
2.6571941 -4.0101166
-0.1603590 -4.4155517
0.0768624 -4.3681593
-2.4720821 -4.7525454
-4.1968665 -4.6924210
-4.3808904 -4.5703092
-5.1641693 -4.2376981
-5.1095872 -3.9797902
-5.5634732 -3.8859692
-4.4408188 -3.3889015
-4.0883303 -2.9973731
-4.4939394 -2.8122621
-3.9540498 -2.7029293
-3.7412803 -2.2430739
-4.0562701 -2.0895517
-3.5941632 -2.0772717
-3.4359341 -1.6931916
-3.6920056 -1.5667366
-3.3191755 -1.5486900
-3.2006364 -1.2401936
-3.4195478 -1.1417360
-3.1172001 -1.0970551
-3.0384486 -0.8448801
-3.2354741 -0.7752991
-3.0034649 -0.6939270
-2.9834821 -0.4795099
-3.1753187 -0.4394772
-3.0062351 -0.3283289
-3.0853767 -0.1358672
-3.3006191 -0.1264896
0.0000000 0.0000000
0.0000000 0.0000000
-5.9483747 0.1558297
-6.1786242 0.1163643
-5.2847271 0.4327942
-5.6279478 0.4415020
-5.8125296 0.3196511
-5.6131477 0.7715945
-5.8334579 0.8441645
-6.0275755 0.6208268
-6.0489898 1.2100188
-6.3758454 1.3235853
-6.6152172 0.9840725
-6.7396293 1.7703992
-7.1768532 1.9786588
-7.5259304 1.4911890
-7.7415652 2.4456122
-8.3338737 3.0622699
-8.9840631 2.3873427
-9.3324518 3.3206599
-9.6815395 4.5689816
-9.9639597 3.6014798
-7.7183547 3.5908935
-6.0312629 3.8070328
-5.2428246 2.7653935
-3.7126031 3.7746892
-0.0237253 2.3167050
0.6153384 0.6837361
2.3471551 1.7556350
4.6725688 0.9323952
5.7696342 -0.1519233
7.6280189 -0.5722438
8.5956459 -0.8878665
9.3872776 -1.4759399
15.7572231 -3.6748383
16.8266926 -2.6786091
18.0760784 -3.0877862
24.6899433 -4.5941467
35.6479301 -7.4897213
36.5914268 -7.4334502
31.8752995 -5.5072713
14.2508116 -2.7978384
15.7878437 -3.6610880
10.7433424 -3.1807764
7.0380840 -3.4858160
7.4271603 -3.4858530
3.5797288 -3.9836380
0.5800257 -4.1938853
0.3361651 -3.9648950
-2.1476526 -4.4782834
-4.6253028 -4.4142184
-4.8441381 -4.2039967
-5.8949242 -3.6610932
-6.0790138 -3.8245389
-6.6444693 -3.6345861
-5.3742213 -3.1066527
-4.8985538 -2.6168392
-5.3172631 -2.3451395
-4.6281853 -2.4189613
-4.3419404 -1.9147800
-4.6451764 -1.7081642
-4.1195765 -1.8029037
-3.9163485 -1.4232421
-4.1529336 -1.2565504
-3.7502635 -1.3088906
-3.6046844 -1.0315200
-3.7985895 -0.9050926
-3.4886868 -0.9084097
-3.3953173 -0.6983584
-3.5627656 -0.6115629
-3.3326728 -0.5653068
-3.3267808 -0.3948013
-3.4884772 -0.3469161
-3.1950979 -0.2670538
-3.4932787 -0.1146491
-3.6724348 -0.1018443
0.0000000 0.0000000
0.0000000 0.0000000
-6.3312764 0.0717848
-6.4219041 0.0298055
-5.3150625 0.2812823
-5.9401059 0.1846181
-6.0057445 0.0517081
-5.8666177 0.4519056
-6.1703577 0.3699907
-6.2292628 0.1216412
-6.3963785 0.6816296
-6.8031430 0.5821032
-6.8662086 0.1890817
-7.2126932 1.0146766
-7.7912159 0.8864790
-7.8889117 0.3036045
-8.5070524 1.3681666
-9.4047556 1.6033514
-9.6898146 0.7477593
-10.4778376 1.5213355
-9.9247236 2.4355073
-9.9999542 1.0956421
-7.1668315 1.3495803
-4.7516742 1.6966115
-4.8254290 0.9136662
-1.7586887 1.4723790
1.1148391 0.5189199
0.7132743 -0.7216059
3.5167720 0.5148828
6.8927383 -0.9538078
7.6176262 -1.6888086
9.0091448 -1.3133252
10.3080072 -1.8231570
11.3943300 -2.2294574
16.7312546 -3.9489481
19.6115627 -3.5738947
20.9464188 -3.9617944
31.0471535 -5.2835946
34.9237671 -5.4912448
31.4633732 -4.9604325
24.9170094 -3.1660583
14.7352266 -3.5500493
13.6077108 -3.1141684
11.2812939 -3.3424721
7.7347302 -3.3090186
7.6787682 -3.0464706
3.9278095 -3.5377996
1.1276809 -3.4048758
0.4635811 -2.9839866
-1.8613718 -3.7234571
-4.8755136 -3.8730867
-4.9799314 -3.4586291
-6.5460782 -2.6729693
-7.2335186 -3.2841899
-7.7361407 -2.7109182
-6.3379612 -2.6330848
-5.6685667 -2.0334008
-6.0693526 -1.6776013
-5.2369728 -1.9359598
-4.8864088 -1.4522563
-5.1624603 -1.1687926
-4.5725298 -1.3793873
-4.3275299 -1.0613447
-4.5242052 -0.8510175
-4.1079187 -0.9706677
-3.9368231 -0.7605464
-4.0864515 -0.6080449
-3.7857420 -0.6581084
-3.6815279 -0.5137948
-3.8040345 -0.4112601
-3.5803447 -0.4023996
-3.6034386 -0.2933991
-3.7173615 -0.2362849
-3.3273880 -0.1882372
-3.8171036 -0.0847875
-3.9456165 -0.0699965
0.0000000 0.0000000
0.0000000 0.0000000
-6.4615121 -0.0186188
-6.4082522 -0.0580257
-5.2908535 0.0988417
-6.0233092 -0.0810418
-5.9552331 -0.2064425
-5.9355855 0.0677346
-6.2519274 -0.1341545
-6.1665268 -0.3670913
-6.4820251 0.0267554
-6.9002819 -0.2208273
-6.7769842 -0.5879029
-7.3140917 0.0273360
-7.9698596 -0.3446926
-7.7797303 -0.9073070
-8.7656717 -0.0062623
-9.8531332 -0.3199995
-9.5668192 -1.2664086
-10.7249556 -0.5598115
-9.8704739 -0.3149948
-9.6692982 -1.6919985
-7.3241873 -1.2262183
-3.9278502 0.0243084
-4.5636106 -2.0175917
-0.4634166 0.2510566
2.1472323 -0.8511357
0.9183534 -1.5450881
5.1089201 -0.8984782
7.9828029 -1.8247861
7.5495582 -1.7872601
9.3444166 -1.1803415
12.4802427 -2.8282185
14.3838158 -3.4355614
17.2803783 -4.3603978
22.3386841 -4.9560995
24.1643562 -5.1905503
33.5019150 -6.2498913
33.4746475 -5.5481868
29.0083332 -4.6986804
23.3182735 -3.9541619
13.7721739 -3.0583024
13.2060871 -2.7772624
10.8754587 -2.8371575
7.7119374 -2.4113433
7.5229740 -1.7570766
4.0187855 -2.6721509
1.0843414 -2.5102310
0.3433039 -1.6545302
-1.5400698 -2.2472188
-5.0314269 -2.7588854
-5.4005494 -1.9331818
-7.1903338 -1.2784715
-8.0515137 -2.0810323
-8.3948812 -1.3482801
-7.1374097 -1.7309588
-6.2911973 -1.1971036
-6.5859833 -0.7209610
-5.7312398 -1.2045717
-5.2991982 -0.8257124
-5.4643698 -0.4850554
-4.9141798 -0.8016229
-4.6266856 -0.6004056
-4.7425084 -0.3516922
-4.3583932 -0.5402570
-4.1662869 -0.4302774
-4.2502608 -0.2564142
-3.9830263 -0.3561454
-3.8730643 -0.2943062
-3.9373624 -0.1806626
-3.7366664 -0.2121996
-3.7887502 -0.1749000
-3.8422954 -0.1127685
-3.4127698 -0.0965506
-4.0357070 -0.0502248
-4.1009507 -0.0337630
0.0000000 0.0000000
0.0000000 0.0000000
-6.3295813 -0.0901051
-6.1687651 -0.1177862
-5.2085876 -0.0814110
-5.8685408 -0.3411079
-5.7054791 -0.4548776
-5.7868614 -0.3186075
-6.0770745 -0.6114269
-5.8725376 -0.8174021
-6.2858343 -0.6089130
-6.6620603 -0.9676487
-6.3864312 -1.2874118
-7.0289941 -0.9625654
-7.6097183 -1.4740287
-7.1934867 -1.9499446
-8.3034201 -1.5151994
-9.3061218 -2.2057190
-8.6374264 -2.9347811
-10.1122837 -2.5293138
-9.6961260 -2.8786581
-9.0821724 -3.9070156
-7.5034738 -4.0767860
-3.9097490 -3.1745133
-3.4459016 -3.4003015
-1.2291446 -3.0545752
1.8375847 -2.6136513
1.8985504 -2.8142333
5.2077518 -1.9944153
7.5492396 -2.2993507
7.7943006 -3.6455100
10.7968102 -2.3495498
16.1508045 -3.8403354
15.7012234 -4.6109309
18.3049793 -4.4666176
23.7814426 -5.8950768
26.7850075 -6.5309439
33.3786125 -6.3602118
30.8315144 -5.4096766
27.1848831 -4.9481888
19.7049465 -3.3434083
12.1394482 -2.1515462
11.5452929 -1.7904811
10.2442255 -1.6944706
7.0287008 -1.2613971
6.5573597 -0.9046220
4.4297099 -1.6569521
1.2278627 -1.0304840
0.3052994 -0.1681108
-1.8474244 -0.4204307
-5.5089521 -1.0271879
-5.4276094 -0.0445752
-7.5643458 -0.0175151
-8.5828724 -0.3877795
-8.7611580 0.5993225
-7.6018562 -0.2691756
-6.6176815 -0.1370306
-6.6819406 0.3977796
-5.9587326 -0.2132276
-5.4842429 -0.0805237
-5.5257807 0.2888697
-5.0592628 -0.1100154
-4.7492604 -0.0652097
-4.7710376 0.1945585
-4.4606347 -0.0571087
-4.2576389 -0.0570315
-4.2665653 0.1233702
-4.0600319 -0.0299213
-3.9475844 -0.0497949
-3.9491637 0.0683509
-3.7953646 -0.0111752
-3.8607576 -0.0408890
-3.8561659 0.0243652
-3.4540327 0.0030650
-4.1303563 -0.0166373
-4.1371217 -0.0004372
0.0000000 0.0000000
0.0000000 0.0000000
-6.0020986 -0.1416059
-5.7512083 -0.1619860
-4.9522462 -0.2463440
-5.5285749 -0.5628690
-5.2890024 -0.6501112
-5.4352150 -0.6524690
-5.6734958 -1.0121355
-5.3823776 -1.1676316
-5.8274336 -1.1407788
-6.1308303 -1.5915926
-5.7451711 -1.8253293
-6.3932567 -1.7426045
-6.8428993 -2.3898966
-6.2944870 -2.7211397
-7.3107176 -2.6583889
-8.0838137 -3.5507922
-7.2235737 -4.0188284
-8.6656132 -4.2318988
-8.5477180 -5.0688572
-7.2955346 -5.7048955
-7.8755288 -6.2249179
-5.3139987 -6.7136593
-3.8591697 -7.0478296
-1.9361376 -6.7795148
1.3239263 -6.1830201
2.9305906 -7.6174150
4.3836713 -5.5807753
8.2888737 -5.5306211
8.7851801 -7.2206097
12.2340317 -5.6280999
16.0032921 -5.6684699
16.2773838 -6.3268623
20.0580235 -6.2818179
26.5631618 -6.5639524
28.2540894 -6.1065912
29.5043755 -5.4832039
26.3633137 -4.2423959
22.7078457 -3.1231284
16.9423828 -2.0281601
10.8649340 -1.5165242
10.1966496 -0.9971343
9.8965721 -0.5055525
5.9723697 -0.4011438
5.3856134 0.5081173
3.5787270 0.0443349
0.5449547 0.7557168
-0.1517087 1.6204489
-2.3326271 1.1408464
-5.7850213 1.4149579
-6.6279931 2.7644174
-8.4083862 2.2291780
-8.1974354 1.7914730
-8.0832853 2.4234264
-7.2690811 1.2639928
-6.4723587 1.0694454
-6.2685018 1.5719478
-5.8387952 0.8380114
-5.3960514 0.7226728
-5.2436748 1.0781370
-4.9740705 0.6029629
-4.6802082 0.4919297
-4.5711827 0.7409273
-4.3941498 0.4304328
-4.2014418 0.3257702
-4.1208029 0.4981886
-4.0066690 0.2956455
-3.9018817 0.1996894
-3.8362477 0.3127087
-3.7493358 0.1890268
-3.8244610 0.0975923
-3.7620826 0.1606862
-3.4110782 0.0983499
-4.1086140 0.0162282
-4.0589662 0.0321106
0.0000000 0.0000000
0.0000000 0.0000000
-5.5131893 -0.1781433
-5.2006745 -0.1915858
-4.5514607 -0.3764730
-5.0423512 -0.7256979
-4.7529345 -0.7815847
-4.9307108 -0.9042279
-5.1041517 -1.3006462
-4.7649035 -1.3983220
-5.1883402 -1.5333290
-5.3833151 -2.0140176
-4.9575515 -2.1525433
-5.5254235 -2.3122103
-5.7747049 -2.9539649
-5.2151599 -3.1380937
-5.9927530 -3.3926373
-6.4696527 -4.3432589
-5.5578203 -4.5242481
-6.8589664 -5.1291332
-6.7590089 -6.1819329
-5.7138939 -6.4843769
-6.0060682 -6.7361979
-4.4247689 -7.2666554
-3.5644376 -7.7981825
-2.0835447 -8.0436487
1.2802428 -8.4207535
0.8285666 -8.2341585
4.6876574 -8.8311129
8.0521231 -8.2440443
7.6231842 -7.6954193
11.0922203 -7.2903771
15.3670998 -7.0355177
16.2551651 -6.4239063
20.2634296 -7.4386215
24.6044331 -6.4920988
26.0073261 -5.7640300
26.8588276 -4.9011011
22.5455818 -2.9811184
19.3568859 -0.5278180
13.8353987 -0.3212946
9.7277002 -0.1929884
8.9320097 0.6000494
8.3041019 1.0368638
4.9525194 1.5505743
4.2055364 2.6828749
1.9653565 2.2811453
-0.8280575 3.0832126
-1.2200553 4.4295406
-3.7605932 3.7586823
-5.9943228 4.2746048
-6.8129306 5.3266211
-7.9743543 4.1582804
-7.3739018 3.1671877
-6.3917809 3.8259344
-6.3140368 2.7340348
-5.9217811 2.0495372
-5.3887906 2.5310011
-5.3241367 1.8178421
-5.0201020 1.4137046
-4.6924229 1.7367945
-4.6357136 1.2480110
-4.4114146 0.9853177
-4.1886258 1.2062048
-4.1549482 0.8676517
-3.9993505 0.6722108
-3.8367620 0.8230259
-3.8241618 0.5888876
-3.7405055 0.4285017
-3.6125176 0.5276316
-3.5986524 0.3699719
-3.6862745 0.2266828
-3.5703447 0.2823301
-3.2773941 0.1825249
-3.9770288 0.0469529
-3.8762047 0.0618823
0.0000000 0.0000000
0.0000000 0.0000000
-4.9130030 -0.1987732
-4.5686612 -0.2052382
-4.0512676 -0.4647937
-4.4564023 -0.8189946
-4.1473827 -0.8434039
-4.3263726 -1.0620537
-4.4305363 -1.4611628
-4.0814753 -1.5012935
-4.4444008 -1.7537285
-4.5366397 -2.2338872
-4.1201921 -2.2808976
-4.5640683 -2.5835934
-4.6502614 -3.2094765
-4.1510754 -3.2470083
-4.6266990 -3.7003138
-4.7395167 -4.4985495
-4.1339159 -4.4918633
-4.7933583 -5.2133970
-4.8317981 -6.4022989
-3.9901829 -6.0973024
-4.2315302 -7.5875731
-2.8095989 -8.1086063
-2.6260142 -7.8659840
-0.8266931 -8.2067690
1.5587128 -7.9117613
1.5290085 -8.1208324
3.7926145 -7.7536788
6.3827825 -7.5110121
6.2365689 -7.3121157
9.9576206 -6.6685419
14.6300001 -6.1100397
13.4136333 -5.8400817
19.2291431 -4.7275047
22.4786282 -2.4280050
22.4607143 -1.7527741
20.7978535 -1.3770760
18.1911545 1.1614023
17.7454929 2.4004297
12.7834024 2.1691697
8.2462502 2.0317357
7.5802989 3.9378633
5.9531460 3.5220771
3.1893864 4.0056424
2.1010447 5.4937668
0.0954763 5.1391892
-2.3762717 6.1101794
-2.2648046 7.0801868
-4.7377567 6.5253386
-6.2503834 6.3274875
-4.8862472 6.4133592
-6.0109553 5.3062482
-5.6429300 4.0592027
-4.6172886 4.3819261
-5.1376538 3.5869188
-4.9821620 2.7235477
-4.3051720 3.0808370
-4.5669441 2.4778817
-4.4068727 1.9231846
-3.9800315 2.1706009
-4.1176014 1.7296140
-3.9793060 1.3637590
-3.6855841 1.5355412
-3.7793193 1.2089995
-3.6740637 0.9465669
-3.4553163 1.0648237
-3.5337245 0.8226917
-3.4799619 0.6153855
-3.3046348 0.6937033
-3.3575392 0.5157646
-3.4584718 0.3344914
-3.2995682 0.3788324
-3.0650389 0.2492271
-3.7481916 0.0732628
-3.6066587 0.0862164
0.0000000 0.0000000
0.0000000 0.0000000
-4.2548609 -0.2042959
-3.9059482 -0.2045705
-3.5009274 -0.5096631
-3.8255136 -0.8465046
-3.5228364 -0.8438799
-3.6832271 -1.1264257
-3.7230930 -1.4999620
-3.3979995 -1.4906907
-3.6780932 -1.8212150
-3.6733830 -2.2544937
-3.3186960 -2.2233739
-3.6041827 -2.6297603
-3.5476491 -3.1596832
-3.1812816 -3.0772674
-3.3980696 -3.6444726
-3.2507339 -4.2830372
-2.9329853 -4.0915618
-2.9747152 -4.8818750
-2.7350247 -5.6928816
-2.4921048 -5.2898169
-2.4244838 -6.4803991
-1.7946892 -7.3836660
-1.6039177 -6.6973901
-0.6394908 -8.1961985
1.1113693 -8.4639788
0.8526076 -7.8705010
3.4205675 -8.3108091
5.8277421 -7.6358900
5.4564166 -7.9165826
8.6767130 -6.6520958
11.5458984 -5.7517300
10.1380672 -5.5994215
15.0841522 -3.2684643
17.7970753 -1.4589236
14.3470430 0.5141203
17.7458420 -0.7443457
15.4035969 3.8784809
13.5417404 6.8957505
10.6918707 5.4865885
7.0259790 6.1009312
7.3336844 8.0632954
3.9674928 7.1357918
0.3993351 8.0863695
1.2853380 8.8859396
-1.2475705 8.1854696
-2.9425633 8.2801208
-1.7717969 8.0613136
-3.9699590 7.4016438
-4.1793399 5.9425526
-2.6144490 5.9420838
-3.9573035 5.2961612
-4.0518427 4.2850876
-3.1179504 4.3625712
-3.9007797 3.8172770
-3.8954699 3.0778990
-3.2533090 3.2241774
-3.7231424 2.7716904
-3.6736984 2.2219734
-3.2213264 2.3713987
-3.5126479 2.0026457
-3.4491012 1.6072358
-3.1246774 1.7195588
-3.3221924 1.4279842
-3.2662783 1.1337581
-3.0183420 1.2138985
-3.1699741 0.9823908
-3.1465180 0.7484373
-2.9426591 0.8026186
-3.0492728 0.6176698
-3.1615310 0.4139869
-2.9732735 0.4451706
-2.7927179 0.2949275
-3.4423425 0.0934568
-3.2732737 0.1036012
0.0000000 0.0000000
0.0000000 0.0000000
-3.5877526 -0.1970361
-3.2557249 -0.1921655
-2.9439635 -0.5162519
-3.1956620 -0.8185596
-2.9187248 -0.7949879
-3.0505078 -1.1116076
-3.0379932 -1.4384066
-2.7564187 -1.3912399
-2.9542725 -1.7600832
-2.8776433 -2.1216874
-2.5965886 -2.0328257
-2.7525709 -2.4833913
-2.6029272 -2.8948030
-2.3454511 -2.7309990
-2.3871553 -3.3272402
-2.1247518 -3.7797582
-1.9424844 -3.4950724
-1.7895905 -4.2558994
-1.3740182 -4.7816744
-1.3109521 -4.2817979
-0.8211377 -5.3500090
-0.1529479 -5.8692775
-0.1661701 -5.1238608
0.5925620 -6.3705039
1.6475204 -6.7029672
1.4764631 -5.7327790
2.8988121 -7.0969152
4.8009796 -6.6738315
4.0615926 -5.5003643
6.9468703 -6.6160784
8.8608036 -5.2085876
7.4185495 -4.0069265
10.7336235 -1.5848235
11.2252531 -0.4866580
8.7540960 0.6353447
11.8812017 1.1942338
11.2814550 4.6287384
7.9344563 5.0395918
8.4381514 6.6832285
5.5159883 8.9327374
4.7068272 7.5841084
2.9917006 8.7915163
0.8207774 8.6329613
1.6818246 7.5045657
-0.3498716 7.9803505
-1.2092217 6.8496027
-0.2227731 6.2658110
-1.7312157 6.2127137
-2.2345972 5.3274789
-1.3786577 5.0788398
-2.4865422 4.8190799
-2.7341726 4.0816746
-2.0217271 4.0046735
-2.8043313 3.6874213
-2.9106417 3.1028674
-2.3630388 3.1050723
-2.9049528 2.7926543
-2.9356792 2.3228402
-2.5186822 2.3729341
-2.8925803 2.0881052
-2.8870604 1.7193576
-2.5676107 1.7723576
-2.8338201 1.5256896
-2.8187795 1.2345697
-2.5648313 1.2767333
-2.7678137 1.0658997
-2.7702911 0.8265234
-2.5554056 0.8568744
-2.7004344 0.6746801
-2.8189898 0.4634512
-2.6150782 0.4815213
-2.4820230 0.3196133
-3.0835445 0.1069379
-2.9003034 0.1137743
0.0000000 0.0000000
0.0000000 0.0000000
-2.9516625 -0.1806912
-2.6499386 -0.1720251
-2.4152076 -0.4923072
-2.6049073 -0.7516334
-2.3623981 -0.7140085
-2.4677517 -1.0366449
-2.4206600 -1.3090404
-2.1838920 -1.2376570
-2.3193581 -1.6079830
-2.2038207 -1.8943120
-1.9796460 -1.7730763
-2.0574923 -2.2141206
-1.8697884 -2.5154846
-1.6723576 -2.3195629
-1.6437190 -2.8650517
-1.3528689 -3.1693828
-1.2058768 -2.8643515
-1.0230089 -3.5245523
-0.6088619 -3.8202288
-0.5329092 -3.3673847
-0.1300821 -4.1846671
0.5097277 -4.3865132
0.4869140 -3.7420254
1.2122294 -4.7136297
2.0713809 -4.6764030
1.8468409 -3.8808184
2.9066224 -4.5308499
3.8674207 -4.3103199
3.3582394 -3.3192005
4.8979044 -3.8881280
5.9665885 -3.0831456
4.9904618 -2.0948191
6.9839945 -1.0991322
7.1862378 -0.1994150
5.6260281 0.1344867
7.4259768 1.8561759
6.7794838 3.6243198
5.1313601 2.4774911
5.7408748 4.4177470
4.5936975 5.8158536
3.6174495 4.2589192
3.1174934 5.6690903
2.0474908 5.9773846
1.8434144 4.9340267
0.8842988 5.5986638
0.1326164 5.3347178
0.3960388 4.7219143
-0.5405553 4.9531832
-1.0332031 4.4962106
-0.6396831 4.1477656
-1.4214698 4.1306496
-1.7168138 3.6652207
-1.2876046 3.4776568
-1.9245391 3.3368661
-2.0916100 2.9154732
-1.6845466 2.8297503
-2.1879663 2.6362131
-2.2717059 2.2703547
-1.9251571 2.2421033
-2.3109169 2.0360696
-2.3466580 1.7224263
-2.0597045 1.7251016
-2.3537993 1.5247449
-2.3684778 1.2605295
-2.1270566 1.2695311
-2.3570247 1.0835419
-2.3791704 0.8559342
-2.1668701 0.8652745
-2.3348036 0.6918162
-2.4533997 0.4852659
-2.2458208 0.4918944
-2.1536970 0.3259036
-2.6957319 0.1141641
-2.5098395 0.1175378
0.0000000 0.0000000
0.0000000 0.0000000
-2.3740070 -0.1595777
-2.1083906 -0.1485010
-1.9376664 -0.4476400
-2.0777190 -0.6635427
-1.8700355 -0.6188225
-1.9565271 -0.9248475
-1.8925126 -1.1459512
-1.6938746 -1.0640024
-1.7898231 -1.4080212
-1.6621820 -1.6293950
-1.4783133 -1.4984044
-1.5167539 -1.8954057
-1.3261056 -2.1115122
-1.1636403 -1.9151367
-1.1165082 -2.3780627
-0.8417437 -2.5744047
-0.7091597 -2.2903264
-0.5475192 -2.8278522
-0.1690126 -2.9791663
-0.0897779 -2.5913064
0.2138011 -3.1693456
0.7202690 -3.2234347
0.7013265 -2.7333214
1.2091783 -3.3117168
1.8150053 -3.2261662
1.6676433 -2.6171532
2.4300225 -2.9815049
3.0004730 -2.7270460
2.6568265 -2.1138167
3.6262975 -2.1335883
4.1043520 -1.6360012
3.4933152 -1.2071612
4.6121240 -0.4363186
4.6853008 0.1034054
3.8062003 0.1250801
4.7801256 1.3429450
4.3987489 2.0519223
3.5021899 1.6173600
3.9842894 2.7351205
3.3707733 3.4929385
2.6805587 2.7723529
2.6414795 3.7004359
1.9694252 4.1187701
1.6090345 3.3989644
1.2073035 3.9993396
0.6540685 4.0628123
0.5960292 3.5190649
0.0694154 3.8304684
-0.3419240 3.6736460
-0.2275094 3.3044097
-0.7373538 3.4099221
-1.0187150 3.1591120
-0.8069960 2.9253700
-1.2735007 2.8987668
-1.4541636 2.6230843
-1.1912450 2.4869640
-1.6046675 2.3827908
-1.7142868 2.1142390
-1.4513493 2.0406814
-1.8003461 1.8989463
-1.8617014 1.6488199
-1.6215086 1.6135662
-1.9082623 1.4562206
-1.9417303 1.2297682
-1.7262645 1.2133671
-1.9603122 1.0525502
-1.9943981 0.8468884
-1.7949440 0.8398682
-1.9710493 0.6781450
-2.0841441 0.4849758
-1.8820804 0.4828233
-1.8246806 0.3183399
-2.2996390 0.1160436
-2.1192958 0.1162339
0.0000000 0.0000000
0.0000000 0.0000000
-1.8682338 -0.1371776
-1.6393683 -0.1250998
-1.5222324 -0.3926564
-1.6233132 -0.5695115
-1.4471951 -0.5235656
-1.5223184 -0.7990233
-1.4540266 -0.9761257
-1.2867914 -0.8939297
-1.3597850 -1.1971190
-1.2362417 -1.3665931
-1.0831978 -1.2406665
-1.1049081 -1.5789990
-0.9292203 -1.7328126
-0.7939894 -1.5531442
-0.7474056 -1.9284018
-0.5077370 -2.0527239
-0.3936846 -1.8078673
-0.2664525 -2.2143648
0.0464679 -2.2867699
0.1154351 -1.9723359
0.3461272 -2.3713634
0.7286290 -2.3663514
0.7110368 -1.9932090
1.0816681 -2.3203835
1.4838624 -2.2299893
1.3743317 -1.8041292
1.8852353 -1.9639554
2.2325797 -1.7575955
2.0033021 -1.3732189
2.6352904 -1.2604648
2.8790588 -0.9378566
2.4801559 -0.7056164
3.1794233 -0.1455302
3.1904275 0.1818730
2.6512823 0.1859800
3.2693691 0.9859912
3.0234377 1.4008150
2.4630227 1.1586984
2.8189697 1.9108404
2.4424706 2.3707242
1.9693066 1.9585294
2.0403244 2.6074088
1.6129477 2.9304249
1.2977949 2.4681625
1.1409107 2.9479270
0.7465829 3.0844991
0.6019188 2.6730590
0.3184569 2.9731171
-0.0026413 2.9524717
-0.0162575 2.6313734
-0.3375702 2.7799447
-0.5792230 2.6611443
-0.4979606 2.4315679
-0.8217033 2.4660482
-0.9907025 2.2966661
-0.8376788 2.1448920
-1.1540009 2.0996807
-1.2675694 1.9109347
-1.0826942 1.8158560
-1.3736651 1.7218075
-1.4454597 1.5295837
-1.2551805 1.4723599
-1.5115068 1.3501335
-1.5551487 1.1627632
-1.3708540 1.1297948
-1.5914642 0.9917800
-1.6303164 0.8119417
-1.4505242 0.7939872
-1.6228834 0.6449643
-1.7249157 0.4693806
-1.5351852 0.4613534
-1.5064753 0.3021612
-1.9110727 0.1138096
-1.7406611 0.1116188
0.0000000 0.0000000
0.0000000 0.0000000
-1.4363014 -0.1159659
-1.2418934 -0.1041740
-1.1696430 -0.3359547
-1.2404147 -0.4803825
-1.0910716 -0.4373313
-1.1611186 -0.6760329
-1.0961499 -0.8176253
-0.9549006 -0.7420966
-1.0158641 -0.9991006
-0.9057568 -1.1291438
-0.7770709 -1.0168808
-0.7948965 -1.2939526
-0.6432563 -1.4041268
-0.5307881 -1.2496895
-0.4943142 -1.5429348
-0.2962623 -1.6213897
-0.2030315 -1.4200507
-0.1070609 -1.7142295
0.1359946 -1.7462209
0.1882471 -1.5015261
0.3610896 -1.7640055
0.6373056 -1.7383548
0.6219994 -1.4618466
0.8931587 -1.6426632
1.1585562 -1.5572028
1.0739954 -1.2658300
1.4311872 -1.3141245
1.6465510 -1.1533097
1.4772441 -0.9088446
1.9051973 -0.7689938
2.0404978 -0.5476469
1.7661158 -0.4072003
2.2296724 0.0002896
2.2207642 0.2222669
1.8652136 0.2238508
2.2793767 0.7643217
2.1225460 1.0423592
1.7450581 0.8964374
2.0136688 1.4226396
1.7712361 1.7282027
1.4335295 1.4725541
1.5339881 1.9407144
1.2518924 2.1817126
0.9984381 1.8778094
0.9528443 2.2491055
0.6756542 2.3854682
0.5227880 2.0892625
0.3773708 2.3467963
0.1356117 2.3789563
0.0735454 2.1251531
-0.1225771 2.2751377
-0.3177539 2.2268386
-0.3041088 2.0282574
-0.5217434 2.0874896
-0.6669868 1.9860828
-0.5852345 1.8426297
-0.8168407 1.8306178
-0.9216638 1.6995888
-0.7966638 1.6013695
-1.0270468 1.5388583
-1.0976541 1.3923634
-0.9525910 1.3278511
-1.1685730 1.2314866
-1.2143263 1.0784189
-1.0613147 1.0378863
-1.2569647 0.9186158
-1.2954327 0.7634915
-1.1370052 0.7399899
-1.2976770 0.6029795
-1.3840973 0.4455745
-1.2106309 0.4345993
-1.2061881 0.2824028
-1.5391349 0.1096793
-1.3805164 0.1061251
0.0000000 0.0000000
0.0000000 0.0000000
-1.0724311 -0.0975807
-0.9084257 -0.0870537
-0.8745034 -0.2834365
-0.9219674 -0.4027341
-0.7940579 -0.3651421
-0.8632674 -0.5662624
-0.8062935 -0.6808929
-0.6857004 -0.6159933
-0.7427962 -0.8274490
-0.6505303 -0.9289912
-0.5415013 -0.8348095
-0.5622875 -1.0543258
-0.4393324 -1.1352024
-0.3449501 -1.0092708
-0.3234426 -1.2300799
-0.1681406 -1.2809358
-0.0931603 -1.1224595
-0.0257930 -1.3279411
0.1551794 -1.3395442
0.1926355 -1.1552192
0.3205146 -1.3204470
0.5137437 -1.2878990
0.4987924 -1.0883256
0.6954971 -1.1806110
0.8719283 -1.1036588
0.8022407 -0.9057205
1.0578794 -0.8968641
1.1935831 -0.7701321
1.0625260 -0.6108862
1.3629625 -0.4727113
1.4407494 -0.3104772
1.2421329 -0.2215823
1.5641503 0.0799416
1.5518607 0.2468715
1.3007333 0.2474080
1.5926517 0.6257982
1.4919623 0.8295819
1.2218013 0.7375979
1.4311453 1.1162815
1.2720630 1.3341491
1.0209140 1.1698004
1.1279285 1.5148067
0.9385830 1.6977268
0.7356306 1.4943148
0.7462289 1.7791829
0.5528295 1.8986703
0.4127396 1.6893473
0.3487144 1.8990455
0.1715651 1.9482406
0.0952228 1.7571670
-0.0170994 1.8900430
-0.1677187 1.8770483
-0.1849651 1.7173448
-0.3263067 1.7798387
-0.4436021 1.7190580
-0.4039650 1.5964900
-0.5679343 1.5988899
-0.6566041 1.5062444
-0.5735280 1.4175258
-0.7485906 1.3728371
-0.8114275 1.2595176
-0.7013783 1.1982352
-0.8761298 1.1186963
-0.9180186 0.9925383
-0.7925973 0.9525407
-0.9584521 0.8469217
-0.9917145 0.7127146
-0.8545925 0.6890401
-0.9973265 0.5620860
-1.0660915 0.4198231
-0.9085503 0.4089270
-0.9262537 0.2638070
-1.1878023 0.1051396
-1.0373454 0.0997060
0.0000000 0.0000000
0.0000000 0.0000000
-0.7666816 -0.0828185
-0.6274163 -0.0742467
-0.6282406 -0.2385982
-0.6574268 -0.3400502
-0.5458131 -0.3096642
-0.6172178 -0.4752500
-0.5710976 -0.5710672
-0.4657142 -0.5188896
-0.5243959 -0.6884514
-0.4521733 -0.7708450
-0.3575851 -0.6963773
-0.3871056 -0.8652526
-0.2932633 -0.9276441
-0.2130362 -0.8299757
-0.2081115 -0.9903255
-0.0940736 -1.0254787
-0.0326873 -0.9053403
0.0082905 -1.0436909
0.1368900 -1.0450287
0.1637833 -0.9099107
0.2532899 -1.0078837
0.3848359 -0.9736323
0.3693574 -0.8325181
0.5103876 -0.8697580
0.6261330 -0.8005296
0.5664777 -0.6664011
0.7505314 -0.6278020
0.8362416 -0.5235267
0.7304839 -0.4181073
0.9472667 -0.2906377
0.9933637 -0.1616002
0.8403010 -0.1035618
1.0739946 0.1246610
1.0631298 0.2625841
0.8738460 0.2627902
1.0918442 0.5377921
1.0270464 0.6994318
0.8217606 0.6399702
0.9925079 0.9195255
0.8888360 1.0867171
0.6925449 0.9790131
0.8008451 1.2379383
0.6747728 1.3824136
0.5082294 1.2450619
0.5521837 1.4641483
0.4198809 1.5665098
0.2956776 1.4194427
0.2835518 1.5865113
0.1584180 1.6386768
0.0808537 1.4981021
0.0267323 1.6090258
-0.0832339 1.6123415
-0.1138360 1.4890419
-0.1985121 1.5453987
-0.2879455 1.5074164
-0.2708963 1.4087751
-0.3825935 1.4150033
-0.4518294 1.3464162
-0.3958479 1.2725323
-0.5245313 1.2365656
-0.5750556 1.1457771
-0.4907061 1.0936828
-0.6268737 1.0242071
-0.6611778 0.9176493
-0.5580596 0.8839613
-0.6933199 0.7875347
-0.7179917 0.6698205
-0.6010495 0.6512949
-0.7213102 0.5310624
-0.7679077 0.4009575
-0.6300734 0.3936915
-0.6591031 0.2553504
-0.8585620 0.0940977
-0.7080705 0.0871005
0.0000000 0.0000000
0.0000000 0.0000000
-0.5072526 -0.0722162
-0.3846277 -0.0661131
-0.4205019 -0.2034213
-0.4347174 -0.2942171
-0.3337688 -0.2715411
-0.4112288 -0.4060820
-0.3768796 -0.4907869
-0.2816184 -0.4507526
-0.3461856 -0.5848178
-0.2950211 -0.6565431
-0.2095627 -0.5986530
-0.2514198 -0.7273861
-0.1861141 -0.7799945
-0.1153627 -0.7033933
-0.1297196 -0.8200289
-0.0526603 -0.8477308
-0.0012647 -0.7528982
0.0147275 -0.8478226
0.0994471 -0.8448121
0.1200532 -0.7411535
0.1755820 -0.7993193
0.2603933 -0.7652456
0.2445345 -0.6612729
0.3408979 -0.6690007
0.4142914 -0.6050271
0.3608974 -0.5101938
0.4930944 -0.4594453
0.5453237 -0.3681495
0.4554240 -0.2947593
0.6154070 -0.1809155
0.6423819 -0.0686506
0.5163248 -0.0291046
0.6934842 0.1490835
0.6861904 0.2728693
0.5319512 0.2723033
0.7057669 0.4821970
0.6655968 0.6209409
0.4981072 0.5788999
0.6476784 0.7954020
0.5829665 0.9345088
0.4196466 0.8571976
0.5312894 1.0625577
0.4514492 1.1833693
0.3079975 1.0816587
0.3767270 1.2616727
0.2912212 1.3504286
0.1793378 1.2361977
0.2056683 1.3809508
0.1230524 1.4305792
0.0486139 1.3147211
0.0378032 1.4192234
-0.0363249 1.4284469
-0.0716782 1.3207891
-0.1131043 1.3831006
-0.1753914 1.3553425
-0.1702083 1.2666640
-0.2401031 1.2843626
-0.2895110 1.2282151
-0.2493785 1.1610751
-0.3405795 1.1379645
-0.3767490 1.0604070
-0.3098200 1.0134330
-0.4132679 0.9563361
-0.4374280 0.8630620
-0.3519637 0.8338180
-0.4582624 0.7487553
-0.4728734 0.6441367
-0.3782560 0.6274275
-0.4716889 0.5165496
-0.4835332 0.4097178
-0.3932052 0.3765187
-0.4117458 0.2483528
-0.4922673 0.1463924
-0.4059476 -0.0081791
0.0000000 0.0000000
0.0000000 0.0000000
-0.2802669 -0.0669843
-0.1666167 -0.0636667
-0.2400876 -0.1791623
-0.2414954 -0.2674446
-0.1450183 -0.2408796
-0.2326192 -0.3609093
-0.2106339 -0.4439498
-0.1190206 -0.3894339
-0.1953813 -0.5193112
-0.1646891 -0.5907321
-0.0837358 -0.5057371
-0.1415540 -0.6427713
-0.1035931 -0.6962444
-0.0389682 -0.5797435
-0.0734252 -0.7187780
-0.0295842 -0.7482659
0.0135123 -0.6066136
0.0061413 -0.7344006
0.0540106 -0.7340649
0.0701628 -0.5895578
0.0949075 -0.6814311
0.1421455 -0.6507992
0.1263159 -0.5164590
0.1852425 -0.5582770
0.2263767 -0.4978015
0.1767972 -0.3862854
0.2682382 -0.3687804
0.2976256 -0.2820052
0.2157903 -0.2046025
0.3350455 -0.1235532
0.3498342 -0.0164179
0.2383461 0.0166594
0.3787833 0.1604203
0.3752753 0.2816835
0.2399957 0.2628807
0.3878056 0.4520669
0.3668495 0.5831524
0.2191086 0.5098940
0.3593485 0.7313721
0.3248232 0.8578742
0.1793603 0.7332196
0.2991873 0.9744932
0.2558277 1.0816727
0.1262151 0.9132989
0.2168142 1.1616580
0.1698754 1.2387061
0.0665954 1.0375317
0.1241738 1.2807331
0.0783110 1.3222493
0.0078165 1.1014897
0.0321760 1.3283453
-0.0100148 1.3324654
-0.0456242 1.1127877
-0.0523334 1.3066086
-0.0883306 1.2754965
-0.0904229 1.0818535
-0.1249953 1.2243471
-0.1542481 1.1662265
-0.1249411 1.0075058
-0.1834485 1.0946288
-0.2053272 1.0169867
-0.1499061 0.8936036
-0.2263144 0.9298554
-0.2401943 0.8403368
-0.1663520 0.7496916
-0.2514496 0.7405998
-0.2489833 0.6540291
-0.1862405 0.5855430
-0.2593804 0.5160623
-0.1762603 0.5027948
-0.2756761 0.3907819
-0.2177857 0.1721001
0.1142140 0.4116697
-0.2926678 -0.1522572
0.0000000 0.0000000
0.0000000 0.0000000
-0.0630378 -0.0702870
0.0000000 0.0000000
-0.0628651 -0.1717370
-0.0578931 -0.2790268
0.0000000 0.0000000
-0.0573203 -0.3631701
-0.0519836 -0.4598235
0.0000000 0.0000000
-0.0492513 -0.5307276
-0.0423587 -0.6081319
0.0000000 0.0000000
-0.0376202 -0.6597732
-0.0286165 -0.7122121
0.0000000 0.0000000
-0.0214214 -0.7374568
-0.0102209 -0.7595246
0.0000000 0.0000000
-0.0007409 -0.7509635
0.0101830 -0.7373747
0.0000000 0.0000000
0.0203606 -0.6938211
0.0311606 -0.6446309
0.0000000 0.0000000
0.0420228 -0.5650858
0.0513912 -0.4819567
0.0000000 0.0000000
0.0619191 -0.3697338
0.0688276 -0.2568705
0.0000000 0.0000000
0.0783135 -0.1196563
0.0817116 0.0171051
0.0000000 0.0000000
0.0901429 0.1671881
0.0886441 0.3220019
0.0000000 0.0000000
0.0940923 0.4677211
0.0876324 0.6298778
0.0000000 0.0000000
0.0888157 0.7573596
0.0784282 0.9119325
0.0000000 0.0000000
0.0756463 1.0112526
0.0625163 1.1440340
0.0000000 0.0000000
0.0566886 1.2093313
0.0422393 1.3097273
0.0000000 0.0000000
0.0343000 1.3388640
0.0196850 1.4016998
0.0000000 0.0000000
0.0104192 1.3944854
-0.0030554 1.4181486
0.0000000 0.0000000
-0.0123511 1.3779358
-0.0232764 1.3637698
0.0000000 0.0000000
-0.0305861 1.2978431
-0.0390447 1.2523532
0.0000000 0.0000000
-0.0445731 1.1669585
-0.0507430 1.0971047
0.0000000 0.0000000
-0.0545215 0.9989514
-0.0607853 0.9102371
0.0000000 0.0000000
-0.0663032 0.8042875
-0.0541558 0.7459670
0.0000000 0.0000000
-0.1371667 0.5403197
0.1288761 0.8516771
0.0000000 0.0000000
-0.2788874 -0.0348061
1.1114817 1.2121558
0.0000000 0.0000000
0.0000000 0.0000000
-38.52045
-38.78604
-40.06828
-42.92076
-46.52749
-51.11998
-57.01576
-64.49528
-74.51167
-89.75712
-118.2133
-177.5782
-258.8924
-45.65375
-86.10239
-34.45032
-28.75891
-25.0265
-23.33047
-22.63027
-22.33719
-22.25391
-22.28713
-22.36866
-22.48799
-22.81756
-38.94691
-39.03457
-40.53275
-43.15878
-46.7958
-51.44248
-57.28925
-64.61995
-74.09628
-87.51698
-110.9785
-179.7566
-214.5025
-25.61127
-93.3848
-36.83551
-27.52048
-24.66658
-23.42036
-22.82767
-22.54253
-22.42237
-22.4046
-22.43201
-22.5226
-22.73428
-39.77803
-39.99532
-41.66778
-44.16894
-47.8635
-52.62871
-58.47953
-65.43276
-73.39439
-82.00284
-88.84359
-96.90955
-124.1637
-22.72907
-13.39471
-24.46623
-24.38773
-24.13769
-23.86318
-23.56262
-23.30577
-23.11357
-22.9875
-22.95148
-22.94938
-23.08259
-40.97901
-41.33253
-43.09156
-45.74318
-49.61406
-54.67243
-60.7889
-67.57532
-74.09664
-78.48004
-78.01985
-72.14233
-44.3374
26.9682
-23.15261
-21.10967
-23.2863
-24.585
-25.0175
-24.9278
-24.62398
-24.28106
-23.97894
-23.81181
-23.69127
-23.75537
-42.359
-42.84555
-44.7161
-47.68698
-51.93753
-57.5904
-64.5275
-72.04781
-78.67604
-79.42418
-68.52597
-35.80255
-16.38245
19.8209
-15.384
-18.53663
-23.96241
-26.43767
-27.32433
-27.16323
-26.57661
-25.91944
-25.34704
-24.96496
-24.70202
-24.69543
-43.68285
-44.28823
-46.32913
-49.75044
-54.68654
-61.3629
-69.97963
-80.04786
-90.59482
-93.72987
-84.85765
-61.75788
-65.14024
-57.19936
-12.44493
-22.71365
-30.41651
-31.35448
-31.43453
-30.54757
-29.21498
-27.99357
-27.01711
-26.33717
-25.90917
-25.82698
-44.63168
-45.33327
-47.57239
-51.53103
-57.49927
-65.8609
-77.13148
-93.34033
-112.0821
-114.9279
-107.2796
-91.23019
-70.46584
-38.9924
-26.2639
-36.92198
-42.62281
-40.39925
-37.73897
-35.05007
-32.44797
-30.38105
-28.85115
-27.8039
-27.184
-27.01717
-44.78737
-45.56676
-47.96993
-52.4356
-59.58922
-70.41567
-86.12606
-109.843
-132.7141
-132.9148
-124.966
-115.5793
-106.0455
-60.82854
-53.8134
-58.63423
-59.04802
-52.62804
-46.09476
-40.27858
-35.95629
-32.82474
-30.62556
-29.1679
-28.33966
-28.07594
-43.61274
-44.48838
-46.97486
-51.75419
-59.79059
-72.86965
-94.47911
-124.3902
-143.0107
-144.1796
-135.0046
-126.0388
-109.4554
-82.089
-81.93254
-83.32875
-79.37752
-66.61508
-54.57546
-45.3691
-39.16429
-34.91743
-32.03137
-30.1664
-29.13774
-28.78499
-40.747
-41.60164
-44.03967
-48.83581
-57.03257
-70.9876
-97.38327
-134.2817
-148.965
-150.6547
-142.2242
-135.2585
-118.5858
-111.2325
-108.6397
-105.7601
-98.3725
-80.62113
-61.45359
-49.27133
-41.43081
-36.19375
-32.71727
-30.51126
-29.30992
-28.90623
-36.13833
-36.74687
-39.07533
-43.5097
-51.07536
-63.91325
-88.78689
-129.5486
-150.1451
-151.7234
-146.7513
-135.0492
-121.9008
-121.0976
-120.7694
-119.6827
-111.4939
-90.76366
-65.23662
-50.95352
-42.01887
-36.19146
-32.37785
-29.97087
-28.64226
-28.24066
-30.17972
-30.63602
-32.50917
-36.08865
-42.20027
-52.68228
-71.65575
-102.7121
-136.5927
-147.0046
-142.3177
-137.6112
-122.6235
-118.8803
-122.1039
-123.8538
-115.7965
-92.28312
-64.49474
-49.67656
-40.56494
-34.69119
-30.87889
-28.48191
-27.14832
-26.76438
-23.25913
-23.56267
-24.84755
-27.33619
-31.5034
-38.27679
-50.19573
-72.50723
-95.68766
-106.8572
-97.99232
-97.01767
-102.6863
-116.5852
-120.6429
-121.2425
-112.1065
-83.30232
-59.01078
-45.12553
-36.8638
-31.62827
-28.2284
-26.0814
-24.88049
-24.53636
-15.91446
-16.05781
-16.70531
-17.976
-20.09214
-23.62648
-29.03419
-38.56779
-45.90262
-47.57847
-41.77249
-43.3426
-66.04944
-95.72228
-105.0234
-104.205
-90.98508
-64.44319
-47.58508
-37.63412
-31.36296
-27.29558
-24.62262
-22.91605
-21.95251
-21.67628
-8.64224
-8.640758
-8.717323
-8.912365
-9.20323
-9.662056
-10.0501
-10.6365
-11.47007
-8.387324
3.860321
9.760381
-17.65092
-65.2069
-80.66022
-71.53999
-57.87508
-42.36681
-34.23453
-28.70826
-24.85889
-22.20334
-20.40188
-19.2301
-18.55893
-18.36622
-1.84852
-1.733443
-1.355318
-0.6949219
0.4020771
2.117554
4.901091
9.033079
15.02218
22.79078
36.89951
57.04742
41.54581
1.333093
-27.10012
-29.88816
-26.68023
-24.07355
-21.63124
-19.70108
-18.11122
-16.85515
-15.92912
-15.29844
-14.92614
-14.81868
4.196831
4.383512
5.057663
6.259237
8.163776
10.98245
15.08661
20.74953
28.84504
39.81104
49.57142
61.56048
54.86374
38.43856
16.12194
0.5391606
-6.397548
-9.626935
-11.06822
-11.62863
-11.762
-11.67575
-11.51845
-11.37152
-11.26936
-11.23925
9.356597
9.571737
10.38046
11.81018
13.98962
17.07401
21.28181
26.87166
33.79826
42.45272
50.00343
54.48794
50.05303
40.58514
27.39171
14.89852
6.12712
0.5783611
-2.8443
-4.935205
-6.2068
-6.968525
-7.405531
-7.647429
-7.766034
-7.799998
13.60578
13.81584
14.63427
16.06873
18.19199
21.09312
24.86134
29.60156
35.05486
40.79634
45.41839
47.32036
44.56575
38.21068
29.51571
20.54621
12.94724
7.218711
3.146872
0.3242233
-1.601203
-2.896831
-3.741196
-4.263777
-4.545758
-4.627318
16.9984
17.1843
17.93889
19.25308
21.15524
23.67612
26.82346
30.53509
34.5338
38.29211
40.98437
41.74416
39.71784
35.24314
29.15513
22.5686
16.44698
11.32451
7.310316
4.286045
2.070214
0.4885806
-0.5997381
-1.30227
-1.692363
-1.803717
19.62877
19.78488
20.44605
21.59166
23.21875
25.31571
27.83773
30.64942
33.49122
35.93913
37.48172
37.64465
35.9933
32.66238
28.16019
23.14258
18.22184
13.82146
10.13433
7.18508
4.90765
3.210231
2.000466
1.199161
0.7470185
0.6181916
21.60145
21.732
22.30083
23.27976
24.64538
26.35957
28.34781
30.45978
32.47084
34.06804
34.92279
34.75159
33.31115
30.67799
27.16078
23.17348
19.1283
15.34956
12.03322
9.262693
7.038414
5.325239
4.072923
3.230657
2.753759
2.61095
23.01372
23.12788
23.62343
24.46635
25.62089
27.0338
28.61806
30.22852
31.67778
32.73445
33.17189
32.8033
31.48886
29.27851
26.37262
23.0514
19.60852
16.29679
13.29706
10.71328
8.579784
6.896803
5.645128
4.796251
4.32048
4.179331
23.94692
24.05499
24.5037
25.25402
26.26346
27.47112
28.78645
30.07027
31.1658
31.89285
32.08133
31.59628
30.35279
28.38896
25.84786
22.93543
19.87693
16.87739
14.10375
11.66807
9.619057
7.976473
6.741606
5.904271
5.446223
5.295222
24.45731
24.57317
25.00287
25.70667
26.63979
27.73894
28.91058
30.01912
30.92534
31.47634
31.53135
30.98132
29.76897
27.92863
25.57508
22.87734
20.02486
17.19457
14.54959
12.20209
10.20699
8.593284
7.372149
6.537361
6.092486
5.419262
24.56823
24.70513
25.14029
25.84619
26.77495
27.85787
28.99783
30.06776
30.92838
31.43432
31.45253
30.88095
29.67105
27.85607
25.54417
22.89556
20.09217
17.30813
14.69471
12.36163
10.37136
8.755259
7.52458
6.649804
5.433975
0
