0.0000000 0.0000000
0.0000000 0.0000000
0.0000000 0.0000000
0.0000000 0.0000000
0.0000000 0.0000000
0.0000000 0.0000000
0.0000000 0.0000000
0.0000000 0.0000000
0.0000000 0.0000000
0.0000000 0.0000000
0.0000000 0.0000000
0.0000000 0.0000000
0.0000000 0.0000000
0.0000000 0.0000000
0.0000000 0.0000000
0.0000000 0.0000000
0.0000000 0.0000000
0.0000000 0.0000000
0.0000000 0.0000000
0.0000000 0.0000000
0.0000000 0.0000000
0.0000000 0.0000000
0.0000000 0.0000000
0.0000000 0.0000000
0.0000000 0.0000000
0.0000000 0.0000000
0.0000000 0.0000000
-0.0371372 0.0327731
-0.0561183 0.0783044
-0.0740896 0.1346006
-0.1024557 0.2101652
-0.1523382 0.3201841
-0.2443958 0.4938504
-0.4282179 0.7895380
-0.8374712 1.3081722
-1.8020570 2.1884990
-3.8435771 3.8185520
-6.3235102 2.5894175
15.0796289 0.1420547
14.7948103 -7.0169387
-5.6174803 -5.5339899
-5.1635551 -3.6159284
-2.1451588 -1.7353275
-1.0358763 -1.0828974
-0.5508768 -0.7214075
-0.3142809 -0.4875309
-0.1919726 -0.3323947
-0.1254478 -0.2262049
-0.0878864 -0.1499467
-0.0663450 -0.0918100
-0.0508259 -0.0445027
0.0000000 0.0000000
0.0000000 0.0000000
-0.0797855 0.0400020
-0.1151174 0.0880366
-0.1503459 0.1461106
-0.2066071 0.2217332
-0.3040465 0.3267757
-0.4790545 0.4809920
-0.8090336 0.7190853
-1.4658638 1.1100709
-2.8528893 1.6737971
-5.7067719 1.0695306
16.4999161 0.0414455
11.9570417 -0.8568934
12.6200132 -2.1509533
16.4694481 -3.5443046
-5.8005633 -0.0166265
-2.8648689 -0.5014867
-1.5002297 -0.5610000
-0.8506999 -0.4869104
-0.5139774 -0.3811687
-0.3290623 -0.2844614
-0.2233889 -0.2047429
-0.1615496 -0.1400014
-0.1242739 -0.0860778
-0.0914004 -0.0392535
0.0000000 0.0000000
0.0000000 0.0000000
-0.1147101 0.0328864
-0.1613417 0.0684822
-0.2066173 0.1082690
-0.2769116 0.1542076
-0.3934791 0.2066195
-0.5899200 0.2604749
-0.9275161 0.2892670
-1.5155017 0.1756955
-2.5215013 -0.4096535
-4.2775064 -1.8270574
-3.8780985 -3.7713363
15.7449617 -3.2049809
15.3769112 -0.7073454
-3.2558377 2.8227632
-2.8946657 1.6075867
-2.1005232 0.4601196
-1.3493288 0.0321225
-0.8676721 -0.1294785
-0.5725561 -0.1686893
-0.3914361 -0.1572906
-0.2795485 -0.1279579
-0.2102575 -0.0938185
-0.1659753 -0.0595093
-0.1224883 -0.0267908
0.0000000 0.0000000
0.0000000 0.0000000
-0.1378619 0.0205699
-0.1892709 0.0394451
-0.2355417 0.0560496
-0.3035670 0.0668230
-0.4090590 0.0620528
-0.5708910 0.0178162
-0.8134727 -0.1219814
-1.1595711 -0.4672234
-1.5890776 -1.2373288
-1.7979469 -2.8430204
-0.9470698 -3.1836069
0.1847042 -0.8240078
0.8063272 2.0694797
0.1951298 3.0615065
-0.8278968 1.9307420
-1.0690641 0.9279110
-0.9284135 0.3956022
-0.7085975 0.1346007
-0.5232446 0.0134981
-0.3879716 -0.0357333
-0.2946724 -0.0486286
-0.2323005 -0.0436807
-0.1893376 -0.0302806
-0.1413931 -0.0137263
0.0000000 0.0000000
0.0000000 0.0000000
-0.1485399 0.0076282
-0.1987865 0.0106281
-0.2387915 0.0068219
-0.2928687 -0.0103101
-0.3690679 -0.0538792
-0.4704757 -0.1483938
-0.5903724 -0.3381174
-0.6912553 -0.6958166
-0.6564608 -1.2640281
-0.1042520 -1.7709684
1.1944978 -1.5718919
1.9758613 -0.2892089
1.6512764 1.1504104
0.6741787 1.6948841
-0.0816257 1.4066778
-0.4518546 0.9059928
-0.5449721 0.5160925
-0.5035098 0.2717654
-0.4220078 0.1304547
-0.3428251 0.0536160
-0.2789681 0.0152410
-0.2316868 -0.0008617
-0.1956785 -0.0045397
-0.1483829 -0.0022523
0.0000000 0.0000000
0.0000000 0.0000000
-0.1482699 -0.0033993
-0.1932283 -0.0127253
-0.2231456 -0.0305867
-0.2587502 -0.0634836
-0.3020720 -0.1220260
-0.3466733 -0.2221522
-0.3733169 -0.3830571
-0.3373134 -0.6096685
-0.1452293 -0.8512027
0.3824183 -0.9845867
0.9575232 -0.7793929
1.2569045 -0.1647396
1.0313925 0.5187170
0.5902178 0.9024855
0.1488559 0.9050057
-0.1464605 0.7096143
-0.2889587 0.4873680
-0.3278277 0.3095137
-0.3139450 0.1860833
-0.2807363 0.1066400
-0.2455854 0.0582255
-0.2153231 0.0302309
-0.1886830 0.0149594
-0.1455254 0.0065171
0.0000000 0.0000000
0.0000000 0.0000000
-0.1397911 -0.0113216
-0.1774372 -0.0285285
-0.1967259 -0.0537128
-0.2151393 -0.0917134
-0.2316608 -0.1488671
-0.2373406 -0.2315987
-0.2139040 -0.3423310
-0.1296158 -0.4704674
0.0584312 -0.5733240
0.3632666 -0.5805375
0.6455043 -0.4166602
0.7715487 -0.0883271
0.6767272 0.2673480
0.4501535 0.5061389
0.1961718 0.5735074
-0.0089041 0.5145096
-0.1381326 0.4032938
-0.2019300 0.2906978
-0.2221093 0.1980968
-0.2187748 0.1294690
-0.2056811 0.0815799
-0.1902195 0.0492756
-0.1727579 0.0276214
-0.1355061 0.0122917
0.0000000 0.0000000
0.0000000 0.0000000
-0.1260986 -0.0159892
-0.1561183 -0.0370446
-0.1663989 -0.0643636
-0.1718191 -0.1008058
-0.1706946 -0.1491738
-0.1554421 -0.2106538
-0.1137178 -0.2817270
-0.0297766 -0.3491087
0.1090218 -0.3861786
0.2823526 -0.3583812
0.4312736 -0.2419332
0.4950929 -0.0521785
0.4535883 0.1507120
0.3332232 0.3022769
0.1833932 0.3707310
0.0462958 0.3648686
-0.0556481 0.3147007
-0.1194510 0.2488499
-0.1525941 0.1852721
-0.1653112 0.1317131
-0.1664687 0.0897689
-0.1618753 0.0581049
-0.1519877 0.0341985
-0.1210976 0.0153296
0.0000000 0.0000000
0.0000000 0.0000000
-0.1098731 -0.0179206
-0.1329804 -0.0398278
-0.1366853 -0.0660156
-0.1337778 -0.0978429
-0.1230798 -0.1359437
-0.0994589 -0.1790972
-0.0561377 -0.2225235
0.0131388 -0.2559064
0.1077123 -0.2638876
0.2112354 -0.2307808
0.2951934 -0.1497428
0.3321089 -0.0327480
0.3119006 0.0909843
0.2447778 0.1902494
0.1539290 0.2464188
0.0627299 0.2588440
-0.0132960 0.2394320
-0.0681798 0.2030298
-0.1031261 0.1615329
-0.1225947 0.1221539
-0.1315889 0.0879679
-0.1338827 0.0595394
-0.1295065 0.0360844
-0.1046406 0.0162296
0.0000000 0.0000000
0.0000000 0.0000000
-0.0931098 -0.0178917
-0.1104906 -0.0387379
-0.1099681 -0.0621493
-0.1025730 -0.0884627
-0.0878945 -0.1172911
-0.0629700 -0.1466484
-0.0247018 -0.1723281
0.0283138 -0.1875216
0.0924366 -0.1837197
0.1571731 -0.1540198
0.2075416 -0.0973345
0.2301834 -0.0214886
0.2195904 0.0581074
0.1801739 0.1250038
0.1233940 0.1683076
0.0622462 0.1853853
0.0068887 0.1805866
-0.0372710 0.1614945
-0.0690315 0.1352911
-0.0898277 0.1072531
-0.1021871 0.0805222
-0.1082373 0.0563448
-0.1074395 0.0348245
-0.0878472 0.0156727
0.0000000 0.0000000
0.0000000 0.0000000
-0.0771187 -0.0166713
-0.0899980 -0.0354149
-0.0871253 -0.0554468
-0.0779263 -0.0765170
-0.0625931 -0.0978163
-0.0397547 -0.1174995
-0.0082758 -0.1323435
0.0312231 -0.1380902
0.0752852 -0.1302999
0.1173461 -0.1059347
0.1491273 -0.0656252
0.1635852 -0.0145376
0.1576788 0.0388157
0.1334786 0.0851902
0.0969320 0.1178750
0.0554163 0.1344678
0.0153912 0.1362589
-0.0189236 0.1268919
-0.0457607 0.1106611
-0.0651731 0.0910737
-0.0781604 0.0705942
-0.0857719 0.0506585
-0.0870411 0.0317825
-0.0718464 0.0142760
0.0000000 0.0000000
0.0000000 0.0000000
-0.0626390 -0.0148628
-0.0720795 -0.0311032
-0.0681703 -0.0477297
-0.0588141 -0.0642963
-0.0445878 -0.0798753
-0.0250309 -0.0929479
-0.0000818 -0.1013669
0.0291712 -0.1024577
0.0600060 -0.0939273
0.0882159 -0.0746703
0.1090732 -0.0455388
0.1186603 -0.0099463
0.1152411 0.0269509
0.0998225 0.0598625
0.0756542 0.0845388
0.0470890 0.0989228
0.0181674 0.1033011
-0.0080368 0.0993281
-0.0298170 0.0893508
-0.0466875 0.0757384
-0.0588397 0.0602427
-0.0666167 0.0440707
-0.0688765 0.0279695
-0.0572526 0.0125578
0.0000000 0.0000000
0.0000000 0.0000000
-0.0500038 -0.0128680
-0.0568500 -0.0265892
-0.0527267 -0.0401391
-0.0440739 -0.0529862
-0.0317101 -0.0643630
-0.0156187 -0.0730598
0.0038200 -0.0776431
0.0254954 -0.0766188
0.0474274 -0.0687065
0.0669079 -0.0536033
0.0810773 -0.0322729
0.0876508 -0.0068422
0.0856214 0.0194559
0.0755322 0.0432482
0.0592134 0.0619436
0.0392647 0.0739423
0.0183283 0.0789521
-0.0014869 0.0778178
-0.0187438 0.0717822
-0.0327631 0.0622511
-0.0433971 0.0505491
-0.0505441 0.0376012
-0.0530704 0.0241030
-0.0443162 0.0108534
0.0000000 0.0000000
0.0000000 0.0000000
-0.0392804 -0.0109349
-0.0441800 -0.0223115
-0.0402520 -0.0332313
-0.0327224 -0.0431553
-0.0223656 -0.0514369
-0.0094462 -0.0572713
0.0055536 -0.0596391
0.0216807 -0.0576829
0.0375092 -0.0508643
0.0512633 -0.0390796
0.0611609 -0.0231417
0.0658383 -0.0046217
0.0646464 0.0145472
0.0578885 0.0321547
0.0466962 0.0463684
0.0326266 0.0561513
0.0174174 0.0610466
0.0025545 0.0612937
-0.0108775 0.0576724
-0.0221599 0.0509942
-0.0309825 0.0421024
-0.0371317 0.0317806
-0.0395299 0.0206093
-0.0330784 0.0093480
0.0000000 0.0000000
0.0000000 0.0000000
-0.0303682 -0.0091716
-0.0338385 -0.0185022
-0.0302909 -0.0272166
-0.0239245 -0.0348949
-0.0154714 -0.0409676
-0.0052488 -0.0448512
0.0062709 -0.0459868
0.0183219 -0.0437713
0.0298773 -0.0379868
0.0397696 -0.0288066
0.0468435 -0.0167388
0.0502329 -0.0028995
0.0495773 0.0113027
0.0450143 0.0245498
0.0372413 0.0355481
0.0272755 0.0434114
0.0162157 0.0478430
0.0051590 0.0488125
-0.0050589 0.0466457
-0.0138915 0.0419203
-0.0209432 0.0351580
-0.0259173 0.0268915
-0.0280137 0.0176611
-0.0234712 0.0081170
0.0000000 0.0000000
0.0000000 0.0000000
-0.0231280 -0.0076116
-0.0255033 -0.0152118
-0.0224376 -0.0221568
-0.0171577 -0.0280764
-0.0103388 -0.0325920
-0.0022972 -0.0352143
0.0065423 -0.0355820
0.0155868 -0.0334518
0.0241118 -0.0286384
0.0313327 -0.0213535
0.0364822 -0.0121273
0.0390019 -0.0016038
0.0386662 0.0092144
0.0355833 0.0193131
0.0301650 0.0279168
0.0230990 0.0343339
0.0151331 0.0381782
0.0069905 0.0394566
-0.0006535 0.0382610
-0.0073076 0.0348603
-0.0127218 0.0296639
-0.0165939 0.0230114
-0.0182871 0.0153070
-0.0152990 0.0071533
0.0000000 0.0000000
0.0000000 0.0000000
-0.0173569 -0.0062850
-0.0189196 -0.0124252
-0.0163151 -0.0179664
-0.0119962 -0.0225661
-0.0065355 -0.0259061
-0.0002467 -0.0277242
0.0065529 -0.0276979
0.0134063 -0.0256967
0.0197628 -0.0217471
0.0250913 -0.0159331
0.0289071 -0.0086731
0.0308378 -0.0005680
0.0307185 0.0078198
0.0286443 0.0157469
0.0249015 0.0225509
0.0199027 0.0278345
0.0141972 0.0312303
0.0083479 0.0325980
0.0027834 0.0320247
-0.0020958 0.0296054
-0.0060185 0.0255336
-0.0088433 0.0200906
-0.0101100 0.0135638
-0.0083614 0.0064510
0.0000000 0.0000000
0.0000000 0.0000000
-0.0128049 -0.0051733
-0.0137880 -0.0101292
-0.0116191 -0.0145237
-0.0081591 -0.0181309
-0.0038114 -0.0206498
0.0011267 -0.0218748
0.0063428 -0.0216740
0.0115465 -0.0198821
0.0163620 -0.0165574
0.0203554 -0.0119038
0.0232238 -0.0061191
0.0247287 0.0003340
0.0247752 0.0069383
0.0234073 0.0132824
0.0208231 0.0188547
0.0173571 0.0232455
0.0133453 0.0262675
0.0092103 0.0277271
0.0053446 0.0275684
0.0019777 0.0258720
-0.0006603 0.0226836
-0.0024258 0.0181344
-0.0031690 0.0124530
-0.0023603 0.0060531
0.0000000 0.0000000
0.0000000 0.0000000
-0.0092640 -0.0042571
-0.0098624 -0.0082704
-0.0080755 -0.0117811
-0.0053245 -0.0145900
-0.0019533 -0.0165278
0.0018781 -0.0173710
0.0059182 -0.0170262
0.0098758 -0.0154767
0.0135066 -0.0126871
0.0165353 -0.0088282
0.0187165 -0.0041705
0.0199110 0.0010612
0.0200503 0.0064629
0.0191878 0.0116282
0.0174513 0.0162835
0.0150576 0.0200926
0.0123422 0.0228142
0.0095582 0.0243530
0.0070160 0.0245943
0.0049828 0.0234876
0.0035754 0.0210384
0.0029002 0.0172156
0.0028899 0.0121050
0.0030738 0.0060497
0.0000000 0.0000000
0.0000000 0.0000000
-0.0065310 -0.0035382
-0.0068475 -0.0067891
-0.0054640 -0.0096229
-0.0033269 -0.0118476
-0.0007171 -0.0133120
0.0021862 -0.0139188
0.0052343 -0.0135184
0.0082352 -0.0121071
0.0109577 -0.0097639
0.0132408 -0.0065335
0.0148973 -0.0026332
0.0158433 0.0016759
0.0160405 0.0061879
0.0155053 0.0105811
0.0143839 0.0145599
0.0128051 0.0179545
0.0110245 0.0205441
0.0092990 0.0221879
0.0078565 0.0228296
0.0069615 0.0223536
0.0068025 0.0206393
0.0073772 0.0175109
0.0083737 0.0127810
0.0082866 0.0066067
0.0000000 0.0000000
0.0000000 0.0000000
-0.0044394 -0.0029841
-0.0045740 -0.0056671
-0.0035107 -0.0079642
-0.0019285 -0.0097672
-0.0000080 -0.0109081
0.0021476 -0.0112939
0.0044021 -0.0108863
0.0065970 -0.0096229
0.0085794 -0.0075569
0.0102538 -0.0048168
0.0114893 -0.0014826
0.0122110 0.0022259
0.0124206 0.0060740
0.0121193 0.0098991
0.0114011 0.0134588
0.0104326 0.0165625
0.0093461 0.0191085
0.0083994 0.0209729
0.0078486 0.0220649
0.0079467 0.0223239
0.0090099 0.0215559
0.0111186 0.0193758
0.0136323 0.0150531
0.0136487 0.0080393
0.0000000 0.0000000
0.0000000 0.0000000
-0.0028156 -0.0025781
-0.0028361 -0.0048487
-0.0020872 -0.0067627
-0.0009816 -0.0082222
0.0003853 -0.0091407
0.0018764 -0.0093921
0.0034253 -0.0089436
0.0049544 -0.0078059
0.0063365 -0.0059669
0.0074759 -0.0035280
0.0083481 -0.0006257
0.0088712 0.0026325
0.0090352 0.0060578
0.0088914 0.0094607
0.0084533 0.0127214
0.0078866 0.0156847
0.0073170 0.0182437
0.0069138 0.0203613
0.0069653 0.0219923
0.0078062 0.0231074
0.0099219 0.0236258
0.0138638 0.0231770
0.0191132 0.0203172
0.0201857 0.0116751
0.0000000 0.0000000
0.0000000 0.0000000
-0.0015441 -0.0022985
-0.0015167 -0.0042242
-0.0010182 -0.0058435
-0.0003317 -0.0070470
0.0005008 -0.0077613
0.0014425 -0.0079248
0.0024032 -0.0074659
0.0033179 -0.0063967
0.0041767 -0.0047606
0.0048791 -0.0025904
0.0053992 0.0000039
0.0057347 0.0028873
0.0058349 0.0059490
0.0057506 0.0090396
0.0055314 0.0120301
0.0052235 0.0148418
0.0049687 0.0174066
0.0049024 0.0197145
0.0052308 0.0218152
0.0063165 0.0237784
0.0088108 0.0257374
0.0142219 0.0280262
0.0248700 0.0306443
0.0344323 0.0256160
0.0000000 0.0000000
0.0000000 0.0000000
-0.0006095 -0.0019363
-0.0004965 -0.0033948
-0.0002654 -0.0045573
0.0000666 -0.0054269
0.0004469 -0.0059150
0.0008623 -0.0059678
0.0012945 -0.0055614
0.0017076 -0.0046779
0.0020729 -0.0033440
0.0023855 -0.0016274
0.0026085 0.0004157
0.0027359 0.0026883
0.0027782 0.0050882
0.0027268 0.0075325
0.0026262 0.0099297
0.0025091 0.0122160
0.0024304 0.0143821
0.0024794 0.0164529
0.0027799 0.0185229
0.0035322 0.0207596
0.0050665 0.0233589
0.0087842 0.0272481
0.0229171 0.0389106
0.0655397 0.0675166
0.0000000 0.0000000
0.0000000 0.0000000
0.0000000 0.0000000
0.0000000 0.0000000
0.0000000 0.0000000
0.0000000 0.0000000
0.0000000 0.0000000
0.0000000 0.0000000
0.0000000 0.0000000
0.0000000 0.0000000
0.0000000 0.0000000
0.0000000 0.0000000
0.0000000 0.0000000
0.0000000 0.0000000
0.0000000 0.0000000
0.0000000 0.0000000
0.0000000 0.0000000
0.0000000 0.0000000
0.0000000 0.0000000
0.0000000 0.0000000
0.0000000 0.0000000
0.0000000 0.0000000
0.0000000 0.0000000
0.0000000 0.0000000
0.0000000 0.0000000
0.0000000 0.0000000
0.0000000 0.0000000
0.0000000 0.0000000
-0.0266574 0.0172405
0.0000000 0.0000000
-0.0610947 0.0107518
-0.0137686 0.0629329
-0.0262583 0.0855200
0.0000000 0.0000000
-0.0532960 0.0597051
-0.0235895 0.1356557
-0.0311271 0.1611340
0.0000000 0.0000000
-0.0597281 0.1156955
-0.0324774 0.2287594
-0.0420029 0.2583598
0.0000000 0.0000000
-0.0752989 0.1869271
-0.0458172 0.3578668
-0.0621423 0.3945100
0.0000000 0.0000000
-0.1037562 0.2852773
-0.0688162 0.5511331
-0.0993954 0.5976486
0.0000000 0.0000000
-0.1541574 0.4299004
-0.1089626 0.8658735
-0.1729946 0.9209036
0.0000000 0.0000000
-0.2472093 0.6527814
-0.1830359 1.4312084
-0.3373173 1.4781457
0.0000000 0.0000000
-0.4347208 1.0122234
-0.3490563 2.5375774
-0.7307834 2.5728981
0.0000000 0.0000000
-0.8310018 1.6949052
-0.8118010 4.7048063
-1.5212765 5.1066847
0.0000000 0.0000000
-1.5882837 3.5563138
-1.8282174 8.5338812
-2.4400089 10.4829540
0.0000000 0.0000000
-2.7266691 9.5417500
-0.1936030 16.1816959
-6.8214641 15.2104874
0.0000000 0.0000000
7.5828238 5.9342728
8.7444801 -0.0627484
9.9093132 3.2924995
0.0000000 0.0000000
14.0269775 1.5073026
3.1689858 -13.1493597
-2.9529238 -10.9425640
0.0000000 0.0000000
9.4685411 -5.9782729
-2.2845380 -9.8448315
-1.7665452 -14.4251328
0.0000000 0.0000000
-10.0725336 -9.8261099
0.3513020 -6.7696276
-0.8080082 -5.5592675
0.0000000 0.0000000
-3.8451307 -5.2130075
-0.2989869 -3.7899358
-0.4811476 -2.8050685
0.0000000 0.0000000
-1.6882130 -2.5630169
-0.2147718 -2.0825689
-0.2679316 -1.6405869
0.0000000 0.0000000
-0.8256774 -1.3939960
-0.1192402 -1.2422358
-0.1433405 -1.0050125
0.0000000 0.0000000
-0.4468543 -0.8307012
-0.0720324 -0.7883102
-0.0823222 -0.6423656
0.0000000 0.0000000
-0.2611550 -0.5240675
-0.0473134 -0.5167775
-0.0516951 -0.4219519
0.0000000 0.0000000
-0.1633008 -0.3413288
-0.0332149 -0.3417353
-0.0353027 -0.2773397
0.0000000 0.0000000
-0.1090831 -0.2235274
-0.0249782 -0.2206776
-0.0262753 -0.1746557
0.0000000 0.0000000
-0.0781599 -0.1413506
-0.0204720 -0.1300696
-0.0214505 -0.0948177
0.0000000 0.0000000
-0.0606628 -0.0785257
-0.0185883 -0.0566857
-0.0203617 -0.0238791
0.0000000 0.0000000
-0.0535614 -0.0228070
0.0000000 0.0000000
0.0000000 0.0000000
-0.0932595 0.0159478
-0.1183507 0.0114981
-0.0672880 0.0516252
-0.0939239 0.0675380
-0.1108996 0.0564685
-0.0931644 0.1110488
-0.1146063 0.1260562
-0.1295341 0.1065809
-0.1232834 0.1855457
-0.1554607 0.1988294
-0.1682293 0.1661470
-0.1728110 0.2872019
-0.2286927 0.2953629
-0.2373278 0.2397750
-0.2589311 0.4370351
-0.3619614 0.4294213
-0.3605672 0.3304855
-0.4140942 0.6752737
-0.6168642 0.6218273
-0.5901730 0.4322346
-0.7081355 1.0824254
-1.1394026 0.9034035
-1.0514475 0.4955535
-1.3028890 1.8294188
-2.3331904 1.2875853
-2.0766599 0.2847873
-2.6457176 3.3070915
-5.4734268 1.7773987
-4.4854913 -0.8069665
-6.5765595 5.5514760
-12.9229488 4.0918922
-8.9072714 -2.2789414
7.0494623 0.9400162
11.8328362 3.3749352
14.0514383 3.1547813
8.0796499 -0.5402743
9.6760807 1.1260304
11.2619600 1.8176361
9.1591311 -3.1125951
10.1088305 -1.9122448
14.0894260 -1.2423244
5.5884709 -7.1323719
-11.6222296 -3.2889326
-8.1099062 1.2267988
-5.5756330 -0.8305376
-4.5614619 -3.3175435
-3.6104536 -1.3432945
-2.3291986 -1.1614251
-2.0674460 -1.8934872
-1.9264505 -1.2268938
-1.1450843 -0.9699323
-1.0268518 -1.1553881
-1.0903931 -0.8901464
-0.6162952 -0.7201549
-0.5581610 -0.7404765
-0.6499360 -0.6202114
-0.3595731 -0.5163046
-0.3283560 -0.4907846
-0.4081401 -0.4307103
-0.2261377 -0.3647529
-0.2084098 -0.3306343
-0.2702409 -0.2983279
-0.1528800 -0.2530006
-0.1428403 -0.2211365
-0.1894742 -0.2032069
-0.1114539 -0.1683820
-0.1064058 -0.1409677
-0.1419592 -0.1315804
-0.0880992 -0.1010213
-0.0877063 -0.0774235
-0.1159991 -0.0739720
-0.0709859 -0.0437937
-0.0898187 -0.0198694
-0.1121551 -0.0201438
0.0000000 0.0000000
0.0000000 0.0000000
-0.1471192 0.0112233
-0.1635652 0.0075622
-0.1085317 0.0427588
-0.1457780 0.0494495
-0.1563854 0.0383627
-0.1442921 0.0882286
-0.1742964 0.0913481
-0.1827737 0.0705721
-0.1849037 0.1425424
-0.2293902 0.1391305
-0.2347715 0.1030701
-0.2502761 0.2115485
-0.3242581 0.1946193
-0.3242950 0.1323092
-0.3590156 0.3030269
-0.4865435 0.2570786
-0.4768278 0.1466460
-0.5421959 0.4270944
-0.7691537 0.3171116
-0.7424719 0.1137860
-0.8558602 0.5925777
-1.2697054 0.3403460
-1.2177314 -0.0439232
-1.3986377 0.7666782
-2.1329551 0.2574247
-2.0693855 -0.4661141
-2.2803776 0.6289440
-3.4860485 -0.1864993
-3.5568120 -1.6244320
-3.3339529 -0.3935888
-7.0804529 -2.9885976
-5.6292176 -5.3462849
-7.6562862 -0.6992157
15.6420794 -1.3414619
16.9198380 -9.4173698
9.9359379 -3.9001560
10.0182953 1.3870490
15.7264547 0.6162510
8.5657530 -2.1594198
12.4930553 2.1993837
19.6130791 6.0829487
-9.4770746 4.1212902
-7.9612970 2.6554101
-1.7570618 6.1904068
-5.6750116 2.3261812
-4.4013815 -0.2593986
-1.9079512 1.8203670
-2.8290629 0.5100422
-2.3556340 -0.6271341
-1.4499278 0.2714429
-1.5237522 -0.0958569
-1.3100634 -0.5639667
-0.9921437 -0.1632664
-0.8781916 -0.2532109
-0.7703083 -0.4399768
-0.6679856 -0.2479500
-0.5386874 -0.2575483
-0.4799071 -0.3278078
-0.4569133 -0.2296411
-0.3507822 -0.2164274
-0.3173209 -0.2380255
-0.3226041 -0.1852184
-0.2428141 -0.1658807
-0.2237706 -0.1673869
-0.2380100 -0.1381873
-0.1795883 -0.1170276
-0.1699839 -0.1105611
-0.1860380 -0.0948146
-0.1421155 -0.0720511
-0.1419758 -0.0625576
-0.1575593 -0.0554063
-0.1121076 -0.0305835
-0.1451828 -0.0165003
-0.1589000 -0.0155016
0.0000000 0.0000000
0.0000000 0.0000000
-0.1854303 0.0062474
-0.1930689 0.0025876
-0.1380552 0.0304160
-0.1805472 0.0295528
-0.1852953 0.0174618
-0.1780455 0.0584147
-0.2100033 0.0532507
-0.2133514 0.0304371
-0.2205108 0.0878558
-0.2654727 0.0751202
-0.2663137 0.0365267
-0.2859227 0.1175451
-0.3556916 0.0910471
-0.3526482 0.0275972
-0.3882635 0.1417316
-0.4971705 0.0908018
-0.4888904 -0.0131955
-0.5460618 0.1423307
-0.7131354 0.0517177
-0.7002470 -0.1186121
-0.7835693 0.0653614
-1.0256039 -0.0774656
-1.0177015 -0.3539929
-1.1195523 -0.2275674
-1.4279968 -0.4361763
-1.4615306 -0.8666205
-1.5517823 -0.9929166
-1.7851200 -1.2895912
-1.9956598 -1.8217429
-1.8665205 -3.1456459
-1.4802475 -3.6632841
-2.0089889 -3.9081779
0.0390857 -6.4313707
3.0568323 -5.5782537
1.1734185 -3.1709497
6.4090304 -0.7142416
5.4953952 -0.3895295
1.7248203 -0.4516999
4.9743056 3.3077023
3.7821734 6.4559674
0.8366289 4.2116547
-0.8802745 3.6652768
-1.1265153 4.3283267
-0.6026239 3.5892570
-2.6148808 1.9316024
-2.1110737 1.4307203
-0.9301074 2.0165854
-1.9864166 0.9411737
-1.6490873 0.3568174
-0.9168128 0.8695567
-1.3216634 0.3532042
-1.1264945 -0.0159917
-0.7520130 0.2991081
-0.8668346 0.0729095
-0.7543826 -0.1291355
-0.5748711 0.0532942
-0.5799160 -0.0423461
-0.5137097 -0.1465445
-0.4316465 -0.0409227
-0.4016232 -0.0786605
-0.3620298 -0.1298222
-0.3273073 -0.0679975
-0.2907713 -0.0788766
-0.2674988 -0.1023461
-0.2554250 -0.0660861
-0.2220711 -0.0633247
-0.2101245 -0.0726838
-0.2087340 -0.0521214
-0.1791286 -0.0412004
-0.1794841 -0.0433426
-0.1829954 -0.0333134
-0.1412792 -0.0167061
-0.1846901 -0.0119303
-0.1898343 -0.0100173
0.0000000 0.0000000
0.0000000 0.0000000
-0.2064500 0.0016691
-0.2063837 -0.0017729
-0.1546416 0.0165323
-0.1973400 0.0104410
-0.1971390 -0.0010475
-0.1938045 0.0268858
-0.2222754 0.0171627
-0.2215688 -0.0041089
-0.2311205 0.0325459
-0.2678486 0.0168457
-0.2656920 -0.0174232
-0.2849749 0.0274655
-0.3364050 0.0025720
-0.3321864 -0.0494673
-0.3623874 -0.0016444
-0.4310286 -0.0386166
-0.4252899 -0.1141486
-0.4671535 -0.0829960
-0.5480448 -0.1310060
-0.5445635 -0.2333216
-0.5948064 -0.2724165
-0.6594884 -0.3174241
-0.6705862 -0.4335394
-0.7118772 -0.6790283
-0.6645455 -0.6637214
-0.7224622 -0.7252266
-0.6818633 -1.4977398
-0.2370202 -1.2818481
-0.4239746 -1.0376843
-0.1588751 -2.9434073
1.3795160 -3.0209203
0.9640506 -1.6659820
1.9961864 -2.2632806
2.7747400 -2.6983867
2.3119545 -1.4503795
4.2035794 0.0256746
3.6795166 -0.2664844
2.3936648 -0.3690825
4.3665805 2.1820371
2.7651494 3.2019885
0.8997495 1.2868845
1.0539408 2.0090971
0.5187322 2.7660811
0.0301734 1.8065501
-0.6248358 1.4649467
-0.6007093 1.5972081
-0.3784506 1.4263451
-1.0017304 0.9117004
-0.8615529 0.7550751
-0.5149978 0.8779287
-0.8903734 0.5029242
-0.7712056 0.3116902
-0.5080281 0.4668590
-0.6910250 0.2444100
-0.6070001 0.0999442
-0.4426931 0.2209718
-0.5173005 0.0994658
-0.4612717 0.0058812
-0.3665959 0.0892435
-0.3882102 0.0260656
-0.3518937 -0.0304812
-0.2998586 0.0242834
-0.2982357 -0.0061641
-0.2757348 -0.0389041
-0.2483779 -0.0041442
-0.2378858 -0.0157008
-0.2260622 -0.0340794
-0.2125885 -0.0132472
-0.1974164 -0.0129853
-0.1986828 -0.0229984
-0.1928020 -0.0123393
-0.1572893 -0.0042543
-0.2067636 -0.0070031
-0.2046614 -0.0046546
0.0000000 0.0000000
0.0000000 0.0000000
-0.2114659 -0.0020421
-0.2055182 -0.0048512
-0.1591673 0.0036102
-0.1984159 -0.0054630
-0.1943860 -0.0148391
-0.1940408 -0.0007588
-0.2159561 -0.0121802
-0.2121378 -0.0290189
-0.2223476 -0.0131710
-0.2471686 -0.0281575
-0.2426671 -0.0535559
-0.2595989 -0.0410058
-0.2894736 -0.0604284
-0.2838916 -0.0951212
-0.3073131 -0.0971963
-0.3380875 -0.1200399
-0.3317629 -0.1625255
-0.3607828 -0.2033528
-0.3790771 -0.2236172
-0.3734442 -0.2656981
-0.4042987 -0.3928070
-0.3786727 -0.3949450
-0.3758335 -0.4130324
-0.4015485 -0.6989357
-0.2711965 -0.6723103
-0.2682766 -0.6087515
-0.2892059 -1.0864301
0.0245442 -1.0637820
0.0782651 -0.7977051
-0.0389087 -1.4196873
0.5004537 -1.5137455
0.7788985 -0.9118600
0.8777457 -1.0187255
1.1728179 -1.1940575
1.3144373 -0.6859145
1.7960582 -0.0304114
1.6065847 -0.1157863
1.3317595 -0.1034105
2.1090872 0.9450491
1.4607153 1.1916232
0.7870442 0.5786399
1.0742154 1.1671506
0.6633377 1.5091674
0.2567567 0.9419048
0.1064605 1.0127712
-0.0211120 1.1814220
-0.0819171 0.9146603
-0.3683804 0.7489793
-0.3621134 0.7498356
-0.2539135 0.6963254
-0.4996048 0.4970216
-0.4545952 0.4243137
-0.3159885 0.4604574
-0.4769331 0.3036906
-0.4305428 0.2215977
-0.3166416 0.2780622
-0.4074018 0.1728805
-0.3699435 0.1058262
-0.2901275 0.1567765
-0.3356183 0.0917650
-0.3083701 0.0436100
-0.2565005 0.0826451
-0.2762438 0.0451145
-0.2580793 0.0125330
-0.2257778 0.0399405
-0.2318150 0.0204881
-0.2219983 -0.0009389
-0.2023915 0.0166405
-0.1990085 0.0092658
-0.2014529 -0.0047601
-0.1896027 0.0046666
-0.1610541 0.0054173
-0.2125742 -0.0024868
-0.2053005 -0.0001966
0.0000000 0.0000000
0.0000000 0.0000000
-0.2037235 -0.0045889
-0.1939124 -0.0065360
-0.1540224 -0.0065905
-0.1878150 -0.0168892
-0.1811049 -0.0234324
-0.1829073 -0.0211821
-0.1976188 -0.0326512
-0.1915032 -0.0439434
-0.2014341 -0.0443453
-0.2149058 -0.0574296
-0.2084661 -0.0730395
-0.2225178 -0.0821823
-0.2347872 -0.0968244
-0.2274522 -0.1150920
-0.2447748 -0.1434939
-0.2501087 -0.1580935
-0.2413845 -0.1745637
-0.2607450 -0.2391471
-0.2473076 -0.2503484
-0.2363800 -0.2550408
-0.2553542 -0.3775111
-0.2037688 -0.3822472
-0.1874872 -0.3554626
-0.2029568 -0.5528160
-0.0883264 -0.5529015
-0.0557392 -0.4623484
-0.0637721 -0.7246265
0.1271490 -0.7324729
0.2084402 -0.5411670
0.1797269 -0.7727777
0.4195318 -0.8124890
0.5501679 -0.5294310
0.6227807 -0.5227804
0.7439509 -0.5772675
0.7925116 -0.3596529
1.0184418 -0.0363668
0.9301857 -0.0386641
0.7908220 -0.0398636
1.1081381 0.4368726
0.8470659 0.5397742
0.5704380 0.3071766
0.7514341 0.6656696
0.5148689 0.8190556
0.2839714 0.5323747
0.2742817 0.6727031
0.1450370 0.7814435
0.0495638 0.5829291
-0.0684910 0.5667793
-0.1130839 0.6007622
-0.1022024 0.5095454
-0.2412872 0.4273498
-0.2418596 0.4092423
-0.1832120 0.3885140
-0.2978823 0.2983244
-0.2817809 0.2585653
-0.2153738 0.2709502
-0.2949832 0.1967621
-0.2758077 0.1548315
-0.2191269 0.1775866
-0.2689340 0.1240555
-0.2522184 0.0883554
-0.2093993 0.1107614
-0.2383740 0.0752269
-0.2260451 0.0476120
-0.1956209 0.0656313
-0.2111979 0.0439512
-0.2043521 0.0234320
-0.1833348 0.0360596
-0.1880509 0.0244321
-0.1916560 0.0093412
-0.1770126 0.0165174
-0.1549794 0.0118644
-0.2052899 0.0010934
-0.1949426 0.0029679
0.0000000 0.0000000
0.0000000 0.0000000
-0.1872610 -0.0059769
-0.1753613 -0.0070482
-0.1421723 -0.0133850
-0.1699003 -0.0237313
-0.1615991 -0.0274795
-0.1647960 -0.0336773
-0.1732617 -0.0444143
-0.1656246 -0.0505345
-0.1748007 -0.0612274
-0.1796041 -0.0724450
-0.1717550 -0.0797383
-0.1830597 -0.1000853
-0.1837408 -0.1115366
-0.1749676 -0.1175862
-0.1874091 -0.1546380
-0.1792390 -0.1654336
-0.1686314 -0.1656014
-0.1810015 -0.2281663
-0.1562953 -0.2368761
-0.1422751 -0.2232997
-0.1525721 -0.3192562
-0.1016103 -0.3249127
-0.0809618 -0.2859125
-0.0868763 -0.4147291
-0.0010546 -0.4197064
0.0322995 -0.3406197
0.0307022 -0.4790748
0.1463739 -0.4883846
0.2011504 -0.3634653
0.2129814 -0.4525089
0.3272632 -0.4691287
0.3816992 -0.3242717
0.4435610 -0.2916505
0.4959976 -0.3042673
0.5014749 -0.2038999
0.6292297 -0.0300135
0.5843382 -0.0145567
0.5050442 -0.0174585
0.6575884 0.2278831
0.5370558 0.2846065
0.4012265 0.1791112
0.5046030 0.3922178
0.3732549 0.4702310
0.2447960 0.3218060
0.2640992 0.4429027
0.1687178 0.5076047
0.0933803 0.3797874
0.0473145 0.4127547
-0.0044668 0.4449131
-0.0230632 0.3642158
-0.0974835 0.3428331
-0.1175042 0.3445807
-0.0990890 0.3067111
-0.1734867 0.2632894
-0.1757129 0.2465564
-0.1415698 0.2364115
-0.2023011 0.1909797
-0.1967049 0.1669800
-0.1605945 0.1709110
-0.2049195 0.1325225
-0.1972304 0.1081952
-0.1656057 0.1173646
-0.1958192 0.0883352
-0.1890527 0.0669342
-0.1636962 0.0764481
-0.1831468 0.0561830
-0.1793918 0.0385463
-0.1598355 0.0461041
-0.1691599 0.0329725
-0.1737104 0.0186911
-0.1586097 0.0233413
-0.1421153 0.0153617
-0.1888655 0.0034815
-0.1772156 0.0047982
0.0000000 0.0000000
0.0000000 0.0000000
-0.1658774 -0.0064104
-0.1532738 -0.0067690
-0.1264310 -0.0169840
-0.1484263 -0.0266728
-0.1394399 -0.0281255
-0.1434527 -0.0393595
-0.1472146 -0.0490332
-0.1388286 -0.0511150
-0.1470208 -0.0670080
-0.1461701 -0.0766032
-0.1376085 -0.0779477
-0.1465289 -0.1020894
-0.1407995 -0.1113976
-0.1313857 -0.1097111
-0.1400551 -0.1461727
-0.1262585 -0.1546450
-0.1151996 -0.1463587
-0.1225139 -0.1987732
-0.0963545 -0.2058349
-0.0824397 -0.1857981
-0.0869083 -0.2551766
-0.0442759 -0.2606519
-0.0258380 -0.2228465
-0.0255664 -0.3032454
0.0343750 -0.3081583
0.0593131 -0.2480608
0.0669037 -0.3204855
0.1363060 -0.3260950
0.1655749 -0.2473489
0.1887244 -0.2814376
0.2480123 -0.2865133
0.2680188 -0.2073608
0.3176785 -0.1755298
0.3421795 -0.1738867
0.3331369 -0.1237021
0.4102462 -0.0227461
0.3862066 -0.0060438
0.3379569 -0.0080568
0.4218858 0.1305630
0.3591265 0.1655038
0.2841747 0.1117721
0.3452010 0.2422555
0.2697256 0.2867878
0.1947427 0.2051156
0.2153049 0.2951753
0.1505473 0.3346996
0.0979443 0.2544098
0.0810418 0.2968138
0.0368989 0.3211584
0.0137998 0.2602199
-0.0256096 0.2655247
-0.0502705 0.2729092
-0.0491520 0.2352920
-0.0956888 0.2193026
-0.1064511 0.2136463
-0.0909308 0.1951068
-0.1343359 0.1706666
-0.1369409 0.1576657
-0.1155555 0.1514924
-0.1512644 0.1265437
-0.1499892 0.1108087
-0.1281312 0.1112267
-0.1554771 0.0896503
-0.1530803 0.0739321
-0.1334202 0.0770603
-0.1531391 0.0599772
-0.1519279 0.0456858
-0.1352001 0.0490874
-0.1464079 0.0362323
-0.1515566 0.0236827
-0.1374171 0.0260480
-0.1253290 0.0165116
-0.1671173 0.0047345
-0.1554332 0.0054784
0.0000000 0.0000000
0.0000000 0.0000000
-0.1425906 -0.0061857
-0.1302805 -0.0060675
-0.1091002 -0.0180954
-0.1261521 -0.0267607
-0.1171522 -0.0265979
-0.1215530 -0.0400851
-0.1221749 -0.0485838
-0.1136900 -0.0479084
-0.1208484 -0.0654500
-0.1168151 -0.0736035
-0.1082142 -0.0712789
-0.1151740 -0.0950072
-0.1066019 -0.1026693
-0.0973827 -0.0968620
-0.1032461 -0.1287274
-0.0882889 -0.1355843
-0.0779184 -0.1238871
-0.0818019 -0.1647858
-0.0583972 -0.1704860
-0.0463112 -0.1500892
-0.0469490 -0.1983084
-0.0140035 -0.2028391
0.0003085 -0.1711437
0.0044362 -0.2204968
0.0453178 -0.2240119
0.0614382 -0.1807595
0.0729932 -0.2190955
0.1154185 -0.2214258
0.1298598 -0.1714889
0.1528749 -0.1834173
0.1859131 -0.1832403
0.1914348 -0.1375343
0.2288201 -0.1119025
0.2412331 -0.1061597
0.2297197 -0.0789516
0.2788358 -0.0166008
0.2651131 -0.0022981
0.2338159 -0.0037415
0.2841795 0.0800494
0.2487459 0.1030927
0.2038982 0.0733962
0.2418507 0.1564040
0.1964421 0.1839530
0.1503656 0.1364597
0.1669009 0.2008329
0.1235797 0.2261614
0.0877036 0.1750558
0.0823724 0.2136493
0.0483703 0.2311860
0.0282006 0.1874899
0.0070609 0.2024169
-0.0158342 0.2102601
-0.0209471 0.1786744
-0.0498761 0.1768357
-0.0632579 0.1761381
-0.0573976 0.1564308
-0.0875954 0.1453063
-0.0941975 0.1385892
-0.0821449 0.1281834
-0.1095806 0.1133301
-0.1120957 0.1033587
-0.0975835 0.0990087
-0.1205402 0.0839143
-0.1211274 0.0727331
-0.1064763 0.0717245
-0.1244980 0.0581689
-0.1251163 0.0469768
-0.1114913 0.0474272
-0.1228557 0.0358226
-0.1281568 0.0252270
-0.1157149 0.0258770
-0.1069923 0.0160354
-0.1431269 0.0050643
-0.1321952 0.0053112
0.0000000 0.0000000
0.0000000 0.0000000
-0.1195400 -0.0056233
-0.1081635 -0.0052493
-0.0918216 -0.0175497
-0.1048324 -0.0250488
-0.0963236 -0.0239174
-0.1007731 -0.0377345
-0.0995457 -0.0450313
-0.0914293 -0.0427568
-0.0976144 -0.0597441
-0.0921598 -0.0666372
-0.0840155 -0.0623631
-0.0894324 -0.0836532
-0.0801884 -0.0899446
-0.0717183 -0.0824839
-0.0756104 -0.1086789
-0.0616970 -0.1142238
-0.0526238 -0.1020661
-0.0542718 -0.1327796
-0.0349181 -0.1373397
-0.0251270 -0.1191408
-0.0236192 -0.1521559
0.0009815 -0.1555315
0.0113038 -0.1306595
0.0171942 -0.1610355
0.0450017 -0.1631650
0.0548351 -0.1325987
0.0667072 -0.1530858
0.0933883 -0.1534843
0.1001372 -0.1211206
0.1195722 -0.1240161
0.1390976 -0.1216674
0.1389728 -0.0940550
0.1662725 -0.0745170
0.1730892 -0.0681852
0.1627657 -0.0524261
0.1953278 -0.0119173
0.1870041 -0.0005723
0.1659341 -0.0015281
0.1979466 0.0517471
0.1766980 0.0677305
0.1483035 0.0501775
0.1728926 0.1048244
0.1444473 0.1229485
0.1149350 0.0939738
0.1272659 0.1398019
0.0980767 0.1566771
0.0735693 0.1235185
0.0726908 0.1550119
0.0474702 0.1676680
0.0316753 0.1367340
0.0200258 0.1534925
0.0009353 0.1603227
-0.0055554 0.1355216
-0.0238401 0.1401878
-0.0367981 0.1413944
-0.0355306 0.1237212
-0.0564116 0.1201695
-0.0643761 0.1169410
-0.0577962 0.1056139
-0.0783853 0.0975224
-0.0827721 0.0912515
-0.0732806 0.0848162
-0.0918334 0.0747508
-0.0940935 0.0668296
-0.0834270 0.0635953
-0.0989516 0.0531666
-0.1006777 0.0445866
-0.0898872 0.0431834
-0.1004224 0.0331752
-0.1055053 0.0244464
-0.0949538 0.0239626
-0.0887768 0.0146092
-0.1191027 0.0047560
-0.1093349 0.0046761
0.0000000 0.0000000
0.0000000 0.0000000
-0.0980698 -0.0049503
-0.0880102 -0.0044991
-0.0756270 -0.0160504
-0.0854396 -0.0224232
-0.0777602 -0.0208287
-0.0819980 -0.0337833
-0.0798593 -0.0399172
-0.0724354 -0.0369291
-0.0777380 -0.0522239
-0.0719729 -0.0579704
-0.0645949 -0.0529907
-0.0688244 -0.0710543
-0.0600996 -0.0762321
-0.0526232 -0.0685302
-0.0552073 -0.0893668
-0.0431932 -0.0937717
-0.0355901 -0.0826275
-0.0359370 -0.1053068
-0.0205688 -0.1088509
-0.0129244 -0.0936694
-0.0104069 -0.1161776
0.0077130 -0.1186201
0.0149426 -0.0995855
0.0210921 -0.1185723
0.0402375 -0.1196306
0.0460897 -0.0980790
0.0566918 -0.1091372
0.0739874 -0.1085314
0.0768700 -0.0870671
0.0923515 -0.0862658
0.1044233 -0.0833583
0.1023931 -0.0658989
0.1221956 -0.0512688
0.1262036 -0.0454440
0.1178500 -0.0358930
0.1400267 -0.0085498
0.1347744 0.0002736
0.1202374 -0.0003739
0.1414265 0.0350050
0.1280645 0.0463895
0.1093615 0.0355590
0.1258182 0.0725495
0.1073611 0.0851112
0.0878758 0.0666451
0.0968309 0.0994458
0.0769015 0.1111352
0.0600476 0.0891223
0.0606771 0.1138247
0.0422610 0.1229806
0.0304060 0.1011762
0.0237675 0.1165446
0.0086023 0.1221706
0.0026032 0.1032296
-0.0092037 0.1102299
-0.0205363 0.1120337
-0.0211991 0.0973134
-0.0357718 0.0977688
-0.0435886 0.0963078
-0.0401151 0.0858003
-0.0554246 0.0818234
-0.0604226 0.0779058
-0.0542136 0.0709668
-0.0688606 0.0644384
-0.0718872 0.0588216
-0.0641692 0.0546471
-0.0770886 0.0467727
-0.0793064 0.0402112
-0.0708835 0.0378938
-0.0801514 0.0294348
-0.0847242 0.0223773
-0.0759624 0.0212726
-0.0717350 0.0127821
-0.0964421 0.0041582
-0.0879572 0.0039163
0.0000000 0.0000000
0.0000000 0.0000000
-0.0789348 -0.0043116
-0.0703419 -0.0038697
-0.0610845 -0.0141575
-0.0684135 -0.0194981
-0.0617461 -0.0177900
-0.0655911 -0.0292407
-0.0631519 -0.0343622
-0.0566076 -0.0312124
-0.0610781 -0.0443603
-0.0556592 -0.0490717
-0.0491827 -0.0441559
-0.0525455 -0.0589825
-0.0448650 -0.0631831
-0.0384674 -0.0560579
-0.0401983 -0.0722457
-0.0302660 -0.0757648
-0.0240222 -0.0661221
-0.0237438 -0.0828014
-0.0117714 -0.0854429
-0.0059053 -0.0732586
-0.0031440 -0.0887263
0.0101671 -0.0904074
0.0152238 -0.0760190
0.0208791 -0.0880368
0.0342530 -0.0884840
0.0377472 -0.0730697
0.0465921 -0.0791412
0.0581877 -0.0780326
0.0591698 -0.0635080
0.0711722 -0.0614172
0.0789833 -0.0585559
0.0764848 -0.0471064
0.0909751 -0.0360726
0.0934545 -0.0311897
0.0869291 -0.0250486
0.1024661 -0.0060933
0.0990257 0.0008142
0.0887778 0.0003068
0.1032804 0.0245737
0.0945883 0.0329149
0.0818590 0.0259620
0.0931752 0.0517374
0.0808805 0.0606719
0.0676051 0.0486070
0.0741548 0.0722334
0.0603241 0.0806643
0.0485680 0.0656697
0.0496738 0.0846754
0.0362481 0.0914234
0.0274841 0.0759535
0.0235665 0.0890508
0.0118393 0.0934806
0.0068082 0.0792924
-0.0009709 0.0865068
-0.0103788 0.0884113
-0.0117171 0.0765454
-0.0219705 0.0788293
-0.0289534 0.0782833
-0.0271971 0.0692009
-0.0385612 0.0676561
-0.0434210 0.0651334
-0.0393209 0.0586281
-0.0507303 0.0543994
-0.0539176 0.0504202
-0.0482627 0.0460696
-0.0588121 0.0401237
-0.0610858 0.0351208
-0.0545122 0.0325125
-0.0624411 0.0254627
-0.0663172 0.0197861
-0.0590995 0.0184798
-0.0563935 0.0109472
-0.0759121 0.0035466
-0.0686614 0.0032860
0.0000000 0.0000000
0.0000000 0.0000000
-0.0624511 -0.0037456
-0.0553184 -0.0033440
-0.0484630 -0.0121926
-0.0538847 -0.0166233
-0.0482612 -0.0149906
-0.0516122 -0.0247633
-0.0491878 -0.0290031
-0.0436483 -0.0260386
-0.0473084 -0.0369415
-0.0425525 -0.0408190
-0.0370304 -0.0363280
-0.0396849 -0.0482389
-0.0332296 -0.0515895
-0.0278639 -0.0454273
-0.0290837 -0.0578519
-0.0210973 -0.0606162
-0.0160321 -0.0526272
-0.0155138 -0.0647959
-0.0062952 -0.0667974
-0.0017777 -0.0571545
0.0007584 -0.0679207
0.0105910 -0.0689692
0.0141897 -0.0581901
0.0189668 -0.0659496
0.0284602 -0.0659980
0.0306255 -0.0548621
0.0377222 -0.0581426
0.0456964 -0.0569430
0.0458403 -0.0467798
0.0550226 -0.0444983
0.0602861 -0.0418521
0.0579404 -0.0341474
0.0685892 -0.0258420
0.0702485 -0.0218263
0.0652218 -0.0177072
0.0763239 -0.0041688
0.0740549 0.0011529
0.0666548 0.0008838
0.0769189 0.0178883
0.0710895 0.0241968
0.0621833 0.0195398
0.0702276 0.0378737
0.0618349 0.0444342
0.0525614 0.0363274
0.0574016 0.0536257
0.0476937 0.0597868
0.0393117 0.0494651
0.0405095 0.0639084
0.0307029 0.0690354
0.0242184 0.0579031
0.0218905 0.0686041
0.0129479 0.0720922
0.0089006 0.0614984
0.0036888 0.0681214
-0.0038702 0.0698238
-0.0053223 0.0605391
-0.0125878 0.0633719
-0.0185080 0.0633359
-0.0176117 0.0557621
-0.0260853 0.0554989
-0.0303878 0.0538581
-0.0276089 0.0481637
-0.0364553 0.0454312
-0.0394043 0.0425450
-0.0351875 0.0385442
-0.0436673 0.0339659
-0.0457683 0.0301512
-0.0405347 0.0276204
-0.0472324 0.0217521
-0.0503607 0.0171934
-0.0443907 0.0159399
-0.0429614 0.0093516
-0.0578522 0.0030775
-0.0517083 0.0028979
0.0000000 0.0000000
0.0000000 0.0000000
-0.0486282 -0.0032544
-0.0428566 -0.0028935
-0.0378275 -0.0103207
-0.0417866 -0.0139857
-0.0371639 -0.0124941
-0.0399298 -0.0206655
-0.0377176 -0.0241406
-0.0331413 -0.0215174
-0.0360857 -0.0303977
-0.0320196 -0.0335725
-0.0275043 -0.0296913
-0.0295216 -0.0390648
-0.0242492 -0.0417870
-0.0198734 -0.0366057
-0.0206961 -0.0460915
-0.0144039 -0.0482101
-0.0103521 -0.0418100
-0.0097730 -0.0506935
-0.0027449 -0.0521811
0.0007432 -0.0446763
0.0029018 -0.0521409
0.0101828 -0.0528330
0.0128071 -0.0446935
0.0166522 -0.0498101
0.0234922 -0.0495524
0.0249147 -0.0414977
0.0304034 -0.0432332
0.0360305 -0.0420377
0.0358828 -0.0348090
0.0427902 -0.0325938
0.0464543 -0.0303371
0.0444988 -0.0249119
0.0523460 -0.0186954
0.0534949 -0.0153482
0.0497299 -0.0125441
0.0577514 -0.0027185
0.0562439 0.0014521
0.0508931 0.0013307
0.0582298 0.0135910
0.0542838 0.0183613
0.0479315 0.0152751
0.0537522 0.0284673
0.0479306 0.0334750
0.0413583 0.0278586
0.0449723 0.0406276
0.0380988 0.0452730
0.0320598 0.0380500
0.0331635 0.0490843
0.0259940 0.0529748
0.0212138 0.0449926
0.0198278 0.0534540
0.0130586 0.0562864
0.0099511 0.0483513
0.0063646 0.0540003
0.0004951 0.0554854
-0.0008157 0.0483345
-0.0060343 0.0511417
-0.0108208 0.0513066
-0.0103442 0.0452716
-0.0166333 0.0455157
-0.0202655 0.0444721
-0.0182315 0.0397049
-0.0250814 0.0378493
-0.0275930 0.0357150
-0.0243518 0.0322849
-0.0311376 0.0287041
-0.0329119 0.0257132
-0.0287112 0.0234984
-0.0342804 0.0185876
-0.0367256 0.0148876
-0.0317515 0.0137765
-0.0313883 0.0080709
-0.0423203 0.0027829
-0.0371138 0.0026843
0.0000000 0.0000000
0.0000000 0.0000000
-0.0373106 -0.0028149
-0.0327040 -0.0024930
-0.0290921 -0.0086403
-0.0318886 -0.0116430
-0.0281958 -0.0103284
-0.0304169 -0.0170524
-0.0284828 -0.0199140
-0.0247753 -0.0176263
-0.0270296 -0.0248148
-0.0236697 -0.0273811
-0.0200488 -0.0241394
-0.0215301 -0.0314865
-0.0172727 -0.0336898
-0.0138241 -0.0294500
-0.0143181 -0.0366121
-0.0093794 -0.0383113
-0.0062485 -0.0331946
-0.0056199 -0.0397241
-0.0002697 -0.0407802
0.0023622 -0.0350407
0.0041943 -0.0402505
0.0095853 -0.0406771
0.0114982 -0.0345623
0.0145655 -0.0378601
0.0195314 -0.0375287
0.0204891 -0.0315797
0.0247034 -0.0324674
0.0287290 -0.0312755
0.0285110 -0.0261262
0.0336714 -0.0241398
0.0362847 -0.0221983
0.0347591 -0.0183226
0.0405027 -0.0135124
0.0413582 -0.0108082
0.0385659 -0.0087572
0.0443890 -0.0015654
0.0433792 0.0018218
0.0395380 0.0017364
0.0448310 0.0107086
0.0421249 0.0144337
0.0375878 0.0123542
0.0418101 0.0220758
0.0377409 0.0259069
0.0330551 0.0220614
0.0357553 0.0314894
0.0308565 0.0351480
0.0265297 0.0299984
0.0274470 0.0383864
0.0222735 0.0414465
0.0187435 0.0357001
0.0179010 0.0423487
0.0128783 0.0446141
0.0105242 0.0387880
0.0080937 0.0433315
0.0035871 0.0446750
0.0025658 0.0392189
-0.0011918 0.0416603
-0.0048938 0.0419393
-0.0046312 0.0372588
-0.0093020 0.0376586
-0.0121645 0.0369455
-0.0106760 0.0331691
-0.0158569 0.0317535
-0.0179200 0.0301427
-0.0153610 0.0273259
-0.0206862 0.0244195
-0.0221265 0.0219957
-0.0187317 0.0201610
-0.0233297 0.0160384
-0.0251612 0.0129300
-0.0210365 0.0119994
-0.0215199 0.0070856
-0.0291580 0.0025993
-0.0247363 0.0025335
0.0000000 0.0000000
0.0000000 0.0000000
-0.0282350 -0.0024297
-0.0245886 -0.0021413
-0.0220312 -0.0071721
-0.0239793 -0.0096051
-0.0210482 -0.0084803
-0.0228345 -0.0139785
-0.0211338 -0.0163133
-0.0182134 -0.0143724
-0.0199208 -0.0201325
-0.0171536 -0.0222425
-0.0143197 -0.0195217
-0.0153407 -0.0253143
-0.0119346 -0.0270585
-0.0092957 -0.0236547
-0.0094776 -0.0291057
-0.0056410 -0.0304548
-0.0032840 -0.0264099
-0.0025935 -0.0311721
0.0014899 -0.0320006
0.0034034 -0.0275386
0.0049986 -0.0312435
0.0090483 -0.0314437
0.0103451 -0.0268867
0.0128612 -0.0290257
0.0165155 -0.0286429
0.0170732 -0.0242425
0.0204081 -0.0245244
0.0233184 -0.0234874
0.0230271 -0.0196968
0.0269800 -0.0180003
0.0288665 -0.0162719
0.0276356 -0.0135257
0.0319437 -0.0097723
0.0325998 -0.0075237
0.0304706 -0.0060218
0.0347902 -0.0005568
0.0341256 0.0021482
0.0312875 0.0021841
0.0352085 0.0087994
0.0333413 0.0118437
0.0300360 0.0103804
0.0331766 0.0176180
0.0303641 0.0206746
0.0269159 0.0180122
0.0290006 0.0251141
0.0255270 0.0280007
0.0223410 0.0244093
0.0232008 0.0307145
0.0194497 0.0332442
0.0168356 0.0290862
0.0163976 0.0342134
0.0127602 0.0361070
0.0109106 0.0318732
0.0093089 0.0354617
0.0060087 0.0366302
0.0051108 0.0326095
0.0025681 0.0345174
-0.0002428 0.0349017
-0.0001232 0.0313426
-0.0034352 0.0316493
-0.0055983 0.0311682
-0.0045578 0.0282810
-0.0083636 0.0270880
-0.0099195 0.0257965
-0.0079909 0.0236028
-0.0119927 0.0211146
-0.0131157 0.0190813
-0.0103801 0.0175934
-0.0140761 0.0140748
-0.0153988 0.0113596
-0.0119602 0.0105898
-0.0131396 0.0063726
-0.0180466 0.0024607
-0.0142370 0.0023878
0.0000000 0.0000000
0.0000000 0.0000000
-0.0210331 -0.0020989
-0.0181866 -0.0018500
-0.0164420 -0.0059101
-0.0177614 -0.0078951
-0.0154488 -0.0069382
-0.0168663 -0.0114087
-0.0154247 -0.0132792
-0.0131541 -0.0116778
-0.0144160 -0.0162952
-0.0121852 -0.0180095
-0.0099744 -0.0157717
-0.0106736 -0.0202997
-0.0079490 -0.0217329
-0.0059571 -0.0189543
-0.0059658 -0.0231683
-0.0029242 -0.0241967
-0.0012513 -0.0210348
-0.0004936 -0.0245747
0.0026329 -0.0252033
0.0039423 -0.0217429
0.0054341 -0.0243377
0.0084561 -0.0244698
0.0092813 -0.0209657
0.0114184 -0.0224006
0.0141586 -0.0219587
0.0143492 -0.0187131
0.0170919 -0.0186872
0.0192638 -0.0177541
0.0188021 -0.0149444
0.0219997 -0.0134126
0.0233888 -0.0119679
0.0222723 -0.0099035
0.0256803 -0.0069879
0.0261958 -0.0050398
0.0244338 -0.0039624
0.0278157 0.0002324
0.0274095 0.0024800
0.0251339 0.0025679
0.0282240 0.0076225
0.0269458 0.0100863
0.0243631 0.0091405
0.0269016 0.0145502
0.0249272 0.0171141
0.0222545 0.0152288
0.0240302 0.0206085
0.0216130 0.0229948
0.0190801 0.0204790
0.0199811 0.0253116
0.0173495 0.0274092
0.0152016 0.0244852
0.0152330 0.0283680
0.0126046 0.0300525
0.0110518 0.0269799
0.0102171 0.0297228
0.0078634 0.0308067
0.0069522 0.0279087
0.0053971 0.0293345
0.0034369 0.0297667
0.0032700 0.0271828
0.0011767 0.0272550
-0.0003584 0.0269881
0.0002644 0.0248366
-0.0022743 0.0236702
-0.0033506 0.0226308
-0.0019825 0.0210071
-0.0048012 0.0187460
-0.0055634 0.0169523
-0.0034152 0.0158304
-0.0062442 0.0127005
-0.0071160 0.0102073
-0.0041917 0.0095878
-0.0059303 0.0059165
-0.0085404 0.0023430
-0.0051313 0.0022412
0.0000000 0.0000000
0.0000000 0.0000000
-0.0153988 -0.0018187
-0.0131851 -0.0016149
-0.0120567 -0.0048671
-0.0129302 -0.0064901
-0.0111042 -0.0057049
-0.0122512 -0.0092830
-0.0110518 -0.0108202
-0.0092716 -0.0094927
-0.0102707 -0.0131896
-0.0084441 -0.0145509
-0.0067813 -0.0127608
-0.0072324 -0.0163184
-0.0051096 -0.0174724
-0.0035927 -0.0152454
-0.0034679 -0.0184569
-0.0011272 -0.0192987
0.0001054 -0.0167680
0.0008020 -0.0194537
0.0032545 -0.0198848
0.0040836 -0.0172259
0.0054013 -0.0190949
0.0077325 -0.0191455
0.0081513 -0.0164505
0.0100420 -0.0173444
0.0120763 -0.0169494
0.0120195 -0.0144484
0.0143464 -0.0143012
0.0159825 -0.0134161
0.0153741 -0.0113434
0.0180407 -0.0100192
0.0191144 -0.0087567
0.0179933 -0.0071975
0.0208364 -0.0048054
0.0212570 -0.0031803
0.0196700 -0.0023087
0.0224909 0.0009215
0.0222514 0.0028780
0.0202826 0.0029575
0.0228947 0.0068575
0.0220489 0.0089403
0.0198418 0.0083326
0.0220547 0.0125199
0.0207134 0.0146504
0.0184336 0.0133934
0.0201404 0.0174710
0.0184415 0.0195629
0.0162792 0.0177817
0.0173606 0.0214880
0.0155396 0.0233204
0.0136165 0.0212854
0.0140617 0.0242765
0.0122887 0.0257879
0.0107594 0.0236550
0.0106396 0.0256775
0.0090388 0.0267854
0.0080281 0.0247311
0.0073881 0.0256877
0.0061418 0.0262430
0.0056558 0.0244664
0.0046222 0.0242677
0.0037484 0.0242121
0.0038861 0.0227631
0.0025510 0.0214430
0.0020041 0.0206720
0.0028457 0.0195747
0.0012027 0.0173149
0.0008529 0.0157110
0.0024930 0.0149717
0.0005331 0.0120098
0.0001146 0.0095610
0.0026871 0.0091291
0.0004906 0.0058003
-0.0001024 0.0022859
0.0031589 0.0021551
0.0000000 0.0000000
0.0000000 0.0000000
-0.0110249 -0.0016010
-0.0093032 -0.0014346
-0.0086658 -0.0040203
-0.0091980 -0.0053576
-0.0077966 -0.0047404
-0.0086990 -0.0075920
-0.0077714 -0.0088586
-0.0063547 -0.0078010
-0.0071276 -0.0106964
-0.0057113 -0.0118315
-0.0044136 -0.0103880
-0.0047880 -0.0131800
-0.0030869 -0.0140853
-0.0019843 -0.0123560
-0.0018499 -0.0148165
-0.0000301 -0.0154808
0.0008390 -0.0134986
0.0015003 -0.0154671
0.0033370 -0.0158103
0.0038916 -0.0137172
0.0050251 -0.0150827
0.0068052 -0.0150282
0.0069524 -0.0129885
0.0085454 -0.0135481
0.0101167 -0.0131541
0.0098542 -0.0112366
0.0118409 -0.0109413
0.0130787 -0.0101735
0.0123768 -0.0085530
0.0146481 -0.0074455
0.0154748 -0.0062822
0.0143466 -0.0051193
0.0167807 -0.0031692
0.0171392 -0.0017404
0.0156446 -0.0010432
0.0180786 0.0015718
0.0179680 0.0032330
0.0161665 0.0033864
0.0184845 0.0064160
0.0179236 0.0082708
0.0159443 0.0078603
0.0179968 0.0111377
0.0170985 0.0130037
0.0150393 0.0121679
0.0167193 0.0153800
0.0156009 0.0172023
0.0136058 0.0160143
0.0148822 0.0188643
0.0136463 0.0205779
0.0118526 0.0191641
0.0126846 0.0214610
0.0115484 0.0229147
0.0099926 0.0214904
0.0104362 0.0229907
0.0095200 0.0241497
0.0083169 0.0228272
0.0084657 0.0233497
0.0078714 0.0241447
0.0070715 0.0230459
0.0070015 0.0225092
0.0068182 0.0227937
0.0064499 0.0220174
0.0062697 0.0203979
0.0064063 0.0199909
0.0066225 0.0194971
0.0062892 0.0169553
0.0065073 0.0155734
0.0075950 0.0152643
0.0067333 0.0121733
0.0068028 0.0096056
0.0091594 0.0094048
0.0066191 0.0061836
0.0078696 0.0023672
0.0113842 0.0022539
0.0000000 0.0000000
0.0000000 0.0000000
-0.0076502 -0.0014414
-0.0063033 -0.0013152
-0.0060291 -0.0033487
-0.0063403 -0.0044960
-0.0052338 -0.0040118
-0.0060195 -0.0062714
-0.0052674 -0.0073262
-0.0041814 -0.0065237
-0.0048124 -0.0087854
-0.0037429 -0.0097379
-0.0027289 -0.0086212
-0.0030174 -0.0107445
-0.0017628 -0.0115085
-0.0009117 -0.0101520
-0.0008146 -0.0120257
0.0005616 -0.0125282
0.0011800 -0.0110308
0.0016840 -0.0124699
0.0030912 -0.0127166
0.0034167 -0.0111070
0.0043466 -0.0120153
0.0056789 -0.0119481
0.0056648 -0.0103610
0.0069945 -0.0106917
0.0081596 -0.0102581
0.0077881 -0.0088257
0.0094491 -0.0084575
0.0103849 -0.0077323
0.0096461 -0.0064954
0.0115505 -0.0054586
0.0121971 -0.0044326
0.0110835 -0.0035025
0.0131662 -0.0019003
0.0134613 -0.0005753
0.0120523 -0.0000435
0.0141838 0.0020919
0.0141488 0.0035845
0.0124818 0.0037519
0.0145473 0.0062308
0.0142152 0.0078628
0.0123844 0.0076450
0.0143099 0.0102440
0.0137087 0.0119686
0.0118349 0.0114000
0.0135052 0.0139661
0.0127869 0.0156410
0.0109109 0.0148668
0.0123091 0.0171569
0.0115624 0.0187588
0.0098177 0.0178528
0.0109432 0.0196402
0.0102910 0.0211341
0.0087353 0.0202248
0.0096090 0.0213384
0.0092419 0.0226424
0.0078767 0.0219121
0.0086297 0.0221346
0.0086700 0.0232386
0.0075445 0.0227894
0.0083068 0.0219107
0.0088814 0.0227441
0.0079735 0.0226580
0.0089276 0.0205627
0.0100145 0.0208505
0.0093959 0.0210835
0.0106443 0.0178818
0.0118247 0.0170001
0.0119469 0.0172699
0.0129092 0.0135903
0.0135590 0.0106909
0.0156090 0.0107212
0.0132468 0.0074308
0.0159494 0.0025503
0.0207453 0.0024860
0.0000000 0.0000000
0.0000000 0.0000000
-0.0050419 -0.0013277
-0.0039585 -0.0012389
-0.0040033 -0.0028477
-0.0041638 -0.0038706
-0.0032583 -0.0035142
-0.0039510 -0.0052750
-0.0034067 -0.0062132
-0.0025305 -0.0055980
-0.0030863 -0.0073590
-0.0023145 -0.0081666
-0.0015056 -0.0073394
-0.0018193 -0.0089548
-0.0008851 -0.0096106
-0.0002392 -0.0085789
-0.0002260 -0.0099448
0.0007690 -0.0103768
0.0012059 -0.0092147
0.0015871 -0.0102563
0.0025777 -0.0104090
0.0027822 -0.0092131
0.0034900 -0.0097990
0.0044515 -0.0096853
0.0043431 -0.0084805
0.0053724 -0.0085642
0.0062410 -0.0081580
0.0057946 -0.0070474
0.0071506 -0.0066389
0.0078240 -0.0059097
0.0070791 -0.0049865
0.0086730 -0.0040349
0.0091448 -0.0030620
0.0080832 -0.0023432
0.0098367 -0.0009179
0.0100928 0.0002879
0.0087504 0.0007355
0.0106151 0.0025137
0.0106062 0.0039355
0.0090776 0.0040760
0.0109243 0.0061369
0.0107359 0.0076525
0.0090316 0.0075418
0.0108147 0.0097225
0.0104641 0.0113083
0.0087016 0.0109564
0.0103610 0.0130785
0.0099083 0.0146973
0.0081713 0.0141571
0.0096299 0.0160846
0.0092236 0.0176479
0.0075255 0.0170638
0.0088308 0.0186019
0.0085591 0.0201189
0.0069974 0.0195850
0.0081714 0.0205300
0.0081946 0.0220208
0.0067527 0.0216828
0.0079034 0.0218268
0.0084571 0.0233223
0.0070749 0.0233770
0.0084178 0.0223919
0.0097683 0.0239655
0.0083375 0.0245735
0.0102238 0.0220097
0.0126489 0.0236008
0.0109196 0.0247838
0.0139639 0.0203537
0.0171827 0.0210843
0.0151634 0.0222721
0.0196035 0.0169134
0.0216720 0.0139818
0.0216079 0.0139320
0.0225724 0.0106999
0.0245707 0.0018147
0.0324202 0.0004676
0.0000000 0.0000000
0.0000000 0.0000000
-0.0030005 -0.0012680
-0.0020455 -0.0012054
-0.0024304 -0.0024914
-0.0024657 -0.0034457
-0.0017070 -0.0031804
-0.0023715 -0.0045901
-0.0019841 -0.0054589
-0.0012712 -0.0049591
-0.0018105 -0.0063564
-0.0012881 -0.0071069
-0.0006443 -0.0064111
-0.0009548 -0.0077097
-0.0003666 -0.0082830
0.0001678 -0.0074370
0.0000735 -0.0085203
0.0007481 -0.0088981
0.0010693 -0.0079263
0.0012495 -0.0087153
0.0019435 -0.0088414
0.0020170 -0.0078178
0.0025263 -0.0082698
0.0031535 -0.0081085
0.0029923 -0.0071135
0.0037835 -0.0071397
0.0043530 -0.0067146
0.0038895 -0.0057816
0.0049395 -0.0053673
0.0054170 -0.0046681
0.0046526 -0.0038814
0.0059636 -0.0030557
0.0062798 -0.0020793
0.0052686 -0.0015052
0.0067504 -0.0002601
0.0069374 0.0009090
0.0056614 0.0012673
0.0072722 0.0028534
0.0073062 0.0041951
0.0058489 0.0042956
0.0075353 0.0061153
0.0074198 0.0076000
0.0058460 0.0074358
0.0074892 0.0094156
0.0073043 0.0109432
0.0056400 0.0105734
0.0072439 0.0125832
0.0070050 0.0141397
0.0053570 0.0136002
0.0068599 0.0155040
0.0066491 0.0170665
0.0050502 0.0164299
0.0064301 0.0181143
0.0063859 0.0196612
0.0048477 0.0190620
0.0061725 0.0203637
0.0064117 0.0219694
0.0049501 0.0215430
0.0062926 0.0222446
0.0070770 0.0240408
0.0056127 0.0240140
0.0071718 0.0237491
0.0089627 0.0260496
0.0072933 0.0268101
0.0094560 0.0247277
0.0132506 0.0281892
0.0107227 0.0302693
0.0145876 0.0246235
0.0219821 0.0297669
0.0165315 0.0328936
0.0254170 0.0227029
0.0348042 0.0248566
0.0241680 0.0241114
0.0401823 0.0186751
0.0409486 -0.0002262
0.0372632 -0.0175386
0.0000000 0.0000000
0.0000000 0.0000000
-0.0013342 -0.0012859
-0.0003471 -0.0012207
-0.0012000 -0.0023016
-0.0010908 -0.0032509
-0.0004930 -0.0027254
-0.0010963 -0.0042065
-0.0008844 -0.0050451
-0.0002985 -0.0041939
-0.0008094 -0.0057987
-0.0005074 -0.0065345
-0.0000050 -0.0053394
-0.0003788 -0.0069925
-0.0000269 -0.0075659
0.0003619 -0.0061107
0.0001960 -0.0077156
0.0005456 -0.0080668
0.0007824 -0.0064500
0.0008298 -0.0078681
0.0012142 -0.0079763
0.0012156 -0.0062978
0.0015001 -0.0074079
0.0018787 -0.0072403
0.0016254 -0.0056327
0.0021960 -0.0063442
0.0025123 -0.0058825
0.0020181 -0.0044747
0.0028402 -0.0046799
0.0031107 -0.0039565
0.0023386 -0.0028469
0.0033875 -0.0024915
0.0035892 -0.0015156
0.0025737 -0.0008199
0.0038452 0.0001176
0.0039474 0.0013230
0.0027348 0.0015077
0.0041356 0.0030546
0.0041771 0.0044102
0.0027759 0.0040533
0.0042847 0.0061681
0.0042467 0.0076441
0.0027519 0.0067112
0.0043080 0.0093300
0.0042011 0.0108790
0.0026565 0.0093761
0.0041769 0.0124411
0.0040767 0.0139930
0.0025153 0.0119733
0.0039993 0.0153985
0.0039182 0.0169532
0.0024101 0.0144719
0.0038193 0.0181646
0.0038396 0.0197241
0.0023958 0.0168857
0.0037296 0.0207526
0.0039720 0.0223774
0.0025815 0.0193187
0.0039098 0.0232584
0.0045348 0.0250995
0.0031500 0.0219934
0.0045825 0.0258482
0.0059395 0.0282545
0.0044951 0.0254870
0.0061311 0.0287052
0.0094036 0.0329546
0.0078060 0.0318692
0.0094606 0.0312684
0.0203205 0.0427392
0.0157690 0.0466235
0.0198051 0.0304496
0.0556267 0.0602373
0.0235619 0.0608364
0.0572132 0.0265306
0.1302980 0.0426335
-0.0183758 -0.0704263
0.0000000 0.0000000
0.0000000 0.0000000
0.0005066 -0.0016717
0.0000000 0.0000000
0.0001253 -0.0025884
0.0002080 -0.0035481
0.0000000 0.0000000
0.0001253 -0.0044061
0.0001865 -0.0054524
0.0000000 0.0000000
0.0001706 -0.0060670
0.0002322 -0.0070047
0.0000000 0.0000000
0.0002406 -0.0073665
0.0003258 -0.0080787
0.0000000 0.0000000
0.0003283 -0.0081463
0.0004179 -0.0085683
0.0000000 0.0000000
0.0004441 -0.0083378
0.0005310 -0.0084196
0.0000000 0.0000000
0.0005729 -0.0078769
0.0006543 -0.0075979
0.0000000 0.0000000
0.0006935 -0.0067516
0.0007704 -0.0061053
0.0000000 0.0000000
0.0008205 -0.0049981
0.0008756 -0.0039900
0.0000000 0.0000000
0.0009218 -0.0026642
0.0009626 -0.0013453
0.0000000 0.0000000
0.0010035 0.0001378
0.0010232 0.0017254
0.0000000 0.0000000
0.0010652 0.0033015
0.0010558 0.0050858
0.0000000 0.0000000
0.0010809 0.0066864
0.0010591 0.0085862
0.0000000 0.0000000
0.0010734 0.0101593
0.0010453 0.0121135
0.0000000 0.0000000
0.0010469 0.0136065
0.0010128 0.0155600
0.0000000 0.0000000
0.0009916 0.0169553
0.0009751 0.0188504
0.0000000 0.0000000
0.0009454 0.0201760
0.0009633 0.0220218
0.0000000 0.0000000
0.0009124 0.0233191
0.0010099 0.0251761
0.0000000 0.0000000
0.0009393 0.0265718
0.0011823 0.0285694
0.0000000 0.0000000
0.0011112 0.0303528
0.0014113 0.0324921
0.0000000 0.0000000
0.0013865 0.0356161
0.0007026 0.0371965
0.0000000 0.0000000
-0.0005952 0.0434080
-0.0013499 0.0498028
0.0000000 0.0000000
-0.0185271 0.0444858
0.0414445 0.1354141
0.0000000 0.0000000
-0.0710717 -0.0147947
0.4900506 0.4913572
0.0000000 0.0000000
0.0000000 0.0000000
-8.789848
-8.758465
-9.202825
-10.10657
-11.62046
-14.02209
-17.78398
-23.82459
-34.18344
-53.78348
-93.58788
-168.6224
-288.572
-317.8171
-191.31
-92.60068
-57.2978
-37.93279
-26.7421
-20.00433
-15.71695
-12.91509
-11.08424
-9.936323
-9.314447
-9.141103
-8.487017
-8.561979
-8.991825
-9.853745
-11.2864
-13.5312
-17.00456
-22.47104
-31.45161
-47.36248
-80.21384
-165.7126
-183.1627
-184.5429
-177.4805
-87.12264
-51.95518
-35.15378
-25.35269
-19.22874
-15.2429
-12.59746
-10.85161
-9.751116
-9.153114
-8.9944
-7.87664
-7.939407
-8.291061
-8.980587
-10.09649
-11.7742
-14.20903
-17.68806
-22.55956
-28.9465
-34.69711
-34.17128
-34.46088
-43.82089
-56.49131
-47.00071
-34.07979
-26.19137
-20.50132
-16.41309
-13.48508
-11.41323
-9.989652
-9.068882
-8.559996
-8.42763
-6.947126
-6.978572
-7.206863
-7.647186
-8.322183
-9.243834
-10.37669
-11.54548
-12.2275
-11.16112
-6.08091
14.66848
94.34889
91.39767
9.038734
-10.06656
-15.26887
-15.55555
-14.19311
-12.47693
-10.89115
-9.601883
-8.638266
-7.980911
-7.605135
-7.506632
-5.772439
-5.770007
-5.861746
-6.035164
-6.257638
-6.448207
-6.410362
-5.717932
-3.466363
2.274255
14.53817
40.93589
63.69597
61.23626
30.10544
8.627905
-2.287949
-6.754743
-8.227961
-8.373202
-7.991492
-7.467916
-6.982773
-6.611301
-6.384058
-6.323266
-4.447358
-4.414857
-4.383485
-4.324136
-4.172371
-3.806595
-2.99834
-1.332358
1.874229
7.632335
16.2506
28.17533
37.13466
36.94014
26.16389
13.44013
4.464636
-0.7724822
-3.489389
-4.741358
-5.205098
-5.28527
-5.207866
-5.09247
-5.003204
-4.978155
-3.061978
-3.007888
-2.88384
-2.655161
-2.250638
-1.551943
-0.3706857
1.580307
4.676573
9.300434
15.38814
21.82932
25.91765
25.34062
20.31187
13.3549
7.179626
2.720368
-0.1474542
-1.841407
-2.772421
-3.245635
-3.460482
-3.541242
-3.562681
-3.566698
-1.690571
-1.625711
-1.444965
-1.117004
-0.5794682
0.2605796
1.530334
3.388611
6.000563
9.421923
13.38349
17.0271
19.14561
18.78169
16.06783
12.04081
7.957491
4.554877
2.04057
0.3259096
-0.7761707
-1.448941
-1.837647
-2.046548
-2.144372
-2.168137
-0.3870647
-0.3216556
-0.1172898
0.2501035
0.8263757
1.675066
2.86911
4.479222
6.540304
8.994196
11.56441
13.74433
14.93181
14.70961
13.12292
10.66
7.944673
5.453958
3.421118
1.88989
0.8047152
0.07452833
-0.3909305
-0.6669751
-0.8077361
-0.8411306
0.8142489
0.8725511
1.075234
1.438405
1.99126
2.770863
3.812155
5.132829
6.71141
8.451606
10.15091
11.5073
12.21298
12.0635
11.08221
9.507843
7.672946
5.871668
4.290542
3.01028
2.036797
1.336601
0.8619145
0.5652246
0.4093467
0.3757579
1.894775
1.9418
2.126496
2.45833
2.952985
3.627526
4.492642
5.539998
6.728307
7.967517
9.114145
9.989029
10.42372
10.31502
9.676192
8.631685
7.366902
6.062842
4.855314
3.82259
2.994305
2.367951
1.924081
1.637695
1.486622
1.46014
2.847152
2.881738
3.040615
3.327517
3.749124
4.309413
5.00496
5.816934
6.702335
7.589125
8.378099
8.959053
9.234999
9.151497
8.716568
8.000153
7.109571
6.158461
5.241692
4.424076
3.740525
3.20316
2.809806
2.551168
2.41658
2.401041
3.671336
3.694393
3.825572
4.064271
4.410962
4.862687
5.409088
6.028559
6.683688
7.320008
7.869967
8.263263
8.441852
8.374559
8.066973
7.560256
6.919575
6.217626
5.520299
4.877904
4.323229
3.874102
3.537461
3.313688
3.199632
3.194883
4.371956
4.384985
4.4902
4.683491
4.961695
5.318046
5.740181
6.207369
6.68933
7.146014
7.531284
7.799412
7.914132
7.856581
7.630395
7.260975
6.789309
6.263232
5.728687
5.223956
4.77733
4.407441
4.125186
3.935743
3.840684
3.843385
4.956105
4.960617
5.04279
5.196603
5.416452
5.694155
6.017009
6.367054
6.720216
7.047462
7.316877
7.498318
7.568339
7.515128
7.341046
7.062268
6.70559
6.303203
5.887701
5.488055
5.127597
4.823608
4.587768
4.427444
4.346902
4.352624
5.432021
5.429391
5.491913
5.6127
5.785352
6.000968
6.247753
6.510156
6.769412
7.003951
7.191582
7.311823
7.349345
7.296531
7.155012
6.935602
6.656296
6.339502
6.008692
5.685912
5.39011
5.136416
4.936286
4.797869
4.727177
4.732499
5.808152
5.800173
5.846637
5.940912
6.076469
6.244812
6.434946
6.633758
6.826006
6.995484
7.125977
7.203311
7.21705
7.162199
7.040099
6.858196
6.629232
6.369211
6.095597
5.825468
5.574333
5.355575
5.1801
5.056649
4.992136
4.995484
6.093092
6.082165
6.11682
6.190931
6.298587
6.431844
6.580998
6.734568
6.880122
7.004659
7.095945
7.143488
7.139862
7.081643
6.969844
6.810074
6.611627
6.386636
6.148569
5.911222
5.687817
5.490454
5.329885
5.215175
5.153812
5.154429
6.295862
6.285053
6.312593
6.373137
6.461272
6.569964
6.690445
6.812828
6.92636
7.020377
7.084911
7.111758
7.095208
7.032597
6.924859
6.776243
6.594163
6.388183
6.169382
5.949446
5.740128
5.552896
5.398471
5.286398
5.224655
5.221508
6.426648
6.419183
6.44452
6.497953
6.574578
6.667857
6.769982
6.87199
6.964529
7.038261
7.08477
7.097129
7.070528
7.002838
6.894683
6.749724
6.573998
6.375684
6.164245
5.950027
5.743853
5.556799
5.399809
5.283287
5.216258
5.207113
6.496985
6.495869
6.523497
6.575846
6.648092
6.734095
6.82642
6.916924
6.996963
7.058224
7.093114
7.095463
7.061023
6.987789
6.876422
6.729964
6.553843
6.35518
6.142459
5.924985
5.712789
5.51647
5.347308
5.217403
5.138332
5.119981
6.519966
6.527354
6.560943
6.617066
6.690868
6.776106
6.865691
6.9517
7.026104
7.081001
7.109332
7.105313
7.064917
6.986353
6.870098
6.719037
6.538024
6.333623
6.113494
5.886062
5.660265
5.445594
5.252992
5.096747
4.996856
4.968013
6.509417
6.526391
6.5684
6.631726
6.711147
6.800412
6.892306
6.979185
7.053082
7.106379
7.132149
7.124764
7.080344
6.997055
6.875406
6.718051
6.529641
6.316299
6.085088
5.843478
5.598885
5.358191
5.128285
4.925197
4.785858
4.757205
6.478563
6.505365
6.557099
6.629313
6.716604
6.81252
6.909915
7.001017
7.077925
7.132924
7.159098
7.150797
7.10408
7.017129
6.890318
6.726307
6.529631
6.306239
6.062775
5.805875
5.541166
5.270938
4.993366
4.709357
4.468504
4.468535
6.436933
6.475767
6.53713
6.618357
6.713805
6.817173
6.921265
7.018263
7.100058
7.158787
7.187351
7.179935
7.132482
7.043038
6.911944
6.741895
6.537494
6.304775
6.050285
5.780126
5.498588
5.205659
4.888718
4.503894
3.987856
3.727183
6.381357
6.444686
6.51643
6.604831
6.707244
6.817596
6.928605
7.032194
7.12001
7.183877
7.216366
7.211419
7.164646
7.074026
6.93976
6.764766
6.553806
6.31336
6.050313
5.770776
5.478971
5.176673
4.862621
4.509449
3.735179
0
