0.0000000 0.0000000
0.0000000 0.0000000
0.0000000 0.0000000
0.0000000 0.0000000
0.0000000 0.0000000
0.0000000 0.0000000
0.0000000 0.0000000
0.0000000 0.0000000
0.0000000 0.0000000
0.0000000 0.0000000
0.0000000 0.0000000
0.0000000 0.0000000
0.0000000 0.0000000
0.0000000 0.0000000
0.0000000 0.0000000
0.0000000 0.0000000
0.0000000 0.0000000
0.0000000 0.0000000
0.0000000 0.0000000
0.0000000 0.0000000
0.0000000 0.0000000
0.0000000 0.0000000
0.0000000 0.0000000
0.0000000 0.0000000
0.0000000 0.0000000
0.0000000 0.0000000
0.0000000 0.0000000
-0.5503116 0.3549368
-1.7451485 1.4192139
-1.2934406 2.6053631
-0.8280504 3.5284362
-0.7358536 4.2653751
-0.8179703 5.1023717
-0.9819316 6.0192728
-1.2932562 7.0863872
-2.0066214 8.4470282
-3.6236219 10.4853210
-8.4287806 12.8937502
10.4124174 18.1249294
13.6956921 -11.8175182
-7.2493033 -9.5970030
-3.7397776 -6.9140739
-2.1022351 -4.6796541
-1.2233859 -3.5111961
-0.7974473 -2.7175376
-0.5684052 -2.1335316
-0.4362562 -1.6731536
-0.3566287 -1.2912868
-0.3429877 -0.9584054
-0.4395428 -0.5537998
-0.3894725 -0.1663560
0.0000000 0.0000000
0.0000000 0.0000000
-1.6831611 0.5549551
-2.9490070 1.7641307
-2.0176005 2.4932506
-1.6118681 3.2871954
-1.6199330 4.1415553
-1.7203327 5.0040317
-1.9274384 5.8177152
-2.3787117 6.6308641
-3.3727567 7.4307895
-5.4431481 7.6985531
1.2385070 7.7763300
18.4864807 8.9949131
27.5444889 -3.2043488
6.8441472 -1.0901314
-4.2693315 -4.6284113
-2.6697376 -3.8436518
-1.9318639 -2.9520931
-1.3652301 -2.3359900
-1.0191453 -1.8857281
-0.8190923 -1.5148325
-0.6990642 -1.1728857
-0.6531076 -0.8678020
-0.8030028 -0.5497648
-0.8202966 -0.2090945
0.0000000 0.0000000
0.0000000 0.0000000
-3.0744445 0.7532943
-3.7194695 1.9010707
-2.6666293 2.4197814
-2.4900641 3.2832482
-2.4722250 4.1219983
-2.5040219 4.9119234
-2.6394899 5.6030049
-2.9655812 6.0923257
-3.6976864 6.1790414
-5.4884973 5.5796776
-2.1084256 -0.8232304
22.3598099 6.1726742
31.9622517 -4.8483934
-7.6810799 0.9159198
-7.0753145 -1.5649791
-3.8318567 -1.9301627
-2.3961008 -1.9980130
-1.7211725 -1.8423760
-1.3348739 -1.6150720
-1.1204537 -1.3648801
-1.0028098 -1.0954238
-0.9461209 -0.8151858
-1.0789553 -0.5612313
-1.2491316 -0.2389056
0.0000000 0.0000000
0.0000000 0.0000000
-4.5529571 0.8739139
-4.2339215 1.9132365
-3.4290853 2.4387877
-3.3517020 3.3234010
-3.2791681 4.1683941
-3.2264619 4.9591928
-3.1731701 5.6035633
-3.1716087 5.9747591
-3.2623868 5.8446755
-3.7562613 4.3618245
3.9538486 -4.0955372
14.2390747 2.0458024
29.9054737 -5.8727412
6.6791539 3.8357949
-4.4780312 -0.5391746
-3.2228937 -0.9330759
-2.2201805 -1.2984093
-1.7695261 -1.4323369
-1.4935354 -1.3865416
-1.3365903 -1.2380164
-1.2549996 -1.0355482
-1.2172277 -0.7841423
-1.3171332 -0.5626109
-1.6629003 -0.2556899
0.0000000 0.0000000
0.0000000 0.0000000
-5.9147878 0.9233091
-4.6983728 1.8543934
-4.2686734 2.4948778
-4.2042356 3.3790894
-4.1315088 4.2730079
-3.9561710 5.1720090
-3.7744994 6.0011444
-3.4690611 6.6059127
-2.6313052 6.4871998
-1.4557813 4.9207187
7.7968922 -2.9636850
14.8058958 2.6102741
36.2589569 -1.0510862
-0.5385379 -0.1587884
-3.1998162 -0.2943470
-2.4744802 -0.6684557
-1.8210729 -1.0112059
-1.6507205 -1.2399092
-1.5517516 -1.2752565
-1.4939442 -1.1777835
-1.4701596 -1.0093378
-1.4698400 -0.7774470
-1.5464425 -0.5638702
-2.0455766 -0.2701834
0.0000000 0.0000000
0.0000000 0.0000000
-7.0422101 0.9192778
-5.2718453 1.7640549
-5.1376891 2.5346465
-5.1011143 3.4329875
-5.0579391 4.4129119
-4.9643903 5.5524082
-4.8821759 6.7522073
-3.8263066 7.3433995
-1.6383569 6.7014875
0.8802986 4.7729635
9.8650455 -1.5264164
12.5750179 1.3283671
33.1564445 -1.2667176
0.6816463 -1.1285037
-2.0085557 -0.9203143
-1.8682421 -0.9293932
-1.4475960 -1.0995237
-1.5003645 -1.2870837
-1.5858105 -1.3127300
-1.6354353 -1.2077203
-1.6754483 -1.0340464
-1.7165545 -0.8012511
-1.7849833 -0.5758433
-2.3960812 -0.2863700
0.0000000 0.0000000
0.0000000 0.0000000
-7.9051170 0.8861932
-6.0038257 1.6645093
-6.0176239 2.5171485
-6.0571451 3.4434316
-6.1880860 4.5366297
-6.4225960 5.9013495
-5.9088879 6.8712225
-3.3025172 6.7297544
-0.1436194 5.5592136
3.7078073 3.7677150
11.9163790 -1.6557447
13.6042585 -0.7091234
37.0846939 -2.0952854
1.3371278 -1.8739699
-1.1123539 -1.4724196
-1.5368050 -1.5727540
-1.2521987 -1.5352646
-1.4306347 -1.5608294
-1.6680264 -1.4952176
-1.8079568 -1.3287736
-1.9009932 -1.1125108
-1.9753959 -0.8555465
-2.0461750 -0.6020061
-2.7194338 -0.3052388
0.0000000 0.0000000
0.0000000 0.0000000
-8.5226536 0.8363986
-6.8359041 1.5614980
-6.9051600 2.4304042
-7.0671740 3.3731043
-7.4875689 4.5179691
-7.7546096 5.7367907
-5.7555332 5.9715104
-2.2737215 5.2062550
1.7487611 3.8625324
6.0092435 1.9352369
13.8604565 -2.3814797
15.6539211 -3.7047150
33.1319618 -3.9333563
2.4968638 -2.3264470
0.3055923 -2.3109312
-1.3022491 -2.4712946
-1.2836998 -2.2212644
-1.5195154 -2.0107825
-1.8553838 -1.7888335
-2.0500879 -1.5202922
-2.1733851 -1.2326864
-2.2626328 -0.9317006
-2.3394873 -0.6390002
-3.0222192 -0.3250299
0.0000000 0.0000000
0.0000000 0.0000000
-8.9452066 0.7770147
-7.6738443 1.4460055
-7.7800422 2.2778833
-8.0938253 3.1879883
-8.7354622 4.2813067
-8.4374313 5.1759357
-4.9272776 4.7109928
-0.6922775 3.5750303
3.6430788 1.6645926
7.9792590 0.2068113
15.4966745 -2.3966024
19.5457420 -6.8454800
35.7740097 -2.9698110
4.6967344 -3.2502024
1.0477247 -3.5780315
-1.4027861 -3.5473506
-1.6204295 -3.0350337
-1.8263102 -2.5564036
-2.1906006 -2.1399705
-2.3904407 -1.7446710
-2.5104508 -1.3698034
-2.5898631 -1.0136827
-2.6674960 -0.6774205
-3.3086975 -0.3417313
0.0000000 0.0000000
0.0000000 0.0000000
-9.2143984 0.7035372
-8.4432573 1.3042002
-8.6084366 2.0578749
-9.0945520 2.8775966
-9.7695589 3.7515266
-8.3816566 4.3045163
-3.8393691 3.4035654
0.8188470 2.1255453
5.1104302 0.7106656
9.3153114 -0.9740332
16.3927612 -3.2089329
26.2155170 -8.0807314
23.1382465 -6.2883077
6.7297697 -4.3948679
1.0097945 -5.1965818
-1.9251813 -4.7628222
-2.3180509 -3.8936393
-2.3848753 -3.1094000
-2.6923132 -2.4863033
-2.8410566 -1.9562807
-2.9170411 -1.4919536
-2.9602532 -1.0799315
-3.0262060 -0.7042775
-3.5763822 -0.3505287
0.0000000 0.0000000
0.0000000 0.0000000
-9.3721333 0.6131786
-9.1015654 1.1278569
-9.3530045 1.7726089
-10.0032768 2.4652028
-10.5339346 3.0941658
-7.6764498 3.2941256
-2.5931811 2.0527577
2.0010335 0.9392096
7.0741558 -0.7765683
10.5679359 -2.1523128
17.5326366 -4.0814056
33.2283897 -8.7415705
11.1471214 -5.5623055
6.4927001 -6.1913610
0.6436805 -6.3346133
-2.8197253 -5.8268876
-3.4147258 -4.7000680
-3.2227457 -3.5776505
-3.3654075 -2.7586942
-3.3952675 -2.1061878
-3.3842468 -1.5644472
-3.3658493 -1.1076624
-3.4022992 -0.7061634
-3.8178501 -0.3461113
0.0000000 0.0000000
0.0000000 0.0000000
-9.4608269 0.5063925
-9.6274328 0.9095104
-9.9852591 1.4221356
-10.8443022 1.9596581
-10.8352251 2.1322157
-6.5176926 2.1429770
-1.4291823 1.0899633
3.3887057 -0.4377611
8.1014605 -1.7828465
13.1067228 -3.8666272
19.8195057 -5.1077118
36.2172699 -12.8215065
11.4874372 -6.6641684
6.6704540 -6.4933081
0.5134509 -6.7763944
-3.7503929 -6.4310760
-4.8565788 -5.2026930
-4.3367901 -3.8358798
-4.1772361 -2.8857789
-4.0242729 -2.1445858
-3.8902087 -1.5535773
-3.7886784 -1.0755289
-3.7750826 -0.6708571
-4.0226307 -0.3240026
0.0000000 0.0000000
0.0000000 0.0000000
-9.5082006 0.3718769
-10.0188017 0.6442396
-10.4704609 0.9962569
-11.5181007 1.3912575
-10.7504950 1.2912617
-5.3796768 1.0654309
-0.2904143 0.4644029
4.7811251 -1.3281726
8.8455362 -1.8327583
14.5157566 -3.8310006
32.6059227 -9.4778042
29.2861500 -6.9499559
12.8999977 -5.5331097
7.1733146 -5.9341750
0.9687296 -6.2307677
-4.5557237 -6.2070308
-6.3989215 -4.9891706
-5.6200180 -3.7660468
-5.0676932 -2.7933438
-4.6843371 -2.0226252
-4.3985786 -1.4287609
-4.1986609 -0.9659607
-4.1158981 -0.5894981
-4.1846261 -0.2803415
0.0000000 0.0000000
0.0000000 0.0000000
-9.5289869 0.2238324
-10.2662582 0.3278325
-10.8079262 0.4986166
-12.0573339 0.7036924
-10.4597416 0.4272984
-4.4238944 0.3063725
0.6976349 -0.3583818
5.8024640 -1.8804362
10.8973608 -3.1072941
16.5197487 -3.3699121
34.6518059 -14.4099922
17.6471558 -6.7237458
12.4980755 -5.5434880
7.2291346 -4.9770017
1.7669050 -4.9827123
-4.7942252 -5.3263388
-7.8229976 -3.9271688
-6.9328136 -3.2641780
-5.9208703 -2.4182818
-5.3027554 -1.7064449
-4.8632922 -1.1715022
-4.5603361 -0.7693586
-4.3968368 -0.4568970
-4.3020129 -0.2141371
0.0000000 0.0000000
0.0000000 0.0000000
-9.5447779 0.0455446
-10.3451757 -0.0495695
-10.9667492 -0.0747620
-12.3315144 -0.0701918
-10.1444769 -0.3641701
-3.8860970 -0.2407318
1.7637072 -0.8973581
6.5356216 -1.7597030
12.1581717 -3.6569188
23.2183933 -7.0250001
40.7680855 -11.1667747
14.1826916 -5.4535618
11.5072327 -4.5834017
6.6756163 -3.9392393
1.8139327 -3.6357863
-4.4607458 -3.9400280
-8.9489346 -2.3976960
-7.9770298 -2.3873277
-6.6382332 -1.7607962
-5.8220563 -1.1916337
-5.2385507 -0.7776505
-4.8356619 -0.4857351
-4.5912156 -0.2753444
-4.3699398 -0.1216923
0.0000000 0.0000000
0.0000000 0.0000000
-9.3936300 -0.1581102
-10.2108974 -0.4786610
-10.9044838 -0.7416644
-12.4334850 -0.9498312
-10.1256208 -1.1491712
-3.4713275 -0.7886966
2.3769767 -1.2645714
7.3462381 -1.3138000
12.5503960 -2.3362904
28.7706776 -9.4915133
38.0918045 -11.5298204
14.5771646 -4.9372454
10.7217407 -3.8289576
6.3547745 -3.0077147
0.9642765 -2.6067312
-4.1245027 -2.1499047
-9.7714396 -1.0927207
-8.7468147 -1.2141373
-7.1434455 -0.8146064
-6.1611271 -0.4892069
-5.4692097 -0.2650226
-4.9891763 -0.1288933
-4.6850314 -0.0513124
-4.4034643 -0.0112162
0.0000000 0.0000000
0.0000000 0.0000000
-9.0099268 -0.3807771
-9.8210077 -0.9488958
-10.5825567 -1.4710271
-12.2425375 -2.0530295
-10.3600531 -2.3720465
-3.4920726 -1.6332300
2.5560169 -1.4509906
8.8247690 -2.3649921
14.6293116 -2.9622164
38.0323524 -10.8409433
23.0043659 -6.5605597
12.1864119 -4.3170004
9.0083694 -2.6692069
6.2501478 -1.9368849
0.1994077 -1.4214543
-4.6363754 -0.3349271
-10.4002972 0.6884961
-9.0816212 0.1767601
-7.3561449 0.2728676
-6.2844024 0.3226884
-5.5238943 0.3206836
-4.9954162 0.2750918
-4.6553798 0.2018726
-4.3480296 0.1099649
0.0000000 0.0000000
0.0000000 0.0000000
-8.3887348 -0.6096297
-9.1534882 -1.4425557
-9.8918304 -2.2888019
-11.6852894 -3.2538064
-10.5363779 -4.0020022
-4.2563405 -3.1400924
1.8948399 -2.1138697
9.0871725 -2.7558792
21.5113220 -5.5033808
38.8053055 -8.9044561
22.3701935 -5.2149425
10.9411144 -3.5509593
7.4070787 -1.6627258
4.9978633 -0.8059708
-0.5718933 0.1564135
-5.4728742 1.4307148
-10.6067352 2.3024991
-8.9258623 1.8221122
-7.2742972 1.4700345
-6.1608205 1.1922294
-5.3805971 0.9416749
-4.8380637 0.7023664
-4.4852681 0.4686980
-4.1684098 0.2353234
0.0000000 0.0000000
0.0000000 0.0000000
-7.5313382 -0.8273485
-8.2054691 -1.8975497
-8.8505192 -3.0221372
-10.2881145 -4.5240283
-10.5009832 -6.5071940
-4.6110811 -5.4240117
2.0081573 -5.0984778
10.0664749 -4.5750976
28.4306984 -9.0264368
34.8791122 -5.8234591
18.3966904 -4.1562748
10.0070267 -0.9847158
7.5461216 -0.1884752
2.8063455 0.6266500
-1.4830947 2.3116333
-5.9859757 3.8305023
-10.4827595 4.9542160
-8.2629957 3.3007457
-6.8184128 2.5916071
-5.7746906 2.0283837
-5.0298114 1.5465053
-4.5112252 1.1197890
-4.1706347 0.7304205
-3.8610916 0.3572724
0.0000000 0.0000000
0.0000000 0.0000000
-6.4753332 -1.0174259
-7.0153179 -2.2880204
-7.4857583 -3.6677659
-8.3276901 -5.4093671
-9.1456070 -8.0224991
-3.3429918 -9.3904238
2.6099882 -9.2361326
14.6206722 -10.0004749
26.2236767 -10.7286482
31.5645943 -8.2548332
19.2763290 -0.1809493
12.4143629 1.0837113
3.4911952 2.3860683
0.7978667 3.1428297
-3.0557621 5.6341166
-7.8311496 7.1848292
-9.3394594 6.4257269
-7.2853446 4.6445279
-6.0337105 3.5806022
-5.1395559 2.7569757
-4.4875050 2.0810089
-4.0265279 1.4970964
-3.7198908 0.9688007
-3.4335380 0.4683860
0.0000000 0.0000000
0.0000000 0.0000000
-5.2685032 -1.1602613
-5.6604052 -2.5555742
-5.9228578 -4.0883760
-6.2214284 -5.9167123
-6.6922750 -8.5881491
-4.4858418 -11.5431242
3.5604415 -12.0988169
14.2701416 -10.8422089
23.3870907 -6.9272656
20.8560867 1.4943800
19.7486820 -1.6696039
7.8177466 8.0138712
5.5652261 6.8462558
-1.4066448 8.1660223
-3.8233662 9.3196821
-8.1638641 10.4934559
-6.9923372 7.5464635
-5.8729091 5.7307301
-4.9691992 4.4164357
-4.2844667 3.3828118
-3.7715623 2.5327463
-3.4026136 1.8068551
-3.1502633 1.1680042
-2.9010637 0.5574283
0.0000000 0.0000000
0.0000000 0.0000000
-3.9740188 -1.2530624
-4.2169662 -2.7137940
-4.3192945 -4.2841501
-4.3955851 -6.0317159
-4.3532662 -8.1461411
-3.4413509 -10.3157740
1.9496654 -11.2261839
8.6947088 -8.1139936
13.2178612 -6.1394076
14.1489115 2.4094334
10.9114437 9.0494442
9.7523804 9.4643841
4.0877190 13.3693542
-0.9234670 13.2859144
-4.3221459 14.3018503
-4.9543619 10.6326561
-4.7409315 8.1776199
-4.2686138 6.4074192
-3.7453091 5.0274448
-3.2818885 3.8929491
-2.9166248 2.9212093
-2.6500735 2.0692489
-2.4719472 1.3154545
-2.2681475 0.6408004
0.0000000 0.0000000
0.0000000 0.0000000
-2.6522093 -1.3002503
-2.7979567 -2.7600911
-2.7983613 -4.2535367
-2.7051606 -5.8008504
-2.3739710 -7.2718058
-1.4016775 -8.4390335
1.1780807 -8.9072790
4.2837348 -7.5833035
7.2985015 -3.2329991
8.4498444 1.5467612
7.2603025 7.4036179
4.9136844 11.7706976
1.7847482 14.5616150
-1.0510745 13.7581053
-2.0884907 12.0147572
-2.6805239 10.3157387
-2.7881808 8.4921560
-2.6507013 6.8445892
-2.4164586 5.4240017
-2.1729696 4.2225122
-1.9642038 3.1859620
-1.8083296 2.2607996
-1.7209004 1.4087034
-1.6481425 0.6124023
0.0000000 0.0000000
0.0000000 0.0000000
-1.2209101 -1.4969189
-1.2586827 -3.1016192
-1.2580757 -4.5246544
-1.1845227 -5.6404929
-0.9411253 -6.3354278
-0.2954305 -6.5734720
0.7246839 -6.3503351
1.8058561 -4.8749795
2.6803100 -1.7187582
3.2528322 2.1546097
2.8996704 5.5582051
1.9179020 8.6272583
0.7059864 10.4267263
-0.5514095 10.8309069
-1.1347280 10.7735577
-1.3820651 10.2893143
-1.3577058 9.3929491
-1.2348017 8.1704063
-1.0895321 6.8254232
-0.9549395 5.4930458
-0.8472330 4.2314811
-0.7746815 3.0527670
-0.7619255 1.9296808
-0.8746433 0.7876525
0.0000000 0.0000000
0.0000000 0.0000000
0.0000000 0.0000000
0.0000000 0.0000000
0.0000000 0.0000000
0.0000000 0.0000000
0.0000000 0.0000000
0.0000000 0.0000000
0.0000000 0.0000000
0.0000000 0.0000000
0.0000000 0.0000000
0.0000000 0.0000000
0.0000000 0.0000000
0.0000000 0.0000000
0.0000000 0.0000000
0.0000000 0.0000000
0.0000000 0.0000000
0.0000000 0.0000000
0.0000000 0.0000000
0.0000000 0.0000000
0.0000000 0.0000000
0.0000000 0.0000000
0.0000000 0.0000000
0.0000000 0.0000000
0.0000000 0.0000000
0.0000000 0.0000000
0.0000000 0.0000000
0.0000000 0.0000000
0.1362630 -0.1196819
0.0000000 0.0000000
0.1353603 -0.0737386
-0.2869895 0.0625340
-0.3552554 0.4806690
0.0000000 0.0000000
-1.3985642 0.6287070
-0.5273712 1.4441767
-0.5192677 2.4285114
0.0000000 0.0000000
-1.5128127 2.1113074
-0.4449581 3.2499402
-0.3940014 3.9387772
0.0000000 0.0000000
-1.0021182 3.1495118
-0.3173016 4.5172529
-0.2952397 4.9963574
0.0000000 0.0000000
-0.7545866 3.9076655
-0.2848644 5.4765396
-0.2999861 5.9539104
0.0000000 0.0000000
-0.7618529 4.6909685
-0.3189938 6.4810843
-0.3579673 7.0019393
0.0000000 0.0000000
-0.8743033 5.5527406
-0.3836459 7.6538606
-0.4591993 8.2803907
0.0000000 0.0000000
-1.0765325 6.5093045
-0.5129489 9.1758633
-0.6793463 9.9908285
0.0000000 0.0000000
-1.4915636 7.6699181
-0.8290523 11.4380655
-1.1665434 12.7150965
0.0000000 0.0000000
-2.4419725 9.5012436
-1.6767699 15.0933657
-1.9282373 17.9389534
0.0000000 0.0000000
-4.6344337 14.0529356
-1.7422140 20.8108940
-2.3564336 24.6102753
0.0000000 0.0000000
3.4607399 13.3341675
4.3011785 16.8365269
8.8369198 10.0237465
0.0000000 0.0000000
14.2557993 8.2944126
12.4808903 -10.2239914
-1.3135779 -9.6735754
0.0000000 0.0000000
11.5598774 -2.7860723
-1.4887617 -13.4963322
-0.7045844 -12.9795942
0.0000000 0.0000000
-8.7605591 -10.1399670
-0.1483933 -8.8579178
-0.4809225 -7.3872056
0.0000000 0.0000000
-2.9259052 -6.1274853
-0.4434333 -6.2822084
-0.4451920 -5.2369275
0.0000000 0.0000000
-1.6809677 -4.2481923
-0.3718775 -4.5105448
-0.3252010 -3.8293896
0.0000000 0.0000000
-0.9967709 -3.1364107
-0.2713585 -3.3617287
-0.2320914 -2.8995183
0.0000000 0.0000000
-0.6715909 -2.4115393
-0.1977165 -2.5691650
-0.1756710 -2.2349262
0.0000000 0.0000000
-0.4953501 -1.8943325
-0.1553084 -1.9771173
-0.1429397 -1.7181661
0.0000000 0.0000000
-0.3924796 -1.4766690
-0.1297953 -1.5080602
-0.1202019 -1.2867061
0.0000000 0.0000000
-0.3413853 -1.1219611
-0.1207278 -1.0923300
-0.1326073 -0.8816910
0.0000000 0.0000000
-0.3794557 -0.7809679
-0.1554208 -0.6313264
-0.1615150 -0.3736695
0.0000000 0.0000000
-0.4566828 -0.3480101
-0.1188636 -0.1604223
-0.0541499 0.0499889
0.0000000 0.0000000
-0.0718581 0.0072637
0.0000000 0.0000000
0.0000000 0.0000000
0.2501826 -0.0386964
0.0277958 0.0675469
-1.1698306 0.3644801
-1.9323454 0.9500953
-2.7187963 1.1198595
-2.1997781 1.6749820
-2.0565901 2.2162280
-2.4337730 2.1599209
-1.6052420 2.6639864
-1.3321872 3.0939665
-1.7547023 2.8644547
-1.1996642 3.4478190
-1.1630207 3.8549135
-1.5991284 3.7000313
-1.1874768 4.2824512
-1.2458912 4.7150946
-1.6535525 4.5697308
-1.3052514 5.1910071
-1.4135203 5.5980096
-1.7863936 5.3771343
-1.5132067 6.1247540
-1.7288839 6.5174122
-2.0784478 6.1321692
-1.9497404 7.1750250
-2.4273410 7.5506120
-2.7450967 6.7618666
-2.9132636 8.5274372
-4.1544466 8.7476759
-4.2678046 6.8853445
-5.6191020 10.2481823
-9.0152817 11.3925714
-10.0687847 7.2639766
-1.1647691 8.1720200
7.2001534 10.5468330
12.0700111 10.2257299
12.2045193 7.6526365
19.3954411 3.9922669
22.5396843 5.6126442
22.0694408 -8.5199356
16.2138100 -1.8255290
19.7399883 -3.7150004
3.3507984 -7.7864804
-9.0196190 -7.5080314
-6.0678887 -5.0850940
-4.6736794 -5.5999079
-3.5347102 -5.2476654
-2.8951042 -4.2266579
-2.7082024 -4.1155810
-2.0469658 -3.5904846
-2.1629336 -3.0534515
-1.5843719 -3.2202585
-1.2920476 -2.8084121
-1.6004304 -2.5450249
-1.0491859 -2.5243137
-0.8975251 -2.2299981
-1.1649121 -2.1011364
-0.7665200 -1.9879582
-0.6846704 -1.7736475
-0.9037714 -1.7082584
-0.6098417 -1.5671324
-0.5637333 -1.3921102
-0.7515649 -1.3558267
-0.5177957 -1.2095901
-0.4936388 -1.0511851
-0.6649317 -1.0239309
-0.4864199 -0.8944046
-0.5261300 -0.7285108
-0.6972933 -0.7252742
-0.6145638 -0.5274969
-0.6767523 -0.3542359
-0.8719974 -0.3852260
-0.5989338 -0.1724435
-0.0874349 -0.0236060
-0.1855498 -0.0490704
0.0000000 0.0000000
0.0000000 0.0000000
-0.2199591 0.1207002
-0.5848447 0.2065751
-2.3807440 0.6355215
-3.3231764 1.3016663
-3.8733449 1.4114567
-3.3022790 1.8792818
-2.7945297 2.1365030
-3.0818782 2.1073318
-2.3252151 2.4429388
-2.0992000 2.8515542
-2.5362880 2.8211045
-2.0352478 3.2691650
-2.0390930 3.7012439
-2.4777575 3.6849585
-2.0509267 4.1375065
-2.0905812 4.5429134
-2.4759040 4.4995623
-2.1248410 4.9661999
-2.2186153 5.3038788
-2.5452709 5.2268271
-2.3007970 5.7338982
-2.5086975 5.9730773
-2.7385731 5.8070207
-2.6883197 6.4153099
-3.0994761 6.4842420
-3.1807253 6.1727362
-3.4465585 6.8365116
-4.0568933 6.7953105
-4.0518417 6.3120070
-4.0754423 6.9493241
-9.0418072 7.4103093
-8.7733345 7.4463367
-8.7172775 6.4823489
8.7106800 7.0276294
13.4095078 1.8900667
20.0480785 8.6043482
23.2389507 6.1851540
33.2498512 2.9069698
28.0656281 -3.3202450
24.4793339 -1.1528628
30.3864708 1.9071734
-7.0486832 1.9425267
-6.0188141 -3.9972849
-7.6802354 -2.2613485
-5.3354211 -3.0889697
-4.2887473 -3.7808039
-6.0360241 -2.4065964
-3.1358697 -3.2386806
-2.5994136 -2.7579293
-3.0798144 -2.2182140
-2.1420739 -2.5007806
-1.8137692 -2.2946022
-2.0219254 -1.9849788
-1.5173500 -2.0675013
-1.3335956 -1.9368283
-1.5020044 -1.7692372
-1.1590822 -1.7352675
-1.0568488 -1.6091553
-1.2122905 -1.5215982
-0.9581562 -1.4300735
-0.9018880 -1.2999336
-1.0526688 -1.2563580
-0.8455865 -1.1265688
-0.8203365 -0.9945152
-0.9673840 -0.9717305
-0.7986918 -0.8374867
-0.8368976 -0.7044361
-0.9771648 -0.6968483
-0.9359335 -0.5489767
-1.0391961 -0.4072648
-1.2024239 -0.4205435
-1.0243938 -0.2263514
-0.2862753 -0.0646363
-0.4148135 -0.0774270
0.0000000 0.0000000
0.0000000 0.0000000
-1.0372332 0.2644547
-1.5696526 0.3287053
-3.8134315 0.8108273
-4.3733706 1.4966644
-4.7651725 1.5373496
-3.9735596 1.9354954
-3.3598859 2.0861492
-3.6826389 2.0774746
-3.0339410 2.4100704
-2.9453773 2.8604710
-3.3788390 2.8686476
-2.9118891 3.2890942
-2.8915806 3.7139497
-3.3256993 3.7174523
-2.8724489 4.1207619
-2.8634579 4.5241995
-3.2704291 4.5322556
-2.8679521 4.9032736
-2.8875039 5.2400222
-3.2220807 5.2427363
-2.9067507 5.5601377
-2.9860077 5.7653546
-3.1659088 5.7312193
-3.0422354 5.9652467
-3.2860506 5.9285393
-3.1770763 5.7596631
-3.5053546 5.9603767
-4.1386847 5.3948045
-3.5304511 4.8156152
-4.9066067 5.2267056
-10.1835680 4.7783761
-7.5819740 3.2547510
0.6693453 -4.6527162
11.2340250 1.3422273
8.5415440 -1.2420071
15.8913860 4.6909933
20.2190762 5.6948781
22.3748722 3.3389177
33.9115715 -3.7155795
32.6764526 1.5291134
27.5071449 5.8998189
-3.8082714 1.9451810
-4.5447869 0.4127169
1.4669346 3.6909878
-6.5996289 -0.8207549
-5.2970738 -0.5509560
-3.7663543 0.4075982
-3.5932882 -1.1521297
-2.9184487 -1.4788026
-2.5644159 -0.9695910
-2.3278551 -1.5646110
-2.0131660 -1.6456805
-1.9380987 -1.3907483
-1.7471821 -1.5971470
-1.5746926 -1.5948490
-1.6112503 -1.4578472
-1.4116751 -1.4798348
-1.3197057 -1.4281781
-1.4034622 -1.3540246
-1.2273462 -1.2908231
-1.1785030 -1.2059851
-1.2884778 -1.1673362
-1.1280812 -1.0591377
-1.1076531 -0.9507293
-1.2315500 -0.9327320
-1.0835738 -0.7973701
-1.1100681 -0.6833959
-1.2359041 -0.6752439
-1.1955137 -0.5593556
-1.3396773 -0.4284389
-1.4824405 -0.4318897
-1.4450034 -0.2487552
-0.5601251 -0.0854336
-0.7101125 -0.0926083
0.0000000 0.0000000
0.0000000 0.0000000
-2.1558559 0.3756238
-2.8053694 0.4162884
-5.2303658 0.9036397
-5.1407237 1.5518256
-5.4329596 1.5422823
-4.4674439 1.8992267
-3.9914205 2.0754271
-4.3732834 2.0797138
-3.8315873 2.4546895
-3.8056149 2.9134395
-4.2425103 2.9283736
-3.7726228 3.3347142
-3.7227769 3.7830400
-4.1901250 3.8005617
-3.7014356 4.1870470
-3.6372955 4.6357117
-4.1107697 4.6712871
-3.6084297 4.9918394
-3.4849284 5.4091797
-3.9646559 5.5063176
-3.4421082 5.6868134
-3.3254678 5.9847689
-3.6704073 6.2908196
-3.1806180 6.1761603
-3.0533965 6.1644578
-3.1087716 6.6933255
-2.8075359 6.0120063
-2.4943118 5.6220112
-2.0288079 6.0079446
-1.8583807 4.0481596
-3.8181276 4.4050593
-2.8911326 5.0312920
6.0781479 -3.6460474
9.6014366 -0.1874215
11.3504133 1.6534692
14.1737080 1.9116741
19.3820362 3.1172733
18.0893288 2.0604074
35.2766838 -0.0720886
32.2901840 4.1391544
28.1671028 3.1153271
-4.1455979 -1.2674553
-2.0665312 2.4045992
-2.1337769 1.1429359
-3.4861572 -0.3387208
-3.4202955 0.0793246
-3.1260798 0.0958466
-2.7287374 -0.6270067
-2.3896089 -0.8369461
-2.1132147 -0.7374523
-1.9991813 -1.0661639
-1.8552053 -1.2452232
-1.6968783 -1.1643780
-1.7154045 -1.2932136
-1.6299553 -1.3615644
-1.5950633 -1.3085082
-1.5285742 -1.3071171
-1.4803784 -1.2991552
-1.5171996 -1.2673713
-1.4211686 -1.1948328
-1.3965265 -1.1375250
-1.4772462 -1.1199182
-1.3667344 -1.0150131
-1.3586156 -0.9206316
-1.4663055 -0.9129133
-1.3467389 -0.7772947
-1.3662400 -0.6688522
-1.4848756 -0.6650503
-1.4317234 -0.5613770
-1.6033922 -0.4328268
-1.7336060 -0.4326515
-1.8417140 -0.2632549
-0.8765447 -0.0976771
-1.0410299 -0.1022324
0.0000000 0.0000000
0.0000000 0.0000000
-3.4690824 0.4437766
-4.1685348 0.4596912
-6.4711137 0.9289712
-5.7262163 1.5104162
-5.9831057 1.4702601
-4.9840336 1.8126303
-4.7390385 2.0898561
-5.1631021 2.0933776
-4.6880860 2.5081782
-4.6679530 2.9660678
-5.1276183 2.9707582
-4.6458197 3.3936279
-4.6126466 3.8721302
-5.1156116 3.8943725
-4.5982404 4.3005695
-4.4665947 4.8520570
-5.1016154 4.9058900
-4.4867334 5.2487302
-4.2835550 5.8874898
-5.0347300 6.1273136
-4.2302008 6.3231921
-4.0289989 6.8338971
-4.4406972 7.2480536
-3.5398147 7.1579976
-2.8916540 7.1418939
-2.7630734 7.1609588
-1.9630988 6.7651143
-0.8936497 6.1149726
-0.4051714 5.7447815
0.0399796 4.7787852
-1.3580068 4.7965012
-0.1589759 3.8883753
8.9202871 -1.7790993
11.1417150 1.9219452
10.5513058 1.3313497
14.0400715 2.1207743
16.2568474 2.8256569
16.0071564 2.5254045
36.5962067 -0.8902894
35.9066811 2.1914518
27.6120567 1.0541216
-1.4046824 -1.2685480
-1.0664427 1.3743641
-1.0504539 0.9554309
-2.6016338 -0.5370812
-2.5278730 -0.0398204
-2.1569028 -0.4236069
-2.1468534 -0.7247471
-1.9170048 -0.7858975
-1.6485186 -0.9566677
-1.6414950 -0.9911953
-1.6159414 -1.1709603
-1.4298198 -1.2331413
-1.5970894 -1.2268331
-1.6072127 -1.3074322
-1.5441473 -1.3397695
-1.5854336 -1.2710764
-1.5891550 -1.2683277
-1.6094414 -1.2873590
-1.5767373 -1.1792612
-1.5825166 -1.1228945
-1.6523672 -1.1346462
-1.5811210 -1.0139297
-1.5893577 -0.9171275
-1.6914400 -0.9248283
-1.5981773 -0.7850745
-1.6164004 -0.6686541
-1.7355881 -0.6726781
-1.6671144 -0.5682123
-1.8488569 -0.4335929
-1.9742217 -0.4339176
-2.2072313 -0.2781749
-1.2220104 -0.1061902
-1.3981833 -0.1094459
0.0000000 0.0000000
0.0000000 0.0000000
-4.8539486 0.4647070
-5.5466647 0.4605017
-7.4621539 0.9094984
-6.2545829 1.4169919
-6.5304046 1.3601056
-5.6346507 1.7133509
-5.5680032 2.0984244
-6.0074596 2.0813737
-5.5684319 2.5255408
-5.5576138 2.9897866
-6.0378304 2.9698198
-5.5706944 3.4310257
-5.5645919 3.9611242
-6.1360960 3.9627531
-5.6132193 4.4439044
-5.5870128 5.1181383
-6.3543916 5.2003036
-5.6935477 5.6952038
-5.6029816 6.4946404
-6.2964549 6.6009746
-5.2859282 7.0421600
-4.7044764 7.2651725
-4.6574044 7.1060309
-3.4842432 7.3001142
-2.0820925 6.8929691
-1.7189962 6.1935754
-0.5189385 6.2764544
1.1416273 5.3626976
1.7529637 4.6220293
2.6987872 4.3738680
1.6193652 3.6361668
2.8936751 3.0339310
11.5987930 -1.0473120
12.1434097 1.5590062
12.1351032 0.8763732
13.4639797 1.2650263
15.7040472 0.1691319
17.8201313 -1.4416894
38.7766457 -0.2562900
35.2205009 1.2652421
26.9195385 -0.9165621
-0.0434207 -2.3678231
-0.7035775 0.8672376
0.1658829 0.5040169
-1.8459070 -0.9449416
-2.0412812 -0.7462308
-1.4807965 -1.0082924
-1.7477108 -1.1188452
-1.6375291 -1.2037725
-1.4066380 -1.4622605
-1.3867658 -1.2509105
-1.4313864 -1.3860397
-1.2860721 -1.5551943
-1.5026593 -1.3921338
-1.5963484 -1.4364915
-1.5527446 -1.5429469
-1.6533797 -1.3850008
-1.7027009 -1.3488482
-1.7381909 -1.4161466
-1.7392213 -1.2565510
-1.7712039 -1.1743591
-1.8525352 -1.2148386
-1.7996192 -1.0669080
-1.8226025 -0.9490131
-1.9325094 -0.9726660
-1.8523016 -0.8246672
-1.8733406 -0.6876830
-2.0006769 -0.7000703
-1.9176853 -0.5878095
-2.0917330 -0.4380542
-2.2210376 -0.4408379
-2.5431943 -0.2958342
-1.5915061 -0.1133126
-1.7793033 -0.1161958
0.0000000 0.0000000
0.0000000 0.0000000
-6.2093391 0.4486676
-6.8602881 0.4311411
-8.1998034 0.8660027
-6.8206997 1.2952540
-7.1345334 1.2304899
-6.4161115 1.6093597
-6.4238610 2.0596292
-6.8609815 2.0154095
-6.4581308 2.4749990
-6.4784617 2.9503083
-6.9643621 2.8979709
-6.5588794 3.4052119
-6.6456861 3.9840479
-7.2624335 3.9417863
-6.8374672 4.5312457
-6.9935551 5.2958317
-7.7292814 5.2386422
-7.0822620 5.9018326
-6.8198714 6.4407496
-6.9948788 6.1807179
-5.7811418 6.6803703
-4.3619418 6.4038234
-4.0000687 5.7943425
-2.7016799 6.0431037
-0.9082655 5.4780054
-0.2782408 4.5571136
0.9767746 4.7998462
2.9578233 3.7159235
3.9251738 2.7375169
4.9587135 2.8823206
4.1045456 1.9108862
5.4139900 0.6756185
12.9618349 -1.1306007
12.7716408 0.0599698
13.3549252 -1.7543443
14.1452675 -2.5272331
23.0293293 -3.3458040
25.9351425 -3.6724048
35.8658714 -4.1076179
27.0475197 -2.5556588
20.3714752 -1.8747530
1.7918539 -2.0281589
0.5022177 0.1236436
1.9695879 -0.1186768
-0.9311561 -1.6604838
-1.4156731 -1.5771592
-0.7066777 -1.9394982
-1.5893722 -1.9145957
-1.5482632 -1.8776506
-1.3619293 -2.2084746
-1.3551564 -1.8304189
-1.4014732 -1.8280718
-1.3409593 -2.0671492
-1.5293899 -1.7639433
-1.6723498 -1.7184359
-1.6911423 -1.8763182
-1.7960787 -1.6304833
-1.8746032 -1.5291351
-1.9522475 -1.6310947
-1.9500345 -1.4173672
-1.9981540 -1.2855392
-2.1097918 -1.3467087
-2.0507801 -1.1692017
-2.0811260 -1.0141159
-2.2120533 -1.0489357
-2.1261435 -0.8917369
-2.1499724 -0.7243557
-2.2923701 -0.7425668
-2.1945753 -0.6204887
-2.3471751 -0.4488127
-2.4874284 -0.4537550
-2.8553276 -0.3157199
-1.9843609 -0.1203632
-2.1846364 -0.1232717
0.0000000 0.0000000
0.0000000 0.0000000
-7.4710922 0.4087632
-8.0618258 0.3843133
-8.7174845 0.8092769
-7.4597683 1.1621232
-7.8043618 1.0911531
-7.2533684 1.5039066
-7.2700467 1.9596851
-7.6913333 1.8819153
-7.3440804 2.3592069
-7.4109669 2.8339088
-7.8860312 2.7389536
-7.5852609 3.2870805
-7.8267612 3.8793154
-8.4260788 3.7850351
-8.1240177 4.4183431
-8.3545418 5.1293478
-8.8874063 4.9409389
-8.0914431 5.5544453
-7.0726237 5.6749172
-6.8267779 5.1830697
-5.3423204 5.4729137
-3.5261791 4.9153533
-2.8513718 4.2150841
-1.5051004 4.2435341
0.6473358 3.4107974
1.4988414 2.6206279
2.6448095 2.5534914
4.8435807 1.6889729
5.8098855 0.9582449
7.0239711 0.9898347
6.8212194 0.0525655
7.9206357 -0.7418106
14.8792076 -2.3385401
15.5166969 -1.5383954
15.7192755 -2.1313014
17.1937351 -5.5610485
23.2355556 -9.0255480
28.6420670 -8.3426170
34.3844452 -3.1192827
19.5279102 -3.8200202
10.0441494 -3.3361797
4.3007979 -2.2070930
2.2208719 -1.9905275
3.3023231 -2.5476341
0.3408600 -2.7592542
-0.8484182 -2.7846148
-0.4010687 -3.2880118
-1.5416539 -2.9600532
-1.6621208 -2.7343135
-1.6582675 -3.1435342
-1.5603915 -2.6095135
-1.5891849 -2.4256513
-1.6724761 -2.7115157
-1.7335182 -2.2777731
-1.8903339 -2.1044488
-2.0102513 -2.2911997
-2.0576479 -1.9622712
-2.1454527 -1.7760431
-2.2899740 -1.8912649
-2.2418618 -1.6321092
-2.2923124 -1.4346725
-2.4486306 -1.5018976
-2.3555119 -1.3021885
-2.3837485 -1.0992111
-2.5441983 -1.1360513
-2.4337509 -0.9735627
-2.4558742 -0.7708886
-2.6180837 -0.7892032
-2.5042453 -0.6599059
-2.6262980 -0.4633708
-2.7818892 -0.4681934
-3.1490564 -0.3347840
-2.4008369 -0.1275259
-2.6134491 -0.1301626
0.0000000 0.0000000
0.0000000 0.0000000
-8.6059990 0.3580189
-9.1283121 0.3299819
-9.0644207 0.7428869
-8.1476402 1.0136663
-8.4971972 0.9354005
-8.0589581 1.3752661
-8.0827208 1.7882327
-8.4768858 1.6813045
-8.2003870 2.1727042
-8.3229485 2.6244736
-8.7734575 2.4880061
-8.6035290 3.0469947
-8.9925222 3.6504540
-9.5248671 3.4704182
-9.2733297 4.0460649
-9.3279667 4.6496716
-9.5887890 4.3329520
-8.4159584 4.8100457
-6.5396028 4.5589967
-6.0922909 3.9794204
-4.3953671 4.0975895
-2.1739337 3.5304718
-1.4882467 2.7619359
0.0416120 2.8120627
2.2004790 2.0551794
2.7989454 1.5026263
4.3405614 1.1777194
6.5865130 0.4211212
7.3751216 -0.1667781
8.7716312 -0.5087148
9.3072748 -1.3304279
10.7077780 -1.8508840
15.9260969 -2.7917264
17.0346451 -2.7113240
18.7636509 -3.0787692
25.7942104 -8.2412691
29.7987309 -10.8347759
32.2185593 -8.4220467
28.2330799 -5.9457088
7.9529009 -5.2037029
7.1677842 -4.3866405
6.7754936 -3.1736035
3.6698458 -4.1184058
3.4415255 -5.1154943
1.1690429 -4.3315935
-0.6852590 -4.2062936
-0.7409067 -4.9189606
-1.7622427 -4.1632662
-2.0671394 -3.7528100
-2.3474164 -4.2578297
-2.0450189 -3.4718244
-2.0487599 -3.1014650
-2.3239295 -3.4085782
-2.1585710 -2.8430443
-2.2947116 -2.5310049
-2.5313258 -2.7167706
-2.4700158 -2.3197274
-2.5426085 -2.0377431
-2.7653587 -2.1410441
-2.6355660 -1.8576599
-2.6698472 -1.5864081
-2.8777049 -1.6414204
-2.7259028 -1.4367019
-2.7406871 -1.1822740
-2.9330742 -1.2090861
-2.7818246 -1.0508982
-2.7954781 -0.8136290
-2.9776676 -0.8245484
-2.8466873 -0.6945677
-2.9341488 -0.4754849
-3.1056702 -0.4765405
-3.4256051 -0.3482654
-2.8385041 -0.1336423
-3.0610318 -0.1355316
0.0000000 0.0000000
0.0000000 0.0000000
-9.5966454 0.3006645
-10.0406332 0.2697903
-9.2773724 0.6600392
-8.8338432 0.8536470
-9.1619492 0.7694344
-8.7760935 1.2187138
-8.8367100 1.5594383
-9.1902504 1.4264681
-8.9905834 1.9218109
-9.1789551 2.3264291
-9.5748901 2.1474378
-9.5529318 2.6755514
-10.0319080 3.2790170
-10.5013018 3.0786223
-10.1705942 3.4510202
-9.7783909 3.9776828
-9.7836103 3.6067622
-8.0510769 3.8438332
-5.6041889 3.3390334
-5.0233274 2.7211323
-3.2339840 2.7290423
-0.8106954 2.1458583
-0.1320360 1.5027155
1.3959308 1.4951665
3.5832474 0.8919105
4.4100738 0.1856039
6.1396494 -0.0348653
8.2630224 -0.7589077
8.9358463 -1.2213286
9.8769684 -1.4277313
11.8857155 -2.7839723
13.5169401 -3.7218547
16.9096413 -3.2042599
19.9962597 -5.0899587
22.2861500 -6.4060788
31.4693394 -9.3245430
34.9262047 -9.0024710
27.1618328 -5.7210178
17.3566971 -5.4074507
8.0243158 -4.9161749
8.5902023 -6.3046074
7.1136398 -5.6548958
3.9218650 -5.7095962
3.4019768 -6.6084199
1.1965944 -5.7773013
-1.0272058 -5.6562781
-1.3225747 -6.2749701
-2.3988130 -5.3445034
-2.9054198 -4.8415570
-3.4126482 -5.3270350
-2.9065435 -4.3298969
-2.8362453 -3.7788296
-3.3363316 -4.0581894
-2.8382773 -3.3710837
-2.9109213 -2.9289742
-3.2668586 -3.0709221
-3.0512981 -2.6399159
-3.0765100 -2.2557418
-3.3777769 -2.3161197
-3.1342783 -2.0460944
-3.1328988 -1.7000250
-3.3882611 -1.7231972
-3.1611893 -1.5387560
-3.1497443 -1.2366976
-3.3701000 -1.2408956
-3.1688659 -1.1010122
-3.1658185 -0.8361403
-3.3628666 -0.8321491
-3.2134266 -0.7107254
-3.2680457 -0.4775026
-3.4509592 -0.4709480
-3.6803508 -0.3513057
-3.2902660 -0.1370769
-3.5172229 -0.1369395
0.0000000 0.0000000
0.0000000 0.0000000
-10.4223461 0.2375684
-10.7817011 0.2043916
-9.4041615 0.5615259
-9.4613008 0.6779891
-9.7420988 0.5813566
-9.3718662 1.0201732
-9.5034256 1.2763438
-9.8016825 1.1145931
-9.6826468 1.6014055
-9.9382648 1.9564281
-10.2964439 1.7367920
-10.4361191 2.2327533
-10.9232569 2.8505628
-11.2751474 2.5497160
-10.7126198 2.6722286
-9.7049751 3.1342731
-9.4378300 2.6003406
-7.0985684 2.7627916
-4.4372377 2.0075839
-3.7802362 1.4074171
-2.0907652 1.5200388
0.5463881 0.7026414
1.2469959 0.1031468
2.5238497 0.1961989
5.0108848 -0.5889935
5.6871362 -1.1256431
7.5772386 -1.3912163
9.5483503 -1.5740095
10.3054266 -1.8631262
11.7764320 -3.1565940
15.5317640 -3.9200985
16.7902260 -3.5885673
20.0529709 -4.9241819
21.9484730 -7.0446696
30.6469021 -12.8334961
35.5765343 -13.6442451
35.1159782 -13.3670940
22.2000275 -8.1077614
10.4322538 -6.8965092
8.6699629 -6.2421875
10.1935377 -5.5059719
6.6786547 -6.1735401
3.7652788 -6.6340075
3.9589748 -6.4845262
1.0967251 -6.5076442
-1.5157014 -6.5934248
-1.7673899 -6.7761726
-3.2522171 -6.1886706
-4.0854578 -5.7626667
-4.7055392 -6.0335031
-4.1731691 -5.0179811
-3.9893634 -4.3321457
-4.6800332 -4.5351462
-3.7921283 -3.7436593
-3.7401493 -3.2054765
-4.2090602 -3.2462704
-3.7911286 -2.8527753
-3.7341588 -2.3665819
-4.0989766 -2.3569849
-3.7237148 -2.1471901
-3.6672924 -1.7352135
-3.9554720 -1.7093406
-3.6461172 -1.5734816
-3.5975490 -1.2365941
-3.8343792 -1.2068961
-3.5824156 -1.1014093
-3.5540671 -0.8228630
-3.7575548 -0.7971706
-3.5873089 -0.6953856
-3.6174035 -0.4615023
-3.8031621 -0.4441542
-3.9041290 -0.3385638
-3.7432382 -0.1357059
-3.9639781 -0.1321768
0.0000000 0.0000000
0.0000000 0.0000000
-11.0637226 0.1702727
-11.3187304 0.1306833
-9.4726858 0.4402084
-9.9760275 0.4845839
-10.1914053 0.3815995
-9.8327122 0.7793702
-10.0496244 0.9413489
-10.2756014 0.7571784
-10.2477179 1.2175398
-10.5961103 1.4769473
-10.8611031 1.2069337
-11.1950302 1.6787103
-11.5795918 2.2277298
-11.8123770 1.8898431
-10.7690687 1.6990725
-9.0949335 2.0837903
-8.7153015 1.6326057
-5.9487634 1.5970525
-3.2181208 0.8478753
-2.5944033 0.4170340
-0.9572881 0.6459215
1.8858076 -0.3532491
2.5029030 -0.9054387
4.1126151 -0.9678570
6.1335487 -1.5751647
6.5375190 -1.8899640
8.3690434 -1.7659693
10.6410675 -2.5710275
11.6358929 -3.5399773
13.6238308 -3.9097204
16.9721985 -3.6956201
17.4159374 -4.0872788
29.3152752 -9.8324442
36.8922386 -11.3360252
36.3466949 -8.9783487
29.3502750 -8.7294073
17.0411549 -7.4740996
14.2069178 -6.7293234
12.9800777 -5.8363605
10.3898182 -5.7750721
10.0665817 -6.0564656
7.2456965 -6.3307943
4.1893277 -6.3128738
4.3755879 -6.0192852
1.3197622 -6.5314026
-1.6032603 -6.6516895
-1.8284016 -6.4002142
-3.9752018 -6.4041877
-5.3651061 -6.1089044
-6.0094175 -5.9560990
-5.6544180 -5.2180839
-5.4500175 -4.6581779
-6.2552514 -4.6590576
-4.9958515 -3.8514364
-4.7418671 -3.2469428
-5.2846642 -3.1405730
-4.6418185 -2.8817267
-4.4778032 -2.3123636
-4.8765912 -2.2094250
-4.3652010 -2.1101344
-4.2404532 -1.6578636
-4.5407519 -1.5686668
-4.1516991 -1.5084189
-4.0582705 -1.1598283
-4.2939248 -1.0876054
-3.9986973 -1.0324227
-3.9401362 -0.7605401
-4.1353040 -0.7083136
-3.9449484 -0.6378971
-3.9623001 -0.4209155
-4.1395774 -0.3903289
-4.0887957 -0.3059739
-4.1764932 -0.1266102
-4.3779922 -0.1185441
0.0000000 0.0000000
0.0000000 0.0000000
-11.4913797 0.0858196
-11.6182823 0.0437140
-9.5270796 0.2963046
-10.3345242 0.2732106
-10.4514561 0.1474290
-10.1603041 0.4866495
-10.4356070 0.5679758
-10.5783329 0.3501487
-10.6535711 0.7457873
-11.0777950 0.9590561
-11.2965736 0.6684811
-11.8045750 1.0726715
-11.9442482 1.5347275
-12.0087051 1.0950574
-10.5897484 0.9018918
-8.3395185 1.1927909
-8.0088921 0.7293485
-4.8432264 0.6322720
-2.0164390 0.0230959
-1.5903313 -0.3455467
0.2962884 -0.0631581
3.1237280 -1.0253294
3.4220910 -1.1505448
5.3134265 -1.7586696
7.3739891 -1.9872432
8.2018290 -2.2068939
9.8774757 -2.4480472
12.6306276 -4.0969238
13.5915928 -4.2626562
15.2104769 -4.0274916
21.6643200 -6.8094044
25.1772022 -8.7907991
34.2227211 -11.8165874
39.3751183 -13.1501579
35.7085724 -12.6554365
24.4239140 -9.8177023
12.1119337 -5.4717870
13.5596571 -5.3937039
12.7532034 -5.5007901
9.9180126 -5.7121067
9.8881140 -5.1905580
7.4100404 -5.4691949
4.4479895 -5.4377184
4.6412768 -4.8671107
1.7008193 -5.6642561
-1.3598316 -5.7447805
-1.4094886 -5.1130362
-4.5078788 -5.7649188
-6.3471856 -5.5812249
-6.8045444 -5.1932240
-7.0620666 -4.5389986
-7.0376701 -4.4745259
-7.7951479 -4.1376042
-6.3057923 -3.5899580
-5.8135715 -2.9605958
-6.3679662 -2.6799388
-5.5113974 -2.6547048
-5.2346807 -2.0519879
-5.6171837 -1.8429308
-5.0050755 -1.8934994
-4.8050628 -1.4421619
-5.0834718 -1.2822555
-4.6399875 -1.3188221
-4.4965510 -0.9907095
-4.7076983 -0.8714197
-4.3859816 -0.8799813
-4.2962899 -0.6407282
-4.4649053 -0.5589485
-4.2580757 -0.5312048
-4.2779822 -0.3510654
-4.4297304 -0.3063171
-4.2291451 -0.2509703
-4.5611920 -0.1065028
-4.7297506 -0.0933288
0.0000000 0.0000000
0.0000000 0.0000000
-11.6690559 -0.0001553
-11.6662722 -0.0431351
-9.5719481 0.1296155
-10.4960537 0.0167209
-10.4961739 -0.1265781
-10.3378325 0.1430879
-10.6518955 0.1217508
-10.6922436 -0.1288211
-10.9183283 0.2218081
-11.4311018 0.3370199
-11.5355320 -0.0371756
-12.2065296 0.3262239
-12.0137186 0.6385323
-12.0636473 0.2059138
-10.2286062 0.0233241
-7.6464472 0.2901693
-7.3961687 -0.1087523
-4.0851974 0.0226403
-1.0128613 -0.5200721
-0.8890472 -0.8426226
1.5238023 -0.5713276
3.7656562 -1.2892654
4.0728402 -1.4745879
6.0741696 -1.8570791
9.0811167 -2.4209428
9.8431082 -2.5169380
11.6132965 -3.6302791
14.7297688 -3.7175186
14.6877337 -3.1581020
18.3014164 -3.2722890
29.6077843 -9.5950880
38.0420952 -11.4138031
36.5373573 -10.2967405
32.8608589 -8.7809477
24.0700474 -7.2640743
16.3201294 -6.3575382
12.9609089 -5.0779462
13.0790482 -4.7354088
11.9929991 -5.1136861
9.4581757 -4.7288356
9.0966921 -4.1935096
7.0207319 -4.4241366
4.3397093 -4.2744536
4.3610468 -3.7078314
1.9317911 -4.2781239
-1.0250813 -4.3529077
-0.8474899 -3.6278169
-4.5268884 -4.6952934
-6.9881654 -4.5949264
-7.3534193 -3.9458163
-8.3276863 -3.1938856
-8.3927002 -3.6572165
-8.9714937 -3.0668385
-7.5049534 -2.9135938
-6.8009515 -2.3141527
-7.2467289 -1.8977598
-6.3081288 -2.1334491
-5.9194050 -1.5682961
-6.2284451 -1.2649281
-5.5746708 -1.4725447
-5.3019991 -1.0774413
-5.5297389 -0.8479042
-5.0590467 -0.9914288
-4.8681045 -0.7223925
-5.0341797 -0.5570536
-4.7053084 -0.6391560
-4.5879788 -0.4591940
-4.7113438 -0.3485566
-4.4987569 -0.3733062
-4.5338011 -0.2529439
-4.6372690 -0.1910988
-4.3282490 -0.1724589
-4.8661923 -0.0741600
-4.9808578 -0.0576392
0.0000000 0.0000000
0.0000000 0.0000000
-11.5867081 -0.0842663
-11.4492741 -0.1256631
-9.5300951 -0.0582876
-10.4413967 -0.2867986
-10.3261318 -0.4530770
-10.3235941 -0.2638788
-10.6588402 -0.3944196
-10.5807629 -0.6777372
-10.9732885 -0.4087167
-11.5439043 -0.3945490
-11.5575294 -0.7886920
-12.4045172 -0.4788418
-12.0466070 -0.1881049
-12.0995588 -0.7109480
-10.0237656 -0.7064586
-7.1493788 -0.4295705
-7.1143117 -0.7685272
-3.5350940 -0.5418354
-0.4135125 -0.8986707
-0.5056449 -1.2065256
2.5217469 -1.0492938
4.7133298 -1.6461551
4.9274154 -1.8274558
6.9719892 -1.4336213
10.1944580 -2.6214190
10.2461643 -2.6992853
12.2011127 -3.0522039
15.3364677 -3.1731243
17.6684837 -3.5241156
30.2483597 -10.7161255
36.3982201 -13.2286291
39.3255119 -11.2486267
34.2577782 -10.5429192
22.8965721 -8.3630791
18.5287170 -6.1627588
14.6416826 -5.0587311
12.9342203 -4.4794044
12.7210379 -4.2532711
11.0157194 -4.1381698
8.7364693 -3.6697328
8.4989548 -3.0123127
6.5395298 -3.4273376
4.0975537 -3.1500475
4.1825972 -2.5631437
1.6930146 -3.0517256
-0.9419121 -2.9412746
-1.0182395 -2.2037067
-4.1565299 -3.0178809
-7.5602717 -3.1370313
-7.6667523 -2.3193994
-9.2818403 -1.7433841
-9.4232225 -2.3952372
-9.8391705 -1.6479040
-8.4260159 -1.8516492
-7.5580759 -1.3825625
-7.8780417 -0.8426592
-6.9000387 -1.3253851
-6.4314556 -0.8984268
-6.6516180 -0.5116092
-6.0037732 -0.8659464
-5.6677246 -0.5733616
-5.8115811 -0.2892578
-5.3650475 -0.5372540
-5.1304145 -0.3592661
-5.2242928 -0.1550764
-4.9226604 -0.3170500
-4.7804112 -0.2170758
-4.8404727 -0.0815221
-4.6459494 -0.1685010
-4.6948066 -0.1209730
-4.7332816 -0.0465215
-4.3870454 -0.0714661
-5.0587049 -0.0355347
-5.1021700 -0.0156240
0.0000000 0.0000000
0.0000000 0.0000000
-11.2426510 -0.1711446
-10.9533491 -0.2122957
-9.2755032 -0.2678871
-10.1630774 -0.6400128
-9.9043512 -0.8156384
-10.0797195 -0.7075514
-10.4560366 -1.0007768
-10.2218542 -1.3179682
-10.8211975 -1.0949609
-11.4656944 -1.2415648
-11.2908516 -1.7376103
-12.4058771 -1.5023079
-12.0538101 -1.2648765
-12.1266985 -1.9081023
-10.1052999 -1.6543307
-6.9906964 -1.1612756
-7.2279234 -1.7896123
-3.1235178 -1.1558555
-0.0655841 -1.4045671
-0.5633808 -1.7082447
3.0077932 -1.5439179
5.7030940 -1.7479260
5.9922185 -1.8861855
8.3510942 -1.8567128
10.6953812 -2.8132041
11.0901022 -2.8439593
13.0736361 -2.1350935
22.8696384 -6.2721219
25.1405392 -7.3604670
37.3399620 -9.8402481
41.4470978 -8.7550726
34.3155327 -6.8337021
26.6169434 -6.6323133
17.0911636 -5.8939610
15.4476204 -5.6571841
13.8273001 -4.8504133
11.7002974 -4.1918316
10.4625731 -4.1328101
9.9524546 -3.3755789
7.7914209 -2.5089278
6.9300289 -1.9888307
6.2707524 -2.4540050
4.0953908 -1.9953349
4.3758364 -1.3062589
0.9615954 -1.9831493
-1.4440241 -1.4878685
-1.3147514 -0.9169009
-4.3288913 -1.2813926
-7.7339830 -1.4126189
-7.9817510 -0.3999356
-10.0703497 -0.2696995
-10.1186428 -0.7790786
-10.3519430 0.1182587
-8.9558697 -0.6261288
-7.9872375 -0.2519238
-8.1027174 0.3080737
-7.2835493 -0.2781339
-6.7358527 -0.0671075
-6.7992425 0.3762369
-6.2437501 -0.0893349
-5.8586040 0.0382916
-5.8923950 0.3643892
-5.5115809 0.0214835
-5.2442193 0.0793992
-5.2506351 0.3105901
-5.0049338 0.0677352
-4.8426328 0.0755285
-4.8287454 0.2293678
-4.6813416 0.0714049
-4.7271633 0.0414397
-4.6985021 0.1279551
-4.3905087 0.0476068
-5.1094847 0.0056253
-5.0829329 0.0264316
0.0000000 0.0000000
0.0000000 0.0000000
-10.6172361 -0.2578643
-10.1694355 -0.2991723
-8.7844019 -0.4939351
-9.6196623 -1.0047141
-9.2158766 -1.1772994
-9.5618954 -1.1947531
-9.9623327 -1.6694490
-9.5368071 -1.9842536
-10.3457432 -1.8684971
-11.0573111 -2.3104520
-10.5922155 -2.8157628
-12.1433659 -2.6278996
-12.0907536 -2.6000628
-12.0017929 -3.4007316
-10.3683767 -3.1010010
-7.0316629 -2.3713880
-7.5097985 -3.2501700
-3.2316811 -2.2017901
-0.2119465 -2.0579782
-1.3878145 -2.7625198
2.9961641 -1.7493017
6.3085046 -2.1749632
5.9018869 -2.0650699
9.2503214 -2.3868432
12.1678553 -2.9092686
13.6991434 -3.0712152
18.6715832 -4.2272573
26.8215237 -7.5744815
34.2596130 -11.5679131
38.4846497 -11.2554674
38.9205627 -10.1502161
33.7614288 -9.6871462
22.5012836 -7.5194626
14.6033030 -4.0034313
16.3100891 -4.6475310
11.6140203 -4.0550685
9.8161631 -3.5019324
9.0733385 -3.0292823
8.1188955 -2.0544288
5.8363156 -1.9346803
4.9236851 -1.9700865
6.0863800 -1.4775498
4.0385909 -0.6728407
3.0394826 -0.0512105
0.7006635 -0.9078078
-2.4948604 0.0257439
-2.3387945 1.0776608
-4.8561883 0.5386863
-8.4325104 0.5950891
-8.6371269 1.6744853
-10.4234390 1.4374224
-10.2958746 1.1266532
-10.2995176 2.0449131
-9.0673418 0.9777760
-8.0722771 0.9824849
-8.0557137 1.6168902
-7.3230605 0.8553120
-6.7520113 0.8683141
-6.6968484 1.3263034
-6.2365170 0.7509413
-5.8322535 0.7245107
-5.7546134 1.0618933
-5.4658051 0.6282043
-5.1850972 0.5673398
-5.0972047 0.8093773
-4.9301076 0.4870534
-4.7598953 0.4006046
-4.6646147 0.5623306
-4.5840883 0.3343900
-4.6296840 0.2247778
-4.5264907 0.3163310
-4.2784500 0.1730539
-5.0162425 0.0497355
-4.9126339 0.0720396
0.0000000 0.0000000
0.0000000 0.0000000
-9.7046995 -0.3423442
-9.1093102 -0.3791675
-8.0490294 -0.7156987
-8.8100452 -1.3604553
-8.2670755 -1.5155894
-8.7546377 -1.6709299
-9.1458130 -2.3238018
-8.5530653 -2.6157568
-9.4778996 -2.6615551
-10.1660728 -3.3924530
-9.4152012 -3.8665106
-11.2480392 -3.8726394
-11.8464537 -4.4745030
-11.0430441 -5.3156214
-10.8449173 -5.1799378
-7.4408631 -4.1540570
-8.1305618 -5.5468531
-3.9276662 -3.8939071
-0.7098886 -3.4373093
-0.8400258 -4.7601314
2.5942769 -3.0312047
5.7525206 -3.5417693
5.8148503 -4.6434059
9.5340061 -2.8847666
15.1228189 -4.5921259
16.6737041 -7.2254357
27.6110458 -9.4257946
34.2536964 -9.7270670
36.7769432 -8.8719339
33.0444298 -6.8113194
27.3641148 -4.2254357
28.2589302 -6.2310786
19.2230606 -4.1399312
15.0562162 -4.2914958
11.6424179 -1.3512379
10.5862322 -2.4523578
8.3718252 -2.6190100
7.5222101 -2.2797017
7.7993474 -1.1169373
4.7234464 -1.4694837
4.4497199 -0.4267831
4.0128303 -0.0528275
2.2757378 0.6229711
0.7634342 1.5559871
-0.0658718 1.1291183
-2.8896358 2.0216162
-3.6379504 3.0742285
-5.9533238 2.6550896
-8.8538580 2.7920220
-9.5524721 4.3904366
-10.9369459 3.2844973
-9.7592144 3.1184440
-9.4122572 3.7477472
-8.6127501 2.5257654
-7.7901592 2.3321402
-7.4727392 2.9514503
-7.0459795 2.0414143
-6.4976997 1.8343165
-6.2461190 2.3010600
-5.9737258 1.6184579
-5.5862842 1.4307604
-5.3699155 1.7697687
-5.2166748 1.2499878
-4.9450250 1.0704137
-4.7506971 1.3098164
-4.6882625 0.9151673
-4.5231509 0.7355192
-4.3416800 0.8957531
-4.3440981 0.6021499
-4.3923631 0.4147024
-4.2120843 0.5056665
-4.0410404 0.2990211
-4.7694101 0.0954380
-4.5876346 0.1184234
0.0000000 0.0000000
0.0000000 0.0000000
-8.5296125 -0.4112010
-7.8125691 -0.4403083
-7.0864096 -0.9220071
-7.7336788 -1.6587647
-7.0855904 -1.7765343
-7.6658506 -2.1007636
-7.9967456 -2.8889031
-7.2743874 -3.1076970
-8.2383442 -3.3535957
-8.7729254 -4.3283291
-7.8362894 -4.6630006
-9.5058413 -4.9570889
-10.4320145 -6.2649055
-8.9809036 -6.7210956
-10.4692783 -7.3862705
-8.6913052 -7.3358092
-7.4326406 -8.3888988
-5.1332831 -7.5333242
-1.7003278 -6.9357882
0.0644069 -8.3451824
1.8035507 -6.5932903
5.9359903 -6.5817633
7.4028416 -9.5390816
12.5517454 -7.4438491
21.8196373 -10.4564791
20.9222279 -10.4034100
26.9869900 -10.0268211
29.6513672 -9.6752930
28.8104954 -7.9482980
31.4091053 -8.2938538
25.4085693 -1.5692158
21.9047108 1.6565834
17.8179913 -3.7139456
11.6395473 1.6692739
13.8878593 2.6226249
11.4387579 0.8217369
6.7375436 -1.3715897
4.9745469 0.5151320
6.3457804 0.8405294
4.2641768 0.7055274
2.2703023 1.8518646
2.4148412 1.4094493
0.3390602 2.9362235
-1.1211051 4.8884039
-1.7646700 3.8952336
-4.2963004 4.4060831
-5.8370209 6.0785470
-7.2774343 5.2060370
-8.9378633 6.3092551
-9.4456491 6.9309349
-10.3114672 5.4518476
-8.8306923 4.6855941
-7.9886694 5.4382286
-7.7248859 4.0392818
-7.1172767 3.5726230
-6.5130119 4.1435013
-6.4016857 3.1582291
-5.9483023 2.7487450
-5.4990754 3.1829989
-5.4493971 2.4366968
-5.1142306 2.0965834
-4.7604475 2.4179566
-4.7625160 1.8371887
-4.5241418 1.5454478
-4.2277904 1.7736701
-4.2805138 1.3211337
-4.1341758 1.0556872
-3.8703711 1.2062001
-3.9623845 0.8569360
-4.0164018 0.5974774
-3.7627904 0.6831758
-3.6794112 0.4180160
-4.3683076 0.1409454
-4.1117916 0.1638909
0.0000000 0.0000000
0.0000000 0.0000000
-7.1398911 -0.4620978
-6.3386970 -0.4831890
-5.9424129 -1.0880688
-6.4550638 -1.8781911
-5.7429767 -1.9578685
-6.3652363 -2.4337971
-6.5954733 -3.2831974
-5.8242540 -3.4213576
-6.7126446 -3.8964677
-7.0151014 -4.9024682
-6.0904918 -5.1064129
-7.2727637 -5.6560764
-7.9827433 -7.1399412
-6.4557242 -7.3366475
-8.5645132 -8.3774853
-8.1756105 -9.8618059
-6.0379472 -10.2734709
-5.9567037 -11.1285477
-0.8369002 -10.5695581
-0.5095569 -11.9253883
1.6399502 -11.0342350
7.7592196 -11.1533718
7.5811749 -12.4026794
14.2883053 -11.8188839
20.3617821 -10.4485970
19.6659412 -8.9816217
24.7846737 -7.2601805
23.4514828 -1.1480058
24.1377754 -0.8253942
19.2676716 3.4091930
17.4185295 5.7843528
20.2352448 -0.5444644
17.5947399 1.1699357
16.9061375 0.9079081
16.6317291 1.9574175
10.4969292 3.3688159
5.4147167 3.6849668
6.2063699 6.5350413
4.9351387 5.0338097
1.2960647 4.7541108
0.0252385 7.7072072
-0.1233969 5.5900121
-0.9702287 6.8845139
-1.5540832 8.2451515
-2.8284464 7.1012397
-5.9581418 7.9354062
-7.4182487 10.1724825
-8.4659576 8.4087219
-8.8638811 8.2063990
-7.6908312 8.7069206
-7.9746761 7.1499968
-7.2509975 5.9750590
-6.2984891 6.5568271
-6.4668207 5.3238339
-6.0458674 4.5624795
-5.3132949 5.0616746
-5.4537196 4.0905447
-5.1217642 3.5165567
-4.5503273 3.9030311
-4.6945271 3.1351221
-4.4362359 2.6752126
-3.9728458 2.9639997
-4.1283755 2.3504257
-3.9374778 1.9644465
-3.5499861 2.1697996
-3.7228284 1.6773298
-3.6055772 1.3370882
-3.2696717 1.4745816
-3.4515138 1.0813380
-3.5127959 0.7613305
-3.1955490 0.8367198
-3.2047141 0.5206095
-3.8218875 0.1809925
-3.4997218 0.1987077
0.0000000 0.0000000
0.0000000 0.0000000
-5.5948606 -0.4894798
-4.7542987 -0.5033468
-4.6696758 -1.2068818
-5.0294876 -2.0036929
-4.3026371 -2.0481458
-4.9293752 -2.6459854
-5.0521417 -3.4931722
-4.2994943 -3.5650756
-5.0575781 -4.1924367
-5.1637974 -5.1680245
-4.3885722 -5.2494841
-5.1029258 -5.9661865
-5.1822863 -7.1904368
-4.4595599 -7.1771722
-5.0883451 -8.3974257
-4.7135668 -10.0164309
-4.2731996 -9.3907795
-3.5386450 -11.4768085
-0.8333704 -12.5105743
-1.6077579 -11.2974319
3.6280513 -11.7495975
6.8077230 -12.0213690
5.7204390 -9.4569635
10.6578131 -10.9052305
14.2896719 -7.5682621
11.0251226 -7.5628886
15.8511353 -6.6528478
17.6323013 -5.0303526
15.1857100 -2.1955123
17.9335403 -0.3575994
18.1415997 1.8051217
13.6912346 6.7997108
15.0004225 4.6268969
8.3292351 11.3354855
9.1042843 11.3611670
6.9790602 12.4871330
8.0312452 9.1665735
6.0944710 13.7981968
4.0249600 9.6304131
-0.4561742 11.3619471
1.4840822 13.6109886
-2.3849261 11.2414331
-2.0652595 11.3716841
-1.6503872 13.5939140
-5.4339404 13.1132584
-7.0785360 12.3837528
-4.4535027 12.1335316
-6.7040534 10.8169498
-6.4286919 9.0338745
-4.7855906 9.2866087
-5.7724829 8.0938301
-5.4875302 6.9100976
-4.4669685 7.2336826
-5.0024858 6.2106791
-4.7098126 5.3647633
-3.9661572 5.6860819
-4.3249035 4.8041286
-4.0788765 4.1524796
-3.4737358 4.4459467
-3.7704284 3.6977861
-3.5866737 3.1523037
-3.0619001 3.4040871
-3.3447869 2.7746279
-3.2112968 2.3088362
-2.7520039 2.4973400
-3.0385396 1.9735500
-2.9565701 1.5725751
-2.5521004 1.6902319
-2.8305492 1.2644056
-2.8968010 0.8925518
-2.5262613 0.9564564
-2.6242123 0.6106378
-3.1629615 0.1960961
-2.7831831 0.2127497
0.0000000 0.0000000
0.0000000 0.0000000
-3.9625437 -0.4986978
-3.1123323 -0.5098278
-3.3377569 -1.2739214
-3.5349274 -2.0421579
-2.8456380 -2.0634613
-3.4419181 -2.7422585
-3.4611647 -3.5366042
-2.8252573 -3.5419471
-3.3819311 -4.2902875
-3.3193631 -5.1274128
-2.7861130 -5.0732651
-3.1285048 -5.9530954
-2.8865278 -6.8385873
-2.6110709 -6.5670314
-2.4491980 -7.8348155
-1.8799111 -8.6413956
-1.9771664 -7.9124522
-1.1798757 -9.6733608
0.3329781 -10.1340723
-0.3298024 -8.6630297
2.1123519 -10.9856653
4.9199071 -9.4964848
3.0224016 -8.6738853
7.8729119 -6.2014132
9.4346571 -3.1191559
6.0936551 -6.6609931
11.0320854 1.3717974
11.4967365 4.2545695
7.9786663 -1.7534074
11.6439009 6.3236313
11.0340452 9.0669994
7.9883356 5.2161427
9.5403519 9.0802898
8.4761057 10.9077644
6.2658215 10.2886152
6.8970761 12.2317762
4.8675585 14.0372152
3.3548887 13.7484188
2.3120141 14.6889982
0.2053585 15.3533401
0.1025160 14.6796761
-1.9715422 15.2422142
-3.2043536 14.0761223
-1.3759229 12.9795570
-3.4090464 12.6772757
-3.7931359 11.4041882
-2.4227173 11.1892271
-3.9096639 10.3708611
-3.9864745 9.2181349
-2.7386384 9.3801622
-3.8514869 8.3679285
-3.7386661 7.4159479
-2.7112479 7.6428771
-3.5114143 6.7050672
-3.3368094 5.9136133
-2.5186744 6.1120219
-3.1084986 5.3032856
-2.9392288 4.6398544
-2.2774613 4.8120818
-2.7438934 4.1170344
-2.6058102 3.5470426
-2.0510492 3.7006843
-2.4521377 3.0967398
-2.3561649 2.5888104
-1.8683332 2.7248960
-2.2406366 2.2006936
-2.2039034 1.7319669
-1.7538177 1.8463653
-2.1190443 1.3889472
-2.1916318 0.9882492
-1.7863364 1.0569680
-1.9797193 0.6602968
-2.3677657 0.2571036
-2.0475752 0.3704790
0.0000000 0.0000000
0.0000000 0.0000000
-2.2896543 -0.5063875
-1.3772931 -0.5555803
-1.9747615 -1.3615369
-2.0318084 -2.1057394
-1.2641419 -2.2857666
-1.9903697 -2.8617597
-1.9518331 -3.5659161
-1.2596586 -3.8090584
-1.8861351 -4.3131738
-1.7794083 -4.9985700
-1.2233462 -5.0907850
-1.6380664 -5.7385368
-1.4323442 -6.3722739
-1.0729282 -6.0041437
-1.1743656 -7.0978718
-0.7496393 -7.6428566
-0.6619669 -6.4919972
-0.2243743 -8.1149149
0.5297815 -8.1444616
0.2082718 -6.7244296
1.2560585 -7.9937644
2.3365223 -7.4001002
1.3445464 -5.9596190
3.6910367 -6.1792879
4.4117899 -4.6061058
2.5852389 -4.0097833
5.9232159 -1.7998513
6.0996456 0.2303869
3.2384925 -0.3096339
6.3889108 3.0048513
5.9972157 5.3059044
3.2104802 3.9454148
5.5983777 7.3929996
4.9214602 9.8721399
2.3828247 7.5547428
3.7850947 11.0023375
2.7869837 12.2367992
1.3839214 10.0944939
1.7565802 12.4141474
0.9463656 12.8930855
0.0610513 10.9968910
0.0347327 12.8266764
-0.8891394 12.4161634
-0.8408490 10.9853821
-1.4104855 11.8472767
-1.7359909 11.0124130
-1.2892849 10.5369873
-1.9520323 10.2596197
-2.0926800 9.3531017
-1.3701049 9.8530302
-2.1155331 8.6188393
-2.1142089 7.8121867
-1.2848234 8.7751503
-2.0380058 7.1431446
-1.9673076 6.4334655
-1.1481178 7.4774780
-1.8578699 5.8250022
-1.7691766 5.1993384
-1.0070683 6.1338992
-1.6626283 4.6399450
-1.5817569 4.0779338
-0.8868678 4.8353519
-1.4926060 3.5603869
-1.4325109 3.0433502
-0.7985508 3.6102881
-1.3653913 2.5640154
-1.3560795 2.0687962
-0.7585122 2.4464598
-1.3176447 1.6395599
-1.4739252 1.1335924
-0.8025833 1.3548012
-1.3898739 0.6969965
-1.6211880 0.4698988
-0.6364871 0.4255686
0.0000000 0.0000000
0.0000000 0.0000000
-0.4741249 -0.5567424
0.0000000 0.0000000
-0.4548114 -1.2862813
-0.4442524 -2.0977192
0.0000000 0.0000000
-0.4442466 -2.8229733
-0.4567223 -3.5944805
0.0000000 0.0000000
-0.4585094 -4.3605742
-0.4582680 -5.1187873
0.0000000 0.0000000
-0.4352726 -5.8797183
-0.3881675 -6.5636358
0.0000000 0.0000000
-0.3184400 -7.2155676
-0.1781463 -7.6719160
0.0000000 0.0000000
-0.0167290 -7.9635239
0.1929436 -7.9199338
0.0000000 0.0000000
0.4032412 -7.5155025
0.6268328 -6.8095374
0.0000000 0.0000000
0.8980283 -5.6442790
1.0402606 -4.2269931
0.0000000 0.0000000
1.4286191 -2.1703219
1.2753991 -0.2286544
0.0000000 0.0000000
1.5015630 2.2457664
1.4449973 4.5494018
0.0000000 0.0000000
1.3957869 6.4002652
1.2540514 8.7177172
0.0000000 0.0000000
1.0042697 10.1022930
0.7701949 11.7573862
0.0000000 0.0000000
0.4996913 12.4767075
0.3179955 13.0906153
0.0000000 0.0000000
0.0721026 13.2893610
-0.1987605 13.1412907
0.0000000 0.0000000
-0.4369798 12.6561308
-0.5380555 11.8454628
0.0000000 0.0000000
-0.5873284 11.0432320
-0.6052059 10.0449896
0.0000000 0.0000000
-0.5829141 9.1450958
-0.5576324 8.2018242
0.0000000 0.0000000
-0.5186247 7.3654408
-0.4814605 6.5314198
0.0000000 0.0000000
-0.4405720 5.8054600
-0.4038802 5.0896549
0.0000000 0.0000000
-0.3709531 4.4708257
-0.3404661 3.8578262
0.0000000 0.0000000
-0.3170303 3.3276784
-0.2941936 2.7904699
0.0000000 0.0000000
-0.2766157 2.3247824
-0.2675057 1.8162061
0.0000000 0.0000000
-0.2161806 1.4206487
-0.4294941 0.6968440
0.0000000 0.0000000
0.0571082 0.6017189
-1.6927140 -1.3518324
0.0000000 0.0000000
0.0000000 0.0000000
-14.1191
-13.93271
-12.8289
-14.75661
-18.18271
-21.95437
-26.42063
-31.99898
-40.11555
-53.71539
-81.29251
-141.5739
-224.5557
-29.0515
-75.33307
-19.79375
-3.687609
3.177166
6.245313
7.58353
8.07791
8.190814
8.19777
8.183691
8.083872
8.041272
-14.60949
-14.31143
-13.6962
-15.51599
-18.71719
-22.18184
-26.42652
-31.77892
-39.22786
-50.91776
-73.62016
-144.1975
-177.654
-22.54184
-71.97347
-20.48887
-3.458241
3.721446
6.554919
7.671147
8.041412
8.087531
8.030762
7.996388
7.853795
7.809211
-15.88285
-15.69506
-15.91881
-17.64732
-20.09226
-23.11555
-26.95393
-31.49697
-37.01712
-43.92592
-51.16584
-58.6637
-77.51117
-8.522707
-13.50897
-1.027777
3.531233
6.04029
7.435534
7.898562
7.912057
7.758825
7.55557
7.417935
7.266238
7.235928
-17.6676
-17.60943
-18.65108
-20.0609
-22.20367
-24.92222
-28.17816
-31.60951
-34.7839
-37.25054
-40.42912
-55.81049
-8.815216
53.10905
-29.6647
-7.847326
5.866872
8.335243
8.494985
8.131872
7.64574
7.188723
6.804346
6.536682
6.37917
6.339845
-20.07792
-20.1784
-21.82569
-23.10503
-25.18444
-27.7087
-30.45681
-32.84779
-33.72491
-31.05566
-21.99115
5.509693
18.7604
58.66696
18.25042
14.62452
12.40529
10.9722
9.49268
8.203759
7.153753
6.339247
5.748127
5.343075
5.15387
5.098006
-23.27631
-23.58356
-25.59434
-27.00917
-29.17756
-31.7677
-34.41159
-36.45438
-36.24346
-31.23398
-19.90354
0.8480327
-10.06768
8.398256
19.52441
18.4823
15.64366
12.74555
10.07492
7.921848
6.307935
5.135839
4.335622
3.803855
3.565996
3.488847
-27.3764
-27.91209
-30.08964
-31.90404
-34.4257
-37.45398
-40.77163
-44.06808
-45.33361
-40.5648
-28.41734
-11.50686
-15.49851
2.532968
10.75704
20.42951
18.266
13.88039
10.00736
7.046392
4.936536
3.468213
2.500116
1.875622
1.595605
1.496458
-32.35745
-33.09215
-35.36987
-37.79145
-41.04195
-45.18069
-50.59039
-57.15895
-60.65234
-56.62133
-46.0484
-32.21555
-29.54763
5.313723
53.00298
33.49057
21.38814
13.83113
8.785132
5.242822
2.824042
1.206465
0.1687196
-0.4818551
-0.7743953
-0.8894032
-38.01276
-38.88883
-41.31351
-44.49489
-48.81783
-54.75512
-63.34594
-72.41297
-76.19984
-73.20494
-62.93254
-45.68989
-18.8685
33.87714
46.69758
33.25046
20.26624
11.33599
5.776306
2.140179
-0.2401173
-1.766056
-2.715596
-3.293829
-3.548292
-3.665836
-43.95531
-44.9286
-47.57986
-51.59887
-57.21633
-65.15028
-76.63079
-85.96322
-88.84106
-84.81717
-75.76592
-61.25251
-45.31803
25.30696
36.09307
24.32042
12.9394
5.108787
0.4019019
-2.559326
-4.397571
-5.50927
-6.167651
-6.550237
-6.705234
-6.804448
-49.64472
-50.70941
-53.63485
-58.48983
-65.45766
-75.20125
-88.45666
-97.05928
-99.04054
-94.96955
-86.62022
-76.45523
-64.64129
-6.884357
5.528015
4.536531
-0.6434167
-5.004373
-7.452211
-8.913916
-9.643555
-9.98535
-10.13236
-10.18885
-10.18015
-10.2375
-54.40202
-55.5623
-58.78379
-64.42449
-72.70306
-84.03851
-97.83061
-105.2924
-107.1739
-104.0161
-96.99439
-83.007
-55.32502
-46.7926
-27.45814
-21.59072
-19.38346
-18.43587
-17.5416
-16.70083
-15.78706
-15.0314
-14.46511
-14.07758
-13.84843
-13.84245
-57.48181
-58.76536
-62.29258
-68.66527
-78.19566
-91.0993
-104.3472
-109.9626
-110.6678
-107.4126
-105.6255
-107.0538
-68.15493
-46.11342
-53.00618
-50.10423
-42.56892
-34.2756
-29.41782
-25.44538
-22.45352
-20.3545
-18.92466
-18.0091
-17.51391
-17.4228
-58.00351
-59.51046
-63.43855
-70.59286
-81.38368
-95.89395
-107.9354
-112.2878
-112.1692
-107.4507
-97.74419
-91.02658
-91.36068
-86.85419
-83.54893
-79.62552
-69.20477
-52.01336
-42.08064
-34.4185
-29.12044
-25.54919
-23.17996
-21.69859
-20.92178
-20.72132
-55.32745
-56.80202
-61.423
-69.68455
-82.21176
-98.66295
-109.9629
-113.5411
-114.8628
-113.7182
-102.0052
-104.1782
-105.2832
-106.8228
-107.3175
-104.3047
-93.35109
-70.89036
-54.12896
-42.6735
-35.13713
-30.12027
-26.83147
-24.79931
-23.75565
-23.45522
-49.11767
-50.52964
-55.93856
-65.50147
-80.2784
-99.27852
-111.0005
-114.9992
-115.5376
-117.2206
-128.4389
-124.7344
-120.9778
-123.9511
-124.2455
-121.4593
-110.8446
-86.78543
-63.87558
-49.24658
-39.80683
-33.55755
-29.47599
-26.96024
-25.65966
-25.30756
-39.38888
-40.8494
-46.69074
-57.43407
-74.78182
-98.24068
-112.0998
-118.0312
-117.0863
-114.4365
-122.1238
-124.9581
-122.9306
-130.5839
-135.218
-133.2057
-123.5752
-97.73784
-70.05824
-53.37473
-42.50014
-35.379
-30.75994
-27.90358
-26.37284
-26.02263
-26.36717
-27.78397
-33.52091
-44.47321
-63.87063
-94.23041
-113.0875
-121.7096
-124.2811
-123.2241
-118.1517
-147.3385
-144.9558
-140.1961
-142.2867
-141.1625
-129.9334
-103.0207
-71.99904
-54.15113
-42.77244
-35.34312
-30.53867
-27.57356
-25.97682
-25.60618
-10.65049
-11.87413
-16.93382
-26.83139
-44.87869
-80.38549
-109.1457
-120.9661
-129.4482
-127.5279
-124.0463
-138.6406
-141.5696
-143.965
-143.6349
-142.6022
-129.803
-98.57897
-69.64155
-51.98336
-40.71283
-33.47812
-28.84565
-25.99937
-24.46567
-24.10344
6.633012
5.741079
1.982812
-5.446425
-19.23491
-49.83618
-91.88906
-109.8872
-115.0894
-96.30744
-95.7555
-138.5893
-144.0292
-147.9647
-146.1441
-141.0439
-123.73
-87.81879
-61.76523
-46.2507
-36.34723
-29.96649
-25.88129
-23.36911
-22.01218
-21.68442
24.1389
23.62529
21.35665
16.94287
9.097211
-6.240264
-43.26333
-61.59559
-55.42895
-36.93542
-34.91621
-89.30402
-145.8732
-146.7751
-136.3469
-132.0431
-106.5734
-71.1607
-50.42931
-38.21921
-30.42282
-25.34042
-22.05599
-20.02639
-18.91822
-18.65007
40.40571
40.29178
39.61965
38.2948
35.97006
32.13821
26.59707
33.18592
55.41572
52.44174
41.5607
-35.65661
-95.38103
-128.4712
-112.2108
-108.5417
-74.98353
-51.64543
-38.13173
-29.57222
-23.95623
-20.27396
-17.88752
-16.40491
-15.57577
-15.38403
54.18003
54.38698
55.04705
56.34976
59.05803
64.51856
77.08587
98.06683
132.8318
138.6359
113.2036
57.13079
-3.947134
-50.55387
-65.46289
-55.04163
-42.83278
-33.80446
-26.69252
-21.53072
-17.94186
-15.51039
-13.90515
-12.94826
-12.41094
-12.06323
64.51559
64.94954
66.47268
69.53267
75.0066
84.14806
99.17993
120.0325
144.7413
163.8442
155.7298
123.3771
70.31551
22.75331
-6.047227
-20.77768
-22.2529
-20.11842
-17.45136
-14.99545
-13.05302
-11.62753
-10.64866
-10.05905
-9.880308
-9.75391
70.77755
71.37659
73.41642
77.1254
83.22204
92.76408
107.8362
128.2169
149.426
165.1854
161.4423
135.5998
96.18135
51.80497
18.02687
-3.547701
-10.63854
-12.07278
-11.67888
-10.74617
-9.806695
-9.027575
-8.437963
-7.9974
-7.825349
-8.047815
72.05243
72.72149
74.88268
78.82922
85.26725
95.18635
109.9983
129.9443
150.7397
164.5938
161.4468
137.7231
100.6577
58.12328
24.3309
2.698591
-7.09768
-10.09853
-10.53445
-10.06893
-9.355598
-8.678115
-8.137641
-7.76346
-7.101386
0
