0.0000000 0.0000000
0.0000000 0.0000000
0.0000000 0.0000000
0.0000000 0.0000000
0.0000000 0.0000000
0.0000000 0.0000000
0.0000000 0.0000000
0.0000000 0.0000000
0.0000000 0.0000000
0.0000000 0.0000000
0.0000000 0.0000000
0.0000000 0.0000000
0.0000000 0.0000000
0.0000000 0.0000000
0.0000000 0.0000000
0.0000000 0.0000000
0.0000000 0.0000000
0.0000000 0.0000000
0.0000000 0.0000000
0.0000000 0.0000000
0.0000000 0.0000000
0.0000000 0.0000000
0.0000000 0.0000000
0.0000000 0.0000000
0.0000000 0.0000000
0.0000000 0.0000000
0.0000000 0.0000000
-0.4992031 0.3290130
-1.7559026 1.3816059
-1.3412882 2.5822334
-0.8463034 3.5222547
-0.7357932 4.2523961
-0.8146929 5.0843391
-0.9869761 6.0062332
-1.3140241 7.0902801
-2.0555947 8.4784050
-3.7339211 10.5368738
-8.5893526 13.0568609
5.5547237 15.8809500
15.5574846 -10.6629591
-7.5765934 -9.6175985
-4.0351286 -6.9674301
-2.1998217 -4.6863904
-1.2449057 -3.4934349
-0.7999085 -2.6791990
-0.5640649 -2.0934715
-0.4285629 -1.6372837
-0.3475059 -1.2619047
-0.3353717 -0.9358098
-0.4335928 -0.5353162
-0.3755708 -0.1573144
0.0000000 0.0000000
0.0000000 0.0000000
-1.5995057 0.5330001
-2.9984229 1.7496698
-2.0682323 2.4825685
-1.6176461 3.2622783
-1.6165797 4.1081052
-1.7252942 4.9747057
-1.9471135 5.7939577
-2.4236035 6.6170287
-3.4627731 7.4367881
-5.6090307 7.7488441
1.0301480 7.8940525
16.6092911 7.9803634
26.0779800 -9.4186726
10.8835402 -0.6876040
-4.2854366 -4.4892464
-2.7126319 -3.7968342
-1.9437463 -2.8958352
-1.3598307 -2.2842975
-1.0064952 -1.8402125
-0.8021283 -1.4756420
-0.6794714 -1.1405327
-0.6347101 -0.8441377
-0.7886231 -0.5323858
-0.7924358 -0.2010369
0.0000000 0.0000000
0.0000000 0.0000000
-2.9862144 0.7413869
-3.7913945 1.9024552
-2.6922975 2.4026279
-2.4863310 3.2497098
-2.4719813 4.0824032
-2.5111430 4.8692327
-2.6628025 5.5571227
-3.0168240 6.0481429
-3.7921603 6.1408787
-5.6555591 5.5299253
-2.9792247 -1.5581615
21.5974350 6.2771626
34.0711060 -4.0444140
-4.3550005 2.1444180
-7.4067039 -1.3344442
-3.8485997 -1.7739581
-2.3878336 -1.9076968
-1.7039863 -1.7774354
-1.3119012 -1.5626860
-1.0930746 -1.3217853
-0.9723395 -1.0605725
-0.9154462 -0.7899532
-1.0545006 -0.5443985
-1.2098193 -0.2308572
0.0000000 0.0000000
0.0000000 0.0000000
-4.4859862 0.8706902
-4.3040552 1.9216193
-3.4292810 2.4151778
-3.3442690 3.2895019
-3.2734349 4.1224179
-3.2282472 4.9007721
-3.1901364 5.5324411
-3.2165229 5.8832126
-3.3584697 5.7284813
-3.8798909 4.2323976
4.5005636 -3.6545532
15.4367371 3.4520600
29.6200542 -2.3537812
10.6646967 4.6755104
-4.3364191 -0.4895181
-3.1747096 -0.8328801
-2.1921480 -1.2166160
-1.7399900 -1.3637210
-1.4582649 -1.3285100
-1.2967901 -1.1904107
-1.2121856 -0.9979249
-1.1732446 -0.7568114
-1.2803227 -0.5455189
-1.6129885 -0.2476504
0.0000000 0.0000000
0.0000000 0.0000000
-5.8820658 0.9255524
-4.7450380 1.8637717
-4.2539406 2.4709048
-4.1877422 3.3456001
-4.1134553 4.2213378
-3.9432845 5.1023831
-3.7727420 5.9056172
-3.4932063 6.4932823
-2.7181430 6.3799019
-1.5986726 4.7786903
7.5363421 -3.3385949
13.5773067 1.0938481
35.3512573 -3.2487776
-0.3946953 0.0155037
-3.0222244 -0.1976566
-2.4208708 -0.5749986
-1.7861210 -0.9292285
-1.6109126 -1.1661427
-1.5031012 -1.2107588
-1.4395956 -1.1252142
-1.4131254 -0.9689634
-1.4116964 -0.7483762
-1.4951159 -0.5464841
-1.9854163 -0.2623367
0.0000000 0.0000000
0.0000000 0.0000000
-7.0472803 0.9244607
-5.2867088 1.7747136
-5.1150813 2.5187550
-5.0691428 3.4043944
-5.0216823 4.3625441
-4.9294300 5.4699721
-4.8340521 6.6371994
-3.8457694 7.2250061
-1.6998612 6.5883751
0.8403437 4.6829944
10.0154066 -1.4385455
14.2554703 1.7933834
36.6105804 0.2683578
0.7747414 -1.0756866
-2.0519059 -0.9101406
-1.8435478 -0.8732604
-1.4076537 -1.0091205
-1.4481659 -1.1993742
-1.5204920 -1.2387044
-1.5638093 -1.1500239
-1.6018987 -0.9915136
-1.6432093 -0.7714120
-1.7176741 -0.5586773
-2.3264105 -0.2790900
0.0000000 0.0000000
0.0000000 0.0000000
-7.9467001 0.8924365
-5.9919877 1.6766988
-5.9884624 2.5144968
-6.0084558 3.4266644
-6.1257567 4.4988236
-6.3354959 5.8178430
-5.8746357 6.7863550
-3.3591852 6.6977253
-0.2123733 5.5193305
3.6223426 3.7833529
12.4215727 -1.0576332
14.1661129 0.8040892
37.6383057 -1.1791366
0.9272523 -1.8695146
-1.3167629 -1.3696798
-1.5266957 -1.3808690
-1.1888975 -1.3832068
-1.3565129 -1.4478182
-1.5791440 -1.4104694
-1.7148918 -1.2672868
-1.8087741 -1.0695046
-1.8857832 -0.8266048
-1.9620500 -0.5861644
-2.6419392 -0.2990821
0.0000000 0.0000000
0.0000000 0.0000000
-8.6016769 0.8447658
-6.8136196 1.5811038
-6.8706894 2.4493484
-7.0043569 3.3843603
-7.3982272 4.5174379
-7.6490979 5.7419806
-5.7966843 6.0152807
-2.3145416 5.2337470
1.5883763 3.9346075
5.7631946 2.1219373
13.2311964 -1.0686728
14.2817755 -3.2931321
39.7811584 -1.1303986
1.8503743 -2.0729363
0.0496793 -1.9789598
-1.2500831 -2.1617985
-1.1537021 -2.0117075
-1.4041437 -1.8765215
-1.7327024 -1.6985167
-1.9309537 -1.4592557
-2.0605288 -1.1925176
-2.1564415 -0.9062465
-2.2386372 -0.6261598
-2.9396362 -0.3207205
0.0000000 0.0000000
0.0000000 0.0000000
-9.0623236 0.7895513
-7.6589880 1.4724778
-7.7488370 2.3176854
-8.0285273 3.2398503
-8.6481638 4.3400831
-8.3837996 5.2526665
-4.9473991 4.8179922
-0.7772863 3.6669793
3.5069582 1.7483960
7.6809316 0.3250502
14.7613611 -2.8215451
20.4923000 -6.5734763
35.3886871 -5.0334182
4.3559237 -2.8808644
0.9427493 -3.1575651
-1.2057594 -3.2260740
-1.3747877 -2.8128350
-1.6499083 -2.4205887
-2.0258372 -2.0558779
-2.2425022 -1.6918249
-2.3764212 -1.3376749
-2.4676795 -0.9952140
-2.5518403 -0.6697193
-3.2243688 -0.3401324
0.0000000 0.0000000
0.0000000 0.0000000
-9.3652487 0.7211314
-8.4533501 1.3437747
-8.5933409 2.1232986
-9.0328245 2.9666567
-9.7181311 3.9154587
-8.3856192 4.4696484
-3.7995415 3.5059614
0.7832043 2.2005336
5.0049109 0.6727899
9.1686401 -1.2499263
15.9633055 -3.1236346
24.4907894 -9.9719219
21.5067482 -4.6813226
6.5384870 -4.1471047
0.9519615 -4.8550229
-1.6285686 -4.4894180
-1.9568264 -3.7072418
-2.1398909 -3.0028496
-2.4852860 -2.4247255
-2.6653984 -1.9216486
-2.7643056 -1.4744904
-2.8244369 -1.0727431
-2.8995509 -0.7041013
-3.4940288 -0.3527468
0.0000000 0.0000000
0.0000000 0.0000000
-9.5549126 0.6392325
-9.1467724 1.1792908
-9.3691301 1.8595299
-9.9953547 2.6046262
-10.4861059 3.2932589
-7.6977277 3.4889321
-2.5126958 2.1348951
2.0583189 0.9877238
7.0100951 -0.6609401
10.4258289 -2.1722641
17.4024048 -3.6962061
29.0956841 -12.1344929
12.2048798 -5.7259150
6.3638802 -6.0656142
0.5897173 -6.3245859
-2.4961483 -5.7382374
-2.9875271 -4.5953064
-2.9142392 -3.5267866
-3.1236346 -2.7357008
-3.1985884 -2.1005816
-3.2184842 -1.5687659
-3.2211921 -1.1162492
-3.2703352 -0.7159252
-3.7407050 -0.3531297
0.0000000 0.0000000
0.0000000 0.0000000
-9.6588097 0.5384287
-9.7128439 0.9771674
-10.0413504 1.5326372
-10.8767471 2.1101358
-10.7280903 2.3475001
-6.5084529 2.3067229
-1.3414966 1.1469073
3.3855207 -0.3654138
8.2748394 -1.7387135
13.0720587 -3.8114159
20.0388966 -6.0177670
35.3334007 -9.6663303
10.7408657 -7.0388856
6.4896035 -6.6494956
0.4442189 -6.9204659
-3.4963875 -6.5241179
-4.4143839 -5.2404995
-3.9868305 -3.8645067
-3.9180827 -2.9140646
-3.8178318 -2.1773241
-3.7195294 -1.5859902
-3.6420281 -1.1037571
-3.6452286 -0.6925880
-3.9535699 -0.3365893
0.0000000 0.0000000
0.0000000 0.0000000
-9.7176371 0.4142333
-10.1490602 0.7271340
-10.5686674 1.1232414
-11.6257753 1.5625869
-10.6025972 1.5055572
-5.2333231 1.2302219
-0.2232559 0.5445896
4.8282804 -1.2998831
8.9021854 -1.9371603
14.8309584 -3.8518031
21.8718262 -7.6302767
36.0588722 -13.2572365
13.2651377 -5.7122741
7.0257797 -6.2895737
0.7102122 -6.6158137
-4.4262185 -6.4138579
-6.0208178 -5.2146306
-5.2662563 -3.8779030
-4.8078198 -2.8838093
-4.4833126 -2.1023161
-4.2354717 -1.4942427
-4.0595961 -1.0161626
-3.9964318 -0.6240740
-4.1241188 -0.2988325
0.0000000 0.0000000
0.0000000 0.0000000
-9.7499084 0.2702031
-10.4404211 0.4314643
-10.9676743 0.6649206
-12.1928167 0.8662293
-10.1876287 0.5894459
-4.2135725 0.4943865
0.8673159 -0.2911137
5.9635248 -1.9129151
10.7812243 -3.0786445
15.3425331 -4.1409707
36.1866417 -10.4429226
18.2586250 -8.1199932
12.3331919 -5.8531122
7.1738329 -5.3233800
1.5032084 -5.3955836
-4.7864370 -5.7098517
-7.5390735 -4.3027062
-6.6004543 -3.4774270
-5.6973481 -2.5807149
-5.1267438 -1.8345157
-4.7191172 -1.2698928
-4.4380689 -0.8409685
-4.2944160 -0.5037764
-4.2511773 -0.2380388
0.0000000 0.0000000
0.0000000 0.0000000
-9.7728281 0.1020761
-10.5817051 0.0664645
-11.1848860 0.1086622
-12.5357103 0.1760408
-9.8568535 -0.0452977
-3.5390255 -0.0632211
1.9948466 -0.8002647
6.7759914 -1.9083374
12.5893154 -3.9410138
21.8605633 -6.3057837
38.7265358 -11.3407450
14.9652910 -5.6076641
11.5261917 -4.9353995
6.6702075 -4.2189240
1.8517678 -4.0121808
-4.6118131 -4.3737674
-8.7008972 -2.8865397
-7.7526836 -2.6805711
-6.4558439 -1.9913818
-5.6836677 -1.3690841
-5.1264668 -0.9067318
-4.7402096 -0.5750183
-4.5114174 -0.3314036
-4.3273849 -0.1508523
0.0000000 0.0000000
0.0000000 0.0000000
-9.6851559 -0.0965441
-10.5220566 -0.3475295
-11.2363815 -0.5079296
-12.6863785 -0.6976549
-9.7590818 -0.7746422
-2.9678578 -0.5479966
2.8107035 -1.1721605
7.6423445 -1.5015379
12.3943281 -2.7367113
32.3773117 -9.4033384
33.5004883 -8.9283838
14.2377453 -4.6036534
10.5963526 -3.7898645
6.3004875 -3.1435959
1.1690415 -2.8359993
-4.2213163 -2.6301506
-9.6486034 -1.3974991
-8.6158762 -1.6609602
-7.0596642 -1.1074361
-6.0862536 -0.6963686
-5.4013019 -0.4101350
-4.9268136 -0.2268091
-4.6290841 -0.1123250
-4.3675389 -0.0412980
0.0000000 0.0000000
0.0000000 0.0000000
-9.3680725 -0.3240650
-10.2137680 -0.8337454
-11.0240870 -1.2586716
-12.6994972 -1.6792672
-9.7801876 -1.8800894
-2.8601520 -1.2661624
3.2295084 -1.3670734
9.2081203 -2.2913907
14.8373690 -2.3886569
37.3793755 -12.9035091
24.5209408 -7.2214947
13.4585304 -4.3516583
9.4963036 -2.8961406
6.2689013 -2.1405363
0.4311990 -1.6950251
-4.3397899 -0.7589440
-10.0437984 0.1070538
-9.1784086 -0.1854390
-7.3604336 -0.0352823
-6.2742658 0.1128684
-5.5045462 0.1758471
-4.9699240 0.1779918
-4.6285834 0.1415874
-4.3359685 0.0807423
0.0000000 0.0000000
0.0000000 0.0000000
-8.7996435 -0.5646874
-9.6204529 -1.3500757
-10.4466286 -2.1212454
-12.3911591 -2.9984260
-10.0089226 -3.4179494
-3.5070391 -2.4605010
2.7608232 -1.8269353
9.6966715 -2.5422616
19.4831543 -5.1943793
40.9900932 -9.2401514
18.7399693 -5.7811689
11.1235590 -3.7329710
7.5866518 -1.7344767
5.6684685 -1.0666744
-0.2767913 -0.1851477
-5.0646877 1.0141537
-10.6812534 1.8047453
-9.1329861 1.4025414
-7.3761654 1.1982155
-6.2181349 1.0014528
-5.4091048 0.8118493
-4.8482857 0.6154308
-4.4864373 0.4147426
-4.1792789 0.2096016
0.0000000 0.0000000
0.0000000 0.0000000
-7.9731421 -0.8076103
-8.7164240 -1.8675306
-9.4765959 -2.9694109
-11.2821598 -4.4260244
-10.5251799 -5.8235793
-3.8832932 -4.6557155
2.8431857 -4.0401969
10.0954056 -3.4501939
25.2292919 -8.4226322
38.1326141 -9.5886393
17.5098057 -3.7491629
9.6759939 -1.9316368
7.5272589 -0.6697704
3.1464672 0.2797317
-1.0813031 1.8129532
-5.6762090 3.0479276
-10.2015591 4.6121097
-8.6127205 3.0401075
-7.0100255 2.4134574
-5.8896174 1.8932745
-5.0985107 1.4487840
-4.5518265 1.0525686
-4.1957607 0.6882636
-3.8916354 0.3374931
0.0000000 0.0000000
0.0000000 0.0000000
-6.9161572 -1.0263147
-7.5279412 -2.3215961
-8.1076832 -3.7201946
-9.3202448 -5.5383239
-9.9788952 -8.0115509
-2.5581589 -7.9245453
3.4305072 -8.0678759
14.9435406 -9.0379944
31.6331806 -9.4780836
26.6352119 -3.6514690
15.0527267 -2.1092200
10.1403484 1.7745367
3.9531164 1.7040789
1.0445125 2.1777775
-2.5111072 5.0020418
-7.2709064 6.2639441
-9.6160383 6.3995252
-7.6492777 4.5173559
-6.2752671 3.4797902
-5.2899065 2.6829896
-4.5827928 2.0254486
-4.0874343 1.4559971
-3.7619388 0.9418733
-3.4783335 0.4555044
0.0000000 0.0000000
0.0000000 0.0000000
-5.6709018 -1.2037740
-6.1271920 -2.6659484
-6.4898143 -4.2662807
-6.9754038 -6.2169695
-7.2672305 -9.2102432
-2.9804440 -11.8441181
4.4079099 -12.5599718
16.4804649 -11.5765209
24.6161060 -9.3060999
28.3042145 -6.2572851
14.7186565 3.6283250
12.6061115 3.6158359
3.8064926 5.7395020
-2.2136250 7.7426658
-3.3547974 8.3664255
-8.6974049 10.7311840
-7.6820107 7.6650620
-6.2416101 5.7655921
-5.2112956 4.4111938
-4.4419470 3.3683383
-3.8769455 2.5157270
-3.4728212 1.7932465
-3.2007723 1.1581354
-2.9510748 0.5537679
0.0000000 0.0000000
0.0000000 0.0000000
-4.3064823 -1.3261342
-4.5944853 -2.8842504
-4.7624507 -4.5813308
-4.9336700 -6.5001397
-5.0683994 -8.8967628
-3.5514071 -11.4335890
2.9919806 -11.5426664
10.2872057 -9.1378546
16.4177265 -4.3993602
16.8479729 0.8655627
15.3446608 4.6395817
5.1200566 13.9119921
4.6968536 11.9761343
-0.5981805 13.5540905
-3.3761301 13.5471230
-5.3490739 11.0615282
-5.1709275 8.4160299
-4.5832939 6.5545988
-3.9565918 5.1187272
-3.4220462 3.9443252
-3.0104933 2.9461362
-2.7144072 2.0789077
-2.5213192 1.3171505
-2.3152723 0.6429243
0.0000000 0.0000000
0.0000000 0.0000000
-2.8885300 -1.4040706
-3.0675259 -2.9886208
-3.1178725 -4.6302028
-3.0996151 -6.3523564
-2.8264239 -8.0852470
-1.7401426 -9.3288527
1.7798197 -9.7484779
5.8701577 -4.9582372
9.2203236 2.3348019
9.6400900 7.1725183
7.9225750 10.5096378
5.2784896 13.1098347
2.0345390 14.9872351
-1.3159735 15.2918520
-2.3451612 12.9563723
-2.9851153 10.8714705
-3.0378447 8.8545809
-2.8586009 7.0648985
-2.5741768 5.5681353
-2.2848241 4.3242517
-2.0411899 3.2580330
-1.8616236 2.3092387
-1.7617227 1.4369016
-1.7034750 0.6209020
0.0000000 0.0000000
0.0000000 0.0000000
-1.3273405 -1.6493770
-1.3870125 -3.4368899
-1.4190549 -5.0425968
-1.3805242 -6.3267164
-1.1457815 -7.1472073
-0.4480064 -7.3859191
0.7861434 -7.0555830
2.1178484 -5.1334872
3.2119646 -1.0813947
3.7751298 3.1873062
3.1723747 6.9923058
1.8996977 10.1292648
0.6467819 11.6160889
-0.6859037 11.6770535
-1.2842790 11.7529135
-1.5438269 11.1610365
-1.4813809 10.1584034
-1.3221266 8.7638912
-1.1486406 7.2500305
-0.9917928 5.7820387
-0.8690739 4.4204688
-0.7871165 3.1689990
-0.7681614 1.9887220
-0.9076010 0.7556806
0.0000000 0.0000000
0.0000000 0.0000000
0.0000000 0.0000000
0.0000000 0.0000000
0.0000000 0.0000000
0.0000000 0.0000000
0.0000000 0.0000000
0.0000000 0.0000000
0.0000000 0.0000000
0.0000000 0.0000000
0.0000000 0.0000000
0.0000000 0.0000000
0.0000000 0.0000000
0.0000000 0.0000000
0.0000000 0.0000000
0.0000000 0.0000000
0.0000000 0.0000000
0.0000000 0.0000000
0.0000000 0.0000000
0.0000000 0.0000000
0.0000000 0.0000000
0.0000000 0.0000000
0.0000000 0.0000000
0.0000000 0.0000000
0.0000000 0.0000000
0.0000000 0.0000000
0.0000000 0.0000000
0.0000000 0.0000000
0.1349909 -0.1535550
0.0000000 0.0000000
0.1726931 -0.0841015
-0.2771167 0.0186286
-0.3413405 0.3989016
0.0000000 0.0000000
-1.3924239 0.5747594
-0.5342546 1.3688297
-0.5304196 2.3657460
0.0000000 0.0000000
-1.5475891 2.0775065
-0.4584799 3.2077868
-0.4070874 3.9145787
0.0000000 0.0000000
-1.0322158 3.1402938
-0.3246373 4.5076203
-0.2998433 4.9905658
0.0000000 0.0000000
-0.7614661 3.8982122
-0.2865171 5.4739652
-0.3011042 5.9489574
0.0000000 0.0000000
-0.7580028 4.6731315
-0.3199480 6.4782381
-0.3611103 6.9961042
0.0000000 0.0000000
-0.8727632 5.5334296
-0.3876321 7.6590710
-0.4680710 8.2858744
0.0000000 0.0000000
-1.0854875 6.4990420
-0.5235220 9.2092829
-0.6979296 10.0296659
0.0000000 0.0000000
-1.5171566 7.6805182
-0.8538945 11.5294991
-1.2000335 12.8297815
0.0000000 0.0000000
-2.4970951 9.5546179
-1.7440789 15.2930536
-2.0015752 18.2522392
0.0000000 0.0000000
-4.7571292 14.2637787
-1.9472742 21.0367546
-2.2291486 25.3914852
0.0000000 0.0000000
3.5120642 14.1870356
4.8590031 16.4324322
9.4807043 9.5157604
0.0000000 0.0000000
13.1538706 10.4651289
12.4221754 -9.6328306
-1.8964165 -9.9992447
0.0000000 0.0000000
14.0192595 -3.3541534
-1.7451448 -14.3178148
-0.8799857 -13.0642471
0.0000000 0.0000000
-8.9237223 -9.6939898
-0.2639746 -9.0213671
-0.5429950 -7.4833789
0.0000000 0.0000000
-3.0193710 -6.0320530
-0.4747116 -6.2822390
-0.4576255 -5.2506313
0.0000000 0.0000000
-1.7185179 -4.1913724
-0.3749869 -4.4793205
-0.3266873 -3.7987356
0.0000000 0.0000000
-1.0052001 -3.0967436
-0.2698604 -3.3187225
-0.2298113 -2.8566062
0.0000000 0.0000000
-0.6700453 -2.3716035
-0.1939862 -2.5239367
-0.1716858 -2.1915123
0.0000000 0.0000000
-0.4890680 -1.8559893
-0.1508181 -1.9358245
-0.1381802 -1.6798142
0.0000000 0.0000000
-0.3837666 -1.4433286
-0.1250392 -1.4740976
-0.1152206 -1.2563115
0.0000000 0.0000000
-0.3325829 -1.0956322
-0.1163315 -1.0658259
-0.1288442 -0.8585981
0.0000000 0.0000000
-0.3728184 -0.7607300
-0.1518941 -0.6104623
-0.1573874 -0.3557464
0.0000000 0.0000000
-0.4479173 -0.3326661
-0.1121710 -0.1499958
-0.0466486 0.0542063
0.0000000 0.0000000
-0.0564412 0.0110319
0.0000000 0.0000000
0.0000000 0.0000000
0.3049131 -0.0563422
0.1008460 0.0556729
-1.1102928 0.3338514
-1.9126716 0.9052686
-2.7165759 1.0898670
-2.2314074 1.6407024
-2.1151788 2.1941268
-2.4906120 2.1525960
-1.6478899 2.6552610
-1.3594637 3.0827203
-1.7788551 2.8452179
-1.2098590 3.4312220
-1.1643656 3.8318303
-1.5971287 3.6667879
-1.1855412 4.2553973
-1.2460141 4.6858864
-1.6528250 4.5361762
-1.3094633 5.1668310
-1.4255770 5.5734057
-1.7967857 5.3463950
-1.5310160 6.1120706
-1.7601503 6.5033193
-2.1073451 6.1040688
-1.9889634 7.1844258
-2.4912343 7.5547705
-2.8055072 6.7403250
-2.9925227 8.5722265
-4.2779717 8.7863750
-4.3724999 6.8716617
-5.7694240 10.3442411
-9.2605143 11.4489365
-10.2162561 7.1896019
-1.7941359 8.3882599
6.6810694 11.0132904
11.2541323 10.6554451
10.4448185 8.6991119
18.8866768 9.7048054
22.2827530 3.6648366
23.8224258 -4.0195775
18.2041798 -1.1911932
20.1346397 -3.0471749
3.8681161 -7.4318175
-9.1445532 -7.5825553
-5.9535990 -5.6390858
-4.6333666 -5.5653820
-3.4538717 -5.1268816
-3.0071895 -4.2417078
-2.7424438 -4.1336894
-2.0600185 -3.5181732
-2.1950927 -3.0098844
-1.6022849 -3.1818657
-1.2993282 -2.7583702
-1.6023872 -2.4907815
-1.0503517 -2.4775403
-0.8933390 -2.1841683
-1.1553732 -2.0515251
-0.7588038 -1.9438403
-0.6740407 -1.7318726
-0.8887542 -1.6649953
-0.5973416 -1.5282353
-0.5497420 -1.3562899
-0.7330291 -1.3193228
-0.5030600 -1.1775647
-0.4787699 -1.0226953
-0.6452958 -0.9951918
-0.4729220 -0.8702175
-0.5144013 -0.7078305
-0.6809357 -0.7052118
-0.6041418 -0.5089619
-0.6635777 -0.3400980
-0.8538027 -0.3718922
-0.5780973 -0.1639439
-0.0629001 -0.0206766
-0.1542663 -0.0466542
0.0000000 0.0000000
0.0000000 0.0000000
-0.1354430 0.1075199
-0.4860188 0.1957749
-2.2982500 0.6160196
-3.3291707 1.2831937
-3.8948650 1.4025660
-3.3646545 1.8730416
-2.8593225 2.1314766
-3.1356049 2.1037939
-2.3626420 2.4327092
-2.1120114 2.8267984
-2.5413408 2.7915931
-2.0338964 3.2380681
-2.0360749 3.6639376
-2.4736509 3.6457822
-2.0490901 4.1017227
-2.0946603 4.5048976
-2.4772973 4.4568267
-2.1323109 4.9320245
-2.2347987 5.2653184
-2.5580819 5.1786709
-2.3230336 5.7010789
-2.5459006 5.9345245
-2.7742403 5.7532377
-2.7344401 6.3908648
-3.1745682 6.4437823
-3.2589464 6.1029506
-3.5294583 6.8396163
-4.2088561 6.7429023
-4.2285876 6.1903625
-4.2264962 6.9856009
-9.3016701 7.4546137
-9.2021866 7.1152377
-8.9353647 6.5289454
6.3581667 6.9947934
12.5701704 2.2399864
17.9028816 5.3693891
25.4283504 4.5839758
32.3226166 2.5935445
31.4888611 -6.3456039
25.4633808 -1.2559965
29.3076458 2.6929982
-5.5663638 3.1748872
-6.2225113 -4.5209932
-7.7800822 -2.3514557
-5.3157010 -3.0756943
-4.4324789 -3.7146599
-6.2218757 -2.3007092
-3.1334581 -3.1111529
-2.6146271 -2.6946077
-3.0934191 -2.1606603
-2.1450300 -2.4294093
-1.8095236 -2.2308629
-2.0115852 -1.9212848
-1.5100969 -2.0118656
-1.3199475 -1.8824562
-1.4817784 -1.7111620
-1.1430074 -1.6868924
-1.0370555 -1.5633451
-1.1866336 -1.4725327
-0.9364619 -1.3888197
-0.8781006 -1.2621382
-1.0235087 -1.2165805
-0.8207266 -1.0928088
-0.7950321 -0.9649529
-0.9363825 -0.9410264
-0.7742086 -0.8129449
-0.8145860 -0.6843114
-0.9489779 -0.6763703
-0.9166415 -0.5318717
-1.0169938 -0.3947784
-1.1750923 -0.4082866
-0.9910873 -0.2184846
-0.2473252 -0.0623624
-0.3686288 -0.0753089
0.0000000 0.0000000
0.0000000 0.0000000
-0.9323958 0.2541660
-1.4568835 0.3209142
-3.7383230 0.8019803
-4.4070249 1.4960206
-4.8096175 1.5426201
-4.0457916 1.9418173
-3.4063017 2.0794907
-3.7129190 2.0690150
-3.0471535 2.3899353
-2.9421039 2.8289580
-3.3708758 2.8374326
-2.9043853 3.2552273
-2.8883317 3.6732078
-3.3172729 3.6761842
-2.8684106 4.0791874
-2.8645830 4.4756474
-3.2651830 4.4790039
-2.8711677 4.8538160
-2.9004409 5.1827421
-3.2285855 5.1770654
-2.9260442 5.5030451
-3.0187116 5.7013698
-3.1929553 5.6516895
-3.0866814 5.8948469
-3.3428557 5.8655982
-3.2339985 5.6819601
-3.5787046 5.8603849
-4.1856380 5.3521419
-3.5817544 4.8063869
-4.9542060 5.0812616
-10.0566835 4.5514565
-7.4690161 3.4357691
1.0162480 -4.5541387
9.1218328 0.5955423
9.4413881 -0.0734408
15.9073334 4.2031894
20.0470161 4.9554214
21.1674995 1.9977369
33.3624573 -2.1162162
32.9831696 3.4933639
26.4414444 5.0412693
0.9248914 3.0828586
-4.9019008 0.7705428
1.8336563 4.4080505
-6.7342963 -0.5269169
-5.3818021 -0.4229685
-3.5974767 0.6089043
-3.6292272 -0.9954000
-2.9381621 -1.3957382
-2.5097554 -0.8457413
-2.3240414 -1.4744650
-2.0028648 -1.5740656
-1.9047214 -1.3049413
-1.7274468 -1.5292510
-1.5498695 -1.5334457
-1.5771935 -1.3895175
-1.3832403 -1.4241488
-1.2878684 -1.3769331
-1.3653749 -1.2989446
-1.1936320 -1.2452805
-1.1427923 -1.1648105
-1.2469895 -1.1241666
-1.0913936 -1.0228040
-1.0702009 -0.9192327
-1.1881355 -0.9002146
-1.0463502 -0.7710913
-1.0750767 -0.6623931
-1.1943728 -0.6537954
-1.1649777 -0.5423767
-1.3075955 -0.4165317
-1.4447250 -0.4201747
-1.4006404 -0.2408361
-0.5063134 -0.0835697
-0.6487882 -0.0909373
0.0000000 0.0000000
0.0000000 0.0000000
-2.0420656 0.3696589
-2.6913259 0.4129392
-5.1822762 0.9026610
-5.1922770 1.5615699
-5.4872937 1.5548023
-4.5268769 1.9095960
-4.0087323 2.0635159
-4.3773165 2.0669475
-3.8241010 2.4300561
-3.7941537 2.8831162
-4.2258515 2.8999474
-3.7594357 3.3013685
-3.7111473 3.7401285
-4.1704841 3.7574434
-3.6871591 4.1393719
-3.6287174 4.5767608
-4.0924802 4.6105094
-3.6008174 4.9284987
-3.4856772 5.3348188
-3.9531839 5.4252295
-3.4469445 5.6046596
-3.3435841 5.8888254
-3.6799612 6.1777706
-3.2136447 6.0752244
-3.1209834 6.0429559
-3.1786063 6.5378098
-2.9061782 5.9244542
-2.6837633 5.4638133
-2.2012632 5.7653923
-2.0963807 3.9832478
-4.2343917 4.4275045
-3.2792835 4.7691021
5.3363357 -4.4863334
9.6096182 -0.8973932
10.7105513 1.0698166
14.6741209 1.0664874
20.0342922 3.2449174
20.1376324 2.4144309
33.7507362 -4.1525989
32.9154930 1.8411664
26.9816780 4.4058237
-3.8281064 -1.2007856
-1.5509089 2.5589652
-2.1774411 0.9894687
-3.4039795 -0.2447408
-3.3684404 0.2271473
-3.0388021 0.1776368
-2.6922419 -0.5323178
-2.3508408 -0.7386992
-2.0709655 -0.6364756
-1.9675446 -0.9811521
-1.8193828 -1.1652863
-1.6602780 -1.0744638
-1.6782429 -1.2206420
-1.5881655 -1.2925177
-1.5508566 -1.2340446
-1.4848615 -1.2456605
-1.4334438 -1.2421544
-1.4658936 -1.2077562
-1.3730038 -1.1447823
-1.3467307 -1.0927860
-1.4217787 -1.0740870
-1.3161777 -0.9760170
-1.3076218 -0.8873598
-1.4089795 -0.8793499
-1.2955838 -0.7491112
-1.3170937 -0.6468974
-1.4288170 -0.6430952
-1.3876871 -0.5441284
-1.5599607 -0.4213415
-1.6839931 -0.4215188
-1.7867074 -0.2554545
-0.8074192 -0.0962552
-0.9640559 -0.1010098
0.0000000 0.0000000
0.0000000 0.0000000
-3.3591285 0.4425004
-4.0640111 0.4602355
-6.4582205 0.9322149
-5.7804461 1.5248120
-6.0344458 1.4868275
-5.0153618 1.8232929
-4.7322860 2.0775244
-5.1487360 2.0838592
-4.6688166 2.4875045
-4.6482329 2.9408715
-5.1005378 2.9496198
-4.6216154 3.3623517
-4.5862818 3.8293905
-5.0789866 3.8547218
-4.5692916 4.2497511
-4.4404068 4.7899404
-5.0624251 4.8431768
-4.4589767 5.1765680
-4.2634544 5.7938595
-4.9902625 6.0280042
-4.2083020 6.2126703
-4.0098395 6.7141986
-4.4280410 7.1275382
-3.5525835 7.0185599
-2.9268563 7.0240226
-2.8166788 7.0745029
-2.0156794 6.6132922
-0.9164075 6.0071797
-0.4579564 5.6650572
0.0928893 4.5915012
-1.3604633 4.5732727
-0.2270269 3.6714704
9.2832117 -1.7321867
10.9455776 1.6421902
11.3493605 1.3848878
13.2592049 1.8423259
16.0758438 2.2990744
15.2749653 1.3458174
35.9044533 -1.3371831
35.0430679 1.7947843
28.5422268 2.5326383
-1.3702085 -0.8581989
-0.9515617 1.2842728
-0.6951616 1.1384825
-2.5794859 -0.5447742
-2.4717777 0.0302053
-2.1860600 -0.2080448
-2.1010170 -0.6522231
-1.8540864 -0.6842108
-1.6238689 -0.8263056
-1.5928636 -0.9101134
-1.5604019 -1.0779717
-1.3895519 -1.1367700
-1.5442866 -1.1484568
-1.5484653 -1.2287267
-1.4874961 -1.2598009
-1.5247147 -1.2027085
-1.5256643 -1.2055651
-1.5416672 -1.2240423
-1.5119345 -1.1244529
-1.5166756 -1.0752535
-1.5803418 -1.0872130
-1.5148662 -0.9725566
-1.5233837 -0.8829272
-1.6185431 -0.8913103
-1.5320201 -0.7556457
-1.5522158 -0.6464703
-1.6639880 -0.6511876
-1.6077348 -0.5509101
-1.7925879 -0.4227408
-1.9113835 -0.4237424
-2.1420896 -0.2707705
-1.1370876 -0.1051680
-1.3050969 -0.1086328
0.0000000 0.0000000
0.0000000 0.0000000
-4.7572250 0.4672530
-5.4591494 0.4640707
-7.4859672 0.9149769
-6.3010025 1.4340661
-6.5701156 1.3785852
-5.6367240 1.7243799
-5.5476027 2.0917289
-5.9843750 2.0802424
-5.5418339 2.5149889
-5.5257168 2.9734607
-5.9991889 2.9601879
-5.5302305 3.4072061
-5.5204229 3.9246984
-6.0799556 3.9347343
-5.5642982 4.3981204
-5.5362153 5.0547419
-6.2796206 5.1398020
-5.6325669 5.6133823
-5.5348005 6.3935866
-6.2248616 6.5008588
-5.2476416 6.9263616
-4.7028456 7.1771011
-4.6839175 7.0540056
-3.5307703 7.2203555
-2.1434088 6.8414917
-1.7757602 6.1776199
-0.6052437 6.1918440
1.0915924 5.3288856
1.6719617 4.6799583
2.6137652 4.2609239
1.6812468 3.7297370
2.8744228 3.3903637
11.5011482 -1.4316279
11.9393673 1.1400067
13.1295118 1.5372597
13.8503151 0.9993972
16.8543987 1.4380980
17.2039604 0.7405977
34.7220612 -1.2843940
34.7156372 -0.2012497
26.3496532 0.0508350
0.4615693 -2.4706931
-0.3209603 0.7157376
-0.4915478 0.0073923
-1.7270689 -1.1273044
-1.8989719 -0.5353598
-1.6964229 -1.0235779
-1.6772246 -1.0628381
-1.5488632 -1.0504769
-1.3872552 -1.3483152
-1.3183267 -1.1440245
-1.3608125 -1.2741125
-1.2248867 -1.4474553
-1.4322747 -1.2955970
-1.5201584 -1.3475366
-1.4737834 -1.4544673
-1.5724493 -1.3066010
-1.6203301 -1.2812048
-1.6481836 -1.3494769
-1.6548438 -1.1972215
-1.6874316 -1.1253402
-1.7604017 -1.1675119
-1.7157524 -1.0241017
-1.7401772 -0.9153435
-1.8422103 -0.9407905
-1.7703749 -0.7952133
-1.7935114 -0.6664705
-1.9130256 -0.6803741
-1.8417740 -0.5712175
-2.0217071 -0.4284263
-2.1440737 -0.4323314
-2.4690466 -0.2892844
-1.4903998 -0.1126943
-1.6699383 -0.1158418
0.0000000 0.0000000
0.0000000 0.0000000
-6.1318507 0.4537638
-6.7935729 0.4366646
-8.2598791 0.8725999
-6.8543291 1.3163015
-7.1634374 1.2553086
-6.3994789 1.6249236
-6.3996758 2.0669913
-6.8371077 2.0322592
-6.4259496 2.4822707
-6.4349475 2.9517353
-6.9175010 2.9122701
-6.5023389 3.4012940
-6.5804749 3.9695964
-7.1881838 3.9430270
-6.7593236 4.5057578
-6.8994994 5.2443323
-7.6239324 5.2268238
-6.9825473 5.8417954
-6.7516928 6.3897443
-6.9601955 6.1967959
-5.7879643 6.6483469
-4.4227662 6.4049845
-4.0388503 5.8310509
-2.7658098 6.0408330
-0.9862360 5.4737968
-0.3706297 4.6010365
0.8540605 4.8283515
2.7962916 3.8078067
3.7439539 2.8814411
4.6784415 2.9849534
3.8961360 2.2986135
5.2095203 1.3421035
12.7407846 -1.5542544
12.9447947 0.8874688
13.5208502 0.4518107
14.1620426 -0.3800221
18.0446243 -1.8468974
27.1340256 -5.8910193
35.8694344 -3.6440346
31.0217133 -1.9052806
23.9124088 -2.9228754
0.4919876 -2.1976042
-0.2227389 0.2449827
1.5526960 0.3616378
-1.1756599 -1.4056405
-1.5727221 -1.3572125
-0.7767773 -1.6442875
-1.5424198 -1.6676952
-1.4706978 -1.6765465
-1.2413858 -1.9879696
-1.2523452 -1.6512340
-1.3075639 -1.6896033
-1.2187643 -1.9229580
-1.4314421 -1.6409847
-1.5726734 -1.6190535
-1.5734645 -1.7776998
-1.6884549 -1.5425570
-1.7684746 -1.4589378
-1.8323010 -1.5636554
-1.8427074 -1.3557048
-1.8940284 -1.2379881
-1.9943221 -1.3025681
-1.9474840 -1.1272467
-1.9812119 -0.9832708
-2.1028500 -1.0212308
-2.0279226 -0.8642838
-2.0543242 -0.7058182
-2.1887648 -0.7264410
-2.1019456 -0.6059652
-2.2629881 -0.4412769
-2.3962379 -0.4478067
-2.7743726 -0.3106588
-1.8672222 -0.1202625
-2.0595334 -0.1235468
0.0000000 0.0000000
0.0000000 0.0000000
-7.4161139 0.4161881
-8.0203114 0.3930488
-8.8167200 0.8193795
-7.4848113 1.1902798
-7.8271050 1.1221526
-7.2349029 1.5261903
-7.2490830 1.9857687
-7.6745420 1.9180471
-7.3109460 2.3878024
-7.3633690 2.8610654
-7.8398829 2.7822518
-7.5193782 3.3155651
-7.7474313 3.9067430
-8.3522558 3.8324926
-8.0340786 4.4521165
-8.2449760 5.1595035
-8.7872934 4.9919758
-8.0096884 5.5986290
-7.0797935 5.7451949
-6.8525133 5.2906370
-5.3787713 5.5614753
-3.5413053 4.9794288
-2.8828115 4.3091373
-1.5764629 4.3334565
0.5002427 3.5014806
1.3950284 2.6996076
2.4747088 2.6783359
4.6041265 1.7304389
5.6311541 0.9262332
6.6894283 1.2627058
6.2113919 -0.0952395
7.6763992 -0.9725748
13.8748713 -2.0086579
12.6378851 -1.9416208
14.6942110 -3.1947088
16.6053047 -5.6459112
29.0978928 -6.3565302
29.2372608 -6.5036397
31.4175110 -5.3383780
17.9790096 -2.7603531
12.7222013 -3.6598477
3.4857132 -1.7857443
1.6094848 -1.4537319
3.2248785 -1.7562900
-0.0087229 -2.2753768
-0.9844216 -2.4319093
-0.3063761 -2.8099160
-1.4435375 -2.6032729
-1.5083205 -2.4752719
-1.3835244 -2.8544703
-1.3789810 -2.3829703
-1.4349000 -2.2643821
-1.4570454 -2.5442989
-1.5891054 -2.1387491
-1.7534417 -2.0015421
-1.8414758 -2.1913116
-1.9147151 -1.8731061
-2.0097752 -1.7093278
-2.1340647 -1.8305687
-2.1083753 -1.5738450
-2.1654010 -1.3932799
-2.3080440 -1.4662321
-2.2320528 -1.2652636
-2.2658541 -1.0744805
-2.4162579 -1.1160479
-2.3194072 -0.9511472
-2.3451936 -0.7571566
-2.4996593 -0.7789086
-2.3958895 -0.6493676
-2.5283327 -0.4589577
-2.6772931 -0.4657563
-3.0644884 -0.3319792
-2.2687449 -0.1281843
-2.4743555 -0.1313427
0.0000000 0.0000000
0.0000000 0.0000000
-8.5798073 0.3686854
-9.1178150 0.3425132
-9.2000456 0.7569803
-8.1707296 1.0496767
-8.5242491 0.9772655
-8.0568399 1.4079217
-8.0728941 1.8374321
-8.4750910 1.7432395
-8.1767855 2.2248499
-8.2834911 2.6867640
-8.7380905 2.5671093
-8.5430355 3.1159070
-8.9205399 3.7147977
-9.4723978 3.5727551
-9.1983309 4.1443734
-9.2404089 4.7474375
-9.5245962 4.4788704
-8.3911629 4.9305358
-6.5704927 4.6927619
-6.0931649 4.1234174
-4.3858113 4.2182798
-2.2077153 3.6161923
-1.5073441 2.8450825
-0.0133162 2.8932424
2.1256583 2.0655398
2.7588179 1.4632171
4.2348847 1.1711615
6.4039345 0.3231939
7.2841501 -0.3039446
8.6021681 -0.5337286
8.9215889 -1.5336598
10.4340954 -2.1667144
15.7255659 -3.1150429
16.6526833 -3.3825786
17.7398911 -3.6128871
24.1337872 -9.4787378
29.6089611 -11.0255833
33.7142677 -9.6149120
28.2121449 -4.5089421
6.2569094 -4.4963574
6.8623018 -4.1410079
6.8657451 -2.7105987
3.5765076 -3.7348430
3.0967689 -4.9926128
1.0604091 -3.9796252
-0.6302425 -3.8521242
-0.6328986 -4.6542525
-1.5357540 -3.8487177
-1.7794657 -3.4976339
-1.9654218 -4.0212646
-1.7562014 -3.2548511
-1.8050023 -2.9468076
-2.0122375 -3.2640188
-1.9529788 -2.7154346
-2.1076820 -2.4398756
-2.3099549 -2.6365607
-2.2864139 -2.2443068
-2.3735645 -1.9855309
-2.5743268 -2.0999329
-2.4747818 -1.8120623
-2.5198412 -1.5580354
-2.7134635 -1.6218683
-2.5832162 -1.4108939
-2.6056733 -1.1678289
-2.7887771 -1.2012088
-2.6530566 -1.0374725
-2.6717153 -0.8072054
-2.8473566 -0.8226084
-2.7253556 -0.6902769
-2.8238125 -0.4752413
-2.9895954 -0.4788078
-3.3409078 -0.3487362
-2.6939664 -0.1355045
-2.9113221 -0.1380618
0.0000000 0.0000000
0.0000000 0.0000000
-9.6055651 0.3149007
-10.0677576 0.2862196
-9.4478140 0.6809520
-8.8683605 0.9004403
-9.2051945 0.8198149
-8.8049364 1.2641712
-8.8480434 1.6325134
-9.2143984 1.5086631
-8.9913273 1.9978651
-9.1533585 2.4232862
-9.5727530 2.2689073
-9.5170708 2.7937651
-10.0128298 3.4251037
-10.4997673 3.2447340
-10.1367083 3.6536119
-9.7275257 4.1550479
-9.7178621 3.7609718
-8.0572081 4.0478187
-5.5576782 3.4785085
-4.9467349 2.8377101
-3.1611762 2.8224099
-0.7677510 2.2373707
-0.0826847 1.5968392
1.4590297 1.5402465
3.5951061 0.9122744
4.3764510 0.2673673
6.0527225 0.0238635
8.2384872 -0.8014213
8.8850842 -1.3330460
9.8956652 -1.6536689
11.9773560 -2.7974501
13.3184929 -3.7160296
16.7045841 -3.3386247
20.8686829 -5.1685619
22.0626316 -6.2033978
29.6794930 -10.2257748
32.7090950 -10.8121910
30.5527592 -9.8856783
15.7654667 -6.3314295
7.5556393 -4.4661751
8.8941898 -5.6880975
6.4728837 -5.3722835
3.5171616 -5.5713849
3.3043497 -6.2832685
1.0141903 -5.5075641
-0.9896405 -5.4946847
-1.1845199 -6.0926232
-2.1238167 -5.1313477
-2.5231528 -4.6696815
-2.9843979 -5.1847649
-2.5256491 -4.1763434
-2.5087080 -3.6648517
-2.9504411 -3.9636507
-2.5709438 -3.2876244
-2.6732869 -2.8691185
-2.9979730 -3.0316658
-2.8303473 -2.5941064
-2.8761520 -2.2312152
-3.1582193 -2.3086836
-2.9499226 -2.0240192
-2.9628253 -1.6925606
-3.2067714 -1.7279010
-3.0027614 -1.5311654
-3.0011420 -1.2372267
-3.2145925 -1.2499460
-3.0290585 -1.1010985
-3.0323155 -0.8397202
-3.2251914 -0.8412803
-3.0838964 -0.7152428
-3.1479104 -0.4825776
-3.3270020 -0.4789555
-3.5989475 -0.3560553
-3.1374772 -0.1405194
-3.3620591 -0.1412849
0.0000000 0.0000000
0.0000000 0.0000000
-10.4761534 0.2565165
-10.8581619 0.2253700
-9.5998869 0.5912951
-9.5199986 0.7306927
-9.8140631 0.6412491
-9.4386797 1.0802418
-9.5465450 1.3671921
-9.8612614 1.2162864
-9.7209444 1.7013055
-9.9621105 2.0893621
-10.3327732 1.8701186
-10.4529152 2.3732626
-10.9537468 3.0144479
-11.3282557 2.7344792
-10.6348553 2.8468101
-9.6118841 3.2284403
-9.2869606 2.7183540
-7.1284637 2.9323537
-4.3240323 2.1073461
-3.6447363 1.5014542
-2.0133138 1.5868493
0.6122603 0.8212584
1.3287010 0.2155284
2.5599530 0.2505958
5.0932951 -0.4523125
5.7853737 -1.0426474
7.7253404 -1.3359780
9.7447195 -1.6348187
10.3362656 -1.8501724
11.8170767 -3.0903609
15.0608397 -4.2034216
16.4694233 -4.4651976
18.8035011 -4.6745391
26.1450005 -8.4193783
31.9817257 -10.1945534
31.7518330 -8.1308947
27.7122593 -7.0324674
22.4420643 -8.2613659
11.5452576 -6.4664011
8.9565926 -6.2831731
9.5432692 -5.9440618
6.5684948 -6.4399924
3.7411761 -6.5518112
3.5973177 -6.7598815
0.9422259 -6.6162434
-1.4311939 -6.5888038
-1.7066061 -6.9259977
-2.9910069 -6.2055969
-3.6913350 -5.7079024
-4.3302560 -6.0405045
-3.7475827 -4.9736547
-3.5955968 -4.2891092
-4.2665820 -4.5233245
-3.4723802 -3.7306218
-3.4609070 -3.1987782
-3.9084775 -3.2724235
-3.5422890 -2.8522725
-3.5114658 -2.3832674
-3.8653529 -2.3951528
-3.5238330 -2.1594532
-3.4840057 -1.7562362
-3.7667193 -1.7452555
-3.4789517 -1.5912048
-3.4414306 -1.2564775
-3.6754348 -1.2369217
-3.4371803 -1.1193825
-3.4161530 -0.8388970
-3.6185822 -0.8196306
-3.4562025 -0.7109494
-3.4916887 -0.4730059
-3.6764657 -0.4589667
-3.8289254 -0.3486540
-3.5879195 -0.1410579
-3.8102562 -0.1385773
0.0000000 0.0000000
0.0000000 0.0000000
-11.1715183 0.1928281
-11.4583769 0.1565077
-9.6821795 0.4777246
-10.0747375 0.5489155
-10.3079252 0.4493004
-9.9406977 0.8548824
-10.1319304 1.0531945
-10.3788319 0.8802102
-10.3224716 1.3357379
-10.6508236 1.6286000
-10.9503746 1.4027064
-11.2619629 1.8528814
-11.6583710 2.4439487
-11.8548574 2.1191146
-10.6588354 1.9664917
-8.9451456 2.2458913
-8.5537529 1.7943521
-5.8908324 1.7600046
-3.0670164 0.9187919
-2.4089389 0.4813115
-0.9042547 0.7118704
1.9449698 -0.2946464
2.6356249 -0.8605756
4.0872517 -0.9169971
6.2453604 -1.5461051
6.6688271 -1.8559773
8.4779806 -1.8496405
10.9269400 -2.2380099
11.6151171 -3.0503170
14.1306705 -4.1579080
18.3425083 -4.0704732
18.4427490 -3.4626522
25.9543800 -9.5803652
31.0249367 -13.8756084
36.5962906 -14.2982540
30.6261692 -11.4813614
17.9519463 -8.2672386
14.7716379 -7.0281191
12.6403799 -5.8086600
10.1537666 -5.9581938
10.1978207 -6.1056495
7.0557361 -6.4786606
4.0209632 -6.6120119
4.1707783 -6.3351078
1.1620730 -6.8047347
-1.6298264 -6.8998852
-1.9422680 -6.6926026
-3.8483734 -6.5613070
-5.0161982 -6.2063675
-5.6681151 -6.1579714
-5.2435670 -5.3526235
-5.0444994 -4.6889849
-5.8544726 -4.7324743
-4.6436224 -3.9225032
-4.4405813 -3.3159926
-4.9759583 -3.2474594
-4.3855553 -2.9388552
-4.2480245 -2.3793542
-4.6452470 -2.3005693
-4.1635060 -2.1658382
-4.0557489 -1.7125779
-4.3578396 -1.6401021
-3.9854496 -1.5570415
-3.9031920 -1.2022409
-4.1423039 -1.1410388
-3.8557069 -1.0714624
-3.8044071 -0.7907565
-4.0033398 -0.7453499
-3.8193738 -0.6661047
-3.8373172 -0.4396350
-4.0173225 -0.4124157
-4.0216055 -0.3218477
-4.0261350 -0.1344149
-4.2330127 -0.1274888
0.0000000 0.0000000
0.0000000 0.0000000
-11.6639872 0.1153663
-11.8320704 0.0764906
-9.7395210 0.3440528
-10.4842424 0.3422633
-10.6330223 0.2243087
-10.3103313 0.5808849
-10.5714178 0.6941290
-10.7437267 0.4861527
-10.7869596 0.8969404
-11.2175474 1.1619053
-11.4536648 0.8619049
-11.9397182 1.2314911
-11.9633474 1.7252078
-12.0062447 1.2933892
-10.3690052 1.0579818
-8.1575508 1.3099583
-7.7649298 0.8420913
-4.6703777 0.8052334
-1.8329865 0.0768273
-1.3516434 -0.2750942
0.3567493 0.0001329
3.2667284 -1.0352819
3.6720817 -1.1740310
5.3854051 -1.7312337
7.3279729 -2.0519896
8.1553431 -2.1795645
9.7109032 -2.4408748
12.5583096 -3.9020054
13.3264990 -4.4759712
15.0552769 -3.6219208
23.1979351 -6.6660337
27.4345474 -7.7524724
35.1497269 -10.3621387
36.9676056 -9.3478651
29.8752098 -7.2057662
21.1879845 -6.9259148
13.5569839 -6.8894625
12.5798140 -6.0139756
13.0750580 -6.1351643
10.0416698 -5.9930081
9.7158003 -5.7011399
7.4119415 -5.8951902
4.3587894 -5.8267522
4.4955635 -5.3372674
1.5357094 -6.0843387
-1.5605175 -6.1236091
-1.6678983 -5.6106253
-4.4228783 -6.0846786
-6.0868392 -5.8814526
-6.6601448 -5.5621347
-6.7611175 -4.8639307
-6.6408706 -4.6176944
-7.4190288 -4.3872828
-5.9641142 -3.7441342
-5.5192766 -3.1134498
-6.0847950 -2.8772314
-5.2693181 -2.7805798
-5.0176868 -2.1714897
-5.4165106 -1.9861839
-4.8151517 -1.9977763
-4.6323509 -1.5328957
-4.9235840 -1.3887495
-4.4856339 -1.4013193
-4.3528028 -1.0567001
-4.5739880 -0.9480946
-4.2548065 -0.9412861
-4.1708651 -0.6853404
-4.3482304 -0.6101995
-4.1458936 -0.5722007
-4.1606750 -0.3769638
-4.3203502 -0.3355540
-4.1705914 -0.2727571
-4.4241900 -0.1170727
-4.6022258 -0.1047971
0.0000000 0.0000000
0.0000000 0.0000000
-11.9252663 0.0288290
-11.9575272 -0.0157822
-9.7769756 0.1809081
-10.7099810 0.1066297
-10.7418480 -0.0288279
-10.5373993 0.2538328
-10.8450718 0.2740563
-10.9136343 0.0397060
-11.0984592 0.3952564
-11.6120291 0.5467150
-11.7478924 0.2279294
-12.3624125 0.5333150
-12.0342083 0.9145023
-12.0627089 0.5333810
-9.9567070 0.2787800
-7.3626485 0.4594459
-7.0549927 0.1086120
-3.8443468 0.2029336
-0.7798026 -0.4602020
-0.5592166 -0.7901023
1.6458338 -0.4841327
3.9765849 -1.3040869
4.3205209 -1.4892532
6.2721128 -1.9366522
9.0104246 -2.4183624
10.0133133 -2.5946720
11.7270660 -3.7341862
14.5202217 -4.2476478
15.4390974 -3.0735435
17.6205139 -4.5717192
26.6565361 -9.0137234
34.7857971 -13.5107069
38.6223335 -13.4423838
36.5203056 -12.5834999
27.0620098 -10.0351305
14.3566532 -6.4068646
12.9346466 -5.5204673
13.2568636 -5.0343523
11.9766951 -5.3529954
9.3854675 -5.0618801
9.1844330 -4.4220066
6.9983935 -4.7402968
4.2805934 -4.6162958
4.3680558 -3.9721851
1.8107659 -4.6927152
-1.1675327 -4.8355789
-0.9829414 -4.0773697
-4.5458636 -5.0947232
-6.9635043 -4.9592037
-7.3870769 -4.3421011
-8.0678186 -3.5900230
-8.0634890 -3.9939072
-8.7268896 -3.4887667
-7.2054844 -3.1617007
-6.5497875 -2.5568569
-7.0467529 -2.1623039
-6.1028366 -2.3348854
-5.7357073 -1.7393357
-6.0713420 -1.4603889
-5.4183526 -1.6280409
-5.1584501 -1.2009933
-5.4043093 -0.9865550
-4.9310427 -1.1061500
-4.7480683 -0.8103581
-4.9295788 -0.6537533
-4.5956740 -0.7203403
-4.4817872 -0.5171871
-4.6189408 -0.4117372
-4.4059238 -0.4256240
-4.4325247 -0.2845065
-4.5499573 -0.2257122
-4.2769046 -0.1990157
-4.7502742 -0.0870426
-4.8792820 -0.0708821
0.0000000 0.0000000
0.0000000 0.0000000
-11.9135752 -0.0586887
-11.8163691 -0.1007508
-9.7888165 0.0010609
-10.7223663 -0.1872510
-10.6443367 -0.3544742
-10.5943918 -0.1382843
-10.9216595 -0.2142830
-10.8972225 -0.4971817
-11.2383184 -0.1988024
-11.8257875 -0.0900362
-11.8925438 -0.4894360
-12.6162434 -0.2326077
-12.0239620 0.1334776
-12.0743055 -0.3569383
-9.7028961 -0.3662519
-6.7590652 -0.1722584
-6.6608114 -0.4978348
-3.1105337 -0.3255398
-0.0182120 -0.8299713
-0.0685208 -1.1405001
2.8134344 -0.9691532
4.9508266 -1.7052693
5.2621913 -1.9081408
7.2200232 -1.6820167
10.3245277 -2.8586211
10.6540079 -3.1568396
12.0258570 -3.1769164
15.4130020 -3.3032966
17.1370411 -4.3913417
31.3462620 -9.7024498
37.6990128 -10.7100439
41.0171013 -10.2629271
31.7841320 -9.0056753
20.6100330 -6.7056441
18.0124187 -6.0799403
14.2719393 -4.8052111
13.0285406 -4.6744075
12.4243784 -4.3691821
11.1435108 -4.3454146
8.7654552 -3.8817661
8.4206476 -3.3005452
6.5444355 -3.6351268
4.1047826 -3.3970582
4.1294298 -2.8420920
1.7836210 -3.3724873
-0.9301159 -3.2878659
-0.9287610 -2.5127194
-4.2807736 -3.5061979
-7.4576459 -3.6112921
-7.5057483 -2.8327765
-9.0899134 -2.2134225
-9.2392664 -2.8669736
-9.7346668 -2.1459136
-8.2535810 -2.2277994
-7.4039049 -1.6752037
-7.7587399 -1.1791372
-6.7693477 -1.5882406
-6.3141222 -1.1106124
-6.5742960 -0.7316965
-5.8933702 -1.0588833
-5.5678258 -0.7248240
-5.7429776 -0.4468719
-5.2729387 -0.6759363
-5.0436978 -0.4638244
-5.1600008 -0.2643997
-4.8424702 -0.4119483
-4.7016296 -0.2853444
-4.7788110 -0.1528053
-4.5769191 -0.2279623
-4.6174932 -0.1591659
-4.6719675 -0.0862539
-4.3428955 -0.1021947
-4.9712434 -0.0480830
-5.0307975 -0.0283921
0.0000000 0.0000000
0.0000000 0.0000000
-11.6438065 -0.1470415
-11.3945723 -0.1897722
-9.5976620 -0.2089014
-10.5118570 -0.5404468
-10.2931929 -0.7210768
-10.4273891 -0.5828288
-10.8088894 -0.8150752
-10.6263103 -1.1404709
-11.1985359 -0.8679725
-11.8483801 -0.9297341
-11.7697735 -1.4260585
-12.7177935 -1.1904111
-12.0496635 -0.8213513
-12.1629143 -1.3870882
-9.6402750 -1.2597008
-6.4441314 -0.9264528
-6.5209007 -1.4610692
-2.5692637 -0.9017855
0.5171693 -1.2642032
0.0213325 -1.4844444
3.5916302 -1.4870796
6.1264243 -1.8592751
6.5117636 -1.9348797
8.5541162 -1.8802691
11.2201605 -2.9568405
11.2281685 -2.9894767
13.3388615 -2.4106307
23.4004383 -6.7767487
24.5570831 -6.6541305
35.0878830 -9.7406502
38.3979416 -10.8240395
39.0301666 -11.2181282
28.0028820 -8.9709044
15.0304976 -4.6953115
16.2128963 -4.5841122
13.3264503 -4.2960072
11.8012018 -3.9635117
11.5423918 -3.4498966
9.9926090 -3.2491384
7.9276314 -2.6482797
7.4839401 -1.8599998
6.2231932 -2.5835605
4.0022316 -2.2296977
4.3763456 -1.4966179
1.1125600 -2.1765995
-1.2306558 -1.8355495
-1.1839904 -1.2497252
-4.2339373 -1.7008104
-7.6061172 -1.9187895
-7.8215399 -0.9560953
-9.8476086 -0.6078835
-10.0734692 -1.2996901
-10.3001719 -0.4115882
-8.9404898 -1.0480610
-7.9419394 -0.6051856
-8.1591148 -0.0197704
-7.2377348 -0.5965187
-6.6915088 -0.2927831
-6.7967157 0.1467029
-6.2022195 -0.3031245
-5.8153095 -0.1221531
-5.8777819 0.2046339
-5.4677711 -0.1252514
-5.1991372 -0.0320314
-5.2280769 0.2003290
-4.9603472 -0.0311460
-4.7959266 0.0028690
-4.8000741 0.1572875
-4.6385708 0.0098321
-4.6783743 0.0007288
-4.6650577 0.0871940
-4.3625379 0.0167314
-5.0522003 -0.0066767
-5.0414500 0.0145250
0.0000000 0.0000000
0.0000000 0.0000000
-11.0854940 -0.2410430
-10.6675482 -0.2865933
-9.1704168 -0.4418316
-10.0430546 -0.9259103
-9.6695728 -1.1161984
-9.9948606 -1.0899429
-10.4074821 -1.5068015
-10.0369434 -1.8466014
-10.8411140 -1.6788858
-11.6005335 -1.9848373
-11.2503862 -2.5284216
-12.7216387 -2.2974291
-12.1734695 -2.0310466
-12.2018995 -2.9341424
-9.7131014 -2.5013068
-6.2751474 -1.9349457
-6.8361011 -2.6478052
-2.5060282 -1.7462478
0.4713382 -1.7489864
-0.6508046 -2.3741047
3.8046794 -1.5216826
7.1492219 -2.0715184
6.9092889 -1.9060267
9.6641960 -2.5287209
12.5252514 -2.8556876
13.4488001 -2.2514348
18.2349167 -3.3630245
26.3126240 -7.2025809
36.4061890 -9.5715666
38.2244568 -8.7341862
36.6444435 -6.7316432
25.4398060 -6.2433491
21.3360081 -4.7507725
15.9706564 -5.2625036
12.9033251 -4.7425790
12.4807835 -4.3825274
10.6114359 -3.5585346
9.1009884 -3.3799779
8.5285549 -2.2988920
6.3530412 -1.7453166
5.4592104 -1.9090639
6.2703786 -1.6578289
4.2149200 -0.9058868
3.6470976 -0.2169760
0.7495082 -1.1768377
-2.2163186 -0.2786074
-1.8675678 0.6891637
-4.5897498 0.0810877
-8.0763912 0.0231640
-8.2449780 1.1311619
-10.2072172 0.7904201
-10.4115734 0.5536486
-10.5152807 1.4995443
-9.2668772 0.5834460
-8.1893463 0.6774836
-8.1795464 1.3328813
-7.3901320 0.5752119
-6.7960396 0.6408675
-6.7750645 1.1196941
-6.2635274 0.5504370
-5.8462009 0.5682131
-5.7981005 0.9169226
-5.4714050 0.4892756
-5.1822858 0.4604815
-5.1167202 0.7093814
-4.9223433 0.3937539
-4.7456145 0.3310080
-4.6679425 0.4968132
-4.5698733 0.2762257
-4.6077242 0.1854217
-4.5196462 0.2791283
-4.2733870 0.1445778
-4.9884453 0.0384816
-4.9001193 0.0613952
0.0000000 0.0000000
0.0000000 0.0000000
-10.2188730 -0.3352547
-9.6373587 -0.3765440
-8.4778128 -0.6822059
-9.2854023 -1.3222755
-8.7525120 -1.4970766
-9.2514362 -1.6014378
-9.6906729 -2.2391129
-9.1079397 -2.5679111
-10.0920019 -2.5244963
-10.9052601 -3.2147830
-10.1720247 -3.7510512
-12.0970812 -3.6917708
-12.0881176 -4.0569715
-11.5590944 -4.9558125
-10.3689709 -4.5201373
-6.7669582 -3.2656789
-7.6383233 -4.7875962
-2.8534143 -3.0598783
0.3051010 -2.8627009
-0.3016037 -4.3505020
3.6611614 -2.2686639
6.6146164 -3.0276191
6.4104452 -4.0038686
9.6244068 -2.3358736
14.3457823 -3.5897346
16.9961052 -5.4451962
26.2407856 -9.5890970
32.2877464 -11.1944799
36.2856750 -8.6546774
36.4438553 -9.4066334
33.6804581 -8.2408724
25.8568420 -6.2855854
18.4509258 -4.3107634
13.9429998 -4.5365429
13.6754446 -4.5371146
10.6107454 -3.2884059
8.6519136 -2.6909890
7.8090491 -2.3599920
7.6611118 -1.3898877
5.0345697 -1.6719170
4.4881082 -0.9189234
4.6155362 -0.3312907
2.7177010 0.3752476
1.2375475 1.1117042
0.2707154 0.6890225
-2.5500624 1.5246694
-3.1664038 2.5444379
-5.3389001 2.0842583
-8.5877533 2.2868032
-8.8776865 3.7936285
-10.8977985 3.1119175
-10.1283398 2.6441996
-10.0524931 3.4309788
-8.8710346 2.1470850
-7.9592032 2.0691190
-7.7469029 2.7145274
-7.2011104 1.7929322
-6.6083407 1.6521457
-6.4068761 2.1413076
-6.0652614 1.4482322
-5.6516891 1.3022792
-5.4648271 1.6566148
-5.2675858 1.1331677
-4.9802485 0.9807813
-4.8059802 1.2309916
-4.7142491 0.8363427
-4.5386720 0.6766226
-4.3725028 0.8439240
-4.3563523 0.5530348
-4.3955712 0.3812144
-4.2284422 0.4761266
-4.0574288 0.2754413
-4.7692404 0.0861056
-4.6002965 0.1102951
0.0000000 0.0000000
0.0000000 0.0000000
-9.0605850 -0.4168394
-8.3335524 -0.4531735
-7.5354991 -0.9164372
-8.2321243 -1.6694814
-7.5742316 -1.8167932
-8.1913643 -2.1048675
-8.5753183 -2.8957140
-7.8420444 -3.1703734
-8.8811331 -3.3577914
-9.5852957 -4.3363299
-8.6032104 -4.7775230
-10.5619192 -4.9667478
-11.2462492 -6.0942230
-10.0267954 -6.7926936
-10.9285231 -6.9580669
-7.4487095 -6.4671717
-6.8938813 -7.8807302
-4.1694016 -6.4296956
-0.7660021 -5.7802868
0.1854745 -7.0870132
3.0908489 -5.3783889
7.0036836 -5.4682999
8.8723650 -7.8966799
12.4961119 -5.7007914
16.8692169 -9.1254320
21.8351517 -11.6239586
30.6141624 -10.3098383
33.9479446 -8.3386383
31.1592140 -6.4516311
29.7690506 -5.5445542
27.8073940 -3.6360600
25.5260487 -2.4633327
15.8447638 -3.0190237
11.2820168 -1.0978673
9.7714300 1.6789082
10.0916080 0.0049146
6.7760162 -1.4674438
5.7300715 -0.6796799
6.9297810 0.3350444
4.5242686 0.1229582
3.0242856 1.4462044
2.8660355 0.9157593
0.8380778 2.1576223
-0.7599476 4.0390043
-1.2688228 3.3605194
-3.8438985 3.8342628
-4.7780437 5.3169875
-6.9706421 4.4105029
-8.7149515 5.4088469
-9.6720791 6.2650456
-10.3517237 5.1838303
-9.3565226 4.5483789
-8.5389881 5.3376198
-8.0942411 3.8327832
-7.3938909 3.4115050
-6.8256049 4.0265818
-6.6224713 3.0075064
-6.1172113 2.6300380
-5.6949987 3.0950377
-5.5861340 2.3245847
-5.2193179 2.0101237
-4.8849707 2.3528965
-4.8472872 1.7566081
-4.5889564 1.4838257
-4.3060808 1.7261020
-4.3327985 1.2651287
-4.1732469 1.0139503
-3.9199336 1.1731871
-3.9958341 0.8214193
-4.0402818 0.5734287
-3.7960613 0.6640912
-3.7134721 0.4011610
-4.3904924 0.1348355
-4.1432490 0.1587937
0.0000000 0.0000000
0.0000000 0.0000000
-7.6435280 -0.4812765
-6.8107209 -0.5081339
-6.3715367 -1.1149390
-6.9309006 -1.9457816
-6.1854939 -2.0499647
-6.8678918 -2.5062804
-7.1515317 -3.3959630
-6.3376136 -3.5828862
-7.3245850 -4.0242734
-7.7316694 -5.0804434
-6.7213292 -5.3562603
-8.2518873 -5.9193673
-9.0609875 -7.4832935
-7.3238249 -7.7624292
-9.5176487 -8.8186617
-8.4908810 -9.9820995
-6.3484735 -10.5713453
-4.3823028 -10.2435417
-2.1421068 -10.0802002
-0.0238024 -11.6519833
2.4337773 -10.5895452
9.5129824 -10.1876898
10.4346752 -12.2290163
16.3386726 -11.9611244
19.0495453 -11.8856325
21.9631424 -10.9265270
25.2553501 -8.9597826
25.2561150 -8.5726509
22.3758602 -3.6294827
26.7538013 -5.6790853
23.2924423 1.2748250
16.9665070 6.8697371
13.5086679 -0.4589198
10.3847980 4.7359209
13.1009483 6.6897154
11.9566002 3.7394354
6.1643529 1.8016191
4.7378225 5.4802132
4.8984184 3.8872659
2.9495804 3.9148591
2.1136496 5.6022081
-0.1784484 4.7442493
-1.0366777 5.8185024
-2.6700900 7.3158627
-2.1215129 6.2947083
-4.7664809 6.9898567
-6.4789586 9.9882517
-8.5118027 7.8645120
-9.2927666 8.2351322
-8.4655609 8.9619989
-8.6330519 7.0156846
-7.7914548 5.9882050
-6.7449398 6.6675887
-6.8594952 5.2728786
-6.3712268 4.5267034
-5.6021810 5.0922427
-5.7037082 4.0436540
-5.3214426 3.4777291
-4.7427545 3.9016616
-4.8537288 3.0908418
-4.5629520 2.6407094
-4.1015787 2.9533658
-4.2310514 2.3132327
-4.0188036 1.9357255
-3.6359499 2.1579180
-3.7897561 1.6484654
-3.6589184 1.3160329
-3.3283956 1.4641308
-3.4980209 1.0621874
-3.5507355 0.7479843
-3.2378323 0.8288864
-3.2499578 0.5111967
-3.8599699 0.1774503
-3.5421960 0.1958562
0.0000000 0.0000000
0.0000000 0.0000000
-6.0340428 -0.5208352
-5.1405082 -0.5390792
-5.0460382 -1.2666757
-5.4446788 -2.1216805
-4.6640854 -2.1840785
-5.3644710 -2.7904694
-5.5323195 -3.7041895
-4.7062674 -3.8111823
-5.5881529 -4.4274359
-5.7802472 -5.5011668
-4.8816066 -5.6497240
-5.8066297 -6.3178711
-6.1482716 -7.7989812
-5.0656853 -7.8723054
-6.0467405 -9.0771389
-5.8384032 -10.8163776
-4.9375992 -10.4448566
-3.8859408 -12.5443716
0.3678329 -12.1107225
-1.1710591 -12.4250822
3.0062752 -13.1076832
8.7295799 -12.2138443
5.7500496 -12.2712212
13.8864565 -10.3367004
18.0648918 -7.6798563
13.4320745 -6.6429553
18.3570118 -2.4822614
17.7535877 2.8578904
17.8581982 -1.2265921
16.0432186 7.6848540
14.8556919 7.0417967
16.4594078 2.0660284
14.2952852 3.5414813
15.6224728 2.6669941
10.9060469 9.7560167
11.1416540 4.7613015
3.5663006 8.8068218
4.8799715 14.4123650
3.5335765 8.8798485
1.5029560 8.9932728
1.7733896 12.7089138
-2.3766034 11.5802069
-4.1971602 10.6419439
-2.7236464 12.5645905
-3.6850708 11.1461191
-6.4618745 12.7049026
-5.5486159 12.8088427
-7.4448571 11.2144699
-7.0698466 9.4728346
-5.2790093 9.6898537
-6.2722874 8.3278599
-5.8779659 7.0793829
-4.8280706 7.4564786
-5.3363118 6.3052840
-4.9867826 5.4403009
-4.2189345 5.8189797
-4.5520144 4.8481021
-4.2682514 4.1870623
-3.6435955 4.5233612
-3.9229016 3.7174389
-3.7138383 3.1671226
-3.1755958 3.4463253
-3.4478738 2.7803197
-3.2948778 2.3154550
-2.8294177 2.5176690
-3.1085324 1.9725635
-3.0131145 1.5737430
-2.6065729 1.6989950
-2.8803749 1.2611966
-2.9394131 0.8902721
-2.5706913 0.9581541
-2.6698475 0.6121979
-3.2140245 0.1899036
-2.8283513 0.2110418
0.0000000 0.0000000
0.0000000 0.0000000
-4.3010578 -0.5392804
-3.3819416 -0.5561803
-3.6307919 -1.3607183
-3.8553395 -2.1987987
-3.1011167 -2.2418616
-3.7746248 -2.9379940
-3.8272128 -3.8192589
-3.1197155 -3.8565440
-3.7666612 -4.6186585
-3.7539780 -5.5790362
-3.1469536 -5.5663853
-3.5609617 -6.4545875
-3.3752880 -7.5304246
-3.0603793 -7.2829690
-2.9006937 -8.6005373
-2.3766608 -9.7062683
-2.4710591 -8.8968201
-1.3336273 -10.8471231
0.5760009 -11.7466383
-0.4374215 -9.9123144
3.5587831 -11.0195713
6.4117002 -9.6082792
4.0282884 -9.0003424
8.7377806 -7.0033507
10.0910854 -6.4447579
7.9519854 -1.8965313
11.3338966 -5.6295567
13.0423784 -2.6471033
9.4319563 4.7301154
13.1658392 1.3157358
12.2742310 5.7402792
9.2366314 9.4247770
10.4391890 9.8871183
7.1119928 13.1415386
6.3521533 12.2739887
5.4357185 13.1929750
5.3750210 12.7646780
3.5200367 14.5403185
2.1080596 15.1853743
0.2485665 15.2634811
0.2568582 15.9053535
-1.8262366 15.4896202
-3.6960170 15.2302809
-2.1434233 14.2104015
-4.4381576 13.7142839
-4.3445973 11.7381191
-2.7029896 11.7414656
-4.2558403 10.9241505
-4.3280587 9.5919161
-3.0209315 9.7786531
-4.1630588 8.6988087
-4.0172982 7.6819453
-2.9464765 7.9106526
-3.7515810 6.9116278
-3.5421374 6.0801868
-2.7035830 6.2919078
-3.2821252 5.4263616
-3.0841308 4.7386637
-2.4115996 4.9372716
-2.8652527 4.1894102
-2.7065697 3.6048460
-2.1441483 3.7896626
-2.5365462 3.1384573
-2.4270024 2.6210554
-1.9318225 2.7874658
-2.3005385 2.2233377
-2.2545006 1.7503154
-1.7981826 1.8887441
-2.1654782 1.3975911
-2.2286952 1.0022432
-1.8269739 1.0861564
-2.0213678 0.6606051
-2.4151974 0.2692440
-2.0981038 0.3886774
0.0000000 0.0000000
0.0000000 0.0000000
-2.4932449 -0.5562803
-1.4925797 -0.6148944
-2.1529753 -1.4872811
-2.2234242 -2.3110960
-1.3809592 -2.5340958
-2.1876543 -3.1326990
-2.1630726 -3.9153397
-1.4059694 -4.2383795
-2.0984304 -4.7363987
-1.9998828 -5.5041795
-1.4051534 -5.6979427
-1.8502395 -6.3210530
-1.6298083 -7.0638785
-1.2801682 -6.7539425
-1.3052102 -7.9017010
-0.8468959 -8.5552645
-0.8564730 -7.3538890
-0.2731583 -8.9819508
0.5396028 -9.2057657
0.1086628 -7.5956006
1.5238875 -9.0111675
2.9070323 -8.3836699
1.6054455 -6.6380372
4.5548825 -6.6992269
5.1837177 -4.7780204
3.0238822 -3.9065740
6.6329765 -1.8542585
6.8462687 0.2192311
3.6993890 0.7322035
6.9716086 2.9851925
6.6085758 6.2134948
3.5563917 5.2884293
6.0466743 8.3642902
5.1765375 11.0234003
2.5244915 9.0998497
3.8807328 12.3735456
2.6669002 13.7800541
1.2714220 11.3402910
1.3457372 14.2208948
0.4842260 14.1342726
0.0191392 12.0700083
-0.3289247 13.9297438
-1.0039934 13.3315849
-1.0361742 11.8889217
-1.7557214 12.6444578
-2.1005499 11.5565052
-1.4320108 11.4448576
-2.2034497 10.8056374
-2.3402073 9.8012304
-1.5021100 10.6469355
-2.3209610 9.0425053
-2.3032784 8.1870308
-1.3903542 9.4343185
-2.2026639 7.4796753
-2.1098022 6.7364435
-1.2216164 7.9740448
-1.9787363 6.0849223
-1.8698477 5.4311018
-1.0543662 6.4828000
-1.7457557 4.8323479
-1.6495908 4.2460270
-0.9153296 5.0689425
-1.5482391 3.6958609
-1.4776539 3.1594579
-0.8146951 3.7594526
-1.4034219 2.6532421
-1.3869704 2.1439073
-0.7649176 2.5327291
-1.3481088 1.6904675
-1.5021944 1.1770474
-0.7946889 1.3973145
-1.4204013 0.7198378
-1.6442440 0.4612409
-0.6546065 0.4407098
0.0000000 0.0000000
0.0000000 0.0000000
-0.5037656 -0.6079926
0.0000000 0.0000000
-0.4836650 -1.3908075
-0.4768189 -2.2688158
0.0000000 0.0000000
-0.4790870 -3.0616431
-0.4982254 -3.9084485
0.0000000 0.0000000
-0.5033464 -4.7647800
-0.5065986 -5.6138258
0.0000000 0.0000000
-0.4824342 -6.4810119
-0.4392343 -7.2570534
0.0000000 0.0000000
-0.3613068 -8.0355711
-0.1778883 -8.5825872
0.0000000 0.0000000
0.0141558 -8.9157305
0.2680148 -8.9263496
0.0000000 0.0000000
0.4960489 -8.3574343
0.7663581 -7.5500946
0.0000000 0.0000000
1.1731089 -6.1177740
1.2509222 -4.3518171
0.0000000 0.0000000
1.6496313 -1.9481981
1.4433676 0.4009677
0.0000000 0.0000000
1.5857950 2.9690714
1.5681351 5.5675211
0.0000000 0.0000000
1.4741889 7.5162201
1.3218306 9.9754877
0.0000000 0.0000000
1.0762957 11.4430676
0.8123499 13.0265512
0.0000000 0.0000000
0.4646222 13.9207230
0.2049052 14.4025803
0.0000000 0.0000000
-0.0354068 14.4802446
-0.2510653 14.1155262
0.0000000 0.0000000
-0.5491641 13.5842285
-0.6656450 12.5773077
0.0000000 0.0000000
-0.6729336 11.6463146
-0.6869316 10.5025492
0.0000000 0.0000000
-0.6399195 9.4927931
-0.6042880 8.4604893
0.0000000 0.0000000
-0.5495443 7.5474210
-0.5035236 6.6644869
0.0000000 0.0000000
-0.4549843 5.8908052
-0.4121719 5.1496496
0.0000000 0.0000000
-0.3758574 4.5035048
-0.3419961 3.8783066
0.0000000 0.0000000
-0.3172100 3.3334932
-0.2924755 2.7913580
0.0000000 0.0000000
-0.2746620 2.3185859
-0.2627455 1.8070459
0.0000000 0.0000000
-0.2107511 1.4169276
-0.4418099 0.6461420
0.0000000 0.0000000
0.0726720 0.6422839
-1.7485627 -1.4230962
0.0000000 0.0000000
0.0000000 0.0000000
-12.69428
-11.90699
-10.38135
-11.78767
-14.73672
-17.97378
-21.8691
-26.93022
-34.78582
-48.69506
-77.62949
-142.0819
-229.9196
-6.239487
-56.44967
-1.164532
12.35156
17.9473
20.10409
20.79847
20.83262
20.61454
20.39019
20.21435
20.00132
19.88058
-12.66067
-12.21271
-11.19207
-12.53271
-15.26217
-18.17658
-21.83143
-26.63892
-33.73592
-45.54511
-69.29175
-143.1106
-193.6512
-2.857522
-51.60918
-0.8801531
12.73198
18.25823
20.21647
20.76095
20.72679
20.4832
20.22176
20.04422
19.80684
19.71278
-13.80745
-13.50702
-13.37601
-14.69827
-16.63252
-19.04498
-22.22926
-26.1118
-31.01176
-37.43554
-44.84166
-53.37405
-85.71411
14.89899
-6.815742
10.49186
17.42115
19.7186
20.58559
20.64899
20.38593
20.03874
19.69841
19.46491
19.24826
19.18821
-15.49445
-15.31945
-16.06292
-17.09052
-18.69883
-20.76266
-23.2886
-25.91966
-28.2112
-29.47358
-29.96537
-38.05117
4.622533
66.64249
-21.24527
5.126868
18.52862
20.84377
20.85218
20.36235
19.78818
19.27509
18.85317
18.5595
18.38122
18.33585
-17.80224
-17.77794
-19.17752
-20.07034
-21.60782
-23.4462
-25.38823
-26.86014
-26.70647
-23.04024
-13.88713
11.05717
35.93083
93.55738
37.57515
27.35545
23.99286
22.40098
20.98855
19.81355
18.88214
18.1738
17.6649
17.31803
17.16218
17.13056
-20.88777
-21.06136
-22.86038
-23.87647
-25.5015
-27.38316
-29.16552
-30.18967
-28.79644
-22.17597
-7.763694
19.58277
2.119127
30.11437
28.47644
28.02118
25.4113
22.81949
20.58104
18.8488
17.58499
16.68892
16.09503
15.70881
15.56188
15.54297
-24.86049
-25.25584
-27.23741
-28.64505
-30.61658
-32.92008
-35.33611
-37.53573
-37.59668
-31.69673
-18.29537
2.875144
8.136372
37.94405
30.9852
29.6045
25.85413
22.39851
19.53589
17.33816
15.79178
14.7461
14.09105
13.68918
13.55297
13.54551
-29.69688
-30.29101
-32.37071
-34.38729
-37.07893
-40.46321
-44.88124
-50.22428
-52.76691
-48.08276
-37.67378
-26.12012
-25.25634
-4.020755
18.95239
28.47223
25.44377
21.13271
17.65412
15.08552
13.35298
12.24518
11.58909
11.21473
11.10724
11.11266
-35.19162
-35.93616
-38.16075
-40.94848
-44.71837
-49.87975
-57.34005
-65.24314
-68.21524
-64.80639
-55.14191
-46.8145
-48.04505
14.37073
41.91323
34.02785
25.04442
18.6385
14.52571
11.80398
10.0881
9.075781
8.52708
8.248962
8.204269
8.228391
-40.99212
-41.85619
-44.31635
-47.96148
-53.03132
-60.23985
-70.69147
-79.05465
-81.10875
-76.55362
-67.18315
-53.2194
-21.0767
35.19737
46.2048
32.0826
20.67476
13.52603
9.518308
7.150277
5.818984
5.149544
4.865899
4.78015
4.844048
4.898513
-46.60539
-47.59514
-50.36105
-54.88712
-61.34548
-70.44931
-82.92054
-90.7074
-91.7634
-86.32888
-75.73177
-59.85695
-43.24159
17.26538
18.72721
16.29061
9.633314
4.67208
2.152449
0.8899271
0.4515032
0.4442066
0.6202555
0.8396107
1.065411
1.166588
-51.43478
-52.55879
-55.67475
-61.03906
-68.83299
-79.62805
-93.04833
-99.75365
-100.8682
-96.46894
-86.85179
-70.48475
-43.66295
-3.074649
-3.792347
-6.157342
-7.433241
-8.009681
-7.664486
-6.962439
-5.945204
-4.953659
-4.115275
-3.475791
-3.036063
-2.870294
-54.84086
-56.11166
-59.56872
-65.72168
-74.85567
-87.16915
-99.7613
-105.1574
-106.1319
-103.5308
-100.3047
-89.17742
-61.14759
-40.8273
-39.55314
-36.50263
-30.45011
-23.94731
-19.7241
-16.10341
-13.10388
-10.82078
-9.147149
-7.991869
-7.290742
-7.042299
-55.96961
-57.50858
-61.37631
-68.3331
-78.72404
-92.50144
-103.7097
-107.6681
-107.9951
-105.6945
-104.0782
-111.0299
-78.21487
-73.67162
-72.64916
-68.98063
-58.36829
-42.47712
-33.19195
-25.8842
-20.55859
-16.79476
-14.17721
-12.45031
-11.46049
-11.1049
-54.1452
-55.8034
-60.29897
-68.32375
-80.37794
-95.72224
-105.7963
-108.7474
-109.6706
-108.5598
-105.0486
-102.2161
-120.7814
-106.5988
-102.7274
-97.53199
-84.92472
-62.58065
-46.72709
-35.37754
-27.67695
-22.39538
-18.81494
-16.51229
-15.24252
-14.77773
-48.80519
-50.35956
-55.84747
-65.34602
-79.68384
-96.98624
-107.1646
-109.8722
-109.7712
-110.7441
-114.1522
-127.4125
-120.8775
-121.1839
-121.1895
-117.7272
-106.0718
-80.78232
-58.35286
-43.5046
-33.70381
-27.07438
-22.63256
-19.80647
-18.26796
-17.73647
-39.95506
-41.58169
-47.72374
-58.73237
-76.10579
-97.61745
-109.3526
-112.7648
-110.4362
-105.2906
-100.6566
-119.2608
-133
-133.6025
-134.8708
-131.6
-121.0023
-94.54493
-66.66662
-49.3417
-37.95467
-30.30739
-25.22837
-22.00398
-20.21484
-19.67732
-27.63824
-29.27145
-35.60308
-47.41632
-67.89883
-96.86465
-111.5634
-117.5254
-116.8376
-111.4449
-116.5742
-109.0343
-127.263
-136.3089
-141.938
-141.1174
-130.0871
-102.6661
-70.83319
-51.98934
-39.8154
-31.71976
-26.36101
-22.96544
-21.0713
-20.52905
-12.30033
-13.76144
-19.60185
-31.00391
-51.99889
-89.20555
-111.8548
-120.2478
-123.3777
-134.6496
-135.9487
-156.8273
-147.7127
-144.3968
-145.7105
-145.1225
-132.9176
-103.3447
-70.21988
-51.59962
-39.33754
-31.28345
-26.00071
-22.67006
-20.8159
-20.29413
5.041934
3.900704
-0.757192
-9.883256
-27.14324
-64.99159
-104.7275
-116.8392
-112.068
-99.08005
-105.1815
-148.7762
-147.6348
-152.5994
-151.0733
-145.8856
-129.4594
-94.63459
-65.44211
-47.7835
-36.47859
-29.09812
-24.27476
-21.23779
-19.55144
-19.08228
23.03057
22.31839
19.25918
13.27569
2.726575
-20.38024
-67.03767
-90.47184
-84.71419
-31.58944
-43.45536
-114.7992
-142.7848
-149.1922
-149.6053
-141.2028
-117.3375
-79.68952
-55.62382
-41.13535
-31.78622
-25.60476
-21.52758
-18.95199
-17.51915
-17.13942
40.03105
39.75383
38.38136
35.71541
30.77494
21.86944
2.742584
-0.9541056
14.45346
23.78702
33.46822
-41.57729
-127.2884
-150.3716
-138.1478
-122.9065
-91.73368
-60.92331
-44.15279
-33.41778
-26.2537
-21.44456
-18.24415
-16.20902
-15.06151
-14.79498
54.65146
54.73664
54.82525
55.01054
55.89861
58.75622
67.98602
90.00838
124.6209
120.3805
83.93276
36.08352
-37.71502
-83.08666
-92.9778
-79.73432
-57.2921
-43.68367
-33.48868
-26.13501
-20.95629
-17.36309
-14.93235
-13.42921
-12.57786
-12.133
65.78439
66.13937
67.24347
69.61591
74.32682
82.84092
98.22343
122.0383
152.9864
158.11
135.8544
97.96317
39.61001
-7.026013
-34.60176
-43.76113
-38.30387
-31.09457
-25.04499
-20.22864
-16.60698
-13.97572
-12.14938
-11.00326
-10.53088
-10.33138
72.63845
73.16259
74.94144
78.2635
84.03233
93.50379
110.2937
134.5756
157.7789
167.4701
152.5838
119.7647
74.09631
27.96131
-7.039218
-24.62286
-26.43535
-23.4014
-19.64998
-16.32219
-13.68333
-11.68695
-10.23404
-9.207694
-8.728464
-8.871488
74.05845
74.58477
76.50273
80.14862
86.38213
96.5187
112.8967
136.1586
158.0335
168.0958
155.555
124.4067
80.10431
35.29747
0.5747248
-17.47354
-22.81556
-21.60744
-18.74968
-15.86769
-13.41946
-11.49861
-10.07998
-9.111822
-8.069312
0
