0.0000000 0.0000000
0.0000000 0.0000000
0.0000000 0.0000000
0.0000000 0.0000000
0.0000000 0.0000000
0.0000000 0.0000000
0.0000000 0.0000000
0.0000000 0.0000000
0.0000000 0.0000000
0.0000000 0.0000000
0.0000000 0.0000000
0.0000000 0.0000000
0.0000000 0.0000000
0.0000000 0.0000000
0.0000000 0.0000000
0.0000000 0.0000000
0.0000000 0.0000000
0.0000000 0.0000000
0.0000000 0.0000000
0.0000000 0.0000000
0.0000000 0.0000000
0.0000000 0.0000000
0.0000000 0.0000000
0.0000000 0.0000000
0.0000000 0.0000000
0.0000000 0.0000000
0.0000000 0.0000000
-0.8157904 0.4633985
-1.6834028 1.5683510
-1.1074083 2.6885457
-0.7953646 3.5661128
-0.7934124 4.3676934
-0.8880502 5.2587085
-1.0304850 6.2072558
-1.3184718 7.2936344
-2.0105562 8.6653862
-3.5928555 10.6977825
-8.1790342 13.1911430
5.2192669 13.7117214
12.3684464 -12.9259472
-8.8843861 -8.8413324
-2.4665225 -7.5235920
-1.6681852 -5.0776057
-1.1470511 -3.8512132
-0.7887094 -2.9942007
-0.5790474 -2.3710895
-0.4610853 -1.8799800
-0.3906823 -1.4601316
-0.3716344 -1.0870389
-0.4584059 -0.6584157
-0.4533915 -0.2200661
0.0000000 0.0000000
0.0000000 0.0000000
-2.0838273 0.6400421
-2.7325423 1.8029227
-1.8681798 2.5356722
-1.6698751 3.4100964
-1.7168719 4.3086553
-1.8039545 5.1817827
-1.9935392 6.0224156
-2.4224191 6.8572865
-3.3952396 7.6642418
-5.4633136 7.9226003
1.2108185 7.8046236
16.6640453 8.9232883
29.0220680 -7.5445271
0.9966830 -2.8464980
-4.8157454 -5.1398807
-2.9613893 -4.1399503
-1.9541646 -3.2211893
-1.3797175 -2.6084294
-1.0552021 -2.1418107
-0.8783581 -1.7406217
-0.7770768 -1.3613642
-0.7298638 -1.0071392
-0.8577092 -0.6517315
-0.9493637 -0.2588477
0.0000000 0.0000000
0.0000000 0.0000000
-3.4734597 0.7884824
-3.4372666 1.8671229
-2.6606934 2.4900796
-2.5964344 3.4172544
-2.5854580 4.2895513
-2.6219049 5.1124992
-2.7367272 5.8405623
-3.0294623 6.3563991
-3.7299383 6.4617434
-5.5758920 5.9365788
-2.2560267 -1.1726617
20.3801441 5.4070954
37.9312706 -4.5406761
-6.8411927 -2.7690821
-7.7515650 -1.1832268
-3.8255260 -2.1595206
-2.3448412 -2.2666972
-1.7287573 -2.1419683
-1.3966624 -1.9019016
-1.2193266 -1.6148564
-1.1262463 -1.3011109
-1.0780399 -0.9664115
-1.1798608 -0.6622382
-1.4277526 -0.2896876
0.0000000 0.0000000
0.0000000 0.0000000
-4.8379040 0.8689273
-4.0056496 1.8492153
-3.5370786 2.5222356
-3.4890168 3.4389465
-3.4382999 4.3379130
-3.3866200 5.1857438
-3.3191702 5.8867707
-3.2574892 6.2991433
-3.2745004 6.1361070
-3.8208742 4.6596437
4.5461388 -3.8182964
14.2985630 3.6307180
34.4137268 -2.6922433
11.8524923 1.5895702
-4.2864237 -0.9889926
-3.0559661 -1.4312953
-2.1517949 -1.7400488
-1.8053066 -1.8309940
-1.6024914 -1.7353227
-1.4901782 -1.5262389
-1.4342296 -1.2628921
-1.4088708 -0.9503566
-1.4758290 -0.6674392
-1.8838283 -0.3076612
0.0000000 0.0000000
0.0000000 0.0000000
-6.0341344 0.8932877
-4.6090446 1.7820079
-4.4337449 2.5577242
-4.3960309 3.4719627
-4.3514881 4.4357171
-4.1940808 5.4071889
-3.9986737 6.3504438
-3.5823240 7.0102696
-2.6374996 6.8952246
-1.3974961 5.2092056
7.8674798 -3.2097900
13.7093840 0.5194266
29.6760349 -0.4317664
1.1438787 -0.0015210
-2.0385840 -1.1590720
-2.2164984 -1.3985816
-1.7989575 -1.6327170
-1.7517446 -1.7560302
-1.7363316 -1.6940038
-1.7226185 -1.5059083
-1.7186757 -1.2568561
-1.7265052 -0.9555215
-1.7727772 -0.6718799
-2.3040586 -0.3220134
0.0000000 0.0000000
0.0000000 0.0000000
-6.9902143 0.8788166
-5.3371215 1.6866914
-5.3324337 2.5455704
-5.3591766 3.4889305
-5.3589206 4.5373011
-5.3055978 5.7987189
-5.2683182 7.1192107
-3.9188945 7.6744375
-1.6103914 7.0045452
1.3257487 4.7875490
11.3955860 -1.6343365
14.2681265 0.3699358
34.8849258 2.0256534
2.2969239 -1.6203109
-1.4428619 -2.0193341
-1.8779742 -2.0979705
-1.6184493 -1.9410625
-1.7328123 -1.9091904
-1.8854989 -1.7876643
-1.9625702 -1.5632708
-2.0067344 -1.2921625
-2.0426896 -0.9822358
-2.0844970 -0.6823611
-2.6851516 -0.3352560
0.0000000 0.0000000
0.0000000 0.0000000
-7.6849160 0.8375406
-6.1678839 1.5707526
-6.2418380 2.4514949
-6.3780732 3.4223592
-6.5783210 4.5878286
-6.9931364 6.0908656
-6.1543050 7.0140672
-3.3651397 6.6761522
0.1615780 5.4217248
4.7137270 3.2947342
13.4063387 -1.7047938
16.5570660 -1.0764047
30.0951672 -4.7765422
1.7148265 -2.6347747
-0.6466694 -2.9083602
-1.8082247 -2.8676269
-1.7356434 -2.5175669
-1.8563470 -2.2523971
-2.1210740 -1.9968032
-2.2538946 -1.6878670
-2.3241134 -1.3633711
-2.3727438 -1.0258983
-2.4178443 -0.6986529
-3.0279298 -0.3472663
0.0000000 0.0000000
0.0000000 0.0000000
-8.1425066 0.7775890
-7.0088916 1.4384947
-7.1458483 2.2719691
-7.4409018 3.2177286
-7.9765129 4.4077096
-8.3505077 5.7082577
-5.8751178 5.7472029
-2.0617657 4.9237823
2.4297273 3.2604411
6.9591160 1.3442696
15.3101730 -2.4233336
17.2325954 -3.0846255
35.8285446 -1.8028905
3.1394210 -2.8627603
0.5848715 -3.6141968
-1.9418913 -3.9482915
-2.2440164 -3.3468666
-2.2028759 -2.7340333
-2.4974260 -2.2711735
-2.6253097 -1.8481321
-2.6890922 -1.4516186
-2.7273035 -1.0733334
-2.7747042 -0.7147412
-3.3333161 -0.3555842
0.0000000 0.0000000
0.0000000 0.0000000
-8.4002485 0.6966616
-7.7645202 1.2718272
-7.9852419 2.0071948
-8.4741001 2.8424473
-9.2790947 3.7915089
-8.7101526 4.5767770
-5.1455169 4.2118597
-0.4189046 3.0422678
3.9584012 1.4512446
8.3615522 0.2215611
16.9585361 -2.8594506
24.5996666 -6.4686351
36.5826035 -9.0709686
7.6769590 -3.0705175
1.5265415 -4.7656584
-2.2306793 -4.8654709
-3.1653357 -4.0551639
-2.8279402 -3.1823421
-3.0305774 -2.5296540
-3.0893414 -1.9943705
-3.1064351 -1.5254016
-3.1098897 -1.1059980
-3.1479967 -0.7199261
-3.6025708 -0.3561473
0.0000000 0.0000000
0.0000000 0.0000000
-8.5105038 0.5909505
-8.3748903 1.0681098
-8.6931343 1.6693083
-9.3701878 2.3272493
-10.1897058 2.8389955
-8.4014339 3.1768391
-4.0848560 2.6988347
0.7053716 1.6340351
5.6899815 -0.0957140
9.4597225 -1.0960267
16.8658066 -3.4382579
30.7578011 -9.3301649
18.6823769 -6.0368557
8.1767845 -5.0757074
1.8462974 -5.5742292
-2.6699004 -5.3986487
-4.2238817 -4.5179343
-3.7008824 -3.4738004
-3.6940558 -2.6984892
-3.6334305 -2.0748000
-3.5676749 -1.5500221
-3.5134537 -1.1014667
-3.5241141 -0.7023699
-3.8346803 -0.3435693
0.0000000 0.0000000
0.0000000 0.0000000
-8.5486469 0.4614118
-8.8282204 0.8058258
-9.2414770 1.2406372
-10.0522995 1.7062070
-10.7809706 1.9282281
-7.8584704 1.9645553
-3.0223179 1.3063325
1.9251831 0.4803075
6.8060150 -1.0476056
11.3341742 -2.6310940
17.8303432 -3.8583474
36.5869598 -11.9524126
12.9563971 -5.8083968
8.1571903 -5.7936530
1.8118410 -5.8670826
-3.3396115 -5.6361508
-5.3732867 -4.6709518
-4.7446351 -3.5624847
-4.4456477 -2.7273102
-4.2257648 -2.0467262
-4.0483823 -1.4938360
-3.9197016 -1.0397042
-3.8826289 -0.6500283
-4.0260339 -0.3141990
0.0000000 0.0000000
0.0000000 0.0000000
-8.5446606 0.3050455
-9.1259117 0.4977289
-9.6170559 0.7472346
-10.5531864 1.0116903
-11.1349058 0.9887657
-7.2496915 0.9511575
-1.9154465 0.4578013
3.2580423 -0.8456810
7.3808098 -1.1164063
13.0203867 -2.9941187
24.1656742 -6.7902145
38.0648880 -9.9086161
12.6259718 -5.8425989
8.0398569 -5.6061287
2.1729302 -5.4907632
-3.8544030 -5.4761667
-6.6150665 -4.2838068
-5.8668981 -3.4105861
-5.2397466 -2.5630028
-4.8227320 -1.8708068
-4.5153084 -1.3318098
-4.3006334 -0.9061950
-4.1991396 -0.5553654
-4.1767578 -0.2647232
0.0000000 0.0000000
0.0000000 0.0000000
-8.5371599 0.1405579
-9.2615786 0.1384385
-9.8069305 0.1878606
-10.8272076 0.2701357
-11.3295555 0.1712091
-6.6266751 -0.0003591
-0.9925812 -0.2489127
3.9693987 -1.7378266
8.7888365 -2.5551910
13.5400887 -2.4494512
29.1182346 -10.0980530
29.8392487 -9.7490873
13.2521000 -5.3802862
7.8471265 -4.8572493
2.4240043 -4.5142827
-3.9932575 -4.7243290
-7.7850909 -3.3164494
-6.9767885 -2.9314954
-5.9858174 -2.1581719
-5.3711495 -1.5246090
-4.9303036 -1.0511171
-4.6256218 -0.6948151
-4.4509182 -0.4152249
-4.2837191 -0.1946131
0.0000000 0.0000000
0.0000000 0.0000000
-8.4844618 -0.0449984
-9.2076225 -0.2441913
-9.7888260 -0.4066543
-10.9281321 -0.5247008
-11.3676968 -0.8986751
-6.1692662 -0.8791679
-0.3706446 -1.0912819
4.2270699 -1.5273284
10.0163631 -3.2090468
17.4198914 -4.7731185
39.3351669 -10.8150215
21.0532475 -7.8329992
11.5110865 -4.6784363
7.2046690 -3.9033706
2.0670445 -3.4343979
-3.6769636 -3.4143050
-8.8318205 -2.0234671
-7.9172854 -2.0941927
-6.6170225 -1.4776056
-5.8110938 -0.9928305
-5.2468252 -0.6514705
-4.8597383 -0.4106381
-4.6173048 -0.2348060
-4.3456440 -0.1026216
0.0000000 0.0000000
0.0000000 0.0000000
-8.2354574 -0.2370320
-8.9396420 -0.6432078
-9.5380192 -1.0419490
-10.7096329 -1.4280235
-11.2833805 -2.0411594
-5.9464188 -1.7766788
0.1481516 -2.0704901
4.7286153 -1.8490213
10.6023436 -2.8410501
24.7159100 -7.2816281
39.2172737 -10.7962904
17.2357693 -4.5380402
10.9868708 -4.0143170
6.4993587 -2.9366179
1.0643110 -2.3779042
-3.5256746 -1.5549505
-9.4971895 -0.4711287
-8.5268373 -0.8202767
-6.9968157 -0.5473316
-6.0689912 -0.3136868
-5.4210052 -0.1627685
-4.9752922 -0.0726321
-4.6891932 -0.0225817
-4.3757648 0.0014085
0.0000000 0.0000000
0.0000000 0.0000000
-7.7901502 -0.4250496
-8.4512472 -1.0333467
-9.0167627 -1.6750302
-10.1406755 -2.3569176
-11.1897326 -3.3249571
-6.1432486 -2.9288743
-0.1451743 -2.8486900
5.0255432 -2.8639686
11.6465740 -3.2681870
32.1586838 -9.0105219
34.1781502 -7.3996162
12.9326582 -4.4401779
9.0674562 -2.3248928
6.0878706 -1.5886692
0.1631222 -1.2077657
-4.7780695 -0.0543468
-10.0319147 1.0408112
-8.6295414 0.6259305
-7.0970273 0.5117006
-6.1141496 0.4464099
-5.4270048 0.3772110
-4.9529681 0.2967339
-4.6447296 0.2084379
-4.3142867 0.1118499
0.0000000 0.0000000
0.0000000 0.0000000
-7.1624246 -0.5973888
-7.7508459 -1.3877484
-8.2418890 -2.2409544
-9.1102047 -3.2658908
-10.5786104 -4.7939558
-6.7415290 -4.8554235
-0.2329307 -3.6539662
5.5692401 -4.1433039
16.1182594 -6.0511250
30.6245289 -10.6436014
36.0212212 -10.3676825
15.3868055 -2.8541219
8.8017178 -1.2339877
4.7686830 -0.4996436
-0.6611631 0.3159783
-5.4594512 1.8258544
-9.9370499 3.1858547
-8.1890812 2.0453975
-6.8618779 1.5620085
-5.9190779 1.2087288
-5.2498856 0.9221346
-4.7827659 0.6720286
-4.4746108 0.4430536
-4.1413126 0.2223011
0.0000000 0.0000000
0.0000000 0.0000000
-6.3810396 -0.7415416
-6.8704867 -1.6778650
-7.2315536 -2.7069855
-7.7820692 -3.9450407
-9.2563562 -5.6748853
-6.9223309 -6.9940925
0.1551428 -5.4217215
6.7457261 -5.7923846
20.1580238 -9.0842199
31.8202133 -4.3781247
22.0910931 -0.4072436
10.3011522 -0.4402165
8.1579351 1.1694182
2.8375065 1.1164912
-1.9430382 2.5883913
-6.7985287 4.8772130
-9.2399273 4.6906686
-7.4597383 3.2250912
-6.3198032 2.4654491
-5.4958463 1.8941687
-4.8941708 1.4253294
-4.4677706 1.0234386
-4.1804819 0.6649129
-3.8589163 0.3254281
0.0000000 0.0000000
0.0000000 0.0000000
-5.4872756 -0.8465351
-5.8639011 -1.8769803
-6.0705433 -3.0101030
-6.3270860 -4.3268189
-6.8855376 -6.1675057
-6.0206580 -8.8381987
0.2151511 -9.2267046
7.4992199 -8.6703653
21.1375904 -6.9571719
24.2486439 -7.6481018
29.4330330 -7.7316995
12.3471136 2.9419482
6.5750203 3.4108803
2.1255407 4.2357616
-3.4644551 6.0599976
-8.5140848 8.1252499
-7.6580191 5.6295748
-6.4434071 4.2269316
-5.5632038 3.2204039
-4.8934121 2.4615934
-4.3898835 1.8529947
-4.0244966 1.3299263
-3.7732501 0.8604268
-3.4749277 0.4157594
0.0000000 0.0000000
0.0000000 0.0000000
-4.5302739 -0.9087529
-4.7931786 -1.9777639
-4.8543882 -3.1340730
-4.8682218 -4.4859791
-4.8873024 -6.2243867
-4.7389522 -8.5368109
-0.9558081 -10.8166103
7.1450229 -9.9239941
15.6646595 -8.7239571
20.8537865 -0.7521152
20.0124626 -0.7523571
10.1174164 6.6120682
5.9705310 7.1358972
1.2599301 7.7732091
-4.3713756 9.7665186
-6.7745457 8.6440496
-5.8097405 6.3350353
-5.1790032 4.8852639
-4.6245937 3.7813883
-4.1491370 2.9109311
-3.7706602 2.1906905
-3.4793575 1.5775608
-3.2716744 1.0222219
-3.0044689 0.4908673
0.0000000 0.0000000
0.0000000 0.0000000
-3.5568166 -0.9295816
-3.7251272 -1.9886384
-3.6843114 -3.1020315
-3.5564704 -4.3261809
-3.3024442 -5.6792345
-2.7389348 -7.2727942
-0.7279765 -8.8308811
4.7971101 -8.1728706
10.6853657 -1.9118953
14.0936136 0.8031423
12.5286617 5.8211975
12.0309772 6.8622046
4.8582282 11.7472477
0.5135838 12.5323725
-3.3902688 11.2001047
-3.9383390 8.4069071
-4.0517240 6.6127934
-3.8734133 5.2465739
-3.5964818 4.1501579
-3.3112500 3.2350132
-3.0594583 2.4506896
-2.8540134 1.7642266
-2.6958125 1.1460742
-2.4697702 0.5474424
0.0000000 0.0000000
0.0000000 0.0000000
-2.6045420 -0.9176381
-2.6981509 -1.9312706
-2.6003358 -2.9509590
-2.3786247 -3.9826684
-1.9620229 -4.9711800
-1.1370109 -5.9090414
0.4859956 -6.4239173
2.9234734 -6.3395119
5.6289606 -4.2831492
7.2833967 -0.1080032
7.6564684 2.7999492
6.9220366 6.9407806
3.4474890 10.4193268
0.2500486 10.5895939
-1.5011154 9.3705807
-2.3208685 7.9173989
-2.6251016 6.5782223
-2.6702542 5.3913651
-2.5844007 4.3540282
-2.4442151 3.4472773
-2.2970366 2.6408916
-2.1695428 1.9080106
-2.0611832 1.2377236
-1.8732208 0.5948394
0.0000000 0.0000000
0.0000000 0.0000000
-1.6944389 -0.8848033
-1.7396489 -1.8418996
-1.6250552 -2.7674038
-1.3931888 -3.6334693
-0.9930508 -4.3430443
-0.3068737 -4.7703676
0.7671540 -4.8146100
2.0419717 -4.0776205
3.2865646 -2.4567444
4.2148466 0.4718490
4.3188105 2.8556812
3.5430479 5.5186858
2.1348302 7.4548130
0.4848526 8.2310743
-0.7210618 7.9915500
-1.3088304 7.3091369
-1.5581957 6.4100871
-1.6311730 5.4496922
-1.6179361 4.4951382
-1.5652158 3.5952270
-1.4993583 2.7657309
-1.4381788 1.9995406
-1.3884373 1.2858424
-1.2408007 0.6228971
0.0000000 0.0000000
0.0000000 0.0000000
-0.7823936 -0.9249561
-0.7708803 -1.8699865
-0.7050043 -2.6794980
-0.5808066 -3.2789521
-0.3644710 -3.6025996
0.0045517 -3.7501616
0.4954035 -3.6148205
1.0284320 -2.8456597
1.4345646 -1.4835461
1.8208247 0.5848615
1.8317559 2.4923241
1.4418137 4.4620714
0.7982327 5.9083061
0.0957506 6.5852661
-0.4230031 6.6415586
-0.6806020 6.5060301
-0.7835339 6.1263371
-0.7905262 5.5618820
-0.7605848 4.8588643
-0.7177703 4.0729852
-0.6751468 3.2505472
-0.6422534 2.4235821
-0.6345640 1.6105956
-0.6039795 0.8755214
0.0000000 0.0000000
0.0000000 0.0000000
0.0000000 0.0000000
0.0000000 0.0000000
0.0000000 0.0000000
0.0000000 0.0000000
0.0000000 0.0000000
0.0000000 0.0000000
0.0000000 0.0000000
0.0000000 0.0000000
0.0000000 0.0000000
0.0000000 0.0000000
0.0000000 0.0000000
0.0000000 0.0000000
0.0000000 0.0000000
0.0000000 0.0000000
0.0000000 0.0000000
0.0000000 0.0000000
0.0000000 0.0000000
0.0000000 0.0000000
0.0000000 0.0000000
0.0000000 0.0000000
0.0000000 0.0000000
0.0000000 0.0000000
0.0000000 0.0000000
0.0000000 0.0000000
0.0000000 0.0000000
0.0000000 0.0000000
0.0512901 -0.0464337
0.0000000 0.0000000
-0.0745269 -0.0232213
-0.3442473 0.2679879
-0.4352151 0.8274341
0.0000000 0.0000000
-1.4384482 0.8603755
-0.5067368 1.7726197
-0.4785456 2.6764328
0.0000000 0.0000000
-1.3615111 2.2295775
-0.3975135 3.4038153
-0.3557782 4.0189681
0.0000000 0.0000000
-0.9045985 3.1825223
-0.3079828 4.5515122
-0.3011481 5.0307426
0.0000000 0.0000000
-0.7766312 3.9742243
-0.3030352 5.5323024
-0.3219867 6.0397239
0.0000000 0.0000000
-0.8312842 4.8216062
-0.3393707 6.6046062
-0.3752662 7.1595011
0.0000000 0.0000000
-0.9358706 5.7245111
-0.3974842 7.8363161
-0.4693856 8.4874134
0.0000000 0.0000000
-1.1165488 6.7051954
-0.5238188 9.3893290
-0.6805556 10.2321358
0.0000000 0.0000000
-1.5157715 7.8899841
-0.8430033 11.6372433
-1.1398686 12.9884291
0.0000000 0.0000000
-2.4607613 9.7411394
-1.6873504 15.2094173
-1.8561844 18.2300777
0.0000000 0.0000000
-4.6787252 14.2680521
-1.7447622 20.7101059
-2.0911553 24.8309460
0.0000000 0.0000000
3.4137805 13.5536213
5.2031436 16.0885410
8.8036346 8.9074516
0.0000000 0.0000000
11.9560194 7.5953860
12.3709106 -10.1589289
-1.3511599 -9.0067692
0.0000000 0.0000000
5.3978243 -2.9716637
0.9823889 -12.3273487
0.6171970 -13.4772654
0.0000000 0.0000000
-9.1673698 -10.1539345
-0.3798763 -9.1115456
-0.4242980 -6.9679408
0.0000000 0.0000000
-1.9453636 -5.8940659
-0.6945072 -6.5510659
-0.4503290 -5.3304377
0.0000000 0.0000000
-1.3936052 -4.2526283
-0.4259257 -4.7896647
-0.3246434 -4.0832171
0.0000000 0.0000000
-0.9437488 -3.3191903
-0.2779704 -3.6432106
-0.2348278 -3.1800842
0.0000000 0.0000000
-0.6682807 -2.6490128
-0.2043528 -2.8364477
-0.1839964 -2.4994369
0.0000000 0.0000000
-0.5121222 -2.1185987
-0.1656140 -2.2164414
-0.1557665 -1.9442943
0.0000000 0.0000000
-0.4225106 -1.6680514
-0.1439065 -1.7046840
-0.1360262 -1.4632193
0.0000000 0.0000000
-0.3748344 -1.2715213
-0.1349574 -1.2444482
-0.1436395 -1.0133289
0.0000000 0.0000000
-0.4026075 -0.8941638
-0.1657391 -0.7506521
-0.1741987 -0.4754589
0.0000000 0.0000000
-0.4902614 -0.4341128
-0.1468009 -0.2249446
-0.0852104 0.0188354
0.0000000 0.0000000
-0.1430087 -0.0185486
0.0000000 0.0000000
0.0000000 0.0000000
-0.0832790 0.0312058
-0.3897061 0.1168054
-1.4702444 0.4941927
-2.0360315 1.1267208
-2.7299166 1.2295016
-2.0627182 1.8051934
-1.8188226 2.2923753
-2.2254491 2.1684020
-1.4612547 2.6955714
-1.2753437 3.1465774
-1.7287998 2.9534361
-1.2236888 3.5442383
-1.2302364 3.9859996
-1.6868994 3.8548975
-1.2667874 4.4446740
-1.3230203 4.8923936
-1.7453655 4.7389860
-1.3714312 5.3746767
-1.4680817 5.7974262
-1.8618877 5.5701680
-1.5596014 6.3285718
-1.7650636 6.7410679
-2.1321387 6.3600845
-1.9822878 7.3970790
-2.4438694 7.8020158
-2.7693701 7.0298853
-2.9355068 8.7459249
-4.1138663 9.0426254
-4.2438498 7.2469125
-5.5759611 10.4304686
-8.7768745 11.6791391
-9.6642628 7.8747897
-1.4837340 8.2909737
7.6720080 11.4609194
11.9928112 12.1196985
11.3399096 8.0283842
21.3087902 10.7216654
23.5752335 8.1758289
25.2498989 -8.9925795
16.6235886 -4.3065023
21.3500843 -4.6886606
2.7274957 -7.8914299
-9.8422403 -7.5893722
-9.4795523 -6.7724953
-3.4573276 -6.4936810
-2.6117361 -5.5279174
-3.8009140 -4.8802962
-2.3079436 -4.8610873
-1.7669941 -3.8735185
-2.3832152 -3.4732282
-1.5007162 -3.6004395
-1.2307267 -3.1003964
-1.6297779 -2.8688319
-1.0397834 -2.8026934
-0.9030754 -2.5061653
-1.1943107 -2.3842397
-0.7911801 -2.2422721
-0.7206095 -2.0204544
-0.9538077 -1.9575582
-0.6568659 -1.7927243
-0.6184390 -1.6012353
-0.8218739 -1.5663462
-0.5787328 -1.3960823
-0.5562748 -1.2165635
-0.7458666 -1.1896173
-0.5442352 -1.0353588
-0.5737292 -0.8481001
-0.7639606 -0.8407670
-0.6545966 -0.6354290
-0.7296384 -0.4363714
-0.9461386 -0.4621584
-0.6964694 -0.2249680
-0.2057659 -0.0458374
-0.3357048 -0.0685399
0.0000000 0.0000000
0.0000000 0.0000000
-0.7025679 0.1713500
-1.1365464 0.2439102
-2.7724674 0.7058660
-3.2997580 1.3532236
-3.7832189 1.4192410
-3.0496411 1.8769789
-2.5682728 2.1424453
-2.9309294 2.1072886
-2.2475049 2.4900715
-2.1390095 2.9577451
-2.6110914 2.9366181
-2.1288188 3.4074514
-2.1420386 3.8599305
-2.5940390 3.8359838
-2.1556237 4.3027430
-2.1881640 4.7198792
-2.5973625 4.6790643
-2.2213793 5.1541381
-2.3075960 5.5142837
-2.6575878 5.4460883
-2.3827872 5.9560928
-2.5778987 6.2153606
-2.8179765 6.0585141
-2.7481318 6.6618791
-3.1565068 6.7421584
-3.2212811 6.4383655
-3.5103097 7.1094141
-4.1467423 7.0509491
-4.0967870 6.5508351
-4.1705003 7.3067412
-9.2067842 7.5768094
-8.6270609 7.5423369
-8.9434290 6.4201946
7.0288553 6.8175163
12.9056816 1.6911726
17.6056519 8.9023571
20.9986343 5.8619156
32.5173073 4.5416040
36.6976471 -5.7341366
29.2389793 0.0496637
35.3639717 3.8215778
-5.9835267 -2.6454813
-10.7068081 -5.0260506
-8.6732178 -1.3402052
-5.2659478 -3.8207321
-4.3666205 -4.0531330
-6.1928158 -3.0713542
-3.0102885 -3.2694454
-2.5248396 -3.0451400
-3.0640297 -2.7025447
-2.0562069 -2.7342641
-1.7750512 -2.5907128
-2.0135856 -2.3713069
-1.5223234 -2.3575728
-1.3622903 -2.2232144
-1.5456325 -2.0977261
-1.2131658 -2.0092330
-1.1264507 -1.8682653
-1.2962011 -1.8005606
-1.0430371 -1.6691247
-0.9967638 -1.5188936
-1.1654409 -1.4851760
-0.9503014 -1.3243750
-0.9281096 -1.1669505
-1.0974849 -1.1496733
-0.9060606 -0.9832065
-0.9325644 -0.8226476
-1.0979928 -0.8165313
-1.0161566 -0.6506938
-1.1312295 -0.4808003
-1.3160439 -0.4925146
-1.1786333 -0.2759819
-0.4739918 -0.0844720
-0.6358245 -0.0966870
0.0000000 0.0000000
0.0000000 0.0000000
-1.6211979 0.2959810
-2.1870182 0.3465740
-4.1481857 0.8296241
-4.2349763 1.4656719
-4.5941353 1.4813788
-3.7144320 1.8775828
-3.2580459 2.1008065
-3.6617002 2.0975502
-3.0819986 2.4891446
-3.0564899 2.9742382
-3.5155332 2.9701955
-3.0402973 3.4128077
-3.0148847 3.8642452
-3.4815483 3.8575122
-3.0115526 4.2848601
-3.0002043 4.7157426
-3.4442971 4.7230363
-3.0090129 5.1122627
-3.0129831 5.4788790
-3.3862715 5.4878249
-3.0245442 5.8144875
-3.0863760 6.0432992
-3.2898343 6.0323353
-3.1186070 6.2643552
-3.3478780 6.2109632
-3.2089663 6.0640497
-3.5438232 6.2520804
-4.2287545 5.6606393
-3.5621831 5.1255946
-5.1238184 5.3917284
-9.4968691 5.5934749
-7.2603278 3.4583263
1.1215515 -4.4799376
9.5720015 0.7706422
8.8011026 0.3156043
14.2758703 3.2042150
18.6615124 4.5834575
20.6305962 1.6913780
36.6543312 -0.5011134
36.4444084 5.5341334
28.9596386 7.5791621
0.9819261 -0.1407181
-6.5098419 2.0039115
-1.2076499 5.4926934
-6.8372622 -0.3369052
-5.3526788 -1.0127376
-3.1778457 0.3447206
-3.6320753 -1.4318606
-2.9515455 -1.8856244
-2.3827236 -1.3494986
-2.3060787 -1.8981560
-2.0377412 -2.0310354
-1.9044404 -1.8085965
-1.7856231 -1.9431481
-1.6488489 -1.9413933
-1.6825246 -1.8347460
-1.5067754 -1.7973944
-1.4356235 -1.7251557
-1.5357856 -1.6711144
-1.3597056 -1.5602856
-1.3224344 -1.4474109
-1.4556901 -1.4202138
-1.2834086 -1.2762682
-1.2671818 -1.1360877
-1.4177749 -1.1242208
-1.2477641 -0.9562778
-1.2630247 -0.8082746
-1.4183593 -0.8031110
-1.3274325 -0.6627159
-1.4742151 -0.5000918
-1.6410930 -0.5028832
-1.6454414 -0.3001296
-0.8169478 -0.1048882
-1.0005912 -0.1116054
0.0000000 0.0000000
0.0000000 0.0000000
-2.7767484 0.3832566
-3.4225986 0.4107516
-5.4264379 0.8865892
-4.9481354 1.4756663
-5.2462683 1.4535925
-4.3054876 1.8232864
-4.0323744 2.1039531
-4.4702797 2.1052067
-3.9687784 2.5308726
-3.9554121 3.0021088
-4.4235415 2.9996493
-3.9385698 3.4357491
-3.8982990 3.9211633
-4.4076099 3.9242058
-3.8978858 4.3457832
-3.8239546 4.8399611
-4.3519235 4.8609643
-3.8088562 5.2153745
-3.6718452 5.6813407
-4.2214694 5.7857180
-3.6228843 5.9936123
-3.4669688 6.3318658
-3.8532474 6.6651525
-3.2597566 6.5413728
-3.0913427 6.5124335
-3.1506221 7.0724807
-2.7978942 6.3827209
-2.5400522 5.9189129
-2.0519125 6.2397127
-1.9270774 4.4623175
-3.6723208 4.3198867
-2.5567851 4.9682717
5.9891000 -3.8885951
9.4917717 0.0080561
10.8675203 1.2005228
13.8467598 1.6210362
18.6580181 2.3934538
23.2109470 -1.0283428
37.3937645 -2.6186705
29.7857761 2.5457201
31.0591888 0.8441210
-0.8992096 -0.3386866
-0.9239963 3.4270899
-1.1729921 0.0962953
-3.0313666 -0.6973743
-3.1082935 -0.3061185
-2.3614717 -0.5969080
-2.6542618 -1.2179650
-2.3556182 -1.3594240
-1.9608960 -1.3260077
-2.0155158 -1.5807499
-1.9082422 -1.7340198
-1.7227159 -1.6771364
-1.8088492 -1.7449145
-1.7579529 -1.7811530
-1.7358902 -1.7512071
-1.6867377 -1.6910427
-1.6579102 -1.6418092
-1.7246976 -1.6268549
-1.6181109 -1.5043430
-1.6029607 -1.4052509
-1.7163883 -1.3966570
-1.5840409 -1.2539825
-1.5784117 -1.1191313
-1.7184706 -1.1151358
-1.5729084 -0.9504350
-1.5823681 -0.8013024
-1.7343141 -0.7989039
-1.6260140 -0.6687448
-1.7869320 -0.5039057
-1.9446553 -0.5028484
-2.0826914 -0.3154803
-1.2019742 -0.1169473
-1.4001590 -0.1212279
0.0000000 0.0000000
0.0000000 0.0000000
-4.0625768 0.4276851
-4.7313209 0.4339161
-6.5009451 0.8921700
-5.5510049 1.4154111
-5.8433890 1.3675953
-4.9702058 1.7360234
-4.8789911 2.1102200
-5.3301687 2.0940530
-4.8712921 2.5493939
-4.8611236 3.0202889
-5.3550735 3.0005982
-4.8691196 3.4680452
-4.8528819 3.9904559
-5.4044209 3.9857781
-4.8602471 4.4437561
-4.7387452 5.0388041
-5.4366488 5.0724530
-4.7843561 5.4732246
-4.5661373 6.2089195
-5.4244819 6.4463072
-4.5090389 6.6892490
-4.2476015 7.2402062
-4.6614752 7.6476884
-3.6196024 7.5897074
-2.8756638 7.5298190
-2.7816126 7.4815116
-1.8667856 7.1350999
-0.7269045 6.3864698
-0.2789544 5.9713688
0.4288903 4.9381623
-0.3902951 4.7863774
0.7922273 3.8910389
9.8970547 -2.2989149
10.6661377 0.6679192
12.7417631 1.3796226
13.0863171 0.3694901
19.3621101 -0.5056269
20.4330101 -1.9664958
32.1193542 2.7746470
30.0050621 1.2110869
31.1316509 -2.8640676
1.3454233 -1.7686149
0.5719947 0.4108625
0.1240324 -0.9436089
-1.9155337 -1.4556099
-2.1242633 -1.0922112
-1.8962318 -1.3622873
-2.0519626 -1.6156266
-1.9103607 -1.5847621
-1.7972616 -1.8231261
-1.7239908 -1.7276903
-1.7310207 -1.7895305
-1.6406814 -1.9117155
-1.7726276 -1.8022588
-1.8158380 -1.8022180
-1.8144251 -1.8641105
-1.8338124 -1.7227254
-1.8517739 -1.6527032
-1.9247750 -1.6846590
-1.8582548 -1.5246221
-1.8672670 -1.4106817
-1.9821533 -1.4258102
-1.8735919 -1.2695386
-1.8789961 -1.1226928
-2.0194478 -1.1292124
-1.8910612 -0.9663999
-1.8997012 -0.8038118
-2.0545108 -0.8057688
-1.9313154 -0.6769348
-2.0877090 -0.5028054
-2.2429712 -0.5008026
-2.4829743 -0.3291275
-1.6146337 -0.1255094
-1.8241028 -0.1285697
0.0000000 0.0000000
0.0000000 0.0000000
-5.3733339 0.4323040
-6.0195799 0.4214705
-7.3265567 0.8633590
-6.1421900 1.3073541
-6.4576464 1.2399796
-5.7486658 1.6265692
-5.7516026 2.0734615
-6.2004304 2.0247719
-5.7814384 2.4996495
-5.8046169 2.9889247
-6.3120346 2.9322340
-5.8625679 3.4500022
-5.8779049 4.0213690
-6.4885960 3.9807060
-5.9576211 4.5285826
-5.9560614 5.2864881
-6.8403878 5.3361616
-6.1400299 5.9299498
-6.0962710 6.8063445
-6.7574058 6.8254662
-5.6210051 7.3669906
-4.8364940 7.5103836
-4.7316217 7.1796093
-3.4945126 7.4940443
-2.0399933 7.0781922
-1.6225970 6.1930575
-0.3428369 6.4503183
1.5505117 5.3842473
2.4145508 4.2706933
3.4186208 4.1354432
2.7116556 3.2914147
4.0337195 2.4236677
12.3270407 -1.9346762
12.7368069 0.6825952
14.2021666 0.1918060
15.5508394 -0.5377966
20.8670235 -2.4436538
24.4630547 -1.5484968
36.3458099 -7.1034875
26.0202408 -1.3340942
21.8234310 -2.8029425
2.8395460 -2.1232841
1.3200004 -1.4103335
-0.1917318 -2.5585248
-0.7976242 -2.7821100
-1.5064551 -2.0047817
-1.6410999 -2.9910767
-1.8633524 -2.4881353
-1.8503457 -2.2498422
-1.9239484 -2.7451594
-1.7101461 -2.1925886
-1.7347581 -2.1331620
-1.7580507 -2.3757205
-1.8312564 -2.0623016
-1.9406399 -1.9905463
-1.9938923 -2.1172981
-2.0314021 -1.8819687
-2.0812590 -1.7570765
-2.1880031 -1.8260080
-2.1269996 -1.6194103
-2.1510646 -1.4660039
-2.2866828 -1.4992844
-2.1782916 -1.3253937
-2.1895199 -1.1493222
-2.3419697 -1.1642734
-2.2151723 -1.0028477
-2.2247779 -0.8167719
-2.3877344 -0.8218948
-2.2539604 -0.6911929
-2.3890877 -0.5014771
-2.5486240 -0.4995047
-2.8445842 -0.3420792
-2.0484598 -0.1323446
-2.2674603 -0.1346513
0.0000000 0.0000000
0.0000000 0.0000000
-6.6237383 0.4044489
-7.2151999 0.3816108
-7.9021759 0.8108339
-6.7764940 1.1662858
-7.1173735 1.0854343
-6.5878711 1.5046636
-6.6126809 1.9658852
-7.0442505 1.8733194
-6.6946521 2.3669131
-6.7663946 2.8674340
-7.2674484 2.7519696
-6.9095097 3.3261023
-7.0311794 3.9404459
-7.6706228 3.8241422
-7.2902951 4.5081463
-7.5519080 5.3715401
-8.3552942 5.2287674
-7.6638098 6.0134878
-7.2001295 6.5161180
-7.2620101 6.0472422
-5.9175911 6.6536241
-4.4818978 6.2453337
-4.0665069 5.5906453
-2.6971111 5.9106941
-0.6380913 5.2551632
0.1982445 4.0696349
1.4431330 4.2589316
3.7223086 3.0957744
4.7026968 2.2029097
5.9834900 2.2084670
5.3375640 1.5431389
6.4383454 0.9222699
14.1812153 -2.1477633
14.9194727 -0.8090295
15.8043461 -1.3749712
17.4309788 -1.3455276
23.2915993 -2.4400735
28.4403629 -3.2721889
33.4850464 -1.2562000
31.1518040 -2.6150391
25.9354458 -5.2477846
0.0193382 -3.5052216
-0.2936954 -1.7943577
2.8417866 -0.8619061
-0.6399826 -2.7735014
-1.5719744 -3.2864842
-0.6531758 -3.5659118
-2.0782320 -3.3751190
-2.2613788 -3.1840324
-2.2894890 -3.6146853
-2.0884199 -2.9155972
-2.0336320 -2.6831567
-2.1785374 -2.9709356
-2.0818610 -2.4857390
-2.2036026 -2.2952187
-2.3394208 -2.4484079
-2.3405380 -2.1329377
-2.3967130 -1.9294003
-2.5571430 -2.0103230
-2.4607406 -1.7678185
-2.4834545 -1.5548906
-2.6535070 -1.5937086
-2.5203488 -1.4087819
-2.5281882 -1.1915119
-2.7012038 -1.2073660
-2.5578866 -1.0507199
-2.5655372 -0.8353184
-2.7404382 -0.8398910
-2.5985167 -0.7086973
-2.7017379 -0.5005621
-2.8699114 -0.4977530
-3.1682284 -0.3527814
-2.4990451 -0.1379124
-2.7257469 -0.1395072
0.0000000 0.0000000
0.0000000 0.0000000
-7.7531505 0.3550943
-8.2702799 0.3251959
-8.2621622 0.7406237
-7.4500070 0.9945452
-7.7894893 0.8985022
-7.3908687 1.3556015
-7.4333305 1.7596713
-7.8278790 1.6221035
-7.5746689 2.1457384
-7.7080798 2.6102259
-8.1727629 2.4232793
-7.9660692 3.0442741
-8.2526903 3.6698618
-8.8569241 3.4495015
-8.6673317 4.1542859
-9.0218058 4.9529028
-9.4668770 4.5408545
-8.5529385 5.2793279
-7.1978321 5.2597451
-6.9392610 4.5451307
-5.4611387 5.0926085
-3.5556614 4.5358720
-2.7824607 3.5940292
-1.1247544 3.5838454
1.1492698 2.7580032
1.7963864 2.2786379
3.1185112 2.1525905
5.3892207 1.4353259
6.2604914 0.9262082
7.6717834 0.7825602
7.4257655 0.1772285
8.9283104 -0.5702822
16.2311306 -2.5044436
16.1822662 -1.9371941
17.0953312 -2.3005660
17.7968712 -3.9546103
31.1683311 -10.2924986
33.8122978 -10.3492937
33.4604874 -6.1229520
14.4559383 -2.3659763
9.8339500 -4.1320491
6.2430782 -2.0379324
3.4309640 -3.1844969
4.5001678 -3.6387036
1.1176766 -3.9678862
-0.8749944 -4.3374915
-0.4340394 -4.6297269
-2.2028100 -4.3977547
-2.7964647 -4.1403465
-3.0231776 -4.4402699
-2.7856801 -3.7335982
-2.6620946 -3.3132594
-3.0085492 -3.5417640
-2.5704315 -2.9717875
-2.6472511 -2.6409109
-2.8935933 -2.7771826
-2.7949364 -2.4076588
-2.8242910 -2.1165116
-3.0532463 -2.1797242
-2.8782132 -1.9289259
-2.8822734 -1.6475763
-3.0935016 -1.6743375
-2.9110487 -1.4942883
-2.9044456 -1.2313536
-3.1013014 -1.2382582
-2.9263396 -1.0936017
-2.9258735 -0.8499739
-3.1129644 -0.8479379
-2.9628048 -0.7210157
-3.0309079 -0.4969635
-3.2088175 -0.4911450
-3.4549932 -0.3579561
-2.9611175 -0.1415173
-3.1918895 -0.1418430
0.0000000 0.0000000
0.0000000 0.0000000
-8.7233524 0.2913695
-9.1489620 0.2566123
-8.4444075 0.6462078
-8.1091757 0.7979636
-8.4167318 0.6980771
-8.0797415 1.1730727
-8.1759615 1.4640722
-8.5068130 1.2975192
-8.3589058 1.8447442
-8.5751295 2.2038937
-8.9646807 1.9644474
-8.9477539 2.6005802
-9.3822069 3.1606026
-9.8387165 2.8229730
-9.7594728 3.3374901
-9.8109293 4.0227656
-9.9610596 3.5353446
-8.5555782 3.9053290
-6.7178607 3.8041868
-6.3898668 3.1677666
-4.6155667 3.4325693
-2.0301819 2.8732934
-1.5304189 2.0503089
0.0752093 2.4288859
2.2547026 1.8273046
2.9782891 1.0068339
4.7772956 0.7880431
6.8842683 0.1998575
7.6391754 -0.5487072
8.8958607 -0.3081276
10.0506077 -1.6095685
11.7413301 -2.6369374
17.1216469 -3.0869105
17.9633884 -2.1023390
19.4426975 -3.5712938
30.4522266 -8.7282686
36.5133705 -10.0004749
34.7925415 -7.3505688
24.4699287 -4.7316003
8.4882879 -4.7212963
8.7068367 -5.2585983
8.7668858 -4.1975913
5.1182561 -4.7942472
4.9303689 -5.6585059
2.2220550 -5.1863341
-0.4468777 -5.2162209
-0.5638168 -5.5991940
-2.4600620 -5.1715245
-3.5133986 -4.8069324
-3.8822062 -5.0361986
-3.7512469 -4.3185444
-3.5634742 -3.8103638
-4.0576515 -3.9725864
-3.3023164 -3.3582051
-3.2857342 -2.9337718
-3.6399908 -3.0053723
-3.3892961 -2.6330473
-3.3647161 -2.2531512
-3.6586013 -2.2707675
-3.3797073 -2.0497341
-3.3477926 -1.7043841
-3.5970461 -1.7005596
-3.3485467 -1.5480112
-3.3176627 -1.2460911
-3.5343623 -1.2323837
-3.3184433 -1.1105690
-3.3021183 -0.8468128
-3.4980268 -0.8317719
-3.3367813 -0.7164423
-3.3753185 -0.4853227
-3.5594881 -0.4729810
-3.7052555 -0.3528089
-3.4253442 -0.1416471
-3.6535738 -0.1397851
0.0000000 0.0000000
0.0000000 0.0000000
-9.4991379 0.2183706
-9.8188019 0.1782852
-8.5206356 0.5280136
-8.6891527 0.5912037
-8.9331169 0.4808322
-8.6154671 0.9406692
-8.7916937 1.1121541
-9.0450907 0.9213871
-8.9910402 1.4631468
-9.2936010 1.6920019
-9.5760832 1.4178334
-9.7371540 2.0246513
-10.2379780 2.4649212
-10.5698748 2.1088936
-10.5050707 2.4117277
-10.0584087 3.0380313
-10.0523491 2.5399168
-8.1299295 2.5769022
-6.0238233 2.5359633
-5.5990624 1.9374132
-3.5938954 1.9890270
-1.0617611 1.5358276
-0.5750391 0.9068350
1.2498767 1.0485148
3.7410595 0.2990808
4.3371329 -0.3528413
6.3826590 -0.8111949
8.5016212 -1.0684566
9.0793047 -1.4806806
10.5085011 -1.9344152
13.0837994 -3.3192542
14.5469885 -3.8265495
17.0815601 -3.6905134
22.2514420 -5.9633632
26.0519409 -8.0675230
35.9323425 -11.6826935
37.9326096 -10.7760649
32.0079842 -9.3169069
14.7041111 -5.8264108
9.1302929 -5.2538939
10.3477983 -5.2434502
8.4463959 -5.4931846
5.0600476 -5.7446141
5.2950492 -5.8584776
2.4439602 -5.7023792
-0.5375266 -5.7807302
-0.8487549 -5.8917251
-2.9400744 -5.5512905
-4.3845606 -5.2579246
-4.8430729 -5.3445878
-4.8300920 -4.6497874
-4.6490278 -4.1230516
-5.2373185 -4.2053676
-4.2406664 -3.5463595
-4.0909753 -3.0734732
-4.5293741 -3.0517454
-4.0926628 -2.7414129
-3.9934525 -2.2810860
-4.3342056 -2.2366242
-3.9435904 -2.0810306
-3.8627522 -1.6872221
-4.1354132 -1.6388130
-3.8171842 -1.5356008
-3.7531953 -1.2111497
-3.9790845 -1.1670852
-3.7221565 -1.0799299
-3.6838150 -0.8118317
-3.8796446 -0.7774027
-3.7033999 -0.6827251
-3.7249155 -0.4579845
-3.9073992 -0.4363474
-3.9175386 -0.3323035
-3.8773372 -0.1369282
-4.0925269 -0.1319360
0.0000000 0.0000000
0.0000000 0.0000000
-10.0530882 0.1364926
-10.2472801 0.0933528
-8.5488558 0.3861426
-9.1255465 0.3646421
-9.2818756 0.2496449
-8.9937620 0.6537523
-9.2472134 0.7175167
-9.4117403 0.5086958
-9.4553146 0.9983193
-9.8156652 1.1279454
-10.0143814 0.8263845
-10.3433046 1.3708006
-10.8301907 1.7103363
-11.0325394 1.2832187
-10.9556456 1.4677809
-10.0155134 2.0147221
-9.9165125 1.5107455
-7.5463414 1.4697236
-5.1978822 1.3391894
-4.6957345 0.8573272
-2.5634472 0.7616510
0.1324570 0.1010358
0.6753525 -0.2958003
2.5737205 -0.3489505
4.8838506 -0.7763849
5.2369671 -1.0136147
7.0760345 -1.0534382
9.8679905 -1.5722264
10.3583984 -1.9542426
12.6010265 -2.9978056
15.9920626 -3.4849553
16.4533443 -3.1938310
21.0256615 -4.5720339
29.3780289 -9.2421923
37.5989761 -12.1416740
35.0372887 -9.8526182
28.9673767 -7.6505651
21.5027790 -7.4636970
12.8104239 -5.7378783
10.3928146 -5.4228439
10.9625492 -5.2069492
8.3639669 -5.6693592
5.1365137 -5.7232361
5.3842549 -5.3722091
2.5038879 -5.6790280
-0.5843995 -5.7223558
-0.9164436 -5.5581779
-3.4399245 -5.5738158
-5.2986021 -5.3621092
-5.8286152 -5.2551103
-6.0074081 -4.5682793
-5.8644519 -4.2395067
-6.5016642 -4.1900539
-5.3229098 -3.5297937
-5.0033088 -2.9978917
-5.4958816 -2.8501894
-4.8596973 -2.6856594
-4.6733675 -2.1601002
-5.0338774 -2.0342028
-4.5348396 -1.9830261
-4.3958855 -1.5669193
-4.6696882 -1.4622304
-4.2900023 -1.4288685
-4.1870799 -1.1070468
-4.4044347 -1.0250983
-4.1158619 -0.9837657
-4.0520706 -0.7327531
-4.2341452 -0.6747493
-4.0415630 -0.6098346
-4.0608706 -0.4090574
-4.2299061 -0.3759321
-4.0892701 -0.2932042
-4.2962914 -0.1247608
-4.4876771 -0.1157148
0.0000000 0.0000000
0.0000000 0.0000000
-10.3612337 0.0421079
-10.4130869 -0.0002046
-8.5654354 0.2196138
-9.3744488 0.1318182
-9.4150991 0.0022259
-9.2192020 0.3216084
-9.5164070 0.2931282
-9.5734015 0.0678405
-9.7424784 0.4732452
-10.1482449 0.5055724
-10.2261248 0.1746853
-10.7131147 0.6382103
-11.2102060 0.8767198
-11.3651199 0.4672391
-11.2210379 0.6041555
-9.7862558 1.0266818
-9.6756020 0.5701701
-6.9084268 0.4824805
-4.2940564 0.2813074
-3.8263838 -0.1929202
-1.5464793 0.0401575
1.1564320 -0.7101251
1.4670420 -1.0716463
3.5175738 -1.5198733
5.6303768 -1.4918636
6.2652240 -1.8189229
7.9592996 -1.7050166
10.8257713 -2.4746048
10.9375820 -2.7937157
13.2748461 -2.4327672
19.2172604 -3.8088636
20.3004494 -4.0334129
30.8649998 -9.9547853
36.5005302 -12.7857571
38.0710449 -12.1637764
31.4726849 -10.1107626
18.5750237 -7.2710075
15.9973106 -6.4850850
13.3419962 -5.4632101
11.0939407 -5.2196512
10.7511196 -5.1130853
8.1019497 -5.2546916
5.2363949 -4.9514184
5.2429004 -4.4990330
2.5414839 -5.0320396
-0.4478410 -5.0182362
-0.5753832 -4.5256948
-3.7332110 -5.1360536
-6.1712093 -4.9243622
-6.6102233 -4.5685487
-7.1484184 -3.8565488
-7.1463151 -4.0161848
-7.8040862 -3.6825922
-6.4496627 -3.2439096
-5.9480562 -2.6476293
-6.4371934 -2.3685021
-5.6306095 -2.4042764
-5.3463650 -1.8602400
-5.6830845 -1.6489438
-5.1070857 -1.7225250
-4.9044070 -1.3236817
-5.1523218 -1.1586632
-4.7302318 -1.2076862
-4.5862870 -0.9205603
-4.7759905 -0.7977903
-4.4691434 -0.8115265
-4.3808503 -0.6027169
-4.5335112 -0.5190703
-4.3272438 -0.4925582
-4.3595634 -0.3345758
-4.4984417 -0.2886750
-4.2193522 -0.2332109
-4.6564341 -0.1025827
-4.8110266 -0.0894793
0.0000000 0.0000000
0.0000000 0.0000000
-10.4036436 -0.0406945
-10.3319769 -0.0786725
-8.5665684 0.0446659
-9.4096432 -0.1390406
-9.3422804 -0.2788130
-9.2743330 -0.0517536
-9.5849380 -0.1750078
-9.5347471 -0.4206070
-9.8358583 -0.1091497
-10.2591467 -0.1631684
-10.2549410 -0.5153104
-10.9221420 -0.1068563
-11.4373093 0.0327564
-11.4840536 -0.4716046
-11.3479996 -0.2865212
-9.5409575 0.0918172
-9.4210434 -0.5224730
-6.3077140 -0.4003609
-3.3551347 -0.5930877
-3.2001293 -1.0861590
-0.4735264 -0.6290710
1.9011830 -1.3086380
1.8634359 -1.4862942
3.9661658 -1.6544570
6.8345852 -2.1003141
7.2665138 -2.2804840
9.4705896 -3.0971627
11.4699278 -3.4582422
12.7761145 -3.3710108
14.9077606 -3.5739050
25.3848877 -7.4194956
30.4217587 -8.9213305
37.5177383 -9.8525410
39.7601204 -9.0840836
30.1064968 -7.4910212
24.6193409 -7.2823195
16.1233521 -6.8152184
11.9915361 -5.4284792
12.7033062 -5.4098964
10.1584425 -4.8183947
9.3878498 -4.5029902
7.6859713 -4.4215770
5.0367808 -4.0612297
4.7313433 -3.6852446
2.4735241 -3.9929948
-0.3538024 -3.8594618
-0.4775759 -3.2231133
-3.6693411 -4.1106758
-6.7176237 -4.0250864
-6.9063911 -3.4674604
-8.2193909 -2.7321579
-8.3429365 -3.2148876
-8.8753357 -2.6334753
-7.5060573 -2.5980048
-6.8194213 -1.9923482
-7.2186012 -1.5759430
-6.3164005 -1.8573872
-5.9410944 -1.3715433
-6.2164540 -1.0674752
-5.5988026 -1.2817909
-5.3349266 -0.9515057
-5.5311708 -0.7265054
-5.0950861 -0.8668129
-4.9116793 -0.6472206
-5.0530529 -0.4856784
-4.7492599 -0.5626336
-4.6401424 -0.4188277
-4.7453918 -0.3112023
-4.5392923 -0.3308430
-4.5920782 -0.2358474
-4.6803722 -0.1760186
-4.3119578 -0.1533263
-4.9315600 -0.0704379
-5.0308084 -0.0546154
0.0000000 0.0000000
0.0000000 0.0000000
-10.2064190 -0.1162101
-10.0105848 -0.1509390
-8.4190845 -0.1412505
-9.2378407 -0.4305772
-9.0594187 -0.5734957
-9.1202993 -0.4423371
-9.4465570 -0.6859348
-9.2695713 -0.9397885
-9.7173662 -0.7182984
-10.1893930 -0.9113789
-10.0108232 -1.3136593
-10.8842916 -0.9730322
-11.4498568 -1.0158441
-11.3773699 -1.5581056
-11.2864676 -1.4810284
-9.2451429 -1.1184613
-9.2162247 -1.6471195
-5.9720869 -1.3609179
-2.8952913 -1.4568937
-2.9006996 -1.8685781
0.1923068 -1.5557899
2.4869678 -1.7969720
2.6229012 -2.1227920
4.5570354 -1.5637931
7.5498185 -2.2141004
7.7314134 -2.1524005
10.0622406 -3.0451665
13.8562355 -3.3105714
14.8847303 -3.3507273
19.7336750 -4.9481921
30.5886707 -9.5449076
36.5347862 -11.8310537
39.4685059 -12.0294476
38.0679321 -11.7982264
32.8892746 -11.0861902
17.5149899 -6.7543592
12.5790215 -4.6781869
12.6188517 -4.3509092
11.2448540 -4.1952438
9.0972414 -3.8207548
8.8854704 -3.2055309
6.8585601 -3.4215004
4.4432158 -3.0963807
4.5007858 -2.4713008
1.9211453 -2.8637674
-0.6080183 -2.5797739
-0.8114493 -1.9128584
-3.5411479 -2.4959538
-7.0851321 -2.6775157
-7.3425970 -1.7309920
-9.1633673 -1.1992559
-9.2462149 -1.9198105
-9.6196966 -1.1062996
-8.2614307 -1.5561689
-7.4449301 -1.0733057
-7.6957951 -0.5695713
-6.8270330 -1.0494559
-6.3705697 -0.7021477
-6.5252471 -0.3302218
-5.9555025 -0.6725449
-5.6361241 -0.4584213
-5.7397795 -0.1866924
-5.3448863 -0.4183599
-5.1261687 -0.2947151
-5.1948504 -0.1018925
-4.9265323 -0.2485831
-4.7988772 -0.1844745
-4.8428178 -0.0570795
-4.6605096 -0.1326190
-4.7273746 -0.1074827
-4.7547584 -0.0372882
-4.3680816 -0.0545364
-5.0934792 -0.0347340
-5.1275578 -0.0164989
0.0000000 0.0000000
0.0000000 0.0000000
-9.7763739 -0.1877922
-9.4564228 -0.2201728
-8.0778570 -0.3301160
-8.8556023 -0.7252637
-8.5638313 -0.8613252
-8.7474136 -0.8388727
-9.0742083 -1.2106701
-8.7635574 -1.4545189
-9.3389196 -1.3597782
-9.7993736 -1.7287824
-9.4576130 -2.0957346
-10.5233078 -1.8735831
-11.2297716 -2.1040709
-10.9515839 -2.6984940
-11.2910547 -2.6027515
-9.1419182 -2.1582470
-9.2780437 -2.9455733
-5.8166060 -2.2269146
-2.8550260 -2.2495220
-3.2382839 -2.8199360
0.3654034 -2.2746835
2.7579775 -2.4250667
2.7371337 -2.9678192
5.0194926 -2.1465714
7.9905648 -2.8126640
8.1712780 -3.4809334
11.2017698 -2.5418878
16.1415138 -4.5765448
19.5627670 -6.4438529
31.0361443 -9.7591505
37.2637711 -9.4410458
38.7104034 -9.0209904
33.2215614 -6.6621394
26.8158894 -4.9386239
21.2640667 -3.8097222
16.5319538 -4.8772783
11.4294672 -4.5090680
9.9747877 -3.8969045
10.3545876 -3.3242066
7.9040704 -2.7152791
6.8278880 -2.2025447
6.3360701 -2.2564921
4.2675023 -1.8312745
4.4443107 -1.2142256
1.1156297 -1.8131933
-1.4988198 -1.2061392
-1.3005400 -0.6264455
-3.8340254 -0.9096252
-7.6319909 -0.7204340
-7.7856731 0.2337740
-9.7062063 0.2028620
-9.7579708 -0.1468661
-9.8223114 0.7611526
-8.6437721 -0.1286350
-7.7563682 0.0316342
-7.7921815 0.5949815
-7.0662818 -0.0210945
-6.5637250 0.0929880
-6.5897822 0.5037640
-6.1057706 0.0608722
-5.7553282 0.1203707
-5.7610989 0.4174138
-5.4352274 0.1024960
-5.1950955 0.1163691
-5.1833897 0.3260606
-4.9741583 0.1085168
-4.8338027 0.0883070
-4.8095989 0.2275835
-4.6765680 0.0904263
-4.7433982 0.0441706
-4.7093034 0.1223547
-4.3607225 0.0554425
-5.1258664 0.0032757
-5.0955853 0.0222889
0.0000000 0.0000000
0.0000000 0.0000000
-9.1196089 -0.2528991
-8.6872520 -0.2811147
-7.5433583 -0.5103704
-8.2605734 -0.9998307
-7.8661089 -1.1176478
-8.1514397 -1.2131066
-8.4603882 -1.7091546
-8.0265598 -1.9256418
-8.6942520 -1.9631571
-9.1368399 -2.5006335
-8.6029196 -2.8456752
-9.7713051 -2.8130336
-10.6219797 -3.3953571
-9.9188004 -3.9515133
-11.0821638 -4.1172347
-9.2348289 -3.8214452
-9.3287907 -4.7110376
-6.0854120 -3.6951225
-2.9610462 -3.2292325
-3.7101717 -4.1181674
0.4115718 -3.0966561
2.9216983 -3.2748871
2.9129333 -3.8520427
5.6385298 -3.4221342
8.8425684 -4.0079827
9.5857420 -4.6761107
13.8733187 -4.7722139
24.4070301 -8.3024998
24.7342339 -8.3732262
31.5092487 -9.4794512
34.3137474 -10.2804012
34.3490791 -9.9230804
33.9071999 -10.2587357
25.7985001 -7.6256242
21.6403942 -2.9434264
12.1664324 -3.5880663
10.1413450 -2.7968466
10.5988684 -1.8367987
8.3280907 -1.5612798
5.6129708 -2.0040767
5.0298386 -1.6264154
5.8822360 -1.0745697
4.1117268 -0.5807149
3.1301579 0.0667649
0.7374470 -0.6540981
-2.5998886 0.1173243
-2.5917501 1.3142331
-5.0740285 1.0216680
-8.2712793 1.0852226
-9.0232887 2.4715564
-10.2430763 1.9874030
-9.4908266 1.7172159
-9.3257790 2.3907552
-8.4269791 1.3161011
-7.6381702 1.2248017
-7.4918933 1.7804756
-6.9832158 1.0313964
-6.4826989 0.9570531
-6.3674450 1.3631204
-6.0231776 0.8276075
-5.6723213 0.7439077
-5.5681658 1.0401409
-5.3465838 0.6499338
-5.1047111 0.5565304
-5.0058684 0.7679544
-4.8771687 0.4846279
-4.7360792 0.3808022
-4.6387510 0.5221615
-4.5708084 0.3260301
-4.6411843 0.2089185
-4.5404153 0.2890643
-4.2479753 0.1680693
-5.0274010 0.0431064
-4.9287820 0.0629475
0.0000000 0.0000000
0.0000000 0.0000000
-8.2608795 -0.3065194
-7.7371378 -0.3284152
-6.8360181 -0.6691454
-7.4715152 -1.2282695
-6.9964366 -1.3170747
-7.3507066 -1.5395955
-7.6120100 -2.1306427
-7.0822644 -2.2937851
-7.7833929 -2.4861917
-8.1347752 -3.1754532
-7.4839559 -3.4263332
-8.5295124 -3.5913229
-9.3927441 -4.5269027
-8.3972530 -4.8855276
-10.2630272 -5.2604704
-9.3374357 -5.5696187
-8.8371868 -6.3964753
-6.9295764 -5.8176670
-3.6215332 -4.9548097
-3.5862820 -5.8365564
-0.1664629 -4.6766701
2.8081000 -4.6227369
3.0805695 -5.2766547
6.2789664 -4.6817155
11.4126844 -6.2010646
13.7245770 -7.5098910
18.1995697 -7.7409782
26.7348881 -9.6011448
28.0642986 -9.6523151
31.0364304 -6.6097617
32.0598717 -2.9667835
28.4574776 -1.9835871
24.0429935 -0.0254849
20.5160160 -0.0494002
16.8015785 0.6423182
14.0918140 -0.9361123
9.8191662 -2.2315459
7.9163346 -1.7418555
9.3669004 -0.2829998
4.9104767 -1.1489785
4.4688578 -0.2762410
4.1830072 0.2680681
2.5137389 0.6527192
0.7176636 1.4470992
-0.0124730 1.2125899
-3.1843069 2.2351432
-4.6006112 3.7214367
-6.8800130 3.2582753
-8.8579655 3.9814456
-9.7118397 4.6728210
-9.9839830 3.6753569
-8.7242661 3.2703853
-8.1547003 3.8045859
-7.8023729 2.6673632
-7.1992016 2.3610256
-6.7917213 2.8547428
-6.5771203 2.0502594
-6.1458716 1.7846115
-5.8555145 2.1645229
-5.7048011 1.5706521
-5.3905087 1.3508589
-5.1650600 1.6313999
-5.0765090 1.1841379
-4.8537445 0.9901294
-4.6641226 1.1903652
-4.6335082 0.8536938
-4.5032287 0.6708969
-4.3323517 0.8058606
-4.3397017 0.5575680
-4.4156485 0.3740253
-4.2487640 0.4508439
-4.0252032 0.2770942
-4.7939911 0.0831948
-4.6286197 0.1029140
0.0000000 0.0000000
0.0000000 0.0000000
-7.2407303 -0.3443604
-6.6550150 -0.3588451
-5.9907045 -0.7940019
-6.5281696 -1.3918927
-6.0037618 -1.4476069
-6.3908596 -1.7861915
-6.5833087 -2.4298565
-6.0053506 -2.5303326
-6.6719542 -2.8760619
-6.8931088 -3.6164527
-6.2122235 -3.7694898
-7.0633950 -4.1772070
-7.5676422 -5.1691780
-6.5194402 -5.3467350
-8.3981857 -6.0339532
-8.5856934 -7.3652797
-6.9391074 -7.4649467
-7.6976004 -8.3619175
-4.8663888 -7.9029522
-3.2783561 -8.7336750
-0.9575122 -7.5811234
2.3944569 -7.3611412
3.6604548 -8.5588865
6.8130565 -7.4546251
15.1954317 -7.5332732
15.6415768 -7.8191700
19.7904663 -8.0356045
22.2831306 -8.1504698
22.6138477 -7.5276566
25.9879837 -6.9474978
24.4885235 -4.3239098
22.7044067 -1.0551460
28.1384144 -8.7735119
23.5386295 -2.7975695
19.4329243 4.0380888
10.2329054 0.7498605
7.6205273 0.9314374
7.5993853 3.0477564
7.5662150 2.4195347
4.7692657 1.5269409
4.4056973 3.3827624
2.6558182 2.5995181
0.1514440 3.1990223
-0.5980526 5.0812535
-2.3633509 4.3207703
-4.6529250 5.1701159
-6.1347723 6.8570514
-8.1616850 5.9556818
-9.3349218 6.2130971
-8.6379709 6.5422373
-8.3246202 5.1182356
-7.6030483 4.3106580
-6.8829355 4.8444123
-6.8414693 3.8224795
-6.4371276 3.2675734
-5.8907557 3.7018769
-5.8905172 2.9178894
-5.5703425 2.4961185
-5.1549497 2.8309879
-5.1763248 2.2217443
-4.9246078 1.8868179
-4.5990410 2.1388545
-4.6395898 1.6623360
-4.4543738 1.3813831
-4.1838918 1.5633479
-4.2525258 1.1893374
-4.1428242 0.9377650
-3.9044940 1.0599320
-3.9898369 0.7698644
-4.0722213 0.5275633
-3.8434949 0.5974731
-3.6971207 0.3758304
-4.4298930 0.1210010
-4.2033782 0.1393277
0.0000000 0.0000000
0.0000000 0.0000000
-6.1103148 -0.3636884
-5.4955401 -0.3709829
-5.0533462 -0.8781866
-5.4801049 -1.4790926
-4.9413195 -1.5016310
-5.3290858 -1.9386634
-5.4392080 -2.5841665
-4.8607149 -2.6202946
-5.4414487 -3.0904820
-5.5429711 -3.8399706
-4.8796682 -3.8846326
-5.5579290 -4.4132476
-5.7229571 -5.3694034
-4.9120393 -5.4192948
-5.8743286 -6.1266317
-6.2988544 -7.5780373
-4.9163356 -7.4916501
-6.2296319 -9.0784979
-4.6651688 -10.0826330
-3.7192931 -10.0528641
-1.2920756 -10.4188166
3.0759532 -10.1076918
2.6378348 -10.5287657
6.2646894 -10.1393061
12.8711424 -9.2619791
10.4997520 -10.4294796
19.2266693 -4.6594610
20.9852486 -0.4457307
19.0748482 -3.9639413
20.3391647 1.8060210
20.5816746 3.9468040
20.6342735 0.5775769
19.7748661 3.7261596
18.8978348 5.5138822
18.6791534 2.8363876
11.4138422 4.0995231
7.8847880 4.8185759
8.2047510 6.8442206
5.9794326 5.7590823
3.4607251 5.4007592
1.2561878 7.2941012
1.9212843 5.8723459
-1.4359375 7.3395720
-1.9653045 8.6120186
-4.6890221 7.8868427
-6.0942793 8.7614555
-6.3020153 9.6076288
-8.0333109 8.4545784
-7.4595699 7.0331182
-5.9870658 7.3722806
-6.5585217 6.2543411
-6.2711349 5.1775842
-5.3914704 5.5785828
-5.6896067 4.7154813
-5.4611020 3.9569621
-4.8191981 4.3129330
-5.0233622 3.6017287
-4.8141708 3.0522919
-4.3231401 3.3349595
-4.4894853 2.7489829
-4.3102770 2.3255785
-3.9156842 2.5394833
-4.0697823 2.0600672
-3.9290972 1.7093853
-3.5977018 1.8665472
-3.7544060 1.4737540
-3.6715415 1.1657567
-3.3788662 1.2724748
-3.5350142 0.9519362
-3.6227336 0.6613157
-3.3419447 0.7224116
-3.2744963 0.4600576
-3.9479342 0.1533813
-3.6681755 0.1712097
0.0000000 0.0000000
0.0000000 0.0000000
-4.9256196 -0.3663266
-4.3119144 -0.3678729
-4.0742130 -0.9186034
-4.3881984 -1.4960383
-3.8661649 -1.4929764
-4.2346277 -1.9888934
-4.2705073 -2.6035237
-3.7422144 -2.5896711
-4.2007051 -3.1281974
-4.1780210 -3.8239095
-3.6520050 -3.7720690
-4.0377874 -4.4146428
-3.9429204 -5.2445135
-3.4868641 -5.0914097
-3.6230447 -5.9951401
-3.3744197 -7.0105333
-3.1449795 -6.6119857
-2.9679635 -7.9627252
-2.1868894 -9.3268213
-2.1629705 -8.1901236
-0.4432548 -10.6201105
2.7300539 -10.3292608
1.4701251 -9.7322674
6.2743435 -8.9010181
9.2028713 -8.2608356
7.8142099 -6.0187998
12.0752840 -7.4799943
14.6772585 -7.3831272
12.8795614 -0.1042404
16.8265896 -4.9359398
17.3202629 -0.4540331
13.8453999 4.0218587
16.1170597 3.0363162
13.0652981 9.0776939
12.0295267 8.2203760
11.5367308 6.1846795
9.6996737 6.7762046
7.6280975 13.7297869
4.9329543 8.3172474
-0.3099727 10.8346968
2.3375766 12.8448944
0.3029430 10.3420391
-3.4031107 11.4929724
-2.1731553 12.3011150
-5.1975570 11.1536770
-5.8672533 9.8449135
-3.5912046 9.5999489
-5.2524757 8.5808563
-5.1520209 7.3711724
-3.9826410 7.4625659
-4.9123459 6.6233807
-4.7709303 5.7262177
-3.9238794 5.9055238
-4.4873471 5.1849604
-4.3393035 4.4757185
-3.6952188 4.6802726
-4.0744834 4.0549917
-3.9388990 3.4786131
-3.4148939 3.6807544
-3.7063894 3.1381543
-3.5917974 2.6597271
-3.1500716 2.8363433
-3.4049587 2.3658304
-3.3081706 1.9678699
-2.9312956 2.0981944
-3.1675053 1.6989095
-3.1113594 1.3488746
-2.7762692 1.4384190
-2.9959188 1.0984384
-3.0848994 0.7722321
-2.7639804 0.8239992
-2.7752490 0.5283385
-3.3618696 0.1834882
-3.0407884 0.1992751
0.0000000 0.0000000
0.0000000 0.0000000
-3.7361698 -0.3559510
-3.1448524 -0.3537093
-3.0973630 -0.9230446
-3.3013330 -1.4573896
-2.8171985 -1.4374599
-3.1625721 -1.9664584
-3.1327889 -2.5106769
-2.6786919 -2.4607079
-3.0268362 -3.0420856
-2.9100153 -3.6068671
-2.5160646 -3.4869688
-2.7122757 -4.1889515
-2.4664578 -4.7739763
-2.2063618 -4.5121889
-2.1244180 -5.3996949
-1.6559056 -6.0282035
-1.6196501 -5.4633465
-1.0209064 -6.7165866
-0.2302233 -7.2262864
-0.4342432 -6.3427916
0.6380682 -7.6767898
2.1273026 -7.9685230
1.6049119 -6.4674339
3.8691158 -8.3985023
5.9264960 -6.9146695
4.7396955 -5.8760633
8.4685001 -4.0603218
9.5902967 -1.6486323
6.7046509 -3.0406542
10.7436733 1.9892408
11.3574982 5.3364496
7.3148952 0.5231723
10.8685255 7.9605379
10.5004578 10.5025158
7.5822368 5.3519216
8.4650469 11.5849810
6.1757727 13.2945881
5.3673129 9.5398254
4.1138687 12.2923746
1.9047645 12.4111567
1.7092136 11.3034191
-0.5608983 12.1808691
-1.9274732 11.0248718
-0.6492638 10.1874714
-2.5158534 10.0827770
-3.0637426 8.8803272
-1.9287099 8.6803169
-3.2405407 8.1934919
-3.4127066 7.2533937
-2.4804611 7.2320366
-3.3963380 6.6494594
-3.4007189 5.8946633
-2.6428347 5.9653878
-3.2980306 5.3777814
-3.2328494 4.7475562
-2.6151025 4.8566747
-3.0979381 4.3067503
-3.0128038 3.7674828
-2.4970539 3.8895643
-2.8774703 3.3877661
-2.7989557 2.9156818
-2.3516171 3.0369306
-2.6767664 2.5852358
-2.6189146 2.1589990
-2.2151017 2.2708378
-2.5153685 1.8655614
-2.4844398 1.4871598
-2.1185353 1.5641441
-2.3938379 1.2095215
-2.4804173 0.8559569
-2.1234736 0.9000949
-2.2186799 0.5767983
-2.6900802 0.2062443
-2.3392119 0.2107135
0.0000000 0.0000000
0.0000000 0.0000000
-2.5777876 -0.3395977
-2.0114369 -0.3354134
-2.1566131 -0.9016073
-2.2595077 -1.3893871
-1.8129886 -1.3599772
-2.1598034 -1.8926175
-2.1001158 -2.3691537
-1.6980578 -2.3046219
-2.0024481 -2.8705063
-1.8719730 -3.3286910
-1.5239878 -3.2007344
-1.7058749 -3.8301013
-1.4753559 -4.2507749
-1.2088211 -3.9967396
-1.2076752 -4.7058744
-0.8351040 -5.0641541
-0.6831786 -4.5761867
-0.3908675 -5.4717479
0.2944707 -5.6452255
0.2126631 -4.8802357
1.0110447 -5.6858606
1.8675548 -5.5027647
1.4376932 -4.6318979
2.7125084 -5.1038647
3.6144228 -4.5244737
2.8816328 -3.4972553
4.9854479 -3.2260003
5.5902443 -2.0692878
4.0247087 -1.4920288
6.3127060 0.2006744
6.4172912 1.4409304
4.4456596 1.2171181
6.5205269 3.2330863
6.2163510 5.2060509
4.0786209 4.3432951
5.3676891 6.4731598
4.4711647 8.0476656
2.9796290 6.8281679
3.2798831 8.7881527
2.0531774 9.4500418
1.2622110 8.1829071
0.7333285 9.2945642
-0.1962005 9.1247063
-0.1711837 8.3302774
-0.9374753 8.7258635
-1.4639815 8.1236191
-1.0383399 7.7305179
-1.7870719 7.6532393
-2.0247464 6.9872522
-1.4447265 6.8723121
-2.1299257 6.4985909
-2.2080874 5.8861413
-1.5946989 5.9269834
-2.2052665 5.4232526
-2.2019310 4.8703585
-1.6205713 4.9636431
-2.1467776 4.4424806
-2.1075437 3.9438322
-1.5841455 4.0374513
-2.0363946 3.5510359
-1.9887218 3.0959072
-1.5233338 3.1761293
-1.9179174 2.7376397
-1.8788224 2.3154130
-1.4602375 2.3810632
-1.8164843 1.9885520
-1.8057742 1.5867910
-1.4189560 1.6423063
-1.7425227 1.2908101
-1.8246850 0.9096704
-1.4498678 0.9432362
-1.6076025 0.6387820
-1.9612032 0.1954621
-1.5952961 0.2552663
0.0000000 0.0000000
0.0000000 0.0000000
-1.4679103 -0.3288687
-0.8916542 -0.3431687
-1.2627026 -0.8839546
-1.2852145 -1.3477799
-0.7976552 -1.3815417
-1.2420579 -1.8332204
-1.1850511 -2.2685523
-0.7354915 -2.2699032
-1.1246185 -2.7257957
-1.0274228 -3.1299839
-0.6406761 -2.9855497
-0.9257417 -3.5499876
-0.7733378 -3.8977213
-0.4726185 -3.4586377
-0.6122037 -4.2370725
-0.3867904 -4.4793391
-0.1916661 -3.7071297
-0.1468521 -4.6462936
0.2375319 -4.6769829
0.2557422 -3.7988431
0.6257229 -4.5337257
1.0997992 -4.2831535
0.8127051 -3.4218614
1.5785676 -3.6636899
1.9840659 -3.1212752
1.3610082 -2.3969562
2.5631385 -2.0522575
2.8280628 -1.1790260
1.7882363 -0.7937397
3.2411609 0.5160622
3.3552539 1.3729497
1.9124597 1.3947538
3.4283764 2.7873790
3.2342815 4.1177220
1.6869643 3.6152213
2.8858812 5.1866193
2.4449739 6.3520880
1.1373698 5.4273286
1.9050663 6.9929013
1.3469439 7.7079563
0.4212068 6.4910245
0.7225186 7.8906174
0.2390916 8.0746737
-0.1956976 6.7670469
-0.2196200 7.9302993
-0.5466748 7.6642838
-0.5704511 6.6595564
-0.8062279 7.3331065
-0.9812551 6.8531642
-0.7367261 6.3501072
-1.0935925 6.4374404
-1.1749892 5.9209671
-0.7821789 5.8620853
-1.2082943 5.4952359
-1.2317634 4.9927649
-0.7682377 5.2173758
-1.2221476 4.5820312
-1.2162610 4.1110525
-0.7310086 4.4644084
-1.1877244 3.7190204
-1.1696101 3.2795942
-0.6879854 3.6540666
-1.1353525 2.9045739
-1.1177992 2.4892535
-0.6516532 2.8232346
-1.0852093 2.1324263
-1.0916378 1.7307359
-0.6468419 1.9946113
-1.0622602 1.3976865
-1.1484474 1.0077676
-0.7281354 1.1926084
-1.0633142 0.5988305
-1.1800188 0.5357872
-0.5230224 0.2332019
0.0000000 0.0000000
0.0000000 0.0000000
-0.3258711 -0.3578762
0.0000000 0.0000000
-0.3115620 -0.8534440
-0.2966865 -1.3943700
0.0000000 0.0000000
-0.2908074 -1.8547035
-0.2881118 -2.3457296
0.0000000 0.0000000
-0.2806072 -2.7990618
-0.2699042 -3.2395995
0.0000000 0.0000000
-0.2509382 -3.6576853
-0.2146265 -4.0154710
0.0000000 0.0000000
-0.1711484 -4.3323770
-0.0891463 -4.5473070
0.0000000 0.0000000
-0.0216220 -4.6294785
0.0706094 -4.5890632
0.0000000 0.0000000
0.1653570 -4.3851051
0.2663442 -4.0410128
0.0000000 0.0000000
0.3996830 -3.4444807
0.4703451 -2.7582233
0.0000000 0.0000000
0.6218406 -1.8222253
0.6383780 -0.9057581
0.0000000 0.0000000
0.7783838 0.4739419
0.7855600 1.6125544
0.0000000 0.0000000
0.8260038 2.8570819
0.7749231 4.1911225
0.0000000 0.0000000
0.7218547 5.1866498
0.6172744 6.3502092
0.0000000 0.0000000
0.5029247 7.0099378
0.3714660 7.7413983
0.0000000 0.0000000
0.2342267 8.0440159
0.0965301 8.2992554
0.0000000 0.0000000
-0.0473273 8.2365875
-0.1412463 8.0684881
0.0000000 0.0000000
-0.2285898 7.7672091
-0.2781032 7.3313560
0.0000000 0.0000000
-0.3041693 6.9008074
-0.3183468 6.3702335
0.0000000 0.0000000
-0.3217556 5.8847637
-0.3182029 5.3494020
0.0000000 0.0000000
-0.3110763 4.8671818
-0.2997980 4.3545823
0.0000000 0.0000000
-0.2883831 3.9010923
-0.2753969 3.4225705
0.0000000 0.0000000
-0.2641411 3.0041530
-0.2539435 2.5583293
0.0000000 0.0000000
-0.2433239 2.1711533
-0.2523636 1.7435302
0.0000000 0.0000000
-0.2340745 1.3592751
-0.3099392 0.9911095
0.0000000 0.0000000
-0.1078444 0.3669310
-0.5332827 -0.2115211
0.0000000 0.0000000
0.0000000 0.0000000
-28.63009
-28.61089
-27.88941
-30.17512
-33.302
-36.59697
-40.51225
-45.45275
-52.66481
-64.86175
-89.56938
-144.0253
-212.3148
35.42108
-17.7457
-2.877884
-4.617705
-3.20237
-2.336921
-2.227019
-2.562941
-3.112512
-3.69133
-4.203835
-4.69546
-5.099546
-29.20549
-28.93336
-28.7772
-30.78215
-33.69648
-36.82803
-40.64068
-45.39707
-51.95137
-62.36675
-83.06747
-149.7243
-181.6673
65.76975
-70.20197
-12.85138
-5.979766
-3.243333
-2.330464
-2.314965
-2.696195
-3.241463
-3.805376
-4.271128
-4.743067
-5.032132
-30.52659
-30.35295
-30.99116
-32.70396
-35.10209
-38.03096
-41.5887
-45.68993
-50.56199
-56.67948
-63.90207
-75.06336
-120.4263
-59.34826
-76.084
-23.80238
-7.438081
-3.44531
-2.551324
-2.66993
-3.143666
-3.711065
-4.286686
-4.754014
-5.159758
-5.380723
-32.52326
-32.49866
-33.78001
-35.23396
-37.49013
-40.28099
-43.44568
-46.66455
-49.39578
-51.09383
-53.37762
-65.21964
-32.98294
24.24236
-74.38614
-23.39409
-7.072728
-3.224878
-2.745105
-3.181302
-3.837364
-4.494025
-5.075024
-5.547557
-5.867291
-6.052523
-35.22453
-35.37759
-37.09617
-38.57291
-40.88507
-43.65749
-46.58678
-49.0176
-49.67909
-46.15764
-35.59771
-7.186237
2.365392
50.96654
6.799382
5.332729
1.191292
-0.8676752
-2.472578
-3.757332
-4.776799
-5.574742
-6.180377
-6.638774
-6.89094
-7.041683
-38.67337
-39.03589
-41.01374
-42.80262
-45.36302
-48.45649
-51.62818
-54.17484
-54.09438
-48.14511
-33.91609
-6.025616
-22.1168
2.295043
16.3336
11.31559
4.953605
0.4055265
-2.669909
-4.717631
-6.07853
-7.009717
-7.620048
-8.046976
-8.235723
-8.354825
-42.83962
-43.4184
-45.57389
-47.90795
-51.0857
-55.01029
-59.4124
-64.08143
-66.44928
-61.37742
-46.60455
-27.06503
-25.03533
5.587136
35.84054
16.31444
5.707947
-0.2423804
-3.966252
-6.394616
-7.927607
-8.878185
-9.441977
-9.787468
-9.90966
-9.992412
-47.54632
-48.32515
-50.68309
-53.776
-57.98541
-63.54244
-71.12985
-80.326
-85.04895
-81.94232
-69.51963
-54.22664
-38.81672
-13.59866
-12.54631
6.359331
2.556753
-2.90563
-6.668933
-9.060863
-10.49024
-11.28043
-11.67793
-11.8828
-11.90616
-11.94976
-52.44138
-53.3903
-56.05259
-60.07741
-65.72518
-73.5414
-85.61576
-97.78887
-103.1026
-99.87256
-89.87635
-76.4992
-63.47018
-1.795895
15.69475
6.096222
-1.779074
-7.605501
-11.06187
-12.95611
-13.90075
-14.27183
-14.35309
-14.31891
-14.21123
-14.20103
-57.01119
-58.11979
-61.13846
-66.17146
-73.5288
-83.897
-99.29093
-111.8078
-115.5749
-112.085
-104.5652
-93.79457
-73.9796
-2.293443
5.319707
-5.392139
-12.29301
-15.85567
-17.64525
-18.28703
-18.20893
-17.84984
-17.42394
-17.05478
-16.76537
-16.69031
-60.58257
-61.83555
-65.22054
-71.18125
-80.19189
-92.90191
-109.4998
-121.4384
-125.2744
-121.628
-111.601
-99.21546
-86.63542
-43.99938
-31.03276
-29.20269
-29.26482
-27.87771
-26.51583
-24.93623
-23.29053
-21.88474
-20.77847
-19.97272
-19.46466
-19.30946
-62.35444
-63.78478
-67.51282
-74.2342
-84.53828
-99.08633
-116.0446
-127.3274
-131.4518
-128.4702
-120.8303
-102.7168
-78.61006
-59.21566
-57.21521
-55.36534
-50.51774
-42.44648
-37.13822
-32.42593
-28.79023
-26.11299
-24.19233
-22.89306
-22.13085
-21.88107
-61.5792
-63.14768
-67.21723
-74.62301
-86.00626
-102.2646
-119.1818
-129.5351
-134.2245
-134.3972
-132.2121
-126.1948
-92.55079
-84.7437
-86.25384
-82.71685
-73.94446
-58.59083
-48.27581
-39.97083
-34.18449
-30.14279
-27.36238
-25.54823
-24.53576
-24.17788
-57.8141
-59.22219
-63.75545
-71.87898
-84.3656
-102.4269
-119.9259
-128.9837
-134.0885
-135.4955
-135.614
-138.1998
-110.1935
-109.4402
-108.5614
-105.3822
-95.57014
-75.11207
-58.32665
-46.63304
-38.83695
-33.51382
-29.92243
-27.62795
-26.382
-25.94418
-51.09038
-52.39805
-57.15365
-65.71008
-79.14972
-99.39241
-118.0142
-127.1596
-131.3352
-135.4276
-132.1199
-129.3585
-150.7599
-134.5866
-128.0875
-122.3264
-111.7484
-88.73058
-65.86321
-51.52212
-42.11121
-35.75465
-31.51187
-28.82393
-27.36068
-26.89758
-41.64429
-42.86925
-47.46879
-55.89151
-69.50913
-92.00571
-112.2464
-123.3319
-128.0927
-133.5244
-143.4471
-127.7821
-131.6038
-134.132
-136.2979
-132.444
-122.1734
-97.15925
-69.92574
-53.84301
-43.40309
-36.44782
-31.83963
-28.92015
-27.30407
-26.85268
-29.923
-30.98371
-35.03605
-42.63667
-55.30637
-78.56889
-104.4685
-115.6098
-121.232
-123.0306
-111.7434
-134.9757
-147.6553
-142.8649
-140.6053
-137.2152
-124.7086
-97.3449
-69.62692
-53.26471
-42.55386
-35.47247
-30.81713
-27.88562
-26.26085
-25.81959
-16.63518
-17.45116
-20.61223
-26.59581
-36.77337
-56.36428
-87.75394
-102.4757
-108.3367
-105.8404
-108.0277
-98.4261
-110.9505
-132.6485
-136.8722
-135.473
-121.9002
-89.58151
-65.13227
-49.57801
-39.47066
-32.82638
-28.48228
-25.75337
-24.24671
-23.84192
-2.677924
-3.201522
-5.275939
-9.24612
-15.9864
-26.91961
-56.28842
-80.18159
-87.36195
-68.39139
-52.8219
-115.1391
-154.3748
-141.6349
-138.6473
-130.8686
-111.0782
-76.88313
-55.9521
-42.87129
-34.35424
-28.72292
-25.02287
-22.6977
-21.41006
-21.06966
10.99505
10.77613
9.872113
8.145894
5.181471
-0.3085403
-12.75482
-34.42764
-32.59075
-21.66715
-37.12389
-46.56215
-106.1354
-122.4799
-122.7513
-113.7725
-87.71823
-59.77137
-44.122
-34.34739
-27.93376
-23.64131
-20.80064
-19.00161
-18.00341
-17.74514
23.52104
23.56946
23.69013
23.87983
24.18081
24.64968
26.08567
28.21694
43.66478
59.75758
42.96051
4.651582
-47.82212
-95.40592
-89.8226
-73.97382
-51.3916
-39.67134
-31.15848
-25.17083
-21.01289
-18.17427
-16.25977
-15.03508
-14.34128
-14.1588
34.23369
34.48578
35.41593
37.18463
40.26729
45.48504
54.06583
67.23305
84.79605
106.8878
97.56708
67.84069
20.02929
-12.47764
-30.449
-27.17412
-24.46692
-21.53306
-18.75993
-16.30075
-14.33929
-12.86698
-11.84091
-11.16103
-10.76224
-10.65662
42.71215
43.099
44.55098
47.27152
51.68334
58.52423
68.41372
83.06701
97.64687
110.6501
111.0787
100.9967
76.063
46.65482
18.27985
2.536151
-4.631332
-7.587095
-8.636965
-8.778088
-8.553147
-8.234867
-7.942054
-7.719699
-7.559226
-7.505619
48.75063
49.18932
50.85941
53.91343
58.68054
65.65765
75.32878
87.62696
100.288
109.1492
110.7274
103.7474
86.25765
61.98509
38.12352
19.68093
8.316546
2.121573
-1.286094
-3.134019
-4.121744
-4.639
-4.896435
-5.002934
-5.013135
-4.917526
52.27927
52.75699
54.5035
57.5949
62.30374
69.06093
78.35842
89.19859
99.99636
107.5896
109.2379
102.578
87.72001
67.08806
45.89848
27.70735
15.23124
7.640567
3.057346
0.2970426
-1.357866
-2.350482
-2.924454
-3.185476
-3.116651
-3.247144
53.13629
53.5762
55.31717
58.45627
63.24395
70.01669
79.03072
89.49395
99.84606
107.0309
108.6191
102.0584
87.73548
68.03203
47.59113
30.09316
17.39786
9.183279
4.18758
1.133019
-0.7312993
-1.860803
-2.52347
-2.865857
-2.747101
0
