0.0000000 0.0000000
0.0000000 0.0000000
0.0000000 0.0000000
0.0000000 0.0000000
0.0000000 0.0000000
0.0000000 0.0000000
0.0000000 0.0000000
0.0000000 0.0000000
0.0000000 0.0000000
0.0000000 0.0000000
0.0000000 0.0000000
0.0000000 0.0000000
0.0000000 0.0000000
0.0000000 0.0000000
0.0000000 0.0000000
0.0000000 0.0000000
0.0000000 0.0000000
0.0000000 0.0000000
0.0000000 0.0000000
0.0000000 0.0000000
0.0000000 0.0000000
0.0000000 0.0000000
0.0000000 0.0000000
0.0000000 0.0000000
0.0000000 0.0000000
0.0000000 0.0000000
0.0000000 0.0000000
-0.3336153 0.2660871
-1.7749163 1.2801061
-1.4915481 2.5307007
-0.9079464 3.5353260
-0.7388823 4.2512784
-0.7974298 5.0598245
-0.9791040 5.9763699
-1.3260958 7.0740857
-2.0811863 8.4919395
-3.7434123 10.6540842
-8.6030769 13.4231062
6.6241279 17.2421360
12.5129519 -10.5120716
-8.1682196 -9.7444324
-3.9762485 -7.7574635
-2.4385357 -5.2277360
-1.4385896 -3.7380781
-0.9159815 -2.7485106
-0.6269937 -2.0895276
-0.4586889 -1.6053195
-0.3591526 -1.2236918
-0.3424238 -0.8997056
-0.4387944 -0.4984623
-0.3525426 -0.1386499
0.0000000 0.0000000
0.0000000 0.0000000
-1.3260409 0.4774226
-3.1361895 1.7234670
-2.2373981 2.4833150
-1.6429087 3.2289169
-1.5986619 4.0453773
-1.7199020 4.9192405
-1.9642717 5.7460833
-2.4679487 6.5784025
-3.5382891 7.4235444
-5.7016454 7.8003416
0.7301117 8.1941910
15.9868803 9.9462423
27.4953690 -2.3142126
5.3774753 -8.5076427
-5.8625288 -5.1666799
-3.3456199 -3.9816580
-2.2847197 -2.9345777
-1.5447173 -2.2637875
-1.1028857 -1.7929820
-0.8455304 -1.4197243
-0.6907626 -1.0857418
-0.6345093 -0.8005431
-0.7889528 -0.4957407
-0.7423094 -0.1825059
0.0000000 0.0000000
0.0000000 0.0000000
-2.6879230 0.7143591
-4.0077934 1.9282840
-2.7901065 2.3900731
-2.4738872 3.1889341
-2.4615781 4.0071411
-2.5118897 4.7914152
-2.6883180 5.4751878
-3.0826182 5.9769821
-3.9171493 6.1052089
-5.8714089 5.5825529
-0.8018792 -1.3657387
20.7210827 6.7746310
34.4640007 -8.3841991
15.0102472 4.8714514
-9.8284311 -0.3775401
-4.8593264 -1.2142482
-2.8039103 -1.6475769
-1.9052564 -1.6126987
-1.4100574 -1.4381850
-1.1313725 -1.2208195
-0.9732760 -0.9777505
-0.8980736 -0.7289471
-1.0421320 -0.5014822
-1.1378745 -0.2084640
0.0000000 0.0000000
0.0000000 0.0000000
-4.2464271 0.8706179
-4.5308394 1.9724215
-3.4442346 2.3820858
-3.3198082 3.2293549
-3.2521887 4.0368953
-3.2193568 4.7913547
-3.2106946 5.4090118
-3.2853413 5.7544541
-3.5169053 5.6397090
-4.1363072 4.2865367
2.9088945 -3.4881835
12.4623213 2.5682220
31.0217247 -2.0418262
17.5588360 3.7345827
-4.3342757 0.2228741
-3.5079305 -0.3070207
-2.4245276 -0.8526772
-1.8732562 -1.1074513
-1.5189881 -1.1371776
-1.3074121 -1.0439787
-1.1891160 -0.8857970
-1.1300892 -0.6758925
-1.2451795 -0.4932771
-1.5193198 -0.2210970
0.0000000 0.0000000
0.0000000 0.0000000
-5.7482982 0.9432178
-4.9148088 1.9218160
-4.2166252 2.4363148
-4.1422319 3.2923000
-4.0605698 4.1252079
-3.9061732 4.9672976
-3.7674093 5.7208371
-3.5392921 6.2728243
-2.9193702 6.1665339
-1.9169937 4.6524882
7.0084014 -3.4176359
12.7793398 1.1088002
35.4182701 -2.9067962
0.2727871 0.6386014
-2.5530739 0.3163705
-2.3559968 -0.0573045
-1.8415388 -0.5211559
-1.6541768 -0.8549640
-1.5043803 -0.9708567
-1.4051785 -0.9418637
-1.3535372 -0.8319048
-1.3353775 -0.6503770
-1.4279746 -0.4855369
-1.8686810 -0.2322841
0.0000000 0.0000000
0.0000000 0.0000000
-7.0348191 0.9509207
-5.3667507 1.8336586
-5.0530310 2.5021400
-4.9843674 3.3644545
-4.9221210 4.2686830
-4.8384595 5.3033662
-4.7241335 6.3851256
-3.9294820 7.0034442
-1.9764732 6.4957080
0.4539139 4.5036364
9.3146944 -2.1439407
14.0916271 0.4290488
32.2011414 -2.6055272
1.0983475 -0.7326295
-1.8897903 -0.5586537
-1.7555829 -0.3954730
-1.3765515 -0.5907122
-1.4143319 -0.8565069
-1.4545133 -0.9646654
-1.4735186 -0.9401526
-1.4962642 -0.8366706
-1.5279417 -0.6616526
-1.6119176 -0.4917899
-2.1866415 -0.2471660
0.0000000 0.0000000
0.0000000 0.0000000
-8.0573063 0.9215137
-5.9901390 1.7428002
-5.9143009 2.5384853
-5.8811722 3.4261980
-5.9556088 4.4421196
-6.1122336 5.6661410
-5.7728181 6.6641903
-3.6134326 6.7084622
-0.4945846 5.5904136
3.2741420 3.8631444
12.3500881 -1.3557390
14.0238171 0.4633719
37.2158318 -0.1355709
0.7922356 -1.5948813
-1.6521511 -1.0778677
-1.4852470 -0.9170030
-1.0918885 -0.9153812
-1.2492542 -1.0625794
-1.4388436 -1.1087223
-1.5605333 -1.0406929
-1.6506169 -0.9055074
-1.7276331 -0.7122103
-1.8138098 -0.5176758
-2.4823899 -0.2675377
0.0000000 0.0000000
0.0000000 0.0000000
-8.8409777 0.8791474
-6.7707934 1.6572058
-6.7930079 2.5246394
-6.8476081 3.4519098
-7.1732965 4.5681677
-7.3921671 5.7950392
-5.9829516 6.2232156
-2.5370696 5.4784389
1.1705358 4.2177925
5.1897264 2.6324341
13.8924665 -1.8247089
15.6882515 0.0035528
33.6084671 -3.7364428
0.4660799 -1.9740040
-0.5488270 -1.2907946
-1.1507800 -1.3090229
-0.9151310 -1.4009798
-1.1937064 -1.4410498
-1.5017096 -1.3797613
-1.7045047 -1.2285533
-1.8455122 -1.0301641
-1.9540502 -0.7959849
-2.0470347 -0.5619445
-2.7671897 -0.2920977
0.0000000 0.0000000
0.0000000 0.0000000
-9.4255505 0.8295804
-7.6318541 1.5683759
-7.6882939 2.4540198
-7.8690000 3.4016440
-8.4549818 4.5552850
-8.2461290 5.5655117
-5.2110896 5.2024856
-1.1099004 4.0018873
2.9079595 2.2025695
6.6605978 0.9504367
14.2161484 -1.7400272
15.7748995 -2.7435603
36.4507332 -3.8889892
2.1777163 -2.0450900
0.6743761 -1.8860865
-0.7262802 -2.2758784
-0.8690363 -2.1430686
-1.2872223 -1.9704430
-1.6837013 -1.7458849
-1.9371871 -1.4765823
-2.1035404 -1.1917777
-2.2226672 -0.8996163
-2.3205721 -0.6166142
-3.0481558 -0.3176824
0.0000000 0.0000000
0.0000000 0.0000000
-9.8520918 0.7754089
-8.4919043 1.4615803
-8.5829697 2.3151579
-8.9265985 3.2536974
-9.6667242 4.3621178
-8.3783855 4.8977380
-3.8524756 3.8495150
0.4713920 2.4210339
4.4609933 0.6885715
7.9454489 -0.8994778
13.0905514 -2.1498036
25.9145088 -9.1176968
34.5400734 -4.1781907
6.3671932 -2.6544588
0.9388105 -3.8823080
-0.8044525 -3.6211281
-1.1528889 -3.0785563
-1.6022327 -2.5985355
-2.0273495 -2.1605361
-2.2820547 -1.7477937
-2.4385240 -1.3634953
-2.5427516 -1.0045749
-2.6375148 -0.6698262
-3.3247440 -0.3400889
0.0000000 0.0000000
0.0000000 0.0000000
-10.1434422 0.7086689
-9.2872314 1.3287860
-9.4411316 2.1074104
-9.9845438 2.9535041
-10.4704037 3.8322511
-7.7088418 3.8017356
-2.3684056 2.3208399
2.0267532 1.0681031
6.3660965 -0.5700184
9.7362261 -2.9330788
14.4471321 -4.4555860
32.3255043 -12.0304766
9.9558630 -5.6348248
4.9755836 -5.6740122
0.4999681 -5.8090305
-1.5671903 -5.1625199
-1.9406680 -4.1101723
-2.2001109 -3.2392638
-2.5591917 -2.5622768
-2.7501135 -1.9983159
-2.8534229 -1.5136192
-2.9146285 -1.0896113
-2.9926202 -0.7084007
-3.5890765 -0.3538852
0.0000000 0.0000000
0.0000000 0.0000000
-10.3261051 0.6271581
-9.9787493 1.1613070
-10.2138309 1.8289683
-11.0147896 2.5446188
-10.6190901 3.0230916
-6.4805994 2.6854980
-1.0943464 1.1968189
3.4087727 -0.3312118
8.3921089 -1.9134303
12.3659725 -4.3836732
18.9282360 -6.9374247
34.5717278 -12.8987188
9.6108570 -6.4871988
5.1940393 -6.7480855
0.1492462 -7.1022558
-2.7372916 -6.4079547
-3.2635913 -5.0292373
-3.1149526 -3.7695005
-3.2819142 -2.8756847
-3.3334241 -2.1785657
-3.3376441 -1.6074359
-3.3282769 -1.1314827
-3.3711431 -0.7190279
-3.8295441 -0.3533416
0.0000000 0.0000000
0.0000000 0.0000000
-10.4258184 0.5285416
-10.5397120 0.9604745
-10.8791838 1.5002811
-11.8809471 1.9766994
-10.1668205 2.0232403
-5.0411997 1.6329914
0.0024970 0.6246638
4.9945316 -1.3882496
9.5584927 -2.3313050
15.4136324 -5.2758083
26.8665066 -11.8532171
29.5194912 -8.8610315
12.4147902 -5.7497582
6.0962873 -6.8755002
0.0193835 -7.3054652
-3.8950315 -6.8930545
-4.9049258 -5.4909053
-4.3073964 -4.0419245
-4.1525712 -3.0215857
-3.9991603 -2.2348783
-3.8662229 -1.6098208
-3.7635434 -1.1077131
-3.7499621 -0.6885258
-4.0333085 -0.3334915
0.0000000 0.0000000
0.0000000 0.0000000
-10.4886141 0.4068261
-10.9795332 0.7157103
-11.4126730 1.1137782
-12.5188665 1.3931949
-9.5764704 1.3234508
-3.8203077 0.9628117
1.3195668 -0.1575248
6.3851619 -2.0302820
11.0234137 -2.9266238
17.6671734 -4.9138489
29.4425430 -12.0523186
16.8749714 -6.9129343
12.3606920 -6.3675022
6.6340127 -6.2382178
0.3863060 -6.6252737
-4.8711157 -6.5425019
-6.5502315 -5.3014479
-5.6711259 -3.9517505
-5.0940003 -2.9381740
-4.7028375 -2.1206632
-4.4024339 -1.4878783
-4.1882539 -0.9984399
-4.0972528 -0.6062343
-4.1928053 -0.2890348
0.0000000 0.0000000
0.0000000 0.0000000
-10.5316505 0.2686052
-11.2879810 0.4296404
-11.8670530 0.7094036
-12.9556913 0.7849879
-9.0442390 0.7398462
-2.6632092 0.4627420
2.6055076 -0.5700840
7.4020014 -2.0551405
13.1220427 -3.8293102
21.7560558 -6.1827397
33.6654091 -8.0728893
13.6297464 -6.2445312
11.5988150 -5.5591583
6.5700569 -5.0320787
1.3061624 -5.1912179
-5.0744209 -5.6267738
-8.0705919 -4.2054548
-7.0323844 -3.5269120
-6.0241642 -2.5739682
-5.3673997 -1.7989994
-4.8941326 -1.2190330
-4.5630441 -0.7902306
-4.3812394 -0.4651378
-4.3038478 -0.2185291
0.0000000 0.0000000
0.0000000 0.0000000
-10.5889215 0.0982529
-11.4677572 0.0562965
-12.1970615 0.1902198
-13.3381968 0.2232766
-8.3933868 0.1119921
-1.7864039 -0.0474268
3.7833571 -0.9941154
8.4678116 -2.0443490
13.7081280 -3.5125756
23.2895203 -6.0565972
36.2226257 -13.5299520
14.6202288 -5.0266619
10.8648367 -4.4375763
6.1989584 -3.7070279
1.5233632 -3.5803735
-4.6089401 -4.0048079
-8.8937120 -2.7432489
-8.3692808 -2.6298065
-6.8236194 -1.9147412
-5.9403491 -1.2568357
-5.2956824 -0.7923081
-4.8460302 -0.4789834
-4.5708055 -0.2651393
-4.3612838 -0.1163602
0.0000000 0.0000000
0.0000000 0.0000000
-10.4977074 -0.1171039
-11.4428368 -0.3954269
-12.3908796 -0.4716146
-13.4971352 -0.7698394
-7.9361672 -0.6284075
-1.2573299 -0.4834096
4.9461470 -1.5040789
9.9286385 -2.5133739
14.6400204 -2.8144834
37.4356842 -9.7985849
20.8610229 -7.1787348
13.2045622 -4.3951406
9.7513046 -3.1365628
5.9367847 -2.5171285
0.9158678 -2.3190348
-4.0179691 -2.0362320
-9.5717974 -1.0381758
-9.3668547 -1.4458778
-7.4583850 -0.8912584
-6.3328767 -0.4771217
-5.5421605 -0.2169914
-4.9944711 -0.0770406
-4.6480141 -0.0123523
-4.3756208 0.0070954
0.0000000 0.0000000
0.0000000 0.0000000
-10.1389027 -0.3889866
-11.1280918 -0.9848201
-12.2781725 -1.3894036
-13.6006212 -1.9311401
-8.0967569 -1.6138518
-1.3681391 -1.2001214
5.4446836 -1.4783136
10.7135315 -3.0315046
19.0248966 -3.5732419
38.1567421 -9.2816162
16.2689304 -4.5375228
12.0870485 -3.4569409
8.3722620 -1.7335385
6.0982547 -1.3692354
0.2169861 -0.9084469
-3.9992070 -0.1298921
-9.6880550 0.5778116
-10.0204134 0.3620400
-7.7458220 0.3675302
-6.4765477 0.4609817
-5.5876884 0.4554881
-4.9750280 0.3854297
-4.5831504 0.2767465
-4.2798886 0.1449803
0.0000000 0.0000000
0.0000000 0.0000000
-9.4642200 -0.6943343
-10.4437294 -1.6526548
-11.6710510 -2.5541282
-13.5327015 -3.6660287
-8.2117558 -3.4540410
-1.5786541 -3.0188882
5.5828156 -2.0545635
10.5414238 -2.2109475
29.7643871 -8.0507555
37.1235390 -8.5735989
12.9090948 -3.8347983
10.2153387 -2.5416589
7.0795183 -0.9256164
4.7523475 -0.1840507
-0.0198434 0.7752143
-4.5554814 1.9913242
-10.3308945 2.3700473
-9.8045502 2.3087237
-7.6646280 1.8164176
-6.3179989 1.4907690
-5.3944221 1.1808927
-4.7633643 0.8789363
-4.3559442 0.5835872
-4.0427766 0.2893610
0.0000000 0.0000000
0.0000000 0.0000000
-8.4488831 -1.0155864
-9.3412037 -2.3353260
-10.4353924 -3.7593994
-12.5796814 -5.7218003
-9.0766420 -6.5148802
-1.4497875 -4.1803641
5.3371124 -4.6579385
13.1172438 -4.4274163
31.1206264 -11.9216423
32.5467834 -8.7417231
13.7667904 -2.3258798
8.7003527 -1.1456494
6.8385334 0.3539794
2.4699011 1.2394888
-1.4639271 3.1012239
-4.5947800 4.0825982
-10.2021618 6.4783897
-8.9938297 4.2446237
-7.1075187 3.2232664
-5.8357782 2.4925125
-4.9544406 1.8916005
-4.3504081 1.3633473
-3.9610243 0.8844984
-3.6613560 0.4275142
0.0000000 0.0000000
0.0000000 0.0000000
-7.1189256 -1.3105499
-7.8395033 -2.9552622
-8.6481133 -4.7450981
-10.2957850 -7.0692220
-7.9778457 -9.6081467
0.5740303 -9.0244427
5.6912370 -7.6920543
16.3399353 -9.6325054
33.4378548 -7.8301597
21.7332611 -2.7445791
11.5583706 0.1316318
7.2676759 2.8309946
4.2893329 3.2561705
1.2076581 4.6773272
-3.3491726 7.3771939
-7.2803130 7.9956822
-9.7284021 8.5629597
-7.4929733 5.8828707
-6.0360484 4.4350748
-5.0103402 3.3715425
-4.2736368 2.5143881
-3.7530422 1.7949669
-3.4081485 1.1581903
-3.1345654 0.5594488
0.0000000 0.0000000
0.0000000 0.0000000
-5.5379305 -1.5527122
-6.0357733 -3.4335399
-6.5045199 -5.5013795
-7.2155108 -8.1778345
-6.6698422 -11.8394194
-2.1419904 -14.4360142
5.8773780 -14.4682074
19.8730106 -11.5531034
25.2426472 -6.1483269
22.0786915 -1.4184252
12.7007656 4.8791547
3.8125875 8.9708099
4.1584449 7.4047999
-1.4116336 9.8339186
-3.3046973 11.7385788
-7.2610021 12.7093849
-6.7326837 9.2709761
-5.6182675 7.0930314
-4.6615748 5.4553814
-3.9102774 4.1428981
-3.3547735 3.0632486
-2.9611230 2.1502843
-2.7071154 1.3579762
-2.4651761 0.6647863
0.0000000 0.0000000
0.0000000 0.0000000
-3.7726448 -1.7797893
-4.1105776 -3.8064644
-4.3957582 -5.9648290
-4.7109389 -8.4854212
-4.7731552 -11.2446585
-2.0396388 -13.1350374
3.9017856 -11.9909496
10.7798357 -8.0722055
13.4997435 -4.3291430
12.9068823 2.8578472
6.6538558 13.9801970
5.7888327 11.5938082
1.7400528 16.1345444
-1.2485647 16.5797405
-3.1062245 16.0507965
-4.1264668 12.8432026
-3.9725928 9.9277639
-3.6020124 7.8220916
-3.1439216 6.1647635
-2.6878827 4.7970963
-2.3175802 3.6183977
-2.0505509 2.5712204
-1.8921955 1.6135999
-1.8295484 0.7192571
0.0000000 0.0000000
0.0000000 0.0000000
-1.7249525 -2.2069359
-1.9057313 -4.7006130
-2.1314270 -7.0903964
-2.2882118 -9.1152210
-2.1727469 -10.6006203
-1.2196456 -10.6398888
1.7413994 -9.9946032
3.6786711 -5.9517756
5.3373017 -0.3972242
5.5829825 4.8526092
3.9105668 11.6522818
1.7411648 15.3243141
0.0525374 15.6659594
-1.2599783 15.0436792
-1.7144892 14.7554464
-2.0058725 14.1930141
-1.9293834 12.7749739
-1.6613210 10.7710619
-1.3683362 8.6624565
-1.1248637 6.7268543
-0.9475258 5.0346675
-0.8313471 3.5553017
-0.7752307 2.2126565
-0.9078624 0.7413508
0.0000000 0.0000000
0.0000000 0.0000000
0.0000000 0.0000000
0.0000000 0.0000000
0.0000000 0.0000000
0.0000000 0.0000000
0.0000000 0.0000000
0.0000000 0.0000000
0.0000000 0.0000000
0.0000000 0.0000000
0.0000000 0.0000000
0.0000000 0.0000000
0.0000000 0.0000000
0.0000000 0.0000000
0.0000000 0.0000000
0.0000000 0.0000000
0.0000000 0.0000000
0.0000000 0.0000000
0.0000000 0.0000000
0.0000000 0.0000000
0.0000000 0.0000000
0.0000000 0.0000000
0.0000000 0.0000000
0.0000000 0.0000000
0.0000000 0.0000000
0.0000000 0.0000000
0.0000000 0.0000000
0.0000000 0.0000000
0.1790628 -0.2045530
0.0000000 0.0000000
0.2901619 -0.1139940
-0.2479955 -0.0976010
-0.2829089 0.1786230
0.0000000 0.0000000
-1.3618121 0.4295319
-0.5517477 1.1633434
-0.5574133 2.1982253
0.0000000 0.0000000
-1.6476505 1.9907236
-0.4954436 3.1023643
-0.4448295 3.8737559
0.0000000 0.0000000
-1.1305133 3.1425083
-0.3465841 4.5135479
-0.3130586 5.0185332
0.0000000 0.0000000
-0.7895871 3.9102044
-0.2907544 5.5085468
-0.3012561 5.9849181
0.0000000 0.0000000
-0.7487956 4.6590228
-0.3198066 6.5013828
-0.3618659 7.0180664
0.0000000 0.0000000
-0.8610798 5.5025625
-0.3928329 7.6668801
-0.4737518 8.3063650
0.0000000 0.0000000
-1.0923779 6.4745507
-0.5365413 9.2130690
-0.7013359 10.0779200
0.0000000 0.0000000
-1.5482689 7.6876249
-0.8714004 11.5175571
-1.1735418 12.9270697
0.0000000 0.0000000
-2.5528855 9.6189928
-1.7223685 15.2343302
-1.9112346 18.2757931
0.0000000 0.0000000
-4.8796639 14.2212381
-1.7022102 21.2426567
-2.3193338 24.7552624
0.0000000 0.0000000
3.2879159 12.9659214
4.8132129 18.5923080
11.8025532 4.9877748
0.0000000 0.0000000
11.4434700 11.3243122
10.9446621 -9.7880964
-1.7131071 -10.0641832
0.0000000 0.0000000
6.8554029 -3.2760026
0.6666945 -12.8972158
0.5699221 -14.0105629
0.0000000 0.0000000
-9.8125334 -11.0366087
0.0751620 -9.6773930
-0.2762742 -7.8794942
0.0000000 0.0000000
-3.0315876 -6.3390021
-0.6367958 -6.9297132
-0.4840369 -5.5735588
0.0000000 0.0000000
-1.9400798 -4.3157015
-0.4563489 -4.8217664
-0.3763820 -3.9709580
0.0000000 0.0000000
-1.1579134 -3.1917241
-0.3121210 -3.4574943
-0.2616015 -2.9218593
0.0000000 0.0000000
-0.7594545 -2.4035816
-0.2141884 -2.5584862
-0.1880987 -2.1960533
0.0000000 0.0000000
-0.5360956 -1.8463393
-0.1588982 -1.9234872
-0.1444475 -1.6561022
0.0000000 0.0000000
-0.4047192 -1.4152901
-0.1265102 -1.4451169
-0.1160239 -1.2245219
0.0000000 0.0000000
-0.3414009 -1.0641464
-0.1159579 -1.0319923
-0.1303597 -0.8251449
0.0000000 0.0000000
-0.3799737 -0.7293497
-0.1521555 -0.5736132
-0.1557688 -0.3206549
0.0000000 0.0000000
-0.4434742 -0.3024772
-0.1020099 -0.1280489
-0.0362283 0.0655575
0.0000000 0.0000000
-0.0333998 0.0205656
0.0000000 0.0000000
0.0000000 0.0000000
0.4864097 -0.0909367
0.3273432 0.0271540
-0.9108922 0.2558439
-1.8302293 0.7886139
-2.6869023 1.0124187
-2.3173172 1.5541557
-2.2782397 2.1569295
-2.6687384 2.1564903
-1.7839215 2.6601839
-1.4510440 3.0914679
-1.8650613 2.8319910
-1.2469823 3.4249113
-1.1679523 3.8131690
-1.5922292 3.6122971
-1.1737026 4.2144265
-1.2301111 4.6438222
-1.6392386 4.4791760
-1.3018597 5.1200628
-1.4257003 5.5356884
-1.8017062 5.3001604
-1.5446550 6.0732045
-1.7796818 6.4839849
-2.1355488 6.0705748
-2.0237660 7.1563616
-2.5214562 7.5663991
-2.8566854 6.7415023
-3.0425732 8.5558624
-4.2839828 8.8535652
-4.4115815 6.9921513
-5.7897420 10.3268270
-9.0575809 11.6328688
-10.2168274 7.8034978
-1.5773294 8.3835516
7.3571453 11.5067587
11.0968046 11.9705114
11.7243433 9.6787500
21.0207481 9.6559029
23.0129089 7.7164822
25.9372711 -6.8082547
17.3239250 -3.1734743
25.3999500 0.7085473
4.9967771 -10.2736053
-9.3879547 -9.9435072
-11.7616053 -9.0036154
-3.7743781 -6.8869905
-3.2575710 -5.9995179
-4.5416651 -5.9987512
-2.9337454 -4.8387518
-2.2481215 -3.7310557
-2.7595735 -3.4312472
-1.8146186 -3.3919635
-1.4700991 -2.8483903
-1.8772247 -2.5766058
-1.1795197 -2.5305293
-0.9961424 -2.1996651
-1.2957867 -2.0471818
-0.8275654 -1.9341792
-0.7257476 -1.7095146
-0.9574696 -1.6279062
-0.6262663 -1.4928620
-0.5686470 -1.3185464
-0.7589497 -1.2719626
-0.5083653 -1.1356682
-0.4805743 -0.9833512
-0.6484923 -0.9504629
-0.4713196 -0.8320546
-0.5160266 -0.6741172
-0.6812436 -0.6706935
-0.6039155 -0.4728395
-0.6547196 -0.3117495
-0.8403820 -0.3449037
-0.5411853 -0.1453486
-0.0235739 -0.0120903
-0.1043195 -0.0395723
0.0000000 0.0000000
0.0000000 0.0000000
0.1276275 0.0801154
-0.1808707 0.1729232
-2.0211632 0.5667073
-3.3176775 1.2422603
-3.9340096 1.3898252
-3.5472198 1.8723195
-3.0614235 2.1494415
-3.3153133 2.1275756
-2.4916019 2.4409890
-2.1620591 2.7979121
-2.5662816 2.7469294
-2.0332489 3.1845102
-2.0190785 3.5984869
-2.4557874 3.5750148
-2.0334840 4.0318937
-2.0873499 4.4405813
-2.4682710 4.3855634
-2.1336226 4.8678684
-2.2456648 5.2043915
-2.5667546 5.1015902
-2.3480530 5.6367188
-2.5842414 5.8775797
-2.8154979 5.6758618
-2.7964201 6.3357692
-3.2565942 6.4034972
-3.3443961 6.0291543
-3.6481519 6.8190670
-4.3861551 6.7342176
-4.3718381 6.1032348
-4.5137258 7.0788412
-9.7550697 7.5423193
-9.3591080 7.1188083
-9.2099781 5.8240128
7.4625535 6.4683099
13.6766605 1.9587536
16.3499260 7.1493168
22.2449818 7.2447944
29.5657158 2.4840136
31.1914864 -4.8101945
27.1308842 2.8659153
31.7042542 4.5697551
13.4229984 -3.4635184
-12.4187555 -3.6691983
-8.7675753 1.3642786
-7.8157516 -2.3802671
-6.2104692 -4.1857915
-7.8036647 -1.6878817
-3.7749965 -2.8918421
-3.2137208 -2.8549416
-3.7635393 -2.1034961
-2.4893658 -2.3252249
-2.1004357 -2.2161388
-2.3095987 -1.8337892
-1.6973504 -1.9213341
-1.4690452 -1.8244654
-1.6252594 -1.6095057
-1.2381767 -1.6025120
-1.1076031 -1.4948040
-1.2506578 -1.3765551
-0.9748613 -1.3107964
-0.9014677 -1.1959499
-1.0403714 -1.1332556
-0.8243764 -1.0240742
-0.7919399 -0.9081608
-0.9254164 -0.8737825
-0.7630961 -0.7606004
-0.8066209 -0.6437441
-0.9323183 -0.6305202
-0.9092522 -0.4918293
-1.0000006 -0.3666647
-1.1509632 -0.3786600
-0.9315680 -0.1978369
-0.1852118 -0.0540876
-0.2927539 -0.0669091
0.0000000 0.0000000
0.0000000 0.0000000
-0.6096221 0.2321480
-1.1077055 0.3056672
-3.4753380 0.7847805
-4.4842625 1.5104784
-4.9258995 1.5755247
-4.2716937 1.9838206
-3.5662973 2.0968411
-3.8266940 2.0808594
-3.1044276 2.3694229
-2.9366720 2.7764990
-3.3510048 2.7851000
-2.8811617 3.1929910
-2.8725100 3.6003854
-3.2888348 3.6047251
-2.8510792 4.0022812
-2.8554850 4.3909869
-3.2403028 4.3863859
-2.8671904 4.7624927
-2.9111528 5.0834022
-3.2269166 5.0650730
-2.9525497 5.4024611
-3.0639565 5.5947766
-3.2314734 5.5237575
-3.1566174 5.7943306
-3.4425750 5.7542872
-3.3416402 5.5478511
-3.7040820 5.7933831
-4.3696613 5.2349248
-3.8111496 4.6824784
-5.0782804 5.1316051
-10.3536663 4.5882158
-7.8367381 3.3226171
0.0909614 -4.3760571
9.1435022 0.3649645
6.6777568 0.4321749
15.5000067 4.5538754
18.2580872 6.0087662
26.4104862 0.5551077
32.5172958 -0.3565287
31.2930546 3.7939179
27.7069740 3.3527899
11.3651171 4.9741607
-5.3418250 4.1944933
4.1755710 7.3357353
-8.4641218 0.5913103
-6.5502987 0.5749545
-3.3635206 2.3171070
-4.4986587 -0.1599738
-3.5759127 -1.0401766
-2.6452401 -0.1478652
-2.7189045 -1.0903310
-2.3080590 -1.3601730
-2.0436206 -0.9575760
-1.9217499 -1.2997185
-1.6958849 -1.3721486
-1.6585755 -1.1641358
-1.4717395 -1.2587749
-1.3482058 -1.2474662
-1.3939506 -1.1339849
-1.2203155 -1.1178863
-1.1525533 -1.0613579
-1.2370108 -1.0000180
-1.0803303 -0.9230501
-1.0503112 -0.8394817
-1.1527423 -0.8080024
-1.0155483 -0.6989982
-1.0470490 -0.6085562
-1.1517721 -0.5930097
-1.1408169 -0.4939630
-1.2772622 -0.3841733
-1.4034785 -0.3853301
-1.3204445 -0.2155918
-0.4174774 -0.0742452
-0.5440037 -0.0811691
0.0000000 0.0000000
0.0000000 0.0000000
-1.6887237 0.3589784
-2.3343518 0.4098719
-4.9995608 0.9104827
-5.3364377 1.6098070
-5.6474638 1.6130272
-4.7285576 1.9677205
-4.0832815 2.0649931
-4.4088616 2.0670557
-3.8133268 2.3937321
-3.7612348 2.8330798
-4.1792374 2.8584206
-3.7219925 3.2453949
-3.6783931 3.6636386
-4.1142869 3.6845284
-3.6468713 4.0518451
-3.6008921 4.4664335
-4.0366621 4.4983392
-3.5776534 4.8093443
-3.4825454 5.1968026
-3.9189379 5.2734799
-3.4601662 5.4565530
-3.3800399 5.7220159
-3.6919637 5.9734421
-3.2842658 5.8998699
-3.2322555 5.8723454
-3.2852180 6.3237748
-3.0882289 5.7498860
-2.8828113 5.3709731
-2.4185622 5.6772370
-2.3185284 3.8533452
-4.4975896 4.3500447
-3.5903003 4.7346382
5.3494515 -3.5526512
8.2180214 0.1244963
9.5519981 0.7790366
12.2748890 0.7891956
19.3374672 1.3724099
19.2610207 0.3800409
33.1058159 -0.3397780
31.7263203 2.2391109
29.1712570 2.0196128
-2.0452538 0.3098106
-0.1031296 4.3374405
-2.1251316 1.0522940
-3.0812216 0.2909929
-3.2170508 1.2753969
-2.8904986 0.8570263
-2.8944647 0.0228353
-2.5182068 -0.1838498
-2.0840631 -0.0536143
-2.1526449 -0.5654500
-1.9637805 -0.8193696
-1.7020330 -0.6668507
-1.7868863 -0.9216045
-1.6618835 -1.0446820
-1.5647739 -0.9406615
-1.5248795 -1.0216879
-1.4492899 -1.0561205
-1.4442327 -0.9920797
-1.3644209 -0.9753320
-1.3231001 -0.9528724
-1.3718984 -0.9161945
-1.2757405 -0.8486707
-1.2590133 -0.7850321
-1.3397067 -0.7664289
-1.2361996 -0.6578764
-1.2600061 -0.5792237
-1.3530849 -0.5691593
-1.3368751 -0.4864586
-1.5090215 -0.3836866
-1.6186695 -0.3814367
-1.6845872 -0.2262925
-0.6878482 -0.0856037
-0.8265051 -0.0897113
0.0000000 0.0000000
0.0000000 0.0000000
-3.0129523 0.4448477
-3.7320845 0.4690311
-6.3873806 0.9549738
-5.9502063 1.5902232
-6.2007046 1.5567584
-5.1427789 1.8855989
-4.7298956 2.0751891
-5.1194067 2.0861251
-4.6182985 2.4605489
-4.5944428 2.9070795
-5.0271845 2.9276824
-4.5569797 3.3166106
-4.5136395 3.7561393
-4.9777846 3.7907300
-4.4889197 4.1582017
-4.3752656 4.6650925
-4.9551625 4.7219200
-4.3913236 5.0348969
-4.2234778 5.6000309
-4.8825998 5.8112082
-4.1739831 5.9866943
-3.9842441 6.4629188
-4.4160900 6.8401661
-3.6122046 6.7512431
-3.0955548 6.7740531
-3.0270731 6.8842530
-2.2992790 6.4508171
-1.3207494 5.8240690
-0.7967248 5.4623318
-0.3949856 4.4787645
-2.1946185 4.5157208
-0.8675294 3.2248814
8.7070990 -2.1328607
11.0946474 1.4206707
10.5292959 0.3383316
13.5127268 1.1067572
17.2722073 1.7373228
16.9875088 1.8768046
33.9685555 -2.5477026
33.0067253 0.4573865
28.0140533 1.1435752
-0.5461019 -0.1314124
-0.4394460 1.4034036
-0.3125225 1.2651982
-2.2554536 -0.2366942
-2.2853119 0.6877006
-2.0938668 0.2802407
-2.0534341 -0.2185008
-1.8096834 -0.1509421
-1.5753136 -0.3132700
-1.6189669 -0.5028078
-1.5647198 -0.6822851
-1.3641232 -0.7194394
-1.5541232 -0.8175827
-1.5335113 -0.9272449
-1.4371462 -0.9355646
-1.4954422 -0.9417837
-1.4790566 -0.9782211
-1.4617809 -0.9794285
-1.4513844 -0.9244066
-1.4453763 -0.9072962
-1.4812838 -0.9077812
-1.4329120 -0.8242363
-1.4362018 -0.7632092
-1.5080581 -0.7650190
-1.4366367 -0.6502084
-1.4593737 -0.5680114
-1.5500181 -0.5690304
-1.5221058 -0.4857396
-1.7143197 -0.3807528
-1.8164451 -0.3802815
-2.0171416 -0.2389104
-0.9829246 -0.0930013
-1.1312689 -0.0957962
0.0000000 0.0000000
0.0000000 0.0000000
-4.4486060 0.4799926
-5.1747737 0.4805042
-7.5347819 0.9436907
-6.4611487 1.5052776
-6.7161846 1.4556359
-5.6768980 1.7864127
-5.5000901 2.1012316
-5.9268556 2.1073058
-5.4720764 2.5157635
-5.4439440 2.9652135
-5.8989530 2.9757934
-5.4250598 3.3838716
-5.4008675 3.8715923
-5.9264073 3.9101644
-5.4296150 4.3220878
-5.4001870 4.9313841
-6.0818925 5.0352402
-5.4734726 5.4436760
-5.3684592 6.1563272
-6.0414014 6.3097854
-5.1577334 6.6537662
-4.7184572 6.9783802
-4.7958703 6.9903631
-3.7054000 7.0943069
-2.4129224 6.7861648
-2.0748127 6.2452660
-0.8853378 6.1533875
0.8045628 5.2705526
1.3024435 4.7737103
2.4175088 4.1526446
1.3846678 3.5028799
2.3378680 3.5864651
11.5077829 -1.5377043
11.9177895 0.6247846
13.1571598 1.0924346
13.6833849 0.5561676
14.8637600 -0.3279444
15.2319984 -0.8176205
35.0188408 1.3604400
33.0818787 2.3347831
27.3515644 -1.1949760
0.3551035 -1.7400086
-0.0060782 0.8824278
-0.5896880 0.2306490
-1.6713339 -0.7662814
-1.7969464 -0.0399743
-1.8716474 -0.3414430
-1.5450329 -0.6093600
-1.4026484 -0.5354747
-1.3237406 -0.8108406
-1.2227232 -0.7231508
-1.2663537 -0.8554048
-1.1395813 -1.0250726
-1.3506012 -0.9362040
-1.4220177 -1.0155518
-1.3554714 -1.1148322
-1.4657613 -1.0179331
-1.5045947 -1.0290766
-1.5022830 -1.0910351
-1.5319659 -0.9772404
-1.5603482 -0.9407248
-1.6046747 -0.9794027
-1.5839179 -0.8625963
-1.6077266 -0.7861862
-1.6850494 -0.8100680
-1.6339386 -0.6817537
-1.6607047 -0.5825343
-1.7580055 -0.5961000
-1.7158237 -0.5024267
-1.9116323 -0.3846435
-2.0161364 -0.3888235
-2.3227086 -0.2566730
-1.2985885 -0.0992675
-1.4575675 -0.1019123
0.0000000 0.0000000
0.0000000 0.0000000
-5.8777838 0.4719500
-6.5707736 0.4581227
-8.4323025 0.9053903
-6.9912515 1.3979359
-7.2873116 1.3422513
-6.3776307 1.6974186
-6.3404760 2.1107981
-6.7812448 2.0958667
-6.3475928 2.5317147
-6.3286519 2.9924045
-6.8042536 2.9815164
-6.3586702 3.4333274
-6.4086771 3.9745536
-6.9961114 3.9954765
-6.5569682 4.4934964
-6.6665320 5.1931396
-7.3662710 5.2505889
-6.7412639 5.7759509
-6.5711365 6.3610191
-6.8900738 6.2974272
-5.8205242 6.6747141
-4.6701002 6.5344434
-4.2760410 6.1192098
-3.0470161 6.1883130
-1.2613739 5.6431742
-0.6617637 4.8960466
0.5335302 4.9639130
2.4542356 4.1636224
3.2314870 3.4552219
4.3499222 3.2756667
3.4093354 2.9988303
4.5329733 2.1401660
13.4103928 -1.0964047
13.7343559 0.6623142
14.0135775 -0.2311372
15.0589218 0.2518073
15.1242352 -0.6572183
17.3793888 -0.3220300
36.9284210 -3.2342398
32.4780197 -0.9493135
22.4088516 -2.7367129
0.7638786 -2.1124609
0.1329539 0.4153092
-0.4451216 -0.1009404
-1.0579383 -1.3045026
-1.4374019 -0.5806183
-1.2656566 -1.1876192
-1.3358607 -1.0930257
-1.2235854 -1.0614560
-1.0713692 -1.4038936
-1.0433775 -1.1235218
-1.1227032 -1.2297277
-1.0151007 -1.4624492
-1.2585787 -1.2340499
-1.3922242 -1.2645340
-1.3602355 -1.4247080
-1.4974639 -1.2311682
-1.5781269 -1.1953412
-1.6072514 -1.3028773
-1.6506840 -1.1254563
-1.7062030 -1.0493283
-1.7753228 -1.1181821
-1.7606078 -0.9622992
-1.7998188 -0.8541352
-1.8955170 -0.8963740
-1.8479272 -0.7504334
-1.8799644 -0.6231959
-1.9922943 -0.6470985
-1.9332718 -0.5385408
-2.1190789 -0.3992572
-2.2344370 -0.4079922
-2.6116507 -0.2798382
-1.6366038 -0.1062417
-1.8087599 -0.1095252
0.0000000 0.0000000
0.0000000 0.0000000
-7.2317271 0.4403478
-7.8748717 0.4199796
-9.1147861 0.8574824
-7.5982928 1.2816476
-7.9355969 1.2230005
-7.1974878 1.6101032
-7.2058253 2.0731037
-7.6474171 2.0343997
-7.2391896 2.4913166
-7.2534871 2.9658647
-7.7388616 2.9270406
-7.3594890 3.4293003
-7.5475640 4.0112872
-8.1650276 3.9895465
-7.8109360 4.5652971
-7.9849610 5.2674570
-8.5709648 5.2286320
-7.8156500 5.7530875
-7.1331677 5.9880285
-6.9735613 5.6619701
-5.6187372 5.8987226
-3.7719097 5.3228364
-3.0970507 4.6920171
-1.8687617 4.6889987
0.0581113 3.9162774
0.9700608 3.1824141
1.8893749 3.1270647
3.9855878 2.3928959
4.9477839 1.5310268
5.8917351 1.7822869
5.6601167 1.1168292
6.8203959 -0.1568811
14.5729351 -1.0289428
15.2450676 0.4183801
14.2301617 -0.2144564
15.5755386 -0.6472437
19.7366562 -4.5062537
26.1360855 -5.8494277
36.2863503 -2.6298690
29.4983864 -2.6961527
19.3302898 -3.6066506
-0.8060498 -2.4009473
-1.0999014 -0.0911029
2.7728853 1.0917068
-1.0161347 -0.9372543
-1.2910941 -1.4238168
0.0272971 -1.3918864
-1.2396426 -1.6599224
-1.1619209 -1.7060615
-0.7854959 -2.0071161
-1.0243787 -1.7335790
-1.1261549 -1.7446781
-1.0306245 -2.0102127
-1.3041027 -1.6912408
-1.4755648 -1.6348929
-1.4955597 -1.8319311
-1.6286266 -1.5551693
-1.7367526 -1.4495399
-1.8142260 -1.5840002
-1.8421650 -1.3478118
-1.9132084 -1.2152061
-2.0209367 -1.3007697
-1.9883355 -1.1089965
-2.0345781 -0.9565083
-2.1586132 -1.0084196
-2.0961156 -0.8467520
-2.1306987 -0.6833196
-2.2645676 -0.7123636
-2.1858914 -0.5895041
-2.3512230 -0.4226903
-2.4832308 -0.4335396
-2.8935626 -0.3057278
-2.0010657 -0.1147344
-2.1888733 -0.1186610
0.0000000 0.0000000
0.0000000 0.0000000
-8.4811144 0.3982896
-9.0674047 0.3756500
-9.6204271 0.8036276
-8.2807322 1.1618893
-8.6428099 1.0983034
-8.0597477 1.5158950
-8.0692225 1.9817898
-8.4995031 1.9118313
-8.1381102 2.3906629
-8.1987486 2.8686194
-8.6802006 2.7921884
-8.3999186 3.3333800
-8.7690067 3.9622126
-9.3992109 3.8993971
-9.0711756 4.4955921
-9.0668201 5.1261401
-9.3696241 4.8938222
-8.3205805 5.3617549
-6.7586913 5.1129532
-6.2458410 4.5504918
-4.5609932 4.6353936
-2.4197450 3.8929143
-1.6420987 3.0673819
-0.3710973 3.1881635
1.6451244 2.2955658
2.4140799 1.4514878
3.5922518 1.4053383
5.5653081 0.5072168
6.4765401 -0.3579630
7.2813983 0.1422892
7.8822994 -1.1715773
9.1391659 -2.2491984
13.5970173 -1.5351381
13.9715252 -0.6007949
16.1748619 -2.6999795
24.5485535 -8.4306717
28.7506905 -11.9220915
35.9078445 -10.4067373
33.3418312 -5.4726768
2.3374991 -4.0685158
4.5160642 -3.0735784
6.4484415 -0.8040298
3.2286911 -2.2899072
2.2970126 -4.0851202
0.7395210 -2.8539994
-0.4301438 -2.7415190
-0.2030841 -3.6007040
-0.9459132 -2.8975756
-1.0892470 -2.6930134
-1.0500176 -3.2353630
-1.1321416 -2.5938258
-1.2822590 -2.4190724
-1.3473008 -2.7604408
-1.5099974 -2.2795429
-1.7009851 -2.0942383
-1.8246459 -2.3184457
-1.8906891 -1.9529704
-2.0091333 -1.7559327
-2.1575379 -1.8985788
-2.1317585 -1.6134784
-2.2026098 -1.4097750
-2.3606377 -1.4966207
-2.2850041 -1.2797967
-2.3271186 -1.0741029
-2.4860544 -1.1244948
-2.3904805 -0.9540372
-2.4221551 -0.7503746
-2.5807734 -0.7772855
-2.4801786 -0.6453726
-2.6165478 -0.4489222
-2.7676549 -0.4586906
-3.1717553 -0.3305379
-2.3952138 -0.1243786
-2.5995040 -0.1284063
0.0000000 0.0000000
0.0000000 0.0000000
-9.6138449 0.3534028
-10.1400766 0.3289933
-9.9832306 0.7433865
-9.0005589 1.0293638
-9.3641834 0.9594505
-8.8895206 1.3958375
-8.9049950 1.8274674
-9.3111162 1.7301372
-9.0185652 2.2172556
-9.1384602 2.6898973
-9.5971375 2.5580909
-9.4661760 3.1162679
-10.0244427 3.7852478
-10.5982800 3.6370313
-10.0990257 4.1336617
-9.5300159 4.5076556
-9.4372168 4.0950804
-8.0725765 4.4264860
-5.6508489 3.8277948
-4.9446244 3.1185453
-3.0998235 3.1027176
-0.8341784 2.4016287
-0.1562634 1.6850644
1.3424203 1.7021757
3.2992897 0.8074811
4.0602446 0.1852750
5.3659816 0.0447506
7.4364018 -1.1202637
8.4133825 -1.7657123
8.8344860 -1.9905841
10.1429996 -3.4450772
11.8522987 -4.3859811
12.7111921 -3.0870745
20.0752888 -6.3758950
21.0278263 -7.3201442
30.2853985 -11.7384682
34.3579559 -11.7590771
31.6830921 -8.9631195
17.2517128 -4.9999356
6.3098240 -4.0489426
6.9543571 -5.8833351
5.2636948 -4.9877596
2.7702532 -4.8773971
2.2943175 -6.0768266
0.7576282 -4.8284488
-0.6154706 -4.6750255
-0.7667758 -5.5515523
-1.3045058 -4.4134579
-1.5586712 -3.9787886
-1.8887273 -4.5949974
-1.6400073 -3.6096475
-1.7583574 -3.2098494
-2.0504820 -3.5710683
-1.9601930 -2.9318757
-2.1297541 -2.5907922
-2.3780286 -2.8081019
-2.3247883 -2.3696091
-2.4225781 -2.0680163
-2.6544318 -2.1930256
-2.5370262 -1.8814629
-2.5874615 -1.5975388
-2.8010194 -1.6673161
-2.6590104 -1.4455304
-2.6840098 -1.1823739
-2.8793609 -1.2192241
-2.7359066 -1.0519950
-2.7567821 -0.8090489
-2.9390452 -0.8261595
-2.8151364 -0.6933139
-2.9166932 -0.4703864
-3.0857584 -0.4750923
-3.4420426 -0.3494622
-2.8185697 -0.1334494
-3.0371718 -0.1366187
0.0000000 0.0000000
0.0000000 0.0000000
-10.6201258 0.3051643
-11.0771856 0.2773513
-10.2226591 0.6682926
-9.7134876 0.8861116
-10.0544920 0.8078509
-9.6362810 1.2472427
-9.6861820 1.6189463
-10.0527744 1.4941273
-9.8343201 1.9736979
-10.0233870 2.4159200
-10.4594975 2.2662151
-10.5038586 2.7700317
-11.1320515 3.4644032
-11.5052185 3.2122827
-10.5830212 3.5011201
-9.2883244 3.5979009
-8.9520178 3.0933177
-7.1356659 3.2666881
-4.1643944 2.3890009
-3.3697596 1.7329454
-1.8014457 1.6819435
0.6647394 1.0133724
1.4436643 0.3923662
2.7000377 0.3068652
4.9282203 -0.4601174
5.8447719 -1.1497523
7.4159617 -1.2912072
9.2615786 -2.2815568
10.1187153 -2.6944613
10.8702850 -3.7086427
13.5137920 -4.8948750
14.9823313 -5.4250407
16.7867756 -5.5609856
23.2409000 -8.2662268
30.4007244 -12.1741409
33.0042763 -12.6196413
32.6624794 -11.3343420
20.1067410 -7.2419062
9.3720684 -6.0400376
7.1889577 -6.0827098
8.2952919 -5.7676959
5.0525956 -6.2403769
2.6351383 -6.4877710
2.5309727 -6.9595370
0.4990207 -6.4533405
-1.2333924 -6.3486924
-1.5192709 -6.9099917
-2.2161479 -5.8529644
-2.6151016 -5.2783122
-3.2289340 -5.7915959
-2.6581385 -4.6196780
-2.6472635 -3.9867265
-3.2025135 -4.2943702
-2.7002680 -3.5343382
-2.7920511 -3.0475390
-3.1703179 -3.2095957
-2.9470937 -2.7378070
-2.9872224 -2.3277793
-3.3043582 -2.4036071
-3.0599198 -2.1045258
-3.0678964 -1.7388120
-3.3338411 -1.7719885
-3.1067240 -1.5722848
-3.1014152 -1.2550830
-3.3281887 -1.2655940
-3.1278586 -1.1186101
-3.1287878 -0.8428574
-3.3290102 -0.8427554
-3.1814132 -0.7196553
-3.2466195 -0.4791274
-3.4285929 -0.4748948
-3.6945527 -0.3569930
-3.2641537 -0.1394105
-3.4906735 -0.1402228
0.0000000 0.0000000
0.0000000 0.0000000
-11.4809265 0.2516353
-11.8659916 0.2229465
-10.3700504 0.5801679
-10.3692513 0.7233618
-10.6672077 0.6377127
-10.2654772 1.0617849
-10.3810968 1.3562922
-10.6971931 1.2088654
-10.5610676 1.6687378
-10.8593206 2.0871789
-11.2347660 1.8692026
-11.4650364 2.2682407
-11.7956734 2.9060681
-11.9703856 2.5972941
-10.3991747 2.5276246
-8.5747185 2.5356431
-8.0862379 2.0292466
-5.7822380 2.1356843
-2.6865172 1.0917746
-1.9571841 0.6174508
-0.7275913 0.7402875
2.1136878 -0.1792949
2.9391744 -0.7696908
4.1500416 -0.9625258
6.6502795 -1.6837630
7.2549520 -2.0986085
9.0298729 -2.2286832
11.0490618 -2.9544146
12.0482922 -3.2678292
13.8065796 -4.9401131
16.3428459 -5.8760090
18.6847095 -6.0100193
24.0684605 -10.9278898
30.2639866 -13.4594355
34.3474693 -10.8940582
30.3767262 -9.8930273
17.9507523 -7.3023171
13.9788151 -6.4257321
11.5494738 -5.7293062
9.0337648 -6.1694860
9.1023588 -6.5618205
5.8856997 -6.8381186
3.1523869 -7.1324506
2.9841661 -7.1320710
0.4979005 -7.2299895
-1.7871197 -7.2426643
-2.1016498 -7.3631825
-3.2850344 -6.7505698
-4.0532775 -6.2125664
-4.7956901 -6.4067788
-4.1391802 -5.3426728
-3.9401641 -4.5825987
-4.6834669 -4.7685165
-3.7356055 -3.9462900
-3.6797895 -3.3618624
-4.1722736 -3.4145343
-3.7399755 -2.9806619
-3.6876049 -2.4674852
-4.0735173 -2.4625242
-3.6827316 -2.2306390
-3.6281087 -1.7924731
-3.9312198 -1.7705346
-3.6119962 -1.6246080
-3.5639856 -1.2659054
-3.8097551 -1.2384664
-3.5514987 -1.1304722
-3.5235987 -0.8359458
-3.7317047 -0.8114592
-3.5596676 -0.7112400
-3.5944650 -0.4670379
-3.7805185 -0.4505565
-3.9171720 -0.3473686
-3.7172325 -0.1398188
-3.9394586 -0.1367488
0.0000000 0.0000000
0.0000000 0.0000000
-12.1792908 0.1935045
-12.4715757 0.1573363
-10.4484768 0.4674769
-10.9244137 0.5556630
-11.1674566 0.4612276
-10.7646294 0.8383600
-10.9573727 1.0607228
-11.2100372 0.9006985
-11.1505718 1.3065857
-11.5576296 1.6675853
-11.8755865 1.4761075
-12.2196274 1.7084457
-12.0669365 2.3021982
-12.0715370 1.9676267
-9.8315086 1.6678343
-7.5821037 1.6082491
-7.0783157 1.2447855
-4.4332552 1.2424604
-1.3402363 0.2288216
-0.7099749 -0.0839923
0.5213225 0.1212719
3.6877408 -1.0730325
4.2999830 -1.2605516
5.6704259 -1.8247524
7.8462372 -2.2920394
8.3899565 -2.3185632
10.1905870 -2.5354979
12.8938656 -3.7009778
14.1372232 -4.3762078
16.6726913 -5.1386452
23.5448589 -7.2886229
24.1117764 -7.2018442
29.5879936 -11.7460461
31.7474442 -13.4761448
30.8401299 -11.8575573
21.7887230 -8.3021431
13.4147329 -6.3243518
13.8937187 -6.3897300
12.4682426 -6.2000866
9.3475494 -6.5226297
9.5850620 -6.2407990
6.6334467 -6.6062231
3.6204758 -6.8381925
3.6701090 -6.4506450
0.7365847 -7.0311975
-1.9959356 -7.1617422
-2.2870395 -6.8184280
-4.2339344 -6.7804422
-5.5246038 -6.4331789
-6.2142797 -6.3380780
-5.7539477 -5.4905777
-5.4905214 -4.8744183
-6.3189235 -4.8991795
-5.0036030 -4.0489974
-4.7399926 -3.4249175
-5.3112645 -3.3099594
-4.6477675 -3.0225713
-4.4774866 -2.4236274
-4.8997397 -2.3202972
-4.3637280 -2.2062306
-4.2336621 -1.7205410
-4.5526423 -1.6289005
-4.1420522 -1.5677902
-4.0434070 -1.1913540
-4.2907686 -1.1165721
-3.9809580 -1.0660118
-3.9183941 -0.7742239
-4.1189771 -0.7198475
-3.9233475 -0.6560556
-3.9391370 -0.4267973
-4.1172481 -0.3949728
-4.0998888 -0.3156428
-4.1534009 -0.1311806
-4.3568025 -0.1229109
0.0000000 0.0000000
0.0000000 0.0000000
-12.6799383 0.1176893
-12.8564739 0.0785538
-10.5149422 0.3372397
-11.3428936 0.3633153
-11.5010233 0.2494529
-11.1468077 0.5741846
-11.4049282 0.7368478
-11.6015825 0.5419465
-11.6491289 0.9167293
-12.1324921 1.2727876
-12.3893290 1.0171199
-12.7188444 1.0805572
-12.0077276 1.6484044
-11.9635782 1.3473173
-9.2702904 1.0509746
-6.5948563 0.9478325
-6.1554208 0.6549073
-3.2407358 0.6842129
-0.1148447 -0.3034209
0.3529242 -0.6443471
1.9789642 -0.3368587
4.7555814 -1.3210580
5.1440525 -1.3776598
6.8577800 -2.0517154
9.1662626 -2.3100739
9.9755993 -2.5014195
12.1844435 -3.4373112
15.5452423 -4.4403687
16.3979683 -4.2975974
19.9501572 -5.4064150
28.8703861 -8.8558216
34.7816849 -9.9060841
31.8550529 -8.3314447
28.6474400 -7.8100152
23.0438480 -7.4726925
15.9241056 -7.1694398
13.0721378 -6.1195664
13.6288128 -5.4811249
11.9746599 -6.0447359
9.3127956 -5.7997885
9.1425047 -5.1343718
6.7355866 -5.7317123
3.8792779 -5.6296706
4.0970249 -4.9347558
1.1598392 -5.9826188
-1.8227117 -6.0922074
-1.7940196 -5.3928537
-4.7908549 -6.1063390
-6.5997586 -6.0052257
-7.1221323 -5.5564108
-7.2793598 -4.8731632
-7.1442299 -4.7906117
-8.0098658 -4.5584617
-6.3852048 -3.7966080
-5.8704281 -3.1403098
-6.4486394 -2.8882365
-5.5762429 -2.8084903
-5.2867746 -2.1606312
-5.7047858 -1.9416139
-5.0457177 -1.9920831
-4.8336935 -1.4967806
-5.1337276 -1.3270415
-4.6572824 -1.3746777
-4.5021553 -1.0133996
-4.7246265 -0.8854213
-4.3824205 -0.9084337
-4.2829576 -0.6472525
-4.4556575 -0.5590087
-4.2415004 -0.5448149
-4.2542696 -0.3526991
-4.4046912 -0.3044000
-4.2355790 -0.2581774
-4.5395212 -0.1098898
-4.7075191 -0.0957966
0.0000000 0.0000000
0.0000000 0.0000000
-12.9487610 0.0324023
-12.9896212 -0.0156755
-10.5831146 0.1770917
-11.5826721 0.1327137
-11.6292324 -0.0117824
-11.4052839 0.2479748
-11.7186241 0.3403890
-11.8274927 0.0997204
-12.0450382 0.4589235
-12.5882263 0.7696631
-12.8305674 0.4666812
-13.1114845 0.5594326
-11.8701191 1.0897391
-11.8301945 0.7673846
-8.6650906 0.4517542
-5.6796055 0.3220187
-5.2617087 -0.0522326
-2.1161923 0.2151188
0.9143413 -0.7266185
1.0864300 -1.0840839
3.3278878 -0.7732186
5.5895820 -1.6816919
6.0675120 -1.9975103
7.8962774 -2.0395727
10.7941246 -2.8436346
11.5551071 -3.2895894
13.4552088 -4.0208125
18.0453777 -3.6825478
18.0980015 -3.1519072
27.3345318 -9.0706959
32.0692101 -12.9157028
36.1726074 -12.5438738
32.3030586 -10.8720789
21.3923378 -8.6275311
16.4083080 -6.6845350
15.0300980 -5.6861634
13.4358482 -5.0371413
13.1253700 -4.8668175
11.2316608 -5.0020709
8.8221922 -4.4937916
8.4872265 -3.8879831
6.4024792 -4.3399229
3.9607689 -4.1742415
4.0108323 -3.4962668
1.5552886 -4.3893566
-1.2802193 -4.4451003
-1.0588087 -3.5476975
-4.7340121 -4.8604956
-7.2279372 -4.8208165
-7.3902750 -4.1859703
-8.4146080 -3.4382575
-8.7032366 -4.1098614
-9.3530741 -3.5354502
-7.7164731 -3.1872635
-6.9602222 -2.5432010
-7.5049686 -2.0939245
-6.4579659 -2.2961004
-6.0370793 -1.6536251
-6.3852258 -1.3308328
-5.6683712 -1.5552814
-5.3711467 -1.1048852
-5.6187496 -0.8546553
-5.1038127 -1.0251535
-4.8930802 -0.7219633
-5.0675154 -0.5394903
-4.7123313 -0.6482347
-4.5791311 -0.4488583
-4.7025990 -0.3261942
-4.4818163 -0.3735479
-4.5043440 -0.2455347
-4.6016164 -0.1769567
-4.3273926 -0.1730875
-4.8394108 -0.0744388
-4.9468846 -0.0564992
0.0000000 0.0000000
0.0000000 0.0000000
-12.9359283 -0.0632508
-12.8308067 -0.1124951
-10.6137352 -0.0096940
-11.6153679 -0.1877916
-11.5419798 -0.3848589
-11.5033445 -0.1640389
-11.8653994 -0.1668272
-11.8915234 -0.4932236
-12.3317671 -0.1341192
-12.9609747 0.1320043
-13.1159925 -0.3195013
-13.3931875 -0.2155389
-11.7071543 0.3195114
-11.6489630 -0.2361106
-8.0130386 -0.2328025
-4.8178697 -0.4281590
-4.5896449 -0.7295764
-1.2847004 -0.3459187
1.8336712 -1.0677891
1.6580855 -1.2681419
4.6118412 -1.4411882
6.8449335 -2.1637833
7.4815483 -2.1908941
9.1706572 -2.3461769
12.0492792 -3.5832672
12.3312750 -3.3966522
13.4137945 -2.6846640
22.9369221 -6.1677017
25.1419563 -6.4279923
36.8338585 -9.5856171
39.0318680 -8.7308321
31.6410065 -6.0805635
24.0678520 -6.6991029
15.7556944 -6.4938469
12.9761286 -4.9597778
14.4733391 -5.0505009
12.5036583 -4.4313030
11.6065598 -3.8068421
10.3380785 -3.8495605
8.1719723 -3.2502112
7.7570076 -2.5437117
6.1073885 -3.1017787
3.7995100 -2.8325758
3.9584720 -2.1865859
1.4339303 -2.8494794
-1.0249392 -2.7727220
-1.0162214 -1.9921478
-4.1914101 -3.0306778
-7.3209739 -3.3809247
-7.2771959 -2.4198539
-9.0857906 -2.0201395
-9.8253937 -2.8632901
-10.3392878 -2.0159121
-8.9514122 -2.1062870
-7.9022794 -1.5371040
-8.2821302 -0.9634368
-7.1658430 -1.4582466
-6.6349387 -0.9234875
-6.8954716 -0.4827836
-6.1502748 -0.8991504
-5.7733774 -0.5489154
-5.9334378 -0.2271579
-5.4316392 -0.5250235
-5.1665230 -0.3178198
-5.2621064 -0.0869920
-4.9321437 -0.2901628
-4.7664347 -0.1777555
-4.8193355 -0.0242192
-4.6191273 -0.1452730
-4.6487403 -0.0964376
-4.6742702 -0.0116458
-4.3746986 -0.0600048
-5.0128202 -0.0326141
-5.0426111 -0.0107461
0.0000000 0.0000000
0.0000000 0.0000000
-12.6291132 -0.1690090
-12.3374920 -0.2225353
-10.4080896 -0.2492541
-11.4012136 -0.6103009
-11.1524553 -0.8371931
-11.3647976 -0.6762936
-11.8248386 -0.8757974
-11.6523151 -1.2842017
-12.4348755 -0.9098696
-13.1342716 -0.8223352
-13.1494112 -1.4338349
-13.5143242 -1.3313773
-11.5499306 -0.6275614
-11.7261858 -1.2707251
-7.7503781 -0.9449170
-4.3029413 -0.9596587
-4.6484919 -1.4806143
-0.5703365 -0.7686377
2.4220674 -1.3710843
1.4703935 -1.9186267
5.6128478 -1.3574163
8.3239040 -2.2338221
8.8322639 -2.3313944
10.3041592 -2.8429687
12.8204145 -3.2228041
13.9757586 -2.5714006
17.5206680 -3.6520486
24.1869698 -5.7854123
34.4220657 -11.8224525
40.0515480 -12.2138948
39.9288330 -11.5658379
32.2422943 -10.5023632
16.6696148 -6.1913643
13.0408258 -4.2622108
12.7597494 -4.1126781
12.9114361 -3.8285978
10.9749527 -3.0844266
10.2817469 -2.6867990
9.0116034 -2.4286399
7.1712599 -1.6963725
6.6919470 -1.0706843
5.9832506 -1.8690302
4.0030513 -1.4727112
4.3432603 -0.6717131
0.8592397 -1.6303005
-1.4386559 -1.0426677
-1.0944607 -0.3166697
-3.9774330 -1.0980765
-7.1931858 -1.2946836
-7.2307601 -0.2881621
-9.5311489 -0.1438735
-10.6127081 -0.9942245
-10.7628851 0.0713564
-9.7722273 -0.6981100
-8.4936485 -0.2939221
-8.7231541 0.4112339
-7.6387281 -0.2933232
-7.0016356 0.0273822
-7.0851364 0.5443584
-6.4338589 -0.0195761
-5.9837699 0.1486647
-6.0161166 0.5289676
-5.5846496 0.1111243
-5.2749734 0.1816956
-5.2694974 0.4493227
-5.0006304 0.1479772
-4.8084044 0.1550344
-4.7767630 0.3318996
-4.6295214 0.1278402
-4.6513014 0.0889478
-4.6005430 0.1882836
-4.3463688 0.0738459
-5.0305238 0.0138192
-4.9797735 0.0377206
0.0000000 0.0000000
0.0000000 0.0000000
-11.9669218 -0.2890589
-11.4566841 -0.3480476
-9.9143877 -0.5354043
-10.8699961 -1.1042734
-10.4145842 -1.3525020
-10.8949404 -1.3076310
-11.4324074 -1.7761776
-10.9968386 -2.2247152
-12.1406317 -1.9319149
-13.0391445 -2.1785164
-12.7133970 -2.9416490
-13.8033466 -2.7267148
-11.6593990 -2.0532415
-11.8505735 -3.1331196
-7.6753187 -2.4126544
-3.9506750 -1.9989641
-4.9376659 -3.0389555
-0.1745338 -1.6353848
2.7769780 -1.9230361
1.9989655 -3.2373264
5.9245272 -1.2857559
8.9134731 -2.5499003
8.3651981 -3.2207186
10.8171968 -2.3220074
13.7819452 -2.9942420
14.5162287 -4.0660477
27.0018978 -7.8836026
36.2168503 -9.5820656
39.6920128 -9.5267401
34.0526161 -8.1271534
27.7133198 -5.9066253
21.0411434 -4.1070251
14.7679071 -4.2123137
12.0632849 -3.8490872
11.4362679 -3.5348799
11.4490900 -2.9971745
9.4297943 -2.3932967
8.5679302 -2.1001196
7.6874881 -1.1978947
5.8942165 -1.1185467
5.1252227 -1.0909755
5.9168501 -0.7976484
3.8142662 0.0061488
2.7489953 0.6073881
0.6366243 -0.2162466
-1.9077902 0.5332178
-1.8799247 1.6958438
-4.2365589 0.8739704
-7.4582400 0.6806661
-7.4232860 1.8816544
-9.7068892 1.3636445
-10.8635836 1.2143983
-11.0166521 2.3435996
-10.0759029 1.2856108
-8.6844234 1.2563530
-8.6487360 2.0488639
-7.7292643 1.0780936
-7.0357294 1.1294677
-6.9601398 1.6844555
-6.4225636 0.9683380
-5.9400306 0.9509395
-5.8341122 1.3507667
-5.5122485 0.8148527
-5.1817012 0.7469878
-5.0617847 1.0300955
-4.8875885 0.6305958
-4.6835818 0.5294969
-4.5563259 0.7175609
-4.4872618 0.4294584
-4.5052381 0.3000855
-4.3692141 0.4063177
-4.1857862 0.2176950
-4.8832927 0.0650719
-4.7432251 0.0917685
0.0000000 0.0000000
0.0000000 0.0000000
-10.9065390 -0.4129288
-10.1758928 -0.4687324
-9.0773010 -0.8482795
-9.9573517 -1.6276556
-9.2890100 -1.8655649
-10.0072460 -1.9837141
-10.5876493 -2.7594185
-9.8472576 -3.2010331
-11.2350893 -3.1158280
-12.3405132 -3.9297702
-11.3897963 -4.6590929
-13.5272408 -4.6474686
-11.8028097 -4.7544746
-11.4072161 -6.0934510
-8.4170790 -4.8045659
-4.6167188 -3.4737759
-5.7989001 -4.7616229
-0.6316830 -3.2515860
2.8490868 -3.2143755
2.5718369 -4.1056814
6.5410619 -3.1441724
9.1157789 -3.3094025
8.4212551 -3.6492846
12.0558491 -2.4260623
21.0710258 -6.9026628
19.1071701 -6.5609474
31.6956997 -8.6788912
36.5815582 -9.8053598
35.9039688 -11.1553669
33.0541992 -9.3470383
21.9934292 -5.2295642
18.8093376 -2.7921779
13.4350042 -3.4685032
10.8729191 -2.3956530
11.1751251 -2.1429565
9.6338463 -1.8661928
7.7858348 -1.6834869
6.7221441 -1.0266068
7.5580773 -0.6128623
5.1828399 -0.6029835
4.6115947 0.4975628
4.2241240 0.4327495
2.2249498 1.0450329
0.2075597 2.2237537
-0.0741983 1.7950299
-2.4769907 2.8003936
-2.7464190 3.6291111
-4.6521621 3.2283154
-7.7349224 3.1008215
-8.0124235 5.4380865
-10.7709141 4.0551181
-10.5208664 3.8060129
-10.4991293 4.6982279
-9.4625435 3.1310408
-8.2990265 2.9446926
-7.9151640 3.6964598
-7.3950686 2.5216532
-6.7208381 2.2990890
-6.3958936 2.8694811
-6.0905204 2.0053763
-5.6272011 1.7852714
-5.3498244 2.1944551
-5.1927447 1.5453655
-4.8734026 1.3335819
-4.6250539 1.6189204
-4.5770688 1.1272297
-4.3792276 0.9170712
-4.1491909 1.1039417
-4.1800728 0.7376705
-4.1993046 0.5200288
-3.9739301 0.6254814
-3.8834655 0.3621965
-4.5565400 0.1204709
-4.3270235 0.1460831
0.0000000 0.0000000
0.0000000 0.0000000
-9.4546909 -0.5221063
-8.5273714 -0.5714932
-7.9023805 -1.1643442
-8.6401043 -2.0979588
-7.8032389 -2.3051226
-8.6877346 -2.6613224
-9.1922722 -3.6462348
-8.2575645 -4.0469356
-9.6690617 -4.2714734
-10.6609478 -5.5319629
-9.3826809 -6.1985044
-11.8271160 -6.4190674
-11.2867088 -7.5739894
-10.4057007 -8.4309530
-9.5933199 -8.1192236
-6.5206141 -7.7661262
-4.5481167 -8.8898878
-1.9797193 -7.3291492
1.9262322 -6.5337052
3.1524773 -7.6196055
5.2805610 -5.4264078
8.6434526 -6.6943603
11.5622091 -9.8015280
16.8558960 -8.1452827
26.2769127 -10.3755550
26.5477314 -11.2987385
32.1802521 -8.4978628
34.1485939 -4.6622677
27.5557919 -3.5406032
23.4708900 -2.7969966
18.5883007 -1.9629192
15.1240978 -1.2983540
13.8647766 -1.9103336
10.8207436 -2.0432246
8.5425863 0.1384037
8.2570438 0.4937984
6.0124755 0.4093201
5.3379278 2.4633675
5.7387319 1.8629833
4.3136287 2.0434411
3.2236686 3.8716793
2.8364677 2.7689304
0.5597170 3.9153209
-1.0135379 6.3237147
-1.9228764 4.7266641
-3.9369466 4.8732195
-6.4458899 7.4645472
-5.9319468 5.6457701
-7.5566282 7.3462834
-8.5229120 8.5291328
-10.6915483 7.3285179
-9.6185637 6.1239853
-8.2855644 7.0720325
-8.1905127 5.1809087
-7.4238815 4.4848824
-6.5849447 5.1951056
-6.5554514 3.9326940
-6.0131049 3.3999918
-5.4250088 3.9392726
-5.4238834 2.9946377
-5.0290761 2.5765836
-4.5785027 2.9699302
-4.6234856 2.2396975
-4.3435979 1.8891897
-3.9727769 2.1676445
-4.0669861 1.5981594
-3.8948650 1.2860252
-3.5716975 1.4682838
-3.7066407 1.0313834
-3.7352896 0.7275898
-3.4231102 0.8263648
-3.4387219 0.4964014
-4.0524774 0.1711214
-3.7393231 0.1906113
0.0000000 0.0000000
0.0000000 0.0000000
-7.6503286 -0.6091971
-6.5786519 -0.6451170
-6.4257579 -1.4338517
-6.9819045 -2.4753339
-6.0261950 -2.6111171
-6.9890065 -3.2176816
-7.3318911 -4.3255973
-6.2827492 -4.5672283
-7.6032534 -5.1775293
-8.0973949 -6.5621324
-6.7642484 -6.8538003
-8.9450302 -7.5614552
-9.6725931 -9.5287848
-7.2569475 -9.9264116
-8.9343605 -11.0389795
-7.7101545 -11.8692369
-4.7576776 -12.8685846
-2.9091899 -13.1027679
1.4853550 -12.3591509
2.1379576 -14.7993593
4.0657463 -10.7578487
13.2138844 -11.2838936
14.5161638 -13.4773197
16.8762474 -12.4007931
20.6086540 -11.9472609
24.8646240 -9.5467968
24.7589931 -6.6325903
23.7882004 -3.7404242
24.9926949 -3.1883965
24.0469456 -4.1423240
18.5010509 1.2456262
14.1212416 6.5400386
10.9798231 2.6823516
7.0159750 2.5233014
5.5332274 5.8226900
5.6550903 5.1857247
5.5875068 5.3770528
4.9453731 7.7177358
4.6658692 5.6954708
1.9806612 6.1964321
2.2288797 8.2665319
-0.1515440 6.9241991
-0.6976961 8.0199184
-1.2982916 10.4009933
-2.6091368 9.2921114
-6.1135845 10.2908831
-6.0086541 12.3844481
-7.8664422 9.8546066
-8.3589783 10.3738871
-7.5052991 10.8724804
-8.2085142 9.0703087
-7.1944633 7.6330419
-5.9878912 8.1890917
-6.4557190 6.6488304
-5.9481888 5.7072086
-5.0462346 6.2823482
-5.3342323 5.0418520
-4.9349036 4.3508654
-4.2254262 4.8054175
-4.4708295 3.8311677
-4.1701279 3.2731857
-3.5863721 3.6189520
-3.8325145 2.8478537
-3.6130700 2.3849256
-3.1234243 2.6254630
-3.3805907 2.0129316
-3.2397990 1.6158468
-2.8207726 1.7663791
-3.0786006 1.2838303
-3.1183650 0.9055540
-2.7387180 0.9884803
-2.8413560 0.6318996
-3.4183626 0.1765334
-3.0009680 0.2115405
0.0000000 0.0000000
0.0000000 0.0000000
-5.5824151 -0.6696390
-4.3929100 -0.7144567
-4.7400641 -1.6556677
-5.0795531 -2.7263420
-4.0705194 -2.8832686
-5.0707617 -3.6069105
-5.2737136 -4.7739739
-4.2679968 -4.9917693
-5.3781643 -5.6921024
-5.6544685 -7.0759912
-4.6328759 -7.3210416
-5.6879873 -8.2630558
-5.9176731 -9.9049187
-4.9469695 -10.0244455
-5.4731555 -11.8931522
-3.5813642 -12.8894243
-4.1617866 -12.6397028
-1.8943081 -14.4989433
1.8304236 -14.3571424
0.4981973 -13.6000252
4.2961478 -14.8229027
10.0033922 -15.0120173
7.1973944 -10.7140455
13.7621317 -11.9910107
16.1812401 -7.9326501
12.9392166 -6.5010166
16.6659870 -2.5448296
16.4095898 1.6981587
13.5747910 -0.4402524
14.8892136 3.2612956
16.5501823 4.7005887
11.9267750 9.9900284
10.4340210 6.2993727
3.7363911 10.8514738
4.0069661 14.6205053
2.6558268 12.2122059
4.7192841 9.8579168
5.3126183 12.5836697
3.8738663 10.6538544
-0.2282087 13.5658331
-1.0214412 16.9570541
-2.9787598 14.8041401
-3.1845970 14.8477526
-1.9906956 16.0412846
-4.7346683 14.7850399
-5.5869484 14.5422106
-3.9434288 14.4762421
-6.3880129 13.1943645
-6.0101628 10.9538727
-3.9323792 11.2419567
-5.2532439 9.7987413
-4.9881153 8.5531425
-3.7789972 8.8260164
-4.5498810 7.6081634
-4.2439008 6.6295333
-3.3659577 6.9717994
-3.8871899 5.8578486
-3.6024306 5.0982575
-2.8957467 5.4804797
-3.3082650 4.4758739
-3.0817862 3.8547819
-2.4786572 4.2154198
-2.8554213 3.3387046
-2.6975100 2.7968323
-2.1597643 3.1100774
-2.5309412 2.3615303
-2.4451337 1.8778590
-1.9553456 2.1236579
-2.3322098 1.4819275
-2.3600762 1.0923206
-1.9539921 1.2428980
-2.1481097 0.6991015
-2.5873017 0.3032187
-2.2182951 0.4247051
0.0000000 0.0000000
0.0000000 0.0000000
-3.2630963 -0.7398512
-1.9139645 -0.8264307
-2.8316710 -1.9550227
-2.9803469 -3.0998976
-1.8354464 -3.4691448
-2.9921036 -4.1493397
-3.0667737 -5.2620573
-2.0276845 -5.9147921
-3.0353928 -6.3163238
-3.0335784 -7.4435472
-2.2399874 -8.1450262
-2.8094568 -8.6365404
-2.5066509 -9.7453194
-2.2875378 -9.8721151
-2.0894158 -11.0791311
-1.3897732 -12.1033173
-1.8561163 -10.8026257
-0.1170923 -13.0979328
2.0191774 -12.9673929
0.1303317 -10.8268328
3.8912942 -11.8658800
6.1210489 -9.9504433
3.1346650 -8.5699539
8.3187532 -6.5014834
9.3921442 -2.7097700
4.9369946 -4.2024159
10.0141783 2.4728041
9.7119122 6.9794822
5.6334863 2.0435421
8.2308092 9.2854443
7.2150736 12.7627115
4.7891850 9.5749903
6.2402792 11.9685049
5.5831642 13.3056421
2.6812541 14.7527618
3.8026409 14.4735327
1.3894545 17.5837860
0.8061736 16.3905754
-0.4259517 18.3174324
-0.9655167 17.5668430
-0.6255363 15.7420635
-1.5042347 17.1813049
-2.4272528 16.6075325
-1.4305015 14.9320145
-2.8272042 15.2530413
-2.8202243 13.6075830
-1.8899076 14.5163422
-2.8753431 12.5864353
-3.1717587 11.4809446
-1.9589084 13.6013918
-3.1114199 10.5605106
-2.9975615 9.6460171
-1.7832638 11.7519989
-2.8011620 8.8424721
-2.6303666 7.9786882
-1.4940741 9.6760569
-2.4071612 7.1797948
-2.2270691 6.3955083
-1.2233152 7.6535888
-2.0343204 5.6456413
-1.8839658 4.9478850
-1.0161331 5.8451123
-1.7381057 4.2711182
-1.6306667 3.6522672
-0.8732193 4.2631125
-1.5314959 3.0428240
-1.4826673 2.4824545
-0.7891575 2.8515580
-1.4368230 1.9278258
-1.5386063 1.4130248
-0.7721694 1.6002970
-1.4545552 0.8306586
-1.5963606 0.4820026
-0.7325431 0.4080886
0.0000000 0.0000000
0.0000000 0.0000000
-0.6079923 -0.7781336
0.0000000 0.0000000
-0.5901598 -1.7384142
-0.6091248 -2.8497021
0.0000000 0.0000000
-0.6270853 -3.8918080
-0.6753008 -5.0357580
0.0000000 0.0000000
-0.6906916 -6.2621336
-0.7300006 -7.4997516
0.0000000 0.0000000
-0.7224045 -8.8126287
-0.6202947 -10.0063362
0.0000000 0.0000000
-0.4333520 -11.3760920
-0.1547802 -12.2254372
0.0000000 0.0000000
0.0217167 -12.6457405
0.3817821 -12.6332750
0.0000000 0.0000000
1.0004467 -11.8319473
1.5448433 -10.1475067
0.0000000 0.0000000
2.1429479 -7.2511110
1.9974498 -4.2122798
0.0000000 0.0000000
2.3162572 -0.4179775
2.1108263 3.2363000
0.0000000 0.0000000
2.2154641 6.5063581
2.0074282 10.3981714
0.0000000 0.0000000
1.6740555 12.6787081
1.3689678 15.4969883
0.0000000 0.0000000
0.8150851 16.9837341
0.4426901 18.1238422
0.0000000 0.0000000
0.1040209 18.6060333
-0.1321477 18.4205151
0.0000000 0.0000000
-0.3910990 18.2030602
-0.6420707 17.3063183
0.0000000 0.0000000
-0.9409227 16.3315945
-0.9986458 14.8203535
0.0000000 0.0000000
-0.9317821 13.4105978
-0.9534276 11.9432087
0.0000000 0.0000000
-0.8648164 10.5220203
-0.7720808 9.2019567
0.0000000 0.0000000
-0.6677069 8.0339594
-0.5775020 6.9812913
0.0000000 0.0000000
-0.4982768 6.0849156
-0.4353357 5.2735167
0.0000000 0.0000000
-0.3876944 4.5707431
-0.3453520 3.9272094
0.0000000 0.0000000
-0.3177199 3.3562553
-0.2898248 2.8166189
0.0000000 0.0000000
-0.2731091 2.3337948
-0.2563486 1.8338386
0.0000000 0.0000000
-0.2231197 1.4450885
-0.4231515 0.6617545
0.0000000 0.0000000
0.0241755 0.7291529
-1.3430549 -1.0507659
0.0000000 0.0000000
0.0000000 0.0000000
3.24947
3.654885
5.110237
3.805297
0.531103
-3.038119
-7.130384
-12.11137
-19.47246
-32.10422
-57.79665
-114.4921
-191.1501
-33.53625
-58.76627
-20.34895
-8.497932
0.3360339
4.880243
7.081307
8.051025
8.401082
8.509887
8.498497
8.319422
8.126366
2.874067
3.179845
4.246409
2.907733
-0.1492882
-3.3506
-7.157674
-11.90796
-18.64214
-29.59852
-51.59771
-121.3984
-155.2426
19.17799
-93.68928
-27.32801
-8.260918
1.064236
5.419677
7.376196
8.189132
8.454831
8.490241
8.461841
8.265299
8.133924
1.458148
1.645032
1.87495
0.3915689
-1.80043
-4.43168
-7.839178
-11.90208
-16.95487
-23.665
-32.18965
-46.72864
-90.38153
-58.93275
-95.23872
-31.19796
-3.840669
3.976405
7.040077
8.185486
8.519506
8.514323
8.365802
8.22824
8.030272
7.933272
-0.3749806
-0.2777216
-1.014424
-2.266193
-4.100657
-6.412775
-9.289182
-12.34333
-15.24527
-17.62415
-20.41249
-33.22902
-11.27295
44.79084
-17.86616
-10.41934
4.984789
8.826371
9.479162
9.331586
8.941956
8.521562
8.138415
7.856779
7.658765
7.565787
-2.732978
-2.773936
-4.302307
-5.417667
-7.202739
-9.346882
-11.717
-13.79006
-14.54483
-12.31401
-4.87478
19.79367
14.60321
85.00119
66.2599
31.3737
19.16721
14.64299
12.14243
10.47507
9.266558
8.375668
7.737179
7.305605
7.082508
6.992143
-5.83342
-6.072225
-8.122173
-9.335862
-11.23772
-13.43439
-15.63336
-17.23402
-16.84377
-11.96421
-0.9742497
19.39994
5.778311
30.35452
35.74241
30.73588
23.09862
17.61047
13.77544
11.10243
9.239043
7.939784
7.069968
6.508411
6.246289
6.157137
-9.846843
-10.32173
-12.61909
-14.18335
-16.40575
-18.97324
-21.66176
-24.11973
-24.76226
-20.06278
-8.057175
13.91245
18.19552
24.08456
35.59607
30.9114
24.19941
18.53034
14.16297
10.94064
8.658707
7.078661
6.044015
5.393835
5.09914
5.008908
-14.81699
-15.49727
-17.87431
-19.99219
-22.82826
-26.31464
-30.65002
-35.64426
-38.80534
-35.58559
-26.37646
-12.67014
-7.72252
19.84588
37.79223
30.69203
23.56763
17.81851
13.29415
9.846615
7.377734
5.676359
4.575751
3.898235
3.595401
3.504421
-20.60765
-21.41967
-23.85505
-26.64862
-30.3977
-35.37204
-42.28955
-49.9201
-54.03541
-52.80779
-46.47383
-36.10247
-18.95698
5.627811
20.28745
26.98515
21.53446
15.69998
11.14022
7.706927
5.278314
3.638307
2.597899
1.972083
1.700596
1.614031
-26.90035
-27.78848
-30.34049
-33.87326
-38.74652
-45.56206
-55.22579
-63.58531
-66.80192
-65.17208
-61.24362
-54.7449
-45.90104
24.19137
48.19767
29.76344
19.14391
12.095
7.523325
4.371705
2.253143
0.8930398
0.0666376
-0.4104792
-0.6006002
-0.6716311
-33.24653
-34.19729
-36.94827
-41.22692
-47.25379
-55.96795
-68.00213
-75.29284
-76.42457
-72.54372
-65.71078
-59.89144
-58.83288
20.94119
22.29291
19.24326
11.29262
5.531492
1.935652
-0.371137
-1.785543
-2.591989
-3.023389
-3.239805
-3.291051
-3.32954
-39.11703
-40.15709
-43.16491
-48.19359
-55.37561
-65.67639
-78.2196
-84.03728
-83.70606
-78.26167
-70.53156
-54.74405
-48.88709
-10.3934
0.7266486
1.469853
-1.621746
-4.323931
-5.820892
-6.608641
-6.834809
-6.775214
-6.615946
-6.453635
-6.307468
-6.292033
-43.88155
-45.04703
-48.37051
-54.12264
-62.42532
-74.01812
-85.18199
-89.53235
-88.90576
-82.72469
-73.73251
-63.55899
-37.16468
-25.78345
-24.50676
-22.76045
-19.9496
-17.50772
-15.7784
-14.24413
-12.74627
-11.50911
-10.572
-9.921378
-9.524691
-9.434415
-46.89387
-48.2295
-51.90897
-58.42917
-67.9089
-80.24471
-89.56253
-92.55753
-92.04345
-87.06916
-81.59029
-65.55786
-60.18237
-57.19572
-55.846
-53.09918
-43.79178
-33.6482
-27.6776
-22.89756
-19.1853
-16.51166
-14.65112
-13.43349
-12.74425
-12.55537
-47.23152
-48.90264
-53.1223
-60.62167
-71.42466
-84.38995
-92.44758
-94.84879
-95.18114
-92.92277
-85.28441
-90.66253
-83.06934
-84.69952
-87.18863
-83.67319
-71.04789
-51.98972
-40.61827
-31.83064
-25.62346
-21.37323
-18.51677
-16.69945
-15.70832
-15.3953
-44.1263
-45.94856
-51.15715
-60.22034
-73.37586
-87.72934
-95.58481
-97.59861
-99.03871
-100.8558
-100.7308
-100.6941
-103.2598
-109.7277
-111.8198
-108.7263
-96.15145
-71.3355
-53.04254
-39.9915
-31.35064
-25.56746
-21.74891
-19.35847
-18.08727
-17.66515
-36.93115
-38.77711
-45.42741
-56.73981
-73.6442
-90.94483
-98.90746
-100.4808
-100.3428
-100.9167
-121.9905
-123.4572
-120.4665
-124.8236
-127.1357
-125.3585
-114.4875
-88.40208
-63.05567
-46.32829
-35.62143
-28.55207
-23.92805
-21.05084
-19.5151
-19.043
-25.47051
-27.52588
-35.30023
-49.20136
-71.56495
-93.51395
-101.9833
-103.9273
-103.4292
-102.4129
-107.7278
-140.3194
-132.0812
-134.6143
-137.368
-135.8811
-126.685
-100.6115
-69.453
-49.96985
-37.785
-29.83513
-24.69435
-21.50574
-19.76587
-19.29424
-9.687155
-11.81727
-20.07982
-35.73902
-64.10428
-96.26491
-107.0214
-108.6541
-107.3469
-113.0186
-122.4683
-126.5732
-126.6116
-132.8589
-139.9019
-141.563
-131.9005
-106.7959
-71.30802
-50.19045
-37.39472
-29.19029
-23.93181
-20.68959
-18.91846
-18.44041
9.840692
7.896722
0.1954515
-15.00532
-45.37149
-91.54358
-109.8527
-110.2079
-102.1686
-84.09701
-99.16457
-124.7612
-128.6154
-134.4667
-139.8318
-141.4561
-132.2751
-104.6694
-67.69255
-47.28079
-34.64009
-26.71729
-21.72657
-18.68053
-17.02444
-16.57121
31.63686
30.08947
23.94569
11.65744
-13.2291
-64.17956
-103.4704
-108.9667
-112.8266
-93.14645
-70.18488
-96.77197
-122.9486
-134.7412
-141.9612
-141.3932
-125.8844
-94.42763
-59.42517
-40.81782
-29.66731
-22.72313
-18.37292
-15.73697
-14.31871
-13.94417
53.66731
52.64865
48.5482
40.66158
27.33622
-10.46949
-59.75962
-74.32128
-44.65396
-5.870373
-61.71023
-92.63127
-110.8444
-131.6614
-137.5274
-139.1291
-109.5941
-73.19073
-46.70027
-32.20395
-23.38497
-17.85608
-14.39416
-12.30098
-11.16415
-10.94434
73.5683
73.03172
70.87008
66.53716
58.00105
44.64086
32.37993
53.21485
79.98859
84.128
38.13068
-56.69264
-80.76395
-113.749
-116.7846
-107.9638
-78.13461
-50.74953
-34.2971
-23.80118
-17.13686
-12.92841
-10.34418
-8.87058
-8.031914
-7.546697
89.4937
89.43326
88.84701
88.28819
88.82899
94.10497
110.6997
150.1695
185.0953
187.6103
146.7687
61.85821
-15.54897
-57.68499
-71.42933
-67.57207
-49.5102
-35.87869
-24.87124
-17.05096
-11.97268
-8.80401
-6.923032
-5.925903
-5.585142
-5.230584
99.52939
99.76248
100.7227
102.8607
107.5456
116.5503
139.2762
174.7957
211.5154
221.931
195.5258
129.8112
54.01022
-4.05264
-35.23565
-45.0864
-36.01911
-25.87481
-18.16028
-12.43555
-8.626669
-6.212144
-4.75058
-3.942938
-3.852696
-4.287736
101.4082
101.7713
103.1853
106.0604
112.2034
122.528
145.3778
180.2794
216.1161
230.494
204.9374
142.4659
68.95978
8.781299
-24.11156
-35.39856
-31.93698
-24.11477
-17.43834
-12.18632
-8.486036
-6.07981
-4.608273
-3.792881
-3.568597
0
