0.0000000 0.0000000
0.0000000 0.0000000
0.0000000 0.0000000
0.0000000 0.0000000
0.0000000 0.0000000
0.0000000 0.0000000
0.0000000 0.0000000
0.0000000 0.0000000
0.0000000 0.0000000
0.0000000 0.0000000
0.0000000 0.0000000
0.0000000 0.0000000
0.0000000 0.0000000
0.0000000 0.0000000
0.0000000 0.0000000
0.0000000 0.0000000
0.0000000 0.0000000
0.0000000 0.0000000
0.0000000 0.0000000
0.0000000 0.0000000
0.0000000 0.0000000
0.0000000 0.0000000
0.0000000 0.0000000
0.0000000 0.0000000
0.0000000 0.0000000
0.0000000 0.0000000
0.0000000 0.0000000
-0.4007326 0.3135516
-0.4740314 0.7526621
-0.5702650 1.2708558
-0.7226307 1.9195851
-0.9655220 2.7681191
-1.3394691 3.9132318
-1.8773102 5.4912500
-2.5254381 7.6415343
-3.2154098 10.3765898
-4.1000972 13.5345993
-5.0014448 16.1074810
9.7358541 18.6021271
15.8865871 -13.9737501
-3.4149973 -13.5522718
-2.3773439 -11.8975019
-2.0571570 -8.9079971
-1.6952411 -6.9677715
-1.4419720 -5.2800713
-1.1822184 -3.9710858
-0.9405962 -2.9165199
-0.7471091 -2.0768995
-0.6044868 -1.4065503
-0.5083500 -0.8607509
-0.4611793 -0.3911105
0.0000000 0.0000000
0.0000000 0.0000000
-0.8433941 0.3667327
-0.9758149 0.7844445
-1.1695194 1.2576009
-1.4777319 1.8262471
-1.9560435 2.5349171
-2.6743743 3.4578812
-3.6976326 4.7523065
-4.8760662 6.9455762
-6.1377687 10.4091225
-6.1091771 10.9540453
5.3076391 9.5498524
21.7729912 8.6141291
27.6846771 -9.8457546
7.8991098 -10.3503952
-5.7744465 -10.2045317
-4.5942106 -9.5121565
-3.6554844 -6.5976620
-3.0061011 -4.9597168
-2.3390713 -3.6888490
-1.8245572 -2.6992016
-1.4466312 -1.9329579
-1.1790197 -1.3214763
-1.0050211 -0.8129974
-0.8878264 -0.3528418
0.0000000 0.0000000
0.0000000 0.0000000
-1.1796777 0.3249348
-1.3766584 0.6607956
-1.6222312 1.0390271
-2.0093775 1.4743332
-2.5908589 1.9949570
-3.4656572 2.6357024
-4.8526340 3.4803395
-7.5298328 4.1537642
-9.5024462 4.6359129
-7.4243741 7.9576230
-0.7105799 2.2618940
31.3892307 5.4058247
29.7041435 -10.5139170
2.7355747 -5.1773415
-3.1556685 -8.2384567
-6.7374148 -6.7943830
-6.0935922 -5.6754556
-4.4218812 -4.1851654
-3.3302171 -2.9809723
-2.5650299 -2.1445129
-2.0279212 -1.5296601
-1.6589983 -1.0454563
-1.4193050 -0.6395303
-1.2156169 -0.2732285
0.0000000 0.0000000
0.0000000 0.0000000
-1.4000880 0.2519262
-1.6604706 0.4876553
-1.9345733 0.7483585
-2.3512838 1.0398176
-2.9617491 1.3907075
-3.8253918 1.8613985
-5.0610571 2.5079648
-7.3471670 2.5808558
-11.6052179 0.9117029
-3.6408682 1.6183254
16.5862198 -6.3106189
28.7254009 1.4729044
25.9087887 -4.5748224
9.2676048 3.3988526
-1.8474929 -2.1693764
-8.0881367 -2.7779932
-7.8738971 -3.5908091
-5.4273505 -2.7517996
-4.0562673 -1.8822709
-3.0973928 -1.3412279
-2.4410582 -0.9767326
-2.0032909 -0.6838670
-1.7177459 -0.4216293
-1.4273555 -0.1795949
0.0000000 0.0000000
0.0000000 0.0000000
-1.5129656 0.1645094
-1.8242570 0.2962916
-2.1027279 0.4327588
-2.5068455 0.5644315
-3.0990322 0.6720670
-3.9215517 0.7142237
-5.0594959 1.1328850
-6.9446831 0.9938963
-11.6333160 -2.1488111
-0.8462762 -0.9512591
20.7814846 -9.3822508
33.0344162 0.7208813
15.9117661 1.1593697
17.0613918 0.5963379
-1.7836725 0.7946113
-7.1278501 2.1346624
-9.2642584 0.3302096
-6.0009408 -0.3819304
-4.3441706 -0.4812789
-3.3204150 -0.4657405
-2.6436942 -0.4008151
-2.1925490 -0.3082306
-1.8853835 -0.1990550
-1.5330275 -0.0829914
0.0000000 0.0000000
0.0000000 0.0000000
-1.5370221 0.0726844
-1.8769213 0.1009918
-2.1344893 0.1039686
-2.4853191 0.0611504
-2.9853480 -0.0382223
-3.6851282 -0.3680660
-4.6346817 -0.8793963
-6.0985184 -1.7431285
-7.9787407 -5.6836505
0.5293481 -7.1178479
21.7506580 -4.8217463
27.0443325 -3.7643054
21.3920670 -4.0730219
14.9565802 7.2368522
3.9798949 5.4977140
-5.9590440 5.8327317
-8.1320963 2.7253971
-5.6569290 1.2845714
-4.1652250 0.6379187
-3.2421780 0.2758299
-2.6338687 0.0935181
-2.2261894 0.0160695
-1.9378396 -0.0043110
-1.5759455 0.0036889
0.0000000 0.0000000
0.0000000 0.0000000
-1.5248243 -0.0123576
-1.8435113 -0.0777930
-2.0528796 -0.1824132
-2.3236301 -0.3552645
-2.6891942 -0.6256497
-3.1704576 -1.1194620
-3.7877553 -2.0237694
-4.6308150 -3.2284791
-5.5569258 -6.0577230
-1.0203159 -8.4857883
11.4861975 -3.9654322
22.6188316 2.4898911
15.1074286 3.4558885
11.4747000 4.9240694
1.5940472 9.1415281
-3.9962463 8.7422533
-5.0288215 4.2590013
-4.3182745 2.3359509
-3.5044086 1.3830309
-2.8863051 0.8231796
-2.4396348 0.4827038
-2.1229508 0.2779688
-1.8871677 0.1547758
-1.5524564 0.0744781
0.0000000 0.0000000
0.0000000 0.0000000
-1.4578745 -0.0803121
-1.7311612 -0.2121665
-1.8830488 -0.3874316
-2.0630341 -0.6362354
-2.2891490 -1.0001528
-2.5527277 -1.5299295
-2.8210778 -2.4212472
-3.0781288 -3.5799291
-3.0470445 -5.3293424
-1.0899752 -7.9467177
6.0293484 -4.9911323
13.1350384 1.3762473
14.0595398 4.1286736
7.6258645 8.4124117
1.4244585 9.1807013
-1.5553464 6.7723265
-2.5608974 4.4668307
-2.7256503 2.8358552
-2.6040258 1.7983030
-2.3590114 1.1585464
-2.1197276 0.7440964
-1.9199165 0.4658234
-1.7507482 0.2723536
-1.4578618 0.1262130
0.0000000 0.0000000
0.0000000 0.0000000
-1.3399447 -0.1273362
-1.5660601 -0.2999331
-1.6617501 -0.5129120
-1.7552297 -0.7908572
-1.8500549 -1.1680131
-1.9207330 -1.6704307
-1.9042819 -2.3772016
-1.7023289 -3.1421106
-0.9249053 -4.4091187
0.5606875 -4.9914207
3.5235069 -6.1001310
6.8583608 -2.6908994
7.7338777 1.5717252
4.9639502 4.6206236
2.0851927 5.4708781
-0.1148751 4.8593717
-1.1904000 3.7526302
-1.6153185 2.7171192
-1.7933089 1.8959056
-1.8081813 1.2993479
-1.7469590 0.8790980
-1.6613230 0.5748616
-1.5600976 0.3448132
-1.3141421 0.1580587
0.0000000 0.0000000
0.0000000 0.0000000
-1.1915506 -0.1541047
-1.3737785 -0.3446976
-1.4202619 -0.5677411
-1.4427756 -0.8397202
-1.4351584 -1.1796136
-1.3652067 -1.5969858
-1.1680485 -2.1145747
-0.7578068 -2.6460681
0.1108823 -3.2331598
1.3133618 -3.3738475
2.7319610 -3.2571967
4.2712364 -1.2975665
4.6678948 0.9171724
3.6018665 2.4059451
2.0269895 3.2827635
0.5464105 3.3170557
-0.4241676 2.8835003
-0.9190428 2.3125038
-1.1956071 1.7549703
-1.3365128 1.2831539
-1.3873727 0.9085704
-1.3871275 0.6142689
-1.3439264 0.3757929
-1.1444005 0.1719203
0.0000000 0.0000000
0.0000000 0.0000000
-1.0309585 -0.1636690
-1.1747710 -0.3547223
-1.1837999 -0.5682718
-1.1550245 -0.8135246
-1.0822693 -1.0980232
-0.9351994 -1.4204663
-0.6623480 -1.7719969
-0.2119133 -2.0984101
0.4787404 -2.3450742
1.2884339 -2.3071177
2.1563993 -1.8959222
2.8754456 -0.7564372
3.0893743 0.5295292
2.5572670 1.4644976
1.6695793 2.0908482
0.7366623 2.2852061
-0.0059624 2.1555583
-0.4860206 1.8613970
-0.7814929 1.5103713
-0.9686097 1.1678785
-1.0759284 0.8627537
-1.1277785 0.6007878
-1.1252307 0.3740060
-0.9676707 0.1712956
0.0000000 0.0000000
0.0000000 0.0000000
-0.8723497 -0.1604914
-0.9837881 -0.3401599
-0.9679633 -0.5331525
-0.9082457 -0.7430946
-0.8015064 -0.9705595
-0.6262032 -1.2081773
-0.3480544 -1.4374372
0.0461016 -1.6182475
0.5530815 -1.6932921
1.1010031 -1.5748873
1.6334863 -1.1841795
2.0194275 -0.4726192
2.1194837 0.3165993
1.8344445 0.9429497
1.3124645 1.3918654
0.7165328 1.6017251
0.1825708 1.6008132
-0.2232851 1.4600755
-0.5006353 1.2477173
-0.6937728 1.0094475
-0.8209186 0.7737898
-0.8988130 0.5531700
-0.9207239 0.3498324
-0.7978138 0.1607459
0.0000000 0.0000000
0.0000000 0.0000000
-0.7247372 -0.1489986
-0.8104643 -0.3106108
-0.7797886 -0.4783372
-0.7061246 -0.6521078
-0.5882131 -0.8287006
-0.4140172 -0.9986714
-0.1665261 -1.1426657
0.1488853 -1.2328198
0.5154535 -1.2294574
0.8877739 -1.0923070
1.2241585 -0.7826605
1.4514670 -0.3148398
1.5013690 0.1969493
1.3356344 0.6305454
1.0153964 0.9581306
0.6269173 1.1435047
0.2473709 1.1912837
-0.0737659 1.1330440
-0.3126859 1.0072067
-0.4922002 0.8444819
-0.6196657 0.6671986
-0.7041636 0.4880401
-0.7387519 0.3128836
-0.6436892 0.1444306
0.0000000 0.0000000
0.0000000 0.0000000
-0.5932668 -0.1329883
-0.6588330 -0.2737763
-0.6215250 -0.4156111
-0.5447196 -0.5562720
-0.4308521 -0.6908768
-0.2727428 -0.8101093
-0.0664949 -0.8983852
0.1762465 -0.9367164
0.4417475 -0.9015868
0.6985669 -0.7739701
0.9196461 -0.5391420
1.0615909 -0.2187646
1.0893971 0.1275546
0.9871914 0.4345856
0.7824548 0.6769180
0.5227211 0.8304031
0.2540468 0.8921121
0.0087360 0.8758996
-0.1899499 0.8030164
-0.3449355 0.6923535
-0.4627315 0.5602759
-0.5438255 0.4177215
-0.5817446 0.2710880
-0.5091946 0.1256777
0.0000000 0.0000000
0.0000000 0.0000000
-0.4798929 -0.1153162
-0.5296785 -0.2350975
-0.4914647 -0.3526698
-0.4184666 -0.4649068
-0.3157576 -0.5666255
-0.1808749 -0.6494985
-0.0147146 -0.7025737
0.1703020 -0.7133836
0.3635878 -0.6684372
0.5446073 -0.5596623
0.6944503 -0.3831704
0.7875727 -0.1565212
0.8044341 0.0861231
0.7385521 0.3075149
0.6039963 0.4887052
0.4259580 0.6122082
0.2340632 0.6736318
0.0505002 0.6777303
-0.1097371 0.6360558
-0.2390283 0.5609326
-0.3404962 0.4627663
-0.4138122 0.3503239
-0.4500867 0.2297316
-0.3947968 0.1070405
0.0000000 0.0000000
0.0000000 0.0000000
-0.3842084 -0.0978158
-0.4220354 -0.1980103
-0.3858703 -0.2942241
-0.3209072 -0.3829271
-0.2321182 -0.4595479
-0.1208604 -0.5174252
0.0098325 -0.5485437
0.1509982 -0.5457164
0.2930419 -0.5011286
0.4227822 -0.4116910
0.5270631 -0.2788376
0.5904147 -0.1144808
0.6019914 0.0605029
0.5578154 0.2230390
0.4668565 0.3597432
0.3436829 0.4581761
0.2049110 0.5132002
0.0678074 0.5266191
-0.0567188 0.5035414
-0.1623982 0.4517937
-0.2466563 0.3787234
-0.3087194 0.2904484
-0.3412344 0.1920969
-0.2994934 0.0900230
0.0000000 0.0000000
0.0000000 0.0000000
-0.3047623 -0.0817007
-0.3334218 -0.1644357
-0.3011290 -0.2425491
-0.2453894 -0.3125019
-0.1715684 -0.3701593
-0.0813590 -0.4108373
0.0202984 -0.4289836
0.1275836 -0.4196759
0.2329758 -0.3797981
0.3272092 -0.3075733
0.4014581 -0.2062450
0.4458248 -0.0847248
0.4541368 0.0441021
0.4246104 0.1658071
0.3613567 0.2698675
0.2747146 0.3481169
0.1751839 0.3955892
0.0723987 0.4119335
-0.0231494 0.4002171
-0.1058545 0.3643526
-0.1744146 0.3092857
-0.2249330 0.2398793
-0.2515507 0.1600986
-0.2207964 0.0754605
0.0000000 0.0000000
0.0000000 0.0000000
-0.2394403 -0.0675165
-0.2609706 -0.1353829
-0.2334373 -0.1984156
-0.1869462 -0.2536611
-0.1270092 -0.2975161
-0.0555747 -0.3261916
0.0233994 -0.3365961
0.1046259 -0.3252273
0.1831628 -0.2905404
0.2522435 -0.2330841
0.3058359 -0.1549419
0.3379290 -0.0628835
0.3439566 0.0337427
0.3238215 0.1261946
0.2802279 0.2068231
0.2180892 0.2689005
0.1462270 0.3092416
0.0711750 0.3261622
-0.0016826 0.3208278
-0.0652414 0.2960668
-0.1179082 0.2544113
-0.1578315 0.1993384
-0.1783112 0.1343437
-0.1556334 0.0639018
0.0000000 0.0000000
0.0000000 0.0000000
-0.1858902 -0.0554204
-0.2018939 -0.1110205
-0.1790850 -0.1620368
-0.1415551 -0.2056840
-0.0936930 -0.2394582
-0.0381254 -0.2602390
0.0223708 -0.2656514
0.0838761 -0.2543842
0.1422531 -0.2250026
0.1932299 -0.1786047
0.2321168 -0.1179432
0.2553583 -0.0470521
0.2605104 0.0274361
0.2463286 0.0987477
0.2158045 0.1620880
0.1723586 0.2122661
0.1199235 0.2460708
0.0653297 0.2626259
0.0123470 0.2615783
-0.0357202 0.2443029
-0.0746618 0.2128692
-0.1033632 0.1689794
-0.1178939 0.1152258
-0.1012967 0.0555796
0.0000000 0.0000000
0.0000000 0.0000000
-0.1419478 -0.0455254
-0.1535590 -0.0911469
-0.1351825 -0.1327778
-0.1056997 -0.1677837
-0.0686043 -0.1939202
-0.0258938 -0.2093859
0.0195475 -0.2121728
0.0655311 -0.2012513
0.1086364 -0.1768453
0.1458585 -0.1391510
0.1744230 -0.0907007
0.1911063 -0.0352241
0.1950314 0.0232989
0.1858749 0.0799657
0.1641236 0.1304616
0.1335709 0.1717275
0.0969946 0.2007787
0.0573222 0.2163379
0.0195946 0.2184346
-0.0139867 0.2071418
-0.0412786 0.1834989
-0.0595258 0.1485790
-0.0668658 0.1033504
-0.0545283 0.0508023
0.0000000 0.0000000
0.0000000 0.0000000
-0.1054635 -0.0376494
-0.1135315 -0.0756035
-0.0992968 -0.1098671
-0.0767832 -0.1385109
-0.0490486 -0.1594100
-0.0173486 -0.1709431
0.0161777 -0.1723235
0.0495318 -0.1624016
0.0808264 -0.1414558
0.1074189 -0.1106770
0.1277050 -0.0712224
0.1400134 -0.0261777
0.1427217 0.0208028
0.1365277 0.0669339
0.1221365 0.1086860
0.1005194 0.1431519
0.0752665 0.1687563
0.0484315 0.1839191
0.0221522 0.1882816
0.0002249 0.1821643
-0.0157109 0.1655884
-0.0239779 0.1385058
-0.0226822 0.1001125
-0.0115677 0.0506820
0.0000000 0.0000000
0.0000000 0.0000000
-0.0746410 -0.0316216
-0.0796762 -0.0638560
-0.0691759 -0.0927879
-0.0529898 -0.1165757
-0.0331690 -0.1338221
-0.0109634 -0.1429357
0.0124971 -0.1431486
0.0356623 -0.1343547
0.0571038 -0.1162804
0.0755406 -0.0900327
0.0891863 -0.0572802
0.0974815 -0.0197353
0.0997609 0.0196612
0.0953888 0.0581706
0.0858436 0.0936790
0.0719866 0.1237241
0.0548703 0.1466402
0.0374077 0.1617341
0.0211598 0.1684145
0.0080493 0.1668680
0.0014722 0.1574987
0.0040520 0.1396397
0.0182048 0.1103858
0.0375110 0.0632251
0.0000000 0.0000000
0.0000000 0.0000000
-0.0479549 -0.0273028
-0.0502150 -0.0549949
-0.0430402 -0.0797778
-0.0326313 -0.0999399
-0.0199551 -0.1141380
-0.0058668 -0.1214913
0.0087705 -0.1211531
0.0232815 -0.1129155
0.0365157 -0.0972245
0.0477610 -0.0745637
0.0562841 -0.0463605
0.0611240 -0.0145327
0.0623724 0.0191083
0.0599971 0.0522800
0.0539006 0.0828923
0.0455028 0.1094438
0.0356069 0.1304044
0.0250509 0.1451329
0.0160192 0.1536215
0.0099708 0.1562490
0.0096021 0.1542145
0.0214126 0.1497552
0.0610047 0.1472991
0.1454029 0.1469381
0.0000000 0.0000000
0.0000000 0.0000000
-0.0239030 -0.0230230
-0.0235699 -0.0439117
-0.0197259 -0.0628263
-0.0145612 -0.0780587
-0.0085421 -0.0884639
-0.0018803 -0.0933409
0.0050027 -0.0924905
0.0116782 -0.0855108
0.0178213 -0.0727181
0.0228426 -0.0548720
0.0265901 -0.0328401
0.0287887 -0.0080700
0.0290584 0.0178735
0.0277675 0.0435899
0.0250375 0.0674846
0.0209941 0.0882405
0.0164842 0.1050705
0.0120041 0.1174680
0.0081838 0.1255999
0.0062220 0.1303281
0.0076994 0.1335580
0.0213852 0.1446474
0.1070351 0.2174945
0.3968088 0.4315746
0.0000000 0.0000000
0.0000000 0.0000000
0.0000000 0.0000000
0.0000000 0.0000000
0.0000000 0.0000000
0.0000000 0.0000000
0.0000000 0.0000000
0.0000000 0.0000000
0.0000000 0.0000000
0.0000000 0.0000000
0.0000000 0.0000000
0.0000000 0.0000000
0.0000000 0.0000000
0.0000000 0.0000000
0.0000000 0.0000000
0.0000000 0.0000000
0.0000000 0.0000000
0.0000000 0.0000000
0.0000000 0.0000000
0.0000000 0.0000000
0.0000000 0.0000000
0.0000000 0.0000000
0.0000000 0.0000000
0.0000000 0.0000000
0.0000000 0.0000000
0.0000000 0.0000000
0.0000000 0.0000000
0.0000000 0.0000000
-0.1597039 0.1622736
0.0000000 0.0000000
-0.4789712 0.1046577
-0.1581996 0.5139266
-0.1724931 0.7800038
0.0000000 0.0000000
-0.4431496 0.5679328
-0.1910894 1.1122949
-0.2149754 1.3992296
0.0000000 0.0000000
-0.4994571 1.0491337
-0.2248944 1.7974702
-0.2678952 2.1514807
0.0000000 0.0000000
-0.6162370 1.6173027
-0.2855965 2.6400318
-0.3450004 3.1149173
0.0000000 0.0000000
-0.8122938 2.3394618
-0.3797729 3.7381091
-0.4535391 4.3930554
0.0000000 0.0000000
-1.1240563 3.3040450
-0.5163557 5.2226491
-0.6003316 6.1246362
0.0000000 0.0000000
-1.5956999 4.6316752
-0.6957755 7.2526236
-0.7853435 8.4721317
0.0000000 0.0000000
-2.2449791 6.4571090
-0.9091426 9.9906158
-0.9978850 11.5837927
0.0000000 0.0000000
-2.9904191 8.8907919
-1.1203841 13.5310736
-1.2507190 15.5243397
0.0000000 0.0000000
-3.6886210 12.0680008
-1.2229998 17.7540512
-1.2510859 19.9365978
0.0000000 0.0000000
-3.7526727 16.6964741
-0.3840933 21.7857819
-1.5732815 23.2464924
0.0000000 0.0000000
3.4724166 14.9783020
5.7816343 15.1692448
11.4732552 4.9212947
0.0000000 0.0000000
16.1317425 6.8107224
7.8200407 -11.7200594
-0.7182808 -10.7245789
0.0000000 0.0000000
9.5237160 -8.8945103
0.3562315 -15.5106754
-0.1165247 -16.3457146
0.0000000 0.0000000
-3.1691494 -14.2575226
-0.7837071 -13.8525906
-0.9565733 -12.2060804
0.0000000 0.0000000
-2.0884705 -10.5897903
-0.8694081 -10.8904018
-0.7228267 -9.6743784
0.0000000 0.0000000
-1.9095289 -7.8154788
-0.6829914 -8.5077600
-0.6439329 -7.4277353
0.0000000 0.0000000
-1.5310544 -6.0104089
-0.6040044 -6.4929938
-0.5083701 -5.5636311
0.0000000 0.0000000
-1.2974449 -4.4866729
-0.4661553 -4.8548961
-0.3873319 -4.0876150
0.0000000 0.0000000
-1.0481703 -3.3135707
-0.3498504 -3.5595942
-0.2982368 -2.9591360
0.0000000 0.0000000
-0.8323166 -2.4132595
-0.2692781 -2.5381780
-0.2377216 -2.0814226
0.0000000 0.0000000
-0.6685094 -1.7052933
-0.2146878 -1.7230862
-0.1979873 -1.3686643
0.0000000 0.0000000
-0.5524439 -1.1327319
-0.1807206 -1.0491096
-0.1774169 -0.7573758
0.0000000 0.0000000
-0.4784384 -0.6475878
-0.1689695 -0.4564339
-0.1841467 -0.1750657
0.0000000 0.0000000
-0.4500098 -0.1692438
0.0000000 0.0000000
0.0000000 0.0000000
-0.7236220 0.1613988
-0.9635904 0.1193261
-0.6645538 0.4289602
-0.7126595 0.6387342
-0.9256721 0.5495359
-0.7499880 0.9148897
-0.8321777 1.1480831
-1.0442352 1.0009739
-0.8951135 1.4675914
-1.0272179 1.7475940
-1.2757921 1.5148973
-1.1324753 2.1346107
-1.3279650 2.4885333
-1.6442603 2.1437874
-1.4914939 2.9798136
-1.7748498 3.4411902
-2.2079363 2.9529572
-2.0180151 4.0895214
-2.4025512 4.7266412
-3.0742669 4.0603604
-2.7669179 5.5982323
-3.1743631 6.5433497
-4.3864799 5.6444421
-3.7415679 7.6632466
-4.0256443 9.1758146
-5.9923744 8.2729254
-4.7991738 10.5702581
-4.9906044 12.5681438
-7.0539269 11.1531210
-5.1923728 14.7262630
-6.7529054 15.0091238
-6.0203295 10.7788801
2.2675745 11.7336302
10.5270157 11.6352930
16.0271873 10.7962465
14.6487207 8.9394016
22.7486057 6.1775789
31.2630367 -2.2922437
25.5831013 -8.5223255
12.5652294 -10.2610798
17.8419895 -9.6997404
4.1192060 -13.1467466
-4.5437083 -12.4883471
-4.8157349 -10.1408892
-3.8263631 -11.6279926
-3.8331168 -11.3309469
-5.3183837 -10.5095415
-3.5201502 -9.5103521
-3.1664484 -8.1619282
-4.2677011 -8.3653088
-2.8663211 -6.9651494
-2.5087106 -6.0260267
-3.2633145 -5.4639597
-2.2840571 -5.3589563
-1.9675320 -4.4794059
-2.6478763 -4.0199475
-1.7680070 -4.0311022
-1.5256530 -3.3350880
-2.0590224 -2.9934585
-1.3627487 -2.9731784
-1.1906790 -2.4523745
-1.6185396 -2.2035997
-1.0678194 -2.1392417
-0.9543274 -1.7411072
-1.3017278 -1.5748374
-0.8651088 -1.4640746
-0.7974028 -1.1506823
-1.0852981 -1.0538578
-0.7359830 -0.8963742
-0.7107840 -0.6416181
-0.9539732 -0.6020015
-0.6634847 -0.3845835
-0.7319821 -0.1557861
-0.9584839 -0.1485313
0.0000000 0.0000000
0.0000000 0.0000000
-1.1881034 0.1246986
-1.3749392 0.1018009
-1.0522697 0.3692714
-1.1491332 0.5068231
-1.3287805 0.4349593
-1.1953328 0.7581497
-1.3125607 0.9137032
-1.4822037 0.7907601
-1.4096327 1.1979722
-1.6027057 1.3677223
-1.7842391 1.1781139
-1.7587616 1.7093641
-2.0493865 1.9082562
-2.2619293 1.6144567
-2.2954025 2.3289018
-2.7134919 2.5835440
-2.9911129 2.1127167
-3.1144669 3.1064529
-3.7059507 3.4996483
-4.1372175 2.7207677
-4.4213262 4.1146898
-4.9867935 5.0757141
-6.0034733 3.5332434
-6.3796730 5.6658092
-7.2297134 7.6438298
-8.8916588 5.2009406
-8.2237158 7.9194994
-6.0838027 9.4948015
-8.3084888 8.2291431
-3.9750237 10.8692160
-6.0660033 9.3395720
-2.2254555 4.5430641
-2.8398459 5.8967204
17.6993446 6.4496703
18.5197449 0.5691446
28.7052536 1.9777354
36.8822823 -7.5815210
40.0149956 -6.5913348
28.3495159 -10.3158674
23.2579975 -6.8451467
22.1895351 -2.5920417
-2.3193352 -8.4614496
-3.6868091 -8.4896193
-1.2655939 -7.7805047
-4.6994438 -8.6179686
-5.4586058 -8.6851034
-4.2891722 -8.3836546
-6.0857835 -8.1225109
-6.2138033 -8.0597544
-7.8095756 -7.1795034
-4.9561691 -6.3879123
-4.1626735 -5.1936779
-5.1372070 -4.5295820
-3.7382569 -4.6674638
-3.1952667 -3.6715662
-3.8465128 -3.2172966
-2.8308721 -3.3799410
-2.4529989 -2.7323258
-2.9214797 -2.3933563
-2.1824467 -2.4534593
-1.9210234 -2.0164232
-2.2792201 -1.7709157
-1.7215072 -1.7526330
-1.5481095 -1.4411159
-1.8327693 -1.2736418
-1.4046273 -1.1974121
-1.2996420 -0.9613494
-1.5338466 -0.8567923
-1.2018163 -0.7329119
-1.1622874 -0.5433502
-1.3591667 -0.4906895
-1.0529255 -0.3089227
-1.1959977 -0.1381575
-1.3956256 -0.1258558
0.0000000 0.0000000
0.0000000 0.0000000
-1.5617273 0.0925122
-1.6934732 0.0724900
-1.3330542 0.2987525
-1.4966005 0.3660699
-1.6319331 0.2940063
-1.5357603 0.5865535
-1.6791459 0.6615747
-1.7966152 0.5330077
-1.7941033 0.9089985
-2.0125546 0.9733612
-2.1289086 0.7754812
-2.2000828 1.2730573
-2.5214522 1.3098433
-2.6456058 1.0207646
-2.8011689 1.7059940
-3.2864029 1.6577076
-3.4114156 1.2409058
-3.6829984 2.2686617
-4.4975643 1.9459249
-4.5435023 1.3293184
-5.0396471 3.0312493
-6.5004463 2.0024862
-6.2372279 1.2329922
-7.6045485 3.3284192
-9.5318842 2.9518003
-9.9542618 1.7171074
-10.7044840 2.5495267
-8.4768534 4.8511438
-8.3972692 2.8560834
-1.8573731 2.2332196
1.4896934 4.5653663
0.3568787 4.8990579
5.9843426 -3.7168016
18.2677517 -5.5749807
24.3457775 -4.0698547
34.0379906 3.7515490
42.4410172 -3.7698767
35.1938286 -6.8215899
28.3021545 -5.8425655
14.6214762 -1.1225879
13.1257277 1.8638754
8.5163994 2.7379820
-1.3669547 -7.3714061
-0.9112173 -4.0159454
-2.1806369 -5.9624681
-3.9229741 -8.0477114
-4.8785238 -6.0822897
-6.9816899 -5.3162928
-8.8225479 -6.4728651
-9.9264402 -5.2504511
-7.3480740 -4.9162579
-5.8224602 -3.7233970
-6.4394174 -2.9285853
-5.0677524 -3.5446279
-4.2520833 -2.6595833
-4.6906042 -2.0443048
-3.7051904 -2.4589965
-3.2016642 -2.0042417
-3.5477512 -1.5685446
-2.8180928 -1.7581782
-2.4923277 -1.4931172
-2.7514384 -1.1973544
-2.2219286 -1.2620140
-2.0109060 -1.0794438
-2.2117577 -0.8840251
-1.8225492 -0.8685287
-1.6972634 -0.7288873
-1.8614275 -0.6067824
-1.5656434 -0.5306469
-1.5294391 -0.4162064
-1.6681832 -0.3524437
-1.3341507 -0.2202940
-1.5784135 -0.1120202
-1.7347691 -0.0950005
0.0000000 0.0000000
0.0000000 0.0000000
-1.8331143 0.0592390
-1.9045532 0.0390467
-1.5044143 0.2157583
-1.7432604 0.2196956
-1.8265684 0.1487731
-1.7588255 0.3987404
-1.9247123 0.3942400
-1.9818960 0.2658553
-2.0342901 0.5983249
-2.2707348 0.5546179
-2.3052573 0.3568020
-2.4534190 0.8129543
-2.7996318 0.6900971
-2.8014925 0.3974855
-3.0672436 1.0563596
-3.5626807 0.7660248
-3.5066590 0.3477847
-3.9177492 1.3548495
-4.6829805 0.6800172
-4.5140347 0.1246841
-5.1076837 1.9978337
-6.4103737 0.3188515
-5.9724050 -0.1026310
-7.5140629 2.0034618
-10.4563456 0.6320816
-9.4944115 -0.4552220
-11.7479143 -0.4078856
-7.5998330 0.9511525
-6.9075055 -1.7373090
-3.3716574 1.6441413
-0.3910382 1.0129944
4.5550427 -3.6528370
18.9079609 -9.0507488
25.1653080 -8.5681667
27.4636879 -4.1097054
32.6191940 1.1846910
36.6252327 -2.0513890
30.7997742 -1.1252754
21.9906883 -0.5246755
13.7531166 3.8232124
19.3931885 1.4332643
17.3071499 3.1477785
3.6586132 -1.5031935
2.1728492 1.4071600
-0.7454634 -1.3053665
-4.3665495 -2.8375995
-4.5495324 0.3472696
-7.4034319 0.2913320
-10.5610094 -3.2635119
-11.3084526 -1.0555431
-8.5140142 -2.0235779
-6.8378382 -1.9476668
-7.6781969 -0.9705455
-5.6352072 -1.6973839
-4.8464108 -1.3681132
-5.1781049 -0.7711492
-4.1749072 -1.1969216
-3.6438339 -1.0897428
-3.8133094 -0.6749330
-3.1902928 -0.8967959
-2.8435059 -0.8659509
-2.9625072 -0.5757352
-2.5303464 -0.6811596
-2.3089023 -0.6601701
-2.4060357 -0.4617787
-2.0929475 -0.4902377
-1.9660611 -0.4638934
-2.0494850 -0.3373064
-1.8046508 -0.3047155
-1.7916846 -0.2733616
-1.8616004 -0.2059140
-1.5044682 -0.1240359
-1.8571538 -0.0766227
-1.9557647 -0.0562879
0.0000000 0.0000000
0.0000000 0.0000000
-1.9935960 0.0242102
-2.0018055 0.0041326
-1.5776616 0.1249606
-1.8814142 0.0791677
-1.9075978 0.0133138
-1.8665683 0.2037795
-2.0427370 0.1363874
-2.0369005 0.0152162
-2.1323991 0.2754526
-2.3605247 0.1498975
-2.3150523 -0.0336492
-2.5175545 0.3228794
-2.8474765 0.0813597
-2.7352426 -0.1672327
-3.0881143 0.3112932
-3.5292253 -0.0889451
-3.3273251 -0.4158766
-3.8816278 0.1005055
-4.5013199 -0.4767321
-4.1513920 -0.9617347
-4.9855461 0.0095797
-6.0038500 -1.0272944
-5.3175488 -2.0130823
-6.8087726 -0.4132412
-9.1352816 -2.0460346
-7.4596782 -3.3812830
-10.9837914 -4.1851954
-7.3403611 -4.7071304
-6.2684107 -6.2497988
-1.9697483 -4.6445312
7.3793683 -5.4486542
9.1614227 -6.6739888
17.9603252 -11.1835318
22.0670872 -9.1464710
26.5893402 -2.6769814
26.6675835 -0.6000580
26.1201553 0.2720538
22.1484432 2.0390174
20.6482620 -3.7040284
17.4953136 0.5456076
17.4145184 6.0857563
12.5872774 6.1247535
3.3999541 5.4000983
4.6519346 7.4513078
1.0073615 3.6371264
-3.2328699 2.5563436
-2.1850829 3.9995184
-5.7564578 3.0168350
-9.6389360 2.3901050
-9.2078485 3.9928393
-8.6036892 1.6761671
-7.1109562 0.5863750
-6.5285687 1.7554690
-5.6701407 0.5363685
-4.9825101 0.0635586
-4.7422686 0.7437849
-4.2006602 0.0999252
-3.7438719 -0.1536199
-3.6310356 0.2801049
-3.2625480 -0.0772784
-2.9513960 -0.2320551
-2.8987410 0.0572924
-2.6320353 -0.1350379
-2.4284854 -0.2355134
-2.4099817 -0.0424124
-2.2090044 -0.1304907
-2.0943422 -0.1955405
-2.0938389 -0.0732928
-1.9186488 -0.0902946
-1.9341546 -0.1287919
-1.9337029 -0.0642127
-1.5906012 -0.0305225
-2.0145385 -0.0381546
-2.0507238 -0.0173486
0.0000000 0.0000000
0.0000000 0.0000000
-2.0381975 -0.0098559
-1.9906766 -0.0279680
-1.5812545 0.0337070
-1.9070079 -0.0423606
-1.8812410 -0.0959787
-1.8744968 0.0126427
-2.0301750 -0.0899924
-1.9759424 -0.1874301
-2.1014924 -0.0443817
-2.2818933 -0.1930614
-2.1910126 -0.3380388
-2.4094808 -0.1587731
-2.6596980 -0.3961439
-2.5049918 -0.5961503
-2.8429403 -0.3491404
-3.1943104 -0.7413533
-2.9329920 -0.9988899
-3.4339890 -0.7911564
-3.8622434 -1.3457887
-3.4726331 -1.7011569
-4.1369276 -1.4992979
-4.7743506 -2.4515188
-4.2311697 -2.9392703
-5.1714535 -2.3258991
-6.5641813 -4.2847209
-5.3054781 -4.8019142
-6.8297443 -6.0234060
-5.3438787 -7.3896670
-4.4239345 -8.0295238
-0.4649984 -7.2681231
5.7120605 -7.7971921
4.5413814 -5.2891450
12.8077602 -7.5845270
19.5662498 -2.3856363
17.8232517 -2.0998244
22.3937931 3.8089242
20.1974754 4.8690839
20.1448727 3.8248441
17.5672398 2.2624629
14.9212542 6.8657088
10.0703888 8.6158352
7.4361620 10.4042568
8.2975950 6.4735827
7.7452316 6.7355022
2.3350542 6.6661711
-2.5748794 6.9137950
-1.5263020 8.8835526
-7.0105839 7.5799952
-7.9055481 4.8802838
-4.8217435 6.1548858
-6.2425942 4.3259821
-5.8553739 2.3080535
-4.4022622 3.3531961
-4.7874317 2.2215042
-4.4019465 1.2340134
-3.7357607 1.8410395
-3.7544203 1.1717885
-3.4489968 0.6518947
-3.1103945 1.0299393
-3.0388699 0.6142084
-2.8071735 0.3243606
-2.6169021 0.5760215
-2.5332823 0.3198955
-2.3697083 0.1435485
-2.2571607 0.3137554
-2.1788876 0.1656348
-2.0849500 0.0484370
-2.0147488 0.1584410
-1.9246236 0.0873102
-1.9541389 0.0045427
-1.8969077 0.0638319
-1.6151630 0.0502676
-2.0483639 -0.0045163
-2.0357356 0.0129321
0.0000000 0.0000000
0.0000000 0.0000000
-1.9763749 -0.0353295
-1.8926036 -0.0478428
-1.5418162 -0.0435147
-1.8307809 -0.1377825
-1.7760408 -0.1794466
-1.7936400 -0.1466512
-1.9130059 -0.2619582
-1.8334430 -0.3357056
-1.9618539 -0.2915063
-2.0900226 -0.4460849
-1.9790456 -0.5514660
-2.1756968 -0.5103563
-2.3376439 -0.7331676
-2.1818180 -0.8713994
-2.4460342 -0.8337900
-2.6573782 -1.1780707
-2.4370651 -1.3480771
-2.7712193 -1.3603511
-2.9741066 -1.8496358
-2.7270224 -2.0295982
-3.0584774 -2.3036735
-3.2104640 -2.9279754
-3.0003510 -3.1118848
-3.1826069 -3.4836664
-3.4025064 -4.5693383
-3.1704597 -4.6760249
-3.4782140 -5.8760061
-2.7742658 -7.7750912
-2.6861637 -6.3181701
-0.3232109 -9.3216648
3.9448814 -7.2796144
2.2730649 -8.2315054
7.6933980 -5.0887637
12.0457268 -4.1355243
9.6726170 -2.5340054
17.4951973 -0.9797050
18.7925930 3.0835490
14.8349447 3.6842732
12.7669735 3.9850488
12.6860456 4.3010874
10.7019796 7.4698420
8.3900909 7.1812978
4.3147907 9.5880384
4.7159843 8.7652702
1.5354224 8.9946127
-1.8521900 9.3606968
-0.6589583 8.4516039
-3.9006996 7.6914663
-4.1217155 5.4348178
-2.0490384 5.7482934
-3.8771014 4.7993312
-3.9158711 3.2592978
-2.5744987 3.6910410
-3.5107560 2.9089708
-3.3796763 1.9540142
-2.6059031 2.3401673
-3.0462198 1.7671894
-2.8779538 1.2034552
-2.4345367 1.4717003
-2.6221321 1.0793418
-2.4765198 0.7348842
-2.2069869 0.9232177
-2.2854841 0.6581473
-2.1735725 0.4381202
-1.9996802 0.5695591
-2.0314727 0.3965616
-1.9662290 0.2460019
-1.8467393 0.3330803
-1.8357069 0.2286543
-1.8779949 0.1159582
-1.7782106 0.1641992
-1.5613798 0.1120451
-1.9846829 0.0228317
-1.9324909 0.0370588
0.0000000 0.0000000
0.0000000 0.0000000
-1.8438776 -0.0510013
-1.7367321 -0.0591287
-1.4445142 -0.1020661
-1.6899321 -0.2038397
-1.6175187 -0.2315197
-1.6472924 -0.2594990
-1.7293687 -0.3769375
-1.6391718 -0.4243872
-1.7533004 -0.4586998
-1.8281131 -0.6050396
-1.7168231 -0.6683089
-1.8703384 -0.7298458
-1.9484138 -0.9222943
-1.8128372 -0.9934139
-1.9885879 -1.1130452
-2.0584817 -1.3727815
-1.9019012 -1.4395357
-2.0730920 -1.6443024
-2.1003127 -2.0025530
-1.9431859 -2.0254619
-2.0457518 -2.4724200
-1.9403325 -2.9239345
-1.8521678 -2.8149300
-1.7250736 -3.4934115
-1.4092283 -4.1904821
-1.4193587 -3.7404017
-0.9489008 -5.0134144
-0.4223371 -5.6150312
-0.3003368 -4.9460659
0.4092952 -6.7673702
2.4191859 -7.1590481
1.8682712 -5.6457105
4.8160343 -7.2958674
7.3913498 -4.7765064
5.4575648 -5.4197421
10.0020943 -0.9965880
11.0605831 1.2127396
7.8654413 -1.0585626
11.1137238 2.9452498
9.4845877 5.8745995
6.6340003 4.0948815
6.2674656 6.6391621
3.7475369 7.6105390
3.8066430 5.9661875
1.9064735 7.4616880
0.4399533 6.5302048
0.9269522 5.6001143
-0.7778794 5.8631387
-1.5116245 4.8555593
-0.6903035 4.5020590
-1.9446516 4.2057443
-2.2065213 3.3309855
-1.3943259 3.3232210
-2.2699218 2.8871152
-2.3155265 2.2417092
-1.7007881 2.3488517
-2.2618759 1.9495112
-2.2119610 1.4836117
-1.7915018 1.6202854
-2.1200285 1.2990112
-2.0495672 0.9799303
-1.7650688 1.0930264
-1.9546310 0.8538842
-1.8920993 0.6311062
-1.6941634 0.7172724
-1.8065537 0.5450777
-1.7709854 0.3834980
-1.6254990 0.4434174
-1.6761204 0.3234965
-1.7286562 0.1971194
-1.6040457 0.2315090
-1.4463809 0.1527227
-1.8452940 0.0433490
-1.7661759 0.0536091
0.0000000 0.0000000
0.0000000 0.0000000
-1.6648282 -0.0592948
-1.5470743 -0.0636679
-1.3074887 -0.1401814
-1.5097075 -0.2407110
-1.4292909 -0.2549880
-1.4637238 -0.3266905
-1.5123401 -0.4375179
-1.4207530 -0.4601639
-1.5153149 -0.5494643
-1.5441561 -0.6784428
-1.4404354 -0.7032295
-1.5517030 -0.8305185
-1.5664312 -0.9872202
-1.4496402 -1.0023497
-1.5599655 -1.1984575
-1.5406436 -1.3910909
-1.4159256 -1.3755869
-1.4967569 -1.6704526
-1.4138473 -1.9051000
-1.2902106 -1.8209889
-1.2979580 -2.3056712
-1.0947086 -2.5651996
-0.9934759 -2.3653867
-0.8777115 -2.9722342
-0.4882919 -3.3189166
-0.4038000 -2.8636231
0.0005263 -3.9838526
0.7567123 -4.1040206
0.7105052 -3.4026399
1.4475244 -4.1666656
2.4155273 -4.2932711
2.0893395 -3.2710252
3.4652381 -4.4197507
4.6224761 -3.6920457
3.9030254 -2.6155748
5.9307466 -1.7019029
6.2357669 -0.7893382
4.7303653 -0.6986176
6.4792013 1.2279150
5.8165011 2.5961576
4.2286992 1.6191028
4.7538776 3.2504425
3.6513391 4.3911500
2.8397202 3.1774824
2.3285019 4.2187338
1.4268812 4.4918828
1.2371058 3.5822020
0.4291490 4.0383635
-0.1688969 3.7990508
0.0150468 3.2822378
-0.7365434 3.3157914
-1.0424972 2.9249916
-0.6890395 2.7055023
-1.3182725 2.5291169
-1.4512792 2.1560674
-1.0676950 2.0943229
-1.5601577 1.8574710
-1.5939479 1.5425600
-1.2741230 1.5552911
-1.6224769 1.3277086
-1.6107323 1.0754701
-1.3629638 1.1164079
-1.5985358 0.9222356
-1.5766013 0.7276428
-1.3872613 0.7688006
-1.5446846 0.6138708
-1.5343531 0.4610247
-1.3848673 0.4938527
-1.4744936 0.3725372
-1.5334729 0.2463743
-1.4001274 0.2667503
-1.2914382 0.1728179
-1.6553125 0.0565998
-1.5621083 0.0627030
0.0000000 0.0000000
0.0000000 0.0000000
-1.4624454 -0.0618478
-1.3442125 -0.0629937
-1.1501280 -0.1593976
-1.3130752 -0.2529008
-1.2314276 -0.2559351
-1.2667625 -0.3542012
-1.2888625 -0.4537761
-1.2008975 -0.4562944
-1.2769866 -0.5761209
-1.2725683 -0.6856003
-1.1781844 -0.6805231
-1.2570729 -0.8389655
-1.2301253 -0.9626035
-1.1285210 -0.9385401
-1.1952935 -1.1566020
-1.1297318 -1.2967510
-1.0224810 -1.2350564
-1.0585036 -1.5315995
-0.9328607 -1.6855457
-0.8203069 -1.5581030
-0.8025699 -1.9805950
-0.5703958 -2.1330407
-0.4617560 -1.8990922
-0.3536519 -2.4099627
0.0104112 -2.5465360
0.0986663 -2.1766796
0.3323905 -2.8357732
0.8923069 -2.8714273
0.9040700 -2.3267927
1.4067820 -2.7943423
1.9759939 -2.7476592
1.8157665 -2.0958095
2.5377069 -2.4113009
3.0659387 -2.0660610
2.7100472 -1.5305513
3.7350981 -0.9059296
3.8235362 -0.5346026
3.1049922 -0.4503252
4.0642300 0.7388481
3.6379430 1.2433215
2.8624706 0.8571094
3.3308265 1.9066623
2.7084184 2.5104363
2.1101589 1.8538049
2.0574822 2.6111486
1.4736319 2.9474626
1.1674203 2.3181732
0.8296710 2.7526770
0.3857314 2.7964609
0.3237692 2.3348494
-0.0973523 2.4927018
-0.3767290 2.3704910
-0.2790847 2.0933416
-0.6861806 2.0717661
-0.8435907 1.8862350
-0.6491646 1.7442811
-1.0201133 1.6313447
-1.0971919 1.4400171
-0.8882597 1.3782725
-1.1903740 1.2353889
-1.2184489 1.0576752
-1.0308076 1.0419487
-1.2612438 0.8989375
-1.2688941 0.7447712
-1.1077793 0.7482865
-1.2782290 0.6188157
-1.2863150 0.4872654
-1.1493478 0.4961547
-1.2570333 0.3829052
-1.3176149 0.2672190
-1.1889334 0.2750219
-1.1170009 0.1760053
-1.4392736 0.0629412
-1.3424371 0.0654015
0.0000000 0.0000000
0.0000000 0.0000000
-1.2556318 -0.0601588
-1.1439382 -0.0588879
-0.9881933 -0.1632779
-1.1173035 -0.2467913
-1.0390075 -0.2414130
-1.0733205 -0.3515610
-1.0766362 -0.4380982
-0.9951232 -0.4263640
-1.0559559 -0.5572840
-1.0306710 -0.6480581
-0.9461756 -0.6235325
-1.0019534 -0.7874032
-0.9518341 -0.8837135
-0.8636655 -0.8367363
-0.9032839 -1.0463682
-0.8170639 -1.1468233
-0.7253309 -1.0637764
-0.7363400 -1.3287153
-0.5987700 -1.4278338
-0.5035736 -1.2905775
-0.4747113 -1.6239294
-0.2604922 -1.7094294
-0.1662365 -1.4950917
-0.0762079 -1.8745657
0.2228525 -1.9254192
0.2900017 -1.6278601
0.4683118 -2.0129457
0.8444890 -2.0095763
0.8522055 -1.6250844
1.1746869 -1.8740724
1.5140945 -1.8020784
1.4337331 -1.3986939
1.8781462 -1.4405409
2.1362414 -1.2511079
1.9211596 -0.9636613
2.4965329 -0.5463734
2.5221381 -0.3432032
2.1369278 -0.2858863
2.6882517 0.4400540
2.4475451 0.7038783
2.0003211 0.5080945
2.3294878 1.1959567
1.9608881 1.5308923
1.5701137 1.1628882
1.6326444 1.7083945
1.2524189 1.9543827
0.9923753 1.5482367
0.8613551 1.9100422
0.5411730 2.0135415
0.4208627 1.6650691
0.1915603 1.8517398
-0.0418975 1.8406936
-0.0496946 1.5871235
-0.3062129 1.6404134
-0.4591387 1.5612379
-0.3795028 1.4000677
-0.6400884 1.3666672
-0.7329006 1.2582101
-0.6104544 1.1639029
-0.8490866 1.0848942
-0.8988181 0.9681668
-0.7685993 0.9177351
-0.9688119 0.8203623
-0.9946385 0.7058915
-0.8694798 0.6829210
-1.0295477 0.5810515
-1.0499443 0.4745415
-0.9332973 0.4655513
-1.0433503 0.3653167
-1.1011530 0.2658162
-0.9861395 0.2636146
-0.9401127 0.1669991
-1.2176487 0.0636468
-1.1250213 0.0633399
0.0000000 0.0000000
0.0000000 0.0000000
-1.0578134 -0.0557647
-0.9568347 -0.0528366
-0.8329614 -0.1563913
-0.9339495 -0.2287937
-0.8618757 -0.2180244
-0.8940575 -0.3289624
-0.8853373 -0.4024307
-0.8119518 -0.3817648
-0.8607404 -0.5108459
-0.8243167 -0.5848905
-0.7499259 -0.5496801
-0.7897130 -0.7040432
-0.7297382 -0.7783234
-0.6543540 -0.7212755
-0.6769043 -0.9072352
-0.5862748 -0.9792147
-0.5099535 -0.8910667
-0.5078136 -1.1118475
-0.3774823 -1.1756684
-0.3006277 -1.0462916
-0.2664077 -1.2989291
-0.0861727 -1.3456955
-0.0154132 -1.1652936
0.0625314 -1.4260522
0.2881378 -1.4439831
0.3335070 -1.2157162
0.4756568 -1.4415780
0.7222435 -1.4230090
0.7249272 -1.1593651
0.9467408 -1.2796922
1.1544942 -1.2155037
1.0991219 -0.9639081
1.3921286 -0.9263553
1.5316248 -0.8077409
1.3899797 -0.6387334
1.7417183 -0.3552941
1.7473162 -0.2235994
1.5165377 -0.1872082
1.8550574 0.2709486
1.7126365 0.4344607
1.4356916 0.3237776
1.6620375 0.7853622
1.4350681 0.9875342
1.1753104 0.7673445
1.2560002 1.1594788
1.0055308 1.3290145
0.8080727 1.0645679
0.7647551 1.3518274
0.5353402 1.4504198
0.4181083 1.1996548
0.2943352 1.3759077
0.1099432 1.4026595
0.0675249 1.1975089
-0.0960028 1.2785230
-0.2298099 1.2527844
-0.2092717 1.1027865
-0.3883134 1.1135151
-0.4804934 1.0552304
-0.4149215 0.9542227
-0.5938876 0.9182721
-0.6522082 0.8434223
-0.5663403 0.7791135
-0.7299846 0.7162752
-0.7643876 0.6347940
-0.6729096 0.5964594
-0.8119081 0.5196254
-0.8383697 0.4366443
-0.7445912 0.4162636
-0.8459632 0.3312728
-0.8987727 0.2490002
-0.8008174 0.2400255
-0.7725601 0.1506630
-1.0054498 0.0603611
-0.9219941 0.0582015
0.0000000 0.0000000
0.0000000 0.0000000
-0.8771629 -0.0498415
-0.7888901 -0.0459158
-0.6910343 -0.1429097
-0.7693867 -0.2042485
-0.7049774 -0.1906062
-0.7346359 -0.2952177
-0.7191036 -0.3564787
-0.6546083 -0.3315877
-0.6938124 -0.4506582
-0.6531255 -0.5106182
-0.5889133 -0.4710447
-0.6178141 -0.6085309
-0.5567164 -0.6657066
-0.4930834 -0.6070403
-0.5053520 -0.7643453
-0.4199880 -0.8162056
-0.3578106 -0.7325708
-0.3487698 -0.9084012
-0.2348553 -0.9505144
-0.1751103 -0.8368261
-0.1405890 -1.0229485
0.0027697 -1.0487667
0.0534367 -0.9038338
0.1219079 -1.0788752
0.2863393 -1.0830657
0.3148183 -0.9125603
0.4279380 -1.0454203
0.5920331 -1.0238355
0.5888395 -0.8421853
0.7503080 -0.8960901
0.8825319 -0.8435038
0.8377667 -0.6825728
1.0396631 -0.6266429
1.1206852 -0.5454798
1.0222325 -0.4400050
1.2513397 -0.2425582
1.2507645 -0.1500754
1.1008327 -0.1266323
1.3197817 0.1731883
1.2317144 0.2845162
1.0511525 0.2173756
1.2087286 0.5336187
1.0633768 0.6645693
0.8864437 0.5262753
0.9599686 0.8099660
0.7910026 0.9269284
0.6458180 0.7512650
0.6387802 0.9739831
0.4748871 1.0541446
0.3759487 0.8748920
0.3092237 1.0271943
0.1671117 1.0630660
0.1176079 0.9047738
0.0139978 0.9905611
-0.0980960 0.9885272
-0.1035247 0.8616190
-0.2271444 0.8925251
-0.3094463 0.8631355
-0.2783932 0.7686074
-0.4099471 0.7588271
-0.4678523 0.7114151
-0.4135022 0.6455182
-0.5414194 0.6072609
-0.5790812 0.5496966
-0.5133017 0.5059344
-0.6290255 0.4488711
-0.6566244 0.3859495
-0.5844334 0.3596460
-0.6724094 0.2895385
-0.7183246 0.2232932
-0.6380984 0.2105727
-0.6211858 0.1312880
-0.8123448 0.0546274
-0.7399316 0.0515136
0.0000000 0.0000000
0.0000000 0.0000000
-0.7178419 -0.0432856
-0.6426039 -0.0390384
-0.5657263 -0.1260599
-0.6261857 -0.1772686
-0.5700372 -0.1625780
-0.5968022 -0.2569581
-0.5783172 -0.3074073
-0.5225780 -0.2815403
-0.5544978 -0.3868332
-0.5141445 -0.4350457
-0.4596432 -0.3956583
-0.4808385 -0.5132100
-0.4236521 -0.5575707
-0.3708350 -0.5019008
-0.3771638 -0.6311268
-0.3018973 -0.6689792
-0.2517192 -0.5946410
-0.2398964 -0.7311578
-0.1453752 -0.7596878
-0.0997884 -0.6643134
-0.0672134 -0.7990692
0.0438000 -0.8141368
0.0790614 -0.6999680
0.1379839 -0.8174999
0.2568313 -0.8155721
0.2739653 -0.6895817
0.3637048 -0.7685452
0.4754803 -0.7485271
0.4684320 -0.6215984
0.5887593 -0.6418641
0.6757557 -0.6010791
0.6389801 -0.4936358
0.7829767 -0.4395402
0.8327382 -0.3803506
0.7613659 -0.3122920
0.9180225 -0.1718543
0.9157047 -0.1038789
0.8126584 -0.0883237
0.9608879 0.1155421
0.9039359 0.1947891
0.7813755 0.1523945
0.8929756 0.3728028
0.7972661 0.4628351
0.6734842 0.3721741
0.7341737 0.5788168
0.6178493 0.6613157
0.5113620 0.5421514
0.5197065 0.7133837
0.4011392 0.7749749
0.3227586 0.6470858
0.2866051 0.7725173
0.1792464 0.8070818
0.1324166 0.6866376
0.0663220 0.7663066
-0.0245742 0.7739293
-0.0400669 0.6713719
-0.1245720 0.7094405
-0.1955968 0.6953404
-0.1827038 0.6138461
-0.2794417 0.6176037
-0.3311915 0.5879267
-0.2983465 0.5266650
-0.3964750 0.5045168
-0.4329385 0.4637027
-0.3864090 0.4209006
-0.4789112 0.3789406
-0.5057395 0.3313035
-0.4505201 0.3037993
-0.5245274 0.2465649
-0.5626354 0.1941871
-0.4989145 0.1798978
-0.4895132 0.1116453
-0.6428704 0.0478231
-0.5817793 0.0444125
0.0000000 0.0000000
0.0000000 0.0000000
-0.5808632 -0.0368273
-0.5178558 -0.0326285
-0.4580606 -0.1084254
-0.5043924 -0.1506485
-0.4563998 -0.1363364
-0.4799979 -0.2185124
-0.4611557 -0.2598154
-0.4137993 -0.2348680
-0.4399669 -0.3253285
-0.4027735 -0.3639288
-0.3569153 -0.3275086
-0.3730114 -0.4254035
-0.3223796 -0.4599601
-0.2790388 -0.4102985
-0.2818625 -0.5137464
-0.2180956 -0.5422165
-0.1781685 -0.4783737
-0.1659577 -0.5831268
-0.0899352 -0.6028271
-0.0551881 -0.5253746
-0.0261668 -0.6226865
0.0585915 -0.6317533
0.0829597 -0.5431200
0.1324140 -0.6219086
0.2188208 -0.6181940
0.2284918 -0.5244796
0.2995922 -0.5722439
0.3774309 -0.5544829
0.3687995 -0.4648980
0.4595155 -0.4691252
0.5184826 -0.4375232
0.4883674 -0.3634975
0.5934733 -0.3161851
0.6255813 -0.2722702
0.5725357 -0.2261915
0.6834708 -0.1248839
0.6811814 -0.0731187
0.6074808 -0.0630606
0.7115567 0.0796068
0.6735030 0.1380504
0.5870697 0.1104549
0.6683882 0.2675773
0.6031103 0.3315655
0.5151455 0.2708350
0.5631863 0.4219446
0.4824819 0.4820179
0.4032626 0.3990914
0.4168376 0.5300434
0.3305969 0.5769537
0.2694767 0.4851810
0.2516657 0.5863948
0.1699311 0.6157666
0.1302847 0.5255399
0.0872412 0.5940671
0.0162897 0.6051767
-0.0024330 0.5238762
-0.0609246 0.5618500
-0.1197424 0.5559151
-0.1166118 0.4886551
-0.1860955 0.4988825
-0.2312945 0.4797665
-0.2109895 0.4268821
-0.2860956 0.4140714
-0.3180810 0.3851996
-0.2860016 0.3461210
-0.3586434 0.3151316
-0.3825394 0.2788551
-0.3408032 0.2529655
-0.4007616 0.2066941
-0.4320721 0.1652115
-0.3815666 0.1513085
-0.3777063 0.0935150
-0.4979620 0.0409658
-0.4474085 0.0376435
0.0000000 0.0000000
0.0000000 0.0000000
-0.4652830 -0.0308207
-0.4131274 -0.0268651
-0.3670909 -0.0914686
-0.4025193 -0.1259873
-0.3619875 -0.1129060
-0.3827974 -0.1827833
-0.3649994 -0.2164136
-0.3252838 -0.1938853
-0.3467773 -0.2694978
-0.3140515 -0.3006756
-0.2758458 -0.2681978
-0.2885112 -0.3484575
-0.2454591 -0.3754480
-0.2098962 -0.3329436
-0.2111708 -0.4147513
-0.1587262 -0.4364156
-0.1271413 -0.3833498
-0.1156878 -0.4626152
-0.0555911 -0.4770684
-0.0292696 -0.4147062
-0.0044632 -0.4855264
0.0598871 -0.4907314
0.0770258 -0.4227251
0.1174349 -0.4762664
0.1807653 -0.4720927
0.1858106 -0.4021962
0.2418194 -0.4306858
0.2970587 -0.4161420
0.2882891 -0.3511700
0.3573826 -0.3485113
0.3984716 -0.3231117
0.3739089 -0.2715578
0.4518611 -0.2324749
0.4735142 -0.1989500
0.4330937 -0.1667484
0.5140854 -0.0915930
0.5119897 -0.0522265
0.4581625 -0.0448375
0.5331862 0.0568293
0.5075616 0.1015057
0.4444933 0.0824447
0.5047807 0.1962546
0.4595254 0.2433735
0.3952182 0.2018922
0.4340888 0.3139350
0.3764116 0.3582321
0.3177718 0.3001816
0.3318057 0.3994716
0.2697467 0.4358734
0.2215152 0.3690922
0.2137512 0.4493948
0.1520526 0.4735294
0.1191820 0.4062649
0.0926901 0.4634091
0.0369374 0.4744806
0.0196773 0.4117726
-0.0215910 0.4454119
-0.0678883 0.4441592
-0.0704857 0.3897355
-0.1203852 0.4019746
-0.1578465 0.3894421
-0.1457665 0.3456802
-0.2013151 0.3383805
-0.2290416 0.3172618
-0.2059861 0.2839580
-0.2627486 0.2601109
-0.2824949 0.2324446
-0.2514673 0.2094765
-0.2992413 0.1719944
-0.3239307 0.1388267
-0.2841321 0.1263215
-0.2839411 0.0780321
-0.3763227 0.0346447
-0.3344919 0.0316727
0.0000000 0.0000000
0.0000000 0.0000000
-0.3690207 -0.0254601
-0.3260896 -0.0219510
-0.2912871 -0.0760170
-0.3182719 -0.1042990
-0.2842397 -0.0926739
-0.3025137 -0.1511545
-0.2866738 -0.1784480
-0.2534529 -0.1589395
-0.2715191 -0.2212279
-0.2436742 -0.2463666
-0.2121351 -0.2186202
-0.2223314 -0.2830828
-0.1867003 -0.3047154
-0.1576840 -0.2689051
-0.1584609 -0.3332876
-0.1163142 -0.3497763
-0.0911239 -0.3068725
-0.0814525 -0.3668143
-0.0344854 -0.3775251
-0.0146755 -0.3282302
0.0060864 -0.3792333
0.0547853 -0.3828120
0.0669297 -0.3302242
0.0994251 -0.3673230
0.1461581 -0.3627044
0.1485428 -0.3108560
0.1922156 -0.3279400
0.2321982 -0.3159666
0.2237993 -0.2683865
0.2768825 -0.2620598
0.3058913 -0.2422590
0.2861390 -0.2049052
0.3447214 -0.1737437
0.3600043 -0.1469584
0.3285174 -0.1245337
0.3886814 -0.0682253
0.3872296 -0.0375560
0.3465795 -0.0319498
0.4027664 0.0427756
0.3846406 0.0769513
0.3381706 0.0642145
0.3833848 0.1472596
0.3522201 0.1835217
0.3035657 0.1542016
0.3347749 0.2378391
0.2935254 0.2714496
0.2489296 0.2304464
0.2636189 0.3063253
0.2177182 0.3344057
0.1806839 0.2861694
0.1780277 0.3485236
0.1328293 0.3686861
0.1050379 0.3182542
0.0890476 0.3645691
0.0463097 0.3747815
0.0306680 0.3271694
0.0035352 0.3556568
-0.0333446 0.3563827
-0.0374618 0.3139696
-0.0736077 0.3250197
-0.1026261 0.3170995
-0.0965195 0.2817528
-0.1371487 0.2771190
-0.1595958 0.2613269
-0.1433261 0.2342741
-0.1858528 0.2153333
-0.2023058 0.1934800
-0.1782086 0.1744387
-0.2161085 0.1433821
-0.2346850 0.1164550
-0.2034117 0.1057383
-0.2061423 0.0654737
-0.2749116 0.0292320
-0.2401437 0.0267655
0.0000000 0.0000000
0.0000000 0.0000000
-0.2893390 -0.0208116
-0.2539544 -0.0178080
-0.2286176 -0.0626300
-0.2489195 -0.0858400
-0.2204884 -0.0760053
-0.2365305 -0.1240017
-0.2230749 -0.1464752
-0.1952855 -0.1298702
-0.2107827 -0.1806789
-0.1878253 -0.2009543
-0.1615852 -0.1780797
-0.1704858 -0.2294769
-0.1416234 -0.2468498
-0.1180008 -0.2176370
-0.1188129 -0.2673929
-0.0855367 -0.2806371
-0.0653541 -0.2460191
-0.0577873 -0.2915358
-0.0215193 -0.2993217
-0.0062536 -0.2611561
0.0101856 -0.2981453
0.0470672 -0.3004871
0.0555799 -0.2601998
0.0814000 -0.2852852
0.1158539 -0.2813892
0.1168195 -0.2421429
0.1507791 -0.2525848
0.1800685 -0.2420229
0.1723579 -0.2074523
0.2129668 -0.2000300
0.2340312 -0.1840624
0.2176916 -0.1566651
0.2626327 -0.1310291
0.2732443 -0.1100244
0.2488513 -0.0933962
0.2941627 -0.0511711
0.2936259 -0.0261732
0.2618588 -0.0223557
0.3045022 0.0333137
0.2919253 0.0602659
0.2562723 0.0517256
0.2920868 0.1139207
0.2695408 0.1419268
0.2329232 0.1215579
0.2578034 0.1839182
0.2290337 0.2106868
0.1937042 0.1810331
0.2076741 0.2389866
0.1742643 0.2612594
0.1447743 0.2264735
0.1470573 0.2750356
0.1129646 0.2915232
0.0907284 0.2545269
0.0812448 0.2907224
0.0500704 0.3003937
0.0353199 0.2643170
0.0179542 0.2873528
-0.0100372 0.2892561
-0.0153031 0.2570992
-0.0392611 0.2661523
-0.0620060 0.2609472
-0.0586400 0.2337920
-0.0880364 0.2295122
-0.1045243 0.2178145
-0.0937478 0.1965568
-0.1247582 0.1804906
-0.1372376 0.1627330
-0.1186591 0.1479291
-0.1472976 0.1215250
-0.1612436 0.0987184
-0.1356921 0.0902399
-0.1411280 0.0561806
-0.1900419 0.0250303
-0.1605309 0.0230000
0.0000000 0.0000000
0.0000000 0.0000000
-0.2235244 -0.0169597
-0.1940929 -0.0144130
-0.1768360 -0.0513836
-0.1918900 -0.0705727
-0.1679161 -0.0625561
-0.1824587 -0.1016795
-0.1712848 -0.1203060
-0.1479787 -0.1067556
-0.1615430 -0.1474214
-0.1431890 -0.1643396
-0.1211847 -0.1455836
-0.1294208 -0.1864102
-0.1066689 -0.2003579
-0.0870784 -0.1772444
-0.0887894 -0.2156685
-0.0628454 -0.2263174
-0.0466685 -0.1990808
-0.0411688 -0.2329197
-0.0136094 -0.2392489
-0.0016253 -0.2093993
0.0108810 -0.2364961
0.0385567 -0.2375640
0.0447365 -0.2072817
0.0644775 -0.2243357
0.0901215 -0.2208029
0.0899652 -0.1913218
0.1164076 -0.1966180
0.1376003 -0.1879958
0.1309206 -0.1620495
0.1621064 -0.1548270
0.1776506 -0.1410560
0.1637894 -0.1214171
0.1982408 -0.1004855
0.2060766 -0.0833068
0.1862353 -0.0709428
0.2216907 -0.0378905
0.2210335 -0.0178165
0.1963665 -0.0145160
0.2291636 0.0271296
0.2209645 0.0495027
0.1923570 0.0432896
0.2208733 0.0903021
0.2050439 0.1128235
0.1760448 0.0987119
0.1978541 0.1462224
0.1767150 0.1676026
0.1492977 0.1467136
0.1619287 0.1905436
0.1386736 0.2092512
0.1139410 0.1838732
0.1188258 0.2214108
0.0940798 0.2353534
0.0753224 0.2085797
0.0723342 0.2368180
0.0489117 0.2455789
0.0364247 0.2192500
0.0257868 0.2366878
0.0061813 0.2398650
-0.0004590 0.2159544
-0.0154896 0.2223680
-0.0316858 0.2194039
-0.0309102 0.1996591
-0.0496195 0.1947613
-0.0613934 0.1860177
-0.0540414 0.1707286
-0.0753760 0.1554824
-0.0832948 0.1409072
-0.0695806 0.1301847
-0.0899462 0.1065528
-0.0993891 0.0861304
-0.0779616 0.0799572
-0.0853130 0.0504318
-0.1178371 0.0220918
-0.0910169 0.0206590
0.0000000 0.0000000
0.0000000 0.0000000
-0.1687956 -0.0138488
-0.1438792 -0.0117835
-0.1338036 -0.0421531
-0.1446812 -0.0584932
-0.1241319 -0.0520037
-0.1376751 -0.0837549
-0.1287714 -0.0994244
-0.1088620 -0.0888252
-0.1214393 -0.1212415
-0.1070816 -0.1354991
-0.0884963 -0.1207827
-0.0965238 -0.1524628
-0.0791376 -0.1643616
-0.0625845 -0.1460948
-0.0654062 -0.1757031
-0.0457925 -0.1842053
-0.0323516 -0.1634704
-0.0294694 -0.1886027
-0.0087380 -0.1936386
0.0006583 -0.1709019
0.0096555 -0.1898695
0.0300098 -0.1907774
0.0348007 -0.1677013
0.0494633 -0.1792517
0.0683047 -0.1755206
0.0675072 -0.1539453
0.0874023 -0.1560114
0.1029335 -0.1484854
0.0967056 -0.1292497
0.1210225 -0.1215534
0.1319958 -0.1101117
0.1205818 -0.0953470
0.1471103 -0.0783889
0.1531717 -0.0633462
0.1363155 -0.0545559
0.1640113 -0.0284841
0.1638299 -0.0115488
0.1434446 -0.0087568
0.1703321 0.0236771
0.1642054 0.0422206
0.1414848 0.0383284
0.1645031 0.0739097
0.1541079 0.0931591
0.1298395 0.0830218
0.1487129 0.1194441
0.1339369 0.1373304
0.1112402 0.1227686
0.1245785 0.1565961
0.1075306 0.1723523
0.0875114 0.1544754
0.0938245 0.1830161
0.0770543 0.1956639
0.0601128 0.1762860
0.0612469 0.1980304
0.0448666 0.2063999
0.0332878 0.1877864
0.0294499 0.2008443
0.0155597 0.2049149
0.0090434 0.1882533
0.0007201 0.1916997
-0.0089361 0.1912518
-0.0109346 0.1778565
-0.0210404 0.1714995
-0.0271510 0.1658390
-0.0235890 0.1564657
-0.0347055 0.1404730
-0.0379720 0.1286983
-0.0285954 0.1226222
-0.0399082 0.0992352
-0.0448641 0.0795204
-0.0269759 0.0755956
-0.0348008 0.0490630
-0.0545191 0.0197864
-0.0259299 0.0189224
0.0000000 0.0000000
0.0000000 0.0000000
-0.1226194 -0.0113803
-0.1009463 -0.0098056
-0.0976636 -0.0349547
-0.1049791 -0.0492765
-0.0870208 -0.0443382
-0.1001326 -0.0698114
-0.0933831 -0.0836957
-0.0758293 -0.0753981
-0.0880093 -0.1012514
-0.0773922 -0.1135687
-0.0611171 -0.1024001
-0.0697775 -0.1270685
-0.0568599 -0.1373703
-0.0427022 -0.1234271
-0.0468854 -0.1456296
-0.0326513 -0.1531384
-0.0211447 -0.1371710
-0.0207530 -0.1558700
-0.0058011 -0.1597649
0.0020099 -0.1428731
0.0073450 -0.1561915
0.0220678 -0.1566969
0.0256109 -0.1393676
0.0360343 -0.1463428
0.0492806 -0.1430696
0.0483606 -0.1267262
0.0629737 -0.1269172
0.0742012 -0.1196718
0.0683149 -0.1057418
0.0867043 -0.0982156
0.0946037 -0.0880040
0.0843475 -0.0769321
0.1055421 -0.0622325
0.1095355 -0.0491899
0.0954401 -0.0423237
0.1173521 -0.0216696
0.1177814 -0.0063288
0.0999660 -0.0043197
0.1219114 0.0212400
0.1179601 0.0374892
0.0985075 0.0351439
0.1189459 0.0631036
0.1114089 0.0796954
0.0914039 0.0729275
0.1080506 0.1008968
0.0985528 0.1169293
0.0785296 0.1065297
0.0917445 0.1328589
0.0802190 0.1468286
0.0627151 0.1343539
0.0717048 0.1566999
0.0597880 0.1681900
0.0452830 0.1546453
0.0492387 0.1712925
0.0389565 0.1798710
0.0274835 0.1667165
0.0282111 0.1766061
0.0197378 0.1818240
0.0126011 0.1707876
0.0107338 0.1724177
0.0059171 0.1745683
0.0023519 0.1667939
-0.0008439 0.1588355
-0.0005027 0.1576596
-0.0013747 0.1541585
-0.0027078 0.1357148
0.0016817 0.1289501
0.0040469 0.1287543
0.0062374 0.1016556
0.0084767 0.0826178
0.0185601 0.0803109
0.0194127 0.0553810
0.0047234 0.0142328
0.0365860 0.0051166
0.0000000 0.0000000
0.0000000 0.0000000
-0.0827770 -0.0096226
-0.0632258 -0.0085133
-0.0665001 -0.0295371
-0.0707839 -0.0425760
-0.0544679 -0.0390147
-0.0678822 -0.0596588
-0.0629959 -0.0724619
-0.0471617 -0.0658744
-0.0595585 -0.0866622
-0.0522844 -0.0981526
-0.0375088 -0.0889157
-0.0471580 -0.1089186
-0.0383751 -0.1181855
-0.0256031 -0.1068672
-0.0317792 -0.1246574
-0.0220295 -0.1314456
-0.0120228 -0.1182265
-0.0141475 -0.1328041
-0.0041126 -0.1364623
0.0026836 -0.1222645
0.0047013 -0.1328445
0.0146434 -0.1328519
0.0174188 -0.1187621
0.0237085 -0.1240321
0.0327015 -0.1207876
0.0313924 -0.1072654
0.0418714 -0.1068454
0.0491985 -0.1002285
0.0438344 -0.0884556
0.0575172 -0.0824502
0.0630566 -0.0725456
0.0534444 -0.0635094
0.0699381 -0.0516982
0.0728304 -0.0395426
0.0599513 -0.0334978
0.0783435 -0.0168198
0.0784074 -0.0028009
0.0629118 -0.0004770
0.0813566 0.0195875
0.0793098 0.0349073
0.0616316 0.0333292
0.0796633 0.0557021
0.0749893 0.0709802
0.0570258 0.0661387
0.0734739 0.0889311
0.0669761 0.1035429
0.0496208 0.0956980
0.0629015 0.1171822
0.0559771 0.1303769
0.0397254 0.1203546
0.0502067 0.1393878
0.0427550 0.1503151
0.0293020 0.1394244
0.0366331 0.1544262
0.0299921 0.1629909
0.0194703 0.1522087
0.0234052 0.1619499
0.0192107 0.1683441
0.0114243 0.1591638
0.0136048 0.1624459
0.0128316 0.1672685
0.0079550 0.1616860
0.0099186 0.1559589
0.0157991 0.1608685
0.0116248 0.1613283
0.0174455 0.1417607
0.0347130 0.1474641
0.0250608 0.1538775
0.0448409 0.1158673
0.0742792 0.1141616
0.0444562 0.1035923
0.0881815 0.0708239
0.1117142 0.0283617
0.0465583 -0.0852810
0.0000000 0.0000000
0.0000000 0.0000000
-0.0470848 -0.0084524
-0.0292621 -0.0079476
-0.0386832 -0.0256885
-0.0403724 -0.0386021
-0.0249469 -0.0337024
-0.0391532 -0.0531530
-0.0360957 -0.0657847
-0.0211541 -0.0555723
-0.0343962 -0.0777698
-0.0300520 -0.0892440
-0.0163326 -0.0741447
-0.0273636 -0.0978763
-0.0223007 -0.1073197
-0.0104980 -0.0882199
-0.0187137 -0.1122005
-0.0130878 -0.1189006
-0.0039695 -0.0969874
-0.0088787 -0.1195350
-0.0029867 -0.1232234
0.0028965 -0.0996936
0.0017953 -0.1192588
0.0074788 -0.1195279
0.0097761 -0.0959913
0.0124889 -0.1113421
0.0177967 -0.1079864
0.0161239 -0.0860482
0.0226507 -0.0958077
0.0270298 -0.0892089
0.0215671 -0.0700694
0.0317256 -0.0735396
0.0348420 -0.0638949
0.0258378 -0.0490290
0.0387601 -0.0460242
0.0407281 -0.0337483
0.0283719 -0.0242539
0.0435477 -0.0145822
0.0438481 -0.0006425
0.0292595 0.0030096
0.0458627 0.0186078
0.0446057 0.0335981
0.0285129 0.0309055
0.0450547 0.0513792
0.0427976 0.0666424
0.0259150 0.0577663
0.0418312 0.0821269
0.0383863 0.0964796
0.0222595 0.0821463
0.0366851 0.1088862
0.0326072 0.1217431
0.0178706 0.1027795
0.0296894 0.1304193
0.0258543 0.1412993
0.0130574 0.1189668
0.0223956 0.1462254
0.0189235 0.1547904
0.0089524 0.1306644
0.0157313 0.1561595
0.0135516 0.1628039
0.0062484 0.1384646
0.0106573 0.1609434
0.0111607 0.1668114
0.0063854 0.1445439
0.0093713 0.1619151
0.0160983 0.1713929
0.0132071 0.1562386
0.0157912 0.1589090
0.0477397 0.1891071
0.0276927 0.1833419
0.0409252 0.1378510
0.1772651 0.2454526
-0.0117523 0.1465246
0.0953525 0.0367667
0.5700618 0.3446387
-0.1798359 -0.2987080
0.0000000 0.0000000
0.0000000 0.0000000
-0.0133114 -0.0076418
0.0000000 0.0000000
-0.0118598 -0.0236917
-0.0111541 -0.0409068
0.0000000 0.0000000
-0.0110434 -0.0533026
-0.0099843 -0.0694791
0.0000000 0.0000000
-0.0097228 -0.0798598
-0.0084104 -0.0938620
0.0000000 0.0000000
-0.0079821 -0.1014671
-0.0064263 -0.1126885
0.0000000 0.0000000
-0.0057407 -0.1168550
-0.0040410 -0.1245956
0.0000000 0.0000000
-0.0031523 -0.1250333
-0.0013955 -0.1287034
0.0000000 0.0000000
-0.0004082 -0.1252131
0.0012822 -0.1245831
0.0000000 0.0000000
0.0024475 -0.1171880
0.0039951 -0.1121728
0.0000000 0.0000000
0.0051517 -0.1013505
0.0064675 -0.0921220
0.0000000 0.0000000
0.0075325 -0.0784087
0.0084768 -0.0655105
0.0000000 0.0000000
0.0095699 -0.0497032
0.0101019 -0.0337687
0.0000000 0.0000000
0.0109749 -0.0169957
0.0111206 0.0010997
0.0000000 0.0000000
0.0116985 0.0178231
0.0113625 0.0369408
0.0000000 0.0000000
0.0118355 0.0526572
0.0110953 0.0717006
0.0000000 0.0000000
0.0111764 0.0853642
0.0102306 0.1032858
0.0000000 0.0000000
0.0099868 0.1143206
0.0088118 0.1301760
0.0000000 0.0000000
0.0084781 0.1382374
0.0072758 0.1514186
0.0000000 0.0000000
0.0066516 0.1563846
0.0057134 0.1667379
0.0000000 0.0000000
0.0049613 0.1690919
0.0043447 0.1767564
0.0000000 0.0000000
0.0038188 0.1776837
0.0030363 0.1825146
0.0000000 0.0000000
0.0025697 0.1854317
-0.0018702 0.1868509
0.0000000 0.0000000
-0.0103329 0.1925386
0.0106647 0.2391014
0.0000000 0.0000000
-0.0975399 0.1480486
0.3207494 0.6490675
0.0000000 0.0000000
-0.3119776 -0.1451734
1.6026961 1.6169039
0.0000000 0.0000000
0.0000000 0.0000000
-38.81169
-38.82475
-40.01904
-42.13261
-45.41909
-50.26603
-57.37752
-68.07617
-84.68878
-110.9227
-150.7088
-200.8417
-245.6878
-15.83903
-88.31716
-64.81133
-53.00113
-41.89447
-34.46906
-28.82998
-24.79709
-22.02558
-20.16775
-18.97923
-18.3373
-18.24679
-38.43265
-38.64132
-39.78039
-41.87595
-45.13863
-49.97303
-57.1165
-67.9727
-85.04308
-112.0505
-155.3122
-217.1093
-187.5645
3.51985
-109.619
-70.38753
-54.94359
-43.44084
-35.08925
-29.00577
-24.81982
-21.97347
-20.07316
-18.86868
-18.21195
-18.11181
-37.63646
-37.86719
-38.97529
-41.03956
-44.28877
-49.18082
-56.53897
-68.03986
-86.90371
-122.0141
-171.2472
-186.7482
-169.9582
-50.07822
-102.2081
-95.10035
-63.61503
-49.60051
-37.9171
-30.06724
-25.13285
-21.94024
-19.86988
-18.58566
-17.89164
-17.77502
-36.26689
-36.5043
-37.54357
-39.52008
-42.7003
-47.61505
-55.28186
-67.95761
-91.40954
-138.3003
-206.2339
-208.8405
-97.6962
-89.14022
-111.1596
-123.7999
-91.53044
-59.72917
-41.65749
-31.51851
-25.46422
-21.74249
-19.42583
-18.03346
-17.30572
-17.15553
-34.27908
-34.50331
-35.42256
-37.20387
-40.13543
-44.81378
-52.43514
-65.67805
-90.50623
-149.9659
-215.2175
-263.4101
-175.6112
-133.3352
-154.737
-160.8924
-127.4666
-68.32625
-43.86792
-31.81131
-24.97629
-20.91946
-18.4696
-17.0349
-16.30581
-16.13041
-31.65608
-31.8456
-32.58706
-34.04468
-36.47055
-40.38982
-46.88722
-58.09619
-77.4797
-123.2756
-189.9342
-188.6574
-166.0725
-181.1475
-228.0578
-182.0038
-146.0817
-74.21106
-43.60986
-30.06373
-23.07678
-19.12246
-16.79439
-15.45156
-14.77655
-14.60855
-28.44086
-28.57019
-29.07713
-30.0928
-31.77924
-34.41063
-38.72675
-45.52376
-55.83773
-82.34295
-113.1677
-115.5584
-99.88392
-126.2649
-152.2716
-145.8396
-108.3562
-57.56133
-35.52211
-24.93333
-19.36688
-16.21463
-14.35331
-13.26779
-12.70577
-12.58534
-24.75984
-24.80174
-25.05597
-25.56473
-26.39631
-27.64058
-29.56108
-32.53473
-34.9786
-38.81322
-41.53011
-36.67423
-18.5506
-37.87768
-64.06537
-64.73694
-50.55141
-31.87029
-22.87247
-17.61186
-14.43483
-12.50849
-11.33378
-10.63292
-10.26106
-10.18059
-20.82639
-20.7972
-20.79254
-20.80024
-20.79664
-20.70714
-20.31367
-19.3636
-16.51976
-11.17895
-1.935234
12.76674
26.37724
28.04431
2.574615
-6.774697
-10.75511
-11.55059
-10.84194
-9.933345
-9.091254
-8.448426
-8.006731
-7.724932
-7.567198
-7.534947
-16.8353
-16.75186
-16.52419
-16.11325
-15.43546
-14.33888
-12.50036
-9.498303
-4.383731
3.518269
15.90957
27.08982
43.78992
45.44954
35.72121
18.58632
7.76252
1.57665
-1.627893
-3.254464
-4.067956
-4.460822
-4.653166
-4.748994
-4.790253
-4.805378
-12.95845
-12.83735
-12.44937
-11.74883
-10.63859
-8.961017
-6.453629
-2.825808
2.530683
9.663981
19.44518
28.70248
37.41716
38.57793
33.80378
24.25193
15.49963
8.928206
4.616765
1.893417
0.192626
-0.8601088
-1.502415
-1.884834
-2.084334
-2.138555
-9.322463
-9.180798
-8.70062
-7.843153
-6.525646
-4.625857
-1.970253
1.612996
6.398296
12.34018
19.2889
25.71186
30.62055
31.69724
29.01868
23.63839
17.68426
12.45227
8.434403
5.551236
3.549181
2.190838
1.296218
0.7354004
0.4310828
0.3504332
-6.004514
-5.857883
-5.344215
-4.437634
-3.079804
-1.190208
1.326554
4.551717
8.549526
13.17357
18.06794
22.40282
25.48802
26.36746
24.88991
21.683
17.74033
13.89295
10.60407
8.014417
6.066464
4.655288
3.673699
3.033724
2.67844
2.58628
-3.039605
-2.899813
-2.39586
-1.514901
-0.2230276
1.524228
3.766963
6.520524
9.745087
13.26349
16.76004
19.75482
21.82835
22.52233
21.71668
19.73443
17.10505
14.33683
11.78604
9.626068
7.898349
6.579859
5.623717
4.981496
4.620256
4.5308
-0.4319053
-0.306334
0.1607884
0.9712745
2.13939
3.681797
5.603873
7.882502
10.43767
13.10929
15.65848
17.79369
19.25608
19.80521
19.36762
18.1091
16.32843
14.34084
12.40026
10.66379
9.206021
8.04739
7.180298
6.586073
6.250432
6.17403
1.833574
1.941495
2.357783
3.076327
4.096843
5.417144
7.022177
8.871113
10.87951
12.91652
14.80995
16.37357
17.44276
17.8815
17.64646
16.82711
15.59914
14.16211
12.69367
11.32292
10.12859
9.148863
8.398308
7.87704
7.58345
7.52447
3.782239
3.871571
4.232269
4.853135
5.724391
6.831971
8.150101
9.632998
11.20548
12.76574
14.19115
15.35783
16.15762
16.50865
16.38497
15.83762
14.97397
13.92398
12.81223
11.73952
10.77746
9.968695
9.337238
8.894208
8.645343
8.601874
5.443876
5.514901
5.820602
6.34702
7.079307
7.996946
9.069642
10.25283
11.48339
12.68395
13.76693
14.64736
15.25271
15.53088
15.46611
15.08952
14.46893
13.69104
12.84429
12.00585
11.23536
10.57433
10.04946
9.677039
9.466965
9.433154
6.848612
6.901913
7.155654
7.595131
8.203557
8.958159
9.828013
10.77199
11.73857
12.66838
13.49794
14.16786
14.62839
14.84545
14.809
14.53924
14.08096
13.49311
12.83895
12.17743
11.55686
11.01435
10.57649
10.26128
10.0811
10.05039
8.024147
8.06022
8.266259
8.627909
9.128496
9.745735
10.45051
11.20636
11.97084
12.6976
13.33956
13.8539
14.20553
14.37173
14.34608
14.14213
13.79065
13.33312
12.81554
12.28268
11.7741
11.32198
10.95101
10.67968
10.521
10.48854
8.994038
9.013593
9.176821
9.470198
9.878545
10.38151
10.95284
11.5611
12.17092
12.74536
13.24823
13.64724
13.91712
14.04165
14.01674
13.85228
13.56986
13.19975
12.77658
12.33508
11.90764
11.52215
11.2012
10.96253
10.81903
10.78267
9.776823
9.781025
9.906916
10.14212
10.47352
10.88304
11.34774
11.84069
12.33223
12.79207
13.19132
13.50471
13.71292
13.80379
13.77454
13.63255
13.39399
13.08183
12.72281
12.34505
11.97544
11.63797
11.35327
11.13784
11.00476
10.96519
10.38606
10.37668
10.47127
10.65907
10.92886
11.26481
11.64695
12.05197
12.45453
12.82922
13.15205
13.40227
13.56421
13.62835
13.59253
13.46243
13.25091
12.97628
12.66021
12.32594
11.99631
11.69226
11.43194
11.23054
11.10113
11.0621
10.8311
10.81016
10.87982
11.03162
11.25577
11.53807
11.86069
12.20291
12.5425
12.85726
13.12635
13.33197
13.46076
13.50457
13.46163
13.33677
13.14063
12.88868
12.59957
12.2932
11.98942
11.70637
11.45948
11.26193
11.1229
11.01866
11.12138
11.08646
11.1382
11.26626
11.46158
11.71069
11.99693
12.30095
12.60237
12.88079
13.11719
13.2954
13.40314
13.43315
13.38392
13.25968
13.07003
12.829
12.55342
12.26154
11.97144
11.69923
11.45676
11.24865
10.97864
9.855538
11.27951
11.20951
11.24706
11.36559
11.55043
11.78771
12.06117
12.35196
12.64022
12.90605
13.13084
13.29876
13.39787
13.42116
13.3671
13.23979
13.0487
12.80743
12.53251
12.24194
11.95346
11.68369
11.44569
11.17561
9.834698
0
