0.0000000 0.0000000
0.0000000 0.0000000
0.0000000 0.0000000
0.0000000 0.0000000
0.0000000 0.0000000
0.0000000 0.0000000
0.0000000 0.0000000
0.0000000 0.0000000
0.0000000 0.0000000
0.0000000 0.0000000
0.0000000 0.0000000
0.0000000 0.0000000
0.0000000 0.0000000
0.0000000 0.0000000
0.0000000 0.0000000
0.0000000 0.0000000
0.0000000 0.0000000
0.0000000 0.0000000
0.0000000 0.0000000
0.0000000 0.0000000
0.0000000 0.0000000
0.0000000 0.0000000
0.0000000 0.0000000
0.0000000 0.0000000
0.0000000 0.0000000
0.0000000 0.0000000
0.0000000 0.0000000
0.1292556 0.0808696
-1.7573880 0.9227394
-1.9203765 2.3286228
-1.1584848 3.5622289
-0.7955319 4.3003631
-0.7579744 5.0296245
-0.9273394 5.8861737
-1.3195647 6.9991407
-2.1409073 8.4959297
-3.8508818 10.7444897
-8.6040678 13.4565382
9.8419304 20.2524567
21.1407528 -9.1741877
-8.6042175 -8.8169365
-4.4509048 -8.3576155
-2.8054781 -4.7789454
-1.5348145 -3.3592596
-0.9264836 -2.3852355
-0.6079879 -1.7401414
-0.4179903 -1.2891327
-0.3086549 -0.9590470
-0.3006598 -0.6888024
-0.3975242 -0.3296389
-0.2504936 -0.0565800
0.0000000 0.0000000
0.0000000 0.0000000
-0.3629610 0.2888821
-3.3953557 1.5787854
-2.8254466 2.4931221
-1.8036556 3.1850588
-1.5268182 3.8683720
-1.6392621 4.7163520
-1.9468569 5.5694280
-2.5322812 6.4435287
-3.6974497 7.3679757
-5.9492183 7.9053512
-0.3406941 8.5234585
18.0716152 10.9632826
27.1456032 -2.5864744
13.6785793 -3.1306758
-6.0557280 -1.1564506
-3.5354636 -3.6042736
-2.3737171 -2.5565042
-1.5452191 -1.8709584
-1.0526096 -1.4091225
-0.7550770 -1.0676248
-0.5732599 -0.7856292
-0.5204955 -0.5732344
-0.6864651 -0.3271854
-0.5305246 -0.1017773
0.0000000 0.0000000
0.0000000 0.0000000
-1.5161545 0.5919515
-4.5454559 1.9760764
-3.2495821 2.4245269
-2.4396389 3.0374577
-2.3540556 3.7696543
-2.4345858 4.5392289
-2.6798499 5.1955757
-3.1937299 5.7069163
-4.1881652 5.8881688
-6.3794732 5.3983812
-3.5479264 -0.4849096
21.1892471 6.3243356
36.0592957 -7.5194702
7.8014350 4.0510969
-6.0100541 0.8207970
-4.7842364 -0.4521961
-2.8777418 -1.2181337
-1.9151098 -1.1454166
-1.3282698 -0.9848320
-0.9853957 -0.8180886
-0.7847134 -0.6404863
-0.6973121 -0.4775231
-0.8682274 -0.3272711
-0.8325033 -0.1228327
0.0000000 0.0000000
0.0000000 0.0000000
-3.1567101 0.8359458
-5.2324562 2.1500580
-3.6216555 2.3846095
-3.1760151 3.0827942
-3.1007178 3.8020279
-3.0776083 4.4670200
-3.1622822 4.9986653
-3.4133983 5.3046417
-3.8923759 5.2379303
-4.7989554 4.0776067
4.0667920 -3.3353460
12.3925982 2.4331892
32.5856438 0.0092452
6.4457250 3.9897242
-4.4389644 1.9997627
-4.0901322 0.6298743
-2.4903648 -0.1552681
-1.8279816 -0.4792703
-1.3690218 -0.5781859
-1.0817126 -0.5723909
-0.9143568 -0.5051298
-0.8322181 -0.3939290
-0.9833101 -0.3075123
-1.1234874 -0.1297207
0.0000000 0.0000000
0.0000000 0.0000000
-4.9564466 0.9848512
-5.6072855 2.1732950
-4.1436548 2.4352047
-3.9228427 3.2097664
-3.7785494 3.9181774
-3.6365106 4.5905857
-3.5907719 5.1525660
-3.5516124 5.5194845
-3.3380399 5.3498330
-2.8433731 4.0875211
6.2518358 -3.2446945
13.0698833 1.8515561
37.3955345 -0.9635443
11.6946602 2.9669580
-3.9193459 2.1076872
-3.3622963 1.3150165
-2.0176795 0.4630010
-1.5415381 -0.0467986
-1.2520196 -0.2997766
-1.0711955 -0.3994280
-0.9723235 -0.4098020
-0.9296342 -0.3413630
-1.0634362 -0.2877494
-1.3806627 -0.1362963
0.0000000 0.0000000
0.0000000 0.0000000
-6.6592498 1.0422367
-5.9026704 2.1211898
-4.8353972 2.5464861
-4.6775622 3.3783345
-4.4762011 4.1459980
-4.3162241 4.9478083
-4.1960039 5.7270494
-3.7860143 6.1908464
-2.6175442 5.8919349
-0.5680569 4.3358641
8.0043278 -1.3746902
11.3797073 1.4306933
31.8841305 0.7728684
3.2922556 -0.0067853
-2.5048547 1.2045060
-2.2338247 1.2253647
-1.3847561 0.6518306
-1.1526287 0.1217291
-1.0502076 -0.1918209
-0.9982325 -0.3392961
-0.9876851 -0.3832826
-1.0039597 -0.3355893
-1.1340648 -0.2870143
-1.6072876 -0.1496725
0.0000000 0.0000000
0.0000000 0.0000000
-8.1473131 1.0443765
-6.3030558 2.0525632
-5.6565919 2.6772280
-5.4939189 3.5735364
-5.3167238 4.4760633
-5.2747126 5.5524721
-5.0440450 6.5499430
-3.7758245 6.7860861
-1.3290510 5.8740888
1.8945645 3.8253860
10.4274235 -1.0428882
12.3802900 0.7688510
36.1871109 2.6019602
1.4829327 -0.2075526
-0.7058718 0.7904427
-1.0124431 0.9982957
-0.6516710 0.5491988
-0.7166942 0.0366929
-0.8196558 -0.2700399
-0.9089466 -0.4079077
-0.9946632 -0.4403291
-1.0775287 -0.3842685
-1.2168928 -0.3157823
-1.8201231 -0.1734318
0.0000000 0.0000000
0.0000000 0.0000000
-9.4083366 1.0255691
-6.8914971 1.9941858
-6.5727820 2.7982657
-6.4147358 3.7682068
-6.4188666 4.8734131
-6.6132226 6.2780671
-5.6445832 7.0129414
-3.0372777 6.5806017
0.4842521 5.0074005
4.3022876 3.0404928
12.0786314 -1.4486995
13.6975164 0.0280904
30.8774414 -3.9622061
-2.3566544 -0.2573498
-1.0302563 2.5203407
-0.1958578 0.7074473
0.0018844 0.1232911
-0.3423491 -0.3012830
-0.6313891 -0.5227963
-0.8538244 -0.5981041
-1.0300813 -0.5800238
-1.1751987 -0.4864310
-1.3311188 -0.3760164
-2.0399024 -0.2082429
0.0000000 0.0000000
0.0000000 0.0000000
-10.4689236 1.0043277
-7.6698513 1.9502754
-7.5569344 2.8861134
-7.4660125 3.9323573
-7.8900218 5.2699423
-7.7984715 6.5858951
-5.3304543 6.4918466
-1.5998782 5.4515858
2.3374987 3.6822741
6.1931171 1.7913386
12.9162836 -1.3817956
16.6457996 -2.5597978
26.5872765 -2.1007144
1.4990100 -0.4280794
1.6759940 1.6381208
1.1943042 -0.1125776
0.6846799 -0.5370910
-0.0255676 -0.8281308
-0.5216213 -0.9251102
-0.8702987 -0.8950218
-1.1255614 -0.7916837
-1.3214562 -0.6338474
-1.4933653 -0.4634363
-2.2829227 -0.2529520
0.0000000 0.0000000
0.0000000 0.0000000
-11.3554554 0.9804255
-8.5963984 1.9160131
-8.5833073 2.9316144
-8.6652050 4.0492916
-9.4727020 5.4381614
-8.0282078 6.0783839
-4.2274942 5.1834693
0.1792102 3.7399116
4.2019711 2.0739267
7.8768916 0.6253672
13.8405590 -1.6775821
21.3489704 -5.6006303
28.5665665 -1.9747481
4.8526249 -0.3920959
2.5877459 -1.2663801
1.6920354 -1.5007056
0.9149069 -1.5518130
0.0550504 -1.5548798
-0.5673853 -1.4519899
-1.0015930 -1.2743775
-1.3095384 -1.0574125
-1.5371281 -0.8136523
-1.7174616 -0.5699512
-2.5584707 -0.3042562
0.0000000 0.0000000
0.0000000 0.0000000
-12.1087284 0.9560488
-9.6044531 1.8790017
-9.6376534 2.9330273
-9.9670696 4.0790420
-10.5767660 5.2513137
-7.2628832 5.0008593
-2.5695744 3.6490660
1.8882846 1.9517865
5.7817135 0.3630585
9.0824986 -0.9626467
14.8353481 -2.8941596
23.3491573 -7.8358440
13.7333593 -5.1685958
3.5234196 -4.4098959
2.2521620 -3.7382360
1.5462615 -3.1445520
0.7417210 -2.7262640
-0.1521488 -2.4030609
-0.8166843 -2.0610878
-1.2816778 -1.7044030
-1.6045814 -1.3529109
-1.8358908 -1.0090184
-2.0121405 -0.6844465
-2.8683286 -0.3568791
0.0000000 0.0000000
0.0000000 0.0000000
-12.7566128 0.9289245
-10.6367216 1.8244011
-10.7054882 2.8865345
-11.2743750 4.0352540
-10.9247875 4.8063302
-5.8867450 3.7679179
-0.6678827 2.1061809
3.3347065 0.6746577
7.4481893 -1.1272681
10.5706549 -2.7803259
15.3217211 -4.1845412
30.8601532 -12.2543573
5.7052474 -5.1562152
3.3091149 -6.0428600
1.7740722 -5.6203508
0.8868259 -4.7904754
0.1707534 -3.9590473
-0.6483380 -3.2941141
-1.2895890 -2.6966920
-1.7283829 -2.1441729
-2.0226393 -1.6479468
-2.2240438 -1.1985234
-2.3798492 -0.7926072
-3.2057688 -0.4038585
0.0000000 0.0000000
0.0000000 0.0000000
-13.2918625 0.8965699
-11.6571674 1.7434770
-11.8105068 2.7973909
-12.3756266 3.8539548
-10.3976145 4.0630531
-4.3461475 2.5839906
0.6504768 1.1523908
4.8655782 -0.5880468
9.0480404 -2.2697885
14.2416859 -6.0348210
20.8341808 -8.8796902
26.7491589 -10.1707277
7.7020383 -6.8638935
3.3661056 -7.9867349
0.9161941 -7.7421141
-0.3981341 -6.6428986
-0.8577179 -5.2513361
-1.4373455 -4.1718102
-1.9980671 -3.2979887
-2.3506920 -2.5454822
-2.5643311 -1.9065133
-2.6981194 -1.3564116
-2.8143954 -0.8766747
-3.5534818 -0.4373784
0.0000000 0.0000000
0.0000000 0.0000000
-13.7004662 0.8479670
-12.6506472 1.6398364
-12.9443712 2.6738820
-13.0407724 3.6545115
-9.1628027 3.3445320
-2.8537695 1.5571154
1.5128857 0.1987576
6.5962777 -1.8514893
10.5034494 -2.4310722
16.0504036 -5.0762715
31.3219738 -15.5941744
11.8060150 -8.6467390
8.5954342 -8.6849241
3.3459384 -9.2471819
0.1161678 -9.3579130
-2.1290700 -8.3930759
-2.5627203 -6.5744071
-2.5489368 -4.9701915
-2.9510217 -3.7957120
-3.1406157 -2.8548098
-3.2167108 -2.0867760
-3.2427015 -1.4524199
-3.2967889 -0.9176882
-3.8862829 -0.4484342
0.0000000 0.0000000
0.0000000 0.0000000
-14.0017395 0.7897944
-13.5907259 1.4982392
-14.2001009 2.4499879
-12.8357496 2.8735957
-7.6554766 2.4842410
-1.4228785 0.7880987
3.2612491 -0.9251983
8.0532150 -2.9655666
12.6128149 -4.2958884
23.3465500 -7.3605781
30.2241039 -12.8740921
13.5620966 -8.4400835
9.0105457 -8.6751165
4.0382767 -8.9142742
-0.1866783 -9.2358980
-3.3655379 -9.0853996
-4.9101672 -7.6242924
-4.0812221 -5.5708313
-4.1462636 -4.0959959
-4.0700464 -3.0089047
-3.9460454 -2.1441042
-3.8287065 -1.4550456
-3.7952223 -0.8962936
-4.1738849 -0.4301090
0.0000000 0.0000000
0.0000000 0.0000000
-14.1993122 0.6948456
-14.4301424 1.2989643
-15.2786102 2.0701714
-11.8513975 2.1224654
-5.8469586 1.3880503
-0.2633907 0.1877314
4.6604595 -1.7393324
8.2996674 -2.7795951
12.9284811 -3.1944377
32.0697670 -14.4704504
19.2288380 -9.3417683
14.0590048 -7.4602947
9.3915825 -7.2549767
4.9474430 -7.2903724
0.1842112 -7.5398922
-3.4152937 -8.1330557
-6.9717555 -7.5847149
-6.1163073 -5.7782588
-5.5864668 -4.0973277
-5.0950856 -2.9412010
-4.7086902 -2.0266833
-4.4137034 -1.3309534
-4.2612405 -0.7949408
-4.3956532 -0.3736800
0.0000000 0.0000000
0.0000000 0.0000000
-14.3500605 0.5513352
-15.2539968 1.0381867
-16.1131859 1.3687772
-10.6207418 1.4385364
-3.7624483 0.3309112
1.0460545 -0.9199434
6.0843534 -2.9320076
9.2506294 -4.3846345
24.6868629 -9.1330147
36.1253624 -14.6422625
16.5895462 -7.7048850
12.8655005 -6.1239161
8.8780003 -5.1051397
5.0352550 -4.7491493
1.2070938 -4.9824748
-3.1058767 -5.5341845
-6.9784493 -5.8692846
-8.5259504 -4.5042534
-7.0484328 -3.7078004
-6.1075511 -2.5677800
-5.4257846 -1.6871666
-4.9383941 -1.0525467
-4.6441588 -0.5985624
-4.5356259 -0.2738236
0.0000000 0.0000000
0.0000000 0.0000000
-14.4578714 0.3330674
-15.9949884 0.6483446
-16.1306400 0.2796079
-9.2603168 -0.6150900
-2.5542510 -0.7451370
2.8914905 -2.4386809
7.2294354 -3.7397804
11.2959986 -5.5605536
30.4094849 -11.9835930
35.2449913 -11.0313091
14.0517445 -5.2989941
11.5899334 -3.7698889
8.0510187 -2.7019699
4.7950225 -2.2627058
1.5332237 -2.3524668
-2.1678631 -3.0955191
-6.1754627 -3.5890107
-9.8134117 -2.7624848
-8.5014248 -2.7785091
-7.0056148 -1.8100185
-6.0245833 -1.0686262
-5.3308477 -0.5890875
-4.8849630 -0.2973888
-4.5907226 -0.1191400
0.0000000 0.0000000
0.0000000 0.0000000
-14.6237202 -0.0273219
-16.3070183 -0.1746876
-15.4145250 -0.7830558
-7.5203562 -2.2774026
-1.5492395 -3.1175640
4.2948866 -3.5066569
8.1157589 -4.4945345
13.4829054 -5.3214755
28.3989086 -9.0008650
32.4268684 -7.8155499
12.9896173 -2.4346707
10.6377697 -1.5416096
7.2218404 -0.4289778
4.6065536 -0.1560947
1.4094076 0.0123553
-1.3686265 -0.4672038
-5.2320347 -0.3718717
-9.8425131 -0.3789497
-9.8582373 -1.1302056
-7.6161585 -0.5431573
-6.3847885 -0.1486003
-5.5241184 0.0531055
-4.9575925 0.1077561
-4.5698066 0.0761595
0.0000000 0.0000000
0.0000000 0.0000000
-14.3923426 -0.4995023
-16.1881962 -1.1033927
-14.2661400 -2.6341224
-6.2402577 -2.8169348
-0.3806192 -4.2974234
4.9164815 -4.9444299
9.1916361 -5.7116389
15.4271240 -6.4866929
29.5777092 -6.6441641
24.0638905 -4.0494595
10.8944521 -0.4489024
9.3650284 0.6300945
6.2659616 1.8868253
4.3256125 2.0707936
2.5144556 2.7182424
-1.0483503 2.4780555
-4.5764632 1.6748512
-10.0397720 1.7693070
-10.2599821 1.3395851
-7.7820506 1.0821830
-6.3984776 0.9596065
-5.4270048 0.8044282
-4.7842107 0.5800428
-4.3492279 0.3015104
0.0000000 0.0000000
0.0000000 0.0000000
-13.5595722 -1.3659866
-15.4742680 -2.5487006
-12.0894184 -5.2985649
-5.6591330 -5.2179675
-1.0853273 -5.6075644
5.5590973 -6.1573434
9.3572149 -6.3227639
17.4347725 -6.2895679
27.6396370 -8.8260574
17.6322174 -1.6847540
10.1088400 0.5783868
8.0598860 2.1684995
5.3896136 3.9398048
3.8883436 4.2412195
2.1899965 4.7655272
-1.2987638 5.6967807
-4.4183540 6.1413593
-8.5993137 5.7529078
-9.6558819 3.8098142
-7.4009390 2.7203512
-6.0905824 2.1737502
-5.0359120 1.6516562
-4.3189754 1.1062965
-3.8656468 0.5513584
0.0000000 0.0000000
0.0000000 0.0000000
-11.7445345 -2.9397910
-13.7057724 -5.4836736
-10.3359270 -8.0463076
-5.5260024 -7.9679165
-0.0254868 -7.9622660
4.5536618 -6.9734797
8.4414396 -6.7375569
19.0027695 -7.6976600
23.5154858 -2.9088168
11.0111656 -1.1881471
7.5963531 2.0506082
6.1467710 3.7556293
4.4713063 5.6373811
2.9995294 6.6910625
0.8545239 7.2779384
-0.7528536 7.8499331
-3.4842463 8.7974358
-7.1039720 9.6945972
-7.9330182 6.3189754
-6.2597675 5.2126627
-5.1755290 4.0212936
-4.2203283 2.8333306
-3.5629411 1.7871951
-3.1018713 0.8676800
0.0000000 0.0000000
0.0000000 0.0000000
-7.7527847 -4.9180903
-10.2433147 -10.9619160
-9.1536684 -15.1408520
-5.1370606 -12.8619595
0.3323086 -12.2958927
3.4236410 -10.5153408
8.1345072 -8.5125456
18.0871716 -9.0992022
22.8140106 -7.8932528
9.6873827 1.4688900
4.3991637 4.7135448
3.7526014 5.9799299
3.2693334 8.9111671
2.3504813 10.8511896
0.8485862 12.9004993
-3.6263204 15.4606905
-5.5845757 14.4705563
-6.7484560 14.8226881
-6.6974397 13.0694160
-4.6182446 10.3260241
-3.0901463 7.2267275
-2.4032557 4.7552443
-2.1313086 2.8879495
-1.9518746 1.3668910
0.0000000 0.0000000
0.0000000 0.0000000
-2.9036450 -3.9128101
-4.6972213 -10.4684420
-4.7403836 -20.6534538
-0.4485260 -25.0193844
0.5445297 -19.8505516
4.2923951 -19.0305443
10.2329636 -14.7091761
14.2718515 -10.2833204
15.9302635 -8.6842747
7.6592479 8.3266544
2.9425807 10.8855934
1.5445498 13.3601913
0.6536915 15.6602621
0.7144317 16.9014988
0.0724504 18.2092743
0.2296801 18.8970566
-3.1817281 22.4276543
-3.6264637 18.1792641
-2.4919016 12.7311153
-1.3789630 8.4843292
-0.8706228 6.0215335
-0.7321599 4.2842026
-0.6808625 2.7475998
-0.6317022 0.9244071
0.0000000 0.0000000
0.0000000 0.0000000
0.0000000 0.0000000
0.0000000 0.0000000
0.0000000 0.0000000
0.0000000 0.0000000
0.0000000 0.0000000
0.0000000 0.0000000
0.0000000 0.0000000
0.0000000 0.0000000
0.0000000 0.0000000
0.0000000 0.0000000
0.0000000 0.0000000
0.0000000 0.0000000
0.0000000 0.0000000
0.0000000 0.0000000
0.0000000 0.0000000
0.0000000 0.0000000
0.0000000 0.0000000
0.0000000 0.0000000
0.0000000 0.0000000
0.0000000 0.0000000
0.0000000 0.0000000
0.0000000 0.0000000
0.0000000 0.0000000
0.0000000 0.0000000
0.0000000 0.0000000
0.0000000 0.0000000
0.3403561 -0.3141614
0.0000000 0.0000000
0.6720024 -0.2190246
-0.0671570 -0.4927208
-0.1694015 -0.5063436
0.0000000 0.0000000
-1.1892129 -0.0224277
-0.5665628 0.5254341
-0.5846589 1.5683746
0.0000000 0.0000000
-1.8981719 1.6171403
-0.5695688 2.6351433
-0.5425799 3.6343486
0.0000000 0.0000000
-1.4620029 3.1116996
-0.4189968 4.4408488
-0.3633258 5.0476236
0.0000000 0.0000000
-0.9251236 3.9790580
-0.3053815 5.6031055
-0.2985767 6.0946484
0.0000000 0.0000000
-0.7472000 4.6720729
-0.3071014 6.6035762
-0.3463500 7.1016612
0.0000000 0.0000000
-0.8089795 5.4339213
-0.3808809 7.7294140
-0.4674283 8.3583727
0.0000000 0.0000000
-1.0604430 6.3809824
-0.5369047 9.2694530
-0.7141015 10.1335154
0.0000000 0.0000000
-1.5759645 7.6308098
-0.8804198 11.6457462
-1.2162585 13.0251484
0.0000000 0.0000000
-2.6384885 9.6422443
-1.7461575 15.4744339
-1.9514863 18.4978657
0.0000000 0.0000000
-4.9251065 14.3873701
-1.7803023 21.3300858
-2.2708051 25.3414211
0.0000000 0.0000000
3.0090609 13.9793577
4.6563635 17.6079178
8.8809032 10.1306124
0.0000000 0.0000000
14.2667751 9.1442261
12.1214199 -10.3530359
-1.0560623 -8.2443810
0.0000000 0.0000000
9.3140726 -3.3560627
0.7806849 -13.3146677
0.5264844 -15.6239767
0.0000000 0.0000000
-10.5705948 -11.7688932
-0.4045801 -10.1427259
-0.3739047 -7.5661087
0.0000000 0.0000000
-3.5447085 -6.7664371
-0.6352069 -6.7160540
-0.4920510 -5.2982078
0.0000000 0.0000000
-2.1573112 -3.9703305
-0.4524939 -4.4730754
-0.3875042 -3.5945318
0.0000000 0.0000000
-1.1983278 -2.8132517
-0.3228663 -3.0682006
-0.2630020 -2.5029750
0.0000000 0.0000000
-0.7519879 -2.0187843
-0.2102886 -2.1636124
-0.1768523 -1.7950585
0.0000000 0.0000000
-0.5046607 -1.4917305
-0.1441609 -1.5580561
-0.1245945 -1.3051708
0.0000000 0.0000000
-0.3571973 -1.1107205
-0.1055530 -1.1352421
-0.0930635 -0.9396006
0.0000000 0.0000000
-0.2932412 -0.8195110
-0.0965345 -0.7825298
-0.1143475 -0.6038028
0.0000000 0.0000000
-0.3410712 -0.5379809
-0.1347239 -0.3801959
-0.1313036 -0.1585315
0.0000000 0.0000000
-0.3798212 -0.1650630
-0.0573657 -0.0300000
0.0090406 0.1046793
0.0000000 0.0000000
0.0653400 0.0601005
0.0000000 0.0000000
0.0000000 0.0000000
1.0768313 -0.1385157
1.0271116 -0.0580288
-0.2382512 0.0073049
-1.4606297 0.3878817
-2.3917823 0.7214218
-2.4822838 1.2330803
-2.6256635 1.9796424
-3.2149944 2.0907452
-2.2037435 2.6192954
-1.8167742 3.1070435
-2.2170105 2.8499804
-1.4304289 3.4544947
-1.2245877 3.8104460
-1.6091979 3.4800031
-1.1442211 4.1387420
-1.1589087 4.5313520
-1.5510478 4.2762389
-1.2290028 4.9750357
-1.3695710 5.3804817
-1.7482873 5.1077895
-1.5203612 5.9288788
-1.7889802 6.3567142
-2.1563809 5.9106364
-2.0662775 7.0614681
-2.5956836 7.5037208
-2.9689221 6.6333470
-3.1306508 8.5486565
-4.4114017 8.8795319
-4.6281991 6.9939775
-5.8843493 10.4622402
-9.2058363 11.7870045
-10.5228167 7.9418211
-1.8400444 8.9838533
6.7827463 11.8656797
10.9457092 12.1678753
11.9727383 8.4996452
22.3858051 5.7972169
24.9769917 8.5773373
21.9972019 -8.6695852
18.8431606 -3.8746500
25.1634293 0.6968218
5.4549379 -7.6577311
-9.7449532 -8.1033239
-10.0045300 -6.4826837
-4.6158543 -5.6988177
-3.9295633 -6.3183670
-5.4276767 -5.5203180
-3.0724909 -4.3875237
-2.3567266 -3.3902822
-2.8757675 -3.1443837
-1.8921059 -2.9857473
-1.5128170 -2.4252222
-1.9209390 -2.1482549
-1.1946923 -2.1476307
-0.9826240 -1.7840567
-1.2690200 -1.6174705
-0.7978009 -1.5587620
-0.6726027 -1.3281548
-0.8854967 -1.2357267
-0.5590888 -1.1469573
-0.4870215 -0.9879578
-0.6527374 -0.9332311
-0.4200619 -0.8422006
-0.3896046 -0.7160438
-0.5282616 -0.6791235
-0.3882061 -0.6037197
-0.4406725 -0.4760280
-0.5749313 -0.4749690
-0.5284526 -0.2997482
-0.5522659 -0.1775277
-0.7020647 -0.2141958
-0.3803912 -0.0625507
0.1465445 0.0250291
0.1142972 -0.0079739
0.0000000 0.0000000
0.0000000 0.0000000
0.9539398 0.0374991
0.7694300 0.1142813
-1.0136859 0.3758191
-3.0098574 1.0533293
-3.7667527 1.2908677
-3.9675560 1.8056200
-3.6820934 2.1902015
-3.9570489 2.2210364
-2.9949286 2.5109613
-2.4351354 2.7689893
-2.7313709 2.6753261
-2.0807607 3.0685437
-1.9484614 3.4132333
-2.3575411 3.3529055
-1.9271945 3.8049901
-1.9912812 4.2074437
-2.3637540 4.1426225
-2.0562932 4.6451631
-2.2044234 4.9767537
-2.5104501 4.8324151
-2.3408105 5.4156733
-2.6252930 5.6595235
-2.8546612 5.3973403
-2.8882284 6.1358509
-3.4055450 6.2381549
-3.5195563 5.7997003
-3.8496058 6.6818933
-4.6475840 6.7044806
-4.6627355 6.0094924
-4.8317847 7.0463333
-10.1675720 7.7399807
-10.1914492 7.1190987
-9.4473753 6.8149590
7.4242802 7.1911478
12.0658922 0.9120927
17.8296452 11.0904198
21.8034573 9.7322912
30.2157364 4.5681787
33.3032990 -8.6625280
26.8960876 2.7384179
31.7751369 4.9074869
2.7018862 3.5970805
-8.3982401 -3.9586701
-7.4407992 -0.5912415
-5.2728624 0.0770952
-6.5137210 -3.5832324
-6.5193710 -1.6843609
-4.3990707 -2.1215861
-3.3754592 -2.3948939
-3.6214032 -1.4155545
-2.6655066 -1.9104308
-2.1580770 -1.7201406
-2.3389168 -1.2349173
-1.7086421 -1.4988827
-1.4316897 -1.3659858
-1.5855166 -1.1000983
-1.1703880 -1.1888831
-1.0086428 -1.0798330
-1.1347606 -0.9313098
-0.8539535 -0.9350526
-0.7603048 -0.8394715
-0.8710735 -0.7573411
-0.6689560 -0.7054876
-0.6294267 -0.6227953
-0.7263902 -0.5748085
-0.6032623 -0.5210797
-0.6570308 -0.4423059
-0.7427454 -0.4219697
-0.7698536 -0.3207959
-0.8283247 -0.2377307
-0.9417967 -0.2484669
-0.6720038 -0.1158514
0.0937110 -0.0207941
0.0370554 -0.0333026
0.0000000 0.0000000
0.0000000 0.0000000
0.4139143 0.1746210
0.0384586 0.2500985
-2.3808157 0.6866441
-4.4299812 1.5060663
-5.0301104 1.6438787
-4.9091067 2.0965371
-4.1860023 2.2192142
-4.3389444 2.2161474
-3.4247675 2.4048717
-2.9756210 2.6757441
-3.3073180 2.6861296
-2.7810602 3.0270748
-2.7451141 3.3868921
-3.1227548 3.4065044
-2.7114894 3.7713866
-2.7414594 4.1281409
-3.0686803 4.1116118
-2.7548106 4.4821739
-2.8445077 4.7557082
-3.1047614 4.6936278
-2.9262841 5.0642691
-3.1135194 5.2323184
-3.2512889 5.0861688
-3.2870240 5.4404535
-3.6669862 5.4200673
-3.5691564 5.1040668
-4.0185356 5.5021129
-4.8136306 4.9584322
-4.2728648 4.3492966
-5.5651283 5.0620646
-11.2041798 4.3257952
-8.7218523 3.3774292
0.6027197 -4.3262353
8.2368183 -0.0619063
8.5576258 -0.0688037
15.2742186 4.5272865
17.9800625 7.3783736
18.3251057 1.7893006
34.5815010 -0.2266777
35.1562195 4.4774818
26.5735931 6.0055714
8.4366617 4.4487286
-5.9946537 1.5262959
-0.5146863 4.4635487
-5.6279802 2.2978420
-6.3753490 0.0268605
-5.0328231 1.3696351
-4.4146318 0.2441230
-3.5655887 -0.5083898
-3.0617838 0.1614855
-2.7451248 -0.6152878
-2.2872548 -0.7558125
-2.0822902 -0.3675173
-1.8858054 -0.7623795
-1.6097254 -0.8198099
-1.5639334 -0.5792388
-1.3473098 -0.7553510
-1.1876516 -0.7663232
-1.2043518 -0.6215887
-1.0300981 -0.6817932
-0.9384605 -0.6607404
-0.9847076 -0.5772544
-0.8460262 -0.5641699
-0.8050424 -0.5242862
-0.8633339 -0.4781321
-0.7647760 -0.4321397
-0.8073867 -0.3897564
-0.8645993 -0.3649804
-0.9216640 -0.3137435
-1.0298328 -0.2516206
-1.1143358 -0.2498969
-0.9692188 -0.1273616
-0.0285587 -0.0395018
-0.1022456 -0.0459203
0.0000000 0.0000000
0.0000000 0.0000000
-0.5106736 0.3088432
-1.0926635 0.3787132
-4.0760942 0.9058238
-5.5809932 1.7480105
-6.0189638 1.8018013
-5.4373503 2.1904311
-4.4951863 2.1954701
-4.6772594 2.2006228
-3.8693650 2.3965073
-3.6313763 2.7469006
-3.9942853 2.8068135
-3.5325708 3.1264699
-3.4908140 3.4841163
-3.8537095 3.5399830
-3.4222534 3.8342986
-3.3884587 4.1717992
-3.7225244 4.2143455
-3.3581290 4.4685640
-3.3341048 4.7618809
-3.6487610 4.8099990
-3.3545051 4.9859195
-3.3825784 5.1648040
-3.5911629 5.2926941
-3.3986948 5.3158803
-3.4798725 5.2443457
-3.4821193 5.4783158
-3.5091913 5.1320014
-3.5225670 4.8666382
-3.1586680 4.9610453
-3.1681485 3.3169477
-5.6768489 4.4534636
-4.8842697 3.9554150
4.5828190 -3.8864501
8.5520220 -0.0436142
9.6137619 1.0437266
13.2921066 2.3125012
17.0866013 2.7377846
16.4177513 2.7221472
34.7796745 -1.9177349
36.5273705 3.0024378
23.2712002 7.1865773
4.7143893 2.5498574
0.4050711 2.7783234
-0.9414679 2.1512601
-4.1581545 1.3323114
-4.5296888 1.5002899
-4.6065469 1.5833049
-3.5555613 1.1407819
-2.8918660 0.2874483
-2.6261568 0.5963827
-2.1966555 0.2431054
-1.9708555 -0.1353113
-1.7114100 0.0847394
-1.6887484 -0.2089466
-1.5154686 -0.3964905
-1.3760306 -0.2429247
-1.3156217 -0.4057533
-1.2042685 -0.5011124
-1.1462233 -0.4026460
-1.0804247 -0.4662807
-1.0164075 -0.5032989
-1.0111480 -0.4444790
-0.9455273 -0.4452613
-0.9174356 -0.4395578
-0.9444510 -0.4079550
-0.8834763 -0.3612202
-0.9182157 -0.3414429
-0.9569376 -0.3238424
-1.0224916 -0.2937919
-1.1765982 -0.2450810
-1.2399637 -0.2399653
-1.2418561 -0.1319965
-0.1868456 -0.0490574
-0.2695729 -0.0521493
0.0000000 0.0000000
0.0000000 0.0000000
-1.7689813 0.4276139
-2.4942772 0.4710974
-5.8126149 1.0187973
-6.4314308 1.8213358
-6.7582273 1.8183321
-5.7644372 2.1655712
-4.8813024 2.2002609
-5.1548123 2.2222652
-4.4721942 2.4783669
-4.3680911 2.8932378
-4.7595835 2.9669986
-4.2898469 3.2791812
-4.2041059 3.6476798
-4.5917315 3.7417004
-4.1158776 3.9935372
-4.0089560 4.3831725
-4.4355826 4.4965568
-3.9804261 4.6803842
-3.8812177 5.0755749
-4.3314261 5.2858005
-3.8557208 5.3425035
-3.7506287 5.6609001
-4.0573192 5.9910460
-3.5733020 5.8148904
-3.3162701 5.8559256
-3.3033221 6.1426549
-2.8798416 5.6204128
-2.1788020 5.2194691
-1.7013834 5.1620283
-1.4034977 3.9615371
-3.3073986 3.9713635
-1.7939665 3.3744197
7.0840683 -1.7667029
9.1754675 1.6847942
8.9414272 1.5503678
11.8447180 0.9462832
15.7943525 3.2147589
14.8528976 2.8983784
33.5185966 -0.1689715
36.5159721 -0.6289265
22.1834850 5.6751876
8.2271681 2.5915093
0.1343927 2.9035821
0.9355109 4.3555508
-3.5812788 1.8995602
-3.5585623 2.0534203
-2.5700042 2.4577780
-2.7696071 1.5916092
-2.2513127 0.7988735
-1.7559909 0.9998515
-1.6533471 0.6745440
-1.5185494 0.2005701
-1.2007233 0.2881047
-1.3524644 0.0903254
-1.2789876 -0.1581882
-1.0913435 -0.1010315
-1.1629497 -0.2113303
-1.1134554 -0.3479846
-1.0152175 -0.3130554
-1.0446267 -0.3471906
-1.0210142 -0.4125545
-0.9858176 -0.3942449
-0.9866941 -0.3824665
-0.9826338 -0.3934343
-0.9910803 -0.3863361
-0.9714930 -0.3300574
-1.0056745 -0.3166493
-1.0364954 -0.3138053
-1.1001199 -0.2830286
-1.2886856 -0.2375133
-1.3419554 -0.2362636
-1.4820297 -0.1409950
-0.3663055 -0.0541690
-0.4553470 -0.0556637
0.0000000 0.0000000
0.0000000 0.0000000
-3.2476757 0.4982841
-4.0311503 0.5158282
-7.3950629 1.0504861
-7.0824652 1.7907052
-7.3694324 1.7605296
-6.1056757 2.0933387
-5.4497380 2.2453976
-5.8184738 2.2765644
-5.2280817 2.6019661
-5.1620216 3.0617924
-5.5941343 3.1360645
-5.0760269 3.4625630
-4.9621048 3.8850200
-5.4171209 4.0022149
-4.8852134 4.2720852
-4.7818236 4.7576995
-5.3498826 4.9591289
-4.7912245 5.1586289
-4.6689510 5.7245727
-5.2611408 6.0672946
-4.5574141 6.0964952
-4.2918239 6.4532881
-4.4982643 6.8391438
-3.7321970 6.5958762
-2.9589388 6.4179316
-2.6467724 6.4638700
-1.8654755 5.9514365
-0.5072348 5.1498132
0.1989300 4.8857760
0.9161985 4.0406227
-0.3351127 3.3412323
0.7977485 3.1831002
9.6022062 -1.0264176
9.7795439 1.1027701
10.7041264 1.0974758
10.9975338 1.6637187
11.3455305 0.6502512
12.9143543 -1.1255429
36.1599045 0.0492555
35.3518562 1.1594067
27.4301338 1.4400495
2.6298330 0.0356441
1.4955140 4.8552742
0.0756529 3.2847025
-2.2776518 1.2277863
-2.2672143 2.1901948
-0.8980368 2.1364336
-1.9228745 1.2516590
-1.4871616 0.9717017
-0.8309847 1.0705961
-1.0733033 0.7166087
-1.0231099 0.2643825
-0.6226862 0.2578000
-0.9732719 0.1355693
-0.9878148 -0.1208224
-0.7614231 -0.1505091
-0.9619768 -0.1958593
-0.9753085 -0.3333842
-0.8591885 -0.3643319
-0.9717600 -0.3515271
-0.9916305 -0.4137684
-0.9483653 -0.4414210
-1.0024787 -0.3980138
-1.0270948 -0.4038059
-1.0325279 -0.4265514
-1.0471939 -0.3512232
-1.0880322 -0.3275503
-1.1219798 -0.3432482
-1.1782547 -0.2968794
-1.3889631 -0.2422903
-1.4452251 -0.2490687
-1.6995679 -0.1595759
-0.5623351 -0.0583856
-0.6600401 -0.0601540
0.0000000 0.0000000
0.0000000 0.0000000
-4.8103299 0.5230230
-5.5993943 0.5242137
-8.7607298 1.0405419
-7.6650023 1.7174131
-7.9618039 1.6790712
-6.5958128 2.0221093
-6.1995955 2.3117261
-6.6442080 2.3421409
-6.0989733 2.7302833
-6.0274429 3.2268398
-6.5067234 3.2911885
-5.9454136 3.6601140
-5.8471274 4.1618199
-6.4021716 4.2859731
-5.8511157 4.6342535
-5.8406310 5.2940030
-6.6050553 5.5635743
-5.9135065 5.8683581
-5.7776098 6.5409646
-6.2581110 6.8392835
-5.2811637 6.9275107
-4.5808153 6.9985700
-4.4009781 7.0454960
-3.3849368 6.8756685
-1.9565547 6.3248935
-1.2815956 5.8532133
-0.2603418 5.5324225
1.5153122 4.5079694
2.4366052 4.0126200
3.2557228 3.4425371
2.0937800 2.9244323
3.1730542 2.5039964
11.4406929 -1.3676469
10.7810087 0.2149649
12.0834818 0.5508978
12.3870411 -0.0946817
15.2560444 -1.6698281
16.9306374 -1.8712937
30.5662117 -3.6320050
27.9193821 1.6946034
23.4536533 1.3138691
2.4311976 -0.7075195
1.2758460 3.0863106
-2.7753971 3.4961348
-0.0834536 1.2403917
-0.9552959 1.7824856
-0.7974790 1.7847728
-0.9075682 0.8441903
-0.6050873 0.8217148
-0.0244165 0.7053606
-0.4422887 0.4531609
-0.4887611 0.0699046
-0.1458040 -0.0321454
-0.5816598 -0.0817849
-0.6869045 -0.2842324
-0.4981684 -0.4018890
-0.7592992 -0.3686697
-0.8391523 -0.4642863
-0.7461582 -0.5628484
-0.9043042 -0.4850317
-0.9688420 -0.5151579
-0.9427927 -0.5893523
-1.0272441 -0.4985254
-1.0803823 -0.4788475
-1.1007746 -0.5317369
-1.1342274 -0.4279781
-1.1854882 -0.3787707
-1.2345394 -0.4131386
-1.2769663 -0.3421217
-1.5014768 -0.2659031
-1.5721576 -0.2819239
-1.9138958 -0.1894045
-0.7796534 -0.0648972
-0.8920963 -0.0683606
0.0000000 0.0000000
0.0000000 0.0000000
-6.3734961 0.5206709
-7.1469111 0.5148467
-9.9179440 1.0185759
-8.2688618 1.6375129
-8.5991621 1.5999804
-7.2766962 1.9683408
-7.0902205 2.3767755
-7.5834956 2.3972723
-7.0544858 2.8383927
-6.9756351 3.3631623
-7.4992342 3.4071736
-6.9325776 3.8421485
-6.9353514 4.4481525
-7.6261325 4.5675836
-7.1332507 5.0533848
-7.2953072 5.9025097
-8.0712137 6.0850873
-7.1932144 6.5299258
-6.6553607 6.9255276
-6.6829371 6.8408713
-5.4431515 7.0259471
-4.0393543 6.6028199
-3.4875271 6.1387386
-2.2594988 6.0835195
-0.3151966 5.2407422
0.3441352 4.5686841
1.5873622 4.3076634
3.5614321 3.3671312
4.3926573 2.6990757
5.3301339 2.3460958
4.3150787 2.0020647
5.2901807 1.1645747
12.6440229 -1.2271738
13.0027018 0.5825766
13.1654100 -0.5360133
15.0937424 -1.0177145
16.1411114 -2.9684587
20.6227436 -4.9981737
26.0761490 -2.6191893
24.7180939 -2.4362240
19.9454193 -2.2049632
-0.0036957 0.5330456
-0.9016172 3.3228297
1.8586138 4.0316181
-0.2591892 4.1451545
0.4849712 1.1939387
1.6559602 1.5395998
0.3500206 0.3211543
0.3400511 0.3738474
0.9937907 0.0531800
0.1087406 -0.2234700
-0.0311229 -0.3142608
0.3361709 -0.5784243
-0.2918492 -0.5443778
-0.4584903 -0.6202113
-0.2924409 -0.8292120
-0.6285731 -0.7049413
-0.7618544 -0.7275882
-0.7055823 -0.8858011
-0.8912704 -0.7338491
-0.9941563 -0.7097881
-1.0020027 -0.8245277
-1.0952967 -0.6776141
-1.1730402 -0.6152692
-1.2226702 -0.6942213
-1.2576691 -0.5550510
-1.3189950 -0.4675769
-1.3945537 -0.5174065
-1.4151268 -0.4173961
-1.6466970 -0.3087864
-1.7396533 -0.3330621
-2.1438150 -0.2300925
-1.0298688 -0.0756984
-1.1645769 -0.0815345
0.0000000 0.0000000
0.0000000 0.0000000
-7.9045453 0.5072415
-8.6532612 0.4977993
-10.8907375 0.9943292
-8.9381342 1.5614256
-9.3103828 1.5273257
-8.1276665 1.9278995
-8.0686245 2.4197671
-8.5848465 2.4275107
-8.0660238 2.9075403
-8.0044680 3.4508085
-8.5667028 3.4769883
-8.0601482 3.9810741
-8.3065481 4.7039461
-9.0810356 4.7919254
-8.6875343 5.3931384
-8.7336521 6.1631861
-9.1285419 6.0689301
-7.9459081 6.5048065
-6.5776820 6.3680182
-6.1860638 5.8714085
-4.7590599 6.0539193
-2.7541904 5.3474507
-1.9909079 4.5226789
-0.6002079 4.5517445
1.4409931 3.6491477
2.2516961 2.8400650
3.3633075 2.8798137
5.3365464 1.9567322
6.1353836 1.2711298
7.0322251 1.2251052
6.5710726 0.3354859
7.7233076 -0.2521110
13.6973543 -1.9122134
13.8532009 -0.6302329
14.3301077 -1.3058026
18.9603729 -3.3899591
22.9503651 -5.3113494
24.5248871 -4.0952101
27.1157856 -0.5106841
-0.5914155 -1.4218178
-1.3891917 -2.0480216
4.6297927 -0.1256618
4.5600801 3.6403496
2.1977975 -2.7832384
2.4781179 -0.3373036
1.8463157 -0.2936964
1.9535807 -1.4282458
1.3531392 -0.7898906
1.0027089 -0.8435317
1.3022841 -1.4480852
0.6250137 -1.0708585
0.2817622 -1.0826817
0.4663702 -1.5028226
-0.0868550 -1.1917683
-0.3477296 -1.1587412
-0.2851886 -1.4580147
-0.5995185 -1.1809016
-0.7847034 -1.1141891
-0.7997916 -1.3251630
-0.9675203 -1.0781144
-1.1006905 -0.9842673
-1.1627446 -1.1306351
-1.2360859 -0.9205140
-1.3316109 -0.8020381
-1.4232630 -0.8999461
-1.4391820 -0.7215698
-1.5078350 -0.5858282
-1.6186175 -0.6462120
-1.6080661 -0.5160293
-1.8382549 -0.3677036
-1.9587115 -0.3975570
-2.4023423 -0.2793054
-1.3275024 -0.0912756
-1.4915311 -0.0992683
0.0000000 0.0000000
0.0000000 0.0000000
-9.3872547 0.4849128
-10.1021395 0.4710534
-11.7087898 0.9688975
-9.6924534 1.4951891
-10.0998373 1.4653366
-9.0977573 1.8955740
-9.0874586 2.4283826
-9.6059303 2.4207020
-9.1105442 2.9332948
-9.1220074 3.4978979
-9.7210264 3.5015001
-9.3220406 4.0690494
-9.8270264 4.8362617
-10.5095091 4.8397174
-10.0505619 5.3917012
-9.3869915 5.7726045
-9.2717743 5.4628305
-7.7231975 5.6536889
-5.6796107 5.1063085
-5.0028534 4.4454856
-3.4707968 4.4984345
-1.0998768 3.6728029
-0.2079721 2.6566536
1.0467467 2.7568965
3.0195107 1.9346988
3.7999132 1.1245736
4.9566555 1.2048695
6.8173590 0.4401575
7.6142840 -0.4131231
8.6304131 -0.0957036
8.7919464 -1.2544643
10.2830544 -2.0626647
14.0892849 -2.2947519
15.2012587 -2.5683677
16.6204357 -3.1461694
22.6104488 -7.4905300
26.5868759 -8.4540434
31.4475918 -8.0319242
21.3241959 -3.6171069
1.5813175 -0.4962403
2.2782233 -3.6979241
2.4607482 -4.6172605
2.9924016 -3.1374335
2.7017317 -4.2581797
2.4177480 -2.5893021
1.8006840 -2.5468407
1.8703636 -3.4694498
1.4419851 -2.3957520
1.0440515 -2.2612684
1.1476940 -2.9158640
0.6500067 -2.1766372
0.2609649 -2.0509579
0.2729578 -2.5304105
-0.1412692 -1.9866861
-0.4519738 -1.8414645
-0.5140084 -2.1856048
-0.7446985 -1.7574164
-0.9598665 -1.5924213
-1.0658171 -1.8329459
-1.1720508 -1.4888862
-1.3209466 -1.3148149
-1.4511105 -1.4775027
-1.4755663 -1.2055476
-1.5770336 -1.0215296
-1.7206318 -1.1271840
-1.6962306 -0.9124258
-1.7664473 -0.7216236
-1.9178886 -0.7854877
-1.8665702 -0.6285049
-2.0842001 -0.4362221
-2.2347248 -0.4677801
-2.6949956 -0.3325034
-1.6854936 -0.1106618
-1.8834929 -0.1199707
0.0000000 0.0000000
0.0000000 0.0000000
-10.8026352 0.4567557
-11.4862700 0.4451249
-12.4280901 0.9421037
-10.5184917 1.4321526
-10.9574165 1.3997749
-10.1181946 1.8523797
-10.1114626 2.4022338
-10.6218987 2.3811460
-10.1747656 2.9108300
-10.3200703 3.4938817
-10.9405499 3.5007038
-10.6320944 4.0665531
-11.1623821 4.8006382
-11.6025782 4.6868672
-10.7926016 5.1206064
-9.0386524 5.0082965
-8.5476065 4.5353045
-6.6532030 4.4425907
-4.2128844 3.6799173
-3.3036652 2.9834168
-1.7239354 2.7963657
0.5979427 1.9406579
1.3692439 1.3917524
2.5608971 1.2904261
4.5417223 0.4318969
5.3686461 -0.1989194
6.5358138 -0.4733615
8.4007502 -1.2385241
9.2303801 -1.8497412
9.7288427 -1.7578260
11.3890944 -3.3049350
13.1226587 -4.7952790
15.3785391 -3.0502846
16.8444462 -5.2713161
19.6104908 -8.2851095
29.2065544 -12.8503141
30.4571877 -12.2904158
21.8817711 -8.9048691
4.7646422 -3.8433106
3.8807962 -4.0594525
4.6411109 -4.5649681
2.4695592 -5.2695632
1.9657824 -5.0428796
2.5766895 -5.6407394
1.5894787 -4.6673555
1.1145649 -4.4189801
1.3034310 -5.1733003
0.8814569 -4.0139766
0.5752321 -3.6802936
0.5345590 -4.3200111
0.2603572 -3.3719413
-0.0945782 -3.0799618
-0.2368675 -3.5587018
-0.4875809 -2.8588464
-0.8024633 -2.5830514
-0.9927586 -2.9295399
-1.1030190 -2.3856957
-1.3175073 -2.1122596
-1.5232100 -2.3530593
-1.5332006 -1.9294927
-1.6772826 -1.6668202
-1.8820547 -1.8251551
-1.8311962 -1.5055976
-1.9233385 -1.2488757
-2.1233199 -1.3479803
-2.0392938 -1.1082232
-2.1018801 -0.8589968
-2.2960494 -0.9169605
-2.1964605 -0.7421457
-2.3879442 -0.5050307
-2.5691307 -0.5330143
-3.0189226 -0.3835575
-2.1108322 -0.1318435
-2.3435535 -0.1411933
0.0000000 0.0000000
0.0000000 0.0000000
-12.1580839 0.4349065
-12.8186846 0.4269142
-13.0376244 0.9132023
-11.4002600 1.3606093
-11.8484468 1.3220849
-11.1455297 1.7855639
-11.1288366 2.3484104
-11.6367521 2.3098340
-11.2628822 2.8485820
-11.5915642 3.4919562
-12.2197971 3.4572213
-11.8459082 3.9614131
-11.9207630 4.4720941
-11.9876623 4.2666116
-10.7352762 4.4738388
-7.9322338 3.9294829
-7.1637554 3.3355873
-5.1641049 3.1964958
-2.3622625 2.2667453
-1.3706311 1.6698027
-0.1627142 1.3053519
2.0319226 0.6723909
2.8599727 0.2218959
4.1130886 0.0704072
6.1106381 -0.7984367
6.9677415 -1.4054881
8.1793728 -1.7172091
10.0310249 -2.4461420
11.2880001 -2.9405501
12.1070576 -4.4839373
14.9497805 -5.2626491
16.6196880 -5.3895583
17.0363560 -5.6827726
31.2311459 -13.0536299
33.1299553 -13.2276545
26.3897343 -8.9455309
14.3922586 -7.1642084
9.1235304 -7.6184111
7.4701238 -5.6451139
5.3810277 -6.3820019
5.2767801 -7.8472900
3.6124594 -6.9041800
2.0466843 -6.9514847
1.9826796 -8.0321817
1.0299366 -6.7245574
0.3329661 -6.3504124
0.1434820 -7.2783437
-0.0201509 -5.7385788
-0.2955369 -5.1887908
-0.6676660 -5.9042082
-0.5149539 -4.6242170
-0.7794085 -4.1194043
-1.1157781 -4.5920095
-1.1225160 -3.7458308
-1.4015820 -3.3159304
-1.7302363 -3.6342208
-1.6871040 -3.0109351
-1.8705311 -2.6183271
-2.1823316 -2.8306968
-2.0641332 -2.3560321
-2.1781938 -1.9977785
-2.4620199 -2.1273825
-2.3095047 -1.7879688
-2.3747404 -1.4535041
-2.6307285 -1.5293988
-2.4694171 -1.2856171
-2.5135713 -0.9781148
-2.7471452 -1.0193626
-2.5965040 -0.8408201
-2.7478914 -0.5620413
-2.9572544 -0.5803906
-3.3622983 -0.4248109
-2.6012032 -0.1515275
-2.8641136 -0.1592540
0.0000000 0.0000000
0.0000000 0.0000000
-13.4644518 0.4201802
-14.1032629 0.4105604
-13.5138369 0.8728420
-12.3028622 1.2823703
-12.7624092 1.2458031
-12.1515150 1.6931500
-12.1333218 2.2720962
-12.6378345 2.2398841
-12.3671160 2.7380569
-12.8689079 3.4375558
-13.4583216 3.4253957
-12.7431126 3.7860832
-11.9759760 4.0227609
-11.7096176 3.7098873
-9.8451567 3.7361729
-6.2872195 2.7203257
-5.3295569 2.1127818
-3.6546807 2.0629447
-0.5380839 1.0238452
0.4043026 0.5565956
0.8115020 0.5108424
3.6790633 -0.3815707
4.5778213 -1.0394756
5.7932782 -1.2564799
7.7374516 -2.0454924
8.2855730 -2.7448733
9.7926884 -2.3174069
11.9878836 -3.6758106
13.0299425 -4.7044339
14.8921471 -6.0205412
16.6856003 -5.5490875
20.0366859 -8.8107748
29.8643627 -15.4283791
33.3101768 -15.8045712
33.9689560 -14.0919685
16.3315010 -8.8741426
9.3882875 -7.7895436
11.3958673 -8.0198908
8.5565033 -7.7654395
5.9815602 -8.6221991
6.1991315 -9.0467606
4.0772429 -8.6432819
2.0397410 -8.8181086
1.5408262 -9.4675694
0.5432214 -8.6349602
-0.6464535 -8.3453512
-1.1422170 -9.1040430
-1.3576047 -7.5861273
-1.7227279 -6.8404207
-2.5312097 -7.6059456
-1.8130281 -5.9490371
-1.8860576 -5.1746640
-2.5308022 -5.6460781
-2.0694447 -4.5916348
-2.2591078 -3.9772744
-2.7304463 -4.2457023
-2.5058882 -3.5681763
-2.6255591 -3.0539527
-3.0424893 -3.2034323
-2.7681744 -2.7184989
-2.8216488 -2.2560673
-3.1824994 -2.3298590
-2.9046319 -2.0136425
-2.9237173 -1.5996977
-3.2294846 -1.6344979
-2.9776812 -1.4164839
-2.9910500 -1.0559822
-3.2548246 -1.0693260
-3.0546572 -0.9060628
-3.1558826 -0.5949301
-3.3861222 -0.5971106
-3.7043121 -0.4480687
-3.1429315 -0.1656112
-3.4253216 -0.1693969
0.0000000 0.0000000
0.0000000 0.0000000
-14.7094555 0.4010600
-15.3198032 0.3828436
-13.8649950 0.8199913
-13.2169409 1.2048218
-13.6825523 1.1480387
-13.1258059 1.5700940
-13.1408625 2.2094352
-13.6796598 2.1421854
-13.5539951 2.5840909
-14.0324306 3.4242353
-14.4736834 3.2886410
-13.0420980 3.3936412
-11.2455597 3.2710514
-10.6681452 2.6670377
-8.3835506 2.9974396
-4.4405627 1.4584574
-3.4988759 0.8823000
-2.2719584 1.1398385
0.9613221 -0.0389079
1.8683949 -0.6371073
2.2217281 -0.4421604
5.5460596 -1.4578816
6.2195382 -1.8430700
7.3914804 -2.6845303
9.4606552 -2.8207626
10.1678782 -2.8186991
11.8446922 -3.5129831
14.4157610 -4.6109591
14.8843689 -4.5036020
18.3824902 -3.8426449
27.2414036 -10.0128002
32.8581200 -16.4809418
31.4520168 -11.2405691
27.1854725 -9.6054611
17.9578552 -9.7145176
12.8799162 -8.7697659
11.2034340 -8.3773708
11.8318491 -7.8832974
8.9653234 -8.8179770
6.4881959 -9.0450087
6.9136157 -8.6261272
4.4318705 -9.1924896
2.3388958 -9.4110823
1.6683741 -9.0822048
0.3720479 -9.4674444
-1.4052327 -9.4101095
-1.8187114 -9.3774576
-2.7169909 -8.8676224
-3.5629604 -8.2807550
-4.4184194 -8.7471857
-3.7530932 -7.1629872
-3.5877328 -6.2006068
-4.6446624 -6.6477604
-3.3714044 -5.3221283
-3.3849170 -4.5197482
-4.0400772 -4.6809626
-3.5710096 -3.9765382
-3.5823221 -3.3451416
-4.0937891 -3.3927057
-3.6325295 -2.9638691
-3.5929737 -2.3841026
-4.0127435 -2.3740997
-3.5959244 -2.1385744
-3.5498655 -1.6503837
-3.8874345 -1.6257252
-3.5432918 -1.4694780
-3.5118792 -1.0691515
-3.7907722 -1.0435572
-3.5454001 -0.9179947
-3.5956669 -0.5907123
-3.8340275 -0.5719328
-4.0169649 -0.4448610
-3.7110250 -0.1706573
-3.9937668 -0.1683162
0.0000000 0.0000000
0.0000000 0.0000000
-15.8608522 0.3684642
-16.4330311 0.3421530
-14.1052656 0.7467973
-14.1143093 1.0841030
-14.5656595 1.0018752
-14.0103569 1.4010020
-14.1985092 2.0558746
-14.7407417 1.9557078
-14.7419624 2.2924821
-14.7987614 3.1091197
-14.9435186 2.8666584
-12.2749176 2.4469469
-9.9146233 2.0659399
-9.1127529 1.6276979
-6.8249736 1.9591494
-2.7078776 0.2221448
-1.9411832 -0.3114564
-0.8655962 0.4449399
2.5238855 -1.2742263
3.2504373 -1.7581457
3.8722727 -1.2667099
6.5401516 -2.3669641
6.8261242 -2.7016735
7.9862599 -2.7632833
10.7619228 -2.6969962
10.3434324 -2.5839972
12.7220335 -3.5334845
16.8965874 -3.9978862
21.3956089 -6.1512561
33.1090050 -14.8023195
36.4808884 -16.4731445
35.7310219 -14.4488659
24.5081730 -10.3534775
16.5517273 -8.9033394
15.4167118 -8.9344006
14.6523504 -7.9386134
12.0196218 -7.7712793
11.5260468 -7.5806379
9.5689583 -8.1332579
7.0449820 -8.0238314
7.0780349 -7.1616740
4.7898855 -8.1680079
2.7248173 -8.3721180
2.4346042 -7.4356098
0.5275539 -8.5911427
-1.3790627 -8.7597265
-1.5975980 -7.9059000
-3.1784418 -8.8091354
-4.8559980 -8.7727032
-5.2471056 -8.2517843
-5.8963447 -7.8403411
-5.8818903 -7.0425868
-7.1870704 -7.1946740
-5.1664877 -5.7807097
-4.8476887 -4.8657398
-5.6588163 -5.0440598
-4.8760047 -4.1390762
-4.7177873 -3.3985877
-5.3381433 -3.2645719
-4.6076870 -3.0219636
-4.4508929 -2.3264315
-4.9125714 -2.2092824
-4.3403821 -2.1138408
-4.2148356 -1.5692369
-4.5624852 -1.4701420
-4.1287460 -1.4119314
-4.0428281 -0.9960270
-4.3153048 -0.9222943
-4.0296173 -0.8584430
-4.0371299 -0.5397671
-4.2668471 -0.4955284
-4.2741437 -0.4080548
-4.2669163 -0.1614535
-4.5279016 -0.1503121
0.0000000 0.0000000
0.0000000 0.0000000
-16.8712349 0.3088115
-17.3435516 0.2611782
-14.2663574 0.6173162
-14.9457073 0.9440871
-15.3657770 0.8287035
-14.8187256 1.1618102
-15.2048607 1.9281451
-15.7663889 1.8148121
-15.6790609 1.8049810
-14.8346119 2.6517649
-14.6662302 2.2698042
-11.1908598 1.8677605
-8.3828526 1.0884241
-7.4891973 0.5384476
-4.8144631 0.8392932
-1.1642206 -0.9314836
-0.5655900 -1.3691777
0.6546506 -0.5695582
4.0425611 -2.2819493
4.7677412 -2.7087021
5.3529234 -2.3454638
7.2426057 -3.3320820
7.8290367 -3.7549257
8.4029007 -3.3648436
10.4073696 -3.8014262
11.8639774 -5.6075521
16.7107372 -5.2720795
29.7323761 -10.6734734
35.6575661 -14.7642918
35.8576775 -12.5526466
34.1330299 -11.8834610
26.6840439 -10.3741713
18.3797894 -9.2237015
14.3374863 -7.8109674
13.9738188 -6.7286549
13.4431553 -6.8877406
11.2633963 -6.6462612
10.9492445 -5.5763979
9.2030382 -6.2357011
7.1035213 -5.9985290
6.8684072 -4.8603363
5.0050402 -6.1159434
2.9375334 -6.0480623
3.1565895 -4.8242526
0.9454237 -6.3941336
-0.9571421 -6.6290755
-0.9313496 -5.1955009
-2.9528873 -6.9707689
-4.8867397 -6.9908791
-4.8665357 -5.7730350
-6.9214926 -6.7622151
-8.0199871 -6.7206635
-8.5333509 -6.2398262
-7.3431606 -5.2888002
-6.6880603 -5.0193233
-7.7758918 -4.6864600
-6.3543849 -3.9814668
-5.9524188 -3.0815086
-6.5836215 -2.7699058
-5.6346097 -2.8131065
-5.3353586 -2.0274372
-5.7819362 -1.7797432
-5.0836210 -1.8909857
-4.8655601 -1.3244761
-5.1832137 -1.1374515
-4.6869459 -1.2134632
-4.5392027 -0.8181871
-4.7757306 -0.6880647
-4.4578466 -0.7107034
-4.4430151 -0.4332132
-4.6354537 -0.3604489
-4.4572115 -0.3298184
-4.7583780 -0.1315250
-4.9687562 -0.1107894
0.0000000 0.0000000
0.0000000 0.0000000
-17.6214027 0.1923787
-17.9287529 0.1192120
-14.4674864 0.4382372
-15.6621447 0.6785310
-15.9605885 0.4523048
-15.6614752 0.8593340
-16.1641979 1.6258765
-16.5491180 1.2202383
-16.0969315 0.8791680
-14.1747637 1.5362526
-13.4424829 0.5862654
-9.8562202 0.6870603
-6.5968690 -0.1927771
-6.0936627 -1.1137347
-2.8411183 -0.2033864
0.2193827 -1.9549631
0.4731340 -2.7615786
2.1900291 -1.5466776
5.3466301 -3.1239822
5.7514729 -3.6703081
6.6276445 -3.3505774
8.4588194 -4.2122993
9.2625580 -4.6306829
9.7545576 -5.1632104
14.4342718 -7.2123394
16.6238346 -7.8039722
23.7309513 -10.0853539
35.6171532 -12.7886000
35.5495415 -11.2383366
32.3962326 -9.6553221
28.0545521 -7.8346176
21.8978024 -6.4132953
15.6994877 -6.4633865
13.0386524 -5.7474155
12.1650105 -4.3566275
12.2947826 -5.0133133
10.3900261 -4.4546013
9.8187313 -3.2565572
8.4777822 -3.9275029
6.6236782 -3.5886178
6.3129830 -2.4241800
4.8847823 -3.5152764
3.1610188 -3.4082577
3.2365599 -2.2120814
1.4462930 -3.5819652
-0.4930081 -3.8711054
-0.0166915 -2.6206033
-2.7187355 -4.3513117
-4.3118114 -4.5912423
-4.0397739 -3.5171626
-6.3538113 -4.8485336
-8.5852318 -5.5264840
-8.7959137 -4.5460868
-9.1170015 -3.7732830
-8.6791620 -4.2333951
-9.5676794 -3.7433624
-7.8662143 -3.3567407
-7.1630964 -2.3293962
-7.6989150 -1.7943326
-6.6062164 -2.2505965
-6.1497231 -1.4436945
-6.5234251 -1.0521946
-5.7435827 -1.4128616
-5.4283919 -0.8907537
-5.6806035 -0.6065506
-5.1486568 -0.8449396
-4.9418302 -0.5208403
-5.1060729 -0.3319843
-4.7773747 -0.4620272
-4.7570796 -0.2697914
-4.8694496 -0.1644334
-4.5686765 -0.2057365
-5.1264296 -0.0776349
-5.2404084 -0.0499223
0.0000000 0.0000000
0.0000000 0.0000000
-17.9763412 0.0515534
-18.0792046 -0.0304398
-14.6478796 0.1381203
-16.0573006 0.1819136
-16.1204185 -0.1149589
-16.2366829 0.2801720
-16.7869740 0.6362833
-16.8088951 0.0530258
-15.6473055 -0.1327080
-12.5507135 -0.2772261
-11.7687044 -0.9165739
-8.3501444 -1.6562370
-5.1592588 -1.8882034
-4.4765792 -2.8442833
-1.7128886 -1.7008156
1.2995310 -2.8813746
1.5776097 -3.9554636
3.6839707 -2.7984138
6.1884646 -3.9969101
6.4470239 -4.5456123
7.7328415 -4.1152477
10.2243042 -4.8061619
10.7046843 -5.1692448
12.7848692 -5.5044613
18.6462803 -7.3842750
21.7229023 -7.5720868
29.3663349 -8.7997284
31.5326042 -8.4542027
32.6731377 -8.1255169
30.3987541 -7.8254113
22.5602608 -5.9745035
19.9202347 -3.7211328
13.6346617 -3.6674092
11.6277390 -2.9470420
11.5828562 -1.6643082
11.0470152 -2.5690515
9.3521843 -1.9544151
8.9389467 -0.7330388
7.6045165 -1.5452977
6.0947618 -1.1627339
5.8966722 0.1041663
4.6391554 -1.1847355
3.3822455 -0.9175416
3.6457989 0.3761974
1.5273160 -1.0338094
0.0638197 -1.2758403
0.3976203 -0.2889767
-1.6110271 -1.7808772
-3.7095938 -2.1273825
-3.4674599 -0.5292947
-5.4751782 -1.8396966
-8.4276867 -2.9724886
-7.9222484 -1.5725193
-9.8182039 -1.3790842
-10.3402309 -2.9210913
-10.9453564 -1.6056910
-9.2314854 -2.1592376
-8.1177340 -1.2100556
-8.6356373 -0.5394490
-7.3482151 -1.2768011
-6.7615771 -0.5743482
-6.9950399 -0.0653443
-6.2380900 -0.6513903
-5.8173804 -0.2563646
-5.9487433 0.1166780
-5.4488668 -0.2889119
-5.1794891 -0.0953991
-5.2419553 0.1530636
-4.9390755 -0.1068089
-4.9092584 -0.0329953
-4.9159198 0.1031610
-4.6088037 -0.0284764
-5.2936358 -0.0154225
-5.2900982 0.0160595
0.0000000 0.0000000
0.0000000 0.0000000
-17.8533211 -0.1125294
-17.6504173 -0.2210633
-14.6618528 -0.2738202
-15.9827070 -0.3915018
-15.8794155 -0.8053747
-16.3645039 -0.6615218
-16.5870113 -0.3903607
-16.4329128 -1.1063242
-14.5735741 -1.3253512
-11.0189171 -1.2863841
-10.5384007 -2.3500998
-6.7886868 -2.5105119
-3.7563100 -3.5017478
-3.1621599 -4.0289288
-0.8272736 -3.8441219
2.1017628 -4.2563615
2.4500256 -4.8189368
4.7411799 -4.3974457
6.6758423 -5.0675058
7.0236406 -5.5197811
8.6528883 -5.1540432
10.9164972 -5.9058447
11.4611654 -6.4962459
14.0192375 -5.8025846
22.3222122 -7.2681785
23.6872559 -7.8980136
28.9500732 -7.2936854
30.5644646 -5.5297308
28.5707664 -3.8334887
25.0205135 -3.8085766
18.7033443 -2.7866523
15.2518425 -1.8063140
12.2237139 -1.4416621
10.9107704 -0.7312493
10.2052193 0.3375414
10.0105190 -0.4329200
8.3907442 0.4034985
7.7760782 1.4741462
6.7055717 0.7097248
5.4780579 1.4001423
5.0313940 2.5952044
4.3419223 0.8549814
3.8023517 1.5707622
4.1639233 2.7617528
2.0122874 1.3213347
0.1285969 1.1613842
0.5278350 2.8117137
-1.2667786 1.0881852
-3.2468185 0.8741370
-2.7725565 2.1063535
-4.9810147 0.5649680
-7.2560391 -0.3174126
-6.9305224 1.1614479
-9.5230103 0.5683330
-11.1008549 -0.1370204
-11.0445347 1.2162350
-10.3321209 -0.0057365
-8.8272467 0.4209251
-8.8807201 1.3863028
-7.7813253 0.2586675
-7.0656657 0.5443527
-7.0733380 1.1661310
-6.4458499 0.3914034
-5.9380918 0.5534415
-5.8964100 0.9861966
-5.5120459 0.4196802
-5.1900768 0.4523338
-5.1038260 0.7410212
-4.8989339 0.3385142
-4.8434701 0.2715332
-4.7230620 0.4295243
-4.4963508 0.1866703
-5.2216172 0.0555393
-5.0903425 0.0915861
0.0000000 0.0000000
0.0000000 0.0000000
-17.0806351 -0.3780065
-16.3454514 -0.5362767
-14.1962337 -0.8788176
-15.5461254 -1.3584213
-15.0121603 -2.0447478
-16.1641464 -1.6884103
-15.9454088 -2.0132873
-15.3740253 -3.2052274
-12.8110657 -3.8656163
-9.1881618 -3.5575914
-8.3010569 -5.1568317
-5.6572084 -3.9378574
-2.9077759 -5.0752192
-3.4481440 -5.8940086
0.3101966 -5.1244307
3.0935340 -5.7068954
2.2291265 -6.4286480
5.4847302 -5.6074371
7.5600219 -5.9789519
7.7249112 -6.5015597
9.3147078 -6.2260175
11.7664032 -6.4397840
12.0153494 -5.8595691
16.3764801 -6.3560414
21.1540966 -7.5671802
23.8529434 -8.4111958
27.7487030 -8.8703089
28.6056423 -8.9336557
27.2568626 -8.5148067
21.1617584 -5.4541526
13.2080088 -0.3490200
11.7661810 0.1095959
10.6025848 0.2156200
9.8035364 1.3518763
9.3731289 1.9128643
8.6707067 1.4503084
7.1931190 2.5597420
6.6162815 3.5212369
5.7690964 3.0120389
4.5737071 3.6240256
4.4086418 4.3323841
4.1210980 3.2606549
3.8302445 3.8353612
3.3906136 4.7423673
2.1255105 3.8309131
0.4694819 3.8622675
0.8013312 5.4452205
-1.0297108 4.0204034
-2.7648590 3.6347315
-2.8080540 6.2332630
-4.0443521 3.8485181
-7.0011797 3.3223689
-6.3569150 5.5868969
-9.5074911 3.7098715
-10.8879118 2.7748060
-11.1033535 4.0634556
-10.1666307 2.4111650
-8.5560465 2.4034133
-8.2453327 3.2426894
-7.6170893 1.8799564
-6.9244828 1.8253987
-6.7746511 2.4754076
-6.2758508 1.5368623
-5.7424030 1.4685675
-5.5764294 1.9401050
-5.2668037 1.2101279
-4.9264612 1.0672473
-4.6831093 1.3784254
-4.5949636 0.8377765
-4.5347929 0.6114513
-4.2483182 0.7837064
-4.1679506 0.4292035
-4.8852401 0.1358803
-4.6046352 0.1727088
0.0000000 0.0000000
0.0000000 0.0000000
-15.2674437 -0.7995408
-13.3514385 -1.1165013
-13.1437483 -2.0638068
-14.2699480 -2.9938035
-13.0757084 -4.1979423
-14.9322205 -3.6956482
-14.5118561 -4.3847265
-13.7524338 -5.8781877
-11.0055256 -6.5635743
-7.7163653 -6.3755851
-7.2913151 -7.4536791
-4.8981194 -6.4755578
-2.1922219 -6.7161102
-3.0885065 -8.3214626
0.8970436 -6.3616962
3.3539193 -6.9381561
2.7771688 -7.8246732
5.4717169 -6.6221943
7.2722836 -6.8429270
6.8052111 -6.6623468
8.7697544 -6.1672201
11.8006220 -6.2863054
12.4682293 -6.8754325
18.5840397 -6.8827205
25.7985916 -6.5396934
25.8441391 -5.9673376
24.1838627 -3.9344721
21.0234871 -1.9383560
17.2079659 -1.5263985
15.4103346 -1.6960495
10.1372614 0.0168912
8.0971651 0.0066475
9.3837500 1.0251095
8.2334957 2.3442712
6.8085399 2.7365372
7.0951743 2.9373860
5.8339849 4.2626991
5.1601062 5.0703688
4.9637985 4.6883473
4.2826095 4.9259973
3.8389997 6.0609026
3.8100140 5.2104588
3.0730355 5.8210549
1.9153281 7.2770848
1.7233131 6.2386618
-0.0951847 6.5023952
0.0097434 7.1085534
-1.7139000 6.9623861
-3.0991676 7.6999125
-2.1241570 8.6721830
-4.4708886 7.7616229
-5.6026568 7.1780143
-4.7495279 8.5498590
-8.1376219 7.4914784
-10.1647072 5.9329538
-9.0362616 7.4673214
-8.8702850 4.7961283
-7.7121906 4.3139849
-6.8118582 5.9045253
-6.9934478 3.7744226
-6.3794117 3.4306841
-5.8031268 4.7995176
-5.7844725 2.9863446
-5.2196679 2.6422596
-4.6761432 3.5576646
-4.7157936 2.2028120
-4.3537049 1.8185773
-3.8713107 2.3691649
-3.9969757 1.4346988
-3.9472501 1.0136217
-3.4813170 1.3189372
-3.5614583 0.7075945
-4.2740850 0.2201440
-3.7879250 0.3240676
0.0000000 0.0000000
0.0000000 0.0000000
-11.5323925 -1.6470046
-8.0881090 -1.9863769
-10.6386337 -3.9418952
-11.8664236 -6.0749497
-8.8892450 -7.8948674
-12.8374929 -7.7958317
-12.7705116 -8.7513199
-10.2207031 -12.3934126
-10.3428335 -10.5431013
-6.7175732 -9.5609646
-8.1149282 -12.1173973
-4.8922787 -9.1474686
-2.5734856 -9.1612234
-2.4770489 -12.3086405
0.4158655 -8.9571629
2.7774973 -9.1042452
2.1169882 -11.9796000
4.8824978 -7.9518237
5.9705129 -8.3508883
5.5870914 -8.9774981
8.7503920 -6.9067874
12.9972897 -7.9036245
13.4145250 -9.1762028
17.8698654 -8.5423841
21.6728020 -9.3598661
22.2538319 -8.4838476
24.1060867 -10.1695042
19.2815456 -3.7917006
12.7886076 1.0045050
10.1055326 -0.1743844
7.3795905 1.6707062
4.9759679 2.3020968
7.1661549 3.3192613
5.8089285 3.7872791
4.1979923 4.8590379
5.0112839 4.6394978
4.3664565 6.2666130
3.5607033 7.9214802
3.7238133 7.1251936
3.0542166 7.9689231
2.9186764 10.1603785
2.5227084 8.6467533
1.9721727 9.3965883
1.8473032 12.1868782
1.1596416 10.1837187
-1.2166065 11.0034409
-1.6228594 15.7250061
-2.8562722 10.4326019
-3.3802857 10.2690001
-4.3928943 14.5071306
-4.1116967 10.3678513
-5.0405984 11.0343800
-6.6734486 14.8522148
-6.8513517 11.8193235
-7.9915805 10.2390852
-7.3097439 13.8689508
-7.1003876 9.1751442
-6.3352737 8.4035578
-5.6133900 11.4765253
-5.7468634 7.5116410
-5.1875062 6.7255039
-3.7127733 8.7411690
-4.4807496 5.5986729
-4.0128450 4.7116895
-2.6104388 6.0271931
-3.5720837 3.8221190
-3.2882996 3.0378408
-2.2221575 3.8991566
-3.0219514 2.3489432
-2.9490492 1.7331532
-2.1439841 2.2041817
-2.6650648 1.1222987
-3.2089655 0.4592755
-2.3853645 0.5796813
0.0000000 0.0000000
0.0000000 0.0000000
-5.2516022 -1.9903580
-2.5507898 -1.4613469
-5.2704358 -5.0644941
-6.5667839 -8.8741379
-3.6135080 -7.3308258
-7.8367023 -12.2006693
-8.6595240 -15.5425930
-6.1226292 -14.6255655
-10.5682459 -16.0552654
-7.2336521 -19.2486324
-4.5335960 -20.8530293
-5.9758592 -19.4736977
-3.0772476 -17.0458813
-1.0542766 -21.6514721
-1.8901882 -16.0181828
-0.3986907 -14.6935863
2.5686927 -20.0824795
2.0135911 -12.7430000
3.4091055 -13.5301437
6.3319283 -17.9601383
8.0034523 -11.8309097
14.0753775 -11.5692310
11.7301998 -14.3404398
17.7760029 -7.8432097
15.7682085 -3.5686607
15.1606569 -4.7735558
12.9149618 -1.8453294
12.2338285 2.7404959
13.0474491 1.3344585
6.2618260 3.6180792
3.7057416 6.9965630
3.9200435 9.9508963
3.8283002 9.6217995
2.8787615 9.3910589
1.1139159 11.4345531
2.6825140 10.7773943
2.0034947 11.7882214
1.1847010 14.3508720
1.4824915 12.5993643
1.2126782 14.2584620
0.1648080 16.5343380
0.5083113 15.2599611
-0.7765251 16.0279522
0.9913261 17.5263996
-1.3107349 16.1880856
-1.6882830 16.8209763
-0.0803462 18.3581009
-1.8597169 17.1566162
-3.3356149 18.2509747
-1.9115236 21.9444828
-5.7116385 18.3121815
-6.2808490 18.0290432
-3.9102912 21.0239410
-5.9894052 17.5989094
-5.6756186 16.8608932
-3.0801108 15.5665369
-4.8937640 15.2594318
-3.8857090 12.8800974
-1.7286631 10.3030071
-2.8177819 10.9228220
-2.2126055 9.0286083
-1.0352544 7.0914202
-1.7570008 7.4101930
-1.5417504 6.1366553
-0.7854959 5.1278157
-1.4737055 4.9256358
-1.4047824 4.0162363
-0.7178702 3.5445793
-1.4029362 3.0189943
-1.3789387 2.3297257
-0.6930755 2.1837573
-1.3022608 1.3140987
-1.2686878 0.6089179
-0.7657247 0.3163638
0.0000000 0.0000000
0.0000000 0.0000000
0.1070376 -0.9170297
0.0000000 0.0000000
-0.1946307 -1.5318031
-0.6584356 -2.8696897
0.0000000 0.0000000
-1.4867123 -4.1226330
-2.7978001 -7.3508363
0.0000000 0.0000000
-2.6653335 -12.1927595
-3.3264456 -14.9860802
0.0000000 0.0000000
-3.8576322 -20.5553379
-3.1686552 -24.6992989
0.0000000 0.0000000
-1.4755207 -26.1203823
-1.6620394 -28.8814869
0.0000000 0.0000000
1.0667940 -27.1528912
1.0669783 -26.8453407
0.0000000 0.0000000
3.0862150 -21.3193302
4.2394590 -15.8306675
0.0000000 0.0000000
5.3036890 -9.1049547
6.4989347 1.7003220
0.0000000 0.0000000
0.9313786 9.8808432
1.2434778 17.8570042
0.0000000 0.0000000
1.4146492 16.3869381
2.0878503 20.2607460
0.0000000 0.0000000
1.1672413 24.0557652
-0.1418320 23.0389423
0.0000000 0.0000000
-0.3082372 26.6638317
0.1767330 24.7077808
0.0000000 0.0000000
-0.6930040 25.6125031
0.8365190 26.7665730
0.0000000 0.0000000
0.5709075 23.3660088
-1.5737165 26.4070492
0.0000000 0.0000000
-2.5179605 25.1274090
-1.6087857 23.8037968
0.0000000 0.0000000
-2.5096228 19.4262848
-2.7522292 17.8265038
0.0000000 0.0000000
-2.6116180 14.1188364
-2.2145758 10.3883352
0.0000000 0.0000000
-1.3710946 7.4583325
-0.7711790 5.1254597
0.0000000 0.0000000
-0.4049173 3.9164169
-0.1910006 2.9690788
0.0000000 0.0000000
-0.0349621 2.5643685
0.0084083 2.2256916
0.0000000 0.0000000
0.0281218 2.0196252
-0.0060647 1.9004059
0.0000000 0.0000000
-0.0489334 1.6338180
-0.0860800 1.5033720
0.0000000 0.0000000
-0.1601404 1.1435044
-0.1162827 0.8901114
0.0000000 0.0000000
-0.1914246 0.5643077
0.4904003 0.7012221
0.0000000 0.0000000
0.0000000 0.0000000
17.81587
18.30498
20.29056
20.40008
17.20175
13.54898
9.497904
4.785756
-2.233793
-14.70203
-41.38332
-100.7384
-180.7498
21.84034
-60.88776
-15.78983
-4.058376
4.678405
9.481822
11.93534
13.05713
13.4473
13.51587
13.47036
13.31914
13.1834
17.49045
17.54281
19.28017
19.18496
16.2235
12.9956
9.43472
5.086373
-1.291725
-12.0437
-34.36839
-105.5478
-141.8757
37.18694
-114.9841
-22.51311
-4.100876
5.541989
10.1112
12.26807
13.22496
13.54441
13.56468
13.49782
13.30785
13.2078
15.55829
15.5538
16.64177
15.92614
13.90484
11.70494
8.829169
5.279775
0.5757863
-6.066291
-14.62491
-28.06602
-60.44174
-44.00105
-95.17217
-24.33075
-0.771093
7.936477
11.71537
13.23131
13.74207
13.78563
13.61349
13.42301
13.18651
13.09414
13.58908
13.6111
13.64968
12.74659
11.32745
9.708604
7.485015
5.065117
2.519401
-0.1792915
-4.392393
-23.29587
28.37305
44.66874
-18.17778
-8.523257
7.589562
12.56352
14.3072
14.70577
14.51851
14.12345
13.67583
13.30345
13.01637
12.88892
11.41978
11.46447
10.40941
9.490515
8.231814
6.872201
5.326284
4.1197
3.900233
5.593813
10.48855
28.18564
43.57697
88.02194
39.71769
19.0392
18.39662
18.29663
17.45192
16.4205
15.38301
14.45757
13.68667
13.10185
12.72656
12.55803
8.707227
8.630144
6.674328
5.697489
4.350585
3.057105
1.97649
1.723925
3.27878
8.36843
18.1679
37.99619
24.87963
51.3891
21.84944
26.56888
25.08677
23.10777
20.34961
17.9984
16.11149
14.64499
13.54235
12.74867
12.26953
12.06514
4.957417
4.689138
2.181285
1.008864
-0.581663
-2.054451
-3.145795
-3.273043
-1.153918
5.221283
16.3936
35.01321
31.89953
20.02778
43.85904
36.65152
30.9587
26.57572
22.45065
19.05344
16.4523
14.51957
13.12764
12.16061
11.59059
11.36146
-0.05484359
-0.5533309
-3.287736
-4.825531
-6.873878
-8.932475
-10.86086
-12.20855
-11.18
-5.357974
5.017265
20.47807
23.31618
51.45972
64.69538
47.14584
36.58721
28.99381
23.49053
19.29054
16.17836
13.92105
12.33183
11.25762
10.63312
10.39141
-6.34292
-7.033988
-9.842731
-11.94579
-14.76127
-17.9907
-22.06851
-26.05602
-26.76707
-21.75742
-12.16415
2.584016
24.32866
56.46721
81.26256
51.60395
39.06512
29.3281
22.96477
18.40253
15.0897
12.71394
11.06596
9.97533
9.349236
9.108671
-13.70988
-14.53409
-17.43461
-20.3202
-24.24834
-29.40741
-37.02393
-43.36246
-44.64212
-39.84152
-31.62512
-21.91565
-4.616136
55.75929
56.74876
41.51776
33.29248
26.14802
20.50956
16.20692
13.05831
10.81274
9.277561
8.280178
7.712895
7.485653
-21.81668
-22.7469
-25.83542
-29.68607
-35.03663
-42.84113
-53.46983
-60.28362
-61.03558
-56.33848
-48.75993
-43.09282
-40.798
8.630974
27.05545
28.51444
24.82383
20.22138
16.04505
12.59924
10.01757
8.181752
6.950298
6.163465
5.722191
5.520499
-30.27812
-31.26894
-34.6808
-39.55013
-46.45741
-56.89014
-68.02638
-73.87246
-73.3219
-68.52912
-60.39816
-54.11346
-52.09333
2.242013
10.11856
15.44795
14.59857
12.29817
9.798551
7.61285
5.963976
4.82379
4.095649
3.644531
3.402673
3.243685
-38.76379
-39.83414
-43.52352
-49.30031
-57.61923
-70.02435
-79.83271
-83.83993
-82.32976
-76.91007
-69.9034
-53.79674
-12.62
9.13882
4.665504
3.55185
3.13066
2.53219
1.818849
1.266293
0.9153697
0.7744042
0.7619801
0.7816546
0.8155428
0.7228686
-46.71052
-47.9232
-51.88975
-58.45285
-67.80415
-80.82836
-89.13898
-91.66432
-89.8253
-82.41333
-76.53186
-68.79188
-55.18301
-21.52897
-16.2304
-14.22109
-11.96433
-9.853787
-8.129141
-6.483852
-5.084936
-3.86998
-2.938551
-2.310026
-1.932491
-1.929654
-53.49326
-54.91446
-59.23315
-66.58873
-76.92254
-89.33834
-96.00406
-98.23474
-96.93097
-87.5182
-69.22746
-57.51128
-45.66399
-48.42966
-46.9339
-42.67639
-33.94691
-25.89966
-20.22309
-15.61993
-11.87443
-8.910264
-6.807261
-5.442856
-4.670376
-4.544739
-58.35368
-60.10262
-65.14818
-73.6291
-85.36072
-96.65566
-100.7514
-102.6709
-105.4259
-104.2858
-94.97311
-77.16352
-74.63436
-84.33009
-84.24648
-78.96685
-64.31774
-46.4985
-34.44573
-26.00505
-19.0443
-13.97796
-10.52727
-8.338331
-7.138363
-6.861556
-60.24116
-62.61243
-68.64002
-78.91337
-92.06448
-100.9851
-102.8367
-102.731
-105.3066
-118.3806
-120.126
-128.7586
-117.1817
-118.8346
-118.9464
-112.5016
-98.52753
-72.53372
-49.991
-36.99574
-26.01931
-18.57915
-13.67412
-10.62447
-9.003486
-8.544339
-57.38578
-60.63922
-68.75814
-82.60831
-98.67542
-103.7165
-101.9961
-99.24748
-98.46942
-100.5253
-122.4773
-132.7261
-132.9935
-137.9551
-139.7533
-135.2701
-124.2582
-99.71093
-68.00445
-47.01748
-31.80054
-22.0089
-15.69346
-11.82735
-9.8159
-9.200083
-48.07911
-51.73387
-63.27699
-84.34008
-103.4807
-105.5707
-99.06753
-91.12814
-83.23683
-82.37012
-112.6275
-133.0925
-136.4182
-142.8889
-146.5175
-145.8742
-137.1655
-119.3994
-85.07478
-54.7149
-35.4015
-23.53952
-15.99867
-11.43732
-9.057816
-8.382253
-30.58277
-35.03255
-50.93413
-77.84575
-95.80528
-100.9546
-91.99405
-80.18096
-71.1876
-71.76749
-82.99623
-106.2872
-121.3775
-134.2598
-142.9917
-148.0384
-145.4095
-131.0568
-99.13464
-59.1173
-35.86086
-22.33968
-14.06693
-9.17476
-6.604684
-5.906911
-3.092613
-9.034403
-30.8229
-69.86341
-86.99143
-91.3506
-80.64203
-64.21038
-45.00942
-36.95206
-67.29099
-85.37701
-100.7796
-117.8668
-130.9438
-143.7168
-144.248
-132.0137
-103.8955
-56.03741
-32.35183
-18.02972
-9.683841
-5.020837
-2.645512
-1.983365
35.8577
28.24281
1.20165
-53.42075
-78.75523
-79.14683
-64.50618
-45.69408
-26.39432
-14.95788
-16.13698
-42.46444
-70.42574
-95.92182
-115.5315
-132.4024
-136.7228
-131.3174
-99.72813
-49.41961
-25.36975
-11.07199
-3.346976
0.6185963
2.488294
2.945549
85.74221
76.66356
43.21487
-20.89123
-56.63914
-65.18625
-44.02285
-21.64333
6.806235
23.15352
5.721715
-15.60438
-43.67119
-74.6709
-99.92991
-121.3839
-120.8219
-108.3355
-83.18348
-35.23257
-12.83663
-0.9660339
4.303708
6.627721
7.814519
8.362579
129.7009
125.3654
93.53276
21.43579
-35.96783
-53.44209
-23.75468
8.493187
63.43321
110.0148
62.04649
15.47965
-15.61576
-53.06729
-86.12808
-109.5295
-113.0466
-97.8088
-67.4066
-26.79191
-2.896736
7.220451
10.55787
11.49582
11.78257
12.53562
145.3747
139.7809
119.8431
78.24191
19.3244
-0.3438414
20.05968
103.6421
205.9718
232.4365
140.2888
32.79912
5.104388
-33.35505
-71.63869
-85.40551
-85.95094
-60.46103
-39.58745
-20.04408
-5.055758
5.097092
10.21549
12.01185
11.89754
11.30253
140.3124
136.5355
120.1011
89.69247
61.2306
15.27499
75.63845
205.1222
394.464
394.7467
252.7547
78.41924
17.1927
-13.76478
-89.2976
-75.17318
-66.40259
-51.52027
-38.99251
-21.34043
-6.781866
3.586729
9.412141
11.83457
11.11713
0
