0.0000000 0.0000000
0.0000000 0.0000000
0.0000000 0.0000000
0.0000000 0.0000000
0.0000000 0.0000000
0.0000000 0.0000000
0.0000000 0.0000000
0.0000000 0.0000000
0.0000000 0.0000000
0.0000000 0.0000000
0.0000000 0.0000000
0.0000000 0.0000000
0.0000000 0.0000000
0.0000000 0.0000000
0.0000000 0.0000000
0.0000000 0.0000000
0.0000000 0.0000000
0.0000000 0.0000000
0.0000000 0.0000000
0.0000000 0.0000000
0.0000000 0.0000000
0.0000000 0.0000000
0.0000000 0.0000000
0.0000000 0.0000000
0.0000000 0.0000000
0.0000000 0.0000000
0.0000000 0.0000000
-0.9065188 0.5534109
-0.7291368 1.3417468
-0.8225099 2.1371310
-0.9281061 3.0102270
-1.0663760 3.9976671
-1.2266847 5.1084547
-1.4101162 6.3565969
-1.6587315 7.7524052
-2.1359107 9.3174448
-3.1669154 11.2599649
-6.5723200 13.4709272
9.3583708 14.6783504
15.4772797 -9.7388763
-4.9911590 -8.6613846
-2.0712805 -7.4970975
-0.9761295 -6.0577250
-0.7293942 -5.2583466
-0.7300549 -4.4648147
-0.7158048 -3.6900764
-0.6754767 -2.9480491
-0.6281228 -2.2648165
-0.5816354 -1.6388355
-0.5394216 -1.0675845
-0.6148294 -0.4684819
0.0000000 0.0000000
0.0000000 0.0000000
-1.7703427 0.6034026
-1.5148209 1.3273451
-1.6660454 2.1038358
-1.8592302 2.9482043
-2.0965178 3.9106655
-2.3686171 5.0058317
-2.6771791 6.2415609
-3.0591168 7.6082239
-3.6432126 8.9157372
-5.0718226 9.5761719
2.7764604 8.8864965
16.9306831 8.8423920
27.3749828 -5.9438796
7.6771216 -5.9395552
-3.0776184 -7.0157657
-1.7992840 -6.0280671
-1.5146928 -5.2106004
-1.5197190 -4.4394574
-1.5079758 -3.6217897
-1.4127358 -2.8755445
-1.2948693 -2.2005470
-1.1913902 -1.5831091
-1.1060367 -1.0320495
-1.2391711 -0.4465973
0.0000000 0.0000000
0.0000000 0.0000000
-2.4281824 0.5696702
-2.2393894 1.1889994
-2.4320943 1.8941896
-2.7238870 2.6785016
-3.0833168 3.6073971
-3.4900756 4.7195301
-3.8879008 6.0191369
-4.3203354 7.4113307
-4.8613977 8.8803291
-5.5626445 9.4109554
-3.6048851 5.2190051
23.7978992 5.5350361
33.6981850 -6.0399222
1.3775798 -3.8879447
-2.1025126 -6.9710879
-2.6107316 -7.0261855
-2.4474356 -5.6892991
-2.5139773 -4.4591966
-2.3489761 -3.5380931
-2.1397579 -2.7549129
-1.9335620 -2.0729277
-1.7644221 -1.4719788
-1.6422642 -0.9423872
-1.7333252 -0.4148718
0.0000000 0.0000000
0.0000000 0.0000000
-2.8942103 0.5109139
-2.8678043 1.0155461
-3.1163142 1.6149832
-3.5229516 2.2919955
-4.0591745 3.1054199
-4.6943259 4.1457667
-5.2590919 5.5883574
-5.7057939 7.5289092
-7.1177588 8.8306532
-2.1832247 6.9950309
7.4715810 -4.0334344
20.4294014 2.8572717
30.0294800 -5.2614651
5.9703870 -3.3655994
-0.2888500 -6.8119621
-3.5562620 -7.4400702
-4.2498679 -6.1118860
-3.7415206 -4.4428020
-3.2926273 -3.3823607
-2.8755610 -2.5431421
-2.5423052 -1.8640743
-2.2915006 -1.3001498
-2.1300035 -0.8133267
-2.0936322 -0.3635885
0.0000000 0.0000000
0.0000000 0.0000000
-3.1740184 0.4276838
-3.3569548 0.8155115
-3.6742551 1.2848781
-4.1800399 1.8313886
-4.8985662 2.5032849
-5.8761930 3.3702905
-7.1503954 4.5482206
-8.4755383 6.3080387
-4.8188934 6.8054733
2.3764727 2.7454824
13.6735945 -4.1288810
21.5538559 1.3555301
27.8323898 -3.8940232
9.5683155 -3.7301273
1.6682043 -5.4565172
-3.8815892 -6.4228721
-6.3083925 -4.7694154
-5.1554432 -4.0137062
-4.2409668 -2.9807982
-3.5711410 -2.1512909
-3.0857339 -1.5330305
-2.7454350 -1.0503685
-2.5306847 -0.6447404
-2.3402858 -0.2906186
0.0000000 0.0000000
0.0000000 0.0000000
-3.3026989 0.3178754
-3.6818755 0.5798655
-4.0689435 0.9010038
-4.6571641 1.2870778
-5.5158396 1.7910500
-6.7872286 2.5124400
-8.9971571 3.2410455
-8.9349012 2.3956354
-1.9150394 3.8719053
4.2400346 2.2321346
17.4719601 -5.7362347
25.1370068 0.6336408
25.3732872 -3.4768407
11.0295954 -2.7303619
3.6689360 -3.4138420
-2.9385703 -4.2629943
-7.3156104 -2.4897261
-6.5569525 -2.7032824
-5.0113502 -2.1229239
-4.1176858 -1.5080492
-3.5065258 -1.0605143
-3.0896859 -0.7218428
-2.8169060 -0.4404273
-2.4999156 -0.1984814
0.0000000 0.0000000
0.0000000 0.0000000
-3.3256960 0.1846834
-3.8403132 0.3010265
-4.2642689 0.4339229
-4.8881545 0.5865408
-5.8163190 0.7456859
-7.1857605 1.1038475
-9.9955673 1.1802328
-8.2221279 -0.7066868
-1.8147597 1.0213948
4.8600349 0.4916558
19.9127445 -6.2004952
26.1498032 -1.2371452
24.0267239 -3.0145636
10.3843060 -1.7097296
4.9935932 -1.2503200
-2.8789313 -1.3743259
-7.9359484 -0.4716412
-7.3392277 -0.8996301
-5.4743209 -0.8943889
-4.4354515 -0.6815509
-3.7517383 -0.4989707
-3.2928982 -0.3511150
-2.9827101 -0.2182675
-2.5958335 -0.0939709
0.0000000 0.0000000
0.0000000 0.0000000
-3.3020077 0.0450999
-3.8495750 -0.0095861
-4.2514682 -0.0853763
-4.8330321 -0.1952729
-5.7144580 -0.4291535
-7.0224967 -0.8105895
-9.7037535 -1.8158516
-7.7503295 -3.4805930
-0.5647222 -3.4275355
9.4499598 -3.4801924
20.4607544 -8.1504135
26.3077507 -1.9524542
23.0722923 -2.2147081
9.2549868 -1.0204519
4.0619478 0.3384780
-3.5589590 1.3609986
-7.5450220 2.0726473
-7.0776062 0.9831726
-5.4625325 0.4062442
-4.4482818 0.1696314
-3.7869418 0.0621232
-3.3427048 0.0145752
-3.0379417 0.0011937
-2.6498916 0.0073677
0.0000000 0.0000000
0.0000000 0.0000000
-3.2314868 -0.0913100
-3.7067347 -0.2896835
-4.0387592 -0.5398613
-4.5059438 -0.8737696
-5.1887188 -1.4103298
-6.1448975 -2.1631887
-7.8849740 -4.0380855
-6.7390094 -6.5173030
1.0664037 -8.4828901
11.7847881 -8.3675289
17.8785515 -5.5146389
24.5617504 -2.0318615
20.5461349 -0.7943960
10.9061689 0.6083997
1.4058621 3.6322091
-3.7831359 4.0510025
-7.6786437 4.2567096
-6.1965384 2.2559934
-5.0073085 1.3907120
-4.1792755 0.8770653
-3.6202683 0.5503520
-3.2409427 0.3397787
-2.9743783 0.1991247
-2.6099949 0.0973229
0.0000000 0.0000000
0.0000000 0.0000000
-3.0389628 -0.2028458
-3.4323912 -0.5086265
-3.6709700 -0.8816906
-3.9841154 -1.3661053
-4.3990164 -2.1057765
-4.9083776 -3.1370924
-5.6962080 -5.0728474
-4.7284894 -7.8737717
0.8801010 -8.5106344
8.6226034 -7.0550647
14.5485926 -6.6497736
22.5703087 -1.2067304
19.1632156 -0.9569884
9.1038628 5.0752954
1.8656156 5.6252022
-3.2771149 5.9018359
-5.7756100 4.8499384
-4.9217019 3.0170054
-4.2415500 2.0159774
-3.6991248 1.3635839
-3.2992103 0.9152782
-3.0154853 0.5953088
-2.8067281 0.3585896
-2.4775710 0.1689571
0.0000000 0.0000000
0.0000000 0.0000000
-2.7580941 -0.2821940
-3.0701795 -0.6557555
-3.2094738 -1.0990932
-3.3644054 -1.6571138
-3.5314245 -2.4486988
-3.6790376 -3.4659023
-3.7398763 -5.1643100
-3.3769178 -6.7257829
0.7451586 -8.8202839
6.2954459 -6.9705582
13.4841719 -3.8876145
16.2777004 0.1338043
13.5064640 1.4000986
7.5680366 5.6045594
0.2061388 8.3934736
-2.9986014 7.4784136
-3.2639096 4.9624186
-3.4352419 3.3960452
-3.3163114 2.3475060
-3.0935547 1.6451364
-2.8793097 1.1437624
-2.7062180 0.7663178
-2.5630999 0.4693162
-2.2750833 0.2183831
0.0000000 0.0000000
0.0000000 0.0000000
-2.4252529 -0.3273970
-2.6634557 -0.7289266
-2.7145042 -1.1898977
-2.7343669 -1.7442776
-2.7031260 -2.4560823
-2.5711749 -3.3015177
-2.2231548 -4.4011679
-1.4378998 -5.5627561
0.9399325 -6.8569970
4.5411491 -5.6003566
8.6838436 -1.9194094
11.0367699 2.1997094
9.3746958 5.6350746
4.5069094 8.9276142
0.6294369 7.8073735
-0.9481904 5.8375506
-1.8313137 4.4296007
-2.2661791 3.2990286
-2.4343855 2.4193535
-2.4645007 1.7503576
-2.4184363 1.2494229
-2.3522015 0.8557662
-2.2736158 0.5310104
-2.0277162 0.2454818
0.0000000 0.0000000
0.0000000 0.0000000
-2.0737615 -0.3414989
-2.2499754 -0.7376447
-2.2322333 -1.1754537
-2.1526885 -1.6740130
-1.9852257 -2.2549033
-1.6765240 -2.8989692
-1.1182200 -3.5943840
-0.1081098 -4.2907858
1.4079467 -4.5618782
3.2049062 -4.5268464
5.4974079 -2.5787988
6.5346103 0.9703574
5.8027697 2.9268713
3.7615371 4.4261193
1.5113373 4.9210057
0.0216370 4.4300933
-0.9093005 3.6759212
-1.4501277 2.9302735
-1.7401472 2.2711697
-1.9011507 1.7125045
-1.9710710 1.2551113
-1.9891608 0.8760394
-1.9652733 0.5497690
-1.7595971 0.2533515
0.0000000 0.0000000
0.0000000 0.0000000
-1.7300533 -0.3307588
-1.8579243 -0.6983378
-1.7944398 -1.0888823
-1.6544716 -1.5095448
-1.4175174 -1.9613681
-1.0373578 -2.4220977
-0.4393979 -2.8603120
0.4232972 -3.1703291
1.5464263 -3.1913586
2.6116273 -2.7175667
3.7097254 -1.6121854
4.2737570 0.3240075
3.8664758 1.6671482
2.8333464 2.7222776
1.5623116 3.2485433
0.4491591 3.2349918
-0.3690898 2.9081004
-0.9006804 2.4650574
-1.2286717 2.0070302
-1.4421954 1.5749665
-1.5734597 1.1872501
-1.6453494 0.8442536
-1.6606278 0.5353755
-1.4906633 0.2465936
0.0000000 0.0000000
0.0000000 0.0000000
-1.4129885 -0.3035547
-1.5046277 -0.6296396
-1.4173807 -0.9637944
-1.2512242 -1.3053236
-0.9949468 -1.6464831
-0.6163127 -1.9641904
-0.0807444 -2.2166259
0.5817596 -2.3375030
1.3337194 -2.2355886
2.0454135 -1.7933486
2.6506147 -0.9927685
2.9589241 0.1706935
2.7510676 1.0845258
2.1389272 1.8028589
1.3527138 2.2448492
0.5806998 2.3704965
-0.0659046 2.2581644
-0.5399297 2.0115356
-0.8605683 1.7079457
-1.0846752 1.3878167
-1.2387537 1.0748137
-1.3373435 0.7787257
-1.3755906 0.4986805
-1.2358210 0.2299738
0.0000000 0.0000000
0.0000000 0.0000000
-1.1329222 -0.2677889
-1.1990638 -0.5478805
-1.1037436 -0.8260588
-0.9362608 -1.0971000
-0.6918955 -1.3496042
-0.3527415 -1.5625659
0.0818710 -1.7016599
0.5756887 -1.7236906
1.0949262 -1.5773798
1.5634294 -1.2140651
1.9319814 -0.6365027
2.1047728 0.1093021
1.9844834 0.7453315
1.6119014 1.2566171
1.1051650 1.6049110
0.5706560 1.7600087
0.0834513 1.7478378
-0.3113208 1.6183152
-0.5988439 1.4214805
-0.8110642 1.1894951
-0.9654247 0.9434603
-1.0710694 0.6954364
-1.1192675 0.4498082
-1.0042424 0.2080370
0.0000000 0.0000000
0.0000000 0.0000000
-0.8936561 -0.2295111
-0.9418372 -0.4649293
-0.8496361 -0.6921133
-0.6948379 -0.9041201
-0.4792090 -1.0893686
-0.1947597 -1.2293613
0.1430544 -1.3009238
0.5070385 -1.2766048
0.8692752 -1.1299689
1.1859310 -0.8419511
1.4220814 -0.4248607
1.5245104 0.0795756
1.4506347 0.5321809
1.2144781 0.9077241
0.8785734 1.1802317
0.5048060 1.3281258
0.1441814 1.3588436
-0.1699451 1.2963958
-0.4148908 1.1702625
-0.6030342 1.0029858
-0.7452354 0.8118624
-0.8454992 0.6077037
-0.8949096 0.3967973
-0.8000279 0.1843044
0.0000000 0.0000000
0.0000000 0.0000000
-0.6943915 -0.1928078
-0.7293707 -0.3876342
-0.6469042 -0.5712367
-0.5120692 -0.7358935
-0.3307862 -0.8714107
-0.1029633 -0.9629432
0.1544253 -0.9953636
0.4219334 -0.9524823
0.6776651 -0.8215606
0.8965232 -0.5964599
1.0531929 -0.2905408
1.1172786 0.0644230
1.0687493 0.3944602
0.9144779 0.6759090
0.6865330 0.8895996
0.4231989 1.0199349
0.1574331 1.0667123
-0.0854304 1.0412225
-0.2855381 0.9607067
-0.4448968 0.8398970
-0.5685799 0.6914579
-0.6568239 0.5248122
-0.7014444 0.3457565
-0.6235384 0.1615373
0.0000000 0.0000000
0.0000000 0.0000000
-0.5310894 -0.1599867
-0.5562967 -0.3199490
-0.4858772 -0.4676170
-0.3742310 -0.5955681
-0.2275396 -0.6949542
-0.0499551 -0.7551231
0.1428420 -0.7658808
0.3388785 -0.7180824
0.5212262 -0.6063508
0.6736718 -0.4304832
0.7803413 -0.2016585
0.8226866 0.0567764
0.7890409 0.3028297
0.6854748 0.5180583
0.5286784 0.6870351
0.3418727 0.7982041
0.1477908 0.8488983
-0.0366155 0.8437705
-0.1948720 0.7922607
-0.3242542 0.7042624
-0.4263274 0.5884975
-0.4998290 0.4523821
-0.5359254 0.3009749
-0.4720715 0.1417213
0.0000000 0.0000000
0.0000000 0.0000000
-0.3982185 -0.1321192
-0.4161242 -0.2633825
-0.3585720 -0.3824567
-0.2692335 -0.4826499
-0.1551756 -0.5565408
-0.0202550 -0.5962533
0.1224485 -0.5956860
0.2641708 -0.5492333
0.3945804 -0.4555324
0.5010414 -0.3165006
0.5737256 -0.1414458
0.6022065 0.0530918
0.5794099 0.2410410
0.5079437 0.4089518
0.3996624 0.5446152
0.2675251 0.6387810
0.1267503 0.6880510
-0.0095724 0.6938710
-0.1308858 0.6613398
-0.2319093 0.5964994
-0.3116300 0.5055338
-0.3685201 0.3937261
-0.3942750 0.2652428
-0.3415644 0.1263351
0.0000000 0.0000000
0.0000000 0.0000000
-0.2902090 -0.1095213
-0.3018945 -0.2181277
-0.2571730 -0.3153247
-0.1886934 -0.3950078
-0.1029810 -0.4512601
-0.0043841 -0.4780483
0.0988248 -0.4716122
0.1997669 -0.4289255
0.2906528 -0.3500431
0.3646611 -0.2382822
0.4139677 -0.1004440
0.4321100 0.0510237
0.4167849 0.1991979
0.3680976 0.3335014
0.2930003 0.4446707
0.2012299 0.5251104
0.1014140 0.5712906
0.0030517 0.5829908
-0.0856171 0.5629565
-0.1603424 0.5149920
-0.2189510 0.4431576
-0.2584000 0.3510472
-0.2715984 0.2412206
-0.2262817 0.1172717
0.0000000 0.0000000
0.0000000 0.0000000
-0.2012292 -0.0920981
-0.2078034 -0.1837084
-0.1747285 -0.2647586
-0.1255989 -0.3298299
-0.0646610 -0.3739834
0.0041794 -0.3927449
0.0745351 -0.3834623
0.1435050 -0.3447474
0.2046456 -0.2773849
0.2531561 -0.1848357
0.2857227 -0.0726863
0.2971576 0.0497391
0.2858182 0.1708153
0.2538517 0.2819110
0.2036951 0.3754543
0.1416243 0.4454190
0.0743337 0.4883087
0.0070743 0.5032656
-0.0541473 0.4916590
-0.1051179 0.4562289
-0.1437685 0.3999543
-0.1661246 0.3253780
-0.1634070 0.2335424
-0.1131871 0.1248452
0.0000000 0.0000000
0.0000000 0.0000000
-0.1260758 -0.0796165
-0.1281655 -0.1584504
-0.1057751 -0.2273229
-0.0739649 -0.2816111
-0.0355999 -0.3169748
0.0075653 -0.3300289
0.0512682 -0.3196227
0.0930179 -0.2844682
0.1303954 -0.2259502
0.1592144 -0.1472342
0.1776004 -0.0531730
0.1842120 0.0490363
0.1767201 0.1507743
0.1563551 0.2451122
0.1258958 0.3255938
0.0877606 0.3871035
0.0462836 0.4264317
0.0052157 0.4425701
-0.0321684 0.4365232
-0.0628158 0.4106890
-0.0838871 0.3680981
-0.0894067 0.3135567
-0.0568770 0.2578996
0.0615020 0.2144651
0.0000000 0.0000000
0.0000000 0.0000000
-0.0606996 -0.0679694
-0.0577584 -0.1292817
-0.0462317 -0.1826897
-0.0307419 -0.2235099
-0.0125465 -0.2483765
0.0072203 -0.2552653
0.0274777 -0.2451423
0.0464531 -0.2159217
0.0627854 -0.1687282
0.0755907 -0.1064839
0.0830482 -0.0333433
0.0847891 0.0453776
0.0807813 0.1240095
0.0706584 0.1974172
0.0558980 0.2604207
0.0381941 0.3088818
0.0189781 0.3403066
0.0001786 0.3537247
-0.0164861 0.3509056
-0.0296956 0.3338235
-0.0372224 0.3051880
-0.0282013 0.2787268
0.0635198 0.3271495
0.3078753 0.4451366
0.0000000 0.0000000
0.0000000 0.0000000
0.0000000 0.0000000
0.0000000 0.0000000
0.0000000 0.0000000
0.0000000 0.0000000
0.0000000 0.0000000
0.0000000 0.0000000
0.0000000 0.0000000
0.0000000 0.0000000
0.0000000 0.0000000
0.0000000 0.0000000
0.0000000 0.0000000
0.0000000 0.0000000
0.0000000 0.0000000
0.0000000 0.0000000
0.0000000 0.0000000
0.0000000 0.0000000
0.0000000 0.0000000
0.0000000 0.0000000
0.0000000 0.0000000
0.0000000 0.0000000
0.0000000 0.0000000
0.0000000 0.0000000
0.0000000 0.0000000
0.0000000 0.0000000
0.0000000 0.0000000
0.0000000 0.0000000
-0.2059886 0.2003605
0.0000000 0.0000000
-0.7153787 0.1677707
-0.3393489 0.7789994
-0.2893367 1.3045961
0.0000000 0.0000000
-0.7740733 1.0055665
-0.2781813 1.7702860
-0.2965235 2.2247381
0.0000000 0.0000000
-0.7749234 1.7581319
-0.3046704 2.7381022
-0.3176500 3.2523696
0.0000000 0.0000000
-0.8769318 2.5792127
-0.3355741 3.8128548
-0.3533098 4.3948679
0.0000000 0.0000000
-1.0008851 3.5038934
-0.3779456 5.0294676
-0.4009679 5.6876254
0.0000000 0.0000000
-1.1508175 4.5454855
-0.4261875 6.4153051
-0.4570221 7.1614103
0.0000000 0.0000000
-1.3187920 5.7163858
-0.4842649 8.0085850
-0.5365119 8.8489990
0.0000000 0.0000000
-1.5085137 7.0202188
-0.5697101 9.8870783
-0.6837137 10.8409958
0.0000000 0.0000000
-1.7765033 8.4886122
-0.7762820 12.2683640
-1.0251950 13.5010262
0.0000000 0.0000000
-2.3377008 10.3790264
-1.3972552 15.6052599
-1.6154094 17.9398708
0.0000000 0.0000000
-3.8084922 14.1759825
-1.3220648 20.5389729
-2.2779727 23.3546448
0.0000000 0.0000000
2.6482365 13.7123318
4.6894717 15.8341169
7.2569022 11.0566206
0.0000000 0.0000000
12.5758486 9.4510088
12.8388824 -7.2299180
-2.5675478 -8.8185482
0.0000000 0.0000000
14.9707012 -2.6758983
-1.5123508 -12.5919685
-0.7721953 -12.0602884
0.0000000 0.0000000
-6.0850363 -9.0890903
-0.0453277 -9.0617914
-0.3677862 -8.2740536
0.0000000 0.0000000
-1.3816231 -7.0410676
-0.3442263 -7.5657797
-0.3607835 -6.9710031
0.0000000 0.0000000
-0.8187428 -5.8027706
-0.3439799 -6.4081125
-0.3428570 -5.9176517
0.0000000 0.0000000
-0.7188556 -4.9194622
-0.3252234 -5.3897495
-0.3114377 -4.9124131
0.0000000 0.0000000
-0.7324733 -4.0908380
-0.2944231 -4.4224358
-0.2859996 -3.9629157
0.0000000 0.0000000
-0.6957269 -3.3138926
-0.2754472 -3.5180159
-0.2584446 -3.0796888
0.0000000 0.0000000
-0.6497928 -2.5857630
-0.2497612 -2.6861858
-0.2310683 -2.2761235
0.0000000 0.0000000
-0.6006520 -1.9244425
-0.2256109 -1.9274852
-0.2092895 -1.5457984
0.0000000 0.0000000
-0.5557004 -1.3247645
-0.2063213 -1.2280262
-0.1969412 -0.8746169
0.0000000 0.0000000
-0.5480271 -0.7681203
-0.2200366 -0.5301092
-0.2189272 -0.1740803
0.0000000 0.0000000
-0.4928598 -0.1696918
0.0000000 0.0000000
0.0000000 0.0000000
-1.0671353 0.2550168
-1.4970152 0.2052163
-1.3377708 0.6662214
-1.1591173 1.0954742
-1.5458641 0.9738562
-1.1217240 1.4705741
-1.1793780 1.8801012
-1.5885689 1.7147907
-1.2370161 2.2935042
-1.2996062 2.7298231
-1.7578038 2.5087924
-1.3737413 3.1812718
-1.4533919 3.6719146
-1.9857389 3.3991017
-1.5488575 4.1761827
-1.6352774 4.7258539
-2.2595222 4.4072318
-1.7512288 5.2933574
-1.8480414 5.9019675
-2.5603359 5.5449495
-1.9829369 6.5523319
-2.1258404 7.1973114
-2.8984630 6.7876549
-2.2926707 7.9773631
-2.6105788 8.5924959
-3.3397839 7.9966531
-2.8801932 9.6236362
-3.8090601 9.9905806
-4.0783501 8.8001013
-4.8540225 11.4826698
-7.7036562 12.5025568
-7.5421805 9.6354761
-0.9715016 10.4434671
6.3977838 11.5585518
11.9462357 10.6295891
10.6362324 8.7511320
17.3087273 4.6434355
20.9325409 3.8019304
24.4892139 -4.9605770
13.0010624 -4.3994431
18.2097836 -4.9801722
4.1928205 -8.0535774
-6.2735324 -7.3979135
-3.9072375 -6.2114191
-2.5516865 -6.6804423
-2.0636923 -6.7343664
-2.3795927 -6.6989865
-1.4411485 -5.9239464
-1.3483057 -5.7337494
-1.5715351 -5.7143440
-1.2600318 -5.2823610
-1.2779344 -4.9873376
-1.5223604 -4.8799090
-1.2498641 -4.5326848
-1.2206156 -4.1379824
-1.5125474 -4.0218415
-1.1837887 -3.7275188
-1.1314070 -3.3435659
-1.4627132 -3.2071655
-1.0859234 -2.9866233
-1.0269500 -2.6067479
-1.3517355 -2.4834759
-0.9857851 -2.2972205
-0.9313499 -1.9405019
-1.2372957 -1.8407860
-0.8993164 -1.6605449
-0.8504208 -1.3279954
-1.1426336 -1.2577674
-0.8254632 -1.0780095
-0.8204498 -0.7582214
-1.1113703 -0.7261000
-0.9129431 -0.4617003
-0.7936302 -0.1658655
-1.0644069 -0.1631447
0.0000000 0.0000000
0.0000000 0.0000000
-1.8431447 0.2194305
-2.2248743 0.2073011
-2.0916796 0.5984001
-1.8778183 0.9358318
-2.2215037 0.8562503
-1.8772458 1.2789023
-1.9499407 1.6517577
-2.3252392 1.5344589
-2.0439589 2.0250187
-2.1436329 2.4239032
-2.5718722 2.2713850
-2.2825654 2.8377783
-2.4034975 3.3029945
-2.9189563 3.1142282
-2.5851884 3.7742622
-2.7108026 4.3187132
-3.3452270 4.0951705
-2.9325151 4.8576345
-3.0535591 5.4955401
-3.8123069 5.2400103
-3.3083746 6.0886931
-3.3983817 6.8301258
-4.3174314 6.5599966
-3.6736012 7.4624362
-3.7460709 8.1505022
-4.8414421 7.8719096
-3.9290147 8.7544460
-4.5097990 9.1727486
-4.9553666 9.3980541
-4.6530104 9.6950607
-6.8194504 9.1162615
-4.5260172 8.5150299
-6.6359091 7.8025150
8.8248320 7.3629012
13.4147749 3.7552280
19.4376507 7.3489599
25.2696533 4.2851787
35.6976547 -1.5386065
32.1571999 -4.7565274
21.9416447 -4.1485100
25.9958324 -2.3340511
-4.0304923 -4.5785303
-3.1611831 -5.8070197
-0.4307030 -4.9245729
-3.2938511 -6.9059615
-3.1325488 -6.9612355
-2.5557168 -7.1177235
-2.5169485 -6.3512549
-2.2838068 -6.0423675
-2.4557977 -6.4684939
-2.1464233 -5.3764911
-2.1329184 -4.9315381
-2.5256891 -4.9782419
-2.1165140 -4.4586267
-2.0576928 -4.0123067
-2.4042821 -3.9232681
-2.0018954 -3.5971708
-1.8912064 -3.1480424
-2.2399018 -3.0334997
-1.8154055 -2.8300636
-1.7058237 -2.4136751
-2.0305045 -2.3081887
-1.6340381 -2.1487873
-1.5428416 -1.7826864
-1.8390288 -1.6967534
-1.4879409 -1.5356803
-1.4170572 -1.2143848
-1.6944249 -1.1502444
-1.3751074 -0.9927724
-1.3525709 -0.6950266
-1.6196965 -0.6578956
-1.4700595 -0.4306124
-1.3388604 -0.1674632
-1.6117371 -0.1647275
0.0000000 0.0000000
0.0000000 0.0000000
-2.5536120 0.2000983
-2.8902848 0.1866886
-2.6632559 0.5433921
-2.5119267 0.7860938
-2.8127522 0.7021589
-2.5578444 1.1073390
-2.6485801 1.4225990
-2.9704728 1.2858027
-2.7812266 1.7624547
-2.9264181 2.1226130
-3.3066776 1.9296950
-3.1311531 2.4926927
-3.3081546 2.9434617
-3.7880738 2.6902835
-3.5832076 3.3562965
-3.7656744 3.9295123
-4.4113641 3.6230702
-4.1168270 4.4113331
-4.2561598 5.1216259
-5.1251950 4.7747049
-4.7089276 5.6872678
-4.7603440 6.5957289
-5.8129745 6.2363491
-5.2479529 7.0829878
-4.8979044 8.6247244
-6.7324715 8.4459820
-5.2232223 9.4190826
-5.9414549 9.2151003
-5.1131825 8.4662848
-4.2038045 8.6816645
-2.3743956 6.8995399
-1.9031173 5.2797198
3.0118876 -3.0186276
10.4723148 0.8492041
11.2044506 -0.5198666
19.7455349 2.3986242
32.9057541 -1.2488487
35.5826569 -5.9510183
34.7481918 -4.4401212
18.4546623 -1.5636120
18.0600109 -0.9514947
3.4534664 -3.2818496
1.0360076 -4.7723808
2.7030110 -4.1552458
-1.4546700 -6.8641620
-2.7145846 -7.4547534
-2.0845017 -7.2664390
-3.3312325 -7.4157934
-3.6712165 -7.0841451
-4.2351012 -7.1052160
-3.5917754 -6.0336328
-3.3712342 -5.1768589
-4.0202394 -5.3014073
-3.2148879 -4.4612217
-2.9986498 -3.8781993
-3.4704556 -3.6873329
-2.8798332 -3.4973845
-2.6783996 -2.9260609
-3.0753899 -2.7505853
-2.5416667 -2.6715071
-2.3698688 -2.2004325
-2.6978395 -2.0541804
-2.2538161 -1.9809629
-2.1202121 -1.6078256
-2.4043937 -1.4926895
-2.0340989 -1.3932588
-1.9413234 -1.0881766
-2.1977696 -1.0070078
-1.8856564 -0.8833570
-1.8410373 -0.6179245
-2.0825660 -0.5710892
-1.8997661 -0.3905756
-1.8717262 -0.1631448
-2.1283536 -0.1552235
0.0000000 0.0000000
0.0000000 0.0000000
-3.1795440 0.1698464
-3.4560359 0.1492478
-3.0447588 0.4721231
-3.0638664 0.6111098
-3.3106215 0.5169579
-3.1240897 0.9192510
-3.2501466 1.1321462
-3.5028663 0.9675822
-3.4147317 1.4570545
-3.6250489 1.7103294
-3.9190295 1.4687501
-3.8791122 2.0689890
-4.1523113 2.4137356
-4.5377192 2.0823491
-4.5146499 2.7999005
-4.8093181 3.3439417
-5.3954954 2.9109862
-5.3036427 3.7269750
-5.5084753 4.6135192
-6.4779310 4.0964656
-6.1632013 5.0290413
-6.4996576 6.2680688
-7.9101028 6.0456629
-7.3659310 7.0194426
-7.4846792 8.0447531
-7.1400023 7.3731675
-5.5366235 8.4558067
-2.2732844 6.8268914
-0.7858467 3.8555169
1.4934303 4.2513638
2.2037349 4.8308096
1.8696523 2.5203528
11.4844627 -3.8012159
14.1678572 -1.6638925
17.0367641 -2.0454774
22.8800926 1.0254540
36.8646736 -6.3305616
36.1850243 -6.8322854
30.8728561 -3.6772201
18.3245106 -1.2135960
17.4342804 -2.0957327
8.5821047 -3.6228697
4.8386059 -4.5061784
5.8642669 -4.0648036
1.3265095 -6.3131294
-1.3110635 -6.7600579
-1.3191680 -5.8280840
-3.4788027 -7.0229616
-5.0695553 -6.8212061
-5.8567228 -6.2092786
-5.3871646 -5.6700406
-5.1408520 -5.3860397
-6.1163316 -5.1538959
-4.5619049 -4.3335824
-4.0586801 -3.5263643
-4.6445675 -3.2334397
-3.8071568 -3.2325118
-3.4796855 -2.5520885
-3.9002466 -2.2964382
-3.2413623 -2.3747599
-3.0018687 -1.8921131
-3.3188639 -1.6928945
-2.8235395 -1.7130963
-2.6484966 -1.3685547
-2.9053969 -1.2206240
-2.5221534 -1.1830339
-2.4065309 -0.9226298
-2.6289170 -0.8231384
-2.3292799 -0.7342648
-2.2764528 -0.5208265
-2.4869981 -0.4656490
-2.2037075 -0.3294106
-2.3608117 -0.1451464
-2.5826910 -0.1314667
0.0000000 0.0000000
0.0000000 0.0000000
-3.6832047 0.1256409
-3.8784351 0.0982332
-3.2546477 0.3762289
-3.5111947 0.4141944
-3.6871200 0.3141778
-3.5367992 0.7030648
-3.7237294 0.7815146
-3.8924847 0.5980027
-3.8991339 1.1022729
-4.1784697 1.1882815
-4.3664007 0.9084790
-4.4613380 1.5764388
-4.8642612 1.6813434
-5.0984206 1.2794354
-5.2798419 2.1742771
-5.8222432 2.3715436
-6.1828346 1.8105198
-6.4311080 2.9630125
-7.0040975 3.5462708
-7.7631221 2.7606785
-8.0385084 3.9444778
-8.7381620 5.8907261
-9.8802261 4.8510203
-8.6640253 4.6769481
-6.8894382 5.9091263
-6.3493910 4.6544733
-2.7501688 5.0975242
1.4461051 2.9421384
0.4364192 2.2185035
4.3017950 2.7306254
3.7561641 2.1456404
5.0018206 1.3113335
15.5162296 -5.0956168
19.6788654 -3.3188400
21.0526943 -3.9949627
25.3321552 0.6961225
36.6745186 -5.0099568
33.9730949 -4.8664293
26.4059639 -3.8246102
17.5640564 -2.4107997
17.5617142 -2.4123497
10.9062319 -3.1809621
7.4125743 -2.8833742
7.5321074 -2.4768000
3.0128794 -4.6353354
-0.2072953 -4.4218345
0.0461427 -3.3555703
-3.0489452 -5.3965526
-5.7749043 -5.1907525
-5.8603568 -4.2549620
-6.6552367 -3.6265137
-6.9931355 -4.6476655
-7.8643460 -3.7394426
-5.9602323 -3.5542073
-5.1726565 -2.8336165
-5.7393212 -2.3092811
-4.6687303 -2.6230309
-4.2165222 -1.9735119
-4.5621724 -1.6102469
-3.8596213 -1.8569114
-3.5528047 -1.4567381
-3.8073785 -1.1931075
-3.3028738 -1.3114223
-3.0921412 -1.0526620
-3.2931457 -0.8683599
-2.9206507 -0.8944323
-2.7885835 -0.7121981
-2.9578543 -0.5926220
-2.6741283 -0.5477352
-2.6421483 -0.4035312
-2.8035355 -0.3387818
-2.4109011 -0.2469941
-2.7671785 -0.1134221
-2.9370010 -0.0963649
0.0000000 0.0000000
0.0000000 0.0000000
-4.0296526 0.0685227
-4.1206131 0.0370941
-3.3405802 0.2561576
-3.8153908 0.2050705
-3.8996358 0.1033111
-3.7835355 0.4461645
-4.0353498 0.3924685
-4.0973601 0.1993585
-4.2011757 0.6792470
-4.5354939 0.5841920
-4.5847144 0.2793845
-4.8275132 0.9598480
-5.3164072 0.7943096
-5.3533711 0.3393061
-5.7605386 1.3195677
-6.5162334 1.0470407
-6.5182061 0.3745887
-7.2017970 1.8766119
-8.3369761 1.6261978
-8.5240822 0.6193606
-9.8663616 2.3147168
-10.2057514 3.1213310
-10.3884211 1.3524503
-8.2359800 1.0597948
-4.9635005 2.7365394
-4.8735614 0.5215814
-0.6205046 2.6653678
2.8189800 1.0829633
1.9061110 1.1252959
5.6619668 1.4635462
7.4321022 0.3526405
10.1079664 -1.0425990
19.3770370 -6.1202517
22.6670895 -5.2848401
22.5739937 -5.1199064
26.4802513 -1.3762534
34.1672363 -4.1596580
30.8490086 -4.4573808
25.0951672 -3.2093735
17.4315281 -2.2186542
16.8824921 -1.9392252
10.9336748 -2.1637721
7.2461023 -1.9520900
7.1701221 -1.6468521
4.7225966 -2.3538291
0.6380177 -2.8052523
-0.3310471 -1.7762909
-2.6520214 -2.9554803
-5.4558535 -2.9811876
-5.3704782 -1.7994962
-7.3881836 -1.3852851
-8.2313404 -2.5509655
-8.5715065 -1.3671380
-7.0100408 -1.9017894
-6.0186267 -1.6491443
-6.3564954 -0.9970623
-5.2621717 -1.5492187
-4.7362099 -1.1881374
-4.9575691 -0.7608902
-4.2781997 -1.1092281
-3.9353185 -0.8944863
-4.0950685 -0.5980703
-3.6291411 -0.7866982
-3.4003861 -0.6614337
-3.5230374 -0.4598301
-3.1926355 -0.5403992
-3.0570362 -0.4590080
-3.1574786 -0.3296226
-2.9022305 -0.3313020
-2.9091992 -0.2688918
-3.0009313 -0.1985614
-2.5499997 -0.1492861
-3.0602787 -0.0735795
-3.1628141 -0.0550668
0.0000000 0.0000000
0.0000000 0.0000000
-4.1887212 0.0016845
-4.1681819 -0.0279835
-3.3537781 0.1159563
-3.9439311 0.0008647
-3.9231319 -0.0964239
-3.8729715 0.1522125
-4.1448774 -0.0013643
-4.0922589 -0.1804648
-4.2971663 0.1819095
-4.6372581 -0.0442048
-4.5420737 -0.3234933
-4.9243321 0.1962176
-5.4122553 -0.1406315
-5.2554641 -0.5510948
-5.8707981 0.1352860
-6.5880156 -0.3295398
-6.3203678 -0.9423514
-7.3239017 0.1249578
-8.6848421 -0.5937349
-8.1430721 -1.5679523
-10.2517300 -0.2282022
-10.5621901 -0.3396097
-9.9304380 -2.1058595
-8.2442389 -1.9761550
-3.7712367 -0.8993284
-2.8310657 -2.0065954
-1.3841382 -1.4329427
1.5477089 -1.6967409
3.6495125 -2.7786887
7.0588388 -0.7942613
13.2383690 -3.8607545
15.7612782 -6.9465852
20.7813377 -7.4151397
23.8486156 -5.1603932
22.2393017 -6.4753761
25.6595917 -1.9468310
30.9370289 -4.0950961
27.9228344 -3.3717053
23.5321445 -2.5978169
17.1817722 -1.2538371
17.3572254 -0.9887836
10.2022400 -1.3703784
7.0875387 -1.3822201
6.7509398 -1.1563586
5.1540089 -0.2404294
0.3210880 -0.3871548
-0.5830546 0.3361385
-3.1904314 -0.5377392
-5.4480834 -0.2862371
-5.9332585 1.2767397
-7.8705387 0.6720688
-8.2869139 0.0130345
-8.3694324 0.9881431
-7.2088451 -0.0291155
-6.2398939 -0.1839388
-6.2298737 0.4369207
-5.4586062 -0.2622682
-4.9254875 -0.2437992
-4.9308543 0.1806111
-4.4395700 -0.2582600
-4.0912890 -0.2517533
-4.1054177 0.0421774
-3.7674973 -0.2174224
-3.5393410 -0.2271895
-3.5595357 -0.0251188
-3.3187363 -0.1670940
-3.1882901 -0.1812526
-3.2104831 -0.0508504
-3.0135171 -0.1075456
-3.0504394 -0.1194959
-3.0688794 -0.0490923
-2.6371155 -0.0438066
-3.2202902 -0.0348211
-3.2536051 -0.0160160
0.0000000 0.0000000
0.0000000 0.0000000
-4.1494994 -0.0526676
-4.0437570 -0.0755368
-3.3223751 -0.0235949
-3.8797579 -0.1935006
-3.7821784 -0.2763597
-3.8091636 -0.1529485
-4.0446796 -0.3592300
-3.9075439 -0.5102115
-4.1784549 -0.3227331
-4.4692349 -0.6041985
-4.2691374 -0.8353990
-4.7159610 -0.5518382
-5.1461368 -0.9794338
-4.8342023 -1.3122696
-5.5247989 -0.9442058
-6.1691942 -1.5955703
-5.6564054 -2.0711491
-6.7171402 -1.5232781
-7.9157119 -2.5879488
-6.9817529 -3.2989225
-9.1795101 -2.9012578
-9.5701952 -4.1587286
-7.8448348 -5.3756089
-8.3318863 -5.3066535
-5.3064775 -5.3390818
-2.8947744 -7.2157273
-1.3716842 -5.7278476
3.9192071 -5.7508273
5.0321951 -9.3666658
10.6531296 -7.1771851
17.0229568 -7.5571408
16.1435909 -5.7853308
19.0863590 -8.5014315
18.9721279 -6.9059529
20.3524609 -4.3649764
24.4288349 -1.8327401
24.9873028 -2.0921540
24.0446796 -2.0699162
22.3305321 -2.0219045
18.1378002 0.0660512
17.9027843 1.6016521
9.0703526 -0.2754123
6.6072516 -0.6819327
5.3033323 1.8560091
2.6386218 2.0499325
-1.2315779 2.0768650
-1.3159205 2.9202259
-4.0781221 2.5879691
-5.1365476 2.6634817
-5.8129210 3.7788496
-7.9118686 2.9139307
-7.7076998 2.1920936
-6.9357295 2.9796193
-6.5400558 1.7158386
-5.9213424 1.1348034
-5.4708328 1.7277162
-5.1766472 0.9565449
-4.7618852 0.6398610
-4.5213571 1.0381436
-4.2937655 0.5470176
-4.0051680 0.3629057
-3.8662508 0.6339219
-3.6979802 0.3184894
-3.5001330 0.1946012
-3.4157145 0.3791062
-3.2918041 0.1841247
-3.1781676 0.0917085
-3.1232200 0.2120212
-3.0111945 0.1041641
-3.0603905 0.0296486
-3.0152490 0.0959030
-2.6522760 0.0558066
-3.2485163 0.0007204
-3.2233908 0.0179778
0.0000000 0.0000000
0.0000000 0.0000000
-3.9534252 -0.0910089
-3.7846065 -0.1069202
-3.1841364 -0.1468226
-3.6689861 -0.3532667
-3.5177593 -0.4167375
-3.5916023 -0.4050141
-3.7791255 -0.6491135
-3.5855434 -0.7629414
-3.8739853 -0.7252812
-4.0934968 -1.0451472
-3.8317189 -1.2134264
-4.2669368 -1.1505644
-4.5680227 -1.6036808
-4.1951404 -1.8360569
-4.8141146 -1.8116405
-5.2245507 -2.4704919
-4.6675792 -2.7963197
-5.5391898 -2.6998878
-6.2611318 -3.8545723
-5.2761617 -4.3108048
-6.8841443 -4.6761770
-7.2217269 -6.1264639
-5.9045658 -6.5939779
-6.6419044 -7.3944321
-3.1276236 -7.9035797
-3.0073516 -8.5004902
0.6363661 -9.0367069
5.5859652 -9.2243395
4.5480084 -8.2527428
9.0974064 -8.9038210
12.6281633 -7.4428263
11.6257639 -6.8105817
15.5048695 -5.5658174
18.9647961 -2.9668674
18.5357075 -4.2029724
21.5716190 -1.2584589
21.1847286 -1.2651564
20.9601898 -1.5421284
18.6241989 -0.4864976
17.4370766 1.1744331
13.1758690 4.6442609
9.3848009 3.0691469
4.0618653 4.3288932
5.0122933 5.3001595
1.6551493 4.4831791
-3.0047617 4.8035197
-2.6669812 5.9227223
-3.9516418 4.6805506
-5.5755706 5.1713171
-5.6320224 5.7958517
-6.7594976 4.6725268
-6.1461277 3.4115746
-5.0293818 3.9252045
-5.3629971 2.9402015
-5.0909882 2.0605528
-4.4183049 2.5426633
-4.5164099 1.8669325
-4.2755241 1.3272986
-3.8843927 1.6522388
-3.8941894 1.1892726
-3.7005112 0.8626913
-3.4567885 1.0835037
-3.4450102 0.7630545
-3.3016019 0.5495715
-3.1381500 0.7010564
-3.1261466 0.4831329
-3.0433524 0.3282191
-2.9248257 0.4281401
-2.8962305 0.2876852
-2.9621935 0.1629877
-2.8611510 0.2189153
-2.5702038 0.1396985
-3.1633384 0.0319532
-3.0874913 0.0475968
0.0000000 0.0000000
0.0000000 0.0000000
-3.6414587 -0.1156389
-3.4305577 -0.1258550
-2.9410741 -0.2425835
-3.3489687 -0.4656990
-3.1666107 -0.5058163
-3.2607129 -0.5897514
-3.3917756 -0.8480076
-3.1730199 -0.9180676
-3.4377444 -1.0060226
-3.5730886 -1.3345442
-3.2968717 -1.4313529
-3.6574457 -1.5370650
-3.8245034 -1.9896120
-3.4634233 -2.1051025
-3.9098227 -2.3155291
-4.0850134 -2.9412863
-3.6328707 -3.0634027
-4.0995088 -3.3440013
-4.2484035 -4.2883778
-3.7814007 -4.3484573
-4.2573695 -5.1406994
-4.3387375 -6.5122519
-3.7361705 -6.1292338
-3.5249796 -7.8831549
-1.9077582 -8.9231339
-1.8831946 -8.1008816
1.0316895 -9.1394367
4.2229824 -8.2560453
3.0643475 -8.3339376
7.4790368 -6.6398072
10.4840717 -6.0089478
10.0772982 -5.7468710
12.4381113 -6.5262942
15.3650522 -4.8734512
16.2632122 -1.7798468
18.7822971 -1.9326788
17.9362087 0.5264259
14.5816545 2.1279347
14.4603472 3.0281196
12.3757830 4.9455814
10.6066828 4.1661992
8.5565023 4.8458447
5.2115388 5.6809039
3.9799535 7.0925398
-0.7110278 7.2692280
-2.6133397 6.9197698
-2.0062938 8.2965736
-4.3943715 7.3432956
-5.1293273 5.9507084
-2.9870875 6.0290470
-4.4076796 5.1621971
-4.3791418 3.9025726
-3.3195395 4.1109438
-4.0706444 3.4611256
-4.0088735 2.6036305
-3.3058388 2.8707488
-3.7024038 2.3517890
-3.5954142 1.7732053
-3.1460009 1.9883375
-3.3556702 1.5968233
-3.2501614 1.2104745
-2.9517062 1.3661004
-3.0729909 1.0744845
-2.9867001 0.8091566
-2.7752960 0.9186668
-2.8577888 0.7033302
-2.8104224 0.5082539
-2.6492722 0.5819923
-2.6912744 0.4262975
-2.7738264 0.2679283
-2.6317942 0.3099249
-2.4072969 0.2022358
-2.9821570 0.0573522
-2.8687770 0.0702155
0.0000000 0.0000000
0.0000000 0.0000000
-3.2516842 -0.1283773
-3.0204968 -0.1332412
-2.6276853 -0.3053908
-2.9604220 -0.5268962
-2.7685606 -0.5444680
-2.8635232 -0.7001820
-2.9384820 -0.9505091
-2.7218657 -0.9783979
-2.9384229 -1.1599609
-2.9887226 -1.4631482
-2.7394636 -1.4916868
-2.9926543 -1.7254101
-3.0245085 -2.1135242
-2.7417710 -2.1215553
-2.9861302 -2.4953277
-2.9453754 -2.9836957
-2.6714768 -2.9350543
-2.8083358 -3.4378810
-2.6341236 -4.1129036
-2.4557900 -3.8762965
-2.2892261 -4.9031339
-1.9194195 -5.5769491
-1.9225624 -5.1530733
-1.5044422 -6.2054992
-0.5774023 -7.3864675
-0.6486550 -6.2458243
1.0320451 -8.3913403
3.2376966 -7.9925895
2.6940651 -7.3102474
5.3416471 -6.8758259
7.3977160 -6.7731304
6.5557485 -4.5041165
10.1617327 -6.5088596
13.2211542 -5.2219977
10.2338772 -0.3984751
14.5108538 -2.5229802
13.7544880 -0.1035034
10.6140671 4.8286195
10.8883276 2.9709005
8.1639156 6.1679730
7.4331059 7.1911225
6.1942706 7.2073960
2.0967946 9.1813421
1.8382694 8.9822435
-0.8324633 8.9765129
-1.7822137 7.7026148
-0.1462297 6.8329921
-2.1307771 6.5329695
-2.5206857 5.3631463
-1.3607147 5.1990533
-2.6956599 4.7776179
-2.9110215 3.8710730
-2.0283103 3.8815222
-2.8884776 3.4748602
-2.9620295 2.7847762
-2.3323262 2.8620565
-2.8743172 2.4968696
-2.8709702 1.9803003
-2.4277444 2.0858908
-2.7701962 1.7775472
-2.7346761 1.4031216
-2.4231477 1.4908375
-2.6434896 1.2427944
-2.6056828 0.9678597
-2.3750668 1.0338005
-2.5289416 0.8359794
-2.5135863 0.6254256
-2.3303008 0.6716876
-2.4259679 0.5139909
-2.5211596 0.3394552
-2.3542256 0.3665528
-2.1871762 0.2411288
-2.7293537 0.0756065
-2.5933137 0.0847132
0.0000000 0.0000000
0.0000000 0.0000000
-2.8237906 -0.1306382
-2.5908949 -0.1306157
-2.2796464 -0.3357724
-2.5433917 -0.5411519
-2.3582869 -0.5391625
-2.4433901 -0.7410690
-2.4694817 -0.9659827
-2.2720027 -0.9580411
-2.4348764 -1.1973062
-2.4168794 -1.4538811
-2.2075136 -1.4265021
-2.3657963 -1.7317512
-2.3023751 -2.0340805
-2.0886726 -1.9623519
-2.1975205 -2.3935354
-2.0416276 -2.7434013
-1.8560326 -2.5846548
-1.8358464 -3.1482165
-1.5694269 -3.5595152
-1.4360826 -3.2516694
-1.2240388 -4.0967126
-0.6906413 -4.5418148
-0.6898240 -3.9519989
-0.0476256 -5.0096135
0.6839484 -5.3134470
0.6069146 -4.5746799
1.4383074 -5.7637343
2.7351880 -5.7919345
2.3428090 -4.5887103
4.3001704 -5.8604889
5.7212658 -4.7555642
4.7011075 -3.9518170
7.4303250 -2.8140504
8.1614971 -1.4644623
6.2952194 -1.2614815
8.8179045 1.0120754
8.4470291 3.3048508
6.2900939 1.7009066
7.2412891 4.5893936
5.9778266 6.7824955
4.9931378 4.1145887
4.2009811 6.4863863
2.7623019 6.6122193
2.5925925 5.1742167
1.3022840 6.1315069
0.2778469 5.5806909
0.7533217 4.9224567
-0.4593857 5.1310325
-1.0113513 4.5078440
-0.4561513 4.1627488
-1.4095590 4.0808330
-1.7168195 3.5189466
-1.1876848 3.3544781
-1.9082383 3.1628077
-2.0634060 2.6764412
-1.5952544 2.6248572
-2.1269717 2.3972402
-2.1940210 1.9978024
-1.8193296 2.0031631
-2.2029517 1.7812804
-2.2209041 1.4606276
-1.9324219 1.4872930
-2.2043750 1.2874755
-2.2041483 1.0348928
-1.9783164 1.0607240
-2.1761646 0.8875696
-2.1858342 0.6834022
-1.9984636 0.7041547
-2.1293285 0.5532461
-2.2307208 0.3781151
-2.0539644 0.3913591
-1.9342405 0.2576996
-2.4320049 0.0865681
-2.2867961 0.0915457
0.0000000 0.0000000
0.0000000 0.0000000
-2.3927617 -0.1247797
-2.1718836 -0.1207862
-1.9285330 -0.3379881
-2.1329927 -0.5191165
-1.9634914 -0.5025075
-2.0363269 -0.7247767
-2.0275941 -0.9172555
-1.8534905 -0.8836768
-1.9731355 -1.1436294
-1.9131454 -1.3516055
-1.7376626 -1.2879432
-1.8339338 -1.6081285
-1.7235600 -1.8355740
-1.5513359 -1.7212518
-1.5930984 -2.1321661
-1.4036267 -2.3742304
-1.2470033 -2.1782856
-1.1892760 -2.6931849
-0.8973445 -2.9394228
-0.7650468 -2.6247745
-0.5803909 -3.2775543
-0.1212106 -3.4850256
-0.0414335 -3.0088203
0.3718568 -3.7947288
1.0470158 -3.8662350
0.9838165 -3.2238586
1.7032989 -3.8652489
2.4027743 -3.7739613
2.1786177 -3.0209715
3.1490543 -3.4170558
3.8502562 -3.0508134
3.3666227 -2.2725310
4.7521634 -2.1109505
5.1397772 -1.3302534
4.1792469 -1.0064321
5.5373926 0.3799118
5.3015785 1.0773083
4.1228561 0.7593692
4.9744234 2.0617025
4.3310819 3.1279912
3.4184148 2.3129830
3.4935720 3.4484162
2.6809409 4.1115460
2.1946750 3.2049909
1.7284881 3.9751842
1.0443908 4.0818248
0.9771821 3.4227691
0.3234712 3.7837517
-0.1467131 3.5911531
0.0211184 3.1849537
-0.5972217 3.2882781
-0.9071785 2.9946477
-0.6515406 2.7527926
-1.1796700 2.7107034
-1.3647619 2.4035888
-1.0727489 2.2736361
-1.5149840 2.1566191
-1.6210327 1.8734839
-1.3416740 1.8122380
-1.6992334 1.6658643
-1.7524265 1.4159253
-1.5130030 1.3930339
-1.7908123 1.2414303
-1.8165675 1.0280801
-1.6140796 1.0207150
-1.8275231 0.8749164
-1.8547955 0.6919609
-1.6774204 0.6914087
-1.8253033 0.5523973
-1.9263383 0.3885911
-1.7525749 0.3902914
-1.6701583 0.2560189
-2.1152170 0.0909075
-1.9714798 0.0920422
0.0000000 0.0000000
0.0000000 0.0000000
-1.9850563 -0.1136733
-1.7846080 -0.1070213
-1.5972543 -0.3192984
-1.7530490 -0.4737871
-1.6028858 -0.4480178
-1.6652325 -0.6693271
-1.6357570 -0.8295037
-1.4845803 -0.7807780
-1.5732111 -1.0343280
-1.4936250 -1.1993289
-1.3451426 -1.1176559
-1.4047983 -1.4179237
-1.2781655 -1.5865377
-1.1351343 -1.4574183
-1.1443990 -1.8177893
-0.9548724 -1.9820741
-0.8209127 -1.7864964
-0.7582581 -2.2114825
-0.4864984 -2.3569076
-0.3656922 -2.0729067
-0.2111420 -2.5627193
0.1662610 -2.6518428
0.2380572 -2.2738178
0.5203030 -2.7556572
0.9943382 -2.7582908
0.9677923 -2.2932246
1.4539055 -2.6775591
1.9169739 -2.5593290
1.7714598 -2.0443387
2.4251511 -2.1484373
2.7902212 -1.8747947
2.4619164 -1.4744349
3.2612855 -1.2220159
3.4556346 -0.7950307
2.9061527 -0.6418366
3.7303531 0.2504139
3.5458589 0.6079594
2.8878717 0.4381053
3.4484859 1.3540626
3.0372765 1.8721043
2.4584236 1.4432775
2.6271737 2.2099707
2.1404922 2.6475666
1.7436094 2.1140575
1.5960351 2.6909997
1.1323140 2.8972032
0.9474334 2.4093645
0.6183726 2.7624443
0.2508278 2.7653241
0.2371382 2.3964293
-0.1428279 2.5665879
-0.4128802 2.4481304
-0.3239324 2.1930075
-0.6873952 2.2348034
-0.8693289 2.0615814
-0.7123060 1.8988165
-1.0504855 1.8581598
-1.1686226 1.6711218
-0.9818079 1.5735909
-1.2818621 1.4865713
-1.3540244 1.3042891
-1.1703528 1.2479371
-1.4238071 1.1385533
-1.4654452 0.9689929
-1.2968407 0.9376775
-1.5031863 0.8187797
-1.5402075 0.6637487
-1.3826455 0.6471918
-1.5318432 0.5228213
-1.6271552 0.3775962
-1.4658705 0.3704727
-1.4114114 0.2413643
-1.7995849 0.0898354
-1.6645278 0.0878836
0.0000000 0.0000000
0.0000000 0.0000000
-1.6169298 -0.1000431
-1.4411160 -0.0919494
-1.2991329 -0.2879960
-1.4165137 -0.4167923
-1.2862613 -0.3866920
-1.3407309 -0.5928204
-1.3008748 -0.7235211
-1.1714762 -0.6687521
-1.2388291 -0.9002206
-1.1541073 -1.0295089
-1.0286922 -0.9433147
-1.0668880 -1.2075086
-0.9417785 -1.3317460
-0.8228784 -1.2049239
-0.8179474 -1.5056146
-0.6437153 -1.6167192
-0.5334803 -1.4383534
-0.4733549 -1.7724313
-0.2403464 -1.8564650
-0.1427283 -1.6177281
-0.0200405 -1.9671276
0.2743642 -2.0025601
0.3274329 -1.7078444
0.5448656 -2.0166781
0.8760570 -1.9901074
0.8524494 -1.6557734
1.1867917 -1.8564756
1.4819486 -1.7589025
1.3836031 -1.4178886
1.8194489 -1.4289136
2.0341311 -1.2360374
1.8154869 -0.9919736
2.3167465 -0.7619864
2.4113319 -0.5065042
2.0745776 -0.4131509
2.5870786 0.1555137
2.4714510 0.3849435
2.0670490 0.2926728
2.4442794 0.9117613
2.1853690 1.2164724
1.8026521 0.9652961
1.9660894 1.5073353
1.6502004 1.7959285
1.3541014 1.4611566
1.3249849 1.8944236
1.0063443 2.0762503
0.8255603 1.7359793
0.6615521 2.0380127
0.3839775 2.1001937
0.3109316 1.8072795
0.0812369 1.9860020
-0.1399939 1.9547354
-0.1326776 1.7266803
-0.3771654 1.8056315
-0.5410396 1.7166736
-0.4676740 1.5532885
-0.7157162 1.5582958
-0.8305447 1.4407414
-0.7148902 1.3303434
-0.9530166 1.2852714
-1.0300078 1.1568035
-0.8980131 1.0845302
-1.1129577 1.0085231
-1.1623855 0.8789523
-1.0287441 0.8330398
-1.2139297 0.7383122
-1.2546065 0.6117143
-1.1213875 0.5847665
-1.2611078 0.4761011
-1.3464013 0.3520699
-1.2038054 0.3390881
-1.1691414 0.2190274
-1.5000631 0.0848170
-1.3776997 0.0808899
0.0000000 0.0000000
0.0000000 0.0000000
-1.2956501 -0.0858261
-1.1456882 -0.0773288
-1.0400786 -0.2511001
-1.1277150 -0.3568127
-1.0163767 -0.3260980
-1.0648406 -0.5095134
-1.0219128 -0.6150450
-0.9122559 -0.5604950
-0.9653314 -0.7625069
-0.8837816 -0.8633242
-0.7791733 -0.7808342
-0.8050291 -1.0041969
-0.6910151 -1.0958470
-0.5930924 -0.9804248
-0.5829532 -1.2229968
-0.4322752 -1.2986343
-0.3436121 -1.1451218
-0.2907911 -1.3992056
-0.1010242 -1.4485433
-0.0265440 -1.2549623
0.0717157 -1.4988625
0.2926200 -1.5101802
0.3288337 -1.2860839
0.4955997 -1.4819522
0.7249678 -1.4493387
0.7063202 -1.2097132
0.9456033 -1.3128870
1.1387683 -1.2336689
1.0638390 -1.0063058
1.3640803 -0.9796664
1.4966493 -0.8431926
1.3467114 -0.6859841
1.6806890 -0.4985217
1.7301614 -0.3312615
1.5081480 -0.2711018
1.8430599 0.1074134
1.7694093 0.2674783
1.5036758 0.2123733
1.7646261 0.6389654
1.5979180 0.8360215
1.3363873 0.6795114
1.4734441 1.0714298
1.2613636 1.2663598
1.0428491 1.0472846
1.0586417 1.3753545
0.8356879 1.5174810
0.6825382 1.2794756
0.6038285 1.5263120
0.3963864 1.5982486
0.3129850 1.3758327
0.1741533 1.5391805
-0.0013969 1.5460515
-0.0267568 1.3582261
-0.1923123 1.4471586
-0.3307654 1.4056617
-0.3045180 1.2593974
-0.4825756 1.2873036
-0.5866005 1.2153001
-0.5180528 1.1078548
-0.7010086 1.0892476
-0.7749284 1.0002080
-0.6834292 0.9245089
-0.8584993 0.8727769
-0.9083335 0.7753376
-0.8063409 0.7238365
-0.9639307 0.6487653
-1.0043950 0.5477492
-0.8952025 0.5156672
-1.0191640 0.4221188
-1.0921654 0.3185265
-0.9705108 0.3023222
-0.9499198 0.1936790
-1.2256870 0.0774016
-1.1176564 0.0725495
0.0000000 0.0000000
0.0000000 0.0000000
-1.0223851 -0.0723887
-0.8971596 -0.0642575
-0.8205795 -0.2136279
-0.8851577 -0.2997357
-0.7912250 -0.2707157
-0.8348423 -0.4287545
-0.7935124 -0.5134255
-0.7014102 -0.4629457
-0.7446412 -0.6337869
-0.6713766 -0.7124560
-0.5844365 -0.6384618
-0.6040063 -0.8216451
-0.5049732 -0.8900874
-0.4255563 -0.7901744
-0.4148444 -0.9813586
-0.2901965 -1.0338678
-0.2200331 -0.9066764
-0.1758701 -1.0958288
-0.0269085 -1.1256038
0.0283837 -0.9727426
0.1073686 -1.1416140
0.2708560 -1.1423026
0.2938465 -0.9736752
0.4222802 -1.0972130
0.5816860 -1.0661368
0.5656287 -0.8945819
0.7409799 -0.9455301
0.8706744 -0.8824745
0.8124050 -0.7276439
1.0240419 -0.6872224
1.1101396 -0.5889117
1.0021294 -0.4837001
1.2340918 -0.3362902
1.2608078 -0.2190757
1.1082989 -0.1792921
1.3367250 0.0819810
1.2881712 0.1992479
1.1054792 0.1649220
1.2894108 0.4650845
1.1798595 0.6014972
0.9949080 0.4996229
1.1059258 0.7865489
0.9600410 0.9231120
0.7987192 0.7750951
0.8303649 1.0247676
0.6716621 1.1328181
0.5484477 0.9646888
0.5133145 1.1623520
0.3598703 1.2277638
0.2811359 1.0616606
0.1988794 1.2018374
0.0616895 1.2231292
0.0263883 1.0743395
-0.0851684 1.1595433
-0.1986152 1.1434563
-0.1957074 1.0203385
-0.3233938 1.0569657
-0.4118633 1.0132071
-0.3739677 0.9174844
-0.5110984 0.9136468
-0.5778152 0.8518317
-0.5147765 0.7805270
-0.6532506 0.7450698
-0.6996952 0.6718235
-0.6229213 0.6212558
-0.7529786 0.5613876
-0.7895381 0.4810574
-0.7021661 0.4481778
-0.8076650 0.3680485
-0.8681002 0.2823766
-0.7664983 0.2652733
-0.7559469 0.1687272
-0.9807857 0.0689877
-0.8866999 0.0640714
0.0000000 0.0000000
0.0000000 0.0000000
-0.7941502 -0.0604372
-0.6910766 -0.0531392
-0.6377784 -0.1787300
-0.6847336 -0.2487763
-0.6058964 -0.2229753
-0.6457350 -0.3556680
-0.6082821 -0.4238183
-0.5316364 -0.3794331
-0.5681772 -0.5206609
-0.5054804 -0.5825490
-0.4335096 -0.5190652
-0.4496639 -0.6661463
-0.3674800 -0.7180914
-0.3029343 -0.6348090
-0.2946905 -0.7824923
-0.1945043 -0.8201001
-0.1397978 -0.7175521
-0.1045891 -0.8566055
0.0094469 -0.8752038
0.0501407 -0.7569520
0.1129682 -0.8732013
0.2328653 -0.8695125
0.2474521 -0.7436215
0.3451437 -0.8206567
0.4576793 -0.7934657
0.4422128 -0.6699782
0.5728850 -0.6921856
0.6608272 -0.6419119
0.6156520 -0.5348313
0.7688655 -0.4918762
0.8262033 -0.4186966
0.7458166 -0.3463708
0.9102876 -0.2310522
0.9267786 -0.1449852
0.8164991 -0.1176367
0.9788240 0.0683394
0.9449860 0.1577194
0.8155046 0.1351600
0.9491743 0.3507042
0.8750394 0.4503673
0.7407931 0.3821189
0.8284435 0.5944347
0.7277592 0.6937686
0.6056545 0.5917325
0.6427635 0.7821306
0.5284041 0.8647092
0.4313133 0.7446533
0.4202309 0.9010267
0.3063116 0.9564726
0.2381745 0.8333429
0.1898506 0.9494950
0.0853724 0.9744226
0.0475897 0.8595285
-0.0254861 0.9346716
-0.1163739 0.9314511
-0.1236163 0.8318221
-0.2141079 0.8687518
-0.2870629 0.8423690
-0.2670545 0.7616658
-0.3690594 0.7646633
-0.4250800 0.7210250
-0.3828169 0.6588204
-0.4891552 0.6332008
-0.5302733 0.5774246
-0.4718970 0.5318711
-0.5762805 0.4828259
-0.6074856 0.4184309
-0.5379797 0.3880500
-0.6257381 0.3190635
-0.6734308 0.2477908
-0.5897508 0.2316192
-0.5866502 0.1465366
-0.7656773 0.0608117
-0.6838619 0.0563985
0.0000000 0.0000000
0.0000000 0.0000000
-0.6056431 -0.0503188
-0.5212673 -0.0440035
-0.4871992 -0.1481160
-0.5206469 -0.2055745
-0.4545354 -0.1836506
-0.4910857 -0.2930626
-0.4591512 -0.3484159
-0.3950415 -0.3111053
-0.4274622 -0.4255115
-0.3755550 -0.4750237
-0.3162224 -0.4224588
-0.3314054 -0.5386837
-0.2655232 -0.5789800
-0.2128889 -0.5117644
-0.2081021 -0.6241460
-0.1301220 -0.6520892
-0.0870400 -0.5714454
-0.0608938 -0.6722823
0.0250759 -0.6845623
0.0544963 -0.5942587
0.1033839 -0.6737774
0.1901274 -0.6682216
0.1995896 -0.5750589
0.2736324 -0.6221167
0.3534419 -0.5988138
0.3392276 -0.5098371
0.4357890 -0.5153224
0.4975698 -0.4748929
0.4601185 -0.3995123
0.5737486 -0.3584585
0.6115813 -0.3016864
0.5508059 -0.2515447
0.6713111 -0.1609368
0.6815473 -0.0946113
0.5988996 -0.0753775
0.7164567 0.0611115
0.6939614 0.1312099
0.5973044 0.1162137
0.6985123 0.2740026
0.6467394 0.3503879
0.5470774 0.3035389
0.6179053 0.4621609
0.5471740 0.5375679
0.4534563 0.4663760
0.4898457 0.6119174
0.4086571 0.6761966
0.3302203 0.5903127
0.3340061 0.7128235
0.2495733 0.7589986
0.1926514 0.6682374
0.1670287 0.7620873
0.0878990 0.7865989
0.0525425 0.6993460
0.0054104 0.7623774
-0.0643659 0.7653317
-0.0772329 0.6874633
-0.1390729 0.7201526
-0.1976295 0.7042595
-0.1873002 0.6391059
-0.2614588 0.6437645
-0.3066930 0.6124054
-0.2780966 0.5610975
-0.3585455 0.5407627
-0.3916217 0.4973167
-0.3479974 0.4593467
-0.4289488 0.4173433
-0.4542271 0.3647409
-0.3982410 0.3389125
-0.4692696 0.2783976
-0.5054249 0.2177916
-0.4359625 0.2038236
-0.4394788 0.1286776
-0.5775489 0.0538461
-0.5055711 0.0503076
0.0000000 0.0000000
0.0000000 0.0000000
-0.4505099 -0.0420378
-0.3809091 -0.0368395
-0.3634705 -0.1224170
-0.3862799 -0.1704963
-0.3304591 -0.1525727
-0.3650706 -0.2416717
-0.3389666 -0.2875765
-0.2849112 -0.2574422
-0.3146952 -0.3488418
-0.2737531 -0.3894432
-0.2240540 -0.3475624
-0.2399309 -0.4377799
-0.1887994 -0.4701740
-0.1457705 -0.4174131
-0.1452608 -0.5018156
-0.0865322 -0.5232689
-0.0519815 -0.4615299
-0.0343908 -0.5336040
0.0289476 -0.5420758
0.0509023 -0.4744766
0.0863940 -0.5274119
0.1492121 -0.5215386
0.1541318 -0.4530876
0.2100292 -0.4802320
0.2655559 -0.4598148
0.2529873 -0.3961573
0.3250883 -0.3917697
0.3682356 -0.3581515
0.3368173 -0.3049734
0.4208054 -0.2666857
0.4472593 -0.2210662
0.3980609 -0.1856390
0.4891727 -0.1133426
0.4948334 -0.0595689
0.4311111 -0.0461695
0.5200138 0.0565256
0.5044932 0.1139559
0.4296159 0.1039269
0.5075616 0.2220304
0.4727045 0.2830858
0.3943744 0.2508141
0.4543497 0.3705081
0.4041814 0.4304630
0.3307974 0.3804799
0.3666601 0.4918915
0.3087808 0.5437506
0.2448929 0.4825065
0.2569354 0.5778946
0.1964679 0.6165929
0.1473220 0.5505356
0.1383440 0.6247703
0.0793034 0.6475653
0.0479231 0.5824708
0.0203426 0.6332316
-0.0321330 0.6393185
-0.0467573 0.5800260
-0.0878283 0.6066975
-0.1317985 0.5971554
-0.1283889 0.5468481
-0.1797083 0.5501303
-0.2146849 0.5271843
-0.1948816 0.4872305
-0.2532698 0.4688737
-0.2781043 0.4344528
-0.2453113 0.4052363
-0.3059613 0.3672029
-0.3237882 0.3230111
-0.2791534 0.3036857
-0.3337814 0.2484590
-0.3593897 0.1948699
-0.3009134 0.1839404
-0.3095009 0.1166885
-0.4122582 0.0481307
-0.3451082 0.0449136
0.0000000 0.0000000
0.0000000 0.0000000
-0.3220286 -0.0355742
-0.2632705 -0.0314651
-0.2611049 -0.1018710
-0.2756994 -0.1434211
-0.2273436 -0.1295124
-0.2613151 -0.2012895
-0.2409234 -0.2408150
-0.1944942 -0.2173799
-0.2235686 -0.2897028
-0.1929007 -0.3241975
-0.1501969 -0.2919980
-0.1682420 -0.3612724
-0.1304437 -0.3884524
-0.0941734 -0.3483292
-0.0991025 -0.4105875
-0.0562551 -0.4281933
-0.0285474 -0.3817576
-0.0188177 -0.4325565
0.0258137 -0.4386537
0.0429097 -0.3888111
0.0671586 -0.4230551
0.1111098 -0.4170308
0.1135666 -0.3672341
0.1532861 -0.3806418
0.1922144 -0.3624994
0.1794228 -0.3167128
0.2335154 -0.3064617
0.2624860 -0.2770434
0.2357816 -0.2396114
0.2992227 -0.2044911
0.3171873 -0.1655982
0.2758353 -0.1403870
0.3449880 -0.0811966
0.3493351 -0.0355958
0.2962728 -0.0258376
0.3669666 0.0534866
0.3555736 0.1029753
0.2954750 0.0962428
0.3590551 0.1863297
0.3354108 0.2379905
0.2714409 0.2158547
0.3231218 0.3075704
0.2895175 0.3575416
0.2281616 0.3226236
0.2650653 0.4084390
0.2243240 0.4521743
0.1711778 0.4085165
0.1901889 0.4826859
0.1476626 0.5161951
0.1049304 0.4684089
0.1074522 0.5267193
0.0660143 0.5476264
0.0367261 0.4997784
0.0250380 0.5397631
-0.0131585 0.5473626
-0.0276683 0.5029422
-0.0518671 0.5237144
-0.0835666 0.5183469
-0.0839364 0.4804214
-0.1178110 0.4817761
-0.1420513 0.4648268
-0.1291624 0.4352170
-0.1688251 0.4175163
-0.1851743 0.3903626
-0.1608977 0.3701202
-0.2025431 0.3339454
-0.2118235 0.2969775
-0.1777605 0.2856329
-0.2146867 0.2320511
-0.2272062 0.1836552
-0.1814009 0.1763633
-0.1873580 0.1138188
-0.2625136 0.0405038
-0.1999542 0.0278235
0.0000000 0.0000000
0.0000000 0.0000000
-0.2135137 -0.0309099
-0.1616362 -0.0279581
-0.1750201 -0.0862848
-0.1827452 -0.1239597
-0.1392935 -0.1136934
-0.1742221 -0.1715555
-0.1594423 -0.2073908
-0.1179532 -0.1891468
-0.1483886 -0.2467120
-0.1269252 -0.2779319
-0.0892550 -0.2523655
-0.1105475 -0.3067038
-0.0850033 -0.3310261
-0.0530041 -0.2990436
-0.0638848 -0.3467171
-0.0350674 -0.3623506
-0.0114853 -0.3250872
-0.0107298 -0.3627687
0.0194785 -0.3679594
0.0323204 -0.3280383
0.0465314 -0.3522367
0.0751162 -0.3462142
0.0761680 -0.3070268
0.1031324 -0.3142204
0.1286723 -0.2974078
0.1161110 -0.2617601
0.1549225 -0.2501972
0.1743817 -0.2233845
0.1491545 -0.1943645
0.1982008 -0.1640412
0.2090749 -0.1286715
0.1732199 -0.1091778
0.2277611 -0.0610810
0.2307841 -0.0196721
0.1843533 -0.0116095
0.2413719 0.0512140
0.2349873 0.0960865
0.1821946 0.0916648
0.2378805 0.1625106
0.2220390 0.2090254
0.1675512 0.1926240
0.2155626 0.2654323
0.1937949 0.3099420
0.1403405 0.2835004
0.1782504 0.3529135
0.1521849 0.3916641
0.1047161 0.3576906
0.1308597 0.4190385
0.1024199 0.4491422
0.0645117 0.4106865
0.0772378 0.4606542
0.0496733 0.4801109
0.0224550 0.4404370
0.0228491 0.4766789
-0.0022154 0.4847247
-0.0171266 0.4467329
-0.0273931 0.4678330
-0.0486073 0.4648407
-0.0508643 0.4316925
-0.0704602 0.4365529
-0.0857808 0.4240201
-0.0771280 0.3982158
-0.1024395 0.3861102
-0.1101380 0.3657921
-0.0930652 0.3494877
-0.1183082 0.3188431
-0.1163821 0.2918249
-0.0971020 0.2837385
-0.1127354 0.2317017
-0.0974315 0.2013882
-0.0965453 0.1739882
-0.0732862 0.1139700
-0.0612150 0.0844190
-0.1073736 -0.0675809
0.0000000 0.0000000
0.0000000 0.0000000
-0.1184182 -0.0282396
-0.0706668 -0.0265303
-0.1000391 -0.0755900
-0.1016523 -0.1125217
-0.0613115 -0.0989143
-0.0983565 -0.1524732
-0.0892842 -0.1879033
-0.0504145 -0.1607737
-0.0836024 -0.2200190
-0.0708957 -0.2514200
-0.0361233 -0.2114566
-0.0625238 -0.2735759
-0.0473870 -0.2984695
-0.0189287 -0.2473146
-0.0361524 -0.3088492
-0.0198454 -0.3253109
0.0007194 -0.2656455
-0.0064441 -0.3223396
0.0107456 -0.3285786
0.0210585 -0.2659335
0.0250257 -0.3117402
0.0416229 -0.3070158
0.0406250 -0.2467171
0.0567627 -0.2769649
0.0709770 -0.2612721
0.0585401 -0.2080082
0.0855011 -0.2193388
0.0968750 -0.1936069
0.0724786 -0.1514609
0.1091479 -0.1422420
0.1160466 -0.1080450
0.0816669 -0.0805983
0.1264521 -0.0508364
0.1277266 -0.0103558
0.0856549 -0.0002071
0.1345455 0.0486404
0.1312800 0.0927124
0.0829481 0.0844107
0.1327257 0.1484430
0.1247167 0.1936000
0.0743855 0.1667916
0.1218052 0.2416882
0.1094495 0.2844617
0.0611817 0.2406031
0.1019857 0.3222137
0.0874479 0.3589817
0.0439879 0.3009478
0.0760508 0.3847020
0.0603614 0.4128267
0.0250514 0.3443362
0.0469713 0.4257449
0.0311677 0.4436633
0.0061120 0.3689921
0.0169924 0.4440652
0.0027076 0.4511808
-0.0115348 0.3753737
-0.0110510 0.4401158
-0.0229294 0.4369554
-0.0261857 0.3656533
-0.0348620 0.4161230
-0.0432528 0.4048935
-0.0362341 0.3419846
-0.0520935 0.3758185
-0.0539470 0.3610673
-0.0395843 0.3111089
-0.0581532 0.3227260
-0.0387902 0.3187111
-0.0429694 0.2760971
-0.0526076 0.2396884
0.0738132 0.3205813
-0.1119732 0.1909459
-0.0128351 0.0552390
0.4219138 0.3649588
-0.2239481 -0.2417609
0.0000000 0.0000000
0.0000000 0.0000000
-0.0275177 -0.0287080
0.0000000 0.0000000
-0.0268215 -0.0720302
-0.0244781 -0.1181148
0.0000000 0.0000000
-0.0244855 -0.1533305
-0.0216497 -0.1963005
0.0000000 0.0000000
-0.0206759 -0.2254638
-0.0173180 -0.2615185
0.0000000 0.0000000
-0.0155610 -0.2825377
-0.0115335 -0.3093840
0.0000000 0.0000000
-0.0092220 -0.3203281
-0.0047099 -0.3359558
0.0000000 0.0000000
-0.0015928 -0.3350792
0.0027983 -0.3378744
0.0000000 0.0000000
0.0063125 -0.3247404
0.0104962 -0.3142392
0.0000000 0.0000000
0.0139221 -0.2891137
0.0175376 -0.2657224
0.0000000 0.0000000
0.0211112 -0.2298540
0.0237318 -0.1948310
0.0000000 0.0000000
0.0270122 -0.1505038
0.0287282 -0.1057425
0.0000000 0.0000000
0.0311072 -0.0561277
0.0314498 -0.0041985
0.0000000 0.0000000
0.0336229 0.0467229
0.0322679 0.1028071
0.0000000 0.0000000
0.0335623 0.1508942
0.0309936 0.2073741
0.0000000 0.0000000
0.0309900 0.2490995
0.0273397 0.3019650
0.0000000 0.0000000
0.0265527 0.3345203
0.0220331 0.3800988
0.0000000 0.0000000
0.0204058 0.4016695
0.0155417 0.4371849
0.0000000 0.0000000
0.0132213 0.4469307
0.0083795 0.4706883
0.0000000 0.0000000
0.0057860 0.4687176
0.0012497 0.4801280
0.0000000 0.0000000
-0.0013922 0.4674865
-0.0050838 0.4669812
0.0000000 0.0000000
-0.0074027 0.4459405
-0.0104757 0.4348856
0.0000000 0.0000000
-0.0125369 0.4090011
-0.0165748 0.3901170
0.0000000 0.0000000
-0.0261259 0.3590249
0.0086531 0.3908423
0.0000000 0.0000000
-0.1093090 0.2515548
0.2634725 0.6973016
0.0000000 0.0000000
-0.2871071 -0.1173884
1.3417253 1.3832369
0.0000000 0.0000000
0.0000000 0.0000000
-42.07057
-41.91425
-43.20213
-45.22297
-48.34627
-52.74083
-58.64943
-66.4761
-76.89863
-91.78889
-117.2591
-167.5662
-236.5958
-36.94365
-78.89034
-35.34755
-29.17868
-26.43137
-24.58158
-22.99369
-21.6574
-20.50327
-19.59204
-18.95082
-18.56654
-18.56208
-41.86934
-41.95365
-43.18003
-45.29659
-48.47313
-52.9367
-58.93276
-66.80284
-77.03909
-90.74744
-112.2518
-169.9105
-177.4785
-1.561131
-64.33476
-35.51546
-29.2648
-26.89783
-25.13373
-23.4893
-22.01072
-20.76708
-19.8011
-19.12285
-18.70863
-18.67998
-41.87566
-42.05581
-43.32485
-45.58045
-48.97882
-53.77894
-60.22119
-68.47379
-78.51197
-89.22322
-95.20794
-90.58961
-92.68879
24.03282
-12.53734
-27.72316
-29.78343
-29.06
-27.14512
-25.23328
-23.31864
-21.73012
-20.53063
-19.72701
-19.22207
-19.14589
-41.76
-42.03255
-43.37803
-45.83858
-49.606
-55.02568
-62.43656
-72.02966
-83.41442
-94.54287
-94.67928
-82.09726
-37.82071
36.41698
-2.835937
-26.87314
-33.91901
-33.61652
-31.28351
-28.19944
-25.40143
-23.23249
-21.65674
-20.62049
-19.99927
-19.85644
-41.32276
-41.66111
-43.08001
-45.77041
-50.03473
-56.40627
-65.46274
-77.54308
-93.22386
-114.2092
-110.1454
-76.93491
-40.66772
-7.155743
-25.36691
-48.71367
-51.73894
-42.54212
-38.0922
-32.43357
-28.09226
-25.06495
-22.98145
-21.63222
-20.86229
-20.64149
-40.3136
-40.68789
-42.13353
-44.97552
-49.6833
-57.17917
-68.98017
-86.74159
-111.3069
-145.6471
-140.0402
-125.928
-91.49541
-81.82929
-69.94015
-85.57861
-83.43638
-61.19168
-46.91858
-37.35498
-31.0291
-26.915
-24.21967
-22.51707
-21.58363
-21.28196
-38.46218
-38.85369
-40.24927
-43.07224
-47.92794
-56.01181
-69.93293
-94.77278
-138.295
-170.5987
-169.7844
-152.9734
-120.2847
-111.519
-111.145
-116.0883
-110.2081
-82.33774
-55.41368
-41.58259
-33.4142
-28.26141
-24.98529
-22.96764
-21.89056
-21.53362
-35.57307
-35.94167
-37.18751
-39.74741
-44.28267
-52.08622
-65.86346
-93.70779
-150.6506
-183.8098
-189.4
-178.8638
-137.536
-130.773
-129.008
-132.593
-123.1875
-94.23319
-60.68308
-43.88738
-34.37406
-28.55206
-24.91309
-22.70243
-21.52676
-21.16261
-31.64249
-31.87692
-32.87856
-34.93441
-38.57909
-44.97103
-56.51425
-80.01851
-130.3351
-177.4932
-194.1692
-155.1568
-128.745
-132.7251
-140.9923
-141.9335
-122.3356
-90.89156
-59.70998
-42.7764
-33.1823
-27.38107
-23.76843
-21.56627
-20.37734
-20.04657
-26.92237
-27.01989
-27.66666
-29.0174
-31.44172
-35.69176
-42.92581
-57.28621
-88.12245
-116.0628
-107.1562
-110.1607
-103.0776
-116.4492
-143.3417
-131.075
-103.0309
-74.07881
-50.95588
-37.69908
-29.69399
-24.71161
-21.55624
-19.60965
-18.54612
-18.24935
-21.71848
-21.71502
-21.94467
-22.47217
-23.44584
-25.24965
-28.06856
-33.34891
-39.84802
-50.83051
-38.45099
-36.78264
-42.36246
-59.14565
-81.3372
-92.78491
-75.62131
-51.22077
-38.45623
-30.16176
-24.60823
-20.91411
-18.49082
-16.96472
-16.11908
-15.87814
-16.38679
-16.30031
-16.14353
-15.92055
-15.60698
-15.23267
-14.35772
-13.22826
-9.21424
-7.956815
6.355591
9.495379
5.780726
-19.54865
-43.21258
-49.95886
-39.27066
-31.59236
-25.87593
-21.82124
-18.75369
-16.49084
-14.90431
-13.86648
-13.27693
-13.10103
-11.24809
-11.10102
-10.63821
-9.820198
-8.516766
-6.558813
-3.39367
1.014983
8.441808
17.5825
32.64572
43.77414
42.00607
25.32019
4.146983
-8.941878
-13.9062
-15.19984
-14.86802
-13.94024
-12.89832
-11.92181
-11.13161
-10.56847
-10.2285
-10.11362
-6.549194
-6.367992
-5.712794
-4.532622
-2.690115
-0.007670769
3.852319
9.075743
16.33489
25.90925
35.02251
42.6277
41.96353
34.28284
21.99391
9.621434
0.8954027
-3.771378
-6.157308
-7.224362
-7.583992
-7.591558
-7.453643
-7.293404
-7.166424
-7.1004
-2.445879
-2.252432
-1.514584
-0.1945117
1.805852
4.606725
8.368276
13.22099
19.25506
26.25253
32.90833
36.95973
36.76528
32.21348
24.41389
15.9422
8.638413
3.465045
0.1274799
-1.908665
-3.089203
-3.739853
-4.067295
-4.209307
-4.244353
-4.212349
0.9988116
1.191655
1.932871
3.238013
5.159452
7.755183
11.07973
15.14966
19.86662
24.76965
29.04039
31.48606
31.3832
28.46553
23.46896
17.66941
12.18262
7.706717
4.388566
2.075841
0.5288658
-0.4697905
-1.082174
-1.423756
-1.569941
-1.559737
3.797052
3.984673
4.683645
5.88987
7.616877
9.875332
12.65468
15.89627
19.41438
22.83647
25.60567
27.13619
27.03612
25.10177
21.77215
17.7431
13.69043
10.09825
7.183595
4.966927
3.349949
2.216364
1.462782
1.007435
0.7920566
0.7870471
6.0108
6.191331
6.826755
7.899324
9.396017
11.29496
13.54958
16.06669
18.65847
21.05229
22.89075
23.86346
23.74423
22.41788
20.12339
17.26556
14.26277
11.44671
9.015442
7.042083
5.510618
4.372608
3.574501
3.066795
2.811983
2.793252
7.726844
7.897116
8.460277
9.391727
10.66331
12.23489
14.0431
15.98495
17.90335
19.60209
20.85501
21.48257
21.3517
20.40251
18.768
16.69082
14.43556
12.23083
10.2356
8.532635
7.146188
6.069205
5.282435
4.761955
4.487701
4.454666
9.036848
9.192113
9.679977
10.47509
11.54291
12.83625
14.2874
15.79891
17.24518
18.48363
19.36727
19.78369
19.65298
18.94509
17.73814
16.18269
14.45072
12.701
11.05707
9.597982
8.36459
7.373015
6.625736
6.116449
5.836892
5.790193
10.02342
10.15937
10.57354
11.24269
12.13252
13.19578
14.36832
15.56462
16.68433
17.62083
18.27244
18.56344
18.44244
17.89497
16.96997
15.76411
14.39396
12.97319
11.59811
10.34021
9.246558
8.344608
7.649052
7.164407
6.889726
6.831838
10.75325
10.86791
11.21481
11.77346
12.51269
13.38929
14.34597
15.31049
16.20168
16.93709
17.44098
17.65766
17.55114
17.11301
16.37655
15.40712
14.28711
13.10195
11.92916
10.83213
9.858588
9.040848
8.399449
7.944917
7.68158
7.615419
11.27522
11.36983
11.66054
12.12907
12.74783
13.47871
14.2719
15.06649
15.79583
16.39349
16.79977
16.96983
16.87615
16.51254
15.90234
15.09313
14.14668
13.13004
12.10777
11.13643
10.26146
9.515916
8.922742
8.495907
8.241994
8.175088
11.62196
11.70068
11.94986
12.35243
12.88391
13.51038
14.18842
14.86496
15.48344
15.98814
16.32916
16.46834
16.38246
16.06654
15.53816
14.83416
14.00424
13.10396
12.18857
11.30898
10.50786
9.816701
9.258557
8.849461
8.596261
8.47622
11.81181
11.88185
12.10612
12.46909
12.94847
13.51307
14.12369
14.73117
15.28492
15.73536
16.03801
16.15854
16.07605
15.786
15.30338
14.65952
13.89746
13.06624
12.21516
11.39182
10.63597
9.977171
9.435812
9.01529
8.635332
7.752769
11.85121
11.9192
12.13466
12.48543
12.94946
13.49619
14.08684
14.6749
15.21119
15.64747
15.94071
16.05734
15.977
15.6953
15.22635
14.60013
13.85811
13.04777
12.21707
11.41108
10.66795
10.01663
9.476315
8.999635
7.727129
0
