0.0000000 0.0000000
0.0000000 0.0000000
0.0000000 0.0000000
0.0000000 0.0000000
0.0000000 0.0000000
0.0000000 0.0000000
0.0000000 0.0000000
0.0000000 0.0000000
0.0000000 0.0000000
0.0000000 0.0000000
0.0000000 0.0000000
0.0000000 0.0000000
0.0000000 0.0000000
0.0000000 0.0000000
0.0000000 0.0000000
0.0000000 0.0000000
0.0000000 0.0000000
0.0000000 0.0000000
0.0000000 0.0000000
0.0000000 0.0000000
0.0000000 0.0000000
0.0000000 0.0000000
0.0000000 0.0000000
0.0000000 0.0000000
0.0000000 0.0000000
0.0000000 0.0000000
0.0000000 0.0000000
0.2733031 -0.0944738
-1.7596761 0.7214628
-2.1432164 2.2171121
-1.3719100 3.6116672
-0.8935490 4.4394884
-0.7846423 5.1543517
-0.9228640 5.9798574
-1.3173226 7.0853715
-2.1523314 8.6131992
-3.8530850 10.9232216
-8.5937214 13.5708675
13.1281624 12.5408173
11.1441402 -13.0777016
-8.5995350 -8.8519316
-2.4121845 -8.0225840
-2.0200245 -4.8897238
-1.4080815 -3.5981100
-0.9551262 -2.6207747
-0.6642820 -1.8999842
-0.4681015 -1.3818089
-0.3481079 -1.0080177
-0.3347857 -0.7083510
-0.4220078 -0.3265743
-0.2419718 -0.0559870
0.0000000 0.0000000
0.0000000 0.0000000
0.1789664 0.1779251
-3.4759910 1.4677650
-3.2531228 2.5327780
-2.0461609 3.2595041
-1.5712130 3.8897266
-1.6291270 4.7075047
-1.9530950 5.5837460
-2.5736163 6.4990349
-3.7681196 7.4722571
-5.9949861 8.0947819
-0.6630971 8.9690142
17.3905563 10.7728472
31.6447620 -6.6878352
3.7907517 -5.0544667
-5.0602336 -4.1587648
-3.0757172 -4.3609962
-2.4239597 -3.1821363
-1.7032988 -2.2500508
-1.1993599 -1.6114986
-0.8644497 -1.1677259
-0.6467651 -0.8303781
-0.5751784 -0.5918937
-0.7270707 -0.3251469
-0.5050679 -0.1002344
0.0000000 0.0000000
0.0000000 0.0000000
-0.7884690 0.5048211
-4.8203893 1.9818573
-3.7361016 2.5403337
-2.5815709 3.0608263
-2.3646641 3.7370470
-2.4444740 4.5132461
-2.7113395 5.1787519
-3.2728577 5.7102556
-4.3360009 5.9465618
-6.5617547 5.5251160
-1.4231341 -0.6855267
18.8779526 6.6275163
36.4166946 -1.8899281
1.5587416 -1.1628410
-7.0992403 0.2951457
-5.6385732 -1.7166523
-3.3131185 -1.9027942
-2.2675757 -1.4519229
-1.5825896 -1.1072640
-1.1530051 -0.8531066
-0.8867188 -0.6353543
-0.7596580 -0.4620946
-0.9139365 -0.3074346
-0.7934086 -0.1115594
0.0000000 0.0000000
0.0000000 0.0000000
-2.4246113 0.7850130
-5.7296138 2.2555027
-4.0144196 2.5162492
-3.2305081 3.0996156
-3.1133814 3.7856712
-3.0798051 4.4354100
-3.1863477 4.9363427
-3.5169251 5.2412205
-4.1218128 5.2409086
-5.0839963 4.4041681
1.8929503 -2.8770916
12.6291533 3.9357946
38.1696358 -2.6868165
20.9492130 6.5714526
-5.5998392 1.6621736
-6.7487087 0.0695429
-3.5750351 -0.3837774
-2.4288449 -0.4838391
-1.7196150 -0.5179172
-1.2840077 -0.4915819
-1.0239221 -0.4255806
-0.8861686 -0.3297393
-1.0165026 -0.2615189
-1.0635693 -0.1057410
0.0000000 0.0000000
0.0000000 0.0000000
-4.3549523 0.9815935
-6.2699900 2.3489945
-4.3867173 2.5527201
-3.9380813 3.2531848
-3.7707696 3.9316294
-3.6009266 4.5532837
-3.5622575 5.0438266
-3.6263912 5.3480139
-3.6189766 5.1767316
-3.3439794 4.1924915
5.2796292 -1.7652429
10.8130274 3.0693526
26.2462330 3.5650294
31.3428230 11.6938105
-2.8163548 3.9683013
-6.3308249 2.0874164
-3.3185036 0.7895184
-2.1872249 0.2949679
-1.6070824 -0.0238276
-1.2573353 -0.1868078
-1.0560926 -0.2484815
-0.9525646 -0.2255797
-1.0661113 -0.2131988
-1.2869587 -0.0991789
0.0000000 0.0000000
0.0000000 0.0000000
-6.3007779 1.0833831
-6.6268792 2.3394933
-4.9505210 2.6510806
-4.6806893 3.4598680
-4.4289756 4.1842022
-4.1839871 4.9019527
-4.0717049 5.6006145
-3.8316116 6.0628834
-3.0077538 5.8463373
-1.3939203 4.5153022
6.8687506 -0.7243651
10.3755903 2.0489001
18.7142048 3.1378455
24.8386059 7.5257196
-0.1108559 5.8440671
-3.8505158 3.1258788
-2.4480217 1.6740067
-1.6379882 0.7414741
-1.3007623 0.2627109
-1.1062542 -0.0124856
-1.0096248 -0.1500785
-0.9722081 -0.1750242
-1.0887998 -0.1870466
-1.4666469 -0.1013997
0.0000000 0.0000000
0.0000000 0.0000000
-8.0998926 1.1227731
-6.9869933 2.3002245
-5.7023358 2.7990613
-5.4828911 3.7047396
-5.1871586 4.5398884
-5.0256858 5.5205374
-4.9478130 6.5644779
-3.9399381 6.9504833
-1.9719375 6.2391191
0.6017619 4.3552437
8.6291809 -0.7771294
10.0895767 0.6333385
31.5417061 4.3433447
12.0442829 1.0240752
0.1103219 4.4479485
-0.8825438 2.6351116
-1.1115849 1.8274755
-0.9095107 0.8292024
-0.8804812 0.2977504
-0.8870050 -0.0039143
-0.9210761 -0.1575398
-0.9709548 -0.1930891
-1.1100971 -0.1981644
-1.6225802 -0.1180205
0.0000000 0.0000000
0.0000000 0.0000000
-9.7127628 1.1353134
-7.4778709 2.2804723
-6.6071496 2.9848735
-6.3778806 3.9810483
-6.1770091 5.0211444
-6.3419528 6.3485608
-5.8025665 7.2755466
-3.3893125 7.0409360
-0.3670802 5.5998969
2.9896653 3.4953673
10.4625378 -1.1979513
11.2795162 -0.3407131
21.8565998 -1.9939716
0.8073277 -0.4733683
-1.7881988 5.0032949
0.0612659 2.2348003
0.2343549 1.3781105
-0.1820982 0.5266726
-0.4671580 0.0880894
-0.6756086 -0.1607976
-0.8404424 -0.2753007
-0.9789545 -0.2825740
-1.1545779 -0.2516053
-1.7814848 -0.1514540
0.0000000 0.0000000
0.0000000 0.0000000
-11.1857271 1.1369510
-8.1607170 2.3096387
-7.6262240 3.1941712
-7.4247022 4.2960868
-7.5249796 5.6033378
-7.6610880 6.9222293
-5.6662393 7.0194101
-2.1038127 6.0052958
1.5323452 4.2073712
5.3067889 2.0568151
12.2954464 -1.5757855
12.4062080 -1.7276092
38.4103851 -1.4804753
3.1489534 -0.3694198
2.6171169 6.8453627
1.6885028 0.8830698
1.1523366 0.5148172
0.4452014 -0.0086630
-0.1289598 -0.3215474
-0.5250006 -0.4641854
-0.8123392 -0.4943195
-1.0303277 -0.4374393
-1.2431448 -0.3454036
-1.9682020 -0.2017168
0.0000000 0.0000000
0.0000000 0.0000000
-12.6047859 1.1606545
-9.0275469 2.3427942
-8.7357779 3.3962104
-8.6959095 4.6424031
-9.0345535 6.1215091
-8.1651230 6.8320527
-4.4417267 5.9175587
-0.3642717 4.3461289
3.6650486 2.4466295
7.1805949 0.5170822
12.8315496 -2.1596558
16.1223297 -4.5109329
30.6458683 -5.4892316
3.6304772 0.9147548
3.1221941 -0.2431769
2.5502629 -0.2824966
1.6450366 -0.5964785
0.7551619 -0.8017730
0.0279023 -0.9017957
-0.4965838 -0.8880972
-0.8746269 -0.7967693
-1.1554801 -0.6463103
-1.3958944 -0.4734604
-2.2030864 -0.2661649
0.0000000 0.0000000
0.0000000 0.0000000
-13.8589163 1.1800231
-10.0790319 2.3829052
-9.9418793 3.5893581
-10.2183676 4.9779320
-10.1490469 6.3296304
-7.4580913 5.9894924
-2.6325054 4.3268085
1.7530730 2.3672581
5.4612393 0.6847144
8.4717960 -0.8876878
13.1379995 -2.7049398
20.9924812 -7.2088065
20.2567387 -2.5779517
3.7929754 -3.3033152
3.5028284 -2.1993246
2.6818953 -1.9741085
1.7337534 -1.8560873
0.7649076 -1.7541444
-0.0415474 -1.6048906
-0.6330004 -1.3993946
-1.0608820 -1.1591620
-1.3763939 -0.8933747
-1.6283768 -0.6259584
-2.5005906 -0.3397320
0.0000000 0.0000000
0.0000000 0.0000000
-14.9999084 1.2081795
-11.3017511 2.4461119
-11.2581930 3.8053486
-11.8962030 5.3388343
-10.3016415 6.0704980
-5.6985288 4.6333466
-0.5730604 2.6559889
3.4563384 0.7254648
7.3525801 -1.0929074
9.9490595 -2.8098407
14.3412943 -4.0484257
25.9888725 -9.7737160
3.9353201 -3.6949575
3.7958915 -4.3348427
3.2043602 -4.0309386
2.5098188 -3.5572846
1.5329176 -3.1473613
0.4932242 -2.7712872
-0.3447297 -2.3719935
-0.9518248 -1.9585235
-1.3911265 -1.5529602
-1.7088549 -1.1587155
-1.9507409 -0.7888573
-2.8642716 -0.4154503
0.0000000 0.0000000
0.0000000 0.0000000
-16.0339489 1.2350901
-12.6715879 2.5019400
-12.7453995 3.9981012
-13.2297039 5.4262729
-9.2158566 4.8525486
-3.5296042 3.0415213
1.2690344 1.1347777
5.0635419 -0.5330776
9.2141333 -2.5297134
12.7046490 -5.0663500
16.8319836 -6.6806598
25.7584019 -9.2817822
6.1638799 -6.0160513
4.0684595 -6.4613495
2.9159524 -6.0939865
2.0553589 -5.2637196
1.0422758 -4.4875293
-0.0592555 -3.8251381
-0.8920717 -3.1623721
-1.4677253 -2.5239160
-1.8730360 -1.9447105
-2.1579113 -1.4182137
-2.3677785 -0.9448490
-3.2827046 -0.4851561
0.0000000 0.0000000
0.0000000 0.0000000
-16.9367275 1.2539406
-14.1690149 2.5732679
-14.4034214 4.2535763
-13.3336020 5.0971360
-7.5125036 3.4189417
-1.5855784 1.5208876
2.4134643 -0.0797624
6.7868371 -1.7538182
10.6340914 -2.9783909
15.2099247 -5.9304299
23.3013382 -12.2484121
10.3410559 -8.2765388
7.3412776 -8.4506235
3.9137349 -9.1264877
1.8936888 -8.7770357
0.7160710 -7.5330019
-0.0047934 -6.0635710
-0.9143166 -4.9088006
-1.6927898 -3.9320583
-2.1883602 -3.0487521
-2.5092492 -2.2977898
-2.7195795 -1.6452214
-2.8766005 -1.0741292
-3.7293279 -0.5403879
0.0000000 0.0000000
0.0000000 0.0000000
-17.6849957 1.2413801
-15.8451653 2.5342078
-15.7235708 3.9354541
-12.2663889 3.9542830
-5.6939487 2.0467138
-0.2738900 0.4162449
4.0322251 -1.2968822
8.5097313 -3.3835442
12.8826857 -4.7600493
19.3249397 -7.6228819
27.6331711 -13.3932180
11.2844858 -9.4515390
8.0965176 -9.9570322
4.0554299 -10.3942804
0.8326086 -10.6059275
-1.3097960 -9.7164431
-1.8899409 -7.9153881
-2.2611701 -6.0307736
-2.7921774 -4.5995936
-3.1133621 -3.4786699
-3.2899120 -2.5740292
-3.3791819 -1.8098963
-3.4598060 -1.1567186
-4.1673284 -0.5705711
0.0000000 0.0000000
0.0000000 0.0000000
-18.1839046 1.1821837
-17.3884964 2.3800857
-15.8496819 3.0115194
-10.1281748 1.7694552
-4.2404790 0.8327008
0.2100765 -0.1885778
5.6153073 -2.3394818
9.5697260 -3.7935929
14.5700645 -5.2957349
31.4141254 -14.5645533
17.1621933 -11.2497482
12.2679596 -9.2655811
8.4288712 -9.4386635
4.7425904 -9.5057945
0.8712642 -9.6472664
-2.2152073 -9.9080620
-4.1758561 -9.0135584
-4.3495073 -7.0593863
-4.1802168 -5.0500383
-4.2241311 -3.7459829
-4.1768413 -2.7271218
-4.1069565 -1.8786304
-4.0853491 -1.1700959
-4.5544987 -0.5656669
0.0000000 0.0000000
0.0000000 0.0000000
-18.6248512 1.0762385
-18.7056694 2.1846883
-14.4013805 1.5354979
-7.5800104 -0.4435454
-3.0092490 -0.2413749
2.5253103 -2.1667528
6.9062486 -3.3945508
11.1172123 -4.5869184
17.1179142 -5.1955853
33.5400429 -17.0404758
14.8176126 -8.7131138
11.6590853 -8.2065468
8.1971893 -7.6365910
5.0271797 -7.2959571
1.4383641 -7.0096183
-1.7070770 -7.7474551
-5.0420060 -7.9581766
-6.8309059 -7.0628929
-5.9219694 -5.1770954
-5.5087280 -3.7940347
-5.1526833 -2.6981747
-4.8684831 -1.8055868
-4.7021289 -1.0874877
-4.8653579 -0.5103292
0.0000000 0.0000000
0.0000000 0.0000000
-19.1219940 0.7617555
-18.9953823 1.4267259
-12.3100891 -0.3888271
-6.4059668 -1.6414659
-1.2425905 -2.7295582
3.7133720 -3.2135675
7.0084796 -3.1379721
11.4906311 -3.2035251
31.9159031 -12.6096497
27.1549435 -10.0223970
14.9586067 -6.5899706
11.3514967 -5.7849393
7.6678338 -4.9126477
4.6766200 -4.2478051
1.9655186 -4.1446829
-0.9580269 -4.2446723
-4.1635199 -5.5192785
-7.5288477 -5.1519046
-8.0767021 -4.4240155
-6.7815385 -3.4539661
-6.0971241 -2.4173448
-5.5903130 -1.5468283
-5.2342010 -0.8739514
-5.0631852 -0.3909584
0.0000000 0.0000000
0.0000000 0.0000000
-19.8156376 0.1659352
-17.1711483 -0.2377882
-10.7476149 -2.2829454
-5.3813543 -3.3722630
-0.3254229 -4.1731825
3.7587798 -4.3620982
6.9022841 -4.1126919
13.4020042 -3.3175552
35.0148621 -15.8740063
16.8119354 -7.2008910
13.4498720 -5.6332898
9.9737759 -3.8060782
6.6391406 -2.2626057
4.0145311 -1.3541371
1.7749608 -0.8685344
-0.5313957 -1.2142998
-2.9828184 -1.9474109
-6.1266947 -1.5593350
-9.6530323 -2.3194590
-7.8900037 -2.7605336
-7.0445123 -1.8596563
-6.2673550 -1.0526824
-5.6249633 -0.4732451
-5.1344461 -0.1592422
0.0000000 0.0000000
0.0000000 0.0000000
-20.2774048 -1.3539984
-14.6460552 -2.2603784
-9.1093388 -4.0180731
-4.4073906 -5.2399435
-0.1368681 -5.8400192
2.8532999 -5.7092471
8.3287048 -6.9543238
29.4404411 -13.1941214
36.5978317 -8.8225584
15.5086870 -6.6253095
10.8577480 -3.7571640
8.1789455 -1.5957475
5.2959771 0.4056302
2.9764919 1.4448335
2.1614094 2.2024107
-0.0476354 2.3393083
-2.6671705 1.8718610
-5.2672682 1.7553797
-7.8318882 0.7835957
-8.7568893 -1.4604703
-7.8294506 -0.7802666
-6.7252007 -0.1832972
-5.7685766 0.1647038
-5.0942440 0.1752488
0.0000000 0.0000000
0.0000000 0.0000000
-18.5156250 -4.8464060
-13.4824238 -5.2732253
-7.6594138 -5.9170570
-3.7452934 -7.3188992
-0.0340484 -7.5910048
2.9877169 -7.3321996
9.0495768 -8.2945862
26.8693066 -11.9259281
30.6121025 -9.6665201
11.9314928 -4.2395067
6.7437630 -0.0517515
5.7346854 1.3328476
3.9215188 3.4851298
1.9581016 4.8075657
1.5325963 5.3663702
0.3804627 5.4527926
-1.9363518 5.2453775
-4.3034167 4.1894622
-6.1641679 3.5759730
-8.9996386 2.8316061
-8.3972445 2.2857566
-6.7784209 2.0291550
-5.4140964 1.3814020
-4.5950913 0.6728796
0.0000000 0.0000000
0.0000000 0.0000000
-14.3799257 -8.5989208
-12.8588562 -9.0052538
-6.3992395 -9.1412258
-3.3310966 -9.7381687
-0.4071507 -9.8173923
2.3285658 -9.2036066
9.8244848 -9.3401680
26.7463608 -7.4811182
26.9730034 -5.0187197
11.0567789 -0.4381030
3.8761013 3.8068864
3.2659209 5.2577386
2.5178802 6.7570920
1.3351383 7.6347065
1.1312276 7.8316293
0.1119477 8.4740887
-1.8176898 8.6801462
-5.1290660 9.8131094
-5.6614428 10.3104868
-7.6573615 10.1024189
-7.1297088 8.5535202
-4.8932934 5.4352212
-4.0032096 2.9764700
-3.5005014 1.3281852
0.0000000 0.0000000
0.0000000 0.0000000
-10.3715143 -8.2796125
-9.7264929 -13.2702141
-7.8875256 -13.1475544
-3.7427130 -11.8465490
-1.0471563 -11.1728840
1.8913696 -10.9658775
11.0840311 -10.3257513
21.7577858 -6.6986828
20.2651176 0.8883519
9.6832705 4.0613933
1.0072836 7.7436018
2.0114760 8.1782103
1.4270927 9.7856379
1.0316515 10.6205435
0.6031145 11.0301352
-0.0143715 11.4005518
-1.5536729 12.3647261
-5.9577017 14.4131689
-7.2717690 14.7946930
-7.5929809 16.3192787
-4.9453416 12.6786041
-1.3770498 7.5518975
-1.2748691 4.2609396
-1.5000954 1.9560302
0.0000000 0.0000000
0.0000000 0.0000000
-3.1638999 -1.4846789
-6.4785938 -10.7959204
-2.6135662 -17.2227383
-1.4455116 -15.8892097
0.3571897 -16.2925529
3.6424215 -16.0843849
10.2878780 -11.7631884
12.1393099 -1.7252039
10.8715239 5.8496165
7.6999741 9.7399597
1.9737633 11.6315126
0.5176772 12.9578075
0.3077303 13.9367914
0.0502439 15.6366081
0.2652962 17.1869907
-1.3696914 16.8316898
-1.7209713 19.5827198
-3.9515657 19.5008469
-4.6681328 14.1675043
-1.8850682 6.0961757
-0.3533068 2.9518118
-0.0341911 2.6887729
-0.1921727 2.2913892
-0.2334358 1.1885500
0.0000000 0.0000000
0.0000000 0.0000000
0.0000000 0.0000000
0.0000000 0.0000000
0.0000000 0.0000000
0.0000000 0.0000000
0.0000000 0.0000000
0.0000000 0.0000000
0.0000000 0.0000000
0.0000000 0.0000000
0.0000000 0.0000000
0.0000000 0.0000000
0.0000000 0.0000000
0.0000000 0.0000000
0.0000000 0.0000000
0.0000000 0.0000000
0.0000000 0.0000000
0.0000000 0.0000000
0.0000000 0.0000000
0.0000000 0.0000000
0.0000000 0.0000000
0.0000000 0.0000000
0.0000000 0.0000000
0.0000000 0.0000000
0.0000000 0.0000000
0.0000000 0.0000000
0.0000000 0.0000000
0.0000000 0.0000000
0.3800981 -0.3898878
0.0000000 0.0000000
0.8794992 -0.2952687
0.0720293 -0.7363887
-0.2013710 -0.8611379
0.0000000 0.0000000
-1.1010225 -0.2794789
-0.5614032 0.2154446
-0.5735095 1.1837840
0.0000000 0.0000000
-2.0399368 1.3662368
-0.6066187 2.3357699
-0.6052130 3.4947617
0.0000000 0.0000000
-1.6865385 3.1074772
-0.4880500 4.4111905
-0.4245093 5.1097274
0.0000000 0.0000000
-1.0706239 4.1022444
-0.3388216 5.7389140
-0.3159898 6.2680635
0.0000000 0.0000000
-0.8048859 4.8092575
-0.3133873 6.7956958
-0.3456559 7.3055830
0.0000000 0.0000000
-0.8185964 5.5394964
-0.3797901 7.9314294
-0.4649131 8.5653496
0.0000000 0.0000000
-1.0579157 6.4642906
-0.5386075 9.4662247
-0.7097745 10.3483334
0.0000000 0.0000000
-1.5857272 7.7337852
-0.8823598 11.8234138
-1.1936808 13.2506981
0.0000000 0.0000000
-2.6616161 9.7827768
-1.7100489 15.6564693
-1.9361310 18.6382465
0.0000000 0.0000000
-4.9468684 14.4142609
-1.6725394 21.7854576
-2.6355042 25.3904209
0.0000000 0.0000000
3.0727904 13.6222744
3.6665151 17.9609814
9.7446899 11.7202587
0.0000000 0.0000000
19.3853874 6.0223765
11.4055948 -9.1814804
-2.1628156 -10.8971233
0.0000000 0.0000000
11.5301666 -7.4237280
-0.7195606 -14.1141062
-0.0212025 -13.8517437
0.0000000 0.0000000
-9.6941977 -11.5640240
-0.3949098 -9.5017996
-0.6156262 -7.3233671
0.0000000 0.0000000
-2.3194232 -7.0273991
-0.6136467 -6.6511540
-0.4918849 -5.5059419
0.0000000 0.0000000
-1.7619779 -4.3262544
-0.4518246 -4.7211933
-0.3847845 -3.8848531
0.0000000 0.0000000
-1.1653209 -3.0311239
-0.3425841 -3.3504734
-0.2762869 -2.7331331
0.0000000 0.0000000
-0.7963526 -2.1701198
-0.2360352 -2.3769073
-0.1945304 -1.9559515
0.0000000 0.0000000
-0.5573521 -1.5916933
-0.1648185 -1.6982963
-0.1390576 -1.4093323
0.0000000 0.0000000
-0.4017927 -1.1723824
-0.1193839 -1.2220882
-0.1034948 -1.0032821
0.0000000 0.0000000
-0.3292722 -0.8551841
-0.1055063 -0.8259658
-0.1238584 -0.6316409
0.0000000 0.0000000
-0.3712259 -0.5512770
-0.1404788 -0.3881404
-0.1344758 -0.1563059
0.0000000 0.0000000
-0.3924694 -0.1622020
-0.0511934 -0.0280863
0.0119469 0.1036307
0.0000000 0.0000000
0.0638839 0.0615365
0.0000000 0.0000000
0.0000000 0.0000000
1.3567684 -0.1458313
1.3500682 -0.0936441
0.0916251 -0.1471075
-1.2545627 0.1519527
-2.1829929 0.5396534
-2.5383875 1.0471915
-2.7824528 1.8360783
-3.5649474 2.0196095
-2.4896333 2.5713933
-2.1284106 3.1506832
-2.5526140 2.9429028
-1.6440871 3.5583949
-1.3554561 3.9320431
-1.7373312 3.5268438
-1.2038242 4.2341423
-1.1706375 4.6123772
-1.5602186 4.2712913
-1.2178366 5.0274053
-1.3498009 5.4279199
-1.7447475 5.1054883
-1.5087501 5.9716778
-1.7867346 6.4125829
-2.1815279 5.9437938
-2.0796340 7.1311784
-2.6165602 7.6011820
-3.0275269 6.7147498
-3.1640995 8.6566858
-4.4151435 9.0444012
-4.6963067 7.1664014
-5.8844047 10.5962954
-9.0899515 12.0386343
-10.2379494 8.1140490
-1.8777267 9.0001316
7.8918567 11.5566320
10.4360332 12.1364717
12.2354336 10.2541590
13.8546753 7.8027515
26.8698196 9.5442142
27.0744781 -3.8758852
21.1251144 -1.3645225
25.5794525 0.2165763
-0.2810023 -8.4049988
-10.7289896 -8.0140667
-6.3649883 -4.9237299
-4.4445319 -6.3792248
-4.0953612 -7.2041817
-3.8987424 -6.2304611
-3.2448156 -4.8554244
-2.3711805 -3.9057400
-2.4904463 -3.3634443
-2.0168717 -3.4493794
-1.5999123 -2.7680240
-2.0002537 -2.3878284
-1.3088216 -2.4778004
-1.0747809 -2.0015039
-1.4212680 -1.7917327
-0.8949682 -1.7702875
-0.7498834 -1.4597167
-1.0165851 -1.3417571
-0.6310174 -1.2706741
-0.5430045 -1.0633413
-0.7454160 -0.9897447
-0.4690139 -0.9093313
-0.4303391 -0.7571073
-0.5917439 -0.7071116
-0.4252484 -0.6356681
-0.4767151 -0.4946259
-0.6242118 -0.4872468
-0.5557491 -0.3046749
-0.5660512 -0.1772159
-0.7232621 -0.2129589
-0.3608648 -0.0624789
0.1486745 0.0280847
0.1213186 -0.0089198
0.0000000 0.0000000
0.0000000 0.0000000
1.3315252 0.0296716
1.1671720 0.0956582
-0.4709094 0.2536161
-2.7397151 0.9135910
-3.5774231 1.1970305
-4.1553860 1.7377609
-4.0991187 2.2135549
-4.4612951 2.3060100
-3.4473805 2.6051223
-2.7870865 2.8484793
-3.0307903 2.7540686
-2.2685068 3.1161110
-2.0208004 3.4269347
-2.4118674 3.3332033
-1.9417157 3.7792282
-1.9818281 4.1807919
-2.3668711 4.1129041
-2.0470879 4.6221156
-2.2049356 4.9673519
-2.5266058 4.8132672
-2.3543217 5.4161940
-2.6555703 5.6769524
-2.9064221 5.3863683
-2.9378557 6.1639628
-3.4777262 6.2927356
-3.6334395 5.8205457
-3.9473207 6.7571211
-4.7673273 6.8404765
-4.8252659 6.1197143
-4.9785714 7.1921940
-9.9987879 7.9872661
-10.1595001 7.6785588
-9.2169552 6.7199306
7.8037353 7.8815064
12.9509172 3.2400002
14.3419456 9.2716274
21.6001854 6.5325308
32.2748375 5.4415412
34.0582008 -4.6424036
30.0988102 2.6600513
33.0656242 6.4930048
-3.6924582 -2.5199947
-5.2882810 -2.9623713
-2.1464419 -2.2922502
-6.9715686 -0.1315154
-6.3714027 -5.8178496
-7.3233900 -3.9347939
-4.4072299 -3.4523506
-3.3291919 -3.2199025
-4.2536368 -2.2477734
-2.8655052 -2.6491544
-2.3336680 -2.0921915
-2.8027987 -1.6045221
-1.9396265 -1.8821464
-1.6215084 -1.5506839
-1.9105999 -1.2689617
-1.3579094 -1.3727573
-1.1574423 -1.1675864
-1.3544557 -0.9939467
-0.9819180 -1.0140553
-0.8620861 -0.8749028
-1.0075884 -0.7703688
-0.7494912 -0.7315606
-0.6947788 -0.6323979
-0.8074092 -0.5671591
-0.6570100 -0.5258490
-0.7075909 -0.4435977
-0.7983149 -0.4124532
-0.8106195 -0.3110439
-0.8543220 -0.2322903
-0.9675266 -0.2389348
-0.6430773 -0.1099108
0.0996835 -0.0199854
0.0516222 -0.0321553
0.0000000 0.0000000
0.0000000 0.0000000
0.8795182 0.1560519
0.5684014 0.2045575
-1.7121618 0.5994726
-4.2914333 1.4619490
-5.0191836 1.6430193
-5.3062735 2.1457007
-4.7366714 2.3571994
-4.8949142 2.3841987
-3.8689783 2.5443585
-3.2193565 2.7385910
-3.4905989 2.7512965
-2.8763535 3.0400481
-2.7703304 3.3710489
-3.1373487 3.4021964
-2.7151420 3.7434564
-2.7484727 4.1027145
-3.0651309 4.0986257
-2.7569325 4.4565692
-2.8550570 4.7229838
-3.1023858 4.6541376
-2.9471853 5.0238037
-3.1608086 5.1954827
-3.3050108 5.0266242
-3.3666768 5.4073820
-3.7865868 5.4151478
-3.7410018 5.0507989
-4.1668000 5.5414400
-5.0736690 4.9958606
-4.6024857 4.3045306
-5.8056779 5.2396626
-11.6588287 4.8293815
-9.2804365 3.3561933
-0.8653057 -4.2429891
9.6203661 0.4927663
5.9928908 0.6074675
13.5591154 4.3841338
18.2453041 7.3845396
19.7051067 6.3913369
35.8035355 0.7223022
42.2185478 3.5223513
28.8338661 18.7445374
1.1135610 -0.8212599
0.0453925 -1.1816099
2.4841413 0.4962431
-5.0326977 0.2063863
-6.6197934 -2.9162579
-8.9424667 -2.2823803
-5.5832906 -1.3063744
-4.1177483 -1.4060391
-4.9204898 -1.1741896
-3.3208492 -1.2552561
-2.7585218 -1.0427610
-2.9854679 -0.6796049
-2.2878108 -0.9767916
-1.9500726 -0.9188317
-2.0634215 -0.6400712
-1.6226797 -0.8097958
-1.4119866 -0.7720612
-1.4852419 -0.5885554
-1.2036619 -0.6664224
-1.0756214 -0.6324291
-1.1413150 -0.5171536
-0.9448788 -0.5240998
-0.8832878 -0.4878012
-0.9430826 -0.4188822
-0.8192727 -0.3929352
-0.8562621 -0.3616637
-0.9074440 -0.3221908
-0.9601870 -0.2808379
-1.0540102 -0.2333792
-1.1302651 -0.2249454
-0.9248376 -0.1092055
-0.0101229 -0.0361403
-0.0690178 -0.0423207
0.0000000 0.0000000
0.0000000 0.0000000
0.0475953 0.2623155
-0.4576933 0.3330556
-3.4306045 0.8691393
-5.6875858 1.7942933
-6.2662253 1.8851088
-6.0255876 2.3313005
-5.0463705 2.3791959
-5.1815681 2.3881822
-4.1933923 2.5315690
-3.7539072 2.8048708
-4.0751667 2.8735077
-3.5636265 3.1554947
-3.5040612 3.4923253
-3.8497407 3.5711243
-3.4203076 3.8359947
-3.3837318 4.1592417
-3.6811066 4.2203155
-3.3342264 4.4423289
-3.3254290 4.7020960
-3.5880375 4.7547526
-3.3549292 4.9072590
-3.4231699 5.0664983
-3.5961370 5.1686072
-3.4993000 5.1926117
-3.6333785 5.1523142
-3.6394608 5.3433571
-3.7382107 5.0023675
-3.7402980 4.8896618
-3.5391698 5.0151582
-3.4620426 3.3848264
-6.0917168 4.5251956
-5.8227758 4.3988404
4.2856808 -2.3155539
7.4284000 1.2585371
8.1214676 2.1614771
10.5195179 3.2778575
14.2156067 3.6125526
13.8163013 1.1427517
33.7485275 4.9321084
31.2152138 11.9243612
33.1732521 5.7885323
23.5464725 4.8057308
6.5302525 2.9089878
13.0416851 7.0630698
-5.4294434 2.6018236
-7.9841409 0.6542100
-6.2433095 3.0364165
-6.4919729 1.3070022
-4.7715898 -0.0237944
-4.4370203 0.9373801
-3.3561876 0.2561584
-2.8505960 -0.0868862
-2.5604930 0.3185502
-2.2961633 -0.0233472
-1.9998490 -0.2904674
-1.8586062 -0.0218568
-1.6516105 -0.2330950
-1.4750139 -0.3779086
-1.4074142 -0.2117239
-1.2673558 -0.3176399
-1.1609536 -0.3886343
-1.1410812 -0.2869988
-1.0394526 -0.3229561
-0.9857371 -0.3465942
-0.9956484 -0.2878623
-0.9200382 -0.2695870
-0.9478806 -0.2777405
-0.9667632 -0.2432198
-1.0402938 -0.2326281
-1.1831949 -0.2089748
-1.2286744 -0.1954328
-1.1713443 -0.1003060
-0.1419981 -0.0423374
-0.2029654 -0.0442886
0.0000000 0.0000000
0.0000000 0.0000000
-1.1129166 0.3853110
-1.8009474 0.4402273
-5.3414335 1.0330703
-6.8060985 1.9424392
-7.2528663 1.9689084
-6.4645810 2.3663483
-5.3407989 2.3805473
-5.5470281 2.3975267
-4.6559792 2.5927603
-4.4147239 2.9624038
-4.7857585 3.0515158
-4.2949939 3.3419406
-4.2035861 3.6924815
-4.5680437 3.8067181
-4.0861878 4.0278201
-3.9670711 4.3784957
-4.3268323 4.5063319
-3.8963401 4.6521993
-3.8017144 4.9864225
-4.1832652 5.1957231
-3.7943799 5.2144456
-3.7384677 5.4974518
-4.0014744 5.8504181
-3.6615970 5.6146021
-3.5251861 5.6823435
-3.4864058 6.0606575
-3.2974598 5.4664903
-2.7901742 5.2063522
-2.3022635 5.2915673
-2.3260789 4.1230216
-4.6940660 4.5299439
-3.0076432 3.6831112
5.9515686 -0.9463007
7.2885880 2.2130103
7.8616452 2.3071246
9.9993572 2.2231624
14.5983849 4.0201697
12.2186241 3.6423011
22.9885635 6.5594945
26.0231075 5.7974563
27.0458794 2.7788219
25.0369282 7.6456323
12.4297829 5.2662420
10.5119514 4.3550277
-2.0842006 5.0863218
-4.8500323 3.5371146
-3.1676748 4.4237952
-5.2438011 3.1515925
-4.0310431 1.4693031
-3.0605307 2.2754235
-2.8163350 1.4743648
-2.3939891 0.6476035
-1.8227667 1.0244530
-1.9308940 0.6191693
-1.7405220 0.2056908
-1.4225600 0.4113438
-1.4689199 0.1807016
-1.3497282 -0.0716830
-1.1793786 0.0447351
-1.1911798 -0.0654445
-1.1277260 -0.2031603
-1.0424345 -0.1381770
-1.0399208 -0.1791550
-1.0114974 -0.2416000
-0.9825150 -0.2070366
-0.9686402 -0.1883577
-0.9948937 -0.2169259
-0.9944352 -0.1979495
-1.0798084 -0.1938910
-1.2617980 -0.1820106
-1.2883985 -0.1722784
-1.3711929 -0.0966584
-0.2796135 -0.0427784
-0.3392582 -0.0420805
0.0000000 0.0000000
0.0000000 0.0000000
-2.5498989 0.4772916
-3.3414276 0.5096996
-7.1970863 1.1080885
-7.6819630 1.9699169
-8.0549135 1.9639324
-6.8153701 2.3301315
-5.7839732 2.4126358
-6.0932226 2.4477880
-5.3100400 2.7124634
-5.1796188 3.1625059
-5.6033559 3.2634213
-5.0716476 3.5684686
-4.9350939 3.9623868
-5.3523936 4.1010356
-4.7992444 4.3266854
-4.6462007 4.7559967
-5.1441154 4.9624252
-4.6156631 5.1110935
-4.4880867 5.6322303
-5.0868630 6.0100303
-4.4605150 6.0010386
-4.2888064 6.3911414
-4.5315366 6.8956265
-3.8700640 6.5817108
-3.2931435 6.4557543
-3.0094869 6.7158923
-2.4823678 6.1076465
-1.4752311 5.3860259
-0.7235667 5.4065304
-0.3706477 4.3959694
-1.9984962 3.7350998
-0.6313415 3.9670300
7.7521858 -0.6073909
8.0131111 1.4920372
9.2463045 1.5701656
9.1932096 2.0677576
6.8407288 -1.1437496
9.5542383 -1.2138366
28.2684994 3.1074512
27.3638706 1.3258380
32.4115105 -5.4043846
24.1365795 -0.0113975
8.1353178 6.2988935
4.3860087 5.8164101
0.6717557 6.1222196
-3.2861230 3.9574220
0.1703919 4.8460693
-2.9830174 3.5460145
-2.4947307 2.2347856
-1.2301935 2.9359446
-1.8809204 2.0800161
-1.5669863 1.0723816
-0.8770128 1.3081129
-1.3300835 0.8995267
-1.2635266 0.4666698
-0.8608735 0.5542598
-1.1348771 0.3443515
-1.0924104 0.0806249
-0.8644982 0.1162661
-1.0245739 0.0290608
-1.0109321 -0.1204052
-0.8941662 -0.1095229
-0.9808459 -0.1317607
-0.9877686 -0.2011909
-0.9388945 -0.2016679
-0.9812832 -0.1707437
-1.0177120 -0.1977184
-1.0100126 -0.2010580
-1.1054877 -0.1856960
-1.3145525 -0.1697443
-1.3393081 -0.1699846
-1.5365040 -0.1057116
-0.4180842 -0.0417471
-0.4795474 -0.0408570
0.0000000 0.0000000
0.0000000 0.0000000
-4.1491017 0.5301943
-4.9851990 0.5458887
-8.8915939 1.1339796
-8.4235859 1.9455875
-8.7794180 1.9325293
-7.2355647 2.2896557
-6.4288802 2.4929194
-6.8390956 2.5484555
-6.1371789 2.8787568
-6.0419030 3.3897908
-6.5165358 3.5004835
-5.9222345 3.8273957
-5.7596402 4.2902508
-6.2732220 4.4629464
-5.6675682 4.7328238
-5.5895424 5.3217940
-6.2977495 5.6315198
-5.6775317 5.8629279
-5.6163454 6.5763645
-6.2146306 6.9589419
-5.3071437 7.0456953
-4.7486057 7.2137842
-4.6524730 7.3934627
-3.6741264 7.2014918
-2.4798150 6.7152047
-1.8723236 6.3604321
-1.0790486 6.0474334
0.3700040 5.0757174
1.2764314 4.4975595
1.9039701 3.9841998
0.4649193 3.4239829
1.5984579 2.6260450
9.6292334 -0.8629931
9.4804182 1.3195356
10.1572828 0.2466696
10.7643623 -0.1990364
11.8952074 -0.1038233
11.4912367 -0.5684756
30.9331436 -5.3132701
26.8337574 -3.1271269
23.9162731 -1.7855409
9.4361458 0.2509268
5.8973689 4.5393624
-1.2541280 2.6395304
2.9737928 3.8627777
0.5073225 3.9171326
-0.6419106 3.5752633
-1.1389813 2.0971980
-0.8670663 2.5535924
0.2544607 2.6481762
-0.7333956 1.8471494
-0.6224627 1.0953619
0.0922535 1.1824850
-0.6566676 0.7861539
-0.7079244 0.4400536
-0.3207563 0.3978514
-0.7362343 0.2452266
-0.7852966 0.0378497
-0.5668247 -0.0194526
-0.8191552 -0.0517862
-0.8655227 -0.1662138
-0.7545190 -0.2183037
-0.9045979 -0.1973742
-0.9481606 -0.2430719
-0.9072416 -0.2844045
-0.9873988 -0.2257793
-1.0412731 -0.2303789
-1.0418319 -0.2588310
-1.1394274 -0.2185066
-1.3714795 -0.1824035
-1.4080269 -0.1955612
-1.6918756 -0.1311845
-0.5642592 -0.0437933
-0.6364041 -0.0450252
0.0000000 0.0000000
0.0000000 0.0000000
-5.8208108 0.5544293
-6.6629181 0.5557180
-10.4220724 1.1395113
-9.1422806 1.9207896
-9.5292568 1.9201250
-7.8188009 2.2882681
-7.2670703 2.6208999
-7.7587142 2.6930497
-7.1015425 3.0788260
-6.9976583 3.6344287
-7.5331993 3.7539768
-6.8889084 4.1205330
-6.7746172 4.7005138
-7.4308038 4.9162045
-6.8299770 5.2798271
-6.9469557 6.0465097
-7.7123404 6.3492804
-6.9977045 6.6885390
-6.7329445 7.1969895
-6.8531346 7.2769747
-5.7006588 7.4214435
-4.3680329 7.0780835
-3.8674591 6.6713829
-2.6937823 6.6152372
-0.9810827 5.8331356
-0.2711217 5.1110477
0.7681310 4.9555736
2.5959554 3.8910782
3.5327008 3.1460242
4.2925706 2.7161155
3.1664371 2.1694319
4.2865267 1.3422371
11.8045626 -1.2731944
11.5969868 -0.4237756
12.1306820 -0.7127227
12.2679739 -0.8133155
12.4355154 -2.3050635
14.2141314 -4.3202710
31.5593204 -0.0984086
27.6890793 -0.0176404
23.7676792 -0.7329389
2.8935647 -0.0820708
-0.1467728 3.8845994
3.5121458 5.5567322
0.5506613 6.7794046
1.1313007 3.8365011
1.6060020 3.1689563
1.0887172 1.3538400
0.9819986 2.0553236
1.4639813 1.3409301
0.4157558 0.8402936
0.2982160 0.7629279
0.8192881 0.5012251
-0.0394589 0.2886553
-0.1952546 0.1398176
0.1455137 -0.0519743
-0.3880419 -0.0891346
-0.5144623 -0.1946866
-0.3372488 -0.3456231
-0.6477656 -0.2918766
-0.7518923 -0.3426684
-0.6716356 -0.4559329
-0.8540832 -0.3708455
-0.9355693 -0.3708111
-0.9213685 -0.4517488
-1.0205034 -0.3508822
-1.0916153 -0.3161614
-1.1180011 -0.3689879
-1.2063130 -0.2934331
-1.4586141 -0.2239103
-1.5177779 -0.2506304
-1.8622386 -0.1740873
-0.7357409 -0.0523466
-0.8291260 -0.0570889
0.0000000 0.0000000
0.0000000 0.0000000
-7.5006204 0.5472787
-8.3319130 0.5456163
-11.8660631 1.1476681
-9.9275274 1.9242635
-10.3575363 1.9193096
-8.5912037 2.3285525
-8.2554016 2.7712801
-8.8048353 2.8374217
-8.1676836 3.2901723
-8.0709667 3.8875289
-8.6856441 4.0114641
-8.0441704 4.4518275
-8.0876207 5.1799541
-8.8589840 5.4161344
-8.2714367 5.8775139
-8.3962507 6.6171117
-8.8744068 6.7276959
-7.9381404 7.0395470
-6.8864713 6.9957366
-6.4482942 6.6756520
-5.0834951 6.7115412
-3.1255946 5.9421806
-2.3447080 5.1677728
-1.1429065 5.1855083
0.8148778 4.2245865
1.7284938 3.3248823
2.7044458 3.3327506
4.5952835 2.2594948
5.5790601 1.4581760
6.2547178 1.3294442
5.5511818 0.5314701
6.8462362 -0.1715291
12.6171980 -1.6976918
13.3705683 -0.5234411
13.2990294 -0.5991033
14.3990898 -3.0943296
18.2444344 -6.4911952
21.3444748 -5.7753201
31.6897488 -4.7715621
1.8683051 -1.5342678
-0.5862076 -1.2629464
4.8689394 1.1188560
5.8347931 4.6961937
3.6877024 -0.0686935
2.4131196 2.0843377
2.2971461 0.6719631
3.0852983 0.0114375
2.5185835 0.5786287
1.9300467 0.4557592
2.0753434 -0.3764920
1.3334969 -0.0738313
0.9217865 -0.1200227
1.1735157 -0.6054777
0.4520332 -0.4173083
0.1611087 -0.4540509
0.3681669 -0.7794293
-0.1397679 -0.6045179
-0.3484895 -0.6115202
-0.2544580 -0.8461577
-0.5618303 -0.6657166
-0.7156413 -0.6400029
-0.6962614 -0.8070905
-0.8720592 -0.6371902
-0.9876626 -0.5773161
-1.0176657 -0.6922727
-1.1089855 -0.5362436
-1.1972495 -0.4501172
-1.2614045 -0.5235319
-1.3275930 -0.4061242
-1.5945815 -0.2936536
-1.6856756 -0.3324180
-2.0709546 -0.2329817
-0.9546243 -0.0688119
-1.0805228 -0.0774020
0.0000000 0.0000000
0.0000000 0.0000000
-9.1767921 0.5547722
-10.0328131 0.5642938
-13.2510548 1.1726508
-10.7846155 1.9060676
-11.2667122 1.9015229
-9.5439987 2.3559992
-9.3645716 2.9029915
-9.9772854 2.9649734
-9.3259830 3.4837940
-9.3149719 4.1420250
-10.0307198 4.2667150
-9.4388113 4.8003697
-9.6270351 5.6410112
-10.3568897 5.8209281
-9.6162243 6.2770815
-9.2138462 6.6440830
-9.1347237 6.4779263
-7.8868756 6.5741301
-5.8915744 5.9708219
-5.0420318 5.3265367
-3.6013939 5.2475042
-1.4389368 4.3129759
-0.3632888 3.2864218
0.6698381 3.3444691
2.6849446 2.3047945
3.6457736 1.3552626
4.5652008 1.5619622
6.3281817 0.4976749
7.2250485 -0.4616686
7.9036994 -0.1504767
7.8563309 -1.3199347
9.2369461 -2.3928206
12.8757133 -2.2684906
12.9888926 -1.8975176
13.8079185 -3.6626761
18.7436790 -5.3285813
25.3944530 -3.9394875
26.0761471 -7.6171217
25.4849987 -2.8515108
0.0109417 0.4473933
-0.5850916 -1.0884358
3.1622040 -2.2485707
3.4359310 -2.2506676
3.9489753 -2.6109464
3.8043153 -0.9374056
3.1333027 -1.1565408
3.1044359 -2.2221298
2.6624534 -1.1769912
2.1268868 -1.2270539
2.2301404 -1.9359704
1.6182894 -1.2439903
1.1105734 -1.2480882
1.2304497 -1.7819527
0.6283600 -1.2989174
0.2607968 -1.2424399
0.3275371 -1.6368209
-0.0872869 -1.2563206
-0.3540705 -1.1693219
-0.3615514 -1.4580171
-0.6115622 -1.1408392
-0.8032801 -1.0333089
-0.8605983 -1.2373050
-0.9960734 -0.9747725
-1.1337295 -0.8463818
-1.2237045 -0.9848809
-1.2813362 -0.7678640
-1.3812863 -0.6219111
-1.4925545 -0.7091907
-1.5192018 -0.5484725
-1.7941213 -0.3864545
-1.9220932 -0.4331734
-2.3358717 -0.3038347
-1.2427129 -0.0926108
-1.4110197 -0.1045358
0.0000000 0.0000000
0.0000000 0.0000000
-10.9093428 0.5733692
-11.7828617 0.5820529
-14.4524889 1.1911277
-11.7332964 1.9129388
-12.2559795 1.9249765
-10.6791039 2.4087710
-10.5894842 3.0467494
-11.2584352 3.1202939
-10.5840578 3.6885602
-10.7721739 4.4303355
-11.6038790 4.5863447
-11.0298376 5.1674094
-11.0453453 5.9932699
-11.4820528 6.0364428
-10.3070602 6.3392262
-8.8950434 6.0698771
-8.2596455 5.5825114
-6.6728497 5.4351296
-4.0729251 4.4244099
-3.0339208 3.6466072
-1.6856588 3.4183335
0.5946594 2.4033182
1.5162646 1.6742780
2.5921619 1.4344811
4.5127435 0.5322189
5.3644986 -0.1949747
6.3987489 -0.2144710
8.1311855 -1.3318847
9.0232038 -2.1054943
9.3088884 -1.7100816
10.4635029 -3.4501226
11.9170275 -4.8246593
13.2537193 -3.3115470
15.5558710 -4.7910161
16.6165428 -6.3736978
21.7130699 -10.2466345
28.6864796 -9.7189894
24.6323376 -7.4766831
6.7345481 -3.1266704
2.4651301 -1.6859347
4.0518436 -3.2772648
3.1375544 -3.8003666
3.0607345 -3.5047245
3.5797489 -4.0126796
3.0604293 -3.1382632
2.6713860 -3.1208706
2.9312129 -3.7699976
2.4160516 -2.7944975
1.9244664 -2.7211857
2.0499547 -3.3506055
1.4605070 -2.5358832
0.9558588 -2.4130211
0.9998699 -2.9479299
0.4846106 -2.2846949
0.0914617 -2.1160393
0.0357370 -2.5356073
-0.2701034 -1.9940772
-0.5601302 -1.8075403
-0.6738324 -2.1187418
-0.8357401 -1.6809030
-1.0448866 -1.4852278
-1.1851141 -1.7047846
-1.2517458 -1.3570977
-1.3981478 -1.1535021
-1.5544950 -1.3004788
-1.5578007 -1.0277140
-1.6586365 -0.8156928
-1.8242426 -0.9071048
-1.7951549 -0.7086568
-2.0660985 -0.4921475
-2.2336719 -0.5406196
-2.6656077 -0.3803349
-1.6173942 -0.1217623
-1.8342685 -0.1356429
0.0000000 0.0000000
0.0000000 0.0000000
-12.6869688 0.5937957
-13.5969343 0.6066412
-15.5498219 1.2206758
-12.7719316 1.9400626
-13.3325043 1.9503188
-11.9757843 2.4687762
-11.9161577 3.2011497
-12.6393061 3.2779663
-11.9833584 3.8870904
-12.4556837 4.7490931
-13.3192282 4.8925028
-12.5862455 5.4389625
-11.6880531 5.8397231
-11.4320240 5.4899936
-9.8753939 5.6299968
-7.4733596 4.8136530
-6.5678949 4.0596828
-4.6419234 3.8890705
-1.9193556 2.7477274
-0.8650634 1.9138312
0.4077804 1.5588739
2.4622457 0.7666193
3.1946385 0.2480009
4.2454095 0.0649536
6.2569351 -0.8006187
7.0907960 -1.4576858
8.3203669 -1.9325629
10.0368738 -2.6435828
10.9053860 -3.1075006
11.4895954 -3.9745514
13.6166859 -5.4286633
14.7549639 -5.9676561
15.1917448 -4.4119821
19.5395203 -10.2775059
24.5563717 -11.6651039
25.0921898 -10.9555073
14.4604139 -6.7303185
8.9215794 -5.4986210
5.9441314 -4.0609818
4.6488986 -4.6818604
5.1699944 -5.8041024
3.7669506 -5.1065140
3.0836155 -5.2168560
3.4711645 -6.2000980
2.6219392 -5.0328584
2.1727843 -4.8620143
2.5179293 -5.6324944
1.8381966 -4.4567223
1.4221810 -4.1789265
1.5829687 -4.8130531
0.9878618 -3.8531630
0.5291888 -3.5701394
0.4755095 -4.1049242
0.0657891 -3.3110471
-0.3289525 -3.0187287
-0.5061189 -3.4379098
-0.6909456 -2.7736924
-0.9772756 -2.4723969
-1.2045767 -2.7783964
-1.2501659 -2.2474580
-1.4535211 -1.9552834
-1.6815295 -2.1676631
-1.6566254 -1.7541810
-1.7934537 -1.4681425
-2.0182023 -1.6063402
-1.9479744 -1.2938147
-2.0385888 -1.0107586
-2.2593491 -1.0942607
-2.1637595 -0.8709067
-2.4132786 -0.5967188
-2.6207964 -0.6396268
-3.0566094 -0.4547511
-2.0876877 -0.1531191
-2.3544779 -0.1669823
0.0000000 0.0000000
0.0000000 0.0000000
-14.5257730 0.6181226
-15.4760056 0.6282199
-16.5207386 1.2409406
-13.9116087 1.9662524
-14.5357599 1.9873961
-13.4103832 2.5369651
-13.3797102 3.3886967
-14.2083206 3.5217316
-13.5685892 4.1366796
-14.1040649 5.0247822
-14.5935411 4.9986010
-13.3583965 5.4039779
-10.9220848 4.9303999
-10.2323284 4.3504896
-8.4259386 4.1777925
-5.4749746 3.2281356
-4.3393803 2.4439759
-2.5640342 2.2626286
0.1650374 1.1938634
1.0232456 0.5339832
1.9104197 0.3763980
4.0731931 -0.3814084
4.8981252 -0.9899415
5.9306860 -1.1579463
8.0091286 -2.0346251
8.6795511 -2.7097142
9.9410152 -2.8091085
11.9183645 -3.5444343
12.7319164 -4.4653654
14.0270033 -5.6353478
16.4535007 -6.2322860
19.9987507 -7.7842221
22.5796890 -11.8254461
24.8457508 -13.3563862
25.7120514 -12.0461769
16.3501759 -8.1028032
8.2086592 -6.8667331
9.4217653 -7.8419814
7.2865977 -6.9450712
5.6095228 -7.4238949
5.6030931 -8.7654753
4.2833552 -7.6834540
3.0569775 -7.7162390
2.7899158 -9.0402594
2.1305053 -7.4799838
1.3968421 -7.0968785
1.2499443 -8.2432461
0.9358900 -6.4533081
0.5713140 -5.8734612
0.3752961 -6.7407093
0.2187179 -5.2898560
-0.1552254 -4.7900901
-0.4295672 -5.3669877
-0.6254155 -4.3815126
-1.0070809 -3.9214456
-1.3256259 -4.3188558
-1.3641793 -3.5586939
-1.6142021 -3.1154466
-1.9586459 -3.3943672
-1.8645582 -2.7962782
-2.0366449 -2.3997779
-2.3541212 -2.5808535
-2.2156227 -2.1317606
-2.3213573 -1.7558382
-2.6150966 -1.8666763
-2.4531794 -1.5410328
-2.5204709 -1.1834341
-2.7934504 -1.2462721
-2.6253798 -1.0166594
-2.8336706 -0.6844763
-3.0782928 -0.7143309
-3.4898825 -0.5183778
-2.6514761 -0.1824126
-2.9638312 -0.1943211
0.0000000 0.0000000
0.0000000 0.0000000
-16.4127483 0.6435186
-17.4158993 0.6513808
-17.3533573 1.2485670
-15.1775475 1.9883610
-15.8642778 1.9649885
-14.9994965 2.5705445
-15.1002016 3.6338277
-16.0015697 3.6412139
-15.1628895 4.2315097
-14.7271194 4.7127552
-14.4716511 4.2223687
-12.8283634 4.6939678
-9.3932867 3.5779490
-8.5876446 2.7703602
-6.5807285 2.7507095
-3.1915872 1.5751387
-2.0601983 0.7167416
-0.9807310 0.8707504
1.8265797 -0.0826241
2.5933444 -0.6677741
3.1373782 -0.6630873
5.8765368 -1.5806119
6.7667532 -2.2250590
7.6632390 -2.6745830
9.6284981 -3.1648507
10.3465738 -3.4703748
11.7080069 -3.8768818
14.1497507 -4.9862771
15.0467625 -5.2115431
17.3383503 -6.0343566
21.7091999 -8.9739676
27.8278465 -14.3437414
28.7363415 -13.7735815
20.1682091 -11.1785402
14.2944651 -10.0694914
11.8182793 -8.7780867
9.6824617 -9.0380735
9.9124165 -9.6197701
8.0028276 -9.4418049
6.2768874 -9.7213135
6.1418953 -10.2054405
4.6799293 -9.9245148
3.0821376 -9.9333391
2.3491740 -10.6419001
1.6323944 -9.8590345
0.3881039 -9.5381136
-0.3691750 -10.3785067
-0.4048103 -8.7899323
-0.8795586 -8.0178070
-1.7343718 -9.0001154
-1.1072429 -7.0315599
-1.3415326 -6.1976948
-2.0318460 -6.9301085
-1.6912308 -5.4895706
-1.9840450 -4.7970095
-2.5458949 -5.1570640
-2.3065922 -4.2935243
-2.4845333 -3.6895742
-2.9447391 -3.9126790
-2.6839073 -3.2786448
-2.7922108 -2.7723951
-3.1987860 -2.8943512
-2.9229705 -2.4522421
-2.9747980 -1.9785277
-3.3346450 -2.0416198
-3.0630066 -1.7412846
-3.0931375 -1.3078685
-3.4106061 -1.3378992
-3.1706579 -1.1259743
-3.3185682 -0.7412006
-3.5941038 -0.7508034
-3.9337134 -0.5623929
-3.2943199 -0.2049915
-3.6406598 -0.2119401
0.0000000 0.0000000
0.0000000 0.0000000
-18.3318195 0.6597348
-19.3741741 0.6563168
-17.9666271 1.2075939
-16.5276814 1.9359310
-17.2621250 1.9213288
-16.6350479 2.4526641
-16.8287926 3.5683303
-17.5358162 3.4460862
-15.9137478 3.5935588
-13.9347925 3.5700278
-13.2342854 2.8587253
-11.3409929 2.9752636
-7.6449361 1.7698131
-6.7912664 0.7788479
-4.8134885 1.4156243
-1.0726941 -0.1593631
-0.5428939 -0.9415313
0.0131056 -0.0164308
3.4331853 -1.5660679
4.1053987 -2.3503540
4.8107519 -1.8754138
7.4216232 -2.9569814
7.9334211 -3.5727684
8.8919706 -3.6608040
10.9589863 -4.0516219
11.6765699 -4.6792769
13.4672794 -5.2191253
15.9065666 -5.2698102
18.7517643 -6.2509055
29.9933395 -14.2043657
32.4446907 -15.6151972
28.3413258 -12.1422682
22.3898659 -11.3291426
13.6433640 -10.4291201
13.6702976 -9.4828672
12.3290787 -9.2561331
10.2956266 -9.8410501
10.3650808 -9.5895576
8.5956564 -9.8735304
6.6822648 -10.0682163
6.7417412 -9.5862913
5.1138363 -10.2452402
3.3585348 -10.3704815
2.7347348 -9.5318365
1.4920083 -10.4141665
-0.2146275 -10.3347492
-0.6699759 -9.9002304
-1.6062200 -10.0134048
-2.6015234 -9.6141176
-3.4145553 -9.8417463
-3.0304594 -8.6156092
-3.2704651 -7.7144079
-4.3895540 -8.3261700
-3.3607695 -6.5724034
-3.4228013 -5.5954504
-4.3286638 -6.0112739
-3.5361848 -4.8590097
-3.5805271 -4.1364608
-4.1518025 -4.2466159
-3.6995587 -3.6404755
-3.7106171 -3.0164230
-4.1915526 -3.0474150
-3.7636974 -2.6769369
-3.7366376 -2.0942180
-4.1419377 -2.0894599
-3.7596209 -1.8629979
-3.7352371 -1.3574642
-4.0810785 -1.3408316
-3.7754047 -1.1770443
-3.8537333 -0.7519873
-4.1479659 -0.7351312
-4.3485785 -0.5757806
-3.9888222 -0.2166595
-4.3447995 -0.2155743
0.0000000 0.0000000
0.0000000 0.0000000
-20.2086372 0.6534168
-21.3066673 0.6270847
-18.3907719 1.1371624
-17.9534454 1.9422641
-18.7637806 1.9688520
-18.0573540 2.3592639
-17.8617458 3.2314327
-17.8402576 2.7967360
-15.1584177 2.4358773
-12.5329466 2.1284342
-11.6435499 1.3997310
-8.7439795 0.4699801
-5.9443855 -0.0737764
-5.1773448 -0.7825273
-3.6272659 0.2949622
0.2713710 -1.6471926
0.5772272 -2.2291241
1.8152872 -1.5570313
4.9440241 -2.8023002
5.4328589 -3.2528636
6.3355870 -3.0500109
8.5341940 -3.8499942
9.0395641 -3.8102822
10.2057056 -4.3818078
12.2946882 -5.1537728
13.3910255 -4.9995718
15.2737856 -5.2392664
26.7804089 -12.1770678
32.9994659 -16.2211819
32.9559784 -14.7902889
33.1094475 -15.5809889
19.0148563 -9.5451288
14.7760124 -9.4101028
13.5526276 -8.9164753
13.7759962 -7.8831177
12.0448523 -8.9529963
10.0621529 -8.7779598
10.1655378 -7.6440921
8.5563335 -8.6510077
6.6237650 -8.4981689
6.5759416 -7.3020139
5.0656977 -8.3843241
3.3847668 -8.4735861
3.1343126 -7.1446958
1.6929647 -8.6062412
0.1210084 -8.7922640
0.0180750 -7.3343024
-1.6129032 -9.1183033
-3.2762196 -9.1482096
-3.4808784 -7.9573898
-4.4818649 -8.7450075
-5.2836599 -8.4573317
-6.0042491 -8.0336046
-5.5679116 -7.3097014
-5.5567951 -6.3718128
-6.9045000 -6.6059241
-5.0865188 -5.1726999
-4.8736234 -4.3806891
-5.5737615 -4.4103842
-4.8903604 -3.8087478
-4.7636342 -3.0600154
-5.3295145 -2.9652402
-4.6890750 -2.7509146
-4.5709295 -2.0628514
-5.0140586 -1.9711404
-4.5025253 -1.8669416
-4.4112735 -1.3046856
-4.7710381 -1.2275603
-4.3964696 -1.1462555
-4.4088736 -0.7026461
-4.7111835 -0.6515066
-4.6981478 -0.5468161
-4.6854963 -0.2090803
-5.0257149 -0.1964148
0.0000000 0.0000000
0.0000000 0.0000000
-21.9445343 0.6213872
-23.0828495 0.5458630
-18.8707428 0.9413092
-19.4096165 1.9116954
-20.1621418 1.8145055
-18.9138622 1.9925117
-17.3116226 2.1559358
-16.4138126 1.1814493
-13.2061062 0.5586794
-11.0369577 0.4801943
-10.0124979 -0.7904004
-6.7603807 -1.0460774
-4.3996086 -1.4291630
-3.8594356 -2.3172598
-1.9906598 -1.5376222
1.1635261 -2.7676282
1.5601563 -3.5674093
3.0953119 -2.6836448
5.6993284 -3.4413297
5.4275479 -3.7550955
7.2085643 -3.1572590
9.0976210 -3.6328056
8.9452715 -3.7021222
11.2055540 -4.2660961
14.0918226 -3.9548228
15.2852850 -3.9416747
30.8930740 -12.8585663
36.4837723 -15.2128572
36.1468506 -10.2156000
27.0779095 -11.3253775
18.9183292 -9.6360130
15.7177572 -7.3405304
15.0304260 -7.2841311
13.5662422 -7.2455397
13.0161638 -6.4504676
11.6529770 -6.9616432
9.8764734 -6.5524025
9.4145889 -5.3592057
7.9709191 -6.2834167
6.4122066 -5.9557438
6.0759883 -4.4767723
4.7868538 -5.8121696
3.2367258 -5.5044422
3.2491097 -4.0720954
1.8529932 -5.6391263
0.5220392 -5.8203354
0.5325232 -4.0975533
-1.1066511 -6.1552153
-2.8566396 -6.3331928
-2.6047573 -4.6306925
-4.4630251 -6.8138041
-5.7072773 -6.9199176
-5.6206002 -5.7969313
-7.0999589 -6.2524352
-7.9418879 -6.4705119
-8.9123878 -6.1245804
-6.9945149 -4.9455881
-6.3945756 -4.3476033
-7.2042832 -4.1555166
-6.1868181 -3.7047906
-5.8952265 -2.8192637
-6.4448724 -2.5644464
-5.6641078 -2.6045394
-5.4309478 -1.8362683
-5.8485503 -1.6322370
-5.2554727 -1.7091633
-5.0803618 -1.1150938
-5.4107599 -0.9554863
-4.9792395 -1.0032403
-4.9474363 -0.5745896
-5.2124214 -0.4815128
-4.9563546 -0.4600776
-5.3180308 -0.1726669
-5.5994310 -0.1478066
0.0000000 0.0000000
0.0000000 0.0000000
-23.3520470 0.5259880
-24.3669567 0.3302099
-19.4757328 0.4686413
-20.5648289 1.6306739
-20.7196407 1.2315493
-18.0918388 0.9044786
-15.2059898 0.1842937
-13.9402752 -1.0220025
-11.5109921 -1.3606383
-9.0942249 -1.8709489
-8.3037643 -2.8867781
-5.9326944 -2.4496198
-3.1212983 -3.2292213
-2.6393273 -4.0769606
-0.6797323 -3.6010673
1.6114780 -3.6401179
1.7742910 -4.2328057
3.6907353 -4.0281630
5.7883468 -3.6203878
5.1916127 -3.6341522
7.4724722 -3.3789246
9.6210690 -3.8766701
10.2752743 -4.5627666
11.1950979 -2.3543267
25.4541130 -10.5865879
33.3661766 -15.3228331
33.1799278 -12.6189060
35.1538086 -13.8724222
30.9685783 -12.9035378
21.3218098 -9.5402918
14.3204718 -6.3916001
14.9773321 -6.1668987
14.2188845 -5.9981451
12.4011612 -5.5266342
11.7683563 -4.3621621
10.6627598 -4.7572093
8.8270330 -4.1114469
8.2546921 -2.7930479
7.1474566 -3.5441568
5.6509457 -3.0209422
5.1746025 -1.6433097
4.2287297 -2.7942991
3.1468992 -2.4296997
3.1735256 -0.8648393
1.9024512 -2.4935513
0.7356636 -2.4875355
0.8628904 -1.0145268
-0.7364217 -2.7251782
-2.1085317 -2.9055207
-1.7761775 -1.1705959
-3.4267883 -3.8874366
-5.0289989 -4.0755081
-4.6913233 -2.2209995
-6.6579394 -3.3395600
-9.0952625 -5.0335455
-8.7650938 -3.4603987
-8.9662008 -3.6038949
-7.9927449 -3.8711102
-8.8742266 -3.5511863
-7.3663826 -3.1635449
-6.9639993 -2.2883310
-7.4665103 -1.9564748
-6.5966830 -2.1838562
-6.2403002 -1.3888774
-6.6751337 -1.0888314
-5.9429197 -1.3380789
-5.6747212 -0.7477550
-5.9879827 -0.4925763
-5.4367352 -0.7016127
-5.3904786 -0.3611288
-5.5770168 -0.2154668
-5.1060066 -0.2937609
-5.8037753 -0.1055795
-5.9520726 -0.0708050
0.0000000 0.0000000
0.0000000 0.0000000
-23.9737988 0.2501398
-24.3825150 -0.0244330
-20.4811134 -0.3934940
-20.3017120 0.2421344
-19.5579319 -0.7492860
-15.5130606 -1.2243612
-12.8144131 -2.1553078
-11.9596100 -3.3559391
-10.0275736 -3.1770759
-7.5972691 -3.8705432
-6.7035036 -4.9044228
-4.8923087 -4.3408370
-2.4534538 -4.8765354
-2.1206710 -5.6249456
-0.3391409 -4.9508524
1.6115220 -5.1898174
1.6851819 -5.8351717
3.0830750 -4.7115598
4.4125996 -4.3685632
4.0344038 -4.8582926
7.5469055 -5.4728923
13.0022049 -4.8337579
14.7643423 -5.9647055
19.1042194 -6.3600798
33.3868217 -15.1423893
35.1982269 -10.0207148
31.0319462 -10.2244177
27.1649017 -8.2000542
19.1322651 -7.0623941
16.7153759 -6.6264067
13.9883900 -6.1731377
11.9166250 -6.2604160
12.3267879 -4.8834372
10.7544498 -3.5486441
9.3215799 -2.7896285
9.0151072 -2.7573051
7.4903736 -1.5424182
6.6664004 -0.1851341
5.9620771 -0.9641378
4.6627102 -0.2740706
4.1002913 1.1303738
3.3590171 -0.0780863
2.8933177 0.5400406
2.7251027 2.0757496
1.8387375 0.7070866
0.7817394 0.8153563
1.1037049 2.4777265
-0.3954295 0.6122647
-1.4965473 0.4115934
-1.1860051 2.2501116
-2.7562485 0.0187739
-4.4039140 -0.3512457
-4.0632143 1.7449857
-5.5375152 -0.0535965
-7.8037596 -1.4915333
-6.8697176 0.3596382
-8.8951817 -0.6476061
-9.1596098 -2.7906201
-9.1459322 -1.5228720
-8.3421383 -2.2742279
-7.8910866 -1.5557394
-8.1882191 -0.9660000
-7.5368500 -1.4646058
-7.0129271 -0.6956382
-7.3575163 -0.1192823
-6.5727110 -0.7162672
-6.1415043 -0.1331436
-6.2963710 0.2661573
-5.7400360 -0.1898881
-5.6345296 0.0059164
-5.6421914 0.2363039
-5.1638341 -0.0049713
-6.0095010 -0.0081227
-5.9777184 0.0492648
0.0000000 0.0000000
0.0000000 0.0000000
-23.2870750 -0.4783797
-21.8483410 -0.6153335
-20.5039730 -2.2724533
-18.1346321 -2.4202156
-16.7317467 -4.3770542
-13.6962242 -3.2017279
-11.2341766 -4.1120100
-10.8820705 -5.8885813
-8.1575165 -4.8150625
-6.1550279 -5.9568515
-5.6471000 -7.0083456
-4.0057902 -6.2632604
-1.9129272 -6.7734780
-1.7282060 -7.8597312
-0.0880592 -6.7264977
1.3097132 -6.8491764
1.4222046 -7.6267114
2.8731263 -6.3462095
3.6592786 -6.3360457
4.3845463 -7.4073467
7.2286296 -7.8474956
17.4200001 -9.1244335
18.9365845 -10.1487503
27.7925301 -10.6239681
31.0167618 -9.4796829
33.3123093 -9.4610558
30.8761654 -10.2397366
25.3269577 -8.0681124
19.4012508 -5.9333024
14.2281761 -5.3276153
10.2163124 -4.9677181
8.8815489 -3.5715060
9.3864384 -2.1938765
7.7722545 -1.6664361
5.7580929 -0.4470214
7.0936790 -0.3623362
5.7987823 1.1738002
4.8321023 2.6464105
4.5826011 1.9247986
3.4632752 2.6733460
2.8540840 4.2062135
2.3596780 3.1761153
2.0374238 3.6953101
1.6268911 5.2319837
1.6453962 3.8112547
0.8352787 4.1372728
1.0921062 5.6367145
-0.1385891 4.1084194
-1.2288492 3.8946483
-0.7102315 5.2853289
-2.4469109 3.7151577
-3.7642143 3.5198309
-3.0934048 4.5784016
-5.0202022 2.9839303
-5.7386203 2.1693399
-4.9067192 3.6272233
-6.5292287 2.2290387
-8.6006927 0.5874779
-7.9158173 2.9768734
-8.8808126 0.2648110
-8.5920563 0.1254607
-8.7970676 2.2335730
-8.2869864 0.3063868
-7.6221719 0.9051869
-7.8499007 2.3957379
-6.9135227 0.6573204
-6.2862825 0.9527395
-6.2212439 1.8069882
-5.6915169 0.6779670
-5.5093827 0.6033934
-5.2020764 1.0110304
-4.9514384 0.4109160
-5.8322110 0.1369776
-5.4891586 0.2410420
0.0000000 0.0000000
0.0000000 0.0000000
-19.9598179 -1.8834840
-14.5172462 -2.1749043
-18.0893612 -6.3652625
-15.3649378 -6.2062135
-14.9473019 -6.7169805
-12.7762346 -7.1143942
-10.2584953 -7.5720553
-9.4069824 -8.7512074
-7.1054196 -7.5255790
-5.1372242 -8.2504940
-4.5561309 -9.7143488
-3.1896741 -8.3891516
-1.6437846 -8.7981434
-1.6504078 -10.0689554
-0.2922463 -8.5773830
0.8629149 -8.6001043
0.7698358 -9.4895601
2.6305633 -8.2161226
4.9241533 -8.4334526
5.9957409 -9.0438566
9.2999525 -8.6632223
18.7745762 -9.4746876
20.1329250 -9.9192171
26.5337296 -8.3438034
27.9992352 -6.3185892
26.7561035 -5.1884184
26.9907665 -5.4402981
22.6522427 -2.8415585
18.3265724 -0.7902985
10.8140173 -2.4913652
8.2142954 -1.1242309
7.3308473 1.0747042
5.3363938 1.8745060
4.3298378 1.7963150
2.9288406 3.9077344
4.4103670 3.3098757
3.9008801 4.4273715
2.9633105 5.9641695
3.1556008 5.1134806
2.2911727 5.8029733
1.8514903 7.2687764
1.5559529 6.3047266
1.2342409 6.5973601
1.1863564 7.7637124
1.1826876 6.6857786
0.8261182 6.8684454
0.8722094 8.1947136
0.0692575 6.8649735
-0.9011769 7.0497546
-0.8146116 8.9361229
-1.7048252 6.7304049
-2.8266215 6.1035128
-3.1737199 9.2692518
-4.4123158 6.0986104
-4.9656882 5.9508586
-5.7313499 9.7272234
-5.5599046 6.2197161
-7.3239145 6.3018022
-6.5181398 9.8717480
-8.3704605 5.9665403
-8.5969582 5.4009361
-8.1743774 8.9760742
-8.3435059 4.8165798
-7.2839756 4.7657094
-5.8668203 7.2711263
-6.4670777 3.6721597
-5.6427522 3.1068151
-4.2820497 4.6040039
-5.0000935 2.2594965
-4.7566519 1.5902718
-3.8450153 2.3321180
-4.2321105 1.0211519
-4.9992270 0.3984953
-4.2588944 0.5798947
0.0000000 0.0000000
0.0000000 0.0000000
-11.5127087 -3.1814427
-5.8728218 -3.0310435
-13.8597002 -7.4654164
-13.7577267 -10.4999352
-10.3885469 -11.4397573
-12.7165451 -10.0110760
-9.3046789 -10.8178434
-10.1096392 -12.0958586
-6.1836205 -10.8304691
-4.1225123 -10.7235861
-6.0240984 -12.9811735
-2.5353565 -10.2740879
-1.6984719 -10.7059135
-2.1572726 -11.9773140
-0.6819594 -10.2408838
0.3421494 -9.9366035
0.2244463 -11.0584078
1.7905917 -9.8259363
5.3125477 -10.2105341
5.6407838 -10.9256859
11.3669977 -10.2974453
16.5967197 -10.4468527
17.5729656 -9.8425426
21.7265511 -7.6514902
22.8207035 -2.5208027
22.5111694 -1.8327780
20.5538540 0.1968926
17.1076756 3.3315525
15.7204485 3.4508038
10.8962650 1.6169765
6.1032133 3.7526391
3.5592892 5.9732227
2.3608253 6.1937699
2.1335680 6.0202131
1.6627451 7.1428766
2.5035005 6.9785790
2.1064172 7.6348085
1.7235371 9.1153946
1.7049676 8.4521217
1.3485208 8.8728952
1.0987680 10.2368307
1.1510595 9.1772890
0.9503880 9.2176733
0.8508689 10.7273302
0.7773561 9.5223398
0.2424829 9.7994614
0.3935986 11.2734919
-0.4998064 10.1537247
-1.2162505 10.2657652
-0.4094030 11.4995050
-1.9277623 10.3555441
-2.9653990 11.5612793
-4.1338038 14.0274315
-5.3857465 12.7827940
-6.1142468 13.2828445
-6.9118729 14.7966900
-6.0181541 13.2170858
-6.2293620 13.2319765
-7.6766381 15.4016562
-7.1494584 13.6019831
-7.7300591 12.8395557
-7.0823050 14.5823069
-6.1056094 11.3583822
-4.5872202 9.1760216
-2.5437930 9.7669983
-3.3936231 6.9041772
-3.0402687 5.3453240
-1.1565986 5.9035568
-2.9539371 3.8202558
-2.9249151 2.7369623
-1.5410045 3.1877363
-2.7849443 1.7041205
-3.3076344 0.6378304
-2.0299070 0.7287208
0.0000000 0.0000000
0.0000000 0.0000000
-1.5093323 -1.9250354
-0.5866886 -0.3565378
-6.2860827 -5.9655757
-8.0231676 -9.9982977
-5.4705319 -5.4923387
-10.0868654 -15.8696041
-8.4670010 -13.6834908
-4.0771523 -15.8206720
-7.4582572 -15.1046886
-6.0250187 -14.2702703
-2.1213248 -15.1663523
-3.9421258 -13.6661177
-3.1847210 -14.9527798
-0.5414594 -17.3255062
-1.9632393 -14.0370398
-0.3801515 -13.8971291
1.5622523 -16.3669510
1.9529728 -13.6378365
4.8449440 -13.9300137
5.4419217 -15.0977364
9.9522629 -11.6989508
12.6267843 -10.4148731
10.8287354 -6.7615547
12.7043695 -8.5640354
14.7418165 -4.2568474
11.1719370 4.0151119
16.1261139 -1.8681953
12.3969183 6.8015723
10.4976788 8.8249512
8.0095911 8.1082764
2.6058462 9.7605295
2.6325710 11.7939692
1.2527572 11.3618193
0.7659277 10.3925219
0.3673918 12.2455339
0.8769349 11.3174114
1.0499012 11.6203766
-0.0648521 13.1961403
0.8624073 12.1843519
0.2218745 12.9595861
0.9802603 15.1589823
0.2408338 13.5078468
0.3766265 13.9404678
-0.3589388 16.2560215
0.2100144 14.5782995
-0.4637852 14.6675873
0.0000295 17.2653961
-1.0954779 15.2207823
-2.1873212 15.7649059
-1.8595848 18.5841694
-3.8479364 15.9658241
-5.3155766 15.8201790
-3.4280081 19.6065254
-6.1535807 15.9677334
-6.5704441 16.9513645
-4.7692194 18.6304493
-7.3161511 16.9895859
-7.0710316 17.3084126
-2.9669373 9.9000397
-5.4873629 14.8249645
-3.9104054 11.6579180
-0.7361040 3.6404886
-1.2214646 9.2867937
0.0327614 7.0818100
-0.1157015 2.2892611
0.3694997 5.5640559
0.1396898 4.5812650
-0.1514778 2.4945841
-0.3036022 3.4060018
-0.5305803 2.7269807
-0.3931136 1.9940830
-0.7181926 1.5774206
-0.5833303 0.6643071
-0.3999166 0.2223925
0.0000000 0.0000000
0.0000000 0.0000000
1.5006099 0.3300669
0.0000000 0.0000000
1.0041056 0.5865920
-2.1152668 -0.9942200
0.0000000 0.0000000
-4.4990034 -2.1485875
-3.9342930 -7.7903152
0.0000000 0.0000000
-4.3741379 -14.4664812
-3.6565878 -18.6710033
0.0000000 0.0000000
-1.2046130 -22.0344353
-0.8196790 -19.6648769
0.0000000 0.0000000
-0.1992846 -28.4500084
-0.9595350 -23.8049545
0.0000000 0.0000000
0.6557721 -24.9111843
1.2416178 -23.2448673
0.0000000 0.0000000
2.4185953 -18.4306221
3.9635913 -13.5222445
0.0000000 0.0000000
2.5476174 -7.2754207
5.3898191 1.4185362
0.0000000 0.0000000
6.0516090 3.4170187
3.0409548 15.3250074
0.0000000 0.0000000
1.1323297 20.5450935
1.3910480 21.7935886
0.0000000 0.0000000
1.5667521 23.3967323
-0.7515308 23.4826221
0.0000000 0.0000000
-1.1839706 25.8425026
0.7868935 25.1006680
0.0000000 0.0000000
0.7341492 21.8294697
-0.9516310 24.2718525
0.0000000 0.0000000
-2.0206110 24.9425392
0.9321548 24.2398548
0.0000000 0.0000000
0.9204831 20.5466671
-0.6796541 23.5159969
0.0000000 0.0000000
-2.6281304 23.3521328
-1.0458909 19.8201714
0.0000000 0.0000000
-2.6844771 18.2041950
-3.4093351 14.9311361
0.0000000 0.0000000
-3.2195630 9.8467951
-2.3665922 5.5466208
0.0000000 0.0000000
-1.1794561 2.2539711
-0.7605079 0.1505734
0.0000000 0.0000000
-0.6479339 -0.7954900
-0.0854185 -2.2096889
0.0000000 0.0000000
0.4843827 -1.3064814
0.4698727 -1.5242734
0.0000000 0.0000000
0.6212155 -0.7461584
0.3977150 -0.1432486
0.0000000 0.0000000
0.1956482 -0.1569202
0.3142529 0.5648155
0.0000000 0.0000000
-0.1765741 -0.1403600
1.6058023 1.6058308
0.0000000 0.0000000
0.0000000 0.0000000
14.6995
15.22535
17.31761
17.99588
14.41177
10.10946
5.372396
0.1508264
-7.24277
-19.90454
-46.08086
-103.95
-187.5512
-4.850189
-50.52847
-11.13219
-2.229966
4.878049
9.057624
11.36111
12.63219
13.37539
13.89336
14.22421
14.3134
14.34895
14.42641
14.19556
16.14047
16.61022
13.25117
9.263635
5.099821
0.2987642
-6.438584
-17.51557
-39.96991
-109.859
-134.8311
-10.24398
-86.59972
-17.39979
-3.370228
4.512224
8.915163
11.28575
12.59787
13.34579
13.81185
14.12246
14.18675
14.22785
12.14953
11.96151
13.25027
12.83895
10.29652
7.535949
4.157329
0.1044681
-5.146179
-12.41765
-21.94434
-36.3166
-67.91708
19.90723
-1.133283
-10.08076
-0.6995625
4.813335
9.005929
11.34016
12.615
13.30599
13.67013
13.89976
13.94656
13.99356
10.1595
10.02036
10.26378
9.243662
7.348581
5.237761
2.401504
-0.7327848
-4.118541
-7.806082
-13.50762
-34.92202
-6.0392
69.93779
-48.79678
-39.46384
-5.735273
4.299855
9.192483
11.63139
12.78322
13.31331
13.53123
13.64193
13.67714
13.7022
8.17694
8.175372
7.257578
5.930828
4.180173
2.244278
-0.1053164
-2.284386
-3.775648
-3.6492
0.4130301
20.99338
29.61644
44.23379
-82.42744
-60.00884
-12.39501
4.978144
10.4357
12.52463
13.23851
13.42129
13.40551
13.35052
13.32645
13.32616
5.90747
5.87716
3.863561
2.354624
0.466332
-1.47887
-3.480823
-4.92057
-5.102922
-2.82637
2.311551
15.27396
-7.735635
25.77748
-13.00996
-13.94771
2.557318
11.2261
13.67543
14.13254
13.95409
13.59363
13.2498
12.98965
12.86199
12.82975
2.7935
2.604679
-0.2013039
-1.899374
-4.063282
-6.178507
-8.112099
-9.324814
-8.9476
-5.74879
-0.1765248
7.151614
-4.210887
-43.42755
12.96208
20.31677
21.04274
19.07848
17.55651
15.9522
14.66727
13.67945
12.96835
12.49131
12.23956
12.17117
-1.524262
-1.926426
-5.153903
-7.146225
-9.75056
-12.31483
-14.70281
-16.60775
-16.7599
-13.59971
-8.026212
-1.142392
-8.771359
30.6957
91.97497
55.16916
34.78028
24.99124
20.41869
17.21761
15.00595
13.47123
12.43569
11.77045
11.40514
11.30239
-7.120926
-7.724474
-11.15422
-13.63841
-16.93797
-20.45128
-24.31306
-28.31282
-29.68925
-26.27219
-19.508
-9.437842
0.7596864
7.677391
48.88894
40.05858
36.08885
26.82682
21.2709
17.32478
14.61934
12.76072
11.5238
10.74305
10.30324
10.1766
-13.90525
-14.67827
-18.31398
-21.53493
-25.83914
-31.0785
-37.62641
-43.78663
-45.26703
-41.32134
-34.37694
-27.89873
-9.112656
28.31529
39.6385
18.27634
29.28492
24.4154
19.72256
16.02669
13.30376
11.39536
10.12719
9.33776
8.887729
8.754884
-21.81591
-22.63478
-26.63037
-30.79902
-36.45792
-44.19104
-53.40395
-59.78213
-60.1284
-54.89689
-46.71285
-41.23079
-47.00328
-12.50139
0.9720841
18.72862
20.64113
19.31381
16.22323
13.28322
10.94772
9.273268
8.169646
7.501238
7.124826
7.008604
-30.75552
-31.76301
-36.00622
-41.29975
-48.63768
-59.07351
-69.17208
-74.07872
-72.45754
-65.28437
-53.26331
-41.38401
-31.82965
15.14679
8.744413
12.27291
13.88592
13.06449
11.16368
9.16686
7.510596
6.335399
5.6049
5.20121
4.995294
4.920914
-40.03405
-41.20676
-46.00507
-52.72941
-62.25582
-75.08809
-83.54594
-85.86946
-82.39631
-74.07727
-59.82273
-34.85228
-27.92437
16.13176
7.709336
6.056183
5.780311
5.356139
4.578872
3.664482
2.95873
2.548154
2.413625
2.430855
2.499265
2.493676
-49.33175
-50.72764
-56.21528
-64.69536
-77.1754
-90.53694
-96.49278
-95.69786
-91.44551
-83.05988
-71.05809
-43.59359
0.05909621
4.067658
-1.733488
-4.502873
-4.978785
-4.500619
-3.90083
-3.391028
-2.788546
-2.109569
-1.388262
-0.7750784
-0.328731
-0.2344963
-58.17396
-59.84984
-66.10212
-76.52089
-92.3587
-102.6085
-106.3845
-104.0156
-99.83259
-92.36166
-84.62442
-58.66411
-25.40708
-22.90838
-24.42239
-24.0285
-20.98467
-17.93757
-14.9935
-12.26633
-9.846247
-7.626965
-5.724358
-4.313717
-3.39198
-3.163884
-65.83984
-68.05419
-75.46633
-87.89865
-105.795
-113.0419
-113.1585
-110.1735
-106.4651
-103.7918
-107.7562
-83.41068
-66.02026
-62.12534
-60.13913
-56.97793
-47.4422
-37.03333
-29.45271
-23.25596
-18.26431
-13.88645
-10.41075
-7.977012
-6.492487
-6.100751
-70.9544
-73.98267
-83.0975
-98.58363
-113.8754
-119.4336
-116.67
-110.7116
-104.9284
-103.7833
-115.4454
-108.851
-102.0691
-101.3622
-99.86982
-95.80011
-83.86599
-64.52794
-47.4233
-36.61221
-27.90006
-20.52364
-15.06299
-11.39857
-9.279623
-8.678664
-71.5235
-75.52751
-86.51565
-104.0618
-115.4593
-118.6276
-115.5143
-108.2497
-102.5828
-99.96317
-122.4293
-120.648
-125.6595
-130.5176
-130.9349
-126.6531
-117.9834
-98.75569
-70.37012
-52.02002
-38.25661
-26.9874
-19.10918
-14.04413
-11.27518
-10.41574
-64.42556
-69.98879
-83.64667
-101.5251
-112.5596
-114.4764
-110.5418
-103.3378
-91.93502
-102.9543
-128.3251
-132.5579
-138.7499
-144.7698
-147.8014
-145.7716
-139.7414
-124.4457
-98.03407
-68.54456
-47.66975
-32.15014
-21.58603
-15.06741
-11.71083
-10.65726
-44.98795
-51.73658
-71.40298
-88.98895
-98.75235
-100.9717
-100.545
-106.7196
-88.35904
-107.2198
-115.5455
-125.8721
-137.773
-146.457
-151.0194
-152.6143
-150.1068
-139.9144
-120.1873
-84.3031
-55.67601
-35.08945
-21.57151
-13.67016
-9.695316
-8.562656
-8.094537
-20.25989
-50.6266
-66.53553
-76.13526
-77.58833
-76.22745
-91.34334
-85.87388
-103.6963
-123.0573
-118.137
-127.3955
-138.5903
-145.4853
-150.0497
-151.2698
-144.2616
-126.0209
-94.31907
-59.67366
-33.14208
-16.951
-8.733171
-4.984057
-4.033016
57.4997
30.48992
-21.10738
-40.62142
-46.0951
-42.84519
-37.60787
-32.81908
-34.24572
-59.48953
-108.8198
-108.6895
-110.7249
-124.0692
-133.0094
-139.6356
-144.3266
-139.9394
-123.4528
-101.186
-62.88919
-26.77821
-8.357399
-0.9486672
1.907537
2.662852
148.8014
104.7953
30.76889
-0.6962921
-7.115756
0.575839
12.77346
30.03956
46.49468
9.702871
-52.11655
-78.21876
-88.67543
-104.9972
-117.7736
-127.2891
-133.8072
-134.2817
-122.1971
-98.18206
-56.24263
-12.67041
4.511954
7.56379
8.653797
8.973917
187.6854
168.9943
90.14009
44.01985
27.36066
45.80114
69.1821
109.2033
137.6199
97.16946
3.417937
-35.24149
-58.72814
-85.14963
-104.066
-115.4629
-120.0104
-116.1908
-100.5805
-86.32723
-57.06888
-16.61228
3.60551
9.905076
11.99014
12.84441
171.8957
160.8677
156.1893
108.0404
67.6831
93.17984
131.0374
213.1145
269.8943
205.7723
74.93897
-6.491912
-36.55478
-65.36678
-95.72367
-107.4761
-105.5808
-85.88812
-63.32086
-54.17297
-53.14618
-31.1521
-7.448393
4.204501
9.165546
9.852537
161.2355
163.8528
178.8393
138.3818
79.01007
97.62111
198.0676
342.5945
447.4726
310.2242
141.3619
15.68594
-19.66973
-87.13762
-77.09381
-120.2737
-85.23103
-59.44136
-52.60636
-52.30324
-48.25193
-31.05481
-10.83936
1.785733
6.853705
0
