0.0000000 0.0000000
0.0000000 0.0000000
0.0000000 0.0000000
0.0000000 0.0000000
0.0000000 0.0000000
0.0000000 0.0000000
0.0000000 0.0000000
0.0000000 0.0000000
0.0000000 0.0000000
0.0000000 0.0000000
0.0000000 0.0000000
0.0000000 0.0000000
0.0000000 0.0000000
0.0000000 0.0000000
0.0000000 0.0000000
0.0000000 0.0000000
0.0000000 0.0000000
0.0000000 0.0000000
0.0000000 0.0000000
0.0000000 0.0000000
0.0000000 0.0000000
0.0000000 0.0000000
0.0000000 0.0000000
0.0000000 0.0000000
0.0000000 0.0000000
0.0000000 0.0000000
0.0000000 0.0000000
-0.3645582 0.2949255
-0.4439477 0.7041808
-0.5391304 1.1908714
-0.6903252 1.8068630
-0.9327884 2.6237094
-1.3094689 3.7422578
-1.8601375 5.3056917
-2.5405571 7.4533510
-3.2515461 10.1954374
-4.1757846 13.4542036
-5.1696725 16.1832180
13.4278660 13.8723431
14.6549721 -14.6777115
-3.0461068 -14.2905598
-2.6072123 -12.3809671
-2.1509430 -9.1939230
-1.8476126 -7.0832801
-1.5355494 -5.3154578
-1.2240288 -3.9553986
-0.9554799 -2.8719676
-0.7466130 -2.0254860
-0.5956057 -1.3620334
-0.4954212 -0.8305157
-0.4407589 -0.3798245
0.0000000 0.0000000
0.0000000 0.0000000
-0.7726449 0.3453517
-0.9144019 0.7375711
-1.1062758 1.1828899
-1.4130468 1.7218642
-1.8957806 2.3989964
-2.6328151 3.2889774
-3.6875346 4.5549064
-4.9804463 6.6745682
-5.9229035 10.4209576
-6.8169994 10.4486017
5.6997271 9.0686655
21.5162373 8.6094761
26.7481499 -8.6797400
8.6578922 -9.0978746
-6.0638056 -10.4521122
-4.7915401 -9.6434183
-3.9747689 -6.6832247
-3.1694889 -4.9869967
-2.4026961 -3.6465850
-1.8400913 -2.6430836
-1.4372617 -1.8799685
-1.1567718 -1.2789696
-0.9757159 -0.7842358
-0.8440903 -0.3420819
0.0000000 0.0000000
0.0000000 0.0000000
-1.0834482 0.3039590
-1.2867799 0.6171067
-1.5296552 0.9689129
-1.9131340 1.3750349
-2.4976213 1.8629161
-3.3951344 2.4667804
-4.8487930 3.2963893
-7.7706113 4.0293388
-8.5209770 4.3561354
-6.9430752 8.6399059
-1.5822681 2.4107358
29.4477921 7.1005197
30.4484596 -7.8308215
1.4742386 -3.8542235
-4.4818172 -8.2172232
-7.1384187 -5.4435143
-6.2541547 -5.6211185
-4.5080013 -4.0234294
-3.3671064 -2.8410707
-2.5598371 -2.0406780
-1.9986756 -1.4550257
-1.6181319 -0.9944605
-1.3711768 -0.6083813
-1.1541930 -0.2611314
0.0000000 0.0000000
0.0000000 0.0000000
-1.2857530 0.2320558
-1.5448693 0.4473433
-1.8122443 0.6823651
-2.2178502 0.9419767
-2.8162584 1.2502332
-3.6781394 1.6657027
-4.9408445 2.1838958
-7.3012090 1.7980372
-11.2510252 -0.2042448
-3.2406600 0.2955792
10.5409069 -6.7192435
32.2201576 2.7932198
24.2589054 -4.3568931
12.0835905 2.3133192
-3.4557412 -1.6697528
-8.4477062 -3.1756816
-8.1795340 -2.9290242
-5.5217848 -2.3374622
-4.0397053 -1.6414740
-3.0490799 -1.1974882
-2.3807518 -0.8885882
-1.9383510 -0.6296969
-1.6495939 -0.3909163
-1.3532411 -0.1673258
0.0000000 0.0000000
0.0000000 0.0000000
-1.3868864 0.1471084
-1.6869692 0.2613466
-1.9530615 0.3741554
-2.3368881 0.4729120
-2.8949482 0.5326026
-3.6629071 0.4981237
-4.7091889 0.8033577
-6.3120160 0.3591008
-10.7310343 -2.8256359
1.3776101 -3.7270010
18.4562016 -8.3448343
30.2959976 -0.9002618
23.7455540 -6.3299613
13.2246656 8.4158792
-1.3464968 1.4350288
-9.4917803 3.6711545
-9.0034971 0.7151278
-5.8752346 0.0053367
-4.2323956 -0.2595213
-3.2130904 -0.3364519
-2.5455306 -0.3230452
-2.1018639 -0.2618794
-1.7987125 -0.1733805
-1.4495943 -0.0725710
0.0000000 0.0000000
0.0000000 0.0000000
-1.4043540 0.0597672
-1.7235742 0.0752955
-1.9641981 0.0606641
-2.2887464 -0.0060138
-2.7448606 -0.1440139
-3.3653870 -0.5181848
-4.1900654 -1.0541377
-5.2789927 -2.2096241
-7.6423879 -5.5470524
-3.0622551 -7.6968818
13.2812166 -9.6432610
26.1809654 3.5795023
19.1174698 1.9314932
11.0608406 8.6691761
1.3359766 6.5586128
-7.2006373 7.1411347
-7.4549637 2.9473410
-5.2976332 1.4831446
-3.9430237 0.7630899
-3.0787432 0.3578930
-2.5019319 0.1457075
-2.1135051 0.0479981
-1.8363650 0.0134542
-1.4841447 0.0105699
0.0000000 0.0000000
0.0000000 0.0000000
-1.3871233 -0.0195102
-1.6802236 -0.0901353
-1.8703244 -0.2012735
-2.1128199 -0.3806984
-2.4340954 -0.6584052
-2.8445959 -1.1536396
-3.3584154 -2.0087709
-4.0223560 -3.0866351
-4.6862378 -5.4822721
-1.6273595 -8.7970572
7.3015065 -5.5813475
19.3065033 -0.1356521
16.5376740 2.2855861
7.8356686 10.2434664
1.3747056 9.2450514
-4.0385447 8.2428713
-4.2511945 4.3199587
-3.8356802 2.4014103
-3.2105610 1.4300312
-2.6857710 0.8553240
-2.2861991 0.5056537
-1.9955186 0.2931078
-1.7744794 0.1632679
-1.4516009 0.0772929
0.0000000 0.0000000
0.0000000 0.0000000
-1.3161116 -0.0808833
-1.5649366 -0.2103309
-1.6991183 -0.3821261
-1.8537538 -0.6239251
-2.0419037 -0.9726961
-2.2479050 -1.4766874
-2.4386358 -2.2893298
-2.5826313 -3.2890503
-2.3930638 -5.0109167
-1.0658556 -6.4189491
4.2119904 -7.2400894
10.8866835 -0.0913019
12.2234554 3.3034568
7.1982527 7.5577927
1.2118468 8.4386168
-1.1711895 6.1537695
-2.1106074 4.2146635
-2.3602505 2.7522390
-2.3306708 1.7686390
-2.1571984 1.1458130
-1.9621162 0.7383490
-1.7882345 0.4633444
-1.6338733 0.2708707
-1.3537741 0.1248208
0.0000000 0.0000000
0.0000000 0.0000000
-1.2004111 -0.1220072
-1.4040678 -0.2859241
-1.4854980 -0.4876306
-1.5597632 -0.7487901
-1.6277264 -1.0975751
-1.6621665 -1.5556513
-1.6005412 -2.1790276
-1.3486840 -2.8480613
-0.5383881 -3.8758297
0.8254553 -4.2768970
3.0495927 -5.0212131
5.7156529 -2.2212026
6.4069438 1.2767837
4.7102880 3.6042607
2.0133514 4.6516881
0.0791011 4.3028584
-0.9474384 3.4330878
-1.3856257 2.5450470
-1.5897015 1.8055135
-1.6352949 1.2495061
-1.6014146 0.8498566
-1.5350821 0.5573009
-1.4460063 0.3345186
-1.2125210 0.1529786
0.0000000 0.0000000
0.0000000 0.0000000
-1.0592644 -0.1442350
-1.2215981 -0.3217675
-1.2581153 -0.5286358
-1.2689893 -0.7787898
-1.2471238 -1.0871800
-1.1625876 -1.4610633
-0.9559984 -1.9102472
-0.5508427 -2.3715835
0.2301727 -2.8470442
1.2726067 -2.9533963
2.4991097 -2.7478673
3.7184494 -1.1060371
4.0617828 0.7858636
3.2378662 2.0690432
1.8804866 2.8381107
0.6009393 2.9417493
-0.2946232 2.6115315
-0.7761154 2.1307335
-1.0529488 1.6397774
-1.2017915 1.2115915
-1.2632022 0.8635302
-1.2732109 0.5859717
-1.2380307 0.3589681
-1.0498929 0.1640990
0.0000000 0.0000000
0.0000000 0.0000000
-0.9093677 -0.1509303
-1.0359501 -0.3265926
-1.0392762 -0.5219725
-1.0058000 -0.7445379
-0.9297234 -0.9997123
-0.7835478 -1.2851576
-0.5232356 -1.5895520
-0.1080533 -1.8655074
0.5025117 -2.0560553
1.2136918 -2.0040348
1.9610471 -1.6078203
2.5492070 -0.6399024
2.7124593 0.4612063
2.2896852 1.2842518
1.5274211 1.8367137
0.7173753 2.0348244
0.0517051 1.9469882
-0.3989049 1.7027450
-0.6834451 1.3968606
-0.8667102 1.0897622
-0.9749846 0.8103829
-1.0297168 0.5665975
-1.0309314 0.3533253
-0.8832929 0.1618467
0.0000000 0.0000000
0.0000000 0.0000000
-0.7633159 -0.1464798
-0.8599917 -0.3101339
-0.8419554 -0.4851007
-0.7828033 -0.6739490
-0.6799598 -0.8764346
-0.5146698 -1.0850955
-0.2586195 -1.2818580
0.0960223 -1.4316020
0.5427455 -1.4827331
1.0239214 -1.3654341
1.4812868 -1.0120013
1.8055785 -0.4000117
1.8818537 0.2824033
1.6448992 0.8373061
1.1958010 1.2371949
0.6753126 1.4340980
0.1993621 1.4467674
-0.1725870 1.3318132
-0.4339653 1.1476586
-0.6179385 0.9351619
-0.7409117 0.7209110
-0.8171590 0.5173324
-0.8396600 0.3277839
-0.7250112 0.1507470
0.0000000 0.0000000
0.0000000 0.0000000
-0.6287939 -0.1349770
-0.7019207 -0.2811557
-0.6714392 -0.4321886
-0.6017255 -0.5875470
-0.4916582 -0.7438102
-0.3314512 -0.8921195
-0.1076018 -1.0147872
0.1736269 -1.0874052
0.4966392 -1.0758765
0.8228793 -0.9473995
1.1136612 -0.6713502
1.3065386 -0.2648351
1.3455187 0.1814176
1.2028793 0.5663549
0.9251446 0.8593162
0.5841678 1.0293477
0.2457639 1.0787873
-0.0456929 1.0328680
-0.2676094 0.9238279
-0.4363817 0.7788759
-0.5571039 0.6181807
-0.6376647 0.4536902
-0.6709751 0.2914303
-0.5826891 0.1347626
0.0000000 0.0000000
0.0000000 0.0000000
-0.5100195 -0.1198079
-0.5648145 -0.2464467
-0.5291620 -0.3734918
-0.4580238 -0.4986550
-0.3536656 -0.6172630
-0.2102192 -0.7207730
-0.0255477 -0.7954331
0.1900707 -0.8246164
0.4241031 -0.7884994
0.6493028 -0.6714717
0.8410572 -0.4628187
0.9622526 -0.1821733
0.9839858 0.1218495
0.8941095 0.3947405
0.7144838 0.6116427
0.4850663 0.7511559
0.2452123 0.8098240
0.0231503 0.7987099
-0.1598893 0.7355671
-0.3040638 0.6368585
-0.4145332 0.5172347
-0.4906743 0.3867542
-0.5263072 0.2515312
-0.4593353 0.1169394
0.0000000 0.0000000
0.0000000 0.0000000
-0.4084204 -0.1034597
-0.4489818 -0.2106935
-0.4131394 -0.3155692
-0.3463711 -0.4150734
-0.2532866 -0.5044276
-0.1320630 -0.5761343
0.0159961 -0.6206065
0.1799138 -0.6270597
0.3501954 -0.5841646
0.5089737 -0.4854226
0.6390927 -0.3285021
0.7187967 -0.1287632
0.7315956 0.0853504
0.6726446 0.2823458
0.5534062 0.4444747
0.3949284 0.5561410
0.2230233 0.6129822
0.0571022 0.6184883
-0.0898120 0.5823242
-0.2093480 0.5152117
-0.3036345 0.4262803
-0.3720213 0.3235380
-0.4056981 0.2127018
-0.3549655 0.0995064
0.0000000 0.0000000
0.0000000 0.0000000
-0.3233671 -0.0874953
-0.3532963 -0.1768227
-0.3197222 -0.2623380
-0.2608408 -0.3407700
-0.1809160 -0.4079341
-0.0815483 -0.4579163
0.0345141 -0.4836873
0.1593618 -0.4791006
0.2843425 -0.4375941
0.3979762 -0.3568117
0.4884702 -0.2385027
0.5425568 -0.0930057
0.5510885 0.0620101
0.5107709 0.2067867
0.4293648 0.3290957
0.3191327 0.4177833
0.1942098 0.4680412
0.0701509 0.4810976
-0.0434451 0.4610534
-0.1408865 0.4146810
-0.2187504 0.3484676
-0.2763075 0.2678607
-0.3064517 0.1776569
-0.2684636 0.0836840
0.0000000 0.0000000
0.0000000 0.0000000
-0.2533846 -0.0729410
-0.2753287 -0.1464372
-0.2455600 -0.2156372
-0.1953643 -0.2773526
-0.1292895 -0.3278349
-0.0489781 -0.3629256
0.0410496 -0.3777650
0.1357536 -0.3681140
0.2283679 -0.3314333
0.3107220 -0.2663447
0.3750207 -0.1759468
0.4126709 -0.0680231
0.4185330 0.0464590
0.3911347 0.1549998
0.3338431 0.2480973
0.2558202 0.3184906
0.1660332 0.3615489
0.0727423 0.3767564
-0.0143394 0.3666219
-0.0902660 0.3343776
-0.1535915 0.2844079
-0.2002889 0.2210599
-0.2249775 0.1479522
-0.1973209 0.0701178
0.0000000 0.0000000
0.0000000 0.0000000
-0.1964356 -0.0602505
-0.2123338 -0.1203491
-0.1871325 -0.1760207
-0.1454979 -0.2246562
-0.0921154 -0.2630235
-0.0287303 -0.2877461
0.0411209 -0.2961135
0.1126755 -0.2850931
0.1815974 -0.2534223
0.2418456 -0.2017206
0.2881083 -0.1318976
0.3152340 -0.0499191
0.3191901 0.0361389
0.3001506 0.1187167
0.2603599 0.1908885
0.2038991 0.2466683
0.1387833 0.2831546
0.0706408 0.2986456
0.0040826 0.2940401
-0.0542478 0.2717311
-0.1027371 0.2338737
-0.1396990 0.1835824
-0.1587254 0.1240380
-0.1385112 0.0592943
0.0000000 0.0000000
0.0000000 0.0000000
-0.1503094 -0.0495431
-0.1616854 -0.0986653
-0.1409709 -0.1436016
-0.1076006 -0.1819375
-0.0651713 -0.2114486
-0.0160771 -0.2293549
0.0373090 -0.2335501
0.0914091 -0.2229248
0.1425319 -0.1962290
0.1869334 -0.1545126
0.2203803 -0.1002723
0.2398815 -0.0370083
0.2433464 0.0294705
0.2295865 0.0932257
0.2014342 0.1499880
0.1617867 0.1950738
0.1139074 0.2255817
0.0641585 0.2406575
0.0158005 0.2398300
-0.0283758 0.2242341
-0.0641744 0.1956676
-0.0906041 0.1555771
-0.1041234 0.1063043
-0.0894064 0.0514727
0.0000000 0.0000000
0.0000000 0.0000000
-0.1130069 -0.0408960
-0.1209230 -0.0811585
-0.1043903 -0.1177431
-0.0784050 -0.1484187
-0.0457425 -0.1712046
-0.0081746 -0.1845051
0.0317389 -0.1865295
0.0720733 -0.1763801
0.1097166 -0.1542827
0.1420244 -0.1204129
0.1665626 -0.0770592
0.1804023 -0.0275005
0.1829471 0.0248186
0.1738902 0.0755411
0.1535299 0.1208158
0.1254408 0.1579316
0.0919803 0.1841482
0.0556100 0.1982911
0.0211280 0.2003291
-0.0095553 0.1902002
-0.0345699 0.1687722
-0.0511523 0.1369261
-0.0577606 0.0954332
-0.0468173 0.0470128
0.0000000 0.0000000
0.0000000 0.0000000
-0.0825381 -0.0341172
-0.0877954 -0.0676346
-0.0751500 -0.0976950
-0.0554868 -0.1227433
-0.0312911 -0.1409140
-0.0035937 -0.1507783
0.0256990 -0.1516400
0.0547826 -0.1424741
0.0820069 -0.1235394
0.1049607 -0.0958977
0.1222622 -0.0605693
0.1324577 -0.0202863
0.1340237 0.0217420
0.1277416 0.0630881
0.1141866 0.1005616
0.0940976 0.1315845
0.0708902 0.1547537
0.0463327 0.1685911
0.0222700 0.1727488
0.0023765 0.1674635
-0.0118819 0.1526397
-0.0189886 0.1280975
-0.0172368 0.0928803
-0.0071282 0.0470605
0.0000000 0.0000000
0.0000000 0.0000000
-0.0572590 -0.0290266
-0.0603489 -0.0575477
-0.0511730 -0.0829188
-0.0372045 -0.1036753
-0.0200621 -0.1186285
-0.0008431 -0.1263747
0.0195088 -0.1262318
0.0395656 -0.1181251
0.0580683 -0.1017817
0.0739057 -0.0781968
0.0854042 -0.0488609
0.0921609 -0.0152484
0.0935791 0.0200314
0.0890116 0.0545660
0.0799170 0.0864901
0.0670222 0.1135901
0.0511783 0.1343888
0.0351897 0.1482739
0.0204423 0.1546755
0.0086760 0.1537433
0.0032242 0.1457843
0.0065660 0.1300345
0.0207927 0.1034408
0.0388587 0.0592426
0.0000000 0.0000000
0.0000000 0.0000000
-0.0357876 -0.0254466
-0.0370459 -0.0499815
-0.0308820 -0.0717204
-0.0220313 -0.0892748
-0.0111816 -0.1015352
0.0009009 -0.1077441
0.0134676 -0.1071378
0.0259306 -0.0995440
0.0372350 -0.0853550
0.0467770 -0.0649836
0.0539108 -0.0396946
0.0577217 -0.0111893
0.0583695 0.0189706
0.0558189 0.0487465
0.0499161 0.0762965
0.0420403 0.1003111
0.0328921 0.1194188
0.0231821 0.1330694
0.0150274 0.1412693
0.0097910 0.1443596
0.0100487 0.1434344
0.0221658 0.1405527
0.0608941 0.1395597
0.1408108 0.1392151
0.0000000 0.0000000
0.0000000 0.0000000
-0.0172449 -0.0215379
-0.0165751 -0.0402588
-0.0133855 -0.0567000
-0.0090557 -0.0699036
-0.0039829 -0.0788651
0.0016627 -0.0829351
0.0075007 -0.0819328
0.0131531 -0.0755108
0.0183441 -0.0639509
0.0225195 -0.0479183
0.0255748 -0.0281687
0.0272603 -0.0059788
0.0272062 0.0172783
0.0257926 0.0403711
0.0231190 0.0618935
0.0192651 0.0806890
0.0150546 0.0960864
0.0109314 0.1076502
0.0074667 0.1155636
0.0058304 0.1206378
0.0075168 0.1246297
0.0208660 0.1362836
0.1028167 0.2062271
0.3859777 0.4172774
0.0000000 0.0000000
0.0000000 0.0000000
0.0000000 0.0000000
0.0000000 0.0000000
0.0000000 0.0000000
0.0000000 0.0000000
0.0000000 0.0000000
0.0000000 0.0000000
0.0000000 0.0000000
0.0000000 0.0000000
0.0000000 0.0000000
0.0000000 0.0000000
0.0000000 0.0000000
0.0000000 0.0000000
0.0000000 0.0000000
0.0000000 0.0000000
0.0000000 0.0000000
0.0000000 0.0000000
0.0000000 0.0000000
0.0000000 0.0000000
0.0000000 0.0000000
0.0000000 0.0000000
0.0000000 0.0000000
0.0000000 0.0000000
0.0000000 0.0000000
0.0000000 0.0000000
0.0000000 0.0000000
0.0000000 0.0000000
-0.1433360 0.1637458
0.0000000 0.0000000
-0.4492484 0.0985112
-0.1442204 0.4873066
-0.1614017 0.7355761
0.0000000 0.0000000
-0.4130050 0.5327795
-0.1793892 1.0525405
-0.2033479 1.3206100
0.0000000 0.0000000
-0.4675806 0.9861471
-0.2139091 1.7046582
-0.2576498 2.0365701
0.0000000 0.0000000
-0.5812058 1.5249008
-0.2748438 2.5144336
-0.3371615 2.9647427
0.0000000 0.0000000
-0.7738025 2.2159359
-0.3704154 3.5810001
-0.4494855 4.2138762
0.0000000 0.0000000
-1.0848596 3.1507652
-0.5115048 5.0392523
-0.6003464 5.9276180
0.0000000 0.0000000
-1.5655997 4.4564772
-0.6975086 7.0559154
-0.7896330 8.2731056
0.0000000 0.0000000
-2.2415743 6.2711601
-0.9165034 9.7949839
-1.0032099 11.4152555
0.0000000 0.0000000
-3.0059745 8.7240057
-1.1703604 13.3230562
-1.2353877 15.4941139
0.0000000 0.0000000
-3.7688639 12.0062666
-1.2102935 17.5992870
-1.2332128 19.8992558
0.0000000 0.0000000
-3.8754952 16.5065193
-0.3629006 21.9362698
-1.5837554 23.0020065
0.0000000 0.0000000
3.2758720 14.6096907
5.9018846 16.8455601
9.7384300 4.8817377
0.0000000 0.0000000
19.7529106 2.7995615
8.9738865 -13.2490606
-1.1523424 -11.2822895
0.0000000 0.0000000
10.7344437 -8.9679193
-0.2893254 -15.9461164
-0.4485359 -17.1090508
0.0000000 0.0000000
-3.2396894 -14.3345079
-0.6648870 -14.2099018
-1.0116566 -12.7885437
0.0000000 0.0000000
-2.1672547 -11.0468254
-0.9608083 -11.2479992
-0.7574939 -9.8718243
0.0000000 0.0000000
-2.0537014 -7.9309297
-0.7034242 -8.6807289
-0.6595235 -7.5409579
0.0000000 0.0000000
-1.6392598 -6.0792022
-0.6266550 -6.5610323
-0.5154364 -5.5735502
0.0000000 0.0000000
-1.3615118 -4.4720960
-0.4710802 -4.8540187
-0.3884320 -4.0584636
0.0000000 0.0000000
-1.0749121 -3.2774544
-0.3471404 -3.5269277
-0.2955257 -2.9210007
0.0000000 0.0000000
-0.8397748 -2.3725951
-0.2627670 -2.4963863
-0.2325895 -2.0464194
0.0000000 0.0000000
-0.6647627 -1.6693637
-0.2063463 -1.6864163
-0.1913382 -1.3417087
0.0000000 0.0000000
-0.5422152 -1.1059104
-0.1720772 -1.0242907
-0.1698778 -0.7415876
0.0000000 0.0000000
-0.4640751 -0.6315377
-0.1599438 -0.4472780
-0.1740683 -0.1754185
0.0000000 0.0000000
-0.4337760 -0.1686988
0.0000000 0.0000000
0.0000000 0.0000000
-0.6779373 0.1535861
-0.9009351 0.1126960
-0.6110306 0.4067416
-0.6699234 0.5996253
-0.8652462 0.5140654
-0.7055409 0.8648526
-0.7890103 1.0789664
-0.9821275 0.9374329
-0.8509433 1.3892345
-0.9854010 1.6477840
-1.2107432 1.4218335
-1.0893408 2.0280039
-1.2907244 2.3584685
-1.5779705 2.0195906
-1.4541019 2.8463187
-1.7483131 3.2849431
-2.1450412 2.8018389
-1.9949081 3.9334092
-2.3943982 4.5545731
-3.0207694 3.9005132
-2.7672622 5.4249439
-3.1722021 6.3743296
-4.3599100 5.5092397
-3.7207949 7.5230708
-4.0884819 8.9142990
-6.0154071 8.0250740
-4.9564600 10.2453489
-5.0365272 12.5255280
-7.2190452 10.9721298
-5.3367515 14.7715416
-6.7410846 15.1611242
-6.5505567 10.7929697
2.3663876 11.8890066
10.3545084 11.3509541
17.0859566 9.7392921
14.3758678 9.4224882
23.9868259 8.9703093
28.1248417 -4.6089683
25.3954716 -9.4479923
13.9688540 -11.0654335
15.1467113 -11.2237635
4.6583076 -14.2201176
-4.9041338 -13.1845913
-3.7783046 -11.4452305
-4.2165589 -11.9512844
-4.2122374 -11.8282003
-6.1017480 -10.9647312
-3.7795892 -9.8254356
-3.3196139 -8.2656746
-4.2180586 -8.6364269
-3.0675800 -7.0940933
-2.6084514 -6.0919423
-3.5268919 -5.3880401
-2.3630173 -5.4204578
-2.0171988 -4.4649572
-2.7582979 -3.9817293
-1.7962517 -4.0220098
-1.5398974 -3.3041744
-2.0984638 -2.9507067
-1.3633215 -2.9371860
-1.1862488 -2.4150476
-1.6221722 -2.1621094
-1.0536808 -2.0971138
-0.9398522 -1.7061034
-1.2867545 -1.5406144
-0.8438976 -1.4267049
-0.7776640 -1.1241204
-1.0603898 -1.0293623
-0.7117805 -0.8698362
-0.6883589 -0.6263266
-0.9237285 -0.5880587
-0.6323162 -0.3741667
-0.7086853 -0.1547986
-0.9254026 -0.1480486
0.0000000 0.0000000
0.0000000 0.0000000
-1.1121932 0.1176768
-1.2821355 0.0949501
-0.9698218 0.3488090
-1.0777643 0.4723092
-1.2404133 0.4024736
-1.1203080 0.7135555
-1.2398962 0.8510231
-1.3917505 0.7306395
-1.3333381 1.1268300
-1.5292636 1.2742614
-1.6895623 1.0863909
-1.6809075 1.6108938
-1.9808165 1.7786144
-2.1656568 1.4835165
-2.2223279 2.2033553
-2.6651487 2.4116356
-2.9042809 1.9318624
-3.0628324 2.9603088
-3.7051630 3.2860243
-4.0849466 2.4927783
-4.4241343 3.9569798
-5.0811887 4.8817344
-6.0448318 3.3926890
-6.4237857 5.5509181
-6.9806905 7.9073710
-9.1573296 5.3289809
-8.1705914 8.0689631
-6.3069401 8.5528898
-7.6232386 8.3381548
-4.4269667 9.7492523
-6.0343919 9.3120956
-2.3994575 5.0568085
-3.5328782 6.2153621
20.1592140 4.5644684
21.3089542 -0.6690693
27.9655476 4.2461791
41.9156761 -11.0198765
43.0086327 -8.0504255
27.2558022 -10.1125193
19.4231300 -5.0171294
17.8229942 -2.9060667
-0.0522674 -6.1826124
-2.2396410 -9.4818420
0.3337780 -7.1536975
-5.6251807 -8.6507502
-6.6418338 -9.0442600
-5.8373418 -7.4193487
-6.3092771 -7.6689076
-6.2659864 -8.6322355
-8.4969606 -6.9391289
-5.1963329 -6.4987640
-4.3342304 -5.0389562
-5.3533716 -4.4657030
-3.8579271 -4.5939679
-3.2664714 -3.5797517
-3.9066756 -3.1171916
-2.8740246 -3.2936444
-2.4725235 -2.6630623
-2.9356654 -2.3065264
-2.1803570 -2.3759158
-1.9111013 -1.9608270
-2.2617543 -1.7076050
-1.6972649 -1.6900045
-1.5227854 -1.3983635
-1.7977797 -1.2287685
-1.3699723 -1.1511883
-1.2665774 -0.9320505
-1.4901191 -0.8275692
-1.1617385 -0.7026718
-1.1257871 -0.5273390
-1.3114350 -0.4752711
-1.0036107 -0.2966602
-1.1573088 -0.1361614
-1.3445634 -0.1238788
0.0000000 0.0000000
0.0000000 0.0000000
-1.4562304 0.0860719
-1.5722443 0.0660910
-1.2285347 0.2790995
-1.3973291 0.3361800
-1.5174447 0.2661142
-1.4324280 0.5451190
-1.5764883 0.6054145
-1.6785843 0.4797969
-1.6854939 0.8414332
-1.9039614 0.8863162
-2.0017734 0.6914956
-2.0831969 1.1749219
-2.4089692 1.1819512
-2.5074718 0.8939209
-2.6784022 1.5699363
-3.1819360 1.4701138
-3.2679760 1.0443865
-3.5693266 2.0867460
-4.4468307 1.6710113
-4.4179149 0.9833857
-4.9943447 2.8314307
-6.7026820 1.4699155
-6.1590905 0.5859652
-7.9287844 3.0826890
-9.3310480 2.0524988
-9.7009964 0.2964424
-10.4974613 2.3151529
-8.7672119 4.8998103
-8.9240580 1.4345927
-2.2855980 2.0244224
0.2657466 3.5651221
0.5167922 1.6181189
1.6718440 -3.1086869
28.1033916 -4.9186468
26.3872814 -6.5847869
32.2790108 2.1033654
39.4004860 0.5624020
35.1903343 -3.1372349
28.9603100 -6.5130682
13.6649065 -1.0317200
12.9592514 2.5958745
7.5861278 3.1103818
1.2292539 -7.4583273
-2.8244925 -4.6100874
-2.8688648 -6.6699214
-4.6299691 -6.6602144
-5.3604932 -6.2288909
-6.6018658 -4.7105317
-9.2993174 -5.7463989
-10.0584774 -4.3342614
-7.5852261 -4.4941430
-6.0189443 -3.5142186
-6.6674547 -2.5171249
-5.1172953 -3.2320230
-4.2891788 -2.5316949
-4.7323570 -1.8742709
-3.6945803 -2.2635276
-3.1873255 -1.8997190
-3.5161829 -1.4577365
-2.7825460 -1.6323899
-2.4572623 -1.4160409
-2.6961722 -1.1183640
-2.1741624 -1.1788387
-1.9652195 -1.0263515
-2.1481328 -0.8304901
-1.7686709 -0.8141374
-1.6463012 -0.6955625
-1.7950777 -0.5736023
-1.5076585 -0.4980916
-1.4759130 -0.3992003
-1.6007667 -0.3357055
-1.2710615 -0.2066389
-1.5211043 -0.1089495
-1.6638651 -0.0918855
0.0000000 0.0000000
0.0000000 0.0000000
-1.7000605 0.0537949
-1.7580335 0.0340365
-1.3841650 0.1976114
-1.6177074 0.1957616
-1.6885270 0.1273908
-1.6308939 0.3612017
-1.7930706 0.3478747
-1.8382982 0.2238738
-1.8956914 0.5355790
-2.1253896 0.4809321
-2.1463556 0.2897036
-2.2973669 0.7169604
-2.6341560 0.5780810
-2.6177073 0.2958032
-2.8854175 0.9131570
-3.3729002 0.5911694
-3.2838225 0.1873425
-3.7032249 1.1370782
-4.4540710 0.3689579
-4.2305408 -0.1391566
-4.8551650 1.5888305
-6.0566182 -0.3171689
-5.4828572 -0.5587680
-7.0617700 0.8729482
-9.6705866 -0.9976813
-8.5190182 -1.4277302
-11.6569557 -1.4527273
-8.6678057 -0.8132463
-7.2414360 -2.6459610
-2.7874310 -1.0229008
1.9926136 -0.5502645
4.7050185 -3.3466547
16.8008919 -8.5904503
23.5042534 -9.9448481
27.8079853 -7.0835772
30.0639725 -1.0031121
34.3190613 -0.7718003
27.7187157 -1.1668104
26.4899635 -3.5023603
19.2691631 -1.0035611
16.4603825 6.6607347
17.2081757 1.7199992
-0.2798007 0.7218606
2.2421885 3.9628298
-1.7099425 0.1780053
-4.7119493 -3.5154371
-5.6314096 0.8724265
-8.2868509 0.1843312
-10.3651581 -2.0801320
-11.4520283 -0.3322552
-8.3584108 -1.5879340
-6.7512989 -1.3727804
-7.4305820 -0.5185536
-5.5861177 -1.2962378
-4.7966661 -1.1224089
-5.0301080 -0.5311925
-4.1045780 -0.9540343
-3.5812252 -0.9476104
-3.6877184 -0.5285983
-3.1125135 -0.7513240
-2.7730744 -0.7767227
-2.8525407 -0.4851244
-2.4517758 -0.5924658
-2.2363467 -0.6035699
-2.3079882 -0.4056560
-2.0159504 -0.4363911
-1.8936229 -0.4299173
-1.9595081 -0.3041910
-1.7285076 -0.2741911
-1.7190156 -0.2565024
-1.7747225 -0.1898311
-1.4313525 -0.1109908
-1.7796681 -0.0732833
-1.8651336 -0.0530946
0.0000000 0.0000000
0.0000000 0.0000000
-1.8368756 0.0206400
-1.8355969 0.0014732
-1.4471207 0.1099067
-1.7331866 0.0629658
-1.7511917 0.0004231
-1.7189498 0.1731724
-1.8858396 0.1038087
-1.8733249 -0.0109515
-1.9684695 0.2238303
-2.1833193 0.0977418
-2.1319919 -0.0750713
-2.3288941 0.2398574
-2.6340728 0.0054467
-2.5165846 -0.2245935
-2.8565869 0.1708848
-3.2506459 -0.2003747
-3.0451717 -0.4963305
-3.5684381 -0.0987579
-4.1020947 -0.6676044
-3.7440619 -1.0759894
-4.5123749 -0.2209182
-5.3565416 -1.1947407
-4.7344351 -2.1115735
-5.8894191 -0.7979587
-7.9335604 -2.5743675
-6.3659201 -3.5877793
-9.9897394 -3.8243644
-9.7621832 -5.5252719
-6.4703612 -6.9505973
-1.0468221 -6.1751428
6.0841603 -5.8913460
5.9338007 -7.7170000
16.2841740 -7.7309895
24.4091396 -1.6504976
18.9026299 -6.5434456
25.4954872 3.9447067
24.7163391 2.3959637
22.2577820 3.6089430
22.5049515 -0.8086075
20.1044884 5.2195392
13.0966721 10.3879299
10.3597174 9.8511953
4.9916024 5.6782088
9.7338581 7.1586027
0.2652348 4.4963722
-3.6717267 3.9796348
-0.5208821 6.0647511
-9.2546749 4.8087921
-9.6727114 2.9148760
-8.1655016 4.7875657
-7.9657502 2.3114798
-6.8568397 0.9032112
-5.9178925 2.1257932
-5.4122615 0.9475209
-4.8051877 0.2627929
-4.4290009 0.9497474
-4.0261889 0.3123189
-3.6027839 -0.0300661
-3.4280853 0.3991793
-3.1271839 0.0397430
-2.8337383 -0.1548835
-2.7460005 0.1303539
-2.5192766 -0.0663242
-2.3259137 -0.1871618
-2.2847636 0.0030517
-2.1094394 -0.0892276
-2.0005119 -0.1664318
-1.9845427 -0.0459558
-1.8268231 -0.0670221
-1.8425807 -0.1140749
-1.8307856 -0.0502118
-1.5100818 -0.0201891
-1.9178264 -0.0357723
-1.9443293 -0.0155857
0.0000000 0.0000000
0.0000000 0.0000000
-1.8643900 -0.0105370
-1.8126656 -0.0274222
-1.4438986 0.0237495
-1.7425002 -0.0498087
-1.7140173 -0.0996248
-1.7132480 -0.0071935
-1.8555325 -0.1052298
-1.8011348 -0.1953758
-1.9198340 -0.0761567
-2.0833595 -0.2173477
-1.9948215 -0.3501401
-2.1973388 -0.2051726
-2.4216950 -0.4294709
-2.2737637 -0.6105476
-2.5834305 -0.4174053
-2.8911209 -0.7875348
-2.6460373 -1.0135025
-3.0934460 -0.8795077
-3.4637628 -1.4010835
-3.1111443 -1.7192559
-3.6682153 -1.5598015
-4.1291218 -2.4725301
-3.7634387 -2.8549509
-4.3648710 -2.5743077
-5.3303647 -4.0948749
-4.5303397 -4.5105262
-5.7945242 -5.8785682
-4.7686539 -7.3477778
-4.2165575 -7.4364395
-1.9262493 -8.4576302
4.8489895 -6.7854142
2.2113509 -8.1387930
12.4167271 -2.9083803
17.9169598 -2.4955077
13.1195793 -3.7244790
21.7916603 -0.3841279
22.2583694 2.9995472
17.9414482 3.6665220
14.0187359 3.3291512
13.8685827 5.6092081
13.3256235 4.8266268
12.9560308 4.4228086
4.8596568 9.3439693
4.5090370 9.9182405
1.5668734 7.8374929
-4.7009096 8.1931448
-1.3774872 9.8242111
-6.7023396 8.0129671
-6.9703584 4.9410849
-3.8118596 6.1311154
-5.6583910 4.5016980
-5.3393264 2.4616024
-3.8177755 3.4325261
-4.4299550 2.3589203
-4.0974379 1.3491324
-3.3756437 1.9201277
-3.5224512 1.2696887
-3.2463996 0.7272577
-2.8705149 1.0871711
-2.8675327 0.6805010
-2.6542375 0.3733393
-2.4406450 0.6146792
-2.3962574 0.3623088
-2.2442164 0.1751608
-2.1164629 0.3390798
-2.0622718 0.1918507
-1.9749211 0.0679312
-1.8938458 0.1741927
-1.8202152 0.1021362
-1.8488998 0.0147682
-1.7841065 0.0722418
-1.5236756 0.0561332
-1.9383322 -0.0030520
-1.9187955 0.0138713
0.0000000 0.0000000
0.0000000 0.0000000
-1.7943372 -0.0334313
-1.7107719 -0.0447675
-1.3986056 -0.0473817
-1.6596179 -0.1360206
-1.6058306 -0.1737900
-1.6258425 -0.1522061
-1.7321154 -0.2596790
-1.6565053 -0.3258795
-1.7744143 -0.2986512
-1.8858271 -0.4413943
-1.7828218 -0.5345189
-1.9587306 -0.5171067
-2.0955098 -0.7212929
-1.9545918 -0.8401700
-2.1833243 -0.8380798
-2.3530262 -1.1464479
-2.1615708 -1.2850651
-2.4347966 -1.3593163
-2.5659420 -1.7810509
-2.3781662 -1.9086030
-2.5924392 -2.2397590
-2.6640272 -2.7536242
-2.5482728 -2.8702006
-2.5972788 -3.2916653
-2.6190815 -4.2196879
-2.5736103 -4.1783061
-2.5685716 -5.2834916
-2.0706689 -6.6106920
-2.0459487 -5.5770741
-0.8698879 -8.8280773
2.5910625 -8.7698259
1.4406906 -8.1644468
7.3606849 -5.2617197
11.0899467 -2.2237408
7.0789895 -5.5234861
14.6616507 1.4984413
16.9493656 3.7851233
12.2505407 2.1756246
14.7622004 3.7266099
10.2086582 8.4863615
10.3545246 6.3621354
7.7050228 8.2969494
4.7836199 9.0281391
3.7285867 8.8193731
1.1227663 9.6476917
-2.0594833 8.8114748
0.0784128 7.4837508
-2.6279614 7.0526962
-3.3120694 5.3065610
-1.6347264 5.3416643
-3.3049486 4.5621963
-3.4000189 3.2404895
-2.1939161 3.5479026
-3.1490209 2.8392565
-3.0523555 1.9701399
-2.3082268 2.2947519
-2.7980325 1.7569429
-2.6527421 1.2204385
-2.2085176 1.4620414
-2.4382069 1.0850171
-2.3075757 0.7490360
-2.0316415 0.9234191
-2.1381285 0.6668258
-2.0364058 0.4485409
-1.8564553 0.5720170
-1.9062335 0.4035839
-1.8468536 0.2530096
-1.7226681 0.3355011
-1.7238064 0.2328293
-1.7644548 0.1198923
-1.6616724 0.1658691
-1.4632111 0.1130675
-1.8662944 0.0232251
-1.8105408 0.0367776
0.0000000 0.0000000
0.0000000 0.0000000
-1.6614499 -0.0470856
-1.5581770 -0.0542728
-1.3004851 -0.0998188
-1.5199034 -0.1937686
-1.4510233 -0.2179784
-1.4811635 -0.2516533
-1.5520171 -0.3590546
-1.4680035 -0.3999308
-1.5711426 -0.4433961
-1.6323622 -0.5753967
-1.5307136 -0.6282797
-1.6655426 -0.7023894
-1.7249120 -0.8735865
-1.6034870 -0.9295658
-1.7523987 -1.0626978
-1.7976437 -1.2897959
-1.6599430 -1.3351080
-1.7974639 -1.5571651
-1.7938211 -1.8599356
-1.6587956 -1.8560259
-1.7264373 -2.3018847
-1.5945852 -2.6665013
-1.5173615 -2.5414293
-1.3921051 -3.1869903
-1.0614122 -3.7252765
-1.0396438 -3.2721987
-0.5800392 -4.6149874
0.0431457 -4.9132271
0.0702745 -4.3173375
0.5423915 -5.4991241
2.1370480 -6.0907273
1.8005769 -4.6327496
3.9985354 -6.9633145
6.2377934 -5.5050054
4.8710132 -4.3073115
8.5586433 -2.7056329
9.4778271 -0.9711472
6.5805936 -1.0391395
9.6457472 2.0223007
8.2404919 4.9695339
5.8703642 2.9334383
5.7283511 5.3835354
4.1011214 6.6713343
3.4127417 4.8200021
2.1950295 6.2070093
0.7479691 5.9236116
1.0280092 4.9248300
-0.3840893 5.2319994
-1.0606383 4.5069532
-0.4793194 4.0910940
-1.5701671 3.8784399
-1.8328257 3.1709750
-1.1680613 3.0991299
-1.9772164 2.7216783
-2.0381849 2.1698112
-1.4909754 2.2313738
-2.0374660 1.8663027
-2.0018783 1.4499148
-1.6091132 1.5584955
-1.9441922 1.2574363
-1.8844804 0.9618601
-1.6098180 1.0602448
-1.8098477 0.8325415
-1.7549551 0.6212299
-1.5602458 0.6991175
-1.6812128 0.5338112
-1.6500758 0.3781748
-1.5057523 0.4333703
-1.5630507 0.3172650
-1.6127912 0.1946025
-1.4898523 0.2266838
-1.3467675 0.1491450
-1.7242916 0.0425074
-1.6449146 0.0520864
0.0000000 0.0000000
0.0000000 0.0000000
-1.4885277 -0.0540388
-1.3774067 -0.0577255
-1.1682770 -0.1327076
-1.3472385 -0.2243519
-1.2718987 -0.2360410
-1.3058131 -0.3080856
-1.3459964 -0.4082056
-1.2614182 -0.4261117
-1.3465762 -0.5167373
-1.3666698 -0.6317463
-1.2719188 -0.6494957
-1.3695374 -0.7778606
-1.3736941 -0.9156294
-1.2680068 -0.9216471
-1.3618912 -1.1144297
-1.3322923 -1.2810674
-1.2192965 -1.2558941
-1.2847207 -1.5401584
-1.1957580 -1.7370661
-1.0811785 -1.6484648
-1.0838691 -2.0955741
-0.8828985 -2.3120964
-0.7820123 -2.1153290
-0.6819736 -2.6637900
-0.3298543 -2.9189415
-0.2317423 -2.5274820
0.0661261 -3.5021675
0.7590306 -3.5753379
0.7582473 -2.9319370
1.3824972 -3.6383474
2.2404158 -3.7110939
1.9717435 -2.8047667
3.0479658 -3.6398447
3.9798610 -3.1121705
3.4519260 -2.2235312
5.1076965 -1.3614162
5.2978692 -0.7628248
4.1055341 -0.6518715
5.5982542 1.0980254
4.9566946 2.0455151
3.7083604 1.3327997
4.2275209 2.7128000
3.3352549 3.6595373
2.5662036 2.6546359
2.3036458 3.6357484
1.4701432 3.9725072
1.1875988 3.1204050
0.5646294 3.5614688
0.0287823 3.4609418
0.0997773 2.9414470
-0.5346667 3.0017667
-0.8203965 2.7209826
-0.5595809 2.4792247
-1.1183498 2.3373172
-1.2494079 2.0358613
-0.9285222 1.9512762
-1.3829622 1.7417893
-1.4222246 1.4723331
-1.1375932 1.4667202
-1.4699326 1.2580228
-1.4643178 1.0331496
-1.2353691 1.0619675
-1.4663616 0.8802994
-1.4491022 0.7015773
-1.2697364 0.7356173
-1.4265105 0.5887616
-1.4188360 0.4454161
-1.2752819 0.4740848
-1.3658515 0.3579768
-1.4210788 0.2382813
-1.2931064 0.2565488
-1.1951560 0.1655772
-1.5372020 0.0545651
-1.4466169 0.0601060
0.0000000 0.0000000
0.0000000 0.0000000
-1.2971908 -0.0558668
-1.1872998 -0.0566092
-1.0198454 -0.1481646
-1.1625645 -0.2326926
-1.0868638 -0.2341710
-1.1213062 -0.3283872
-1.1378361 -0.4177285
-1.0570328 -0.4176089
-1.1256504 -0.5327381
-1.1169139 -0.6297995
-1.0307012 -0.6213024
-1.1003217 -0.7727323
-1.0695204 -0.8808817
-0.9769477 -0.8534719
-1.0344167 -1.0589914
-0.9673496 -1.1795007
-0.8694973 -1.1166278
-0.8991113 -1.3927114
-0.7764574 -1.5215226
-0.6733389 -1.3993244
-0.6571526 -1.7807462
-0.4401341 -1.9040927
-0.3377546 -1.6879703
-0.2428895 -2.1494730
0.0895857 -2.2468266
0.1700746 -1.9157640
0.3612412 -2.4778473
0.8541618 -2.5008516
0.8759589 -2.0163724
1.2807168 -2.4259501
1.7772976 -2.3788507
1.6724935 -1.8072338
2.2571130 -2.0196738
2.6852851 -1.7618966
2.4128091 -1.3048729
3.2553773 -0.7583205
3.3186831 -0.4798773
2.7411151 -0.3926448
3.5679965 0.6512638
3.1915810 1.0511611
2.5308902 0.7279728
2.9478819 1.6443384
2.4245126 2.1387517
1.9026450 1.5942580
1.9163154 2.2869422
1.3942676 2.5943260
1.0876238 2.0341322
0.8363527 2.4403288
0.4378124 2.5187805
0.3427406 2.0883656
-0.0067030 2.2472625
-0.2648393 2.1745312
-0.2085434 1.9033656
-0.5635952 1.8964082
-0.7127489 1.7542223
-0.5585743 1.6073734
-0.8927945 1.5117147
-0.9684151 1.3527635
-0.7891039 1.2837758
-1.0682238 1.1555412
-1.0983144 1.0011629
-0.9299982 0.9783807
-1.1475440 0.8466217
-1.1573319 0.7080872
-1.0088704 0.7067569
-1.1722983 0.5854084
-1.1812840 0.4644142
-1.0531455 0.4703105
-1.1572237 0.3629341
-1.2133487 0.2550006
-1.0924999 0.2611960
-1.0277771 0.1664312
-1.3286830 0.0599523
-1.2365061 0.0620197
0.0000000 0.0000000
0.0000000 0.0000000
-1.1045489 -0.0539860
-1.0019940 -0.0526138
-0.8694046 -0.1499235
-0.9811934 -0.2249617
-0.9092036 -0.2190131
-0.9424589 -0.3221904
-0.9425716 -0.3994978
-0.8680703 -0.3869385
-0.9230444 -0.5094910
-0.8967168 -0.5896775
-0.8197724 -0.5646299
-0.8692834 -0.7173349
-0.8195777 -0.8012744
-0.7394782 -0.7550120
-0.7738550 -0.9485263
-0.6910517 -1.0345768
-0.6077766 -0.9552530
-0.6164927 -1.1975005
-0.4870236 -1.2801876
-0.4011209 -1.1523880
-0.3747357 -1.4509283
-0.1785708 -1.5197651
-0.0939070 -1.3249751
-0.0154920 -1.6593469
0.2515022 -1.6967398
0.3130442 -1.4307708
0.4662448 -1.7587801
0.7923962 -1.7519748
0.8059076 -1.4146247
1.0719956 -1.6237350
1.3657382 -1.5606976
1.3098233 -1.2103616
1.6807376 -1.2242754
1.8948359 -1.0747880
1.7227793 -0.8251883
2.2025924 -0.4595844
2.2198479 -0.2956492
1.9041687 -0.2403742
2.3790753 0.3917103
2.1688201 0.6113237
1.7855339 0.4442468
2.0774987 1.0532385
1.7603563 1.3331941
1.4169275 1.0184661
1.4932249 1.5120221
1.1568487 1.7290026
0.9148075 1.3706667
0.8210998 1.7040412
0.5338948 1.8092616
0.4102626 1.4925787
0.2208117 1.6701428
0.0077519 1.6770729
-0.0142075 1.4396329
-0.2376481 1.4957047
-0.3802631 1.4390442
-0.3212208 1.2832419
-0.5535115 1.2582940
-0.6416139 1.1701422
-0.5391867 1.0760527
-0.7563549 1.0066707
-0.8048512 0.9065917
-0.6905950 0.8544245
-0.8756805 0.7657488
-0.9016086 0.6642426
-0.7886491 0.6391389
-0.9384739 0.5444979
-0.9584864 0.4478048
-0.8513728 0.4371876
-0.9551641 0.3428869
-1.0081517 0.2511854
-0.9020686 0.2480307
-0.8604791 0.1564270
-1.1178254 0.0600889
-1.0310252 0.0596442
0.0000000 0.0000000
0.0000000 0.0000000
-0.9223471 -0.0498581
-0.8306141 -0.0470950
-0.7267483 -0.1423629
-0.8130225 -0.2070808
-0.7473201 -0.1965327
-0.7782550 -0.2989645
-0.7680803 -0.3643538
-0.7014565 -0.3442419
-0.7455561 -0.4632232
-0.7102634 -0.5285434
-0.6428396 -0.4947695
-0.6782513 -0.6364287
-0.6212846 -0.7010604
-0.5531787 -0.6471440
-0.5728229 -0.8166348
-0.4880545 -0.8782746
-0.4193341 -0.7962219
-0.4168700 -0.9955107
-0.2969400 -1.0489920
-0.2282187 -0.9303975
-0.1971346 -1.1548793
-0.0346059 -1.1927382
0.0279583 -1.0301598
0.0972771 -1.2579007
0.2968470 -1.2709380
0.3375727 -1.0678644
0.4615600 -1.2600830
0.6754093 -1.2424227
0.6806523 -1.0114962
0.8700655 -1.1095132
1.0498818 -1.0542755
1.0055094 -0.8357952
1.2554244 -0.7924074
1.3723739 -0.6947651
1.2549462 -0.5473830
1.5539252 -0.2979008
1.5563003 -0.1865509
1.3619779 -0.1531398
1.6540101 0.2465717
1.5296220 0.3863626
1.2909497 0.2913418
1.4922434 0.7015337
1.2937967 0.8734469
1.0645390 0.6818252
1.1446875 1.0356646
0.9229916 1.1841785
0.7428722 0.9502019
0.7152197 1.2131189
0.5092476 1.3053064
0.3973824 1.0791566
0.2954393 1.2433971
0.1278729 1.2750013
0.0822044 1.0863632
-0.0600373 1.1645867
-0.1833954 1.1491631
-0.1722639 1.0081825
-0.3313521 1.0217175
-0.4176335 0.9752018
-0.3641755 0.8783454
-0.5255458 0.8478121
-0.5809969 0.7841175
-0.5067858 0.7212793
-0.6564323 0.6645414
-0.6895121 0.5928134
-0.6081878 0.5546293
-0.7364012 0.4836643
-0.7615379 0.4089298
-0.6766038 0.3882754
-0.7705982 0.3087564
-0.8186809 0.2336096
-0.7294087 0.2243903
-0.7037446 0.1402490
-0.9181883 0.0567332
-0.8409878 0.0546902
0.0000000 0.0000000
0.0000000 0.0000000
-0.7575515 -0.0445153
-0.6781827 -0.0409443
-0.5974982 -0.1292785
-0.6634107 -0.1838671
-0.6052269 -0.1709842
-0.6334349 -0.2665902
-0.6176038 -0.3209486
-0.5594794 -0.2975075
-0.5947853 -0.4061471
-0.5564867 -0.4590039
-0.4986980 -0.4220020
-0.5243618 -0.5468485
-0.4676444 -0.5966846
-0.4104701 -0.5423432
-0.4210684 -0.6843134
-0.3426324 -0.7288531
-0.2870608 -0.6521699
-0.2786037 -0.8094762
-0.1751847 -0.8449867
-0.1221837 -0.7418340
-0.0909282 -0.9062468
0.0371683 -0.9273697
0.0817341 -0.7974039
0.1429412 -0.9497334
0.2878406 -0.9522915
0.3130350 -0.8009256
0.4126261 -0.9138829
0.5555326 -0.8945225
0.5533671 -0.7351109
0.6940049 -0.7775212
0.8084798 -0.7323479
0.7702346 -0.5918995
0.9453138 -0.5371997
1.0136924 -0.4685003
0.9292874 -0.3764054
1.1272835 -0.2015539
1.1250571 -0.1215151
0.9959314 -0.1007758
1.1863245 0.1624367
1.1087736 0.2591724
0.9513391 0.2006890
1.0917399 0.4822367
0.9633086 0.5951436
0.8063974 0.4735455
0.8760281 0.7292188
0.7256213 0.8317575
0.5940566 0.6755421
0.5933672 0.8786132
0.4462276 0.9514400
0.3538440 0.7899905
0.2991937 0.9307238
0.1699561 0.9662551
0.1213962 0.8216647
0.0316218 0.9024188
-0.0714066 0.9046245
-0.0804846 0.7869059
-0.1903403 0.8175126
-0.2666214 0.7945926
-0.2425533 0.7056362
-0.3607179 0.6984137
-0.4150322 0.6581845
-0.3685920 0.5953878
-0.4846776 0.5610600
-0.5203277 0.5105501
-0.4622194 0.4684474
-0.5681899 0.4158625
-0.5938853 0.3594899
-0.5291510 0.3339845
-0.6098781 0.2686364
-0.6514031 0.2084759
-0.5788869 0.1961266
-0.5634072 0.1218233
-0.7383180 0.0513688
-0.6719260 0.0485813
0.0000000 0.0000000
0.0000000 0.0000000
-0.6135579 -0.0387058
-0.5465789 -0.0349001
-0.4843464 -0.1135103
-0.5342677 -0.1588954
-0.4840208 -0.1452705
-0.5091413 -0.2308817
-0.4910806 -0.2755317
-0.4412950 -0.2515813
-0.4697816 -0.3469127
-0.4324152 -0.3893952
-0.3838111 -0.3531284
-0.4023800 -0.4590640
-0.3500179 -0.4978655
-0.3029882 -0.4469689
-0.3081883 -0.5626876
-0.2399261 -0.5953935
-0.1953920 -0.5279241
-0.1844046 -0.6491855
-0.0994866 -0.6734533
-0.0593826 -0.5876179
-0.0298838 -0.7060868
0.0687899 -0.7185311
0.0996012 -0.6165944
0.1522847 -0.7185599
0.2568341 -0.7163109
0.2717913 -0.6046605
0.3511465 -0.6715658
0.4487048 -0.6538437
0.4423831 -0.5422722
0.5480890 -0.5568386
0.6235050 -0.5215391
0.5911758 -0.4274889
0.7172872 -0.3765994
0.7593851 -0.3255659
0.6969235 -0.2661682
0.8337805 -0.1411240
0.8304394 -0.0815919
0.7402046 -0.0682031
0.8701816 0.1119645
0.8193920 0.1814691
0.7114323 0.1439011
0.8109127 0.3405612
0.7257751 0.4190089
0.6153413 0.3385369
0.6716318 0.5247374
0.5674590 0.5972499
0.4711232 0.4907346
0.4817304 0.6464751
0.3748602 0.7018223
0.3025401 0.5864542
0.2729543 0.7017481
0.1755630 0.7342265
0.1309109 0.6244482
0.0736093 0.6986141
-0.0097559 0.7075592
-0.0260805 0.6130829
-0.1011001 0.6492932
-0.1667089 0.6386895
-0.1574710 0.5627846
-0.2444365 0.5673428
-0.2924260 0.5422227
-0.2647364 0.4846714
-0.3535315 0.4649425
-0.3875997 0.4291322
-0.3466218 0.3886936
-0.4308761 0.3500657
-0.4556857 0.3074744
-0.4062739 0.2813959
-0.4739221 0.2281726
-0.5081712 0.1807969
-0.4509130 0.1673126
-0.4423119 0.1035403
-0.5818435 0.0451980
-0.5261812 0.0422396
0.0000000 0.0000000
0.0000000 0.0000000
-0.4908724 -0.0330306
-0.4353316 -0.0292938
-0.3879369 -0.0972767
-0.4253793 -0.1345652
-0.3828935 -0.1214464
-0.4047083 -0.1955602
-0.3866584 -0.2320075
-0.3447730 -0.2091340
-0.3678235 -0.2906009
-0.3337383 -0.3246078
-0.2932477 -0.2913595
-0.3070076 -0.3791373
-0.2610822 -0.4094518
-0.2229739 -0.3644053
-0.2247808 -0.4565431
-0.1674108 -0.4813282
-0.1324378 -0.4238158
-0.1208784 -0.5163674
-0.0531141 -0.5333168
-0.0229068 -0.4640351
0.0035700 -0.5491853
0.0785545 -0.5567604
0.0995345 -0.4779360
0.1438675 -0.5459840
0.2197392 -0.5424307
0.2278492 -0.4595925
0.2909288 -0.4997301
0.3588638 -0.4839743
0.3509082 -0.4052596
0.4309066 -0.4066598
0.4819752 -0.3790667
0.4551337 -0.3142596
0.5476012 -0.2703265
0.5746849 -0.2319919
0.5277689 -0.1918823
0.6251684 -0.1012294
0.6221136 -0.0555509
0.5569413 -0.0472206
0.6485738 0.0796228
0.6141764 0.1311884
0.5375316 0.1063204
0.6099707 0.2468762
0.5514103 0.3030488
0.4728396 0.2486553
0.5165714 0.3848315
0.4441251 0.4378512
0.3724657 0.3633399
0.3861833 0.4822752
0.3082009 0.5242473
0.2522986 0.4413098
0.2379437 0.5339503
0.1636433 0.5609738
0.1266560 0.4787984
0.0889764 0.5421174
0.0242678 0.5532186
0.0059609 0.4786276
-0.0461607 0.5141644
-0.1002984 0.5100216
-0.0988451 0.4478329
-0.1612411 0.4578439
-0.2030209 0.4416401
-0.1858640 0.3924285
-0.2539013 0.3810340
-0.2834600 0.3556629
-0.2553520 0.3191569
-0.3213409 0.2906704
-0.3433583 0.2582300
-0.3060868 0.2340157
-0.3606716 0.1911074
-0.3888443 0.1536281
-0.3435480 0.1406466
-0.3401342 0.0868142
-0.4491056 0.0390126
-0.4033121 0.0361307
0.0000000 0.0000000
0.0000000 0.0000000
-0.3883640 -0.0277968
-0.3428566 -0.0243020
-0.3072412 -0.0818530
-0.3351826 -0.1122411
-0.2996746 -0.1003469
-0.3186396 -0.1630426
-0.3017771 -0.1926079
-0.2670518 -0.1721065
-0.2856649 -0.2399182
-0.2558959 -0.2673494
-0.2225873 -0.2378928
-0.2330589 -0.3096040
-0.1942588 -0.3333324
-0.1634126 -0.2949892
-0.1635809 -0.3676170
-0.1166476 -0.3865927
-0.0895224 -0.3390220
-0.0783121 -0.4088215
-0.0249633 -0.4214050
-0.0026155 -0.3658543
0.0204232 -0.4275892
0.0771357 -0.4320056
0.0913985 -0.3717612
0.1279892 -0.4177386
0.1834649 -0.4139304
0.1871273 -0.3523096
0.2372144 -0.3758276
0.2853144 -0.3629257
0.2768862 -0.3059708
0.3382071 -0.3018167
0.3736524 -0.2794417
0.3513609 -0.2344930
0.4202633 -0.1982397
0.4384037 -0.1687236
0.4022586 -0.1408865
0.4736961 -0.0732387
0.4708873 -0.0383452
0.4229726 -0.0324666
0.4891277 0.0584143
0.4657380 0.0980546
0.4094541 0.0805443
0.4630650 0.1826500
0.4221453 0.2242518
0.3645897 0.1868069
0.3996749 0.2878424
0.3475787 0.3271000
0.2947198 0.2746837
0.3078540 0.3647544
0.2518183 0.3973158
0.2077767 0.3368181
0.2016233 0.4101324
0.1454732 0.4321023
0.1151669 0.3709040
0.0920287 0.4234082
0.0411070 0.4339801
0.0247491 0.3765899
-0.0122111 0.4077691
-0.0545632 0.4073373
-0.0579142 0.3572354
-0.1027364 0.3688356
-0.1372696 0.3581461
-0.1271746 0.3176703
-0.1773085 0.3111919
-0.2029557 0.2925488
-0.1827621 0.2616078
-0.2343076 0.2397505
-0.2524486 0.2149507
-0.2248783 0.1935639
-0.2682641 0.1589641
-0.2905608 0.1289676
-0.2549457 0.1173087
-0.2549106 0.0725244
-0.3385116 0.0332062
-0.3007033 0.0305476
0.0000000 0.0000000
0.0000000 0.0000000
-0.3038777 -0.0231878
-0.2668457 -0.0201272
-0.2406530 -0.0679357
-0.2613994 -0.0927761
-0.2319505 -0.0822977
-0.2483427 -0.1344922
-0.2334847 -0.1584162
-0.2047831 -0.1407957
-0.2201883 -0.1964331
-0.1950015 -0.2184908
-0.1678774 -0.1934593
-0.1760105 -0.2509114
-0.1440393 -0.2699166
-0.1192746 -0.2377190
-0.1188564 -0.2948057
-0.0812818 -0.3092843
-0.0600902 -0.2709235
-0.0502563 -0.3236587
-0.0086437 -0.3330650
0.0076010 -0.2892520
0.0273471 -0.3336269
0.0702002 -0.3367380
0.0796796 -0.2902456
0.1096490 -0.3219686
0.1505144 -0.3178396
0.1513952 -0.2722545
0.1910236 -0.2860230
0.2257607 -0.2754288
0.2171850 -0.2338148
0.2649149 -0.2267561
0.2898028 -0.2092464
0.2713398 -0.1768023
0.3236671 -0.1478420
0.3363735 -0.1241036
0.3075914 -0.1049419
0.3611600 -0.0539462
0.3590310 -0.0266607
0.3222772 -0.0223623
0.3723044 0.0448258
0.3554773 0.0752412
0.3136240 0.0632564
0.3539578 0.1380040
0.3256691 0.1702045
0.2816552 0.1434783
0.3098582 0.2190317
0.2723932 0.2489160
0.2319772 0.2117425
0.2456586 0.2805540
0.2039706 0.3057036
0.1701335 0.2618952
0.1681846 0.3187334
0.1271741 0.3370150
0.1013486 0.2910708
0.0875084 0.3335441
0.0484241 0.3430558
0.0336374 0.2995201
0.0096096 0.3257984
-0.0242340 0.3268732
-0.0287025 0.2878878
-0.0611609 0.2982469
-0.0877754 0.2914755
-0.0831170 0.2588286
-0.1196215 0.2547612
-0.1403709 0.2407342
-0.1262777 0.2156607
-0.1646551 0.1983538
-0.1799017 0.1786860
-0.1585282 0.1609590
-0.1929120 0.1324318
-0.2097638 0.1080405
-0.1818366 0.0979818
-0.1844727 0.0608685
-0.2467261 0.0280403
-0.2152826 0.0256876
0.0000000 0.0000000
0.0000000 0.0000000
-0.2347826 -0.0192765
-0.2046758 -0.0167106
-0.1862771 -0.0560091
-0.2014366 -0.0763809
-0.1771671 -0.0676026
-0.1913109 -0.1102035
-0.1788069 -0.1298548
-0.1551087 -0.1149614
-0.1681117 -0.1601439
-0.1475001 -0.1778780
-0.1252595 -0.1573674
-0.1321895 -0.2030231
-0.1064081 -0.2182447
-0.0866066 -0.1921001
-0.0861839 -0.2361420
-0.0566125 -0.2477655
-0.0399880 -0.2168819
-0.0319884 -0.2569466
0.0000914 -0.2637861
0.0121922 -0.2298923
0.0281739 -0.2621033
0.0606236 -0.2641677
0.0666516 -0.2285533
0.0909560 -0.2499491
0.1210604 -0.2464990
0.1204179 -0.2119993
0.1518057 -0.2202499
0.1772427 -0.2108843
0.1688920 -0.1807084
0.2060333 -0.1729962
0.2240530 -0.1588656
0.2081345 -0.1351273
0.2489976 -0.1112839
0.2576665 -0.0926291
0.2347581 -0.0785070
0.2757026 -0.0400881
0.2745673 -0.0177878
0.2451252 -0.0150746
0.2836770 0.0352513
0.2718168 0.0592835
0.2390631 0.0510717
0.2716005 0.1072705
0.2508770 0.1322235
0.2173058 0.1134562
0.2400237 0.1699250
0.2138634 0.1938254
0.1812650 0.1667345
0.1944291 0.2194010
0.1639269 0.2393565
0.1366426 0.2076491
0.1393861 0.2519286
0.1082456 0.2668581
0.0874098 0.2330626
0.0793798 0.2662263
0.0509694 0.2751603
0.0367153 0.2421141
0.0216216 0.2633528
-0.0040929 0.2653330
-0.0096386 0.2357675
-0.0307898 0.2442202
-0.0517333 0.2398058
-0.0494655 0.2147233
-0.0757370 0.2109303
-0.0908921 0.2005354
-0.0818756 0.1808059
-0.1096444 0.1661664
-0.1212024 0.1501222
-0.1048098 0.1363040
-0.1306232 0.1121389
-0.1434082 0.0913827
-0.1204768 0.0833597
-0.1256070 0.0521328
-0.1699313 0.0238090
-0.1431309 0.0217460
0.0000000 0.0000000
0.0000000 0.0000000
-0.1784869 -0.0161279
-0.1538618 -0.0140149
-0.1419044 -0.0460978
-0.1528147 -0.0629735
-0.1326918 -0.0559269
-0.1452601 -0.0904073
-0.1350062 -0.1066844
-0.1154716 -0.0946732
-0.1266413 -0.1306113
-0.1103047 -0.1453938
-0.0919321 -0.1287234
-0.0982475 -0.1648080
-0.0780601 -0.1769746
-0.0619128 -0.1564278
-0.0623413 -0.1903125
-0.0393756 -0.1996117
-0.0263715 -0.1754265
-0.0202628 -0.2051362
0.0040391 -0.2106727
0.0132544 -0.1842300
0.0256554 -0.2078246
0.0499704 -0.2087315
0.0539320 -0.1820089
0.0727987 -0.1965186
0.0952120 -0.1933894
0.0934982 -0.1674840
0.1183389 -0.1714306
0.1366868 -0.1637880
0.1291970 -0.1411400
0.1581330 -0.1339058
0.1714415 -0.1216747
0.1575388 -0.1047230
0.1893319 -0.0852657
0.1957145 -0.0700033
0.1765886 -0.0595406
0.2092076 -0.0293764
0.2079929 -0.0114655
0.1846841 -0.0090994
0.2147576 0.0286884
0.2069556 0.0486840
0.1800932 0.0425584
0.2064181 0.0852146
0.1917274 0.1052970
0.1646569 0.0921498
0.1850293 0.1353057
0.1655827 0.1544439
0.1399679 0.1352127
0.1519787 0.1751257
0.1307702 0.1919495
0.1074326 0.1686630
0.1126012 0.2029836
0.0898995 0.2156186
0.0720770 0.1910722
0.0701406 0.2169779
0.0486565 0.2250658
0.0365082 0.2008657
0.0274580 0.2169402
0.0095842 0.2200730
0.0026707 0.1980579
-0.0103264 0.2040520
-0.0251810 0.2016493
-0.0252144 0.1834152
-0.0416028 0.1789765
-0.0523911 0.1712697
-0.0463321 0.1570917
-0.0652650 0.1431175
-0.0724832 0.1299565
-0.0604574 0.1199612
-0.0786487 0.0983040
-0.0873495 0.0795771
-0.0679207 0.0737160
-0.0748217 0.0467252
-0.1042730 0.0207013
-0.0795702 0.0191521
0.0000000 0.0000000
0.0000000 0.0000000
-0.1324405 -0.0136998
-0.1120112 -0.0120503
-0.1056108 -0.0381068
-0.1132674 -0.0525531
-0.0963297 -0.0469280
-0.1077765 -0.0747222
-0.0997014 -0.0884311
-0.0832996 -0.0791446
-0.0935024 -0.1076122
-0.0808524 -0.1200570
-0.0656511 -0.1070936
-0.0717223 -0.1349192
-0.0564406 -0.1452871
-0.0430386 -0.1291689
-0.0444736 -0.1551406
-0.0272336 -0.1625242
-0.0166434 -0.1442444
-0.0129723 -0.1661906
0.0052368 -0.1705393
0.0121873 -0.1504874
0.0213486 -0.1669140
0.0391416 -0.1676597
0.0420056 -0.1473552
0.0561987 -0.1571288
0.0726338 -0.1537686
0.0704718 -0.1348614
0.0893365 -0.1361241
0.1027717 -0.1294282
0.0957750 -0.1126576
0.1185860 -0.1051871
0.1278862 -0.0950061
0.1163055 -0.0822814
0.1409932 -0.0665533
0.1459680 -0.0531414
0.1295083 -0.0457793
0.1552161 -0.0219307
0.1545546 -0.0068302
0.1350617 -0.0048178
0.1600223 0.0247012
0.1540499 0.0412750
0.1325693 0.0373034
0.1539224 0.0696579
0.1442516 0.0868882
0.1213276 0.0773390
0.1390416 0.1105207
0.1253604 0.1265493
0.1039959 0.1130460
0.1167515 0.1439207
0.1010428 0.1581293
0.0821321 0.1416253
0.0884101 0.1677669
0.0731122 0.1792911
0.0569023 0.1614410
0.0585828 0.1814354
0.0435751 0.1891994
0.0323500 0.1720826
0.0295236 0.1841123
0.0168589 0.1881185
0.0102504 0.1728070
0.0032518 0.1759736
-0.0053591 0.1759518
-0.0078867 0.1636633
-0.0164161 0.1577424
-0.0217822 0.1529790
-0.0191100 0.1444142
-0.0285218 0.1295427
-0.0313029 0.1189920
-0.0231336 0.1133881
-0.0328783 0.0917710
-0.0373483 0.0735365
-0.0209375 0.0698124
-0.0282795 0.0455472
-0.0460358 0.0181989
-0.0191087 0.0172116
0.0000000 0.0000000
0.0000000 0.0000000
-0.0943306 -0.0118535
-0.0769225 -0.0106472
-0.0756907 -0.0319693
-0.0806192 -0.0447283
-0.0661111 -0.0405281
-0.0769209 -0.0626631
-0.0709062 -0.0748540
-0.0567566 -0.0676857
-0.0664432 -0.0902208
-0.0572122 -0.1009687
-0.0441627 -0.0912574
-0.0507289 -0.1127596
-0.0394710 -0.1217349
-0.0282816 -0.1095583
-0.0308899 -0.1288740
-0.0185079 -0.1353758
-0.0096354 -0.1214006
-0.0082028 -0.1375966
0.0048321 -0.1409090
0.0104466 -0.1261375
0.0162252 -0.1375409
0.0290255 -0.1378977
0.0308732 -0.1227410
0.0411778 -0.1284775
0.0526323 -0.1254946
0.0505612 -0.1112409
0.0645347 -0.1109415
0.0742067 -0.1044505
0.0677025 -0.0923841
0.0850108 -0.0851781
0.0916857 -0.0760603
0.0813598 -0.0665447
0.1011616 -0.0529411
0.1043155 -0.0412990
0.0906284 -0.0355729
0.1109560 -0.0166708
0.1110056 -0.0029415
0.0939782 -0.0015604
0.1143348 0.0217539
0.1104149 0.0362888
0.0920527 0.0337884
0.1110417 0.0592764
0.1039054 0.0741439
0.0851317 0.0676628
0.1005890 0.0931911
0.0918285 0.1076164
0.0729998 0.0978953
0.0854178 0.1219813
0.0747736 0.1346198
0.0583435 0.1230772
0.0669685 0.1435668
0.0560253 0.1540920
0.0423374 0.1415929
0.0463003 0.1569218
0.0370063 0.1649589
0.0260114 0.1528724
0.0271300 0.1620105
0.0195365 0.1671444
0.0125716 0.1570798
0.0113925 0.1585292
0.0073178 0.1610514
0.0035634 0.1540848
0.0012529 0.1465295
0.0021873 0.1461449
0.0007939 0.1432125
0.0004939 0.1257132
0.0052428 0.1200863
0.0067918 0.1201878
0.0100457 0.0946495
0.0124425 0.0769392
0.0215114 0.0747532
0.0227882 0.0519249
0.0092076 0.0124771
0.0400432 0.0036818
0.0000000 0.0000000
0.0000000 0.0000000
-0.0621672 -0.0106420
-0.0465381 -0.0098040
-0.0504384 -0.0274593
-0.0531019 -0.0392112
-0.0401779 -0.0361590
-0.0510247 -0.0540963
-0.0467312 -0.0653478
-0.0342603 -0.0596645
-0.0439513 -0.0777264
-0.0377012 -0.0877533
-0.0261147 -0.0797430
-0.0333936 -0.0971189
-0.0258481 -0.1051690
-0.0159803 -0.0953360
-0.0202707 -0.1107306
-0.0118605 -0.1165962
-0.0043669 -0.1050857
-0.0051108 -0.1176185
0.0035382 -0.1207267
0.0082716 -0.1083586
0.0111043 -0.1173515
0.0196759 -0.1172249
0.0209071 -0.1049608
0.0274551 -0.1092196
0.0351760 -0.1062408
0.0328696 -0.0944885
0.0430906 -0.0936897
0.0493114 -0.0877246
0.0434881 -0.0775387
0.0564562 -0.0717706
0.0611223 -0.0628847
0.0515436 -0.0551661
0.0669570 -0.0442084
0.0692222 -0.0333288
0.0568412 -0.0282672
0.0739097 -0.0129704
0.0736524 -0.0004133
0.0590329 0.0013032
0.0760190 0.0196386
0.0739460 0.0333713
0.0573817 0.0315911
0.0739792 0.0520343
0.0695222 0.0657565
0.0528401 0.0610833
0.0679926 0.0819256
0.0619039 0.0951100
0.0458307 0.0877357
0.0580207 0.1074349
0.0516737 0.1194266
0.0365893 0.1101202
0.0462831 0.1276252
0.0394598 0.1376699
0.0269969 0.1276376
0.0338593 0.1414942
0.0278598 0.1495737
0.0180589 0.1397034
0.0218174 0.1487441
0.0182381 0.1550389
0.0108578 0.1467364
0.0131347 0.1497757
0.0128715 0.1549101
0.0081174 0.1500912
0.0103852 0.1445636
0.0166916 0.1501961
0.0123437 0.1512176
0.0185576 0.1322613
0.0361047 0.1390915
0.0260859 0.1459079
0.0463717 0.1090171
0.0753299 0.1081886
0.0460093 0.0988607
0.0897325 0.0678628
0.1105776 0.0240087
0.0488769 -0.0839261
0.0000000 0.0000000
0.0000000 0.0000000
-0.0339136 -0.0100753
-0.0192547 -0.0095377
-0.0284948 -0.0245169
-0.0290485 -0.0361522
-0.0173000 -0.0313026
-0.0283977 -0.0488072
-0.0257605 -0.0598454
-0.0144156 -0.0506138
-0.0244722 -0.0703157
-0.0208010 -0.0802857
-0.0104194 -0.0668333
-0.0186155 -0.0877779
-0.0143269 -0.0959712
-0.0055024 -0.0790285
-0.0113374 -0.1001328
-0.0065581 -0.1058995
-0.0000018 -0.0865233
-0.0030274 -0.1063039
0.0019959 -0.1094150
0.0058024 -0.0886350
0.0060446 -0.1057404
0.0108795 -0.1058352
0.0116405 -0.0850959
0.0151335 -0.0984265
0.0196391 -0.0953100
0.0169707 -0.0760326
0.0237433 -0.0843527
0.0274207 -0.0783795
0.0215146 -0.0616272
0.0314201 -0.0643247
0.0339667 -0.0556508
0.0250409 -0.0427366
0.0372535 -0.0396404
0.0388112 -0.0286196
0.0269935 -0.0205285
0.0411135 -0.0114545
0.0411615 0.0010415
0.0274858 0.0038962
0.0427955 0.0183019
0.0414598 0.0317690
0.0265554 0.0289373
0.0416798 0.0477488
0.0395025 0.0614750
0.0239494 0.0530730
0.0384450 0.0754367
0.0351904 0.0884005
0.0204429 0.0750988
0.0335564 0.0996576
0.0297631 0.1113750
0.0163260 0.0939065
0.0270026 0.1193204
0.0235086 0.1293640
0.0118256 0.1088657
0.0202765 0.1340131
0.0171604 0.1421154
0.0080829 0.1199956
0.0142425 0.1436226
0.0124013 0.1501820
0.0057180 0.1278737
0.0097535 0.1488498
0.0105574 0.1549795
0.0061278 0.1346110
0.0089578 0.1509159
0.0158839 0.1609231
0.0131522 0.1473967
0.0156270 0.1494826
0.0474080 0.1802618
0.0283976 0.1765717
0.0415527 0.1312288
0.1737726 0.2360766
-0.0070004 0.1443054
0.0974528 0.0371186
0.5564266 0.3310983
-0.1733802 -0.2934620
0.0000000 0.0000000
0.0000000 0.0000000
-0.0061207 -0.0111133
0.0000000 0.0000000
-0.0067838 -0.0244481
-0.0060427 -0.0386416
0.0000000 0.0000000
-0.0062664 -0.0497398
-0.0054223 -0.0636238
0.0000000 0.0000000
-0.0053056 -0.0726923
-0.0042653 -0.0848967
0.0000000 0.0000000
-0.0039834 -0.0914414
-0.0027377 -0.1012224
0.0000000 0.0000000
-0.0022425 -0.1047057
-0.0008752 -0.1114036
0.0000000 0.0000000
-0.0001974 -0.1115909
0.0012276 -0.1146916
0.0000000 0.0000000
0.0019921 -0.1114116
0.0033536 -0.1107047
0.0000000 0.0000000
0.0042747 -0.1039669
0.0055087 -0.0993691
0.0000000 0.0000000
0.0064281 -0.0896082
0.0074658 -0.0812703
0.0000000 0.0000000
0.0083087 -0.0689485
0.0090103 -0.0573484
0.0000000 0.0000000
0.0098945 -0.0431692
0.0102225 -0.0288603
0.0000000 0.0000000
0.0108924 -0.0138288
0.0108847 0.0024186
0.0000000 0.0000000
0.0112883 0.0174383
0.0108460 0.0346076
0.0000000 0.0000000
0.0111808 0.0487397
0.0103787 0.0658717
0.0000000 0.0000000
0.0103456 0.0782216
0.0093814 0.0944196
0.0000000 0.0000000
0.0090539 0.1044962
0.0078807 0.1189239
0.0000000 0.0000000
0.0074839 0.1264080
0.0063087 0.1385411
0.0000000 0.0000000
0.0056452 0.1433458
0.0047609 0.1530874
0.0000000 0.0000000
0.0039843 0.1556800
0.0034304 0.1631778
0.0000000 0.0000000
0.0028934 0.1646998
0.0021896 0.1697741
0.0000000 0.0000000
0.0017376 0.1735898
-0.0026764 0.1754527
0.0000000 0.0000000
-0.0107627 0.1826241
0.0078592 0.2272781
0.0000000 0.0000000
-0.0954975 0.1419131
0.3099259 0.6287668
0.0000000 0.0000000
-0.3055375 -0.1403699
1.5780234 1.5915545
0.0000000 0.0000000
0.0000000 0.0000000
-25.70512
-25.90452
-27.10736
-29.13432
-32.21934
-36.83872
-43.88776
-54.87259
-72.18897
-99.47506
-140.3866
-190.1702
-234.0606
-55.23081
-128.8609
-95.17796
-77.7795
-62.69223
-51.63332
-43.08573
-36.76639
-32.19541
-29.00683
-26.94007
-25.81502
-25.55896
-25.49986
-25.73705
-26.85647
-28.8522
-31.92736
-36.54203
-43.56825
-54.59496
-72.29205
-100.2956
-146.3675
-208.9466
-181.0491
-21.24866
-141.9918
-103.3469
-79.74851
-64.37993
-52.014
-43.0283
-36.61636
-32.04765
-28.87252
-26.80359
-25.6517
-25.3741
-24.77827
-25.02127
-26.07725
-28.00339
-31.00849
-35.55916
-42.55201
-53.90455
-73.33747
-108.6088
-164.245
-189.2969
-157.058
-118.5248
-142.1404
-132.5558
-89.14173
-70.33335
-53.99478
-43.26395
-36.24013
-31.47609
-28.25151
-26.1741
-25.01389
-24.72549
-23.52686
-23.77026
-24.73428
-26.53113
-29.38737
-33.77426
-40.60551
-51.97141
-74.55623
-123.7796
-191.7585
-218.2416
-92.51415
-121.2516
-156.0864
-169.6277
-121.8691
-77.52502
-55.84623
-43.21905
-35.36613
-30.33047
-27.05582
-24.9957
-23.86283
-23.55759
-21.74243
-21.96602
-22.79526
-24.37014
-26.92882
-30.98288
-37.55759
-48.88387
-70.04912
-125.5023
-197.9765
-203.3555
-126.7575
-163.185
-259.6617
-204.3706
-148.357
-81.63028
-54.93906
-41.20809
-33.18255
-28.2252
-25.08927
-23.15371
-22.10414
-21.79723
-19.42881
-19.61334
-20.25909
-21.50259
-23.54668
-26.8449
-32.37568
-41.77473
-59.04951
-93.40514
-158.5225
-165.1958
-131.3075
-169.0665
-186.6071
-195.1679
-156.1564
-80.44292
-50.27014
-36.55004
-29.26871
-24.94688
-22.25376
-20.59756
-19.69823
-19.4253
-16.64413
-16.76713
-17.18183
-17.9937
-19.30999
-21.36479
-24.81489
-30.41234
-39.7553
-57.63583
-75.98849
-57.3495
-61.71324
-82.56648
-119.0882
-136.3946
-91.99987
-54.47835
-37.49848
-28.63404
-23.62188
-20.57154
-18.62929
-17.40809
-16.72204
-16.51854
-13.52199
-13.55944
-13.73632
-14.07371
-14.60123
-15.35127
-16.47524
-17.98767
-18.1826
-17.61012
-14.51642
13.36578
13.66374
0.5039289
-33.73678
-36.6107
-32.37414
-26.39819
-22.23924
-19.21499
-17.0551
-15.54971
-14.50935
-13.81513
-13.40189
-13.26272
-10.26828
-10.23928
-10.17122
-10.04849
-9.819768
-9.366328
-8.439946
-6.709198
-2.888586
3.824607
14.56784
32.30273
57.29213
58.44636
31.8753
12.72438
-0.2830704
-6.472036
-9.170427
-10.23643
-10.48643
-10.40966
-10.23593
-10.06156
-9.924502
-9.853696
-7.057751
-6.975428
-6.701985
-6.204876
-5.390546
-4.087049
-1.976244
1.348905
6.763716
14.5407
27.16975
40.37138
55.53312
55.65893
43.22319
28.42178
14.63723
5.652703
0.2712057
-2.85905
-4.635026
-5.608798
-6.129522
-6.392327
-6.493702
-6.484337
-4.038758
-3.917985
-3.500315
-2.751673
-1.579121
0.1769826
2.765101
6.459933
11.78769
18.75352
27.97305
37.08466
44.66295
45.27012
39.03101
29.67001
19.94463
12.04463
6.411896
2.615873
0.135298
-1.447555
-2.427423
-3.0013
-3.27976
-3.317259
-1.311951
-1.168455
-0.6705231
0.2081011
1.538476
3.436364
6.063531
9.579289
14.19146
19.83144
26.24073
32.11351
36.24862
36.72383
33.32819
27.51692
20.94086
14.90812
10.03833
6.389139
3.769494
1.951327
0.7395772
-0.0124834
-0.399732
-0.4676634
1.070761
1.22352
1.747485
2.658507
4.001052
5.844435
8.273705
11.3591
15.13259
19.43144
23.87429
27.69536
30.18311
30.5147
28.51162
24.81964
20.35211
15.91462
12.01269
8.846176
6.40466
4.60299
3.338456
2.52069
2.084568
1.999712
3.098628
3.25078
3.761318
4.637058
5.899352
7.579709
9.708362
12.29252
15.27989
18.4909
21.60841
24.17531
25.77492
26.00375
24.75379
22.33499
19.25603
16.01694
12.98985
10.37808
8.2521
6.606859
5.405055
4.601241
4.159438
4.066146
4.790693
4.935155
5.407022
6.206306
7.338059
8.807265
10.6095
12.71552
15.04325
17.43609
19.66152
21.43952
22.51747
22.67985
21.86585
20.23541
18.07928
15.71123
13.39338
11.29882
9.519411
8.089331
7.009795
6.266763
5.846331
5.748817
6.183554
6.315162
6.733919
7.435769
8.415648
9.663067
11.15466
12.84466
14.64923
16.44256
18.06049
19.32517
20.07897
20.1994
19.65211
18.52582
16.99272
15.2519
13.48523
11.82996
10.37524
9.168797
8.23264
7.572209
7.188178
7.089148
7.321003
7.435961
7.795091
8.392316
9.217424
10.25268
11.46733
12.81192
14.21166
15.56871
16.76702
17.68941
18.23433
18.32865
17.95287
17.15881
16.05228
14.76241
13.41515
12.11564
10.9415
9.942697
9.149745
8.578848
8.238819
8.141905
8.246341
8.342175
8.640907
9.135639
9.814321
10.65722
11.63316
12.69638
13.78421
14.8214
15.72446
16.41316
16.81985
16.89814
16.63674
16.06775
15.25802
14.29341
13.26258
12.24503
11.30462
10.48858
9.829087
9.346734
9.054015
8.963676
8.997267
9.073203
9.314928
9.715564
10.26305
10.93847
11.71361
12.5493
13.39523
14.19366
14.88344
15.4075
15.71901
15.78706
15.60409
15.19096
14.5917
13.86463
13.07311
12.27751
11.52938
10.86984
10.32959
9.929799
9.684172
9.60438
9.604107
9.660941
9.852017
10.17081
10.60626
11.14141
11.75208
12.40603
13.06377
13.68114
14.21265
14.61668
14.85948
14.91946
14.79122
14.48832
14.04075
13.48941
12.88018
12.25869
11.66619
11.13732
10.69919
10.3721
10.16987
10.10312
10.08966
10.12955
10.27814
10.52933
10.87343
11.29577
11.77605
12.2882
12.80121
13.28127
13.69411
14.00877
14.20045
14.25316
14.16295
13.93887
13.60164
13.1805
12.70924
12.22245
11.75256
11.32809
10.97267
10.70517
10.53965
10.48645
10.46999
10.49628
10.6114
10.8097
11.08289
11.41842
11.79934
12.20447
12.6092
12.98722
13.31234
13.56099
13.71451
13.76091
13.69685
13.52858
13.27079
12.94471
12.5754
12.18924
11.81171
11.46578
11.17189
10.94796
10.80974
10.76992
10.75651
10.77297
10.8636
11.02313
11.24436
11.51659
11.82547
12.15343
12.48052
12.78569
13.04831
13.24994
13.37602
13.41724
13.37076
13.24094
13.03846
12.77912
12.48197
12.16723
11.85487
11.56335
11.30939
11.10959
10.98389
10.96027
10.95737
10.9675
11.04179
11.17532
11.36161
11.59116
11.85158
12.1278
12.40295
12.65955
12.88058
13.05091
13.15863
13.19605
13.16073
13.05575
12.88937
12.67381
12.42404
12.15627
11.88625
11.62823
11.39415
11.19568
11.05264
10.98515
11.07856
11.08469
11.14969
11.26835
11.4346
11.63959
11.87205
12.11841
12.36362
12.59229
12.78944
12.94183
13.03899
13.07407
13.0449
12.9539
12.80781
12.61703
12.39416
12.15295
11.90684
11.6671
11.4397
11.22023
10.91302
9.84585
11.12758
11.12702
11.18752
11.30113
11.46058
11.65721
11.88004
12.11617
12.35135
12.57077
12.76023
12.90694
13.00092
13.03563
13.00873
12.92258
12.78343
12.60086
12.387
12.15476
11.91688
11.68516
11.46843
11.20095
9.843504
0
