0.0000000 0.0000000
0.0000000 0.0000000
0.0000000 0.0000000
0.0000000 0.0000000
0.0000000 0.0000000
0.0000000 0.0000000
0.0000000 0.0000000
0.0000000 0.0000000
0.0000000 0.0000000
0.0000000 0.0000000
0.0000000 0.0000000
0.0000000 0.0000000
0.0000000 0.0000000
0.0000000 0.0000000
0.0000000 0.0000000
0.0000000 0.0000000
0.0000000 0.0000000
0.0000000 0.0000000
0.0000000 0.0000000
0.0000000 0.0000000
0.0000000 0.0000000
0.0000000 0.0000000
0.0000000 0.0000000
0.0000000 0.0000000
0.0000000 0.0000000
0.0000000 0.0000000
0.0000000 0.0000000
-1.2523826 0.6557823
-1.0873711 1.6945416
-0.8424035 2.6023078
-0.9088415 3.5180833
-0.9776800 4.4555068
-1.0451845 5.4436707
-1.1577537 6.5012908
-1.3977751 7.6767983
-1.9904886 9.0783567
-3.3779051 11.1044350
-7.5828528 13.6438818
8.3368921 12.3001232
16.4784451 -10.4214163
-6.8084202 -8.2363834
-2.4057145 -7.3854876
-1.3722137 -5.4927449
-0.9440527 -4.5047984
-0.7168974 -3.7390616
-0.6018389 -3.0856786
-0.5412059 -2.5021186
-0.5046879 -1.9586608
-0.4770910 -1.4484329
-0.4943679 -0.9492030
-0.6062039 -0.3855856
0.0000000 0.0000000
0.0000000 0.0000000
-2.4749172 0.7189621
-1.9348818 1.6915014
-1.7764949 2.5350823
-1.8466059 3.4853256
-1.9353290 4.4291663
-2.0472910 5.4011755
-2.2172253 6.3884044
-2.5588565 7.3608904
-3.3517697 8.2562609
-5.1348968 8.4394035
2.4065199 7.7285466
17.9786701 9.4460220
24.4422703 -4.0213113
10.2068834 -5.5766044
-3.8366132 -5.5584059
-2.3123589 -4.8767586
-1.6482016 -4.1452546
-1.3550667 -3.5404589
-1.1902310 -2.9719000
-1.0941808 -2.4297776
-1.0351157 -1.9104688
-0.9859191 -1.4019103
-0.9896358 -0.9323279
-1.2441841 -0.3989938
0.0000000 0.0000000
0.0000000 0.0000000
-3.5384948 0.7434261
-2.7028787 1.6128392
-2.7111692 2.4720390
-2.7820356 3.3983274
-2.8829181 4.3741446
-2.9980764 5.3544664
-3.1307809 6.2916107
-3.3408103 7.0720363
-3.7514021 7.4165249
-4.9600639 7.2826228
-7.1503315 4.4843931
19.8126278 7.0364614
35.9040413 -5.7536864
-5.0829067 -1.8321861
-4.1956959 -4.6766558
-2.9893177 -4.3819675
-2.1528211 -3.8308806
-1.8600183 -3.3600347
-1.7165712 -2.8677921
-1.6144968 -2.3581336
-1.5395302 -1.8634588
-1.4844823 -1.3656648
-1.4536836 -0.9113918
-1.7947134 -0.4144531
0.0000000 0.0000000
0.0000000 0.0000000
-4.4031115 0.7360989
-3.5086563 1.5108411
-3.6003716 2.3748782
-3.7241662 3.2871933
-3.8738120 4.2806773
-3.9863720 5.3494658
-3.9751201 6.4069986
-3.9610476 7.2818003
-3.8094189 7.7162442
-3.4774337 6.8169127
2.8977847 -3.5079043
11.8245716 2.8915980
31.1059189 -1.9608090
0.1845431 -1.0119250
-2.7253273 -4.3096633
-3.2797928 -4.5490932
-2.6816418 -3.8676019
-2.3054099 -3.2992325
-2.2147815 -2.8066080
-2.1195848 -2.3034713
-2.0306900 -1.8173687
-1.9646521 -1.3354877
-1.9128426 -0.8865150
-2.2690191 -0.4153877
0.0000000 0.0000000
0.0000000 0.0000000
-5.0494709 0.7040064
-4.3291898 1.3842051
-4.4610167 2.2045403
-4.6774893 3.1089561
-4.9190412 4.1466408
-5.1267257 5.3233700
-5.1488123 6.7818904
-5.1505656 8.1087914
-3.2459311 7.8788800
-0.2021130 5.3766932
8.9087963 -3.0458431
13.4417572 1.3186997
37.3664513 -6.1130147
2.4406426 -2.1204095
-1.0025371 -3.9113123
-3.4304662 -4.5285163
-3.4412129 -4.0151763
-2.8185356 -3.3370528
-2.7505140 -2.7750492
-2.6284149 -2.2568033
-2.5150535 -1.7640996
-2.4256260 -1.2932397
-2.3673885 -0.8483584
-2.6682515 -0.4032051
0.0000000 0.0000000
0.0000000 0.0000000
-5.4815631 0.6473571
-5.0824208 1.2256435
-5.2840014 1.9514039
-5.6405768 2.7908511
-6.0545311 3.8296628
-6.5006633 5.2075939
-7.3609571 7.0557094
-5.1597695 7.2421198
-1.5065391 6.2083740
3.7971132 3.2305593
11.9741430 -2.6687558
14.1674137 -0.7203985
37.2690315 1.6762167
5.2106853 -2.3491435
0.6090205 -3.7609174
-3.1778932 -4.4942060
-4.2276297 -4.0962467
-3.4687655 -3.3547173
-3.3276463 -2.7440414
-3.1527560 -2.1922474
-2.9942679 -1.6853631
-2.8683307 -1.2222415
-2.8018417 -0.7895325
-2.9929800 -0.3775614
0.0000000 0.0000000
0.0000000 0.0000000
-5.7205524 0.5607027
-5.6957669 1.0312400
-6.0097675 1.6331130
-6.5456390 2.3637156
-7.2547722 3.2755709
-8.3150873 4.5957451
-8.1697836 5.8727641
-3.9558370 4.8579941
1.1645397 3.0897408
6.2989268 0.9215188
14.4692106 -3.2725189
20.5445480 -2.1511829
37.1815491 -6.9021640
8.5577660 -2.3955922
2.1287944 -4.0176725
-2.8831809 -4.6871634
-4.9350729 -4.2888284
-4.2728491 -3.3557527
-3.9692328 -2.6756389
-3.6945696 -2.0771227
-3.4634552 -1.5572070
-3.2873991 -1.1077969
-3.1959689 -0.7032149
-3.2443929 -0.3364984
0.0000000 0.0000000
0.0000000 0.0000000
-5.8123255 0.4390168
-6.1305490 0.7719281
-6.5729122 1.2122899
-7.2816300 1.7851459
-8.3876228 2.4679713
-9.8573704 2.9777603
-7.0756364 3.5105102
-2.4697392 3.0947404
3.1483059 0.9060190
7.7829471 -0.8511322
15.1760168 -3.5522468
28.9920425 -4.3265343
29.1177330 -3.5563521
9.9824352 -2.9630442
3.2096658 -4.0010200
-2.5849526 -4.7359023
-5.8603415 -3.9738834
-5.2639017 -3.2622600
-4.6716528 -2.5000188
-4.2330661 -1.8595897
-3.9039490 -1.3502622
-3.6659260 -0.9374632
-3.5301833 -0.5837564
-3.4293404 -0.2777174
0.0000000 0.0000000
0.0000000 0.0000000
-5.8001194 0.2744398
-6.3769517 0.4422316
-6.9173236 0.6535498
-7.7283678 0.9745790
-9.1461058 1.3626227
-10.6424723 1.1474172
-6.0025220 0.7491090
-1.1036614 1.5017298
3.9533746 0.0156821
8.9212952 -1.9313415
16.5316830 -4.2253509
33.2325554 -8.3918352
27.4491177 -6.0388598
11.1899347 -3.5667751
4.0979519 -3.6474781
-2.2133594 -4.2369556
-6.4582634 -3.0634181
-6.4004846 -2.7761145
-5.3545132 -2.1051583
-4.7362924 -1.4902754
-4.2900858 -1.0405405
-3.9794109 -0.7023458
-3.7873349 -0.4283248
-3.5547538 -0.2020542
0.0000000 0.0000000
0.0000000 0.0000000
-5.7524576 0.0937226
-6.4263420 0.0394310
-6.9954801 -0.0145242
-7.8424382 -0.0521786
-9.3883400 -0.1669384
-10.6794519 -0.7028233
-5.7470155 -1.1155262
-0.9894617 -1.0864500
5.7957511 -1.4569474
9.7055683 -2.3274901
17.1902390 -4.6914554
36.1513405 -5.6509299
19.1753635 -4.1216817
10.5458431 -3.2817800
3.8908057 -2.9068475
-1.9058790 -2.6870825
-7.1112609 -1.6579521
-7.3955312 -1.8356016
-5.9392071 -1.3821496
-5.1222272 -0.9323853
-4.5706849 -0.6262254
-4.1970301 -0.4104799
-3.9528816 -0.2443364
-3.6278424 -0.1097616
0.0000000 0.0000000
0.0000000 0.0000000
-5.6588230 -0.1008265
-6.2626781 -0.3627760
-6.7804885 -0.6726923
-7.5447736 -1.0430299
-8.9868860 -1.6587534
-9.9808931 -2.9258831
-6.0321774 -3.7274623
-0.4993068 -1.6587229
6.2013946 -2.0141084
10.9300060 -2.6157918
20.3613739 -4.7908702
35.2008972 -7.1968589
16.5292149 -3.0200324
9.8936167 -2.2849967
3.7531469 -1.9195291
-1.5919389 -0.9702311
-7.7977285 -0.0007739
-7.9237723 -0.3927461
-6.2258201 -0.4018387
-5.3235741 -0.2426636
-4.7100029 -0.1433793
-4.2984800 -0.0840511
-4.0265365 -0.0426991
-3.6674504 -0.0115857
0.0000000 0.0000000
0.0000000 0.0000000
-5.3767362 -0.2739480
-5.8931108 -0.7089385
-6.3108144 -1.2252843
-6.9019904 -1.8858988
-7.9696302 -2.8634417
-8.8717098 -4.2908878
-5.6508250 -5.2317338
0.5888868 -4.4448643
6.0021949 -3.9096663
12.8719759 -4.1575041
23.2413998 -5.6853728
32.8030777 -5.3549414
15.1189108 -2.6382968
9.0458755 -0.9724596
3.0749528 -0.4510142
-2.5822394 0.9200529
-7.7987947 1.9287825
-7.7020259 1.1582990
-6.1924381 0.7064438
-5.2834220 0.4926337
-4.6756325 0.3540685
-4.2670307 0.2473813
-3.9951441 0.1610539
-3.6327760 0.0847330
0.0000000 0.0000000
0.0000000 0.0000000
-4.9445276 -0.4116646
-5.3630476 -0.9760575
-5.6492453 -1.6388254
-6.0312414 -2.4601166
-6.6390820 -3.5864527
-7.2848430 -5.4747868
-5.4125361 -6.6728840
-0.3615231 -7.7942672
6.2286191 -6.6641145
12.9433126 -5.3717656
25.4378986 -6.1737418
29.7145729 -4.4779434
13.3684063 -0.9141714
7.9510326 0.2529505
1.9093299 1.5110421
-3.4653485 3.0681508
-7.6253834 4.1928020
-6.8902869 2.4723871
-5.7691040 1.6447837
-4.9932384 1.1493875
-4.4627619 0.8073632
-4.1005177 0.5523673
-3.8537505 0.3494919
-3.5025077 0.1720967
0.0000000 0.0000000
0.0000000 0.0000000
-4.4083548 -0.5058089
-4.7285790 -1.1461617
-4.8783579 -1.8846241
-5.0440831 -2.7782276
-5.2253656 -3.9671662
-5.5229445 -5.6354561
-4.3008361 -7.6074986
-1.0277628 -7.5950632
4.1994915 -7.8459196
13.2788019 -6.7782383
23.1062469 -6.3147864
25.6209297 -3.3805237
12.5362911 1.3006891
4.9944487 2.0077407
0.1710662 3.3974695
-5.0938435 5.7527785
-6.9358163 4.8577776
-5.7841625 3.2606764
-5.0687385 2.2968686
-4.5106230 1.6451170
-4.1044974 1.1696063
-3.8186829 0.8036246
-3.6157417 0.5064958
-3.2874341 0.2439571
0.0000000 0.0000000
0.0000000 0.0000000
-3.8173735 -0.5558802
-4.0475135 -1.2219484
-4.0762014 -1.9716698
-4.0622921 -2.8519654
-3.9885411 -3.9481909
-3.8417237 -5.3591490
-3.3744273 -7.1443205
-0.4816099 -8.6440630
4.0415726 -8.2990246
10.9902325 -6.8904076
20.4343529 -4.2195935
20.4786053 -1.6286783
11.7531519 4.7228260
3.9814439 5.6744785
-0.7392353 6.9092436
-4.6645398 7.3518443
-4.7431779 5.1092515
-4.5364480 3.6584373
-4.2136211 2.6732457
-3.9054179 1.9568808
-3.6479826 1.4169652
-3.4528186 0.9847860
-3.3031917 0.6226115
-3.0056601 0.2963672
0.0000000 0.0000000
0.0000000 0.0000000
-3.2159278 -0.5654985
-3.3718042 -1.2137264
-3.3089027 -1.9215919
-3.1664834 -2.7157791
-2.9198058 -3.6434593
-2.5406330 -4.6853991
-1.8253459 -6.0129147
-0.3573291 -7.3865705
3.5787346 -8.2240429
8.3286228 -6.4929123
13.3546743 -1.5107030
14.1183758 1.8888967
10.8467150 6.2711177
3.6400502 9.6287794
-1.1809645 9.3047495
-2.4603441 6.7210708
-3.0662384 5.0000639
-3.2926233 3.7605994
-3.3257716 2.8218775
-3.2485690 2.1107671
-3.1392200 1.5529944
-3.0361757 1.0933759
-2.9411309 0.6954429
-2.6782584 0.3284982
0.0000000 0.0000000
0.0000000 0.0000000
-2.6395440 -0.5420444
-2.7390881 -1.1395695
-2.6153388 -1.7691822
-2.3883891 -2.4415829
-2.0268197 -3.1647797
-1.4892722 -3.9208519
-0.5704413 -4.6732278
0.9758188 -5.3878036
2.9627666 -5.4138231
5.9870715 -4.9516716
8.3928976 -0.6251877
8.5510368 2.4074123
6.1260314 6.1378932
2.6527853 7.5669799
0.2241651 6.7703509
-1.1118882 5.6326699
-1.8902838 4.5081806
-2.3080287 3.5673733
-2.5238762 2.7832153
-2.6116431 2.1318891
-2.6221371 1.5963593
-2.5991480 1.1381356
-2.5530410 0.7286499
-2.3257818 0.3425849
0.0000000 0.0000000
0.0000000 0.0000000
-2.1124437 -0.4954866
-2.1723039 -1.0238558
-2.0164566 -1.5608127
-1.7494404 -2.1057191
-1.3422462 -2.6455886
-0.7490757 -3.1639659
0.1193157 -3.5698893
1.3651881 -3.7980666
2.7195656 -3.4324965
4.2425852 -2.5073161
5.3110113 -0.2307018
5.3542442 1.8444003
4.1898103 3.6276605
2.4976254 4.7413301
0.8313089 4.8848977
-0.3667404 4.4712262
-1.1295673 3.8517954
-1.5916940 3.2087817
-1.8767364 2.6041284
-2.0456386 2.0561008
-2.1325417 1.5692259
-2.1674681 1.1334708
-2.1592398 0.7307813
-1.9654106 0.3427895
0.0000000 0.0000000
0.0000000 0.0000000
-1.6476096 -0.4367425
-1.6820101 -0.8904185
-1.5188661 -1.3358123
-1.2499070 -1.7644988
-0.8543215 -2.1580184
-0.2989536 -2.4836700
0.4126223 -2.6778004
1.2954588 -2.6563330
2.1858006 -2.2691483
3.0923700 -1.3966572
3.6489727 0.0633875
3.6485257 1.3760216
2.9836097 2.5108266
1.9889537 3.3035643
0.9260238 3.6090147
0.0177328 3.5252862
-0.6487873 3.2130339
-1.0866371 2.8019080
-1.3773760 2.3587835
-1.5721503 1.9177833
-1.6923785 1.4952224
-1.7593439 1.0956770
-1.7748863 0.7120100
-1.6105486 0.3340941
0.0000000 0.0000000
0.0000000 0.0000000
-1.2489833 -0.3754995
-1.2681580 -0.7584792
-1.1161060 -1.1223660
-0.8718190 -1.4544009
-0.5241874 -1.7342854
-0.0614130 -1.9277642
0.4790227 -1.9939791
1.0933745 -1.8684213
1.6852432 -1.4886441
2.2207716 -0.8025801
2.5444107 0.1775287
2.5198960 1.0656691
2.1280658 1.8574597
1.5124238 2.4511440
0.8183147 2.7649479
0.1698877 2.8171923
-0.3588763 2.6772292
-0.7348760 2.4227848
-0.9978148 2.1045728
-1.1844748 1.7564704
-1.3094076 1.3987150
-1.3847146 1.0407168
-1.4091851 0.6828274
-1.2703665 0.3213953
0.0000000 0.0000000
0.0000000 0.0000000
-0.9132932 -0.3188636
-0.9233770 -0.6406673
-0.7938744 -0.9375383
-0.5901662 -1.1943578
-0.3087997 -1.3912009
0.0435683 -1.5001965
0.4351832 -1.4933308
0.8524326 -1.3335165
1.2412503 -0.9935654
1.5686851 -0.4584312
1.7577404 0.2284982
1.7330514 0.8733789
1.4926944 1.4595459
1.1042962 1.9200306
0.6486742 2.2045095
0.1986054 2.3088832
-0.1941471 2.2614753
-0.4908006 2.1059763
-0.7081602 1.8769299
-0.8678612 1.6019225
-0.9787040 1.3000071
-1.0465746 0.9827968
-1.0669070 0.6533921
-0.9451786 0.3114591
0.0000000 0.0000000
0.0000000 0.0000000
-0.6320566 -0.2715100
-0.6358377 -0.5447407
-0.5348815 -0.7900876
-0.3795100 -0.9919206
-0.1711771 -1.1312996
0.0767179 -1.1876622
0.3442332 -1.1427355
0.6175518 -0.9765071
0.8639460 -0.6810743
1.0633206 -0.2544079
1.1715430 0.2568924
1.1516672 0.7528124
1.0028776 1.2103899
0.7591597 1.5823464
0.4659519 1.8339242
0.1666422 1.9551011
-0.1058355 1.9556473
-0.3206684 1.8607301
-0.4829691 1.6923199
-0.6053508 1.4711717
-0.6915442 1.2140800
-0.7435010 0.9330822
-0.7500149 0.6338526
-0.6346263 0.3118528
0.0000000 0.0000000
0.0000000 0.0000000
-0.3937324 -0.2364553
-0.3915608 -0.4739673
-0.3215869 -0.6813346
-0.2175221 -0.8433675
-0.0822410 -0.9420952
0.0722937 -0.9650428
0.2363723 -0.9025160
0.3996131 -0.7415534
0.5423201 -0.4837056
0.6533168 -0.1333625
0.7102165 0.2705380
0.6943998 0.6728696
0.6059365 1.0479902
0.4619087 1.3600152
0.2865019 1.5823901
0.1051017 1.7033995
-0.0621701 1.7251984
-0.1978471 1.6686214
-0.3024037 1.5437734
-0.3815990 1.3639877
-0.4374167 1.1436263
-0.4682081 0.8967161
-0.4511221 0.6406862
-0.2903449 0.3976529
0.0000000 0.0000000
0.0000000 0.0000000
-0.1848745 -0.2104648
-0.1732921 -0.4063452
-0.1370971 -0.5707003
-0.0870549 -0.6866179
-0.0238457 -0.7408069
0.0479461 -0.7423902
0.1230180 -0.6801959
0.1955876 -0.5407242
0.2574556 -0.3281089
0.3021979 -0.0555534
0.3224679 0.2519855
0.3103280 0.5668339
0.2657504 0.8637415
0.1970614 1.1124595
0.1155905 1.2908597
0.0323975 1.3885448
-0.0429201 1.4109933
-0.1041778 1.3904415
-0.1518467 1.3150486
-0.1859652 1.1860058
-0.2077893 1.0128564
-0.2124437 0.8132450
-0.1495651 0.6494575
0.0543371 0.5706228
0.0000000 0.0000000
0.0000000 0.0000000
0.0000000 0.0000000
0.0000000 0.0000000
0.0000000 0.0000000
0.0000000 0.0000000
0.0000000 0.0000000
0.0000000 0.0000000
0.0000000 0.0000000
0.0000000 0.0000000
0.0000000 0.0000000
0.0000000 0.0000000
0.0000000 0.0000000
0.0000000 0.0000000
0.0000000 0.0000000
0.0000000 0.0000000
0.0000000 0.0000000
0.0000000 0.0000000
0.0000000 0.0000000
0.0000000 0.0000000
0.0000000 0.0000000
0.0000000 0.0000000
0.0000000 0.0000000
0.0000000 0.0000000
0.0000000 0.0000000
0.0000000 0.0000000
0.0000000 0.0000000
0.0000000 0.0000000
-0.1279020 0.1227291
0.0000000 0.0000000
-0.5904611 0.1253475
-0.4450181 0.7345214
-0.4621228 1.4537712
0.0000000 0.0000000
-1.2107668 1.2191114
-0.3705648 2.1666520
-0.3315129 2.7622979
0.0000000 0.0000000
-0.9134387 2.1857018
-0.3099518 3.2848980
-0.3177882 3.8226600
0.0000000 0.0000000
-0.8748892 3.0812950
-0.3337762 4.3770633
-0.3440535 4.9324985
0.0000000 0.0000000
-0.9463470 3.9978693
-0.3494507 5.5332451
-0.3621733 6.1277347
0.0000000 0.0000000
-1.0067616 4.9554944
-0.3732359 6.7723246
-0.4008623 7.4076719
0.0000000 0.0000000
-1.0838420 5.9670267
-0.4193359 8.1418877
-0.4797800 8.8471060
0.0000000 0.0000000
-1.2261963 7.0543604
-0.5214660 9.7812243
-0.6633172 10.6281977
0.0000000 0.0000000
-1.5493774 8.3070097
-0.8000027 12.0365801
-1.0938998 13.2893724
0.0000000 0.0000000
-2.3590953 10.1300793
-1.5898151 15.5089312
-1.7674265 18.2280807
0.0000000 0.0000000
-4.3870616 14.3494186
-1.5167204 21.0277729
-2.3694117 24.2780838
0.0000000 0.0000000
2.9662504 13.0322590
4.9053741 18.0595703
9.9685154 6.8817840
0.0000000 0.0000000
11.3093405 9.7707348
11.8541937 -8.7692194
-1.7479753 -9.5171967
0.0000000 0.0000000
10.3849020 -0.9680686
-0.7453189 -12.5383806
-0.2108080 -12.6734476
0.0000000 0.0000000
-8.6236000 -8.6703548
0.1286233 -8.6989861
-0.3589698 -7.5681167
0.0000000 0.0000000
-1.7019101 -6.3618650
-0.4484942 -6.8979120
-0.3639756 -6.0401020
0.0000000 0.0000000
-1.1217357 -4.9694405
-0.3411315 -5.5136766
-0.2887980 -4.9617481
0.0000000 0.0000000
-0.8127387 -4.1074948
-0.2662182 -4.5092916
-0.2447508 -4.0828900
0.0000000 0.0000000
-0.6498371 -3.4149063
-0.2300462 -3.6912608
-0.2190379 -3.3235853
0.0000000 0.0000000
-0.5673780 -2.8013206
-0.2085485 -2.9713912
-0.2018788 -2.6352911
0.0000000 0.0000000
-0.5213106 -2.2367027
-0.1945180 -2.3104072
-0.1885654 -1.9928004
0.0000000 0.0000000
-0.4898526 -1.7050713
-0.1827723 -1.6918325
-0.1779774 -1.3864883
0.0000000 0.0000000
-0.4763841 -1.2033572
-0.1851800 -1.0921900
-0.1888656 -0.7690367
0.0000000 0.0000000
-0.5451550 -0.6785931
-0.2095958 -0.4328892
-0.1703321 -0.1001765
0.0000000 0.0000000
-0.3565789 -0.1108584
0.0000000 0.0000000
0.0000000 0.0000000
-0.8655804 0.2159743
-1.3491133 0.2228106
-1.8223900 0.7183025
-1.7705356 1.3134245
-2.2140827 1.2535093
-1.4671487 1.8167602
-1.3080630 2.2461205
-1.8095425 2.0764432
-1.2914542 2.6646671
-1.3204288 3.1646442
-1.8219498 3.0080581
-1.3679037 3.6306889
-1.3963090 4.1142898
-1.8988801 3.9399617
-1.4318856 4.5970793
-1.4752966 5.0880532
-1.9916027 4.8903327
-1.5240450 5.6050553
-1.6062605 6.0988989
-2.1141133 5.8557882
-1.6861508 6.6760297
-1.8591039 7.1544194
-2.3331175 6.7923074
-2.0307212 7.8460383
-2.4405446 8.2810993
-2.8365092 7.5791473
-2.8484969 9.2486782
-3.9639843 9.4978685
-4.0697036 7.8176661
-5.3477268 10.9254961
-8.3818188 12.0323496
-8.7930193 8.2043257
-1.2231636 8.6800785
7.7961349 11.1419086
12.6109657 11.4527388
11.9171200 8.1692257
18.8957100 8.3410988
24.2472763 7.5274153
20.5222626 -8.7449970
17.2254314 -1.6482443
15.5551033 -3.8343580
5.5268807 -8.1519976
-8.6729698 -7.1121998
-5.4539008 -6.0937457
-2.7979002 -6.0825195
-2.1769757 -6.0306969
-2.9828610 -5.3074856
-1.7085553 -5.2193747
-1.4405538 -4.7655525
-1.9358925 -4.5074067
-1.2641743 -4.3838744
-1.1302954 -4.0092220
-1.4825034 -3.8697901
-1.0329044 -3.6778212
-0.9673331 -3.3734832
-1.2644984 -3.2816222
-0.9068601 -3.0602620
-0.8698705 -2.7823117
-1.1374525 -2.7149930
-0.8324476 -2.4932289
-0.8075014 -2.2272129
-1.0613809 -2.1758404
-0.7830004 -1.9568387
-0.7616979 -1.6977217
-1.0099518 -1.6551826
-0.7398018 -1.4437833
-0.7243459 -1.1855551
-0.9717558 -1.1552367
-0.7452250 -0.9454812
-0.8162671 -0.6710036
-1.0865519 -0.6688607
-0.9194250 -0.3852976
-0.5655048 -0.1231419
-0.7865807 -0.1341499
0.0000000 0.0000000
0.0000000 0.0000000
-1.7480406 0.2588215
-2.2495525 0.2823913
-2.9826097 0.7383798
-2.6552746 1.2520679
-3.0248013 1.2208680
-2.3057532 1.6643474
-2.1993384 2.0573728
-2.6887336 2.0014710
-2.2281280 2.5010445
-2.2554388 2.9967866
-2.7584498 2.9162178
-2.3120725 3.4410658
-2.3377175 3.9296012
-2.8599002 3.8538790
-2.4041870 4.3991127
-2.4441426 4.8900466
-2.9753635 4.8147888
-2.5161295 5.3745508
-2.5826464 5.8473778
-3.0854037 5.7671146
-2.6638918 6.3460107
-2.8049166 6.7372336
-3.2241523 6.6221881
-2.9272270 7.2443180
-3.2354198 7.4533958
-3.4444127 7.2484584
-3.4486873 7.8314991
-3.9315915 7.7836719
-3.9481957 7.4678898
-3.8381281 7.9889050
-8.0033484 7.4259267
-5.9826002 7.1319914
-8.8182001 7.4044924
5.4275522 7.6483154
10.8108177 3.6524482
18.1232185 9.4635735
23.1228600 7.7554245
33.6255531 5.9539485
37.9156113 -7.4002371
23.2162971 -2.8046284
31.5439758 -0.9447356
-7.1137915 -0.8242822
-4.4064822 -5.5922027
-5.3225274 -4.9219050
-3.7125187 -5.3632426
-3.1757047 -4.8497386
-3.7995214 -4.9219136
-2.5251684 -4.5922427
-2.2095673 -4.2803397
-2.5686114 -4.2532568
-1.8823675 -3.9507427
-1.7403038 -3.7320340
-1.9698036 -3.6510811
-1.6174660 -3.4350743
-1.5464908 -3.2073765
-1.7822343 -3.1495082
-1.4677401 -2.9149919
-1.4192123 -2.6716135
-1.6611990 -2.6296346
-1.3679904 -2.3941019
-1.3313965 -2.1459064
-1.5724741 -2.1114812
-1.2980770 -1.8883442
-1.2690712 -1.6353589
-1.5086509 -1.6086205
-1.2440580 -1.3857375
-1.2199945 -1.1355414
-1.4590447 -1.1146731
-1.2236913 -0.9210111
-1.3120872 -0.6639056
-1.5517186 -0.6573073
-1.5088322 -0.4069806
-1.0226772 -0.1471885
-1.2690797 -0.1547962
0.0000000 0.0000000
0.0000000 0.0000000
-2.7117567 0.3019895
-3.2319703 0.3116870
-3.9541161 0.7434212
-3.3850951 1.1915907
-3.7306910 1.1481328
-3.0998354 1.5606382
-3.1029634 1.9769710
-3.5591202 1.9291975
-3.1464603 2.4194787
-3.1830213 2.8829424
-3.6719561 2.8051217
-3.2591729 3.3240600
-3.2794499 3.8494425
-3.8387856 3.7480416
-3.3863873 4.2965250
-3.3947504 4.8385053
-4.0028782 4.7557554
-3.4960706 5.3004184
-3.4992940 5.8280368
-4.0952950 5.7808423
-3.5682302 6.2545619
-3.5416894 6.7408462
-4.0830784 6.7331553
-3.5639689 7.0704861
-3.6536257 7.2677426
-3.8363187 7.3839898
-3.6517875 7.4872923
-4.1383905 7.2304096
-3.8779500 7.0932870
-4.7589316 7.0612149
-5.7793550 6.2195315
-4.3748798 5.9433498
-0.3621603 -3.9451942
7.1906061 1.2030324
5.6947660 0.5117213
14.5936136 6.0016775
22.8497772 4.7238269
29.9203854 -0.4910228
38.4289970 -0.7676555
37.5413742 1.9200311
35.4215240 1.4208573
-5.5839930 -1.8905424
-4.5420079 -2.9251390
-0.8724110 -0.7999858
-4.0233240 -4.0933480
-3.8136492 -4.4638953
-3.0245461 -4.0202880
-3.2301314 -4.2907181
-2.9252846 -4.1823072
-3.0655780 -4.1999631
-2.4550765 -3.7905574
-2.2514105 -3.5823777
-2.4333818 -3.5806918
-2.1170375 -3.3096344
-2.0559709 -3.0976152
-2.2486982 -3.0640326
-1.9913223 -2.8309848
-1.9378246 -2.5946372
-2.1585767 -2.5579422
-1.8865976 -2.3295267
-1.8380821 -2.0811181
-2.0695665 -2.0434892
-1.7980789 -1.8418524
-1.7586991 -1.5846560
-1.9906442 -1.5540972
-1.7332301 -1.3517760
-1.7011232 -1.0987014
-1.9331654 -1.0764980
-1.6863766 -0.9003482
-1.7592891 -0.6483337
-1.9831017 -0.6351516
-2.0213664 -0.4164311
-1.5292779 -0.1598518
-1.7877097 -0.1618968
0.0000000 0.0000000
0.0000000 0.0000000
-3.7103534 0.3140246
-4.2166395 0.3085321
-4.7146354 0.7226964
-4.0618868 1.0995309
-4.4063325 1.0364008
-3.9152660 1.4469453
-3.9618232 1.8818078
-4.3880539 1.8026611
-4.0261173 2.2904041
-4.0931377 2.7463801
-4.5755305 2.6456981
-4.2030630 3.1874340
-4.2830086 3.7078934
-4.8316960 3.5991406
-4.4116988 4.1771765
-4.4177308 4.8066835
-5.1149478 4.6860461
-4.5680494 5.2677670
-4.4524541 5.9639440
-5.3389249 5.9069042
-4.5970993 6.4069376
-4.4075117 7.1707883
-5.2859540 7.4642158
-4.2684736 7.6698384
-4.1142831 7.9935637
-4.2006450 8.3936806
-3.4596219 8.0649767
-2.6189239 7.4953432
-1.8164450 6.8424187
-1.1062634 6.2146983
-0.4355419 5.8269491
0.2040497 4.8231978
7.0756459 -2.7695055
8.2946615 -0.0393665
10.4860640 -0.3791815
12.4829683 1.3598976
26.4334049 -0.4631023
34.0509109 -3.4305351
39.7826653 -7.9703307
33.0323792 -0.8145751
24.4424534 0.0205458
1.2730156 -2.7934330
0.2102198 -1.9226028
0.3083663 -2.7931986
-1.9172354 -4.2981987
-2.8073676 -4.1577950
-2.4726844 -4.3235445
-3.4380181 -4.5995550
-3.5124953 -4.3252268
-3.7268674 -4.4071364
-3.1264815 -3.9466021
-2.8365355 -3.6442704
-3.1031284 -3.6874824
-2.6115601 -3.3113019
-2.5474801 -3.0598507
-2.7525609 -3.0418608
-2.5140615 -2.7888925
-2.4490321 -2.5344284
-2.6763887 -2.4878216
-2.3972998 -2.2828727
-2.3339005 -2.0124252
-2.5647886 -1.9647560
-2.2878885 -1.7944590
-2.2341478 -1.5241402
-2.4618061 -1.4828805
-2.2035613 -1.3169628
-2.1644282 -1.0567169
-2.3888373 -1.0263803
-2.1432865 -0.8707115
-2.1839454 -0.6195745
-2.4009414 -0.5995907
-2.4582248 -0.4108332
-2.0525284 -0.1622255
-2.3109856 -0.1608097
0.0000000 0.0000000
0.0000000 0.0000000
-4.6727357 0.2962263
-5.1345749 0.2783673
-5.2592087 0.6780885
-4.7269993 0.9648871
-5.0619860 0.8791794
-4.7071548 1.3058265
-4.7602873 1.7117842
-5.1522760 1.5847628
-4.8738861 2.0810738
-4.9843240 2.5417178
-5.4559236 2.3762062
-5.1584659 2.9517207
-5.2951441 3.4995263
-5.8578172 3.3174610
-5.5010448 3.9760377
-5.6184645 4.6401505
-6.3194304 4.4768310
-5.8363786 5.1828680
-5.7735424 6.1997852
-7.0620503 6.1658688
-6.1157684 6.9235892
-6.1370959 7.8864555
-6.4208555 7.7307754
-5.0211716 8.3478985
-3.7762330 7.7792048
-3.3442686 6.9299860
-2.0971804 7.0744824
0.0462986 5.8553190
0.8928404 4.8466883
2.3559399 4.1911640
2.3559945 3.7582850
3.6443467 2.5150108
10.9895821 -2.6374080
12.4889555 -0.3178936
12.7624483 -1.3028144
14.5783911 1.3296168
26.6689129 -3.4554090
37.1525993 -3.9945841
37.4836540 -1.1534876
33.7910881 -1.2163416
27.4655533 -2.9119570
3.2843854 -2.2709360
1.6786910 -2.3075645
3.2666202 -1.7960266
-0.3110885 -3.6666446
-2.1263621 -4.1786742
-1.2951113 -4.0651922
-3.3963878 -4.4645987
-4.0391669 -4.4422503
-4.0780931 -4.4353366
-3.9065318 -4.0484886
-3.5818400 -3.7477913
-3.9133396 -3.7614148
-3.1952515 -3.3487678
-3.0943248 -3.0571706
-3.3401265 -3.0229137
-3.0764272 -2.7630925
-2.9788783 -2.4594634
-3.2280598 -2.3923142
-2.9152842 -2.2323079
-2.8288891 -1.9228469
-3.0663352 -1.8566699
-2.7699699 -1.7311413
-2.6982276 -1.4418261
-2.9228151 -1.3850006
-2.6553643 -1.2620072
-2.6065528 -0.9965824
-2.8220754 -0.9542381
-2.5873892 -0.8231374
-2.5973456 -0.5778018
-2.8067839 -0.5508346
-2.8210049 -0.3920927
-2.5681512 -0.1584354
-2.8173754 -0.1542438
0.0000000 0.0000000
0.0000000 0.0000000
-5.5370750 0.2544872
-5.9288411 0.2260533
-5.5986295 0.6069456
-5.3646340 0.7825196
-5.6648617 0.6781260
-5.3978324 1.1312553
-5.4871354 1.4390333
-5.8237262 1.2668339
-5.6603289 1.7960863
-5.8379674 2.1957791
-6.2635641 1.9564985
-6.1011333 2.5818276
-6.3107924 3.1324596
-6.8744287 2.8331754
-6.6613154 3.5632663
-6.9079480 4.3290501
-7.6795273 4.0440769
-7.4616933 4.9182220
-8.0052814 6.1471081
-8.8848085 5.7715669
-7.7565246 6.8108282
-6.2955570 6.6386433
-5.5920434 5.5497532
-4.2024083 6.3253989
-2.4974415 5.6583509
-1.5816373 4.1108336
0.1568340 4.5646172
2.8361571 3.3387923
3.7331877 2.1418121
5.3034639 1.9408290
5.4333248 1.5029607
6.8538141 0.7023894
13.7386570 -2.7052767
14.1343832 -1.8181682
15.5153427 -2.4106677
16.0657673 -1.5325027
31.0641117 -6.8604460
39.0014267 -9.1724749
36.9175682 -6.8514509
22.3412914 -1.5151767
24.8453789 -3.4010689
6.0135136 -2.4001417
3.8394704 -2.2176096
5.8576479 -1.9645433
1.3662946 -3.4987500
-1.0899407 -4.2278452
-0.2626309 -4.0058908
-3.1294303 -4.4805560
-4.3806767 -4.5606070
-4.3127651 -4.5553679
-4.6607642 -4.1731439
-4.4132733 -3.8728507
-4.8200107 -3.9389544
-3.9134393 -3.3569655
-3.7384250 -3.0227792
-4.0526881 -2.9315510
-3.6862931 -2.7257328
-3.5410790 -2.3382421
-3.8233829 -2.2378161
-3.4454105 -2.1476574
-3.3266935 -1.7920527
-3.5737906 -1.6989933
-3.2418284 -1.6301633
-3.1483362 -1.3267547
-3.3683805 -1.2493973
-3.0853817 -1.1710874
-3.0231328 -0.9104789
-3.2261379 -0.8537020
-3.0011818 -0.7510928
-2.9935775 -0.5221941
-3.1904948 -0.4879143
-3.1104805 -0.3589447
-3.0584531 -0.1494421
-3.2884738 -0.1421653
0.0000000 0.0000000
0.0000000 0.0000000
-6.2474699 0.1937464
-6.5445433 0.1569128
-5.7670317 0.5037044
-5.9239359 0.5605102
-6.1553168 0.4362985
-5.9296627 0.9076428
-6.1062860 1.0627404
-6.3574553 0.8433971
-6.3216596 1.4329935
-6.6039453 1.6642300
-6.9217219 1.3342716
-6.9537187 2.0855203
-7.2964616 2.4700766
-7.7697582 2.0104039
-7.8346162 2.8897192
-8.3396683 3.7087555
-9.0914373 3.1829820
-9.1469002 3.9263539
-9.4802065 5.0136752
-9.4897718 4.1297283
-7.5646954 4.8993692
-5.1726699 4.2168269
-4.5581479 3.2342324
-3.2528601 3.9852340
-0.5429869 2.9702625
1.0052216 1.1477180
2.1643286 1.7722085
4.4100852 1.0866784
5.3332114 0.1467963
7.1280384 -0.1023283
8.0781708 -0.3635041
9.4606552 -1.5627397
15.0999889 -3.4709389
16.6981182 -1.9196240
16.5280838 -2.8684862
25.1203003 -4.2974310
35.5950012 -5.2808728
35.2854347 -4.7431231
27.3927135 -2.6570973
18.2806168 -3.3502331
12.8745823 -3.3249180
10.5203133 -2.6192310
6.7304325 -2.9269741
6.6212063 -3.7712297
3.2929399 -4.1116753
0.2067263 -4.1962276
0.1238290 -4.3741884
-2.6746128 -4.7328153
-4.4804692 -4.7050023
-4.6340461 -4.6481423
-5.4257240 -4.2227764
-5.4679651 -4.0317121
-6.0481610 -3.9978368
-4.8059921 -3.3360205
-4.4845371 -2.8773546
-4.8909736 -2.7275255
-4.3458371 -2.6214159
-4.1366510 -2.1347091
-4.4536295 -1.9787264
-3.9806426 -1.9880586
-3.8197649 -1.5982292
-4.0669341 -1.4680729
-3.6948733 -1.4653646
-3.5742881 -1.1653471
-3.7804878 -1.0623056
-3.4835527 -1.0300623
-3.4051831 -0.7924706
-3.5873909 -0.7191258
-3.3653457 -0.6485189
-3.3583663 -0.4506996
-3.5349627 -0.4083885
-3.3300173 -0.3092926
-3.5038760 -0.1334980
-3.7047918 -0.1226906
0.0000000 0.0000000
0.0000000 0.0000000
-6.7570066 0.1154039
-6.9209166 0.0700282
-5.8133850 0.3617864
-6.3323359 0.3025424
-6.4615073 0.1730104
-6.2770166 0.6129835
-6.5528970 0.5994075
-6.6838665 0.3542497
-6.7843781 0.9482903
-7.1699419 0.9502493
-7.3221655 0.5709740
-7.5731034 1.4092755
-8.1271086 1.4563245
-8.3684549 0.8971713
-8.8768616 1.9476939
-9.6112452 2.4919286
-10.0464687 1.6414021
-10.2394753 2.1013374
-9.3805265 3.0797706
-9.2842674 1.9995414
-6.3963447 2.1363699
-4.3082418 2.0008967
-3.8182938 1.1114110
-1.7603816 1.9662745
1.5115440 0.5660452
1.5566782 -0.5208429
3.4256895 0.3890813
6.2552209 -0.6786258
7.3247738 -1.5278807
8.3620138 -1.5685532
11.0086231 -2.3338168
11.9510670 -2.6528924
15.6070757 -4.1655359
19.2068577 -4.7086053
20.5143547 -4.9989595
30.6287670 -7.6313224
36.2874374 -10.2701626
35.6567650 -8.6194324
31.4153862 -10.4813080
11.6754522 -2.7662134
13.1199617 -3.3541420
10.8165035 -3.1248257
7.2112927 -3.6436963
7.6920772 -3.4367089
4.0480318 -3.8149755
0.9433582 -4.0450888
0.5420142 -3.7292945
-2.1745617 -4.5175986
-4.7062497 -4.4030862
-4.9132094 -4.1279297
-6.1331873 -3.5421557
-6.6531296 -3.9017692
-7.2583737 -3.5980635
-5.8597178 -3.1194489
-5.3275766 -2.5424809
-5.7957234 -2.2570796
-5.0460868 -2.3496895
-4.7428823 -1.7911137
-5.0495081 -1.5688206
-4.4977055 -1.6975902
-4.2859907 -1.3160506
-4.5145383 -1.1377401
-4.1045346 -1.2087178
-3.9545281 -0.9455478
-4.1342978 -0.8117762
-3.8283753 -0.8282447
-3.7349157 -0.6375076
-3.8856111 -0.5459588
-3.6617248 -0.5113049
-3.6738021 -0.3611997
-3.8167262 -0.3106338
-3.4868171 -0.2420336
-3.8810239 -0.1089269
-4.0422873 -0.0948583
0.0000000 0.0000000
0.0000000 0.0000000
-7.0147691 0.0166989
-7.0249014 -0.0264047
-5.8046818 0.1845526
-6.5308952 0.0365565
-6.5202417 -0.1009851
-6.4362144 0.2498259
-6.7658515 0.0911960
-6.7462430 -0.1601189
-7.0103154 0.3294975
-7.4319868 0.1549722
-7.4054613 -0.2429816
-7.8696089 0.4755469
-8.5375175 0.2583848
-8.5035744 -0.3333876
-9.4107704 0.6273246
-10.2970448 0.6813636
-10.2768774 -0.2647567
-10.7044573 0.3413268
-9.0649710 0.9512177
-9.0797977 -0.2555624
-5.5337710 -0.1289459
-3.0888696 0.2388657
-3.3400910 -1.0342919
-0.3788679 0.8824773
2.5609105 -0.5622131
2.1978514 -1.6077605
4.9648881 -0.8002547
8.1189756 -2.2936068
8.4746208 -2.6627929
9.2983322 -2.2411749
12.3407459 -3.0664737
13.4558764 -3.2833562
16.8450184 -4.3423233
24.4359112 -4.9688110
26.0010872 -5.3287692
35.0226555 -6.7155561
34.8554192 -5.3944197
27.5065136 -3.3637264
19.3394432 -1.6085901
13.3119593 -4.0480876
12.0703220 -3.8885055
11.2673225 -3.6738026
7.7493248 -3.3541503
7.2750378 -3.1075294
4.1364231 -3.3133121
1.3725786 -3.1750875
0.5832508 -2.4841342
-1.6840385 -3.5952170
-4.9251161 -3.6685655
-5.1115689 -3.0876110
-6.5841875 -2.4725988
-7.7766743 -3.1206186
-8.2578678 -2.4272432
-6.9827042 -2.4059684
-6.1629109 -1.8847340
-6.5806193 -1.4512053
-5.6594348 -1.7999709
-5.2788630 -1.2847077
-5.5382242 -0.9757957
-4.9371958 -1.2354516
-4.6750002 -0.9253845
-4.8505969 -0.6995676
-4.4375296 -0.8462180
-4.2577510 -0.6575257
-4.3862085 -0.4960296
-4.0946307 -0.5636119
-3.9894421 -0.4428903
-4.0908194 -0.3353167
-3.8756289 -0.3402047
-3.9168010 -0.2556091
-4.0077848 -0.1954885
-3.5935979 -0.1589050
-4.1676536 -0.0759302
-4.2738409 -0.0601520
0.0000000 0.0000000
0.0000000 0.0000000
-6.9947934 -0.0665457
-6.8778381 -0.1007485
-5.7643685 -0.0067619
-6.4737186 -0.2438442
-6.3503003 -0.3716931
-6.3890543 -0.1645020
-6.7046733 -0.4237726
-6.5500722 -0.6560058
-6.9434586 -0.3496230
-7.3605504 -0.6627471
-7.1479096 -1.0256096
-7.7789378 -0.5557885
-8.4733000 -0.9706133
-8.1726646 -1.5260457
-9.3447866 -0.8985403
-10.2004395 -1.2950436
-9.7239752 -2.2118132
-10.5119677 -1.7984254
-8.9366589 -1.5797660
-8.6769009 -3.0095696
-5.7436085 -2.1105111
-2.3877528 -1.2996900
-3.2620981 -2.3490140
0.5057755 -1.6393142
3.3519502 -2.1214480
2.5936263 -2.3750098
6.4319263 -1.6888355
8.6424398 -2.5857127
8.5313816 -2.5387464
10.2492876 -2.3163755
14.3104811 -3.8029277
15.6132870 -4.2726388
17.8793736 -4.9969797
26.5598202 -6.5665522
27.9328728 -6.7896185
35.0368233 -7.7529674
33.2638435 -6.7692008
29.5915546 -6.0180874
17.7297802 -4.3450112
11.6850653 -3.0115685
11.7746048 -2.6266418
10.3258562 -2.7497327
7.1120691 -2.3681509
6.8467650 -1.6271255
3.7370527 -2.3170595
1.2401195 -1.9928359
0.5577242 -1.1934211
-1.3650768 -1.7408671
-5.0160708 -2.1836572
-5.2223506 -1.1648146
-7.3742375 -0.7676110
-8.5015039 -1.5855836
-8.7443886 -0.7389383
-7.7002311 -1.2408142
-6.7472491 -0.8876740
-6.9491553 -0.3615939
-6.1091557 -0.9256978
-5.6477523 -0.6024552
-5.7675953 -0.2335409
-5.2348614 -0.6023725
-4.9303465 -0.4335847
-5.0151329 -0.1709809
-4.6477489 -0.3922374
-4.4465857 -0.3096250
-4.5049591 -0.1281254
-4.2544150 -0.2508949
-4.1419778 -0.2131503
-4.1832790 -0.0950665
-3.9964869 -0.1449525
-4.0621829 -0.1303523
-4.0925789 -0.0658823
-3.6583529 -0.0633141
-4.3421764 -0.0407567
-4.3842616 -0.0235274
0.0000000 0.0000000
0.0000000 0.0000000
-6.7407107 -0.1304938
-6.5189486 -0.1558627
-5.5724158 -0.1892411
-6.2076058 -0.5007902
-5.9907827 -0.6079693
-6.1184964 -0.5433975
-6.3943748 -0.8883829
-6.1318212 -1.0814130
-6.5932112 -0.9669920
-6.9454794 -1.3827981
-6.5989704 -1.6782063
-7.2882390 -1.4907913
-7.8883419 -2.0676050
-7.3653131 -2.5045996
-8.5826187 -2.2800608
-9.3030014 -3.0469775
-8.5710402 -3.6556294
-9.6266842 -3.6650150
-8.5755882 -4.0506372
-7.9952354 -4.5545106
-6.2035289 -5.0416427
-2.9783213 -4.3520041
-1.6663017 -4.5080366
-0.4890779 -3.9897616
2.7476752 -3.2827508
3.0854709 -3.6589372
6.2257767 -2.5853286
8.8354483 -2.9888973
9.1607513 -4.1694422
12.1304426 -3.3580604
17.1374187 -4.4166083
16.8258324 -4.9456921
21.2563763 -4.8129249
27.5342903 -6.1061368
30.3664951 -6.7557421
32.1480904 -5.6961141
27.7133217 -4.1358409
23.2537251 -3.5420160
15.8301592 -2.9512346
10.9110804 -2.2595146
10.0695353 -1.5394808
9.4054337 -1.5407985
6.2272549 -1.1126866
5.7713742 -0.5709726
3.6601648 -1.2854891
0.7195902 -0.5272330
0.2591067 0.3036022
-1.8528976 -0.1612918
-5.5570879 -0.0440222
-5.5618997 1.0018922
-7.7174311 0.8049766
-8.7334986 0.3003345
-8.8757963 1.2541189
-7.8897157 0.3343461
-6.8865962 0.2571100
-6.8762355 0.7942531
-6.2131634 0.1373002
-5.7378588 0.1891006
-5.7233067 0.5597740
-5.3078737 0.1218641
-4.9901509 0.1244068
-4.9713097 0.3875242
-4.6967483 0.1038886
-4.4886589 0.0758780
-4.4680066 0.2593373
-4.2880363 0.0807510
-4.1734438 0.0383121
-4.1511655 0.1586058
-4.0184221 0.0586902
-4.0914693 0.0078480
-4.0653710 0.0747774
-3.6709487 0.0368722
-4.3918743 -0.0063227
-4.3767414 0.0101578
0.0000000 0.0000000
0.0000000 0.0000000
-6.2967558 -0.1776461
-5.9935894 -0.1957533
-5.2104788 -0.3450786
-5.7631960 -0.7063522
-5.4777961 -0.7832051
-5.6575580 -0.8527685
-5.8768277 -1.2590052
-5.5380764 -1.3957204
-6.0102558 -1.4515929
-6.2757730 -1.9450289
-5.8451705 -2.1473649
-6.4951015 -2.2035897
-6.8977180 -2.8719831
-6.2990155 -3.1432281
-7.3535652 -3.2741489
-7.9472694 -4.1542077
-7.0611553 -4.5275378
-8.2632627 -4.8992214
-7.7564411 -5.4376802
-6.6298308 -6.1485543
-6.6650205 -6.2313371
-4.3099542 -6.4661050
-3.4410610 -7.0114360
-1.0939401 -6.5889311
2.3671622 -6.0658422
2.7860649 -7.3314247
5.6837473 -5.6554742
9.6804504 -5.1997089
9.5511456 -5.8180814
13.1023540 -4.8357363
16.7188225 -5.5480208
17.6901531 -5.6974230
23.8525639 -6.5439034
28.0749416 -6.2509542
29.4499741 -5.4463634
29.1164513 -4.4988389
24.2978115 -3.2389731
20.7186184 -2.5141072
14.3328485 -1.8086280
9.4458714 -1.0997672
8.7797012 -0.8744377
8.8295269 -0.4178324
5.2925515 0.0920780
4.7989922 0.9748803
2.4441884 0.6626590
-0.3450767 1.2593468
-0.7855344 2.1667991
-3.1111097 1.7697769
-5.5243621 2.2430727
-6.5392594 3.4561739
-8.2933016 2.8936517
-8.1873999 2.4274607
-7.7461171 3.0085580
-7.3022289 1.8181533
-6.5928292 1.4512787
-6.2446170 1.9529477
-5.9656916 1.1966388
-5.5524898 0.9820094
-5.3322186 1.3357188
-5.1366658 0.8346813
-4.8523588 0.6788706
-4.7033114 0.9244917
-4.5706477 0.5893494
-4.3807254 0.4588606
-4.2709956 0.6293021
-4.1876950 0.4049478
-4.0845103 0.2886606
-3.9956491 0.4011471
-3.9324512 0.2583247
-4.0152669 0.1476870
-3.9318666 0.2108896
-3.5913482 0.1311595
-4.3267646 0.0270535
-4.2553234 0.0431784
0.0000000 0.0000000
0.0000000 0.0000000
-5.7069492 -0.2091822
-5.3517537 -0.2199884
-4.7194157 -0.4611077
-5.1875448 -0.8458055
-4.8626566 -0.8897927
-5.0617580 -1.0731523
-5.2110243 -1.5037223
-4.8382506 -1.5797062
-5.2705312 -1.7847006
-5.4286170 -2.2984900
-4.9719405 -2.4028003
-5.5290589 -2.6526124
-5.7362576 -3.3196523
-5.1461329 -3.4547534
-5.9290795 -3.7903268
-6.3355985 -4.7856851
-5.3782091 -4.8757262
-6.5859742 -5.6755233
-6.2225304 -6.5830412
-5.2966671 -6.7084832
-5.1075258 -7.0520573
-3.3910093 -7.2100372
-2.7163820 -7.6250396
-1.3096845 -7.5239635
1.4691051 -7.4333310
1.1539689 -7.5444307
4.5671167 -7.3153958
8.5033493 -6.7899103
8.0169716 -7.3429155
13.1560326 -6.0543308
18.4925022 -6.2551084
18.8774891 -6.3132071
22.9717312 -6.2825685
25.5086803 -5.5733852
26.2364655 -4.9066739
26.2476311 -3.7163901
20.3385201 -1.6811736
17.6238556 0.0942455
13.0005751 0.2900508
8.2290878 -0.2597663
7.3047872 0.6306602
6.8376660 1.0722407
4.2634602 1.6745090
2.8813331 2.4339948
1.3366071 2.2597091
-1.5719804 3.2716622
-2.8712399 4.6047010
-4.6393380 4.1529531
-6.2624965 4.7852850
-6.8408141 5.4994850
-7.5197558 4.4619150
-7.0541930 3.5006940
-6.1054740 3.9972701
-6.1975136 3.0316153
-5.8829103 2.3234382
-5.3170629 2.7518184
-5.3497238 2.0710530
-5.0850148 1.6303527
-4.7245731 1.9297769
-4.7281594 1.4405655
-4.5219474 1.1503291
-4.2732544 1.3599652
-4.2786946 1.0095263
-4.1303616 0.7943054
-3.9457901 0.9391269
-3.9616473 0.6896626
-3.8823993 0.5126881
-3.7342968 0.6088109
-3.7429535 0.4348120
-3.8383484 0.2749735
-3.7035573 0.3294852
-3.4223869 0.2131218
-4.1529055 0.0578272
-4.0317965 0.0726903
0.0000000 0.0000000
0.0000000 0.0000000
-5.0241446 -0.2242029
-4.6470294 -0.2280277
-4.1468763 -0.5330687
-4.5316415 -0.9148096
-4.1962276 -0.9280280
-4.3881125 -1.1947206
-4.4700174 -1.6201109
-4.0982337 -1.6402521
-4.4603801 -1.9459456
-4.5190859 -2.4471622
-4.0874872 -2.4635568
-4.5094976 -2.8371153
-4.5484805 -3.4666090
-4.0498214 -3.4605222
-4.4845567 -3.9775593
-4.5427146 -4.7778425
-3.9513361 -4.7043200
-4.5724816 -5.5061579
-4.5737672 -6.6309648
-3.7202640 -6.3116183
-4.0443358 -7.7407680
-2.6519039 -8.2687950
-2.3834181 -8.0402994
-0.7752399 -8.3716593
1.3898488 -8.2004957
1.6896182 -8.6098070
4.0584302 -7.8523307
7.3398833 -7.7529612
7.0976930 -7.8888535
12.0139503 -7.3423996
17.5537300 -6.4936328
15.5598850 -6.2454381
21.2886124 -4.4450445
22.6935654 -1.7834084
22.7988281 -1.0779651
20.1511154 -0.9549240
17.3604698 1.3615942
16.6773930 2.8993139
12.2894363 2.6018739
7.0694447 2.5257499
7.3678269 4.6197367
4.6283574 3.8205214
2.1479061 4.1419487
1.3562759 5.6464105
-0.5536481 5.0725284
-3.5366876 6.5429497
-3.7363789 7.4951248
-5.5048304 6.5901594
-6.1661344 6.1913347
-4.7866354 6.1778507
-5.6627293 5.2159796
-5.4215808 4.1582007
-4.5383048 4.3838682
-5.0287337 3.6835654
-4.9128547 2.8949811
-4.2763171 3.1849356
-4.5621285 2.6240759
-4.4301047 2.0837684
-4.0009375 2.3025920
-4.1708918 1.8730075
-4.0491552 1.4996244
-3.7429214 1.6572927
-3.8641479 1.3272519
-3.7674730 1.0528319
-3.5340552 1.1637640
-3.6353664 0.9115567
-3.5860724 0.6911440
-3.3951218 0.7655152
-3.4673035 0.5742997
-3.5755625 0.3791584
-3.4003506 0.4217837
-3.1774435 0.2770093
-3.8847570 0.0836871
-3.7249432 0.0963215
0.0000000 0.0000000
0.0000000 0.0000000
-4.3020506 -0.2242061
-3.9292481 -0.2220418
-3.5415792 -0.5624228
-3.8477967 -0.9193850
-3.5272207 -0.9069538
-3.6939957 -1.2265987
-3.7145355 -1.6181666
-3.3766525 -1.5918521
-3.6493404 -1.9611516
-3.6182532 -2.4081738
-3.2594872 -2.3519957
-3.5199630 -2.8031089
-3.4297478 -3.3376515
-3.0729158 -3.2225392
-3.2477782 -3.8180366
-3.0718849 -4.4612436
-2.7757320 -4.2284365
-2.7630610 -5.0648370
-2.4705818 -5.8525906
-2.2625556 -5.4179955
-2.1071634 -6.6032996
-1.5052989 -7.4951286
-1.3194617 -6.8576422
-0.3801441 -8.3013210
1.4313575 -8.8127518
1.1814532 -8.0100441
3.8095567 -8.9783182
6.6616282 -7.9597793
5.9712849 -8.3389664
10.0437346 -6.3563604
13.5754423 -4.9688363
10.6680861 -5.4361596
16.5339375 -2.9498641
18.5461502 -0.9297576
15.0153332 1.1294192
16.1623249 0.6069477
13.0970306 5.9922466
13.0479155 5.1639590
10.0608959 6.6727543
6.8839326 6.5917068
6.4936967 9.1447525
2.9873717 7.8290462
0.2365693 8.3074684
0.2718890 9.9370213
-2.7800982 8.9708004
-3.8262985 8.1675396
-2.0000427 7.9378538
-4.0243778 7.1216006
-4.0566282 5.8189878
-2.7342556 5.8164272
-3.9342258 5.2039137
-4.0083866 4.3031936
-3.1473019 4.3683810
-3.8718786 3.8660591
-3.8755515 3.1770239
-3.2710495 3.2934935
-3.7275281 2.8681884
-3.6926086 2.3397987
-3.2504535 2.4690726
-3.5506074 2.1106873
-3.4976120 1.7176621
-3.1692712 1.8186587
-3.3817260 1.5261160
-3.3329091 1.2253981
-3.0750921 1.2994171
-3.2428408 1.0601596
-3.2233024 0.8159516
-3.0073428 0.8667850
-3.1297250 0.6705127
-3.2475500 0.4547021
-3.0454030 0.4841627
-2.8759272 0.3201985
-3.5433004 0.1031665
-3.3577731 0.1129340
0.0000000 0.0000000
0.0000000 0.0000000
-3.5876873 -0.2120251
-3.2390020 -0.2050930
-2.9448497 -0.5555292
-3.1801949 -0.8718274
-2.8917868 -0.8402434
-3.0270219 -1.1843569
-2.9989095 -1.5227278
-2.7109582 -1.4618624
-2.8997042 -1.8586154
-2.8032215 -2.2272012
-2.5226333 -2.1189878
-2.6568522 -2.5995557
-2.4814088 -3.0098715
-2.2344890 -2.8213995
-2.2402494 -3.4394157
-1.9554189 -3.8852592
-1.7900506 -3.5734134
-1.6000438 -4.3625078
-1.1446131 -4.8660626
-1.1053280 -4.3312383
-0.5405753 -5.4398890
0.1734511 -5.9258804
0.1548059 -5.1366630
0.9366568 -6.3945146
2.0779579 -6.5920119
1.8196696 -5.5894151
3.3707483 -7.2216396
5.4864397 -6.6797881
4.5604038 -5.2901020
7.8700991 -6.0560598
9.5699234 -4.2076340
7.6755767 -3.7197812
11.1792850 0.0806985
11.0413218 1.9360888
8.4678936 0.2402779
11.1921043 4.1535063
10.1783876 7.3600779
7.7001758 4.9102025
7.8538904 7.7709761
5.2928476 9.1840525
4.3733382 8.0300007
2.3841898 9.5542183
0.4648316 8.7456827
1.3933884 7.6296520
-0.7239957 8.0446835
-1.4963620 6.7269416
-0.4396842 6.3518133
-1.9356830 6.1861873
-2.3609128 5.2905884
-1.5043943 5.1007719
-2.5590997 4.8131466
-2.7726095 4.1218686
-2.0974884 4.0478177
-2.8371732 3.7373331
-2.9347756 3.1808536
-2.4098148 3.1789668
-2.9302940 2.8760386
-2.9644415 2.4204187
-2.5559266 2.4615438
-2.9261346 2.1810050
-2.9251747 1.8146920
-2.6048419 1.8619565
-2.8772404 1.6126075
-2.8656149 1.3165997
-2.6043251 1.3551785
-2.8175533 1.1367670
-2.8229711 0.8883939
-2.5973859 0.9167017
-2.7550077 0.7237901
-2.8772092 0.5009806
-2.6609066 0.5179874
-2.5391138 0.3432765
-3.1520889 0.1160925
-2.9537108 0.1226300
0.0000000 0.0000000
0.0000000 0.0000000
-2.9180288 -0.1917597
-2.6048422 -0.1814022
-2.3885603 -0.5207363
-2.5640142 -0.7895318
-2.3138988 -0.7459874
-2.4223344 -1.0881050
-2.3638136 -1.3677078
-2.1233420 -1.2864610
-2.2521544 -1.6758285
-2.1226673 -1.9650152
-1.8996677 -1.8302807
-1.9622889 -2.2899480
-1.7576340 -2.5876245
-1.5664644 -2.3750837
-1.5146508 -2.9334893
-1.2059280 -3.2281086
-1.0682013 -2.9020560
-0.8590965 -3.5841541
-0.4191641 -3.8464241
-0.3622588 -3.3807321
0.0698787 -4.1866279
0.7439236 -4.3577447
0.6988566 -3.6849043
1.4729755 -4.6801300
2.3512120 -4.5666313
2.1074104 -3.7481842
3.1754119 -4.2925968
4.1435776 -4.0473247
3.5978725 -3.0543292
5.1935749 -3.4793122
6.1749005 -2.5617652
5.0868359 -1.7972351
7.1079354 -0.2818822
7.0861444 0.7377449
5.4847140 0.3600301
7.0809364 2.4286511
6.4759045 3.8629813
4.9453549 2.8479252
5.4973617 4.7964616
4.3227825 5.9165092
3.3837237 4.5411243
2.8662031 5.8835487
1.7913172 6.1336145
1.6146355 5.1087255
0.6532307 5.7415504
-0.0760690 5.4339199
0.2063406 4.8518596
-0.7219580 5.0302320
-1.1772687 4.5575309
-0.7630779 4.2480650
-1.5286710 4.1985440
-1.7982078 3.7376819
-1.3687865 3.5686851
-1.9853346 3.4166534
-2.1387954 3.0033550
-1.7393203 2.9239433
-2.2271819 2.7271082
-2.3063600 2.3655398
-1.9631701 2.3381128
-2.3419724 2.1289120
-2.3781996 1.8138114
-2.0879362 1.8159003
-2.3837593 1.6094694
-2.3984706 1.3391522
-2.1503084 1.3478003
-2.3871293 1.1527743
-2.4097254 0.9155390
-2.1871514 0.9247095
-2.3653183 0.7399661
-2.4861259 0.5215821
-2.2660952 0.5281672
-2.1863363 0.3493949
-2.7337410 0.1230291
-2.5330319 0.1262934
0.0000000 0.0000000
0.0000000 0.0000000
-2.3169231 -0.1678081
-2.0429373 -0.1555090
-1.8925676 -0.4681901
-2.0198679 -0.6910325
-1.8063554 -0.6425167
-1.8974243 -0.9617001
-1.8258710 -1.1875415
-1.6241533 -1.0992917
-1.7172388 -1.4553449
-1.5808476 -1.6775597
-1.3973548 -1.5380912
-1.4276054 -1.9453483
-1.2262630 -2.1566639
-1.0675128 -1.9501407
-1.0070528 -2.4179068
-0.7215488 -2.6031768
-0.5943388 -2.3071632
-0.4194283 -2.8515754
-0.0233612 -2.9800429
0.0408832 -2.5820949
0.3657545 -3.1354413
0.8805981 -3.1656568
0.8379497 -2.6684864
1.3671496 -3.2229753
1.9675368 -3.1081557
1.8103737 -2.4870002
2.5943217 -2.7731583
3.1461277 -2.4831715
2.7619939 -1.9066777
3.7420826 -1.8259445
4.1708550 -1.3041865
3.5200548 -0.9432684
4.6372457 -0.0033452
4.6438141 0.4829830
3.7383873 0.4318251
4.6601353 1.6407288
4.2545319 2.3751020
3.3742754 1.9165342
3.8112726 3.0362148
3.1773360 3.7526171
2.5098927 3.0265768
2.4427118 3.9314036
1.7748103 4.3102803
1.4360701 3.6025307
1.0323168 4.1773362
0.4915947 4.2149229
0.4431652 3.6854713
-0.0761157 3.9672732
-0.4665430 3.7956865
-0.3422762 3.4479887
-0.8415114 3.5283799
-1.1036854 3.2697434
-0.8824236 3.0539825
-1.3396169 3.0106325
-1.5080281 2.7314723
-1.2412709 2.6066325
-1.6457517 2.4914930
-1.7473087 2.2194266
-1.4818084 2.1520684
-1.8256468 2.0011826
-1.8833356 1.7455512
-1.6373429 1.7134680
-1.9239485 1.5463854
-1.9557108 1.3112330
-1.7311500 1.2973783
-1.9705772 1.1251547
-2.0029039 0.9083395
-1.7926993 0.9031173
-1.9782029 0.7287285
-2.0911193 0.5223098
-1.8759530 0.5211834
-1.8326924 0.3432188
-2.3072922 0.1249731
-2.1112330 0.1253784
0.0000000 0.0000000
0.0000000 0.0000000
-1.7939399 -0.1436846
-1.5579299 -0.1309135
-1.4638169 -0.4081855
-1.5533310 -0.5913130
-1.3713579 -0.5434709
-1.4543506 -0.8274270
-1.3816549 -1.0085284
-1.2108856 -0.9233479
-1.2853320 -1.2329552
-1.1579585 -1.4028744
-1.0034959 -1.2730247
-1.0238780 -1.6148914
-0.8430495 -1.7645180
-0.7089635 -1.5800434
-0.6577659 -1.9539324
-0.4133902 -2.0680621
-0.3034433 -1.8183253
-0.1728034 -2.2173932
0.1453210 -2.2733881
0.2019090 -1.9554334
0.4472351 -2.3317332
0.8285491 -2.3081739
0.7921835 -1.9342293
1.1753494 -2.2250991
1.5626936 -2.1163568
1.4393183 -1.6938524
1.9640113 -1.7964839
2.2929704 -1.5656427
2.0324211 -1.2093294
2.6723526 -1.0313712
2.8895404 -0.7005165
2.4614685 -0.4996203
3.1639018 0.1580770
3.1331098 0.4624675
2.5800638 0.4372230
3.1746783 1.2288611
2.9135642 1.6790160
2.3495998 1.4140741
2.6837738 2.1621728
2.3003728 2.6187081
1.8301623 2.1966386
1.8885533 2.8345015
1.4640522 3.1412847
1.1556492 2.6829722
0.9989879 3.1456664
0.6145725 3.2653406
0.4749187 2.8649130
0.1999893 3.1451952
-0.1079881 3.1115496
-0.1165933 2.8050301
-0.4268013 2.9339800
-0.6537278 2.8046432
-0.5634025 2.5905359
-0.8806913 2.6074755
-1.0379030 2.4294448
-0.8769063 2.2901354
-1.1872211 2.2299278
-1.2922486 2.0326946
-1.0994790 1.9466977
-1.3873472 1.8390229
-1.4527501 1.6373634
-1.2542050 1.5866899
-1.5107688 1.4510794
-1.5502681 1.2522128
-1.3551897 1.2243283
-1.5799583 1.0722884
-1.6158055 0.8790559
-1.4229014 0.8647448
-1.6050447 0.7009752
-1.7041818 0.5102329
-1.4997938 0.5044211
-1.4888421 0.3297759
-1.8856099 0.1242171
-1.6986518 0.1224729
0.0000000 0.0000000
0.0000000 0.0000000
-1.3472620 -0.1218583
-1.1454189 -0.1098587
-1.1001483 -0.3491385
-1.1602563 -0.5006848
-1.0034963 -0.4574002
-1.0853932 -0.7013783
-1.0191368 -0.8478267
-0.8723921 -0.7721911
-0.9406231 -1.0316056
-0.8306740 -1.1631479
-0.6986193 -1.0510246
-0.7213486 -1.3262718
-0.5705235 -1.4338237
-0.4562625 -1.2796154
-0.4234194 -1.5656762
-0.2265574 -1.6362894
-0.1354441 -1.4358604
-0.0434079 -1.7150288
0.1971248 -1.7347118
0.2388030 -1.4929156
0.4173274 -1.7301966
0.6852916 -1.6896383
0.6562939 -1.4178569
0.9334476 -1.5634274
1.1843762 -1.4613343
1.0833027 -1.1800104
1.4490720 -1.1832212
1.6487311 -1.0036445
1.4545844 -0.7795113
1.8900472 -0.5880898
2.0066929 -0.3588084
1.7100390 -0.2377188
2.1808159 0.2246769
2.1476054 0.4527636
1.7742088 0.4353988
2.1818120 0.9764884
2.0172160 1.2847524
1.6272053 1.1239885
1.8911526 1.6488125
1.6474177 1.9632423
1.3023590 1.7018774
1.4042296 2.1638811
1.1267292 2.4021151
0.8701595 2.1010680
0.8316736 2.4606295
0.5643443 2.5888896
0.4106029 2.3020840
0.2767519 2.5443194
0.0472979 2.5667870
-0.0135503 2.3253975
-0.1962481 2.4584534
-0.3784419 2.3997705
-0.3570100 2.2149801
-0.5670573 2.2565739
-0.7003430 2.1442735
-0.6095812 2.0139053
-0.8361747 1.9843479
-0.9309736 1.8416823
-0.7962101 1.7548087
-1.0237651 1.6751704
-1.0870727 1.5160202
-0.9303780 1.4606591
-1.1472812 1.3474157
-1.1872572 1.1802760
-1.0215619 1.1471254
-1.2213804 1.0108858
-1.2546191 0.8399604
-1.0819215 0.8222083
-1.2514945 0.6680291
-1.3332051 0.4919539
-1.1412637 0.4849507
-1.1605704 0.3144675
-1.4762107 0.1224970
-1.2965751 0.1179550
0.0000000 0.0000000
0.0000000 0.0000000
-0.9678236 -0.1037127
-0.7943730 -0.0935175
-0.7936184 -0.2966698
-0.8305821 -0.4254299
-0.6926869 -0.3895105
-0.7784936 -0.5934594
-0.7233423 -0.7152904
-0.5940300 -0.6530848
-0.6644685 -0.8638545
-0.5765814 -0.9693688
-0.4606845 -0.8789675
-0.4943638 -1.0928941
-0.3771119 -1.1737469
-0.2784849 -1.0521996
-0.2678834 -1.2612708
-0.1207063 -1.3074273
-0.0448458 -1.1535898
0.0119672 -1.3409094
0.1837962 -1.3426675
0.2140676 -1.1647328
0.3387666 -1.3040469
0.5201094 -1.2581129
0.4935114 -1.0666990
0.6907868 -1.1257310
0.8521459 -1.0325068
0.7667421 -0.8457133
1.0262597 -0.7985092
1.1480302 -0.6539531
0.9957435 -0.5095864
1.3030753 -0.3289655
1.3675617 -0.1531598
1.1467866 -0.0773332
1.4788034 0.2576806
1.4531751 0.4459233
1.1803076 0.4340733
1.4789835 0.8192114
1.3751321 1.0516194
1.0861509 0.9510048
1.3042893 1.3317267
1.1485063 1.5653932
0.8821440 1.3986179
1.0025152 1.7410572
0.8211277 1.9296112
0.6072590 1.7295396
0.6347830 2.0069675
0.4528715 2.1251681
0.3066038 1.9234746
0.2602207 2.1219678
0.0970099 2.1649384
0.0185949 1.9837348
-0.0767382 2.1030657
-0.2127551 2.0798566
-0.2248115 1.9316517
-0.3548939 1.9783986
-0.4597084 1.9049755
-0.4101556 1.7947078
-0.5684919 1.7790833
-0.6458544 1.6723843
-0.5514214 1.5955334
-0.7243769 1.5317360
-0.7779968 1.4029801
-0.6547533 1.3524148
-0.8303472 1.2534827
-0.8655162 1.1106691
-0.7254972 1.0801783
-0.8954301 0.9550109
-0.9214516 0.8031466
-0.7702143 0.7878332
-0.9196871 0.6407100
-0.9782576 0.4772251
-0.8045883 0.4730454
-0.8430981 0.3078845
-1.0843749 0.1136565
-0.9018785 0.1098394
0.0000000 0.0000000
0.0000000 0.0000000
-0.6429307 -0.0902590
-0.4889393 -0.0827758
-0.5331026 -0.2544129
-0.5510542 -0.3692863
-0.4251817 -0.3420226
-0.5200870 -0.5095889
-0.4782304 -0.6166187
-0.3601208 -0.5684770
-0.4389819 -0.7363821
-0.3756368 -0.8271283
-0.2698105 -0.7564551
-0.3199761 -0.9198923
-0.2373842 -0.9865704
-0.1492240 -0.8906034
-0.1643118 -1.0421524
-0.0641442 -1.0765650
-0.0000129 -0.9544241
0.0235038 -1.0814918
0.1370623 -1.0755063
0.1603927 -0.9398168
0.2384588 -1.0200630
0.3543457 -0.9731795
0.3291595 -0.8343100
0.4637313 -0.8467456
0.5644019 -0.7601972
0.4889252 -0.6316267
0.6731609 -0.5629710
0.7454049 -0.4387068
0.6188673 -0.3408055
0.8425994 -0.1790127
0.8780817 -0.0288635
0.7005212 0.0208172
0.9475670 0.2744400
0.9307922 0.4422034
0.7139779 0.4331185
0.9495995 0.7220517
0.8863345 0.9143678
0.6546181 0.8458722
0.8483561 1.1370276
0.7523063 1.3257775
0.5327488 1.2097402
0.6674320 1.4792067
0.5537701 1.6353642
0.3685705 1.4900354
0.4406451 1.7188045
0.3238374 1.8240622
0.1876213 1.6680546
0.2025199 1.8443335
0.0944065 1.8920974
0.0123012 1.7406763
-0.0189454 1.8606945
-0.1119869 1.8523962
-0.1386487 1.7200783
-0.2085997 1.7817929
-0.2829697 1.7272547
-0.2565748 1.6259532
-0.3599722 1.6289228
-0.4168907 1.5417417
-0.3474696 1.4708863
-0.4743633 1.4240445
-0.5144174 1.3135335
-0.4146391 1.2679148
-0.5534699 1.1827945
-0.5795475 1.0563821
-0.4605830 1.0304967
-0.6005738 0.9163182
-0.6175038 0.7794256
-0.4898234 0.7663944
-0.6135011 0.6271317
-0.6351342 0.4871589
-0.5075247 0.4592793
-0.5416236 0.3038927
-0.6636500 0.1568997
-0.5208262 0.0174497
0.0000000 0.0000000
0.0000000 0.0000000
-0.3566912 -0.0833117
-0.2131847 -0.0793958
-0.3054462 -0.2247091
-0.3072222 -0.3360234
-0.1850079 -0.3056403
-0.2952262 -0.4539839
-0.2679634 -0.5583743
-0.1522906 -0.4944808
-0.2480641 -0.6547903
-0.2096002 -0.7444018
-0.1077992 -0.6415807
-0.1797653 -0.8127485
-0.1313650 -0.8796739
-0.0502878 -0.7337992
-0.0921676 -0.9110498
-0.0350835 -0.9467657
0.0186694 -0.7665270
0.0118794 -0.9308956
0.0758644 -0.9275152
0.0943249 -0.7435665
0.1302893 -0.8599573
0.1945695 -0.8168120
0.1705189 -0.6456740
0.2530513 -0.6940334
0.3089581 -0.6116396
0.2397056 -0.4699821
0.3664881 -0.4374315
0.4057242 -0.3207319
0.2928602 -0.2241777
0.4581059 -0.1027412
0.4769063 0.0401723
0.3220633 0.0764821
0.5161626 0.2814977
0.5076216 0.4449964
0.3200337 0.4102745
0.5206831 0.6716346
0.4877495 0.8484287
0.2854435 0.7396587
0.4704596 1.0398804
0.4196889 1.2066301
0.2248490 1.0295080
0.3770736 1.3513883
0.3157281 1.4868420
0.1476986 1.2534542
0.2566116 1.5798231
0.1926216 1.6701335
0.0649369 1.3966756
0.1273278 1.7118593
0.0674534 1.7519662
-0.0129311 1.4571409
0.0060001 1.7472076
-0.0473551 1.7348751
-0.0802735 1.4568622
-0.1013004 1.6916590
-0.1449094 1.6350517
-0.1336194 1.4034976
-0.1895450 1.5622965
-0.2238431 1.4741113
-0.1728946 1.2957275
-0.2577175 1.3787566
-0.2827404 1.2685711
-0.2002375 1.1389037
-0.3059684 1.1568460
-0.3220994 1.0336709
-0.2182023 0.9446844
-0.3341911 0.9093457
-0.3356310 0.7887138
-0.2408683 0.7269903
-0.3433154 0.6283967
-0.2738311 0.5777206
-0.3341911 0.4825722
-0.2982416 0.2254114
0.0011563 0.4391223
-0.3209291 -0.1230562
0.0000000 0.0000000
0.0000000 0.0000000
-0.0819785 -0.0866956
0.0000000 0.0000000
-0.0806272 -0.2145529
-0.0744521 -0.3498960
0.0000000 0.0000000
-0.0732673 -0.4565525
-0.0668275 -0.5774068
0.0000000 0.0000000
-0.0631211 -0.6686147
-0.0546245 -0.7651002
0.0000000 0.0000000
-0.0482908 -0.8328333
-0.0366621 -0.8979634
0.0000000 0.0000000
-0.0270307 -0.9316202
-0.0121791 -0.9579251
0.0000000 0.0000000
0.0005808 -0.9469240
0.0150861 -0.9268382
0.0000000 0.0000000
0.0288826 -0.8689759
0.0434459 -0.8022768
0.0000000 0.0000000
0.0583092 -0.6951295
0.0709200 -0.5835956
0.0000000 0.0000000
0.0854600 -0.4312341
0.0946217 -0.2806018
0.0000000 0.0000000
0.1079377 -0.0931582
0.1120230 0.0895388
0.0000000 0.0000000
0.1238902 0.2928036
0.1207288 0.5005051
0.0000000 0.0000000
0.1273601 0.6938734
0.1172448 0.9098086
0.0000000 0.0000000
0.1173448 1.0744482
0.1020346 1.2758845
0.0000000 0.0000000
0.0963440 1.3995107
0.0778602 1.5662986
0.0000000 0.0000000
0.0680669 1.6425526
0.0484406 1.7613118
0.0000000 0.0000000
0.0361639 1.7889558
0.0167743 1.8553286
0.0000000 0.0000000
0.0027526 1.8342277
-0.0137045 1.8471428
0.0000000 0.0000000
-0.0261664 1.7857022
-0.0390564 1.7504106
0.0000000 0.0000000
-0.0480618 1.6584758
-0.0574600 1.5858526
0.0000000 0.0000000
-0.0639398 1.4715579
-0.0704010 1.3714186
0.0000000 0.0000000
-0.0743193 1.2430358
-0.0809135 1.1218705
0.0000000 0.0000000
-0.0847482 0.9862702
-0.0816771 0.8884283
0.0000000 0.0000000
-0.1520380 0.6575696
0.0823711 0.9218490
0.0000000 0.0000000
-0.2821985 -0.0037399
1.0610158 1.1839613
0.0000000 0.0000000
0.0000000 0.0000000
-34.60649
-34.63572
-35.46034
-38.08179
-41.25669
-45.22212
-50.38284
-56.91497
-65.65038
-79.09743
-104.8761
-159.2006
-233.7547
-65.13312
-86.83335
-46.17097
-40.5001
-37.2731
-34.89143
-33.12706
-31.80572
-30.82185
-30.10125
-29.57197
-29.24214
-29.23482
-34.91931
-34.84856
-36.01026
-38.33066
-41.53772
-45.59547
-50.71341
-57.10716
-65.33113
-77.02606
-98.17257
-163.7015
-186.925
3.335158
-86.97962
-49.38688
-41.15236
-37.37215
-34.95375
-33.22407
-31.92742
-30.94325
-30.21226
-29.67249
-29.38145
-29.38421
-35.83823
-35.91209
-37.36583
-39.49353
-42.74788
-46.94026
-52.0744
-58.14261
-65.00141
-72.26536
-77.69737
-84.3729
-120.3837
-62.7928
-62.08152
-49.38583
-41.68544
-37.75313
-35.3744
-33.69553
-32.41472
-31.41611
-30.654
-30.12824
-29.80694
-29.78717
-37.25224
-37.48484
-39.08522
-41.36246
-44.78837
-49.26446
-54.62594
-60.49353
-66.0756
-69.52427
-69.81688
-67.86742
-50.19418
-27.48584
-75.11872
-48.30314
-40.49011
-37.62025
-35.88327
-34.44151
-33.20874
-32.18597
-31.36782
-30.8189
-30.44925
-30.40229
-38.98948
-39.3864
-41.13287
-43.76505
-47.57476
-52.62743
-58.68629
-65.0956
-70.41834
-70.25432
-59.07913
-29.39666
-39.07472
-1.726956
-20.55214
-32.87442
-37.24024
-37.4616
-36.69179
-35.55308
-34.3455
-33.24267
-32.33148
-31.7062
-31.27978
-31.20716
-40.85363
-41.40535
-43.3524
-46.48416
-50.97372
-57.03858
-64.69757
-73.21035
-81.51365
-82.366
-72.45291
-54.30376
-42.50724
-50.08462
-49.23963
-37.29834
-38.12816
-38.63978
-38.36551
-37.33323
-35.92345
-34.59452
-33.50869
-32.7471
-32.25473
-32.15528
-42.54804
-43.23482
-45.43551
-49.20227
-54.75203
-62.40526
-72.70809
-87.37539
-102.4785
-104.5566
-95.46727
-76.34869
-65.07745
-22.74364
-23.14768
-35.3039
-41.56051
-42.46247
-41.74724
-40.04836
-38.00398
-36.21764
-34.83212
-33.86951
-33.2887
-33.15589
-43.65445
-44.4506
-46.89743
-51.33552
-58.27076
-68.35004
-82.45801
-105.6905
-121.4384
-124.4749
-116.4839
-105.4862
-79.85694
-23.73644
-19.8109
-41.77785
-50.65932
-49.40386
-47.16274
-43.68909
-40.49591
-38.00069
-36.17551
-34.94639
-34.24499
-34.06299
-43.62525
-44.53643
-47.16769
-52.14318
-60.36328
-73.3303
-92.81742
-119.5704
-133.5772
-134.362
-127.7122
-116.3979
-103.0087
-91.48416
-71.44441
-68.76021
-68.69848
-60.97923
-54.29602
-47.89013
-43.10944
-39.69832
-37.32579
-35.78246
-34.93896
-34.68918
-41.88878
-42.88034
-45.59868
-50.854
-59.75904
-74.60171
-100.5319
-128.8241
-139.2384
-139.3156
-133.6575
-130.3713
-117.4211
-89.18174
-89.3936
-92.39569
-89.21
-75.53102
-61.68518
-51.85762
-45.34002
-40.94204
-37.99436
-36.1284
-35.13866
-34.82879
-38.22477
-39.02592
-41.72675
-46.91078
-55.74572
-70.8996
-98.75699
-131.2794
-139.9568
-138.6762
-132.2339
-130.2034
-120.5136
-130.8027
-119.0482
-114.2044
-107.1708
-88.79585
-67.33302
-54.50505
-46.5172
-41.27613
-37.85211
-35.72101
-34.59618
-34.26233
-32.83849
-33.44537
-35.86392
-40.481
-48.286
-61.68948
-86.281
-119.813
-136.036
-135.7784
-130.5246
-120.4786
-117.7481
-120.9297
-123.9792
-123.119
-115.4223
-96.11817
-69.22666
-54.75881
-45.94956
-40.29008
-36.64182
-34.37751
-33.15088
-32.83666
-26.087
-26.53725
-28.41997
-32.04191
-38.1986
-48.40025
-66.87812
-93.12631
-118.389
-128.5407
-120.333
-120.0641
-111.0612
-118.5089
-122.5056
-122.6605
-114.6107
-92.70553
-66.67223
-52.12937
-43.35975
-37.82308
-34.28543
-32.09739
-30.9052
-30.602
-18.49725
-18.78021
-20.02082
-22.42237
-26.44937
-32.98576
-44.93079
-65.07064
-81.55913
-91.04543
-90.1051
-82.45096
-95.49744
-111.8942
-114.7073
-114.504
-103.5975
-79.30739
-58.49309
-46.13945
-38.62068
-33.87511
-30.83044
-28.93673
-27.89872
-27.63429
-10.63371
-10.74688
-11.32379
-12.48448
-14.45016
-17.64089
-22.60592
-31.47528
-40.15286
-43.67724
-41.78909
-44.21729
-64.92682
-97.91544
-103.5931
-97.79192
-83.24992
-60.38433
-46.35599
-37.7877
-32.33545
-28.80464
-26.51395
-25.07554
-24.28006
-24.07911
-2.996416
-2.962995
-2.956583
-3.015484
-3.125979
-3.316449
-3.505325
-3.649365
-4.49403
-1.582491
13.17324
16.18583
-13.32221
-59.93679
-78.60386
-69.08822
-51.00358
-39.55971
-32.89642
-28.38772
-25.25915
-23.1188
-21.6885
-20.77646
-20.26585
-20.14016
4.027349
4.171807
4.631954
5.429241
6.717785
8.722605
11.84975
16.55389
23.63985
32.64079
52.85649
67.08617
43.58659
6.072964
-22.93751
-24.89019
-22.87001
-21.58831
-20.26608
-19.09012
-18.09634
-17.29794
-16.71277
-16.32113
-16.09477
-16.04355
10.1925
10.4043
11.15232
12.47604
14.54982
17.60253
21.99728
28.07178
36.88358
48.09064
58.20334
67.72451
58.89869
43.64507
20.76033
4.610106
-3.409653
-7.449711
-9.631377
-10.80402
-11.43416
-11.74635
-11.89352
-11.9615
-11.98836
-12.00319
15.38601
15.62287
16.49344
18.02319
20.3389
23.60557
28.02674
33.92846
41.01126
49.71483
56.60263
60.02152
55.89291
45.53951
31.40599
18.37049
8.88759
2.681021
-1.331819
-3.935256
-5.638172
-6.751528
-7.461521
-7.896166
-8.128
-8.196427
19.60542
19.83577
20.70538
22.21951
24.44823
27.48304
31.39667
36.30106
41.80253
47.41383
51.57435
52.9366
49.91017
42.87521
33.4653
23.85808
15.64578
9.334698
4.739486
1.459123
-0.8562339
-2.471727
-3.565971
-4.264373
-4.64731
-4.753671
22.92419
23.12929
23.92611
25.3039
27.28816
29.9071
33.1569
36.94578
40.94273
44.56248
46.94743
47.31755
44.84313
39.7915
33.073
25.85868
19.14441
13.4703
8.964056
5.508713
2.92514
1.04093
-0.28304
-1.150148
-1.634103
-1.767707
25.45065
25.62216
26.31616
27.51185
29.20483
31.37965
33.97975
36.84277
39.67209
42.00736
43.32835
43.15116
41.04441
37.17439
32.07428
26.443
20.93095
15.98416
11.81039
8.436206
5.797284
3.8031
2.363716
1.404835
0.8659182
0.7064376
27.29579
27.4323
28.02197
29.03851
30.46021
32.24706
34.31392
36.48445
38.50398
40.03015
40.71512
40.23836
38.36826
35.20909
31.09838
26.49096
21.83769
17.49228
13.67364
10.46875
7.877036
5.864045
4.382885
3.387076
2.83276
2.657644
28.55386
28.65842
29.15981
30.02934
31.23802
32.7346
34.4238
36.12803
37.63253
38.67149
38.98564
38.34768
36.62199
33.88155
30.36084
26.3847
22.29102
18.36599
14.82796
11.78644
9.270484
7.278587
5.794368
4.796193
4.25724
4.087727
29.29119
29.37066
29.81203
30.58387
31.65768
32.98131
34.45327
35.89822
37.12475
37.9068
38.02855
37.30936
35.65874
33.13535
29.92313
26.28386
22.4977
18.80676
15.44013
12.50659
10.04951
8.082864
6.60703
5.614847
5.140218
4.531283
29.55189
29.59075
30.00075
30.74206
31.77804
33.05158
34.45817
35.83669
36.994
37.71326
37.78782
37.04812
35.41635
32.94707
29.81224
26.25894
22.55584
18.94363
15.6229
12.71056
10.26079
8.290259
6.799489
5.768389
4.567812
0
