0.0000000 0.0000000
0.0000000 0.0000000
0.0000000 0.0000000
0.0000000 0.0000000
0.0000000 0.0000000
0.0000000 0.0000000
0.0000000 0.0000000
0.0000000 0.0000000
0.0000000 0.0000000
0.0000000 0.0000000
0.0000000 0.0000000
0.0000000 0.0000000
0.0000000 0.0000000
0.0000000 0.0000000
0.0000000 0.0000000
0.0000000 0.0000000
0.0000000 0.0000000
0.0000000 0.0000000
0.0000000 0.0000000
0.0000000 0.0000000
0.0000000 0.0000000
0.0000000 0.0000000
0.0000000 0.0000000
0.0000000 0.0000000
0.0000000 0.0000000
0.0000000 0.0000000
0.0000000 0.0000000
-0.2269915 0.1946008
-0.3070902 0.4643799
-0.3852846 0.7925259
-0.5087333 1.2225157
-0.7128158 1.8213882
-1.0499582 2.6901028
-1.6061462 3.9872935
-2.4534695 5.9662228
-3.2701342 8.7429771
-4.2976451 12.0886345
-7.2447224 14.5426283
8.5854721 21.7008095
12.4666090 -14.3234119
-4.0385027 -13.6862164
-4.1249886 -13.1428251
-2.5293124 -8.8476534
-2.4039030 -6.3312278
-1.6996102 -4.4759064
-1.1889218 -3.0919266
-0.8416680 -2.0985503
-0.6075049 -1.4046744
-0.4554495 -0.9145988
-0.3614043 -0.5488700
-0.2983665 -0.2551616
0.0000000 0.0000000
0.0000000 0.0000000
-0.4874582 0.2317992
-0.6324545 0.4994453
-0.7894671 0.8097624
-1.0398595 1.1962690
-1.4488828 1.6988990
-2.1145079 2.3758340
-3.1452959 3.3384020
-4.7707858 4.7513323
-7.0827990 7.2432656
-6.2204242 11.7003899
3.9706578 9.9068375
24.0476036 7.1382394
20.0000229 -7.7158079
5.5317764 -8.3186884
-5.6777730 -8.7372379
-6.4749303 -7.4152746
-4.0997186 -5.7283373
-3.0593162 -3.9027863
-2.1711311 -2.6541576
-1.5428927 -1.8321607
-1.1270490 -1.2635956
-0.8604177 -0.8437226
-0.6945275 -0.5106499
-0.5553438 -0.2247008
0.0000000 0.0000000
0.0000000 0.0000000
-0.6919581 0.1986720
-0.8860035 0.4066795
-1.0867957 0.6405662
-1.4008645 0.9159023
-1.8953570 1.2570359
-2.6701162 1.7073846
-3.9038937 2.3430014
-5.9208016 3.5418136
-11.3146067 4.0235510
-4.3272934 1.7016984
2.2287486 -2.0299866
30.5418739 6.8890481
27.2917728 -8.8611088
-0.4541639 -1.7198516
-7.0711250 -0.3692064
-9.6976814 -3.0462685
-6.4118752 -3.0119128
-4.1753874 -2.1596930
-2.8531754 -1.5831634
-2.0248556 -1.1767900
-1.4982023 -0.8608153
-1.1633521 -0.5977108
-0.9505607 -0.3674734
-0.7508910 -0.1588810
0.0000000 0.0000000
0.0000000 0.0000000
-0.8256044 0.1408584
-1.0507327 0.2711143
-1.2643061 0.4064540
-1.5846127 0.5471041
-2.0732293 0.6968585
-2.8167362 0.8768324
-3.9866078 1.0379450
-5.7160869 -0.1650717
-9.9060383 -2.3082404
-4.0965147 -2.1053760
14.1276522 -8.2991085
30.4604435 4.1813560
24.0732498 -3.1121056
9.0378332 3.8699665
-2.5335453 3.6214640
-11.0744276 3.2717249
-6.9990201 0.1476633
-4.4766397 -0.2126108
-3.0735993 -0.4177182
-2.2263412 -0.4573355
-1.6867620 -0.4069787
-1.3392071 -0.3155861
-1.1107932 -0.2036059
-0.8710012 -0.0873637
0.0000000 0.0000000
0.0000000 0.0000000
-0.8898134 0.0755192
-1.1261210 0.1266289
-1.3251157 0.1616331
-1.6048183 0.1627177
-2.0102513 0.0941048
-2.5871191 -0.1260086
-3.3649182 -0.4180144
-4.3428693 -2.6964512
-4.8615084 -4.9754300
-2.3196073 -9.8890305
6.9654436 -5.9942589
22.6702232 1.2709115
23.4836311 0.5089885
13.0458450 9.9843206
2.2635539 8.5598021
-6.7304177 6.1122727
-5.5421510 2.0431800
-3.9193718 0.9428153
-2.8534558 0.3868970
-2.1568415 0.1028128
-1.6961555 -0.0221165
-1.3896111 -0.0607467
-1.1757023 -0.0526421
-0.9196727 -0.0214027
0.0000000 0.0000000
0.0000000 0.0000000
-0.8947372 0.0133149
-1.1248522 -0.0068908
-1.2892959 -0.0612267
-1.5027399 -0.1769622
-1.7864759 -0.3965601
-2.1427431 -0.8057651
-2.5452828 -1.3623804
-2.9723575 -2.6071081
-3.3487010 -4.2698135
-3.5862801 -4.6562061
0.7825692 -7.9349570
11.3973465 0.0900818
16.7816525 2.7126772
8.9147491 7.2498708
-0.1180223 9.1005964
-2.7389593 5.7950501
-2.9739273 3.1397641
-2.7395678 1.6678294
-2.2914906 0.9173698
-1.8832362 0.4987250
-1.5668808 0.2616639
-1.3371633 0.1326980
-1.1637297 0.0660307
-0.9218531 0.0313331
0.0000000 0.0000000
0.0000000 0.0000000
-0.8676609 -0.0382127
-1.0665497 -0.1114923
-1.1837877 -0.2218332
-1.3200599 -0.3928303
-1.4798847 -0.6570625
-1.6365068 -1.0694380
-1.7619289 -1.6528400
-1.7429528 -2.2786698
-1.2195075 -3.4313495
-0.0717148 -3.8623021
2.4102755 -6.4242859
5.7837243 -3.4987168
7.7477617 1.8266311
4.8356357 4.2286925
1.1086137 5.3255110
-0.9143745 4.2043991
-1.4564782 2.9827588
-1.6766070 1.9011772
-1.6492558 1.1810914
-1.5120772 0.7322633
-1.3525553 0.4492964
-1.2129214 0.2689216
-1.0894245 0.1516833
-0.8765081 0.0694967
0.0000000 0.0000000
0.0000000 0.0000000
-0.8033988 -0.0733458
-0.9666713 -0.1777853
-1.0391079 -0.3146827
-1.1057713 -0.5013749
-1.1639317 -0.7572752
-1.1798931 -1.1006500
-1.1055197 -1.5405537
-0.8709932 -2.0336916
-0.3113633 -2.6337984
0.5140513 -2.8320062
1.9750268 -3.2564030
3.6821651 -1.4041414
4.3853426 0.8977829
3.2615740 2.3562877
1.4459654 3.0722947
0.0587991 2.9197974
-0.6562113 2.3659797
-0.9811649 1.7439680
-1.1248817 1.2152756
-1.1485703 0.8214341
-1.1103070 0.5437456
-1.0504060 0.3472100
-0.9761995 0.2041259
-0.7968119 0.0928504
0.0000000 0.0000000
0.0000000 0.0000000
-0.7167968 -0.0930086
-0.8464750 -0.2107296
-0.8817751 -0.3529026
-0.8962948 -0.5299011
-0.8836442 -0.7507166
-0.8160766 -1.0184684
-0.6497092 -1.3278599
-0.3322867 -1.6428462
0.2170659 -1.9303911
0.9099292 -1.9825476
1.7549299 -1.7896028
2.4740860 -0.7327377
2.7207000 0.5037885
2.2123132 1.3922340
1.2877715 1.9130499
0.4094920 1.9978895
-0.2069480 1.7859833
-0.5492933 1.4519217
-0.7484848 1.1058049
-0.8462395 0.8046626
-0.8817793 0.5639627
-0.8783119 0.3760537
-0.8439492 0.2271231
-0.6986728 0.1032314
0.0000000 0.0000000
0.0000000 0.0000000
-0.6207120 -0.1001286
-0.7216499 -0.2185085
-0.7300682 -0.3529356
-0.7099050 -0.5085239
-0.6568128 -0.6879793
-0.5500947 -0.8877850
-0.3601450 -1.0948074
-0.0608967 -1.2766229
0.3520759 -1.3892522
0.8341150 -1.3424964
1.3404794 -1.0613989
1.7151557 -0.4298115
1.8156025 0.2988893
1.5413754 0.8720908
1.0273814 1.2473391
0.4771763 1.3835078
0.0234891 1.3260206
-0.2884022 1.1567880
-0.4902332 0.9417610
-0.6147440 0.7270295
-0.6845706 0.5340766
-0.7164791 0.3688255
-0.7089040 0.2274244
-0.5940889 0.1036576
0.0000000 0.0000000
0.0000000 0.0000000
-0.5251322 -0.0983729
-0.6020752 -0.2094267
-0.5935848 -0.3296669
-0.5543135 -0.4605059
-0.4823899 -0.6008961
-0.3655469 -0.7446474
-0.1864990 -0.8773807
0.0609125 -0.9738371
0.3639152 -0.9999797
0.6918228 -0.9125822
0.9985865 -0.6712667
1.2105005 -0.2686896
1.2548544 0.1855056
1.0965742 0.5694959
0.7944466 0.8423229
0.4426003 0.9756331
0.1196347 0.9831541
-0.1346195 0.9027057
-0.3165754 0.7733133
-0.4432943 0.6249890
-0.5245582 0.4770089
-0.5725635 0.3391283
-0.5820442 0.2130878
-0.4921279 0.0973288
0.0000000 0.0000000
0.0000000 0.0000000
-0.4360673 -0.0911989
-0.4943148 -0.1906745
-0.4756849 -0.2941272
-0.4286496 -0.4010868
-0.3528757 -0.5084875
-0.2411866 -0.6093749
-0.0873585 -0.6914915
0.1056154 -0.7372471
0.3256247 -0.7247307
0.5475518 -0.6336164
0.7427832 -0.4467008
0.8696533 -0.1769267
0.8918552 0.1215621
0.7954634 0.3853533
0.6077259 0.5851151
0.3779401 0.6998757
0.1490432 0.7322042
-0.0488656 0.6987245
-0.2014910 0.6218015
-0.3170841 0.5207608
-0.3985057 0.4101649
-0.4497350 0.2987075
-0.4679090 0.1904839
-0.3989731 0.0872267
0.0000000 0.0000000
0.0000000 0.0000000
-0.3564672 -0.0810974
-0.4005250 -0.1674209
-0.3777653 -0.2542593
-0.3290195 -0.3398639
-0.2576997 -0.4209084
-0.1595697 -0.4909049
-0.0328141 -0.5402092
0.1142010 -0.5580215
0.2734102 -0.5307526
0.4268108 -0.4492344
0.5554340 -0.3086286
0.6354433 -0.1212423
0.6474038 0.0833204
0.5862396 0.2688766
0.4650974 0.4162231
0.3098203 0.5102640
0.1483825 0.5487287
-0.0018166 0.5397648
-0.1268172 0.4946569
-0.2243951 0.4258257
-0.2983975 0.3439313
-0.3485786 0.2554695
-0.3691092 0.1646352
-0.3167319 0.0756826
0.0000000 0.0000000
0.0000000 0.0000000
-0.2880443 -0.0700497
-0.3206699 -0.1430778
-0.2976173 -0.2147354
-0.2522158 -0.2825284
-0.1879854 -0.3430799
-0.1056859 -0.3915343
-0.0049598 -0.4206775
0.1075220 -0.4234287
0.2229720 -0.3931740
0.3309560 -0.3248406
0.4184450 -0.2188362
0.4711399 -0.0853068
0.4785433 0.0590173
0.4375852 0.1928599
0.3574643 0.3022536
0.2506398 0.3775142
0.1343914 0.4149849
0.0231408 0.4173627
-0.0763955 0.3916780
-0.1574516 0.3448801
-0.2201542 0.2837183
-0.2655383 0.2139391
-0.2860930 0.1394233
-0.2460017 0.0643872
0.0000000 0.0000000
0.0000000 0.0000000
-0.2303570 -0.0592234
-0.2548379 -0.1199827
-0.2324418 -0.1781505
-0.1927092 -0.2315760
-0.1381564 -0.2769171
-0.0697164 -0.3102345
0.0089197 -0.3273046
0.0941581 -0.3230396
0.1797470 -0.2939214
0.2566773 -0.2389679
0.3177183 -0.1586255
0.3535862 -0.0607307
0.3588101 0.0433584
0.3312523 0.1414762
0.2757755 0.2240679
0.2020509 0.2832991
0.1179479 0.3168351
0.0341717 0.3246090
-0.0418466 0.3099486
-0.1077143 0.2778656
-0.1602425 0.2322045
-0.1979076 0.1772148
-0.2165236 0.1167028
-0.1867194 0.0542703
0.0000000 0.0000000
0.0000000 0.0000000
-0.1823300 -0.0492056
-0.2008457 -0.0991984
-0.1810779 -0.1461177
-0.1462768 -0.1877950
-0.1015380 -0.2219948
-0.0467292 -0.2452759
0.0155810 -0.2545808
0.0798389 -0.2477863
0.1433018 -0.2220249
0.1996906 -0.1776279
0.2430731 -0.1168529
0.2683210 -0.0439444
0.2718409 0.0334158
0.2535120 0.1062421
0.2147994 0.1691198
0.1619486 0.2162500
0.1020443 0.2445128
0.0392568 0.2543285
-0.0194272 0.2466137
-0.0702692 0.2239341
-0.1128260 0.1897389
-0.1437818 0.1466304
-0.1588866 0.0973518
-0.1374204 0.0455692
0.0000000 0.0000000
0.0000000 0.0000000
-0.1433598 -0.0404683
-0.1566557 -0.0810893
-0.1401045 -0.1188488
-0.1114187 -0.1515094
-0.0740385 -0.1770686
-0.0310531 -0.1937192
0.0170287 -0.1987460
0.0668626 -0.1906881
0.1138037 -0.1692408
0.1552656 -0.1337069
0.1869873 -0.0865055
0.2053788 -0.0317732
0.2080641 0.0264760
0.1950386 0.0821455
0.1686395 0.1302118
0.1306110 0.1677055
0.0866161 0.1917573
0.0412582 0.2014416
-0.0035299 0.1979288
-0.0429125 0.1821440
-0.0751620 0.1560255
-0.0998719 0.1219395
-0.1120406 0.0817533
-0.0965408 0.0385330
0.0000000 0.0000000
0.0000000 0.0000000
-0.1116226 -0.0330375
-0.1215959 -0.0659672
-0.1071054 -0.0960446
-0.0842935 -0.1218663
-0.0546698 -0.1413356
-0.0198840 -0.1529325
0.0166866 -0.1557199
0.0543911 -0.1479273
0.0903249 -0.1295618
0.1208137 -0.1016580
0.1440587 -0.0647836
0.1576776 -0.0222485
0.1603249 0.0219934
0.1511452 0.0649830
0.1321832 0.1029430
0.1058807 0.1326399
0.0736309 0.1529694
0.0400829 0.1625389
0.0078612 0.1612648
-0.0220479 0.1503485
-0.0463187 0.1304937
-0.0641488 0.1030476
-0.0733465 0.0698676
-0.0625886 0.0333913
0.0000000 0.0000000
0.0000000 0.0000000
-0.0857174 -0.0268118
-0.0932266 -0.0535747
-0.0816719 -0.0777334
-0.0626572 -0.0979056
-0.0399360 -0.1130954
-0.0132400 -0.1215212
0.0156928 -0.1224048
0.0438011 -0.1156617
0.0705733 -0.1003317
0.0937268 -0.0774668
0.1109238 -0.0487719
0.1208661 -0.0154232
0.1230475 0.0195859
0.1173697 0.0530416
0.1036900 0.0833228
0.0847547 0.1078469
0.0625003 0.1248155
0.0378670 0.1339976
0.0145264 0.1347251
-0.0061440 0.1271373
-0.0235576 0.1120896
-0.0354268 0.0900090
-0.0405999 0.0619736
-0.0334981 0.0301949
0.0000000 0.0000000
0.0000000 0.0000000
-0.0650069 -0.0218585
-0.0699333 -0.0435441
-0.0611582 -0.0632123
-0.0466244 -0.0793324
-0.0282697 -0.0909065
-0.0084134 -0.0973732
0.0131420 -0.0974702
0.0349101 -0.0910417
0.0545183 -0.0785996
0.0714542 -0.0599170
0.0843956 -0.0364584
0.0920330 -0.0101504
0.0935812 0.0178628
0.0896686 0.0451432
0.0808272 0.0695433
0.0671671 0.0900667
0.0513867 0.1050806
0.0348706 0.1137191
0.0183651 0.1160239
0.0046638 0.1115843
-0.0054753 0.1004419
-0.0116234 0.0827877
-0.0124753 0.0585816
-0.0073039 0.0292556
0.0000000 0.0000000
0.0000000 0.0000000
-0.0479281 -0.0179787
-0.0514497 -0.0358924
-0.0441497 -0.0518575
-0.0336037 -0.0650936
-0.0201718 -0.0743406
-0.0047454 -0.0789536
0.0107584 -0.0788200
0.0264365 -0.0731294
0.0411499 -0.0622490
0.0533339 -0.0470485
0.0624705 -0.0277009
0.0681526 -0.0057866
0.0697795 0.0169272
0.0669210 0.0395397
0.0608317 0.0602974
0.0520846 0.0777053
0.0409653 0.0912883
0.0298875 0.1001246
0.0198132 0.1037761
0.0116010 0.1023316
0.0075418 0.0953427
0.0081637 0.0820537
0.0129531 0.0610211
0.0179396 0.0314472
0.0000000 0.0000000
0.0000000 0.0000000
-0.0335364 -0.0150209
-0.0358553 -0.0301677
-0.0307084 -0.0435676
-0.0226458 -0.0543809
-0.0134622 -0.0620894
-0.0028471 -0.0656917
0.0084861 -0.0649732
0.0191804 -0.0601112
0.0291800 -0.0507042
0.0378418 -0.0374369
0.0442283 -0.0213175
0.0479285 -0.0027943
0.0491401 0.0167261
0.0477035 0.0358280
0.0434006 0.0538295
0.0376545 0.0695002
0.0309378 0.0819912
0.0237071 0.0911273
0.0179510 0.0965089
0.0147030 0.0980619
0.0155307 0.0958259
0.0230947 0.0887854
0.0377221 0.0735042
0.0487769 0.0425487
0.0000000 0.0000000
0.0000000 0.0000000
-0.0214285 -0.0129607
-0.0222360 -0.0258312
-0.0189765 -0.0372889
-0.0139626 -0.0464052
-0.0077273 -0.0525820
-0.0012287 -0.0555400
0.0057036 -0.0546777
0.0126546 -0.0500162
0.0188093 -0.0419153
0.0239852 -0.0304062
0.0280191 -0.0162555
0.0304528 -0.0004496
0.0309665 0.0164139
0.0300655 0.0332106
0.0277982 0.0489307
0.0241210 0.0630654
0.0201919 0.0749030
0.0164440 0.0841324
0.0134752 0.0909220
0.0130348 0.0954643
0.0170166 0.0984192
0.0302874 0.1011562
0.0637286 0.1052870
0.1200247 0.1036476
0.0000000 0.0000000
0.0000000 0.0000000
-0.0106218 -0.0108895
-0.0103988 -0.0205467
-0.0084911 -0.0291355
-0.0061501 -0.0359907
-0.0032811 -0.0404963
-0.0000453 -0.0423232
0.0031392 -0.0414108
0.0062636 -0.0375336
0.0091734 -0.0308803
0.0115571 -0.0218698
0.0132449 -0.0108023
0.0142956 0.0016184
0.0145904 0.0146375
0.0139811 0.0277232
0.0128756 0.0401481
0.0113393 0.0513172
0.0094733 0.0609945
0.0079094 0.0690375
0.0070211 0.0756433
0.0073807 0.0814276
0.0103535 0.0875664
0.0221056 0.1000655
0.0844954 0.1538917
0.3207264 0.3362928
0.0000000 0.0000000
0.0000000 0.0000000
0.0000000 0.0000000
0.0000000 0.0000000
0.0000000 0.0000000
0.0000000 0.0000000
0.0000000 0.0000000
0.0000000 0.0000000
0.0000000 0.0000000
0.0000000 0.0000000
0.0000000 0.0000000
0.0000000 0.0000000
0.0000000 0.0000000
0.0000000 0.0000000
0.0000000 0.0000000
0.0000000 0.0000000
0.0000000 0.0000000
0.0000000 0.0000000
0.0000000 0.0000000
0.0000000 0.0000000
0.0000000 0.0000000
0.0000000 0.0000000
0.0000000 0.0000000
0.0000000 0.0000000
0.0000000 0.0000000
0.0000000 0.0000000
0.0000000 0.0000000
0.0000000 0.0000000
-0.1148090 0.1086202
0.0000000 0.0000000
-0.3178205 0.0652528
-0.0886225 0.3393520
-0.1211757 0.4931420
0.0000000 0.0000000
-0.2856024 0.3520749
-0.1268492 0.7310179
-0.1502417 0.9040754
0.0000000 0.0000000
-0.3241804 0.6640648
-0.1600151 1.2016622
-0.1988291 1.4178674
0.0000000 0.0000000
-0.4086783 1.0446949
-0.2130917 1.8083886
-0.2755428 2.1124480
0.0000000 0.0000000
-0.5570258 1.5467706
-0.2991836 2.6362646
-0.3921548 3.1028340
0.0000000 0.0000000
-0.8109708 2.2495539
-0.4369320 3.8158276
-0.5577369 4.5575771
0.0000000 0.0000000
-1.2450609 3.2865443
-0.6419699 5.5541129
-0.7705005 6.6823444
0.0000000 0.0000000
-1.9704387 4.8576183
-0.8834395 8.1244898
-1.0265357 9.6599827
0.0000000 0.0000000
-3.0022347 7.1012592
-1.1789268 11.7734041
-1.3478044 13.7670355
0.0000000 0.0000000
-3.7815478 10.4400930
-1.5835080 16.4097137
-1.6655401 19.1196289
0.0000000 0.0000000
-5.0815749 15.6816082
-0.2708402 22.0346565
-2.1083691 22.9214859
0.0000000 0.0000000
5.1738977 10.3470249
4.3782477 16.6553059
13.2677984 3.2413476
0.0000000 0.0000000
18.3526821 10.1560240
10.3159590 -15.4012995
-0.9298952 -15.9947395
0.0000000 0.0000000
13.9339218 -9.5582180
-2.1088493 -19.6008396
-1.5496746 -19.0041656
0.0000000 0.0000000
-5.4121909 -15.8017235
-1.2673780 -14.6922598
-1.4813417 -12.9088182
0.0000000 0.0000000
-3.1394377 -11.4127989
-1.1070310 -10.7410774
-0.8827974 -9.1188593
0.0000000 0.0000000
-2.3862607 -7.3397207
-0.8010485 -7.8580141
-0.6298355 -6.4791837
0.0000000 0.0000000
-2.0590112 -5.0956712
-0.5689270 -5.5664372
-0.4636725 -4.4620652
0.0000000 0.0000000
-1.4254910 -3.5685716
-0.4035578 -3.8641493
-0.3347225 -3.1190307
0.0000000 0.0000000
-1.0040005 -2.4973702
-0.2776226 -2.6578991
-0.2419507 -2.1777241
0.0000000 0.0000000
-0.7213115 -1.7466800
-0.1952777 -1.8094944
-0.1798656 -1.4842031
0.0000000 0.0000000
-0.5322959 -1.1973083
-0.1464952 -1.1922379
-0.1414893 -0.9507783
0.0000000 0.0000000
-0.4096374 -0.7770813
-0.1200561 -0.7114847
-0.1220996 -0.5169290
0.0000000 0.0000000
-0.3345022 -0.4369453
-0.1101818 -0.3071066
-0.1228615 -0.1214493
0.0000000 0.0000000
-0.3067072 -0.1191518
0.0000000 0.0000000
0.0000000 0.0000000
-0.4823578 0.1000687
-0.6289994 0.0727732
-0.3955652 0.2815951
-0.4796351 0.3976716
-0.5994018 0.3377988
-0.4974575 0.5997571
-0.5747349 0.7274455
-0.6904553 0.6255111
-0.6222407 0.9754329
-0.7425554 1.1304843
-0.8720204 0.9630995
-0.8251966 1.4494253
-1.0141119 1.6533233
-1.1748356 1.3886766
-1.1491779 2.0779116
-1.4435740 2.3647373
-1.6616122 1.9619852
-1.6572475 2.9415884
-2.1138611 3.3746283
-2.4440169 2.7897382
-2.4599912 4.1484365
-3.0122783 4.9352560
-3.7309022 4.0929995
-3.6011152 5.9122291
-3.8434315 7.3210654
-5.9231730 6.1400261
-4.6344085 8.8464909
-5.8847475 9.9471216
-7.7068911 9.4284458
-6.7693563 12.6072903
-7.0549016 14.0513363
-8.4525480 10.9253302
4.2328629 10.9066467
12.8070612 7.6912575
16.8613281 7.1102362
12.8233109 8.8796015
21.8805294 -8.5932398
30.6656151 -13.0848408
23.4369087 -5.4329195
16.7256889 -10.1465673
13.6070290 -10.0400105
4.2816100 -12.8904123
-6.1644254 -12.1610022
-3.6355076 -9.4510498
-6.3758965 -11.3027029
-6.2311168 -11.6080475
-7.2217932 -10.2066860
-4.5719342 -8.9889584
-3.7467225 -7.7090611
-4.6851249 -7.1881976
-3.5770204 -6.3319387
-2.7657254 -4.8567939
-3.5048904 -4.1875343
-2.3586154 -4.4324355
-1.9110435 -3.4773195
-2.5680382 -2.9656765
-1.6022062 -3.0981870
-1.3378369 -2.4909670
-1.8333590 -2.1508398
-1.1200697 -2.1500580
-0.9640097 -1.7597388
-1.3238654 -1.5489949
-0.8114789 -1.4751097
-0.7223216 -1.2100050
-0.9880553 -1.0856937
-0.6174238 -0.9757210
-0.5714158 -0.7818159
-0.7743609 -0.7151368
-0.5017508 -0.5826659
-0.4896815 -0.4298369
-0.6517463 -0.4045660
-0.4225291 -0.2490891
-0.5016084 -0.1062199
-0.6435844 -0.1035863
0.0000000 0.0000000
0.0000000 0.0000000
-0.7792755 0.0747076
-0.8843157 0.0566727
-0.6327779 0.2382335
-0.7607231 0.3049572
-0.8540052 0.2522033
-0.7800246 0.4878459
-0.8920178 0.5548421
-0.9757906 0.4607156
-0.9586352 0.7751612
-1.1331903 0.8389520
-1.2141680 0.6874373
-1.2475412 1.1228440
-1.5223919 1.1799954
-1.6042808 0.9401898
-1.7089511 1.5650429
-2.1355891 1.6090429
-2.2276511 1.2226218
-2.4443436 2.1560011
-3.1083658 2.1757090
-3.2334056 1.5473671
-3.6351068 2.9958978
-4.7170057 3.0116961
-4.9237256 2.0638180
-5.7525921 4.0665727
-6.6264234 5.4373145
-8.5058126 3.3630431
-8.5255260 6.0905647
-8.2410898 9.8896675
-8.9363470 4.3607874
-5.4597049 7.1057563
-3.5809908 4.3500929
-2.7996447 3.9554982
-1.8122740 4.2788172
23.5316372 3.7628446
22.9473095 -0.2115803
32.9445076 5.8878264
31.1772900 -5.5041385
37.8935509 3.4418380
24.5556412 -10.1423206
15.9494371 -4.1911263
21.5591125 -1.2154323
-3.1942816 -5.2889419
-3.3413234 -6.6011043
-1.6938517 -3.3227851
-5.7739744 -4.3290100
-7.6390052 -9.3743429
-8.0856895 -7.1903839
-8.5065222 -4.7441330
-6.6655231 -6.1751308
-8.3926735 -4.2968636
-5.4056640 -4.8092537
-4.2693892 -3.6146939
-5.2297072 -2.6237087
-3.5897536 -3.1555057
-2.9537473 -2.5414348
-3.4665754 -1.9454137
-2.4705522 -2.1640155
-2.0888243 -1.8353803
-2.4101372 -1.4688487
-1.7515664 -1.5302068
-1.5196502 -1.3290970
-1.7420900 -1.0992990
-1.2880441 -1.0783881
-1.1498785 -0.9394912
-1.3182936 -0.7964938
-0.9931259 -0.7296530
-0.9184549 -0.6222318
-1.0538561 -0.5389760
-0.8115342 -0.4408866
-0.7945280 -0.3504813
-0.9044644 -0.3106695
-0.6675301 -0.1840538
-0.8112919 -0.0897666
-0.9202924 -0.0806608
0.0000000 0.0000000
0.0000000 0.0000000
-1.0045877 0.0499505
-1.0664389 0.0331472
-0.8039141 0.1820816
-0.9689934 0.2030839
-1.0309712 0.1480783
-0.9827656 0.3530771
-1.1116263 0.3654158
-1.1596563 0.2650751
-1.1852926 0.5416162
-1.3752760 0.5291231
-1.4120350 0.3680877
-1.5034784 0.7540730
-1.7981650 0.6866407
-1.8156657 0.4376968
-2.0008535 1.0042728
-2.4668655 0.8138068
-2.4392614 0.4325431
-2.7809720 1.3274955
-3.5491602 0.8688339
-3.4207706 0.2480097
-4.0144262 1.8504804
-5.4623137 0.7283032
-4.8964448 -0.5097141
-6.1947117 2.6706586
-9.6175156 0.0370526
-7.8275547 -1.3723594
-11.2912388 2.7059443
-6.1108065 -0.5082144
-4.2273693 -3.6098235
-5.2156782 1.5190713
-6.3597569 -0.3389372
-3.2628021 -5.4412103
10.6093893 -7.7823949
19.2926464 -7.1644893
21.7923927 -6.0349131
27.8715496 2.2896819
33.1895256 7.0629101
31.2576466 2.9529121
28.7290154 -3.3803341
17.9426498 2.2240005
14.6489954 12.6995516
-1.0038708 -0.1707486
2.4569845 -2.5167363
-0.8354361 -0.6428817
-3.0865438 0.5020105
-7.2064562 -3.8550887
-9.4980669 -0.1294990
-9.9353905 -1.0922475
-8.3059292 -1.9920340
-9.7010527 -0.5348111
-6.3515549 -1.6949296
-5.1998105 -1.4513522
-5.6394601 -0.7410697
-4.2351141 -1.1908919
-3.5315142 -1.2673216
-3.6977839 -0.7420095
-2.9322507 -0.9747400
-2.5107439 -1.0375928
-2.5980237 -0.6702381
-2.1110632 -0.7982377
-1.8545715 -0.8200571
-1.9262559 -0.5718400
-1.5852073 -0.6229771
-1.4300574 -0.6160005
-1.4949975 -0.4552358
-1.2485358 -0.4482627
-1.1620183 -0.4261351
-1.2230799 -0.3277973
-1.0331379 -0.2771119
-1.0194544 -0.2481689
-1.0743860 -0.1976826
-0.8395435 -0.1113549
-1.0449034 -0.0666148
-1.1154420 -0.0537563
0.0000000 0.0000000
0.0000000 0.0000000
-1.1491954 0.0254517
-1.1680543 0.0094101
-0.9037508 0.1168334
-1.0953803 0.0999259
-1.1242837 0.0467934
-1.0970424 0.2061635
-1.2286634 0.1730313
-1.2407172 0.0752714
-1.2956294 0.2909277
-1.4773262 0.2199199
-1.4678946 0.0661805
-1.5938512 0.3616466
-1.8654430 0.2104921
-1.8165948 -0.0217767
-2.0382102 0.4080298
-2.4632306 0.0748145
-2.3247616 -0.2769837
-2.7126102 0.4129739
-3.3961191 -0.3606953
-3.0336859 -0.8060490
-3.8022463 0.0979915
-4.5152569 -1.1551913
-3.8950558 -1.7036893
-5.2144723 -1.8836759
-7.7191334 -3.2838366
-5.0964384 -3.9890065
-8.2147684 -6.7626610
-4.3382678 -9.4626074
-4.4206004 -9.1561661
-3.1083083 -7.7843733
0.5806316 -7.9157581
-0.7926052 -9.2942028
6.2920327 -6.1361594
15.0304060 -6.9792361
16.2556381 -0.2706062
19.8224926 0.6441687
24.9954128 0.4391486
24.1777058 3.0349855
25.0338783 2.6097457
21.7701931 6.3612628
14.5554295 8.4023752
12.2305470 6.1555443
0.1851255 4.7826800
3.8630037 9.8993111
-2.1070738 6.1788759
-8.4431419 4.9341002
-4.7557330 8.0549030
-9.2529898 5.2207656
-8.2195339 1.7949046
-5.6192727 3.9632792
-6.0486531 1.7016336
-5.2828965 0.4057232
-4.3203607 1.5254629
-4.1102848 0.5785906
-3.5793846 -0.0784389
-3.2232757 0.5234590
-2.9397888 0.0616506
-2.5872819 -0.2581435
-2.4264872 0.1033455
-2.1943870 -0.1249025
-1.9603354 -0.3065921
-1.8843218 -0.0695104
-1.6992851 -0.1819564
-1.5504752 -0.2834213
-1.5203134 -0.1257422
-1.3710668 -0.1687901
-1.2901855 -0.2204481
-1.2838126 -0.1219306
-1.1546046 -0.1140645
-1.1541246 -0.1389251
-1.1573459 -0.0877040
-0.9371983 -0.0416545
-1.1919225 -0.0396237
-1.2209978 -0.0248693
0.0000000 0.0000000
0.0000000 0.0000000
-1.2121429 0.0026421
-1.1924343 -0.0118327
-0.9378937 0.0503739
-1.1413877 0.0074355
-1.1387279 -0.0388428
-1.1289864 0.0632084
-1.2477582 0.0016593
-1.2284269 -0.0825163
-1.2990472 0.0515977
-1.4464769 -0.0479479
-1.4029570 -0.1736530
-1.5384084 -0.0161203
-1.7357708 -0.1794264
-1.6521738 -0.3485055
-1.8695014 -0.1918529
-2.1131375 -0.4642535
-1.9716771 -0.6712409
-2.2741938 -0.5380284
-2.6102314 -1.0627813
-2.3569260 -1.3185436
-2.7813587 -0.9305622
-3.1437984 -1.9822053
-2.8306773 -2.1198137
-2.9155066 -2.7406106
-2.7041609 -3.3862977
-3.2134156 -3.9165430
-2.1468744 -3.7516849
-2.6870835 -5.3406720
-3.8059671 -4.5924368
-3.0307591 -7.4305449
-0.9481787 -7.9504323
-2.3884006 -6.4910226
1.6687989 -8.9221325
7.8846278 -7.1769519
5.3974195 -5.1326151
17.7146263 -1.2055176
20.4867096 2.9160445
18.0825310 1.4170080
19.1914310 1.5800769
15.3942804 8.6808043
11.6507282 7.7447758
5.5295701 12.8843374
5.1259680 8.9779644
1.6347331 11.4653111
-3.2650180 10.5804796
-5.0787272 7.2676096
-1.4788266 7.8289795
-4.9059849 6.6495581
-5.0900979 3.4864898
-2.6734397 4.5844870
-4.1647334 3.2729301
-3.9308462 1.7283710
-2.7429197 2.4744337
-3.3198984 1.6035315
-3.0156343 0.8411531
-2.4232786 1.3024479
-2.5842211 0.7838712
-2.3377240 0.3659896
-2.0264561 0.6687620
-2.0380757 0.3617415
-1.8595196 0.1233228
-1.6853238 0.3275386
-1.6501656 0.1532115
-1.5282637 0.0084449
-1.4294356 0.1465269
-1.3792962 0.0570397
-1.3108995 -0.0342257
-1.2539508 0.0537185
-1.1876022 0.0212246
-1.1994463 -0.0377071
-1.1602153 0.0093226
-0.9737619 0.0177086
-1.2500875 -0.0139825
-1.2435528 -0.0005148
0.0000000 0.0000000
0.0000000 0.0000000
-1.1995785 -0.0160869
-1.1513432 -0.0273405
-0.9232533 -0.0094009
-1.1144205 -0.0653208
-1.0880396 -0.0997024
-1.0944368 -0.0606568
-1.1838005 -0.1309254
-1.1452291 -0.1918818
-1.2192760 -0.1488448
-1.3153955 -0.2436261
-1.2594643 -0.3308448
-1.3781207 -0.3009019
-1.4933764 -0.4382351
-1.4087738 -0.5465407
-1.5753942 -0.5573877
-1.6933707 -0.7604850
-1.5737909 -0.8696252
-1.7711540 -1.0135485
-1.8290488 -1.3044856
-1.7138131 -1.3876710
-1.8261788 -1.5946469
-1.8486093 -2.0822823
-1.7850623 -2.0707333
-1.6751815 -2.6229675
-1.1525799 -3.3089428
-1.5689983 -2.7781379
-0.5116245 -4.0430369
-0.4290138 -4.2529325
-0.6115735 -4.0359664
-0.4922701 -4.4760990
0.2298400 -6.0447607
0.7604547 -5.0869212
1.9161458 -8.0368214
5.9166169 -5.7003326
3.9442730 -6.2830224
9.4588604 -3.4893842
11.8324480 -1.5568193
7.8907242 -1.0401571
11.5268602 2.0614491
9.8466282 5.7799826
6.7490940 4.0116978
5.8913713 7.8300290
3.8182728 7.8260512
2.9068620 5.9420719
0.7267836 7.0964141
-0.9250768 6.0792050
0.0760870 5.3394532
-1.7524316 5.1885948
-2.2595832 3.8297284
-1.1313480 3.8632188
-2.3562393 3.2603946
-2.4251130 2.3176503
-1.5543120 2.5421658
-2.3155720 1.9562906
-2.2026837 1.3438317
-1.6448945 1.5978687
-2.0373278 1.1546521
-1.9003558 0.7751591
-1.5563854 0.9738274
-1.7399384 0.6753885
-1.6225516 0.4334792
-1.4087272 0.5813072
-1.4879795 0.3898257
-1.4027393 0.2322696
-1.2658176 0.3377697
-1.2963129 0.2223437
-1.2466172 0.1144369
-1.1578033 0.1844245
-1.1493070 0.1229974
-1.1688988 0.0457601
-1.1024233 0.0841049
-0.9568032 0.0615771
-1.2326921 0.0071723
-1.1989290 0.0180377
0.0000000 0.0000000
0.0000000 0.0000000
-1.1285537 -0.0286146
-1.0639350 -0.0356418
-0.8733423 -0.0542258
-1.0349159 -0.1148183
-0.9951271 -0.1375170
-1.0116696 -0.1479017
-1.0701259 -0.2172265
-1.0217505 -0.2551302
-1.0886216 -0.2766967
-1.1395885 -0.3615953
-1.0796567 -0.4102713
-1.1713457 -0.4627003
-1.2187860 -0.5730411
-1.1437105 -0.6240378
-1.2498968 -0.7325911
-1.2786326 -0.8788894
-1.1848780 -0.9120591
-1.2906708 -1.1295146
-1.2462146 -1.3215718
-1.1561041 -1.2901508
-1.1788516 -1.6608295
-1.0544244 -1.9000691
-0.9963118 -1.7839469
-0.9095704 -2.2026100
-0.6817060 -2.5339649
-0.6492317 -2.2695818
-0.3113083 -3.1571610
0.1835846 -3.2950592
0.0841337 -2.8400650
0.6870016 -3.4102495
1.5305674 -3.7134175
1.1471419 -2.8203614
2.4415066 -4.7753191
3.9508791 -4.1793146
3.2988613 -2.7776999
5.6819191 -1.7933371
5.8955984 -1.0593097
4.3475289 -0.8199462
6.1238022 1.0718106
5.4457097 2.4414120
3.9583418 1.5631261
4.4656734 3.2484679
3.2438960 4.4216256
2.3128738 3.0366769
1.7838733 4.0554008
0.7962624 4.2365112
0.6598888 3.3184574
-0.1903398 3.5310416
-0.6048430 3.2485452
-0.3577281 2.8452201
-1.0954738 2.6621473
-1.2633436 2.2570436
-0.8281571 2.1771388
-1.4278488 1.8581070
-1.4418344 1.5050875
-1.0635377 1.5497714
-1.4693913 1.2461417
-1.4214978 0.9687474
-1.1352621 1.0574952
-1.3839400 0.8157047
-1.3239100 0.6132032
-1.1214197 0.6978369
-1.2661997 0.5235568
-1.2152811 0.3768889
-1.0733041 0.4444007
-1.1552866 0.3257640
-1.1268381 0.2178053
-1.0240178 0.2654483
-1.0576317 0.1897280
-1.0842199 0.1064378
-1.0025893 0.1341534
-0.8956813 0.0900436
-1.1578646 0.0225646
-1.1064858 0.0304008
0.0000000 0.0000000
0.0000000 0.0000000
-1.0225216 -0.0350748
-0.9502952 -0.0386643
-0.7942353 -0.0828448
-0.9262850 -0.1426478
-0.8790979 -0.1543466
-0.9005139 -0.1979587
-0.9335155 -0.2626922
-0.8816401 -0.2809565
-0.9386154 -0.3414156
-0.9560947 -0.4148004
-0.8965725 -0.4334605
-0.9643056 -0.5280328
-0.9673696 -0.6154901
-0.8976972 -0.6236624
-0.9662562 -0.7716050
-0.9411165 -0.8786609
-0.8609647 -0.8597020
-0.9149488 -1.0825061
-0.8394014 -1.2113909
-0.7491236 -1.1373606
-0.7614697 -1.4679630
-0.6015418 -1.6103662
-0.5106633 -1.4458463
-0.4282424 -1.8788774
-0.1509529 -1.9965024
-0.0904928 -1.7144297
0.1009420 -2.3548255
0.5794902 -2.3851147
0.5794454 -1.9383333
0.9658518 -2.4078209
1.5218179 -2.4286482
1.3831114 -1.8308101
1.8940463 -2.3761926
2.5353041 -2.1518407
2.3435230 -1.4810927
3.3662064 -0.8634148
3.4528399 -0.5938029
2.7438033 -0.4909609
3.7206602 0.7098766
3.2776179 1.1824234
2.5181553 0.7963095
2.9828253 1.8377347
2.3188586 2.3945844
1.7344142 1.7181528
1.6888739 2.4414487
1.0904477 2.7338886
0.7839694 2.0893807
0.4422748 2.3998134
0.0763672 2.4206369
0.0438803 2.0113630
-0.3611076 2.0353882
-0.5514518 1.9071704
-0.4043250 1.7107818
-0.7965011 1.5828351
-0.8733688 1.4103334
-0.6663736 1.3425007
-0.9910910 1.1673659
-1.0016702 0.9972380
-0.8078404 0.9971586
-1.0435078 0.8287293
-1.0290897 0.6811637
-0.8657675 0.7086723
-1.0288187 0.5692081
-1.0073357 0.4484451
-0.8801432 0.4804955
-0.9882432 0.3734755
-0.9759791 0.2762799
-0.8760709 0.3027764
-0.9335406 0.2239687
-0.9657658 0.1437498
-0.8803136 0.1602467
-0.8048044 0.1037997
-1.0449814 0.0320816
-0.9848611 0.0367605
0.0000000 0.0000000
0.0000000 0.0000000
-0.8986209 -0.0371896
-0.8258951 -0.0382900
-0.7002631 -0.0970724
-0.8055848 -0.1526917
-0.7561171 -0.1558174
-0.7789502 -0.2182302
-0.7934689 -0.2761873
-0.7410172 -0.2790070
-0.7885031 -0.3591455
-0.7830756 -0.4214853
-0.7270304 -0.4186395
-0.7762792 -0.5280164
-0.7537821 -0.5973418
-0.6912613 -0.5796207
-0.7340370 -0.7309545
-0.6838402 -0.8082028
-0.6129884 -0.7622288
-0.6406369 -0.9677963
-0.5466043 -1.0493474
-0.4684766 -0.9577689
-0.4658775 -1.2289935
-0.3078881 -1.3079200
-0.2261635 -1.1506213
-0.1707750 -1.4745618
0.0626431 -1.5277313
0.1309930 -1.2956705
0.2458671 -1.6634218
0.5745248 -1.6704810
0.6044852 -1.3431327
0.8413031 -1.6241224
1.1753840 -1.5812515
1.1402601 -1.2011902
1.4662336 -1.3272696
1.7538706 -1.1999940
1.6290300 -0.8721582
2.1537800 -0.4946022
2.1765511 -0.3598106
1.8480084 -0.2788182
2.3815606 0.4289598
2.1293905 0.6563371
1.7069058 0.4565098
2.0196104 1.1234378
1.6457704 1.4192036
1.2750741 1.0486839
1.3367248 1.5523669
0.9658479 1.7656472
0.7185009 1.3645909
0.5894028 1.6516805
0.3126009 1.7348280
0.2118719 1.4188430
-0.0070693 1.5208683
-0.1805960 1.5030524
-0.1633566 1.3012145
-0.4042903 1.2805026
-0.5020605 1.2068405
-0.4062398 1.0971613
-0.6393955 1.0141246
-0.6824822 0.9185452
-0.5647959 0.8706929
-0.7598250 0.7667304
-0.7719246 0.6680730
-0.6570904 0.6560307
-0.8069553 0.5542932
-0.8084598 0.4630122
-0.7047652 0.4667346
-0.8163427 0.3784119
-0.8174528 0.2972649
-0.7299202 0.3055094
-0.7980416 0.2318303
-0.8313805 0.1603088
-0.7514296 0.1670388
-0.6990838 0.1058598
-0.9120256 0.0365538
-0.8496540 0.0386729
0.0000000 0.0000000
0.0000000 0.0000000
-0.7705792 -0.0362915
-0.7018476 -0.0354107
-0.6017923 -0.1002913
-0.6842632 -0.1500348
-0.6363035 -0.1470921
-0.6591850 -0.2170576
-0.6610024 -0.2676503
-0.6115263 -0.2605471
-0.6497314 -0.3460599
-0.6318840 -0.3980186
-0.5795338 -0.3819118
-0.6163989 -0.4910029
-0.5797669 -0.5446695
-0.5247467 -0.5125759
-0.5514853 -0.6519051
-0.4911450 -0.7075104
-0.4321423 -0.6506776
-0.4422163 -0.8242073
-0.3488162 -0.8771896
-0.2853136 -0.7855055
-0.2735377 -0.9949936
-0.1338508 -1.0373865
-0.0705212 -0.8994778
-0.0231239 -1.1293558
0.1612211 -1.1508799
0.2101228 -0.9656645
0.3062840 -1.1824408
0.5234651 -1.1756381
0.5430669 -0.9476024
0.7038147 -1.0862384
0.9023010 -1.0449934
0.8814927 -0.8100025
1.1056781 -0.8090528
1.2469262 -0.7285843
1.1563655 -0.5514834
1.4567991 -0.3042148
1.4631864 -0.2123346
1.2777411 -0.1645062
1.5874587 0.2618603
1.4429979 0.3947473
1.1963826 0.2871870
1.4053779 0.7207099
1.1820503 0.8922993
0.9429292 0.6762243
1.0166322 1.0300087
0.7810774 1.1735982
0.5996454 0.9208480
0.5575663 1.1556044
0.3576340 1.2369030
0.2583853 1.0104460
0.1411765 1.1300970
-0.0040527 1.1491324
-0.0300944 0.9789988
-0.1805855 1.0091845
-0.2746091 0.9835786
-0.2419705 0.8717167
-0.4004385 0.8442426
-0.4572987 0.7935933
-0.3904154 0.7272807
-0.5397970 0.6703917
-0.5681211 0.6071136
-0.4924510 0.5728800
-0.6195970 0.5046877
-0.6330025 0.4385921
-0.5566518 0.4234824
-0.6575303 0.3546821
-0.6682116 0.2913556
-0.5945572 0.2864241
-0.6630814 0.2215883
-0.6955985 0.1610484
-0.6250311 0.1606906
-0.5900892 0.1005102
-0.7729246 0.0368838
-0.7140427 0.0370005
0.0000000 0.0000000
0.0000000 0.0000000
-0.6478248 -0.0334309
-0.5858876 -0.0314400
-0.5066929 -0.0960551
-0.5708762 -0.1392283
-0.5260546 -0.1324156
-0.5479873 -0.2027713
-0.5414099 -0.2457577
-0.4967529 -0.2326983
-0.5279000 -0.3154521
-0.5033494 -0.3583405
-0.4574226 -0.3354864
-0.4831100 -0.4348861
-0.4433268 -0.4769496
-0.3951716 -0.4396994
-0.4128941 -0.5596312
-0.3514772 -0.5988263
-0.3026258 -0.5408216
-0.3044886 -0.6812454
-0.2194739 -0.7161482
-0.1702027 -0.6321089
-0.1518573 -0.7871867
-0.0395031 -0.8114645
0.0071878 -0.6979707
0.0493003 -0.8528924
0.1857541 -0.8606431
0.2181625 -0.7208569
0.2964141 -0.8478391
0.4394785 -0.8365294
0.4503419 -0.6797410
0.5688145 -0.7426087
0.6898243 -0.7088154
0.6695944 -0.5603667
0.8265316 -0.5258709
0.9029031 -0.4689831
0.8365137 -0.3658783
1.0267020 -0.1970483
1.0258071 -0.1294185
0.9073212 -0.1021673
1.0978209 0.1675158
1.0124531 0.2553934
0.8574777 0.1929733
0.9984762 0.4796061
0.8592666 0.5876254
0.7028545 0.4554246
0.7673085 0.7057329
0.6126678 0.8026726
0.4833439 0.6393645
0.4744893 0.8234606
0.3329128 0.8886267
0.2484750 0.7294304
0.1871167 0.8409755
0.0714186 0.8689842
0.0360500 0.7353717
-0.0588842 0.7851844
-0.1418022 0.7813699
-0.1381150 0.6825107
-0.2472683 0.6857442
-0.3032025 0.6596280
-0.2701577 0.5919611
-0.3795341 0.5649115
-0.4156384 0.5255459
-0.3654737 0.4823064
-0.4679942 0.4390606
-0.4872733 0.3928537
-0.4320399 0.3686151
-0.5194600 0.3171059
-0.5336275 0.2684170
-0.4756260 0.2561117
-0.5375375 0.2009523
-0.5684670 0.1513613
-0.5086386 0.1460033
-0.4856822 0.0903165
-0.6387172 0.0344456
-0.5862654 0.0332290
0.0000000 0.0000000
0.0000000 0.0000000
-0.5356610 -0.0297356
-0.4818173 -0.0273353
-0.4199797 -0.0876174
-0.4692122 -0.1241153
-0.4291660 -0.1153461
-0.4486753 -0.1811587
-0.4386398 -0.2172557
-0.3984671 -0.2012939
-0.4244955 -0.2769513
-0.3969905 -0.3114859
-0.3576025 -0.2860524
-0.3765626 -0.3731705
-0.3367972 -0.4062545
-0.2971297 -0.3684306
-0.3057872 -0.4669501
-0.2516486 -0.4961472
-0.2115240 -0.4429826
-0.2098414 -0.5521911
-0.1369006 -0.5748335
-0.0990880 -0.5030331
-0.0803672 -0.6155517
0.0075359 -0.6300175
0.0407030 -0.5396231
0.0796272 -0.6422533
0.1774465 -0.6442466
0.1989119 -0.5401976
0.2616509 -0.6152092
0.3580951 -0.6029347
0.3610574 -0.4951090
0.4506458 -0.5206385
0.5273798 -0.4935611
0.5076659 -0.3971822
0.6195880 -0.3567421
0.6639768 -0.3150046
0.6142068 -0.2511312
0.7416803 -0.1331946
0.7381213 -0.0817170
0.6581097 -0.0664528
0.7825407 0.1118281
0.7288828 0.1739123
0.6266950 0.1352812
0.7218513 0.3299661
0.6331916 0.4018648
0.5269541 0.3181054
0.5788977 0.4962067
0.4738707 0.5636255
0.3834376 0.4547749
0.3875082 0.5962782
0.2859458 0.6457587
0.2201092 0.5333709
0.1855163 0.6293647
0.0980970 0.6560693
0.0623028 0.5550525
0.0031742 0.6077545
-0.0674327 0.6132405
-0.0732925 0.5308784
-0.1490990 0.5484799
-0.1994986 0.5358379
-0.1843034 0.4746574
-0.2660041 0.4655396
-0.3001293 0.4410137
-0.2689929 0.3986695
-0.3476442 0.3717036
-0.3707086 0.3395706
-0.3298522 0.3119683
-0.4021370 0.2741811
-0.4179845 0.2368468
-0.3740105 0.2205940
-0.4279774 0.1753696
-0.4546855 0.1356491
-0.4063790 0.1276648
-0.3911377 0.0781024
-0.5161770 0.0308554
-0.4705824 0.0291434
0.0000000 0.0000000
0.0000000 0.0000000
-0.4369615 -0.0258117
-0.3911315 -0.0231026
-0.3430366 -0.0770321
-0.3804330 -0.1073646
-0.3459370 -0.0981279
-0.3636216 -0.1570080
-0.3516541 -0.1868440
-0.3172536 -0.1703293
-0.3373953 -0.2361321
-0.3119043 -0.2643148
-0.2774473 -0.2393059
-0.2927310 -0.3130783
-0.2551931 -0.3383392
-0.2226624 -0.3030480
-0.2276215 -0.3830575
-0.1803039 -0.4051929
-0.1489539 -0.3581977
-0.1424712 -0.4410704
-0.0847327 -0.4572743
-0.0553674 -0.3981135
-0.0382488 -0.4789514
0.0298811 -0.4870968
0.0524281 -0.4172361
0.0860252 -0.4852186
0.1565625 -0.4847417
0.1698716 -0.4079594
0.2209060 -0.4517649
0.2862966 -0.4407840
0.2859241 -0.3648621
0.3533644 -0.3732529
0.4039963 -0.3509251
0.3861425 -0.2871963
0.4673279 -0.2502981
0.4946810 -0.2186922
0.4571358 -0.1773281
0.5452422 -0.0922345
0.5419041 -0.0535110
0.4852717 -0.0439961
0.5703467 0.0775043
0.5344337 0.1234404
0.4652757 0.0975756
0.5315092 0.2329896
0.4727533 0.2834423
0.3995114 0.2285719
0.4378950 0.3573041
0.3666242 0.4047912
0.3011376 0.3310918
0.3104908 0.4380114
0.2362575 0.4756489
0.1879252 0.3952957
0.1684674 0.4741887
0.1023466 0.4971245
0.0717621 0.4216883
0.0321999 0.4706675
-0.0233455 0.4784995
-0.0345243 0.4132783
-0.0858012 0.4351476
-0.1300829 0.4302900
-0.1224222 0.3781860
-0.1827307 0.3789258
-0.2136575 0.3633159
-0.1947427 0.3250292
-0.2558371 0.3091816
-0.2776102 0.2859517
-0.2496134 0.2588781
-0.3064837 0.2309060
-0.3228981 0.2029818
-0.2886077 0.1855404
-0.3341282 0.1490050
-0.3563786 0.1177197
-0.3176941 0.1090435
-0.3086004 0.0663529
-0.4080537 0.0270244
-0.3694914 0.0253846
0.0000000 0.0000000
0.0000000 0.0000000
-0.3524771 -0.0218717
-0.3143094 -0.0192211
-0.2767469 -0.0659058
-0.3055876 -0.0909505
-0.2758189 -0.0818939
-0.2915852 -0.1330111
-0.2789384 -0.1572362
-0.2503382 -0.1416525
-0.2669353 -0.1976502
-0.2434216 -0.2204998
-0.2150747 -0.1974297
-0.2251927 -0.2577402
-0.1939544 -0.2778769
-0.1662197 -0.2467074
-0.1701372 -0.3105313
-0.1294643 -0.3266314
-0.1050705 -0.2869484
-0.0983859 -0.3500673
-0.0520393 -0.3619604
-0.0302539 -0.3138743
-0.0129050 -0.3714190
0.0376164 -0.3768502
0.0541826 -0.3226278
0.0818102 -0.3686382
0.1337792 -0.3664068
0.1408585 -0.3102081
0.1816828 -0.3359035
0.2273770 -0.3265452
0.2246675 -0.2725286
0.2766038 -0.2719867
0.3105158 -0.2545825
0.2954817 -0.2104532
0.3551928 -0.1800257
0.3727084 -0.1548843
0.3441505 -0.1279386
0.4072135 -0.0657269
0.4044529 -0.0360392
0.3634134 -0.0298313
0.4226671 0.0562399
0.3989848 0.0900940
0.3494864 0.0730176
0.3976167 0.1685694
0.3566712 0.2058509
0.3059515 0.1681990
0.3350424 0.2620214
0.2853829 0.2965092
0.2376756 0.2455995
0.2464314 0.3269410
0.1938297 0.3550565
0.1562339 0.2980329
0.1471623 0.3605058
0.0957916 0.3796130
0.0723565 0.3227482
0.0459279 0.3651425
0.0026381 0.3732595
-0.0092932 0.3226202
-0.0461117 0.3451050
-0.0816426 0.3434819
-0.0801311 0.3011892
-0.1228217 0.3060309
-0.1511255 0.2962556
-0.1381073 0.2626565
-0.1853510 0.2534935
-0.2043745 0.2368489
-0.1849057 0.2126005
-0.2303620 0.1918759
-0.2442546 0.1706518
-0.2182371 0.1546943
-0.2548509 0.1249412
-0.2736021 0.1002775
-0.2421788 0.0918384
-0.2376481 0.0558450
-0.3153519 0.0232903
-0.2834286 0.0216783
0.0000000 0.0000000
0.0000000 0.0000000
-0.2813289 -0.0182316
-0.2500345 -0.0158461
-0.2214250 -0.0553988
-0.2432189 -0.0758341
-0.2184879 -0.0675430
-0.2312457 -0.1106147
-0.2202859 -0.1304121
-0.1956294 -0.1161679
-0.2097903 -0.1630546
-0.1884307 -0.1811419
-0.1657044 -0.1609820
-0.1736118 -0.2100186
-0.1469360 -0.2260911
-0.1249836 -0.1994201
-0.1256113 -0.2489819
-0.0939247 -0.2616686
-0.0735697 -0.2288042
-0.0683187 -0.2768534
-0.0308001 -0.2849782
-0.0150978 -0.2470516
-0.0003613 -0.2885251
0.0381441 -0.2921842
0.0495951 -0.2503705
0.0735478 -0.2811056
0.1107341 -0.2789946
0.1156096 -0.2367120
0.1473315 -0.2525671
0.1804081 -0.2439709
0.1762793 -0.2056414
0.2161227 -0.2015572
0.2398666 -0.1877680
0.2270898 -0.1565359
0.2718742 -0.1311796
0.2835702 -0.1120099
0.2615604 -0.0929809
0.3079228 -0.0476020
0.3053418 -0.0239242
0.2753864 -0.0204245
0.3182547 0.0416755
0.3021753 0.0674874
0.2660611 0.0560020
0.3006408 0.1256066
0.2727709 0.1528895
0.2352943 0.1271711
0.2586344 0.1956098
0.2224093 0.2219573
0.1886270 0.1856613
0.1966929 0.2474475
0.1586666 0.2688381
0.1297112 0.2277535
0.1244417 0.2772899
0.0868164 0.2922245
0.0670517 0.2502280
0.0510211 0.2849086
0.0160631 0.2928977
0.0070024 0.2534586
-0.0195736 0.2739656
-0.0476908 0.2740253
-0.0491019 0.2402472
-0.0810018 0.2467592
-0.1035509 0.2402277
-0.0957343 0.2127989
-0.1305102 0.2069103
-0.1475136 0.1951528
-0.1322766 0.1744273
-0.1682666 0.1586834
-0.1796781 0.1422473
-0.1601016 0.1284797
-0.1897014 0.1043753
-0.2044594 0.0844105
-0.1797416 0.0769050
-0.1779739 0.0467308
-0.2375491 0.0197736
-0.2112356 0.0181655
0.0000000 0.0000000
0.0000000 0.0000000
-0.2226238 -0.0150595
-0.1970010 -0.0129117
-0.1753882 -0.0458862
-0.1915193 -0.0623698
-0.1714029 -0.0552214
-0.1825591 -0.0909705
-0.1726367 -0.1070205
-0.1525541 -0.0946932
-0.1630629 -0.1328387
-0.1460551 -0.1475774
-0.1263531 -0.1301494
-0.1334384 -0.1698626
-0.1104377 -0.1822473
-0.0935525 -0.1602442
-0.0938211 -0.1990032
-0.0680746 -0.2089967
-0.0525703 -0.1822494
-0.0461281 -0.2180289
-0.0182120 -0.2244446
-0.0052834 -0.1941686
0.0061617 -0.2247358
0.0362920 -0.2265603
0.0435014 -0.1949789
0.0627792 -0.2159560
0.0905219 -0.2139097
0.0930720 -0.1821372
0.1189406 -0.1910993
0.1421486 -0.1843683
0.1386213 -0.1558180
0.1689631 -0.1512153
0.1860997 -0.1393724
0.1753396 -0.1176216
0.2091414 -0.0972145
0.2175771 -0.0821628
0.2002314 -0.0685401
0.2346792 -0.0339191
0.2329597 -0.0158754
0.2102074 -0.0128984
0.2424802 0.0320408
0.2305496 0.0526680
0.2045333 0.0440657
0.2302129 0.0952496
0.2109960 0.1160482
0.1828673 0.0981824
0.2003316 0.1495532
0.1750587 0.1692678
0.1491816 0.1438186
0.1577298 0.1901077
0.1287826 0.2072140
0.1079910 0.1768781
0.1052533 0.2155611
0.0777403 0.2276151
0.0614367 0.1966228
0.0504939 0.2249059
0.0245050 0.2315801
0.0158750 0.2018572
-0.0014361 0.2186924
-0.0245638 0.2200636
-0.0255966 0.1933393
-0.0493188 0.1996824
-0.0666659 0.1953600
-0.0623873 0.1736351
-0.0885565 0.1698609
-0.1019368 0.1608548
-0.0911514 0.1441407
-0.1179946 0.1314919
-0.1281056 0.1186548
-0.1124201 0.1069678
-0.1362789 0.0872100
-0.1474610 0.0708716
-0.1280490 0.0644607
-0.1288180 0.0392925
-0.1727296 0.0167295
-0.1510232 0.0153523
0.0000000 0.0000000
0.0000000 0.0000000
-0.1746135 -0.0123434
-0.1538524 -0.0104991
-0.1373956 -0.0375462
-0.1499248 -0.0509956
-0.1328786 -0.0447875
-0.1427241 -0.0742305
-0.1336479 -0.0870627
-0.1177375 -0.0768464
-0.1266962 -0.1077328
-0.1124326 -0.1196356
-0.0967074 -0.1051426
-0.1011662 -0.1363995
-0.0837413 -0.1465328
-0.0689591 -0.1282218
-0.0700236 -0.1587826
-0.0486080 -0.1661666
-0.0373098 -0.1450590
-0.0321903 -0.1721191
-0.0101977 -0.1770518
-0.0008181 -0.1532540
0.0100091 -0.1750763
0.0317561 -0.1766473
0.0377968 -0.1519588
0.0525939 -0.1669641
0.0739331 -0.1643793
0.0744446 -0.1410460
0.0946788 -0.1461678
0.1120561 -0.1405977
0.1082677 -0.1193700
0.1324109 -0.1139197
0.1443563 -0.1048197
0.1357744 -0.0884593
0.1616992 -0.0727890
0.1676865 -0.0600488
0.1540378 -0.0507705
0.1801090 -0.0244080
0.1793541 -0.0100900
0.1614187 -0.0077170
0.1857623 0.0263201
0.1776417 0.0420886
0.1574740 0.0365199
0.1780569 0.0740325
0.1636154 0.0909039
0.1431482 0.0778052
0.1568512 0.1163795
0.1392309 0.1317699
0.1187699 0.1137001
0.1259905 0.1492316
0.1055414 0.1624498
0.0886740 0.1408310
0.0894322 0.1702510
0.0679541 0.1805729
0.0559834 0.1572951
0.0488633 0.1796362
0.0299667 0.1854871
0.0216104 0.1633104
0.0097607 0.1770721
-0.0072890 0.1786155
-0.0095278 0.1585293
-0.0251623 0.1634322
-0.0394180 0.1608619
-0.0361702 0.1437538
-0.0555853 0.1407649
-0.0655353 0.1338231
-0.0583609 0.1207080
-0.0784641 0.1102730
-0.0861202 0.0997170
-0.0739902 0.0904543
-0.0922529 0.0736971
-0.1008629 0.0600696
-0.0846938 0.0548058
-0.0878646 0.0336210
-0.1187512 0.0144013
-0.1004426 0.0133647
0.0000000 0.0000000
0.0000000 0.0000000
-0.1353215 -0.0100072
-0.1185142 -0.0084889
-0.1068600 -0.0305838
-0.1161300 -0.0415546
-0.1022833 -0.0364148
-0.1099852 -0.0601337
-0.1032003 -0.0707415
-0.0893400 -0.0621146
-0.0974361 -0.0871289
-0.0851495 -0.0965207
-0.0730652 -0.0849694
-0.0771696 -0.1096443
-0.0630242 -0.1178311
-0.0514860 -0.1031261
-0.0511323 -0.1263745
-0.0355876 -0.1325443
-0.0254955 -0.1154812
-0.0223390 -0.1363421
-0.0045034 -0.1396542
0.0018354 -0.1215515
0.0101280 -0.1374894
0.0269996 -0.1385517
0.0309361 -0.1195389
0.0437377 -0.1294722
0.0587886 -0.1275842
0.0594434 -0.1094661
0.0749439 -0.1128105
0.0882128 -0.1074506
0.0842557 -0.0921563
0.1028894 -0.0870102
0.1120999 -0.0795250
0.1044655 -0.0672681
0.1249332 -0.0541693
0.1291227 -0.0442966
0.1182181 -0.0369222
0.1387604 -0.0172481
0.1379917 -0.0050336
0.1241346 -0.0036848
0.1428822 0.0220782
0.1377245 0.0348021
0.1213567 0.0311161
0.1375061 0.0598820
0.1275533 0.0729632
0.1111355 0.0640608
0.1235229 0.0927461
0.1100405 0.1056476
0.0948035 0.0922841
0.1012183 0.1194341
0.0870654 0.1302218
0.0727346 0.1147054
0.0746394 0.1376632
0.0594145 0.1460378
0.0489095 0.1293288
0.0463462 0.1462528
0.0315562 0.1519194
0.0251231 0.1352676
0.0173456 0.1459242
0.0054886 0.1478496
0.0020264 0.1330333
-0.0082942 0.1366526
-0.0183741 0.1350240
-0.0169855 0.1224429
-0.0295510 0.1190536
-0.0372045 0.1139505
-0.0316463 0.1039932
-0.0462173 0.0945600
-0.0512160 0.0857316
-0.0420787 0.0788896
-0.0557682 0.0642244
-0.0617151 0.0520868
-0.0480845 0.0482288
-0.0529411 0.0299553
-0.0732047 0.0128262
-0.0569061 0.0119843
0.0000000 0.0000000
0.0000000 0.0000000
-0.1035200 -0.0081356
-0.0895792 -0.0068638
-0.0818745 -0.0248563
-0.0883212 -0.0337929
-0.0771696 -0.0297629
-0.0842464 -0.0488523
-0.0786047 -0.0576113
-0.0673768 -0.0506881
-0.0734001 -0.0703630
-0.0646045 -0.0783161
-0.0536985 -0.0688285
-0.0580752 -0.0884661
-0.0462424 -0.0948021
-0.0376385 -0.0834810
-0.0380990 -0.1013755
-0.0257498 -0.1063552
-0.0180908 -0.0930097
-0.0146283 -0.1082860
-0.0021271 -0.1112077
0.0037368 -0.0968357
0.0094599 -0.1088375
0.0227946 -0.1089762
0.0249351 -0.0949161
0.0345833 -0.1016760
0.0462590 -0.0999387
0.0459936 -0.0862055
0.0588404 -0.0873627
0.0680165 -0.0832058
0.0649226 -0.0712979
0.0793929 -0.0670436
0.0863188 -0.0601399
0.0797215 -0.0515067
0.0955184 -0.0408633
0.0991435 -0.0326224
0.0896697 -0.0270040
0.1059924 -0.0111427
0.1055093 -0.0014598
0.0942108 0.0001146
0.1097207 0.0194050
0.1056469 0.0304430
0.0930123 0.0275316
0.1058574 0.0495226
0.0994456 0.0603487
0.0855285 0.0542110
0.0959641 0.0764965
0.0866741 0.0868729
0.0739528 0.0777205
0.0812052 0.0981152
0.0702944 0.1076642
0.0592897 0.0962463
0.0618857 0.1139015
0.0517073 0.1212664
0.0419138 0.1093675
0.0416603 0.1225302
0.0315284 0.1276510
0.0252733 0.1159449
0.0221658 0.1235034
0.0133674 0.1262459
0.0102492 0.1155718
0.0040422 0.1174760
-0.0018988 0.1170835
-0.0025391 0.1084924
-0.0098165 0.1043577
-0.0140922 0.1006914
-0.0107866 0.0942083
-0.0191915 0.0845196
-0.0220897 0.0771515
-0.0149015 0.0726591
-0.0241724 0.0588745
-0.0275587 0.0473118
-0.0158056 0.0447449
-0.0221524 0.0284734
-0.0333314 0.0119048
-0.0175219 0.0113155
0.0000000 0.0000000
0.0000000 0.0000000
-0.0775058 -0.0066881
-0.0658681 -0.0056760
-0.0611900 -0.0202179
-0.0661372 -0.0278436
-0.0562921 -0.0245655
-0.0630587 -0.0399527
-0.0581266 -0.0471612
-0.0491554 -0.0419279
-0.0550085 -0.0574744
-0.0480122 -0.0641403
-0.0391820 -0.0567623
-0.0423514 -0.0717443
-0.0342847 -0.0772960
-0.0261950 -0.0682367
-0.0277746 -0.0821768
-0.0177976 -0.0859151
-0.0122131 -0.0759810
-0.0104191 -0.0873418
-0.0006824 -0.0896235
0.0035420 -0.0786516
0.0085730 -0.0868326
0.0176555 -0.0871760
0.0199221 -0.0762010
0.0268624 -0.0809851
0.0358269 -0.0788489
0.0348601 -0.0689552
0.0444632 -0.0689975
0.0516303 -0.0652751
0.0483294 -0.0563390
0.0601160 -0.0518277
0.0648440 -0.0462531
0.0593784 -0.0394297
0.0720502 -0.0310228
0.0746141 -0.0234280
0.0666982 -0.0195772
0.0794954 -0.0069503
0.0797807 0.0013711
0.0697743 0.0027675
0.0824914 0.0182542
0.0797569 0.0273398
0.0690723 0.0257696
0.0806044 0.0424312
0.0755950 0.0521256
0.0646074 0.0475838
0.0734615 0.0648244
0.0676034 0.0737938
0.0561880 0.0674746
0.0631683 0.0835270
0.0558084 0.0916635
0.0461061 0.0838900
0.0506595 0.0972160
0.0430351 0.1042906
0.0350616 0.0957622
0.0363577 0.1057815
0.0302413 0.1109764
0.0235155 0.1030586
0.0233170 0.1085339
0.0181563 0.1118949
0.0142558 0.1051024
0.0126722 0.1051860
0.0096132 0.1065433
0.0079379 0.1014560
0.0052646 0.0959663
0.0049429 0.0944402
0.0052788 0.0914638
0.0029981 0.0804787
0.0035965 0.0747277
0.0076796 0.0730675
0.0048978 0.0583965
0.0038150 0.0464076
0.0141417 0.0450595
0.0075521 0.0299059
0.0032377 0.0111005
0.0220347 0.0108123
0.0000000 0.0000000
0.0000000 0.0000000
-0.0556871 -0.0055263
-0.0457545 -0.0047931
-0.0444023 -0.0166871
-0.0476613 -0.0233589
-0.0392889 -0.0209096
-0.0451586 -0.0330210
-0.0420198 -0.0394841
-0.0336377 -0.0353551
-0.0396045 -0.0477180
-0.0339934 -0.0533114
-0.0268695 -0.0478842
-0.0307211 -0.0594770
-0.0245125 -0.0642510
-0.0179326 -0.0573731
-0.0192518 -0.0676108
-0.0127877 -0.0710498
-0.0073325 -0.0632473
-0.0071549 -0.0718437
0.0003168 -0.0733719
0.0033219 -0.0653848
0.0062439 -0.0711398
0.0131576 -0.0712382
0.0145081 -0.0629337
0.0200547 -0.0655444
0.0259274 -0.0638348
0.0253131 -0.0560775
0.0324527 -0.0556706
0.0377195 -0.0518395
0.0345086 -0.0454829
0.0433861 -0.0412831
0.0471924 -0.0361930
0.0418517 -0.0309948
0.0521917 -0.0234636
0.0539110 -0.0170051
0.0470353 -0.0137555
0.0578786 -0.0037669
0.0578799 0.0040687
0.0494572 0.0049324
0.0598112 0.0173198
0.0585159 0.0254493
0.0486880 0.0245335
0.0587353 0.0380628
0.0554696 0.0463942
0.0457913 0.0435087
0.0546752 0.0568774
0.0501974 0.0652599
0.0407549 0.0606399
0.0473808 0.0733323
0.0430259 0.0808179
0.0337510 0.0754575
0.0390607 0.0862195
0.0342388 0.0927777
0.0267378 0.0870654
0.0303605 0.0948080
0.0262461 0.1004387
0.0202000 0.0950575
0.0219246 0.0991810
0.0199657 0.1035687
0.0149805 0.0996336
0.0164445 0.0989382
0.0166992 0.1023241
0.0133828 0.1005247
0.0153611 0.0936868
0.0190636 0.0958388
0.0164597 0.0966398
0.0205687 0.0827970
0.0273861 0.0813043
0.0254691 0.0836063
0.0331905 0.0647105
0.0372784 0.0526216
0.0414300 0.0518931
0.0433828 0.0374462
0.0391927 0.0068743
0.0635952 0.0006130
0.0000000 0.0000000
0.0000000 0.0000000
-0.0372794 -0.0047518
-0.0282783 -0.0042375
-0.0299994 -0.0140779
-0.0316519 -0.0201171
-0.0243570 -0.0184122
-0.0305590 -0.0281448
-0.0282216 -0.0340879
-0.0208972 -0.0308235
-0.0263199 -0.0405759
-0.0230181 -0.0458761
-0.0160548 -0.0413297
-0.0206491 -0.0507515
-0.0160976 -0.0548782
-0.0106170 -0.0494544
-0.0132602 -0.0576230
-0.0086230 -0.0606834
-0.0041177 -0.0542693
-0.0045535 -0.0607762
-0.0000309 -0.0623488
0.0030389 -0.0555155
0.0041676 -0.0601815
0.0090427 -0.0598407
0.0098280 -0.0532433
0.0131215 -0.0551977
0.0173918 -0.0534414
0.0163827 -0.0470363
0.0218085 -0.0462296
0.0250739 -0.0428610
0.0222681 -0.0373183
0.0291356 -0.0340117
0.0316648 -0.0288764
0.0268000 -0.0247989
0.0347961 -0.0186482
0.0363720 -0.0125270
0.0297181 -0.0097303
0.0387789 -0.0012779
0.0388145 0.0057734
0.0311822 0.0068339
0.0405640 0.0167761
0.0394848 0.0246264
0.0309840 0.0237625
0.0397440 0.0349285
0.0381038 0.0427679
0.0288516 0.0405204
0.0372294 0.0519726
0.0344693 0.0596307
0.0258066 0.0560227
0.0332073 0.0668076
0.0301045 0.0740961
0.0220451 0.0694494
0.0277171 0.0791484
0.0251996 0.0856003
0.0176864 0.0807421
0.0224359 0.0884537
0.0203061 0.0941932
0.0143306 0.0896340
0.0180811 0.0944662
0.0175132 0.0998292
0.0125935 0.0964392
0.0156739 0.0974488
0.0183135 0.1030421
0.0138458 0.1023078
0.0180951 0.0971112
0.0261682 0.1045323
0.0209080 0.1083408
0.0295396 0.0922457
0.0474141 0.1022920
0.0357922 0.1105919
0.0576527 0.0797548
0.0840241 0.0821008
0.0567784 0.0780178
0.0976973 0.0550954
0.1109988 0.0095280
0.0655664 -0.0704016
0.0000000 0.0000000
0.0000000 0.0000000
-0.0209904 -0.0042983
-0.0127476 -0.0040458
-0.0172032 -0.0122562
-0.0179288 -0.0182758
-0.0108979 -0.0158169
-0.0174767 -0.0250440
-0.0158460 -0.0308301
-0.0092550 -0.0259257
-0.0152618 -0.0363540
-0.0131900 -0.0416145
-0.0069448 -0.0343667
-0.0117285 -0.0454078
-0.0094558 -0.0496856
-0.0040559 -0.0406036
-0.0077864 -0.0516946
-0.0049529 -0.0545743
-0.0010910 -0.0443281
-0.0031332 -0.0545387
-0.0003245 -0.0560422
0.0021615 -0.0450436
0.0020727 -0.0536852
0.0046357 -0.0535564
0.0054673 -0.0426660
0.0070533 -0.0492613
0.0095903 -0.0473024
0.0084072 -0.0373623
0.0117805 -0.0411175
0.0139112 -0.0376711
0.0109070 -0.0291171
0.0160859 -0.0297324
0.0174913 -0.0248221
0.0129174 -0.0184355
0.0194798 -0.0159237
0.0203264 -0.0096287
0.0142030 -0.0060094
0.0216181 -0.0001272
0.0219671 0.0069421
0.0145419 0.0077050
0.0227583 0.0166396
0.0222284 0.0242688
0.0142785 0.0218748
0.0227348 0.0333043
0.0216190 0.0412332
0.0133290 0.0356752
0.0212368 0.0492741
0.0200190 0.0568787
0.0116841 0.0485985
0.0191445 0.0636593
0.0174952 0.0707846
0.0099454 0.0601360
0.0165224 0.0759163
0.0149662 0.0824509
0.0082326 0.0699889
0.0135495 0.0859716
0.0127618 0.0918167
0.0068871 0.0783672
0.0113969 0.0938739
0.0114809 0.0994373
0.0067622 0.0858252
0.0106903 0.1001654
0.0127963 0.1064380
0.0089709 0.0940866
0.0125274 0.1056589
0.0201449 0.1164373
0.0167672 0.1094951
0.0203113 0.1094894
0.0498142 0.1399074
0.0341934 0.1437984
0.0476104 0.1018838
0.1569005 0.1898422
0.0172201 0.1322109
0.1070172 0.0400739
0.4758961 0.2587365
-0.1301103 -0.2522494
0.0000000 0.0000000
0.0000000 0.0000000
-0.0053831 -0.0042048
0.0000000 0.0000000
-0.0050534 -0.0115680
-0.0047297 -0.0194408
0.0000000 0.0000000
-0.0046857 -0.0251541
-0.0042192 -0.0326446
0.0000000 0.0000000
-0.0041452 -0.0373268
-0.0034824 -0.0437806
0.0000000 0.0000000
-0.0033887 -0.0470728
-0.0026518 -0.0522062
0.0000000 0.0000000
-0.0022884 -0.0537576
-0.0015234 -0.0572062
0.0000000 0.0000000
-0.0011370 -0.0569886
-0.0002754 -0.0584384
0.0000000 0.0000000
0.0001088 -0.0563486
0.0009171 -0.0557301
0.0000000 0.0000000
0.0014684 -0.0517319
0.0021670 -0.0489767
0.0000000 0.0000000
0.0027260 -0.0433936
0.0033320 -0.0385600
0.0000000 0.0000000
0.0037960 -0.0316218
0.0042674 -0.0250110
0.0000000 0.0000000
0.0047321 -0.0170373
0.0049629 -0.0089186
0.0000000 0.0000000
0.0054322 -0.0004840
0.0054577 0.0087349
0.0000000 0.0000000
0.0057083 0.0172117
0.0056079 0.0269725
0.0000000 0.0000000
0.0057352 0.0351007
0.0054024 0.0449345
0.0000000 0.0000000
0.0055366 0.0522233
0.0050730 0.0617096
0.0000000 0.0000000
0.0049450 0.0679619
0.0044972 0.0766734
0.0000000 0.0000000
0.0042374 0.0817971
0.0037694 0.0895300
0.0000000 0.0000000
0.0035330 0.0935194
0.0032552 0.1003607
0.0000000 0.0000000
0.0028442 0.1035971
0.0029372 0.1097551
0.0000000 0.0000000
0.0026411 0.1131887
0.0025445 0.1184227
0.0000000 0.0000000
0.0024987 0.1250597
-0.0013229 0.1278699
0.0000000 0.0000000
-0.0072786 0.1398759
0.0012390 0.1735503
0.0000000 0.0000000
-0.0771815 0.1154442
0.2491492 0.5142863
0.0000000 0.0000000
-0.2584348 -0.1100617
1.4003657 1.4086120
0.0000000 0.0000000
0.0000000 0.0000000
-13.62271
-14.18373
-15.34532
-17.25549
-20.12574
-24.33333
-30.59164
-40.23697
-55.67415
-81.03457
-125.1314
-190.8224
-258.6539
-123.5233
-183.0065
-114.2465
-83.35899
-63.59345
-49.27497
-40.0578
-33.99516
-29.89434
-27.0831
-25.22908
-24.1761
-23.86247
-13.79242
-14.08686
-15.14073
-16.95232
-19.69244
-23.73599
-29.81298
-39.36474
-55.18358
-81.61841
-125.0194
-213.0018
-178.8621
-124.7705
-183.8955
-120.3882
-86.26363
-64.58835
-49.12305
-39.68655
-33.623
-29.56766
-26.80816
-25.00031
-23.97964
-23.70468
-13.22502
-13.4694
-14.37002
-15.9663
-18.40314
-22.01821
-27.5801
-36.81125
-53.87502
-85.0508
-138.1299
-188.1803
-145.7408
-180.4834
-176.9795
-149.1326
-92.86414
-63.71286
-47.92513
-38.31764
-32.31983
-28.40877
-25.806
-24.13319
-23.19294
-22.94911
-12.15518
-12.36635
-13.09295
-14.37811
-16.33689
-19.24962
-23.76073
-31.52978
-47.21418
-93.86979
-172.0734
-230.1183
-124.0638
-124.8334
-204.8856
-187.6539
-113.6881
-64.0906
-45.21689
-35.54524
-29.9265
-26.40614
-24.11222
-22.64745
-21.83811
-21.63211
-10.67492
-10.83635
-11.36012
-12.29026
-13.67913
-15.66386
-18.65263
-23.89898
-34.78663
-67.66434
-120.7932
-124.133
-64.63176
-101.7178
-262.1194
-195.3216
-111.1888
-58.74397
-39.58734
-30.94378
-26.35134
-23.5462
-21.72565
-20.58334
-19.96023
-19.79155
-8.863374
-8.969307
-9.285194
-9.825426
-10.5972
-11.61206
-12.83237
-14.27253
-18.9306
-25.98503
-46.50807
-42.43802
-29.79374
-82.82479
-82.19236
-99.09642
-52.90267
-36.96365
-28.9731
-24.41761
-21.71006
-19.96948
-18.80127
-18.04908
-17.61895
-17.50788
-6.828111
-6.874235
-6.98921
-7.16248
-7.354809
-7.512321
-7.604486
-7.162604
-6.853895
-5.720251
-0.4778465
3.251224
15.15512
22.32236
3.246399
-14.02249
-18.1587
-18.38846
-18.01591
-17.33604
-16.63696
-16.02607
-15.53911
-15.18408
-14.96154
-14.90557
-4.6996
-4.691676
-4.645502
-4.519633
-4.242174
-3.706422
-2.779901
-1.058464
1.739258
5.503571
14.52942
24.20579
47.55327
41.09249
29.59738
13.8091
0.7258963
-5.80855
-9.158055
-10.88932
-11.70955
-12.0547
-12.17148
-12.1759
-12.13955
-12.13326
-2.60402
-2.556106
-2.382725
-2.045227
-1.4656
-0.5168074
0.9479628
3.125768
6.421889
10.91397
18.49521
26.29329
36.63367
35.67336
28.50538
18.77157
8.776732
1.706701
-2.834789
-5.651076
-7.351702
-8.344521
-8.897843
-9.178517
-9.29944
-9.329696
-0.6278378
-0.5546813
-0.300313
0.1704027
0.919374
2.038247
3.652122
5.893944
8.992914
12.97162
18.24182
23.5562
28.08411
28.29163
24.23489
18.01141
11.29156
5.568108
1.29472
-1.706679
-3.7321
-5.050512
-5.867798
-6.33772
-6.564617
-6.614509
1.174292
1.262632
1.559533
2.085183
2.888045
4.034567
5.599617
7.64428
10.27671
13.46212
17.0377
20.31737
22.57687
22.66576
20.29844
16.30612
11.73791
7.451951
3.894735
1.1592
-0.8455413
-2.251631
-3.177967
-3.736139
-4.020964
-4.082375
2.779325
2.869919
3.177758
3.711575
4.497337
5.563383
6.96687
8.731208
10.84095
13.21631
15.63143
17.67048
18.90338
18.84113
17.31675
14.68131
11.521
8.356111
5.53592
3.214403
1.404042
0.07548317
-0.8369379
-1.422143
-1.733427
-1.791754
4.184629
4.271399
4.566107
5.06716
5.791185
6.750889
7.94081
9.383661
11.02774
12.76309
14.40664
15.6996
16.39426
16.25438
15.19262
13.38311
11.1463
8.804238
6.616046
4.718937
3.177729
2.003903
1.150047
0.5787421
0.2758037
0.2284467
5.402759
5.484808
5.749622
6.198712
6.827879
7.651129
8.651761
9.796134
11.04929
12.30597
13.43607
14.27261
14.66787
14.49791
13.71948
12.43155
10.81185
9.071039
7.382997
5.863169
4.588326
3.569181
2.802003
2.288146
2.013932
1.970197
6.456209
6.52743
6.756635
7.141986
7.678156
8.3522
9.162446
10.06693
11.01208
11.92491
12.70703
13.25513
13.47638
13.3014
12.71288
11.76606
10.57046
9.261722
7.953577
6.746975
5.698021
4.833734
4.179376
3.737135
3.492665
3.4468
7.367784
7.425315
7.615945
7.934019
8.374806
8.922898
9.557416
10.25568
10.96433
11.62716
12.17333
12.53363
12.65035
12.4825
12.02492
11.30934
10.41091
9.410673
8.395651
7.438384
6.584837
5.874035
5.327226
4.946599
4.730629
4.687708
8.159039
8.202607
8.353837
8.607897
8.956635
9.389541
9.883536
10.4112
10.93686
11.41411
11.79381
12.02845
12.07949
11.92422
11.55825
11.00773
10.31829
9.546889
8.756017
7.995901
7.309688
6.729224
6.270944
5.944765
5.759598
5.725683
8.848669
8.877179
8.991762
9.187392
9.455955
9.785667
10.16073
10.55508
10.93909
11.27865
11.53861
11.6857
11.69454
11.55045
11.25276
10.81985
10.28171
9.680142
9.057081
8.452068
7.899548
7.423823
7.042339
6.769094
6.614903
6.589428
9.450445
9.463987
9.545557
9.690006
9.889892
10.13474
10.41048
10.69769
10.97216
11.20845
11.38047
11.4648
11.44458
11.30992
11.06201
10.71284
10.28533
9.807926
9.31131
8.8261
8.378399
7.98942
7.676027
7.451206
7.324117
7.303815
9.973146
9.972951
10.02569
10.1266
10.26958
10.44583
10.64307
10.84554
11.0354
11.19329
11.29933
11.33739
11.29561
11.16766
10.95465
10.66618
10.31854
9.932357
9.53109
9.137362
8.771979
8.453286
8.19558
8.01012
7.905401
7.889963
10.42095
10.40872
10.43805
10.50406
10.60173
10.72361
10.8598
10.99774
11.1233
11.22171
11.27862
11.28228
11.22402
11.09978
10.91136
10.66603
10.37556
10.05599
9.724953
9.399373
9.096152
8.830319
8.613928
8.457815
8.371126
8.362565
10.79505
10.77348
10.78513
10.82488
10.88799
10.96875
11.05896
11.14845
11.22617
11.28079
11.3015
11.27934
11.20834
11.08613
10.91452
10.69868
10.44826
10.17596
9.894711
9.617937
9.358897
9.12948
8.940398
8.802813
8.728536
8.728754
11.09529
11.06726
11.06616
11.08687
11.12571
11.17751
11.23497
11.28978
11.33332
11.3564
11.35078
11.30978
11.22907
11.10726
10.94598
10.75
10.52691
10.28653
10.03921
9.795666
9.566011
9.359005
9.183352
9.049398
8.975358
8.990327
11.32086
11.2883
11.27855
11.28706
11.31042
11.34342
11.37957
11.41184
11.43266
11.43443
11.41082
11.35679
11.26873
11.14609
10.99081
10.80707
10.60114
10.38102
10.15566
9.933217
9.721204
9.525639
9.350296
9.200007
9.096009
9.089178
11.47339
11.43526
11.42023
11.42216
11.43704
11.45971
11.48436
11.50422
11.51207
11.50174
11.46777
11.40551
11.31237
11.18843
11.03577
10.85796
10.66089
10.45192
10.23857
10.02773
9.825298
9.635205
9.455109
9.272195
9.039934
8.188924
11.56552
11.50927
11.48932
11.48949
11.5023
11.5224
11.5439
11.55991
11.56375
11.54936
11.51139
11.4457
11.35015
11.2248
11.07156
10.89453
10.69953
10.4936
10.28377
10.07658
9.877731
9.691598
9.521543
9.313082
8.214786
0
