0.0000000 0.0000000
0.0000000 0.0000000
0.0000000 0.0000000
0.0000000 0.0000000
0.0000000 0.0000000
0.0000000 0.0000000
0.0000000 0.0000000
0.0000000 0.0000000
0.0000000 0.0000000
0.0000000 0.0000000
0.0000000 0.0000000
0.0000000 0.0000000
0.0000000 0.0000000
0.0000000 0.0000000
0.0000000 0.0000000
0.0000000 0.0000000
0.0000000 0.0000000
0.0000000 0.0000000
0.0000000 0.0000000
0.0000000 0.0000000
0.0000000 0.0000000
0.0000000 0.0000000
0.0000000 0.0000000
0.0000000 0.0000000
0.0000000 0.0000000
0.0000000 0.0000000
0.0000000 0.0000000
0.2429421 -0.0521361
-1.7661602 0.7659088
-2.1090453 2.2491827
-1.3350351 3.6150653
-0.8823279 4.4278903
-0.7919582 5.1542959
-0.9429092 6.0002799
-1.3467140 7.1295528
-2.1952009 8.6819315
-3.9175036 11.0250893
-8.5483303 13.7823381
4.5524287 13.8246155
16.9434681 -10.6470795
-8.7813272 -8.9889822
-1.9741814 -8.2441158
-1.9305850 -5.0277739
-1.4273281 -3.6511819
-0.9713626 -2.6106868
-0.6702042 -1.8802686
-0.4699761 -1.3674203
-0.3483834 -0.9993511
-0.3340425 -0.7041454
-0.4223357 -0.3260269
-0.2478507 -0.0551888
0.0000000 0.0000000
0.0000000 0.0000000
0.0649592 0.2042361
-3.4793222 1.4969181
-3.1787961 2.5331686
-2.0073645 3.2552648
-1.5809938 3.9022284
-1.6599681 4.7391281
-1.9926131 5.6277542
-2.6226697 6.5582881
-3.8373241 7.5594125
-6.1105742 8.2377462
-0.7788029 9.1942291
15.4661999 10.2642040
25.9643097 -5.2742486
2.2766280 -5.3003516
-5.2280197 -4.3868251
-3.4565849 -4.5220289
-2.5198433 -3.1805389
-1.7223178 -2.2029057
-1.1997390 -1.5737208
-0.8615241 -1.1464050
-0.6454710 -0.8197026
-0.5744339 -0.5864934
-0.7273313 -0.3239569
-0.5165945 -0.0992106
0.0000000 0.0000000
0.0000000 0.0000000
-0.9538410 0.5244056
-4.7894011 1.9868256
-3.6483274 2.5187514
-2.5694404 3.0612514
-2.3921573 3.7560718
-2.4837472 4.5398650
-2.7614899 5.2147360
-3.3362858 5.7607322
-4.4193044 6.0149903
-6.6862607 5.6193252
-1.4110500 -0.8029746
20.8604927 7.6688104
39.7232857 -4.6248436
-3.5573058 -4.4442215
-9.6482754 0.4489996
-5.9097376 -1.1988204
-3.3807254 -1.6418723
-2.2605472 -1.3371601
-1.5653369 -1.0612360
-1.1406248 -0.8357524
-0.8812800 -0.6305684
-0.7595266 -0.4615293
-0.9154016 -0.3090103
-0.8082381 -0.1123541
0.0000000 0.0000000
0.0000000 0.0000000
-2.5949252 0.7986209
-5.6505795 2.2380643
-3.9435847 2.4858677
-3.2433920 3.0967197
-3.1459398 3.7931788
-3.1257951 4.4483395
-3.2473593 4.9594083
-3.5886166 5.2694688
-4.2066250 5.2586136
-5.2259626 4.3906207
2.1303718 -2.5741625
10.0841713 3.0413964
32.4969254 2.3770061
21.5353088 6.4832373
-6.9924850 1.5039995
-6.3034959 0.2180961
-3.4323702 -0.2306876
-2.3465209 -0.4294874
-1.6722852 -0.5026141
-1.2606833 -0.4933476
-1.0159054 -0.4333480
-0.8873208 -0.3377303
-1.0212971 -0.2678122
-1.0824242 -0.1090996
0.0000000 0.0000000
0.0000000 0.0000000
-4.5043445 0.9851187
-6.1491446 2.3140111
-4.3465953 2.5221112
-3.9623890 3.2408915
-3.8066106 3.9243088
-3.6531777 4.5536361
-3.6334689 5.0550642
-3.7033873 5.3660445
-3.6940956 5.1920848
-3.4266787 4.1701021
4.8364081 -2.4200497
11.2819633 2.8584239
22.5412693 5.6487317
25.5023270 10.6886644
-3.8107119 4.1718602
-5.5162845 2.1529155
-2.9761002 0.8294462
-2.0484648 0.2676630
-1.5418169 -0.0596132
-1.2294991 -0.2166975
-1.0502712 -0.2726171
-0.9587284 -0.2437211
-1.0761685 -0.2252186
-1.3117374 -0.1053298
0.0000000 0.0000000
0.0000000 0.0000000
-6.4029703 1.0764768
-6.4824529 2.2919130
-4.9387298 2.6209610
-4.7063313 3.4356153
-4.4681573 4.1651573
-4.2494192 4.8955641
-4.1506038 5.6030946
-3.8916211 6.0453720
-3.0391691 5.7842135
-1.3873384 4.3262439
6.9261055 -0.9774740
9.1323061 0.6536199
31.5850811 8.2723646
26.9755459 2.3580785
0.7761455 5.0060349
-3.3265533 2.7629440
-2.1271544 1.4479754
-1.5132457 0.6337109
-1.2461753 0.1836691
-1.0889084 -0.0686891
-1.0123832 -0.1899924
-0.9874252 -0.2026112
-1.1071907 -0.2044944
-1.4994057 -0.1100727
0.0000000 0.0000000
0.0000000 0.0000000
-8.1362791 1.1063733
-6.8389220 2.2418718
-5.7063742 2.7626209
-5.5073500 3.6651752
-5.2367358 4.5092678
-5.1076236 5.5087214
-5.0083475 6.5399399
-3.9426425 6.8685141
-1.9281100 6.0854645
0.7880563 4.0970511
8.9931879 -1.2388086
11.3649921 0.9552376
30.4492378 -4.2556262
6.0944033 -0.4422996
0.0393433 3.4809718
-0.9910809 2.1783073
-0.9706201 1.5139720
-0.8531060 0.6748815
-0.8640066 0.1906321
-0.8939715 -0.0781198
-0.9410895 -0.2087502
-0.9986487 -0.2275648
-1.1388961 -0.2195743
-1.6655558 -0.1283836
0.0000000 0.0000000
0.0000000 0.0000000
-9.6687746 1.1114272
-7.3388610 2.2081218
-6.6135263 2.9315126
-6.4006529 3.9176872
-6.2447500 4.9650998
-6.4369159 6.3185229
-5.7909064 7.2046747
-3.3310583 6.9013577
-0.2606705 5.4033556
3.2261271 3.2870641
10.7992277 -1.0649556
11.8714037 -0.2575705
33.9732895 1.7044246
0.2702121 -0.2412663
-2.1864450 4.7315021
-0.0888586 1.9027343
0.1669683 1.0840988
-0.2205363 0.3638517
-0.5020719 -0.0281664
-0.7135249 -0.2424362
-0.8825380 -0.3315994
-1.0230663 -0.3201573
-1.1947123 -0.2748054
-1.8356956 -0.1622405
0.0000000 0.0000000
0.0000000 0.0000000
-11.0321217 1.1079608
-8.0337763 2.2161517
-7.6230669 3.1128457
-7.4377508 4.1981096
-7.6147490 5.5032063
-7.7450080 6.8146257
-5.5875363 6.8745937
-2.0152812 5.8588438
1.6822350 4.0410972
5.4874616 1.9213566
12.1617928 -1.3365331
12.6524496 -1.6755421
29.9477730 -4.0030775
2.2959840 -0.0663525
2.1458964 6.5975809
1.5175200 0.7619429
1.0323985 0.3253162
0.3409290 -0.1568999
-0.2131495 -0.4335001
-0.5969534 -0.5442464
-0.8775300 -0.5494675
-1.0919409 -0.4737416
-1.2956989 -0.3675605
-2.0329912 -0.2114492
0.0000000 0.0000000
0.0000000 0.0000000
-12.3175869 1.1157998
-8.9080515 2.2433336
-8.7087364 3.2857449
-8.6815910 4.4928336
-9.1322002 5.9535446
-8.1893454 6.6597047
-4.3705959 5.7158828
-0.2661404 4.2022696
3.8206286 2.3140619
7.4110713 0.4169923
13.4139948 -2.5975564
16.7943707 -5.9673777
29.6410027 -1.6178805
5.8486519 1.1573343
3.2436194 -0.2818732
2.3451343 -0.4605027
1.4916539 -0.7509189
0.6132028 -0.9343635
-0.0943750 -1.0020654
-0.5993561 -0.9589112
-0.9631236 -0.8446685
-1.2334136 -0.6768904
-1.4603670 -0.4912990
-2.2760251 -0.2732060
0.0000000 0.0000000
0.0000000 0.0000000
-13.4747009 1.1278383
-9.9454041 2.2610331
-9.8748903 3.4335115
-10.1507730 4.7660227
-10.2338495 6.0520477
-7.4812536 5.7783995
-2.6263123 4.1652956
1.8162560 2.2539036
5.5902672 0.6200008
8.8479872 -0.9200712
14.2935085 -2.9914103
19.4942741 -9.3408651
18.6794624 -2.8323467
4.0842867 -3.2419760
3.3200343 -2.4365706
2.5053763 -2.1406672
1.5612072 -1.9954165
0.5910826 -1.8667152
-0.1949506 -1.6867100
-0.7616862 -1.4545155
-1.1699061 -1.1938981
-1.4689611 -0.9136560
-1.7031279 -0.6360897
-2.5764246 -0.3423615
0.0000000 0.0000000
0.0000000 0.0000000
-14.4876680 1.1368451
-11.1262951 2.2887795
-11.1229744 3.5814342
-11.7347612 5.0332637
-10.4541483 5.7959132
-5.7774835 4.4447465
-0.6167294 2.5546186
3.4172370 0.7422373
7.4112287 -1.0785348
10.2588835 -2.5577776
15.3530016 -3.8414125
26.9261570 -9.9554911
5.0016885 -4.1298847
3.7988815 -4.6735492
3.0240343 -4.2969933
2.2866588 -3.7544651
1.3130025 -3.2804093
0.2770503 -2.8640587
-0.5271015 -2.4306939
-1.1046140 -1.9917402
-1.5168732 -1.5687636
-1.8121723 -1.1638883
-2.0334804 -0.7877436
-2.9353049 -0.4118953
0.0000000 0.0000000
0.0000000 0.0000000
-15.3872232 1.1494863
-12.4262991 2.3082852
-12.5128775 3.6971374
-13.0841131 5.0939384
-9.5784435 4.8139777
-3.6545832 2.9483893
1.1180525 1.1624006
4.9871364 -0.4857495
9.0988331 -2.3853698
12.7982225 -4.9791656
19.4437885 -6.9668217
25.3137054 -9.6489172
6.4555960 -6.4679475
3.9105079 -6.9322114
2.5722106 -6.4885468
1.6641216 -5.5381608
0.7109171 -4.6320510
-0.3175013 -3.8924749
-1.1040218 -3.1918294
-1.6427926 -2.5273805
-2.0120330 -1.9348485
-2.2666128 -1.4029899
-2.4541807 -0.9286327
-3.3396666 -0.4736247
0.0000000 0.0000000
0.0000000 0.0000000
-16.1477299 1.1481028
-13.7855816 2.3240986
-14.0416632 3.8186793
-13.4066038 4.8025045
-7.9894061 3.4244757
-1.8337073 1.5436572
2.1861351 0.0092470
6.6915889 -1.7452844
10.4160748 -2.8804078
14.5039396 -5.5122008
25.4238491 -11.5709095
10.4068718 -8.7820234
7.3944125 -8.7332363
3.6962554 -9.3675327
1.4242245 -9.0685101
0.0899510 -7.8197603
-0.4761032 -6.1948733
-1.2234825 -4.9352860
-1.9376730 -3.9162850
-2.3837335 -3.0119860
-2.6558428 -2.2538326
-2.8267078 -1.6029677
-2.9591727 -1.0385880
-3.7620969 -0.5187462
0.0000000 0.0000000
0.0000000 0.0000000
-16.7748260 1.1333318
-15.2612314 2.2978847
-15.4306726 3.6773336
-12.5783186 4.0943794
-6.1744056 2.1603551
-0.5144612 0.5353746
3.8836658 -1.2115220
8.4619045 -3.4553061
12.6427994 -4.9503336
17.6960716 -6.7402678
25.8487320 -11.0857000
11.4204464 -9.3338070
8.1134253 -9.8437157
3.9086280 -10.1818657
0.6573514 -10.5149307
-1.8883579 -9.7541256
-2.5063238 -7.9472885
-2.6100047 -6.0011730
-3.0816002 -4.5163703
-3.3207660 -3.3867319
-3.4315040 -2.4841595
-3.4730546 -1.7321953
-3.5266607 -1.0975163
-4.1664400 -0.5373023
0.0000000 0.0000000
0.0000000 0.0000000
-17.2025051 1.0583185
-16.7486687 2.1078174
-15.9713497 2.8070068
-10.9165430 2.3205304
-4.4684968 0.9999912
0.1637363 -0.0558020
5.4897079 -2.1176591
9.6459007 -3.6552753
13.9072380 -5.1080694
26.5073109 -12.3196774
16.5841637 -9.2190533
12.4750338 -8.7114820
8.4162769 -8.9804955
4.5965900 -9.0830555
0.7708446 -9.2586422
-2.5743375 -9.5204315
-4.8054829 -8.7570591
-4.7061801 -6.8124804
-4.5014634 -4.8622456
-4.4289770 -3.5837131
-4.3004808 -2.5795562
-4.1746721 -1.7567644
-4.1205854 -1.0828067
-4.5127344 -0.5195166
0.0000000 0.0000000
0.0000000 0.0000000
-17.4565830 0.9368809
-17.9432507 1.8419074
-15.1678801 1.7140650
-8.3423243 -0.2123990
-3.1253402 0.0099091
2.1816626 -1.8423365
6.7502255 -3.0832982
11.0503149 -3.9441891
15.1421747 -3.7397859
32.8821564 -12.2285757
15.1097326 -7.6040177
11.9581137 -7.6560454
8.3906488 -7.1235847
4.9880419 -6.8047609
1.1992897 -6.5771489
-1.8374219 -7.3857536
-5.6850419 -7.6936312
-7.0746894 -6.7001448
-6.2281728 -4.8663068
-5.6835222 -3.5405226
-5.2285957 -2.4746666
-4.8843241 -1.6303984
-4.6848264 -0.9702636
-4.7815723 -0.4525815
0.0000000 0.0000000
0.0000000 0.0000000
-17.7904854 0.7275761
-18.7891178 1.4109325
-13.2148256 0.0692181
-6.6933227 -1.4639876
-1.6134961 -2.3152525
3.4920168 -3.1143188
6.6856303 -3.0503697
11.5655212 -2.5148699
27.9217167 -11.2178078
32.1477699 -12.8215675
15.7348394 -6.3647838
11.6259899 -5.4395275
7.7698607 -4.4566112
4.6730146 -3.8314018
1.8328611 -3.7873037
-1.1520989 -4.0214949
-4.7495456 -5.1484866
-7.8173251 -4.5777469
-8.3011961 -4.0316153
-6.8803153 -3.1274831
-6.1037173 -2.1098125
-5.5331645 -1.3148314
-5.1483593 -0.7304838
-4.9395394 -0.3227276
0.0000000 0.0000000
0.0000000 0.0000000
-18.3077793 0.2730909
-18.3141956 0.3254800
-11.2577839 -1.8983167
-5.6418657 -2.9194860
-0.3662697 -4.1716995
3.6920891 -4.5863543
6.1749420 -4.5361104
15.0702934 -3.7381334
34.9429626 -13.8422441
18.7808018 -8.1233683
13.2784452 -5.5736008
10.1142445 -3.5609033
6.7203460 -1.9222833
4.0535955 -1.0534420
1.6668812 -0.6037963
-0.7066578 -1.0662779
-3.3391480 -1.7628134
-6.9863729 -1.3709313
-10.1181087 -2.2847803
-7.9172955 -2.2355323
-6.9022365 -1.4169394
-6.0802479 -0.7537905
-5.4543123 -0.3186580
-4.9944654 -0.0986861
0.0000000 0.0000000
0.0000000 0.0000000
-18.9931965 -0.6379048
-15.9597082 -1.8737590
-9.5908318 -3.6875980
-4.4831262 -4.9234257
0.0773905 -5.6957116
3.6283836 -5.9450440
5.8818951 -6.2778273
25.8376255 -12.1709652
37.0577507 -11.5017281
16.1275597 -6.5273194
10.0612421 -3.0152993
8.1328201 -1.0751960
5.3491559 0.8093804
3.1021690 1.7102236
2.2975907 2.4003365
-0.2446212 2.4163189
-2.9970486 1.8660491
-5.7531757 1.9281555
-9.3468781 0.6891536
-8.6209669 -1.0020378
-7.4770050 -0.3486198
-6.3933635 0.0721398
-5.5200224 0.2689937
-4.9136539 0.2046199
0.0000000 0.0000000
0.0000000 0.0000000
-18.2401924 -3.0657125
-13.7248964 -4.0779705
-7.9287529 -5.2953405
-3.7119911 -6.8703270
0.5889032 -7.5653706
3.7223642 -7.3325224
8.4428940 -7.7000690
28.8474197 -9.1518221
31.4843922 -7.3814416
14.0976582 -3.2429128
6.5484905 0.5493701
5.8302450 2.0732639
4.0654569 3.8847246
2.1430893 5.0069361
1.8778563 5.4173913
0.2912947 5.4096518
-2.3853428 5.3741074
-4.8999882 4.5753813
-7.3106060 3.7696245
-9.0732145 2.0654967
-7.8899570 2.0835228
-6.3521209 1.7926900
-5.1516237 1.2516981
-4.4319205 0.6218030
0.0000000 0.0000000
0.0000000 0.0000000
-15.6710672 -7.7019114
-11.8339987 -8.8022776
-7.2976756 -9.0806675
-2.9161470 -9.5437880
0.3048722 -9.5643930
3.0353379 -8.9106512
10.1731930 -8.5059128
25.1276646 -8.9223537
26.4504642 -2.5838718
12.5602827 -0.6395384
4.0780077 4.2168179
4.0752597 5.6600518
2.8355529 7.0058970
1.6977717 7.5207944
1.4579916 7.8191562
-0.2821065 8.6379700
-2.3588650 8.5817518
-5.1422229 9.0709887
-6.1782298 9.6315784
-7.9874992 8.8642406
-6.6210718 7.0986228
-4.9062443 4.6144876
-4.0138264 2.6327329
-3.4570918 1.2104549
0.0000000 0.0000000
0.0000000 0.0000000
-9.5619287 -8.1001101
-10.4492483 -14.8031425
-8.1119471 -13.3432884
-3.2796264 -12.9165459
-0.3789670 -10.8741341
2.3876607 -10.3469839
9.5617781 -9.8370085
18.8460369 -7.6186385
20.5543194 -2.8300564
9.2634878 3.9987099
2.2924120 6.6021552
2.6038086 7.9379554
1.8139693 9.6870213
1.2091341 10.4424057
0.8468391 11.2145357
0.1099031 11.5385809
-2.6259775 13.8725462
-5.9968090 14.9747286
-6.6674871 15.4805727
-7.9392872 16.0275440
-3.9524288 11.5018024
-1.6497120 6.9443946
-1.6113316 3.9842718
-1.6618525 1.8445144
0.0000000 0.0000000
0.0000000 0.0000000
-3.1363811 -2.0336785
-5.6089487 -9.6291819
-3.1106520 -17.2237892
-0.8846530 -17.2296391
0.5395443 -16.0504742
2.4936471 -15.4953508
8.2107983 -13.0468893
12.0684719 -8.1349773
13.9072056 -4.7141967
6.1126099 9.4400263
1.1211894 12.0308504
0.6775141 12.5648098
0.4775489 14.1846876
0.5180802 16.1912575
-0.7117710 16.5530128
-0.5729016 18.6452675
-2.4899163 19.0175934
-3.9875400 19.3031502
-4.2222214 13.7758512
-1.6629672 6.5358267
-0.4353111 3.9429591
-0.2162994 3.3260925
-0.3463575 2.5247636
-0.3272466 1.1691964
0.0000000 0.0000000
0.0000000 0.0000000
0.0000000 0.0000000
0.0000000 0.0000000
0.0000000 0.0000000
0.0000000 0.0000000
0.0000000 0.0000000
0.0000000 0.0000000
0.0000000 0.0000000
0.0000000 0.0000000
0.0000000 0.0000000
0.0000000 0.0000000
0.0000000 0.0000000
0.0000000 0.0000000
0.0000000 0.0000000
0.0000000 0.0000000
0.0000000 0.0000000
0.0000000 0.0000000
0.0000000 0.0000000
0.0000000 0.0000000
0.0000000 0.0000000
0.0000000 0.0000000
0.0000000 0.0000000
0.0000000 0.0000000
0.0000000 0.0000000
0.0000000 0.0000000
0.0000000 0.0000000
0.0000000 0.0000000
0.3601889 -0.3835786
0.0000000 0.0000000
0.8279353 -0.2779593
0.0420344 -0.6829392
-0.1978284 -0.7899426
0.0000000 0.0000000
-1.1256599 -0.2252469
-0.5676424 0.2830234
-0.5824703 1.2729594
0.0000000 0.0000000
-2.0203083 1.4258946
-0.6040302 2.4127078
-0.5973787 3.5404153
0.0000000 0.0000000
-1.6486441 3.1209781
-0.4779446 4.4401693
-0.4162660 5.1213241
0.0000000 0.0000000
-1.0480491 4.0926180
-0.3369197 5.7433224
-0.3185341 6.2666483
0.0000000 0.0000000
-0.8026866 4.8036203
-0.3189217 6.8037496
-0.3544215 7.3134432
0.0000000 0.0000000
-0.8303314 5.5522232
-0.3895881 7.9609165
-0.4775780 8.5932999
0.0000000 0.0000000
-1.0780905 6.4997039
-0.5505499 9.5349751
-0.7290604 10.4010439
0.0000000 0.0000000
-1.6114091 7.7891870
-0.8973482 11.9626780
-1.2336129 13.3365660
0.0000000 0.0000000
-2.6961596 9.8568935
-1.7467937 15.9073658
-2.0095959 18.8164234
0.0000000 0.0000000
-4.9971137 14.5331345
-1.8178529 22.0590096
-2.5611713 25.8568592
0.0000000 0.0000000
3.1038375 13.8482504
4.3007355 18.6866474
11.0332994 9.0373878
0.0000000 0.0000000
18.4796906 8.0515480
11.5811739 -10.3154211
-3.4969728 -11.1564760
0.0000000 0.0000000
16.6993065 -4.2150970
-2.4620769 -13.9923363
-1.2690518 -14.5104055
0.0000000 0.0000000
-8.1556091 -10.6165380
-0.7995426 -9.3427496
-0.8478013 -7.3151908
0.0000000 0.0000000
-1.8259839 -6.6688046
-0.7092988 -6.6044836
-0.5038939 -5.4881830
0.0000000 0.0000000
-1.7031933 -4.1763744
-0.4762374 -4.7306924
-0.3937083 -3.8410468
0.0000000 0.0000000
-1.1762444 -2.9823222
-0.3544481 -3.3356659
-0.2840885 -2.7031651
0.0000000 0.0000000
-0.8058223 -2.1484284
-0.2414228 -2.3550582
-0.1991846 -1.9370855
0.0000000 0.0000000
-0.5614439 -1.5795887
-0.1666317 -1.6804521
-0.1416677 -1.3963499
0.0000000 0.0000000
-0.4029782 -1.1654068
-0.1204435 -1.2091224
-0.1053432 -0.9937814
0.0000000 0.0000000
-0.3294744 -0.8506711
-0.1068785 -0.8183048
-0.1255779 -0.6263403
0.0000000 0.0000000
-0.3710985 -0.5491217
-0.1427199 -0.3854904
-0.1376877 -0.1553893
0.0000000 0.0000000
-0.3952735 -0.1621161
-0.0561451 -0.0258302
0.0059708 0.1075253
0.0000000 0.0000000
0.0575625 0.0633934
0.0000000 0.0000000
0.0000000 0.0000000
1.2860789 -0.1464151
1.2693830 -0.0888322
0.0182338 -0.1105871
-1.3091501 0.2024238
-2.2420466 0.5793012
-2.5431631 1.0913080
-2.7664242 1.8764669
-3.5098605 2.0425692
-2.4430790 2.5954721
-2.0748661 3.1544414
-2.4946454 2.9321940
-1.6106033 3.5528409
-1.3415693 3.9231074
-1.7252599 3.5291395
-1.2071524 4.2367344
-1.1885071 4.6203551
-1.5812182 4.2940493
-1.2437893 5.0528698
-1.3843439 5.4570718
-1.7790134 5.1412840
-1.5447245 6.0206661
-1.8314997 6.4585409
-2.2232606 5.9884224
-2.1232836 7.2064047
-2.6770270 7.6600857
-3.0823936 6.7704339
-3.2198780 8.7717943
-4.5085206 9.1107683
-4.7739143 7.2381496
-5.9574733 10.7880106
-9.2172337 12.0833893
-10.3318987 8.2605619
-2.0638499 9.3540792
6.7907152 11.7887087
10.0936594 13.0463877
10.7471800 9.6939526
18.5644379 13.6062040
28.7621250 6.6470571
22.6231937 -10.0828924
21.5862904 0.0916558
21.6911755 -0.7970351
-0.3538477 -8.0511093
-10.3796587 -7.4769425
-7.7848072 -6.8853302
-3.5657187 -7.0788126
-3.7651594 -7.2848954
-4.2450500 -6.2672071
-3.2276123 -5.2184505
-2.3723183 -3.9114358
-2.7147923 -3.3286073
-2.0239861 -3.4731517
-1.6089046 -2.7464087
-2.0600471 -2.3513927
-1.3097003 -2.4472430
-1.0781620 -1.9746394
-1.4330733 -1.7705816
-0.8947753 -1.7408868
-0.7512498 -1.4405744
-1.0159246 -1.3277614
-0.6303259 -1.2501662
-0.5444748 -1.0518377
-0.7432342 -0.9815881
-0.4687649 -0.8967171
-0.4316373 -0.7501781
-0.5904977 -0.7025806
-0.4255753 -0.6285791
-0.4771778 -0.4906107
-0.6239740 -0.4845982
-0.5571465 -0.3022619
-0.5707253 -0.1759632
-0.7277166 -0.2121937
-0.3705900 -0.0608358
0.1399226 0.0296905
0.1103689 -0.0068761
0.0000000 0.0000000
0.0000000 0.0000000
1.2373350 0.0297883
1.0698603 0.0973746
-0.5918260 0.2808168
-2.8196247 0.9453326
-3.6430345 1.2195795
-4.1406960 1.7584195
-4.0333748 2.2152269
-4.3752728 2.2922370
-3.3677704 2.5930388
-2.7275829 2.8371370
-2.9822102 2.7389631
-2.2450018 3.1150603
-2.0269692 3.4331853
-2.4237845 3.3436441
-1.9643793 3.8014402
-2.0172572 4.2049074
-2.4007108 4.1333275
-2.0865252 4.6560540
-2.2514241 4.9991927
-2.5708985 4.8394408
-2.4028349 5.4604335
-2.7140820 5.7169681
-2.9631829 5.4213052
-2.9970133 6.2256947
-3.5557160 6.3419609
-3.7088780 5.8572407
-4.0239067 6.8501949
-4.8913860 6.8895788
-4.9546518 6.1168952
-5.0989089 7.3517642
-10.2922602 8.0589876
-10.4677658 7.4895539
-9.4965162 6.8434010
7.7205801 7.1020641
13.7380342 1.8576714
13.0407248 10.0604668
24.0161152 9.7394533
30.1391945 5.2922244
38.2360268 -6.4007034
29.4449615 1.6556304
37.9906464 7.1720791
-2.0293081 -3.7713583
-7.9150434 -5.8569865
-5.7262616 -2.7757132
-6.4041376 -0.9704993
-6.3838592 -5.7709451
-8.9830923 -4.0438600
-4.2264194 -3.4042833
-3.2766323 -3.0806293
-4.6181750 -2.3999348
-2.8471959 -2.5774171
-2.3301928 -2.0125957
-2.8459644 -1.6080772
-1.9348129 -1.8090214
-1.6200560 -1.5132418
-1.8979368 -1.2429144
-1.3491336 -1.3292903
-1.1539325 -1.1493318
-1.3371094 -0.9791423
-0.9762230 -0.9927584
-0.8597564 -0.8668081
-0.9980178 -0.7649313
-0.7474866 -0.7224560
-0.6954497 -0.6293731
-0.8045223 -0.5666053
-0.6572225 -0.5220465
-0.7087965 -0.4421727
-0.7984721 -0.4128276
-0.8124593 -0.3107371
-0.8593885 -0.2319510
-0.9734141 -0.2394010
-0.6567945 -0.1093457
0.0868828 -0.0184257
0.0368467 -0.0308906
0.0000000 0.0000000
0.0000000 0.0000000
0.7638553 0.1578969
0.4416699 0.2131596
-1.8662641 0.6199598
-4.3520207 1.4749594
-5.0534320 1.6470221
-5.2501645 2.1413224
-4.6408167 2.3294985
-4.7938752 2.3478196
-3.7891195 2.5155385
-3.1847515 2.7240121
-3.4691043 2.7340252
-2.8777144 3.0404866
-2.7943146 3.3776629
-3.1639414 3.4032917
-2.7478426 3.7588077
-2.7879503 4.1164384
-3.1056459 4.1035089
-2.8012688 4.4772344
-2.9087911 4.7433167
-3.1573465 4.6662874
-3.0050764 5.0556569
-3.2286201 5.2255301
-3.3717089 5.0479784
-3.4361219 5.4495430
-3.8658221 5.4540992
-3.8136127 5.0845170
-4.2440686 5.5787950
-5.1384211 5.0446286
-4.6711211 4.3853426
-5.8429985 5.2466049
-11.5740156 4.8427658
-9.3953857 3.5507617
-0.5166311 -3.7146266
8.2163401 0.9169028
5.8751836 1.1846114
15.1805782 5.5004826
16.8963776 7.4831438
20.1893864 2.9443581
33.8015823 5.3468766
33.8810768 14.5284414
31.1417713 10.8299732
16.9403801 1.6189532
-2.2867143 -0.3575981
3.1037757 2.2777343
-7.1807055 0.9636878
-7.5783443 -1.8000945
-7.4955535 -0.7255113
-5.8494811 -0.5051147
-4.4243197 -1.1424055
-4.4557853 -0.5911704
-3.3297718 -0.9172874
-2.7862334 -0.9692559
-2.8213687 -0.5395672
-2.2611082 -0.8660972
-1.9317050 -0.8817289
-1.9836903 -0.5981482
-1.5981702 -0.7702425
-1.3957256 -0.7606413
-1.4461062 -0.5793801
-1.1891018 -0.6553653
-1.0676980 -0.6319897
-1.1237915 -0.5202713
-0.9408411 -0.5242112
-0.8823958 -0.4913879
-0.9398324 -0.4255261
-0.8212287 -0.3960679
-0.8596722 -0.3649332
-0.9107059 -0.3278593
-0.9639804 -0.2844561
-1.0615017 -0.2353601
-1.1388227 -0.2281847
-0.9425206 -0.1109981
-0.0270867 -0.0355521
-0.0885979 -0.0419628
0.0000000 0.0000000
0.0000000 0.0000000
-0.0902804 0.2717192
-0.6125955 0.3439873
-3.5881128 0.8802518
-5.6988573 1.7882603
-6.2455530 1.8706312
-5.9248943 2.3055758
-4.9443240 2.3371520
-5.0854487 2.3434730
-4.1370010 2.4989135
-3.7478542 2.7878184
-4.0784564 2.8533437
-3.5828614 3.1484497
-3.5341854 3.4879060
-3.8812137 3.5587621
-3.4553478 3.8360136
-3.4258099 4.1585369
-3.7278297 4.2100320
-3.3849177 4.4476552
-3.3846836 4.7103543
-3.6544867 4.7531190
-3.4199278 4.9237218
-3.4976974 5.0831132
-3.6712029 5.1752338
-3.5725527 5.2184787
-3.7199564 5.1675014
-3.7142289 5.3418012
-3.8296859 5.0353775
-3.8796899 4.8837900
-3.6186590 4.9553127
-3.6424391 3.4019015
-6.4629550 4.4611487
-5.9273133 4.1535687
4.0811424 -2.5055146
7.0823250 1.0380512
7.5373349 1.4018333
11.2659626 2.9441946
15.7371569 4.0674944
14.5916491 4.5355091
31.7216434 2.0334008
33.6516342 3.8835781
26.4682426 7.8789363
23.5925770 6.1770854
8.0312939 4.8335819
6.9721599 5.6827798
-7.0893002 2.8967946
-7.3808837 0.9740779
-6.0974755 3.0085120
-5.8955593 1.4778793
-4.4209747 0.2057163
-3.8706682 1.0728563
-3.1792488 0.4083997
-2.7208040 -0.0368821
-2.3401883 0.3774137
-2.2026582 0.0034282
-1.9312946 -0.2830109
-1.7536049 -0.0221144
-1.6054465 -0.2383613
-1.4402829 -0.3859903
-1.3607959 -0.2278982
-1.2462782 -0.3316623
-1.1481731 -0.4020494
-1.1243747 -0.3066832
-1.0342172 -0.3383152
-0.9859314 -0.3596406
-0.9953662 -0.3051741
-0.9254944 -0.2824331
-0.9545958 -0.2873329
-0.9759216 -0.2556597
-1.0488391 -0.2416752
-1.1947620 -0.2143676
-1.2426705 -0.2024812
-1.1937866 -0.1049837
-0.1644456 -0.0428696
-0.2286681 -0.0452469
0.0000000 0.0000000
0.0000000 0.0000000
-1.2741371 0.3958035
-1.9714433 0.4485811
-5.4684424 1.0326177
-6.7570672 1.9191204
-7.1741958 1.9381745
-6.3313460 2.3247006
-5.2522664 2.3355136
-5.4698000 2.3520677
-4.6289091 2.5616362
-4.4268274 2.9409523
-4.8018131 3.0253246
-4.3207636 3.3239360
-4.2338157 3.6749701
-4.6009145 3.7821198
-4.1229286 4.0130754
-4.0124159 4.3670578
-4.3820195 4.4881330
-3.9538496 4.6459494
-3.8689067 4.9866872
-4.2596335 5.1909757
-3.8645084 5.2224450
-3.8132882 5.5018830
-4.0733557 5.8404074
-3.7249076 5.6233554
-3.5882487 5.6697984
-3.5385139 6.0104213
-3.3384216 5.4473019
-2.8201420 5.1460872
-2.3150461 5.1674681
-2.3052473 4.0130534
-4.7679129 4.3236284
-3.0373039 3.3767409
6.1397772 -1.1756487
7.8704300 1.8442740
7.4961233 1.3710068
10.5582829 2.0541470
10.7540913 1.4824344
10.4292021 -0.8589109
31.6244545 5.2772722
30.8056774 4.4745231
29.7984467 1.9712870
26.5601082 3.1911235
5.5421214 5.4858613
6.3886476 5.8655868
-2.1374426 5.1407967
-4.8020020 3.3557260
-2.9176016 4.2960162
-4.6097865 2.9763598
-3.5174046 1.4104220
-2.6436622 2.1018288
-2.5260861 1.3385619
-2.1750965 0.6219319
-1.6476141 0.9283974
-1.8095433 0.5416743
-1.6443837 0.1614802
-1.3438953 0.3354903
-1.4130590 0.1182196
-1.3094260 -0.1102640
-1.1464199 -0.0101655
-1.1719662 -0.1102194
-1.1160787 -0.2350207
-1.0371414 -0.1788602
-1.0400327 -0.2119593
-1.0169382 -0.2658853
-0.9922534 -0.2365136
-0.9797310 -0.2116658
-1.0085046 -0.2334881
-1.0118898 -0.2175428
-1.0952363 -0.2087538
-1.2790986 -0.1914101
-1.3100380 -0.1834096
-1.4008554 -0.1042394
-0.3092169 -0.0446681
-0.3733164 -0.0446120
0.0000000 0.0000000
0.0000000 0.0000000
-2.7229424 0.4840229
-3.5127728 0.5134007
-7.2681465 1.0968803
-7.5767126 1.9315053
-7.9253926 1.9189157
-6.6689897 2.2765830
-5.7175107 2.3671014
-6.0382204 2.3996766
-5.3054800 2.6795821
-5.1980081 3.1318481
-5.6217160 3.2249997
-5.0963073 3.5367627
-4.9654975 3.9332700
-5.3880787 4.0638490
-4.8424954 4.3010497
-4.7025690 4.7384152
-5.2149124 4.9398289
-4.6846628 5.1010194
-4.5648189 5.6293650
-5.1616325 6.0003114
-4.5216303 5.9944935
-4.3361459 6.3680725
-4.5588059 6.8477478
-3.8922236 6.5339174
-3.2965939 6.3843102
-3.0013580 6.6011806
-2.4517550 5.9931264
-1.3944520 5.2501531
-0.6470630 5.2174764
-0.2198065 4.1557717
-1.7022873 3.4715552
-0.3949688 3.6742616
8.1149292 -1.0810268
8.7064466 1.5258353
9.6250467 1.3333747
10.3431540 0.5747781
12.4650640 1.3923761
11.3722486 0.8689391
26.7644939 -1.1183219
33.9922981 -2.9269512
19.8475475 0.9709126
18.2526455 2.6778872
7.2800803 4.7553720
1.9390711 4.2914853
-0.3228055 4.9498568
-2.4602125 3.4803860
-0.3433302 3.5744638
-2.6223063 2.8611228
-2.1107185 2.0177557
-1.1757805 2.4247499
-1.6248945 1.7228241
-1.3944896 0.9390130
-0.8123167 1.0760344
-1.2384787 0.7449167
-1.1914805 0.3649972
-0.8365429 0.4148525
-1.0976887 0.2422786
-1.0687706 0.0097380
-0.8644670 0.0279364
-1.0180537 -0.0401646
-1.0126693 -0.1708530
-0.9088356 -0.1689398
-0.9928712 -0.1791028
-1.0032574 -0.2364042
-0.9640912 -0.2416984
-1.0030414 -0.2027428
-1.0411806 -0.2205728
-1.0398514 -0.2266085
-1.1292088 -0.2055615
-1.3400646 -0.1828922
-1.3695701 -0.1846080
-1.5753345 -0.1155716
-0.4569896 -0.0450822
-0.5243147 -0.0448930
0.0000000 0.0000000
0.0000000 0.0000000
-4.3150535 0.5314389
-5.1403799 0.5444365
-8.8899908 1.1137583
-8.2717257 1.8937967
-8.6069784 1.8733439
-7.0917058 2.2247872
-6.3820262 2.4413612
-6.7993927 2.4893456
-6.1429496 2.8347931
-6.0575814 3.3422291
-6.5313396 3.4399910
-5.9451222 3.7768462
-5.7960939 4.2449164
-6.3154402 4.4018855
-5.7246513 4.6913452
-5.6648011 5.2953734
-6.3916512 5.5918627
-5.7599607 5.8436623
-5.6857667 6.5566659
-6.2609997 6.9240332
-5.3266020 7.0019512
-4.7269082 7.1403794
-4.6030130 7.2906108
-3.6337926 7.0828948
-2.4156187 6.5874591
-1.7941240 6.2137961
-0.9785638 5.8624873
0.5570279 4.9039240
1.4851432 4.3495760
2.1393747 3.7013156
0.8090720 3.2222390
1.9342607 2.5734260
10.0519066 -0.9757039
10.0516672 0.6920163
10.7748013 0.2836268
11.3452063 0.4376912
9.5175409 -0.4526002
11.2386026 -1.6608132
34.0526428 -1.3649433
37.6164665 -3.4932775
22.6900005 0.7857784
6.1327424 0.3163649
4.3138633 3.4232731
-2.2432914 2.7908180
1.8016425 3.3257933
-0.1685257 3.2482982
-0.8757231 2.9835076
-1.1049472 1.7615310
-0.7905819 2.1328592
0.1593193 2.1095359
-0.6442515 1.4983743
-0.5773109 0.8818582
0.0256358 0.9022130
-0.6297259 0.6055640
-0.6958061 0.2973129
-0.3628889 0.2298113
-0.7383600 0.1244996
-0.7952237 -0.0560496
-0.6064622 -0.1258144
-0.8386012 -0.1336221
-0.8900548 -0.2301908
-0.7959494 -0.2884323
-0.9337041 -0.2530881
-0.9803463 -0.2861674
-0.9503524 -0.3305041
-1.0232446 -0.2628708
-1.0767603 -0.2576036
-1.0860782 -0.2875122
-1.1739234 -0.2414109
-1.4061748 -0.1981590
-1.4481087 -0.2121526
-1.7409726 -0.1422715
-0.6148048 -0.0483050
-0.6934826 -0.0501155
0.0000000 0.0000000
0.0000000 0.0000000
-5.9643817 0.5512014
-6.7935653 0.5530168
-10.3295364 1.1133562
-8.9467611 1.8521678
-9.3104467 1.8415371
-7.6847825 2.2047067
-7.2308612 2.5523739
-7.7236199 2.6124799
-7.1043224 3.0122163
-7.0055103 3.5596175
-7.5339322 3.6624155
-6.9083400 4.0396671
-6.8168406 4.6213264
-7.4763451 4.8176093
-6.9090505 5.2033000
-7.0521941 5.9945097
-7.8260384 6.2612929
-7.0867848 6.6360192
-6.7553315 7.1276603
-6.8485751 7.1552682
-5.6492605 7.3201408
-4.2788134 6.9506388
-3.7859960 6.5170779
-2.6052349 6.4636536
-0.8754739 5.6719756
-0.1728303 4.9423432
0.9019656 4.7681117
2.7635443 3.6879408
3.6866243 2.9332464
4.4373851 2.5675819
3.2518995 2.0322967
4.3060179 1.1813200
11.8174591 -1.4144572
11.8991013 0.3764961
12.1986580 -0.2344999
12.5697937 -0.7258759
13.8876553 -3.4254122
17.6821136 -4.4138203
30.1895294 -4.5623045
30.3731766 -1.8034557
22.2900124 -1.2193342
2.8195074 -0.1821464
-1.4790387 4.1293921
2.8582387 5.9359770
-0.2656006 6.7369933
0.5788513 3.1773546
1.6219444 2.9001977
0.8897937 1.2827741
0.7655262 1.6333100
1.3245683 1.0891554
0.3390983 0.6256238
0.2121077 0.5332116
0.7058293 0.2732540
-0.0961117 0.1290310
-0.2553401 -0.0120362
0.0479904 -0.2094049
-0.4369513 -0.2055161
-0.5668946 -0.2974831
-0.4144016 -0.4510667
-0.6988931 -0.3747376
-0.8030317 -0.4120489
-0.7409914 -0.5263868
-0.9057502 -0.4280978
-0.9872899 -0.4166109
-0.9849339 -0.4977243
-1.0719098 -0.3888500
-1.1417788 -0.3445155
-1.1766818 -0.3969772
-1.2524594 -0.3167064
-1.5024108 -0.2403426
-1.5673122 -0.2667108
-1.9222002 -0.1849269
-0.7991384 -0.0574570
-0.8994966 -0.0625032
0.0000000 0.0000000
0.0000000 0.0000000
-7.6178780 0.5456074
-8.4275446 0.5372411
-11.6455126 1.1088960
-9.6850090 1.8374360
-10.0915918 1.8339045
-8.4712315 2.2290859
-8.2199125 2.6815624
-8.7586927 2.7411280
-8.1567411 3.1943178
-8.0627117 3.7781355
-8.6602383 3.8814361
-8.0481634 4.3297763
-8.1287766 5.0495167
-8.8930378 5.2551718
-8.3660460 5.7385030
-8.5066299 6.4844594
-8.9811449 6.5746484
-7.9917793 6.8867116
-6.8392410 6.8266454
-6.3828497 6.4809551
-5.0065889 6.5232654
-3.0409732 5.7822628
-2.2927685 5.0089617
-1.0302190 5.0329328
0.9615003 4.0613656
1.8532175 3.1754797
2.8819094 3.1739702
4.7792549 2.0881872
5.7367477 1.3190479
6.4762259 1.1794158
5.7044711 0.2623501
7.1221333 -0.3878206
12.5373373 -2.0766859
12.3124971 -1.2220756
13.0655746 -1.4430748
14.6416931 -3.5274484
22.1580391 -3.9064250
22.3093567 -4.1138520
29.9454155 -0.8388104
0.5995158 -1.2171140
-1.3180932 -0.6984898
5.5433278 1.4249148
5.6619058 5.0511956
3.4812484 -0.2747253
2.1075311 1.5625583
2.2865651 0.6769246
2.8626142 -0.0709708
2.1341565 0.3786513
1.6486499 0.1981121
1.9244205 -0.4997705
1.1528101 -0.2223327
0.7591585 -0.3115883
1.0369930 -0.7566801
0.3322171 -0.5510738
0.0489749 -0.5898485
0.2330385 -0.9052476
-0.2353739 -0.7091527
-0.4399533 -0.7073517
-0.3654485 -0.9365014
-0.6445913 -0.7417471
-0.7951723 -0.7052339
-0.7907601 -0.8681855
-0.9472154 -0.6896088
-1.0587345 -0.6196945
-1.1007514 -0.7313079
-1.1775751 -0.5705457
-1.2620850 -0.4754864
-1.3345568 -0.5463770
-1.3850582 -0.4267155
-1.6471786 -0.3080689
-1.7429075 -0.3450751
-2.1401529 -0.2418900
-1.0309896 -0.0737614
-1.1637228 -0.0822025
0.0000000 0.0000000
0.0000000 0.0000000
-9.2410002 0.5376156
-10.0603065 0.5429865
-12.9152460 1.1245511
-10.5067596 1.8154919
-10.9663010 1.8013492
-9.4214973 2.2491655
-9.3048315 2.7937262
-9.8903284 2.8361783
-9.2848921 3.3561425
-9.2723188 3.9921548
-9.9615040 4.0889363
-9.4032955 4.6311250
-9.6489658 5.4558702
-10.3492317 5.5835319
-9.7174339 6.0693140
-9.3188658 6.4486632
-9.2491150 6.2288666
-7.9050946 6.3806305
-5.8212118 5.7737617
-5.0168471 5.1279988
-3.5651810 5.0490451
-1.3918511 4.1779256
-0.3281427 3.1618600
0.7622229 3.1947575
2.8146474 2.2034812
3.7193332 1.3189111
4.7197051 1.4624621
6.5249133 0.4279422
7.4302268 -0.4369408
8.1509075 -0.2193979
8.1259708 -1.4177709
9.6477823 -2.3306360
13.5184107 -2.7944515
13.2865782 -2.5438685
14.4592590 -3.2227511
19.2215366 -7.7545786
22.8847675 -9.1242714
28.6517887 -7.4041529
24.8076248 -2.3770876
0.4149791 0.7164160
0.2202329 -1.5980040
3.3913927 -2.5002894
3.6642663 -2.0876944
3.7458367 -2.8462965
3.5699894 -1.1905142
2.9214630 -1.3145746
2.9083912 -2.3523891
2.4298177 -1.3454615
1.9201438 -1.3673086
2.0442438 -2.0630488
1.4136888 -1.3956755
0.9332460 -1.3856215
1.0573331 -1.9007183
0.4686420 -1.4173366
0.1143036 -1.3504575
0.1612990 -1.7326499
-0.2203428 -1.3452122
-0.4762668 -1.2477508
-0.5013264 -1.5261538
-0.7244302 -1.2040056
-0.9079786 -1.0857428
-0.9784111 -1.2814827
-1.0925729 -1.0167818
-1.2234846 -0.8788714
-1.3233191 -1.0107040
-1.3655486 -0.7939127
-1.4590088 -0.6399605
-1.5780632 -0.7223451
-1.5877002 -0.5630394
-1.8535535 -0.3958376
-1.9849875 -0.4394315
-2.4102199 -0.3091095
-1.3308661 -0.0965210
-1.5047592 -0.1078164
0.0000000 0.0000000
0.0000000 0.0000000
-10.8959465 0.5483152
-11.7209396 0.5530093
-14.0059252 1.1307849
-11.4195786 1.7922593
-11.9143896 1.7923858
-10.5270395 2.2684290
-10.4777393 2.8865843
-11.1007519 2.9392107
-10.4933710 3.4968138
-10.6774693 4.1967182
-11.4554567 4.3200321
-10.9261713 4.8905330
-11.0131989 5.6872039
-11.4625607 5.7344599
-10.4128952 6.0197129
-9.0248890 5.8139720
-8.4022722 5.3540449
-6.7356954 5.2253084
-4.1007342 4.2562766
-3.1180186 3.5168173
-1.7169152 3.2836671
0.5985404 2.3126862
1.4839909 1.6378726
2.5770941 1.3903518
4.5497718 0.5664328
5.3768125 -0.1195572
6.4850006 -0.2715926
8.3224916 -1.2163490
9.1933432 -1.9059111
9.6375017 -1.6371093
10.8838940 -3.4597273
12.4130621 -4.1517715
14.9288263 -3.6421413
14.8716917 -4.9062004
17.8054771 -6.3594499
21.7886696 -11.0831785
26.5530910 -7.9746823
23.0923138 -7.6312633
5.7077041 -2.9333930
3.8509567 -2.3368089
4.2529259 -3.8523407
3.1383641 -4.1237526
2.9966707 -3.7154038
3.4627259 -4.3311596
2.8683629 -3.3881893
2.4582427 -3.2871044
2.7008069 -3.9901943
2.1640108 -2.9942811
1.7028058 -2.8592594
1.8197300 -3.4980896
1.2395462 -2.6789627
0.7608992 -2.5197167
0.7791470 -3.0489097
0.2969500 -2.3850160
-0.0820886 -2.1968248
-0.1606470 -2.6048534
-0.4331628 -2.0639601
-0.7090677 -1.8624334
-0.8394214 -2.1604664
-0.9740343 -1.7254976
-1.1703283 -1.5181036
-1.3231508 -1.7257658
-1.3674458 -1.3831928
-1.5031772 -1.1699139
-1.6680715 -1.3072723
-1.6541699 -1.0410607
-1.7469232 -0.8220434
-1.9182972 -0.9064559
-1.8726695 -0.7136978
-2.1294804 -0.4936679
-2.2990854 -0.5377023
-2.7388284 -0.3802272
-1.7141587 -0.1237812
-1.9343755 -0.1365817
0.0000000 0.0000000
0.0000000 0.0000000
-12.5709820 0.5582834
-13.4131451 0.5647124
-14.9646406 1.1424328
-12.4151478 1.7927507
-12.9425125 1.7941805
-11.7662859 2.2966614
-11.7255144 2.9931030
-12.3846731 3.0355272
-11.8076220 3.6424818
-12.2827053 4.4527950
-13.0960884 4.5357485
-12.4381981 5.1292734
-11.7269993 5.6261821
-11.6083822 5.3018236
-10.0874891 5.4889627
-7.6265841 4.6687503
-6.7262406 3.9832370
-4.7730165 3.7388043
-2.0602174 2.6611426
-0.9936693 1.8958814
0.2817224 1.5274013
2.3370118 0.7590661
3.0897520 0.2882364
4.1609411 0.1226828
6.1958976 -0.7269476
7.0323353 -1.3348973
8.2378950 -1.8346065
10.0852137 -2.3819516
10.9031839 -2.7621446
11.6328411 -3.8000896
13.8771572 -4.8989372
15.2377653 -5.2920890
16.6583176 -4.5697417
21.2785301 -9.8572769
23.1012173 -11.5320244
24.9033546 -10.8171921
15.1199570 -7.0876818
8.7692270 -6.2844863
6.1238818 -4.7447381
4.8071213 -5.2314572
5.1680164 -6.4379563
3.7812080 -5.5375109
2.9163289 -5.6331019
3.1971452 -6.6896176
2.3700683 -5.3868504
1.8730892 -5.1547704
2.1279914 -6.0018659
1.5283151 -4.7031837
1.1369143 -4.3484039
1.2189093 -5.0146933
0.7265007 -3.9910941
0.2995822 -3.6617923
0.1876071 -4.1914415
-0.1523679 -3.3893864
-0.5312207 -3.0733690
-0.7374315 -3.4775512
-0.8830193 -2.8191519
-1.1504920 -2.4987040
-1.3962115 -2.7886291
-1.4100963 -2.2669384
-1.5970464 -1.9618940
-1.8368626 -2.1587305
-1.7872581 -1.7584021
-1.9092846 -1.4624035
-2.1414642 -1.5878980
-2.0523183 -1.2895924
-2.1329365 -1.0011348
-2.3569746 -1.0757114
-2.2467759 -0.8628039
-2.4772637 -0.5877887
-2.6846540 -0.6253005
-3.1201715 -0.4474286
-2.1876447 -0.1524213
-2.4542270 -0.1647702
0.0000000 0.0000000
0.0000000 0.0000000
-14.2755470 0.5732002
-15.1444368 0.5773047
-15.7988853 1.1489623
-13.4873095 1.7893275
-14.0582218 1.7892219
-13.1036539 2.3057814
-13.0495949 3.0844419
-13.7708597 3.1509163
-13.2707844 3.7403293
-13.9115143 4.6210160
-14.5370884 4.6292901
-13.3305130 5.0266132
-11.1649694 4.7202349
-10.4727440 4.1994462
-8.8626356 4.1590590
-5.6761975 3.1703229
-4.6095734 2.4136965
-2.7399032 2.2272749
-0.0030786 1.1902268
0.8713104 0.5671062
1.6767706 0.4303111
3.9083173 -0.3739381
4.7943482 -1.0057106
5.8195143 -1.1053808
7.8157592 -2.0140443
8.4905434 -2.7545533
9.7151489 -2.5802515
11.6221247 -3.3428004
12.6863956 -4.5754108
13.5108385 -5.4860182
17.3176918 -5.4325118
18.9607487 -6.8973718
26.3788395 -11.9253473
28.1557178 -14.0863361
25.9820099 -12.5779371
15.8631134 -8.7148495
8.5629988 -7.4329853
9.4262724 -8.3962622
7.4457498 -7.5035958
5.6174316 -7.8717732
5.5400052 -9.0991268
4.1713748 -8.0836143
2.8046579 -8.1247435
2.4529035 -9.3378382
1.7951550 -7.8419209
0.9934268 -7.4475932
0.6719450 -8.5785055
0.5074897 -6.7349749
0.1567873 -6.0903335
-0.2070429 -6.9770584
-0.1326699 -5.4255328
-0.4541313 -4.8649845
-0.8068039 -5.4351110
-0.8854941 -4.4302144
-1.2430589 -3.9421248
-1.5984011 -4.3161073
-1.5867935 -3.5692379
-1.8122796 -3.1053288
-2.1747811 -3.3639276
-2.0451550 -2.7815368
-2.1949403 -2.3710241
-2.5240071 -2.5310130
-2.3557334 -2.1066856
-2.4428778 -1.7208765
-2.7419670 -1.8155832
-2.5588398 -1.5131310
-2.6143577 -1.1534963
-2.8871324 -1.2054752
-2.7081215 -0.9914687
-2.8936846 -0.6630270
-3.1352932 -0.6865912
-3.5341966 -0.5019128
-2.7465000 -0.1780510
-3.0536015 -0.1880261
0.0000000 0.0000000
0.0000000 0.0000000
-16.0007248 0.5850157
-16.9018192 0.5852098
-16.4850807 1.1396359
-14.6609688 1.8000503
-15.2986546 1.7815058
-14.5055075 2.3190093
-14.5371208 3.2685835
-15.3645420 3.3401644
-14.7974787 3.8504460
-14.8890753 4.5221920
-14.8732252 4.2022667
-13.0180702 4.5959215
-9.7246790 3.5301220
-8.8925085 2.8543160
-7.1366758 2.8072736
-3.4996250 1.6181388
-2.3694334 0.8490681
-1.2250479 0.9710252
1.6581051 -0.0380025
2.4544053 -0.6368753
2.9529932 -0.5919262
5.7890668 -1.6044211
6.7196789 -2.2383280
7.5848804 -2.7299669
9.4256363 -3.2542069
10.2497168 -3.6318047
11.5154095 -3.9320860
14.1521330 -5.4565411
15.1651144 -5.5513330
15.7861595 -5.6915755
25.0298595 -11.5180769
31.5316334 -14.8895836
28.5949707 -12.0977507
23.2972813 -11.0455742
16.7192421 -10.9656153
11.4691458 -8.8873148
9.4800272 -9.1498842
10.1693172 -9.1529074
7.9474325 -9.4279070
6.1875162 -9.7915277
6.1635914 -9.9558067
4.5257010 -9.9443607
2.8462877 -9.9871979
2.1952586 -10.4239063
1.3256338 -9.9213438
-0.0228707 -9.6861830
-0.7290595 -10.3736210
-0.9428897 -8.9398289
-1.4601099 -8.1757851
-2.4027386 -9.0762711
-1.6141067 -7.1226954
-1.7514620 -6.2280827
-2.5172515 -6.9396181
-2.0103002 -5.4782696
-2.2535434 -4.7614508
-2.8498759 -5.1038437
-2.5582211 -4.2492328
-2.7097836 -3.6328077
-3.1898441 -3.8216007
-2.8817561 -3.2172685
-2.9598999 -2.6951232
-3.3749225 -2.7880991
-3.0648613 -2.3879492
-3.0941951 -1.9058642
-3.4530020 -1.9491839
-3.1615629 -1.6821846
-3.1776662 -1.2527699
-3.4886913 -1.2700049
-3.2440150 -1.0789442
-3.3685305 -0.7055069
-3.6361172 -0.7084092
-3.9490037 -0.5350206
-3.3737059 -0.1964290
-3.7076600 -0.2010559
0.0000000 0.0000000
0.0000000 0.0000000
-17.7196751 0.5856400
-18.6364193 0.5756909
-17.0231285 1.0974715
-15.9238501 1.7404071
-16.6038685 1.6710562
-16.0281315 2.2238309
-16.1608620 3.3361011
-16.9412174 3.1860723
-15.7941084 3.3605087
-14.4975767 3.6249290
-13.8655329 2.9574132
-11.8394175 3.3968349
-8.0071688 2.0223339
-7.2817335 1.1150395
-5.1856256 1.5679086
-1.3681618 0.0189793
-0.7520925 -0.7246149
-0.1624759 0.1221505
3.3153710 -1.4492168
3.9516594 -2.1434414
4.7068620 -1.7207353
7.3886127 -2.8788321
7.8590240 -3.4365482
8.9520359 -3.5875118
10.8829737 -4.0578027
11.5099230 -4.8819633
13.0814896 -5.2961116
16.7815113 -5.5027027
18.2610188 -6.1892829
29.0854607 -15.0064211
33.1145058 -17.6254463
33.1306610 -15.4535961
22.2391281 -12.2734022
13.2972374 -9.5971012
13.8738642 -9.0285921
12.7504549 -8.9298620
10.4811668 -9.3817787
10.4368105 -9.1682339
8.6596632 -9.5957203
6.5653934 -9.6459923
6.6527653 -9.1276283
4.9161925 -9.8702831
3.2329326 -10.0389318
2.6490426 -9.1266241
1.3700674 -10.1920681
-0.5102370 -10.1395979
-0.9136239 -9.4663267
-2.0919263 -9.8397646
-3.2153711 -9.4902296
-3.9110141 -9.5552969
-3.6455710 -8.5031986
-3.7681108 -7.6339188
-4.9423704 -8.1034384
-3.7059348 -6.4715381
-3.7213790 -5.4740601
-4.6355987 -5.8101072
-3.8262708 -4.7278495
-3.8322487 -4.0080938
-4.4196930 -4.0689168
-3.9074664 -3.5184195
-3.8774292 -2.8712816
-4.3602104 -2.8651731
-3.8938777 -2.5602198
-3.8414109 -1.9753269
-4.2381968 -1.9470452
-3.8374951 -1.7636101
-3.7979228 -1.2730801
-4.1299372 -1.2420930
-3.8249099 -1.1038464
-3.8838775 -0.7010270
-4.1645889 -0.6771091
-4.3267441 -0.5357725
-4.0389409 -0.2032716
-4.3746247 -0.1996717
0.0000000 0.0000000
0.0000000 0.0000000
-19.3763580 0.5613122
-20.2732639 0.5308720
-17.3351822 0.9954612
-17.2027836 1.6020536
-17.8718605 1.5720012
-17.3401356 1.9826231
-17.5114975 2.9587164
-17.8358212 2.6881509
-15.6425848 2.3659241
-13.1071653 2.2610154
-12.3410826 1.5040438
-9.6073351 0.9870510
-6.3975677 0.1665151
-5.6461949 -0.6150755
-3.7048631 0.4636402
0.0720257 -1.4367148
0.3121653 -1.9806755
1.5534414 -1.2916156
4.8859472 -2.5290270
5.3130722 -2.9452403
6.2521877 -2.7936165
8.5565939 -3.4681551
8.9898520 -3.1982465
10.3757601 -4.1401701
13.0017204 -4.8634095
13.6465883 -3.9997852
14.9216909 -4.4904499
24.4871254 -9.4763861
34.8337631 -15.7160883
34.4950829 -10.7402811
31.0205345 -9.9069433
23.2811947 -10.9940939
15.7281046 -9.4701490
13.6718159 -7.9590712
14.1442232 -7.2140002
12.3909130 -8.3156004
10.1846848 -8.2772808
10.3373146 -7.0517836
8.6234436 -8.1192770
6.5889444 -8.0572395
6.5730786 -6.7855463
4.9259658 -7.9237943
3.3102906 -8.0312214
3.0963583 -6.7307048
1.4937642 -8.1398516
-0.2074726 -8.2735596
-0.2744563 -6.8772650
-1.9134566 -8.7012796
-3.6579521 -8.8626280
-3.7490535 -7.6987295
-5.1016550 -8.4646053
-5.8635240 -8.1705494
-6.6108918 -7.7596946
-5.8815379 -7.0006194
-5.7927094 -6.1441321
-7.1531010 -6.3727012
-5.3966060 -4.9080048
-5.1428304 -4.1155429
-5.8320408 -4.0624046
-5.0795331 -3.6079130
-4.9070640 -2.8271980
-5.4631410 -2.6879387
-4.7855520 -2.5658157
-4.6408205 -1.8891673
-5.0616446 -1.7708647
-4.5426908 -1.7184385
-4.4361382 -1.1879377
-4.7687831 -1.0966932
-4.4054928 -1.0434250
-4.4061141 -0.6367024
-4.6843195 -0.5802846
-4.6346927 -0.4944487
-4.6908364 -0.1901571
-5.0029593 -0.1748692
0.0000000 0.0000000
0.0000000 0.0000000
-20.8595257 0.5078705
-21.7288971 0.4438934
-17.6156673 0.8413811
-18.4323597 1.5610930
-19.0970135 1.4985083
-18.3602314 1.7384994
-17.7052135 2.2833159
-17.2606525 1.6156943
-14.1824665 0.9892291
-11.3536844 0.9065420
-10.8284721 -0.0684522
-7.3803463 -0.9349985
-4.8475027 -1.2103065
-4.1658187 -2.0197473
-2.3329756 -1.0859181
0.8899043 -2.6186965
1.4233948 -3.4445729
2.7827210 -2.3886375
5.5421987 -3.1919324
5.2719946 -3.5834153
6.8576546 -2.9281752
8.8696327 -3.1258383
8.5568657 -3.1686890
11.0138159 -3.1304975
13.6218052 -3.4834278
14.1504889 -3.3299320
29.7144299 -14.0795107
36.3494682 -17.3788052
35.6881523 -14.7570915
28.0674515 -11.5392551
19.7502594 -8.9389963
16.8185120 -7.7286625
15.5499773 -6.9272795
13.9450254 -6.6619949
13.5236769 -6.1226230
11.9487906 -6.3934388
10.0993862 -5.9758883
9.6103354 -4.8705220
8.0898438 -5.7662735
6.4114175 -5.4082813
6.1022077 -3.9919791
4.7667613 -5.3636336
3.1683245 -5.0629668
3.2020059 -3.6308594
1.6220548 -5.2363687
0.2911494 -5.4446721
0.3928141 -3.8370297
-1.2468004 -5.8591576
-3.1331170 -6.0047169
-2.9044828 -4.2832217
-5.0973797 -6.4822259
-6.3801894 -6.5994692
-6.2174630 -5.5677428
-7.4037108 -5.6952538
-8.2823000 -6.0948095
-9.2071667 -5.6496177
-7.2638459 -4.6132722
-6.6196890 -3.9486222
-7.4149785 -3.6189680
-6.3235292 -3.4160802
-5.9821920 -2.4897659
-6.5044475 -2.1942625
-5.7022285 -2.3399272
-5.4414020 -1.6028970
-5.8227510 -1.3716617
-5.2314024 -1.5031221
-5.0450044 -0.9692525
-5.3379302 -0.7997375
-4.9263201 -0.8708285
-4.8942704 -0.4988390
-5.1255779 -0.4011760
-4.8537879 -0.3965857
-5.2629585 -0.1483490
-5.5067978 -0.1226369
0.0000000 0.0000000
0.0000000 0.0000000
-22.0408344 0.4095174
-22.8114662 0.2686665
-18.0882759 0.4935405
-19.4932976 1.3614209
-19.8507099 1.1081551
-18.5413113 1.0838531
-16.3299904 0.8000532
-15.1576357 -0.3226870
-12.0946770 -0.8755558
-9.7222986 -1.3596662
-8.7768478 -2.4827480
-6.1809225 -2.1358156
-3.4074337 -2.9231598
-2.7997975 -3.8589270
-0.8574204 -3.3159952
1.4598298 -3.6140177
1.8139446 -4.3175802
3.5425065 -3.9312487
5.4171834 -3.9173572
5.1743793 -4.1608710
6.3351917 -3.6870604
9.3387051 -3.6193466
11.0440836 -4.7675209
12.9007549 -2.9574316
22.7640724 -9.0921850
31.5263462 -15.2797375
36.2209129 -10.3774252
37.4019775 -8.8956099
27.7464123 -9.1048641
21.4571705 -8.4731770
15.6606150 -7.2397003
14.9962254 -6.7557182
14.4249620 -6.1926618
12.5981169 -5.4056258
11.7691669 -4.4005632
10.8333292 -4.5223827
9.0045433 -3.7304144
8.3649912 -2.4737554
7.2524567 -3.1733525
5.7148371 -2.6154089
5.2452631 -1.2904260
4.2614565 -2.4348059
3.1476169 -2.0606861
3.1845410 -0.5611827
1.8205683 -2.1636620
0.6045570 -2.2453868
0.7709455 -0.8466896
-0.9097239 -2.5165620
-2.4979293 -2.6526580
-2.1397698 -1.0721204
-3.9519691 -3.5739598
-5.5841389 -4.0880032
-5.2245946 -2.3513448
-7.2812595 -3.0325084
-9.5652523 -4.7380691
-9.6294546 -3.4010100
-9.2007561 -3.3227532
-8.1250658 -3.1742241
-8.8831615 -2.7216170
-7.4680471 -2.7521074
-6.9722099 -1.8252933
-7.4295802 -1.4009687
-6.5298100 -1.8115811
-6.1495128 -1.0859967
-6.5057082 -0.7460434
-5.8219543 -1.0703620
-5.5514207 -0.5805324
-5.7981672 -0.3237976
-5.3125877 -0.5490693
-5.2702188 -0.2782267
-5.4070930 -0.1359961
-4.9730477 -0.2275982
-5.6763825 -0.0808158
-5.7848144 -0.0463413
0.0000000 0.0000000
0.0000000 0.0000000
-22.6157284 0.2303135
-23.0459442 0.0080996
-18.8881435 -0.1488115
-19.8920135 0.7324871
-19.5757618 -0.0142639
-16.9521656 -0.3487763
-13.8105793 -1.3495828
-12.5828342 -2.5876184
-10.3703890 -2.8071558
-7.9738226 -3.4826863
-7.1664648 -4.4938197
-5.0925903 -3.9234569
-2.4571280 -4.7126451
-2.0822797 -5.4524040
-0.1758313 -4.8996496
1.8120191 -5.2793970
2.0546782 -6.0781102
3.6429906 -5.0460658
4.6269026 -5.2877417
4.9248405 -6.1605396
5.1718225 -5.4247198
12.3915939 -6.8925838
13.5206652 -8.4326162
18.5922661 -6.3346205
29.5068588 -13.0919790
33.2416534 -10.4630604
33.6272087 -12.1886864
30.7746353 -10.3841276
25.9863949 -9.5459576
19.1275749 -8.1438637
13.6791563 -6.2052693
11.2900801 -5.2583590
11.9941969 -4.5960894
10.4895086 -3.5454366
8.6792059 -2.5295808
9.1244268 -2.4742818
7.5678897 -1.2354114
6.6498246 0.0689622
6.0420756 -0.6037983
4.7617373 0.0681715
4.1868410 1.4603826
3.4421868 0.1771852
3.0039845 0.8255090
2.9131000 2.3465207
1.9116664 0.9424688
0.7008243 0.9386646
1.0421728 2.5787885
-0.5427806 0.7106965
-1.7441297 0.4776128
-1.4229869 2.2730463
-3.0360284 0.0539456
-4.8454514 -0.4354566
-4.4548030 1.7344595
-6.1922903 0.1212568
-8.8085022 -1.4719936
-7.8825788 0.4308376
-10.0580845 -0.8742307
-9.3328714 -2.0712020
-9.4811792 -1.1986164
-8.3129673 -1.7260163
-7.7595329 -0.9314022
-7.9935665 -0.3430390
-7.2786169 -0.9722401
-6.7354989 -0.3479431
-6.9851332 0.1383485
-6.2924538 -0.3935896
-5.8912506 0.0179837
-5.9882545 0.3722190
-5.5197825 -0.0474162
-5.4294586 0.0673223
-5.4127846 0.2710191
-4.9963150 0.0429105
-5.8110514 0.0076457
-5.7612338 0.0562503
0.0000000 0.0000000
0.0000000 0.0000000
-22.2034340 -0.2587810
-21.1980476 -0.6270619
-19.3800049 -1.5904416
-18.7511292 -1.6014805
-17.8563251 -2.3881264
-14.3210888 -2.8074274
-11.4863605 -3.7029920
-11.1939926 -4.6556883
-8.5534792 -4.4951382
-6.3510776 -5.5190749
-5.6793375 -6.4563575
-4.0926042 -5.9354067
-1.7466414 -6.4810028
-1.5760511 -7.5722475
0.4858589 -6.6403489
2.0721929 -6.8424554
2.1354928 -7.6540184
3.5903156 -6.7791677
5.4016294 -6.9047675
5.7407227 -7.4721413
6.8845334 -7.0391779
14.2781143 -8.9585323
15.1709146 -8.6632652
24.3438530 -9.8043451
31.0823936 -8.4035616
31.1251755 -7.7061982
29.8620644 -7.2948747
26.9286594 -5.8152356
23.4039402 -4.9248185
15.2430496 -5.1014342
10.8463316 -3.5645216
10.3983707 -1.8792655
8.5198431 -1.1856676
7.4171019 -0.8719057
5.9073277 0.7663023
7.1087914 0.3361174
5.8544350 1.5465504
4.9901857 3.0101337
4.6967044 2.3235762
3.5673063 3.0227897
2.9832439 4.4756846
2.4801397 3.4177520
2.3178005 3.9276855
2.0246041 5.3866043
1.9178729 3.9519045
0.8457859 4.2074251
1.1741456 5.6198573
-0.2141274 4.1179194
-1.4761839 3.8650939
-1.0211688 5.3661513
-2.8285723 3.8091645
-4.2459602 3.6560514
-3.6441834 4.8220310
-5.5682092 3.3310139
-6.7525797 2.3254044
-5.6845741 3.7882087
-7.9806385 2.3363607
-9.3828135 0.2814888
-8.8312035 2.6574156
-8.8789558 0.0778435
-8.2707758 0.5538507
-8.5323410 1.9815744
-7.8140626 0.5591506
-7.1312499 0.9542042
-7.3342748 2.1113033
-6.4675980 0.7443346
-5.9346633 0.9279656
-5.8262777 1.5795362
-5.4175849 0.6934276
-5.2721624 0.5775674
-4.9784045 0.9075605
-4.7653675 0.4055944
-5.6088033 0.1296551
-5.2955251 0.2135580
0.0000000 0.0000000
0.0000000 0.0000000
-19.3946991 -1.5324233
-15.1442518 -2.1328454
-18.5718403 -4.2225518
-16.0990887 -6.0576682
-14.6652355 -7.4584684
-12.7575855 -6.5685387
-10.4654255 -6.7474604
-10.0255632 -9.1408968
-7.0352454 -6.9215269
-4.8613248 -7.7213192
-4.8792248 -9.5984640
-2.9160669 -8.0311947
-1.0440243 -8.5486774
-1.3856357 -9.9051962
0.6794264 -8.4241381
1.8843017 -8.6511574
1.6845920 -9.5852461
3.2017207 -8.2662497
5.4252234 -8.2623596
5.2402740 -8.8708839
9.8315144 -8.0082321
15.0371962 -9.1358509
17.2675972 -9.3400688
23.1433907 -9.2964582
26.9493179 -7.0226140
27.2949848 -5.6323657
25.7523670 -3.1057243
22.4589005 -0.3137113
19.3050747 0.2745515
14.0688725 -1.9010078
8.8112030 0.0789734
7.7416067 2.2905416
5.3479242 2.3695090
4.6860127 2.8553846
4.0870366 4.6840577
4.8667951 4.0606356
4.1297164 4.7066035
3.4292309 6.1483531
3.4040799 5.5038819
2.4660923 5.9550076
2.1349673 7.2610846
1.8368677 6.3551235
1.7236342 6.5790215
1.6561382 7.6615634
1.5903192 6.6371999
0.9105754 6.8223171
0.8081090 8.3914585
-0.1168480 6.9727845
-1.1708865 7.0605760
-1.0722177 8.7325268
-2.0607488 6.4804683
-3.4904146 5.9873548
-4.4799762 8.8336744
-4.6652565 5.7850671
-5.2639012 5.6778097
-5.2775178 9.1718292
-6.4132724 5.9130888
-8.2958555 5.3599763
-7.6347780 8.6682844
-8.6812639 5.0245633
-8.2624674 4.7106462
-7.6179338 7.9489670
-7.8578091 4.0889540
-6.8413320 4.0366330
-5.6453948 6.2329512
-6.0713573 3.1458962
-5.3727121 2.6359754
-4.3517661 3.9007246
-4.7857056 1.9722174
-4.5979476 1.3940636
-3.8453176 2.0228891
-4.0973506 0.9199233
-4.8645530 0.3464015
-4.2039375 0.5097775
0.0000000 0.0000000
0.0000000 0.0000000
-12.2217865 -3.1796644
-6.0282054 -2.8931897
-13.4627142 -8.2811022
-12.8040094 -10.3441153
-10.5105553 -9.2227144
-12.9370937 -11.4173899
-10.5089970 -10.9919176
-9.9101286 -12.3618660
-6.8542280 -10.8202143
-3.7144868 -10.9492741
-5.7822299 -13.3600435
-2.3011210 -10.8514566
-1.2116134 -10.5607510
-1.5561467 -11.7545462
0.1700885 -10.0238018
1.3580310 -9.7316866
0.9142354 -10.6769533
2.8728132 -9.0588779
4.7048502 -9.5808182
5.3422427 -9.8552561
9.7862988 -9.0049391
16.2040157 -9.0755358
15.7539053 -9.2644119
19.1217995 -8.1532164
20.0829582 -6.5481439
19.5273838 -6.2541394
21.8594418 -4.6126151
19.6294098 -0.4568229
14.0779743 2.7060423
10.9854574 1.7642347
5.4404182 4.7346454
3.4583979 5.7433376
3.3592079 5.8496094
3.4715283 6.0764227
2.8624489 7.0212893
3.2808237 6.8622556
2.5342193 7.6270409
2.2880147 8.9534159
2.1074872 8.4239693
1.7128485 8.6926622
1.4534312 10.1208515
1.5533154 8.9925661
1.2953243 9.2370720
1.1323545 10.8129272
0.8861753 9.6198721
0.2212624 10.0072126
0.5203090 11.5466290
-0.4185426 10.2997980
-1.1579288 10.5367641
-0.5091445 12.2893372
-2.3310268 11.5426283
-4.5816965 12.7695351
-4.7394147 15.0122576
-5.3828273 12.8493195
-5.2495656 13.3490448
-6.4369354 15.2269268
-5.8000154 13.2124147
-7.1722684 12.8131838
-7.8037062 15.9573698
-7.8644485 12.6474066
-6.9881668 11.6384993
-5.9806070 13.5633192
-5.5599065 9.7402744
-4.4397216 8.0091305
-2.2705698 8.9826841
-3.6456633 6.1005554
-3.2970440 4.7210488
-1.5306278 5.5202622
-3.1139133 3.4684782
-3.0398285 2.4826040
-1.7724109 2.9873440
-2.8178701 1.5768989
-3.3577640 0.5912360
-2.1643252 0.6948415
0.0000000 0.0000000
0.0000000 0.0000000
-2.0620053 -1.9969971
-0.8931661 -0.6436783
-5.8791132 -5.5618505
-9.3194427 -11.5471134
-5.3310390 -6.2581921
-9.3599072 -15.1825094
-7.7322955 -14.2806320
-5.4116464 -16.4525681
-7.6465244 -14.9231205
-5.9554396 -15.0764990
-1.1376075 -17.5083141
-4.7171412 -15.4013834
-3.2962980 -14.3185711
-0.4567275 -15.9475384
-1.4361265 -13.5836782
-0.3152222 -13.4222069
1.8652588 -15.9002438
2.1678190 -12.8315020
4.2726355 -13.5397196
6.1804142 -15.1020107
8.1043568 -12.0873175
13.9608603 -10.0898952
9.3938122 -12.2808962
14.7359838 -4.2885790
14.4860716 0.7769936
12.0091228 -5.1245079
14.0259848 2.2423811
13.7460508 3.7627072
9.1079273 6.3261223
7.1591401 7.4049110
2.5345478 8.9571581
3.8384433 9.7153006
1.7031621 10.0295992
1.6413646 10.3317032
1.0167849 11.6067677
1.7496760 10.8534060
1.5614396 11.4050865
0.6766599 13.4555902
0.9145190 12.1561203
0.6189277 12.9039507
0.0458043 15.2437325
0.6915053 13.9383450
0.2622284 14.3739033
0.5354502 16.7247314
-0.0366879 14.6556644
-0.5058996 15.2544985
-1.0489391 17.4444447
-1.3686041 16.1441650
-3.1424389 16.1488209
-1.6268448 18.2102757
-4.6131968 15.8884392
-5.1988854 15.9831696
-3.1236668 19.5501480
-6.0681400 16.0740700
-6.5960808 17.3226547
-4.8995681 18.3110733
-6.8359966 17.4671192
-6.5152245 16.9797916
-2.5830922 9.8252058
-4.8986607 14.4931469
-2.8410466 11.2451458
-0.7733261 4.5102277
-1.0046197 9.0627155
-0.2558315 7.0954452
-0.2674128 3.3597059
-0.2099938 5.5944066
-0.3794044 4.6233244
-0.3259196 2.9694400
-0.6888723 3.4333756
-0.8048716 2.7109044
-0.4948919 2.1492426
-0.8859711 1.5722641
-0.7854722 0.6478682
-0.5243652 0.2341697
0.0000000 0.0000000
0.0000000 0.0000000
1.4864634 0.1960539
0.0000000 0.0000000
0.9812817 0.4265293
-1.6138802 -0.8459645
0.0000000 0.0000000
-3.8856623 -1.9939077
-4.4502263 -7.2982416
0.0000000 0.0000000
-3.4385843 -14.7565689
-2.6820748 -16.1503754
0.0000000 0.0000000
-3.3471887 -21.0235996
-2.0083110 -25.0936737
0.0000000 0.0000000
-0.4448657 -23.8968220
-1.2924172 -27.6400146
0.0000000 0.0000000
1.3637218 -23.6501312
1.5558190 -23.7563610
0.0000000 0.0000000
2.6303315 -18.3352795
5.5137520 -11.2877874
0.0000000 0.0000000
4.8451395 -9.0542355
4.4620600 2.9026084
0.0000000 0.0000000
2.5311782 8.4497509
3.0187712 15.0822468
0.0000000 0.0000000
2.8220060 17.9330654
0.2934811 21.3846684
0.0000000 0.0000000
-0.5445552 24.4350777
0.4955279 22.4851074
0.0000000 0.0000000
1.3670123 24.0669746
-0.8777319 23.7821732
0.0000000 0.0000000
-1.8156357 25.8244648
0.9457983 24.8537006
0.0000000 0.0000000
0.9569378 21.2696648
-0.2428149 24.5800285
0.0000000 0.0000000
-2.0037975 24.7312813
-0.1269329 23.5037384
0.0000000 0.0000000
0.2353910 20.4133797
-3.1125824 22.1293068
0.0000000 0.0000000
-3.0736620 17.4200420
-3.5141027 14.4102230
0.0000000 0.0000000
-2.9532006 9.2665901
-1.9835055 5.1425538
0.0000000 0.0000000
-1.1005942 2.2539799
-0.5703781 0.3145081
0.0000000 0.0000000
-0.3021825 -0.2353783
0.0929567 -1.2468439
0.0000000 0.0000000
0.5091612 -0.5118011
0.4150760 -0.4465319
0.0000000 0.0000000
0.4286328 -0.0392372
0.2607113 0.4460168
0.0000000 0.0000000
0.0738091 0.2869037
0.1975404 0.7729793
0.0000000 0.0000000
-0.2161798 0.0812018
1.5437860 1.6473469
0.0000000 0.0000000
0.0000000 0.0000000
10.00736
11.02302
13.25339
13.89041
10.37054
6.028669
0.9848172
-5.029704
-13.9469
-29.33143
-60.49462
-127.4431
-225.1075
-62.88573
-97.84718
-24.70359
-12.21785
-2.418006
3.646495
7.19807
9.286055
10.52194
11.28795
11.71283
11.79452
11.69326
10.29855
10.2573
12.28554
12.70708
9.416606
5.424579
0.9611711
-4.582919
-12.72444
-26.23764
-52.81551
-129.8701
-177.2298
-25.35224
-99.44782
-25.75567
-12.8122
-2.155633
4.087605
7.545464
9.542562
10.71213
11.40591
11.81036
11.87756
11.83136
8.538315
8.483541
9.83853
9.437126
7.031766
4.308768
0.7610543
-3.747768
-9.843981
-18.48874
-30.1825
-48.49471
-96.54335
-46.03491
-69.85785
-30.54621
-7.706648
0.4708177
5.635675
8.604776
10.28706
11.22803
11.73065
12.01714
12.05876
12.03752
7.106892
7.089877
7.3984
6.503277
4.803032
2.838369
0.0763005
-3.091107
-6.619603
-10.45758
-15.70764
-32.43445
-0.8434599
28.83367
-86.53976
-56.13903
-12.57638
2.000317
7.789733
10.34089
11.50389
12.04157
12.26639
12.37309
12.38645
12.35936
5.761276
5.84772
5.002997
3.898932
2.418192
0.7780196
-1.227684
-3.014064
-3.983569
-3.072056
1.984527
23.54742
18.92956
75.82664
-35.89352
-34.7873
-2.726501
8.124882
11.64938
12.86371
13.12885
13.07184
12.92906
12.80782
12.74558
12.71259
4.156735
4.170435
2.262532
1.033085
-0.5145825
-2.034236
-3.473402
-4.175962
-3.322606
0.4844344
8.153031
25.17295
20.54872
29.64815
33.18004
15.22763
15.70485
17.28343
16.78431
15.83841
14.90936
14.13656
13.57151
13.20214
13.02915
12.98815
1.677364
1.505927
-1.151363
-2.554269
-4.333248
-5.9483
-7.205518
-7.500579
-5.759342
-0.4235444
8.342516
22.8845
21.20189
63.71521
56.96683
41.87885
32.11138
25.54523
21.49153
18.51323
16.42495
14.97117
14.00673
13.40941
13.12121
13.07066
-2.045058
-2.456091
-5.501749
-7.210269
-9.424587
-11.48949
-13.22255
-14.24857
-13.02134
-7.610357
1.565334
14.88003
14.73048
14.43858
75.62938
56.44388
40.8183
30.3961
24.36686
20.14383
17.25311
15.30591
14.04689
13.28429
12.90584
12.8485
-7.105342
-7.738307
-10.97044
-13.19947
-16.14478
-19.2267
-22.60196
-25.94021
-26.13999
-21.02474
-11.92751
1.296171
20.01695
44.83476
58.63597
46.20151
41.0669
31.37503
24.9021
20.27658
17.08084
14.92275
13.53468
12.70376
12.28488
12.22769
-13.40676
-14.21324
-17.63904
-20.64722
-24.67252
-29.60551
-35.97843
-41.76867
-42.38213
-37.23992
-28.67859
-20.48733
-5.839717
57.126
62.29125
30.89304
34.61465
28.42855
22.99909
18.79691
15.76312
13.68931
12.36192
11.5815
11.18938
11.14365
-20.80059
-21.67527
-25.46771
-29.48983
-34.94682
-42.48282
-51.71921
-57.98185
-58.17312
-52.4981
-43.68229
-37.37012
-40.91511
-1.632146
15.87904
26.34909
25.53128
22.67641
18.9666
15.72055
13.24558
11.53869
10.46929
9.868692
9.584231
9.564636
-29.2716
-30.33016
-34.35251
-39.47486
-46.61735
-56.97714
-67.34228
-72.28934
-71.14819
-64.64376
-53.17514
-42.46686
-44.26673
9.095254
9.298848
15.33048
16.5947
15.33689
13.22188
11.15336
9.53384
8.451106
7.838882
7.554171
7.467214
7.492216
-38.12
-39.34225
-43.83001
-50.26012
-59.40477
-71.92628
-80.91041
-83.79941
-81.34961
-74.95399
-63.25963
-43.21453
-19.83493
10.15941
6.242667
6.30259
6.628507
6.462291
5.883125
5.144909
4.641792
4.435746
4.490088
4.666176
4.870047
4.962647
-46.9389
-48.36487
-53.44843
-61.35321
-72.92041
-86.68106
-92.86499
-92.95338
-89.81005
-83.53904
-77.58564
-54.3477
-12.92444
-2.462201
-5.557005
-6.312016
-5.480925
-4.35366
-3.3498
-2.413455
-1.45847
-0.4732855
0.4889465
1.284422
1.86929
2.057138
-55.27257
-56.9599
-62.74675
-72.34719
-86.49747
-98.00091
-102.2766
-100.4787
-96.67189
-89.38977
-80.45307
-80.53785
-35.62762
-29.90376
-29.79873
-27.8345
-22.98155
-18.81431
-15.12224
-11.69261
-8.794354
-6.19214
-4.030293
-2.438825
-1.394191
-1.082021
-62.33185
-64.47175
-71.26294
-82.54813
-99.44484
-107.2889
-108.8034
-106.1397
-102.1061
-97.90731
-90.55779
-82.067
-67.05418
-67.74522
-66.02084
-61.96979
-50.9124
-38.54933
-29.92913
-22.88458
-17.2991
-12.51265
-8.8196
-6.249996
-4.679903
-4.218746
-66.92091
-69.82519
-78.23172
-92.50424
-109.3015
-115.0244
-113.0338
-107.5408
-100.7692
-93.42417
-101.6989
-116.2446
-107.7367
-106.4647
-104.5703
-100.2496
-87.37564
-66.42893
-47.72422
-36.16024
-26.68974
-18.99717
-13.45481
-9.757052
-7.614435
-6.960861
-66.95656
-70.87106
-80.89436
-97.79558
-111.5468
-115.8202
-113.6072
-107.6556
-102.7444
-108.5087
-121.308
-121.8826
-127.4758
-133.3631
-134.1796
-129.7926
-119.7447
-99.77566
-69.41701
-50.9087
-36.34444
-25.05854
-17.35283
-12.41684
-9.708984
-8.827043
-59.75778
-64.81161
-77.65754
-96.29107
-108.8961
-111.9858
-109.2099
-104.7972
-94.54119
-96.69173
-124.8985
-129.9359
-138.4875
-145.3994
-148.9261
-147.0848
-140.7467
-124.731
-95.76124
-65.84382
-44.53199
-29.6058
-19.61593
-13.44024
-10.21829
-9.187485
-41.73411
-47.69114
-66.58204
-87.32021
-97.06953
-99.98356
-97.82276
-101.9549
-100.3584
-98.17917
-118.437
-126.0815
-136.9148
-145.7966
-150.7043
-152.7244
-150.2548
-138.8479
-117.5099
-79.79793
-50.76292
-31.77254
-19.39075
-12.09269
-8.347954
-7.286765
-8.532437
-18.30233
-47.27847
-67.9843
-77.73654
-78.53426
-73.32412
-69.18013
-80.09363
-103.4305
-127.8464
-122.9966
-126.5809
-136.4854
-143.5161
-149.4438
-150.9038
-143.5931
-123.6372
-88.73908
-52.56609
-29.26907
-15.02306
-7.643509
-4.092273
-3.165585
49.06493
28.33099
-23.52678
-44.43994
-50.50476
-48.32653
-39.24447
-28.95819
-25.1976
-51.52069
-88.49971
-97.70402
-105.0152
-118.851
-128.3679
-137.7233
-143.8475
-138.2817
-119.1207
-92.95698
-51.88722
-21.99461
-7.06977
-0.4601177
2.244069
2.950098
132.7184
101.1765
15.08862
-15.4893
-16.9503
-10.96691
5.483713
20.38876
42.38409
21.0156
-30.52573
-54.97761
-76.1342
-96.46189
-111.0815
-123.8858
-131.6016
-136.1986
-114.94
-89.04435
-42.15229
-7.084395
4.446934
7.396219
8.704301
9.106007
181.3759
160.1462
93.20854
29.96259
25.44163
28.53713
45.6485
74.63345
114.9032
101.0546
40.45843
-8.650181
-41.02537
-72.87386
-93.98844
-110.0528
-117.419
-113.1068
-97.54407
-84.69773
-40.99047
-5.942139
7.230404
11.0753
12.55751
13.41815
169.0151
160.7848
143.4529
102.2796
73.30604
70.86141
94.31064
172.5422
238.9021
206.5973
100.525
17.66055
-19.54863
-50.61422
-78.85192
-97.32617
-103.1746
-81.58915
-61.27965
-52.39764
-43.14787
-19.15073
-1.106585
7.166351
10.59306
11.14275
156.2602
156.0808
161.0211
116.5217
116.4463
91.56893
153.6194
322.3551
414.9339
341.1958
152.3579
47.41014
-9.466784
-26.23454
-88.43514
-75.61253
-88.88134
-56.16454
-54.05823
-50.04177
-40.21514
-21.14762
-4.121917
5.373127
8.635873
0
