0.0000000 0.0000000
0.0000000 0.0000000
0.0000000 0.0000000
0.0000000 0.0000000
0.0000000 0.0000000
0.0000000 0.0000000
0.0000000 0.0000000
0.0000000 0.0000000
0.0000000 0.0000000
0.0000000 0.0000000
0.0000000 0.0000000
0.0000000 0.0000000
0.0000000 0.0000000
0.0000000 0.0000000
0.0000000 0.0000000
0.0000000 0.0000000
0.0000000 0.0000000
0.0000000 0.0000000
0.0000000 0.0000000
0.0000000 0.0000000
0.0000000 0.0000000
0.0000000 0.0000000
0.0000000 0.0000000
0.0000000 0.0000000
0.0000000 0.0000000
0.0000000 0.0000000
0.0000000 0.0000000
-0.0137226 0.0115271
-0.0204308 0.0280879
-0.0267771 0.0484966
-0.0368433 0.0757734
-0.0546383 0.1152489
-0.0875896 0.1769857
-0.1531752 0.2809663
-0.2973025 0.4627060
-0.6279413 0.7784209
-1.2868255 1.3693738
-2.9457257 0.8370055
5.9653282 0.3533694
5.9887228 -0.3730450
-3.1685386 -1.3334066
-1.8422980 -1.2046834
-0.7771456 -0.5641827
-0.3706170 -0.3610433
-0.1958088 -0.2463265
-0.1115969 -0.1678551
-0.0682675 -0.1143091
-0.0448184 -0.0773284
-0.0316630 -0.0507790
-0.0241844 -0.0306533
-0.0186400 -0.0146360
0.0000000 0.0000000
0.0000000 0.0000000
-0.0290352 0.0144443
-0.0417915 0.0319544
-0.0543160 0.0531832
-0.0743242 0.0807735
-0.1090848 0.1189702
-0.1716446 0.1748429
-0.2898286 0.2607770
-0.5269780 0.4001357
-1.0417484 0.5950486
-2.2211440 0.3859566
6.0295429 -0.0390183
5.0967708 -0.2754416
5.2515397 -0.5025706
6.4628253 -0.3248690
-1.9689901 -0.0817615
-1.0181651 -0.1537866
-0.5370435 -0.1871424
-0.3031685 -0.1665638
-0.1827157 -0.1310655
-0.1170169 -0.0975509
-0.0796961 -0.0697476
-0.0579826 -0.0472230
-0.0449368 -0.0286344
-0.0332435 -0.0127558
0.0000000 0.0000000
0.0000000 0.0000000
-0.0416246 0.0120882
-0.0585317 0.0252189
-0.0746908 0.0399444
-0.0997359 0.0569575
-0.1413662 0.0763299
-0.2117042 0.0960304
-0.3329802 0.1057779
-0.5460593 0.0631900
-0.9199780 -0.1387842
-1.6273333 -0.5069503
-2.2948515 -0.8370785
7.3783503 -0.6057236
7.8446445 0.2565604
-1.3663526 0.8257052
-0.9906772 0.5911599
-0.7287205 0.1749978
-0.4770666 0.0158356
-0.3079246 -0.0423517
-0.2031966 -0.0567079
-0.1390505 -0.0530058
-0.0996181 -0.0429129
-0.0753232 -0.0311635
-0.0598096 -0.0194505
-0.0442513 -0.0084995
0.0000000 0.0000000
0.0000000 0.0000000
-0.0500048 0.0077981
-0.0686639 0.0149980
-0.0851995 0.0214395
-0.1094399 0.0258483
-0.1471107 0.0246562
-0.2050055 0.0090696
-0.2916700 -0.0415486
-0.4139985 -0.1688486
-0.5602809 -0.4530743
-0.6133287 -0.9505539
-0.4474665 -1.0608120
0.0150511 -0.3082761
0.3060486 0.6810102
0.0777880 1.0147250
-0.2469272 0.6916890
-0.3642604 0.3384825
-0.3237568 0.1454691
-0.2493872 0.0509363
-0.1848647 0.0072751
-0.1374876 -0.0104719
-0.1048466 -0.0152546
-0.0831002 -0.0137590
-0.0680943 -0.0093834
-0.0509395 -0.0040408
0.0000000 0.0000000
0.0000000 0.0000000
-0.0538842 0.0032692
-0.0721315 0.0048321
-0.0864169 0.0039845
-0.1056594 -0.0015766
-0.1328231 -0.0165644
-0.1690447 -0.0498241
-0.2118476 -0.1174076
-0.2474056 -0.2462912
-0.2329086 -0.4548300
-0.0372660 -0.6352849
0.3673095 -0.5488653
0.6187150 -0.1176382
0.5477798 0.3916149
0.2492668 0.6004747
-0.0078285 0.4986044
-0.1492649 0.3233132
-0.1877326 0.1858468
-0.1755580 0.0986504
-0.1481720 0.0481257
-0.1210278 0.0206511
-0.0990418 0.0068776
-0.0827613 0.0009952
-0.0702785 -0.0005763
-0.0533938 -0.0001772
0.0000000 0.0000000
0.0000000 0.0000000
-0.0537882 -0.0005671
-0.0701134 -0.0033709
-0.0807582 -0.0092185
-0.0933585 -0.0204145
-0.1087343 -0.0407697
-0.1246502 -0.0760353
-0.1342580 -0.1332368
-0.1217397 -0.2149501
-0.0525779 -0.3037469
0.1352825 -0.3513842
0.3380270 -0.2768221
0.4454557 -0.0674696
0.3618931 0.1765832
0.2146282 0.3184852
0.0627691 0.3194784
-0.0439427 0.2512432
-0.0972627 0.1733888
-0.1129887 0.1106680
-0.1093970 0.0669049
-0.0986285 0.0387312
-0.0869330 0.0215443
-0.0767826 0.0115368
-0.0676891 0.0059688
-0.0523246 0.0026965
0.0000000 0.0000000
0.0000000 0.0000000
-0.0506792 -0.0032795
-0.0643258 -0.0088538
-0.0711227 -0.0173010
-0.0775286 -0.0303378
-0.0832787 -0.0502790
-0.0852360 -0.0794836
-0.0769610 -0.1189684
-0.0473243 -0.1650272
0.0196543 -0.2026681
0.1291078 -0.2064317
0.2310756 -0.1503122
0.2766411 -0.0373146
0.2413059 0.0894053
0.1641577 0.1763596
0.0759993 0.2011929
0.0030232 0.1810121
-0.0442456 0.1422055
-0.0682526 0.1027299
-0.0765669 0.0701718
-0.0763481 0.0459967
-0.0725101 0.0291491
-0.0676715 0.0177548
-0.0619077 0.0100311
-0.0486928 0.0044813
0.0000000 0.0000000
0.0000000 0.0000000
-0.0456255 -0.0048067
-0.0564410 -0.0116915
-0.0599499 -0.0208870
-0.0616460 -0.0333860
-0.0610197 -0.0502441
-0.0554187 -0.0719739
-0.0405051 -0.0973752
-0.0106814 -0.1218274
0.0387954 -0.1359241
0.1011587 -0.1272222
0.1552356 -0.0875172
0.1785182 -0.0219723
0.1640261 0.0496621
0.1225422 0.1039952
0.0702576 0.1288145
0.0215952 0.1272364
-0.0153123 0.1098721
-0.0389380 0.0868747
-0.0516790 0.0646695
-0.0570993 0.0459607
-0.0583323 0.0313116
-0.0573890 0.0202688
-0.0543625 0.0118945
-0.0434764 0.0052614
0.0000000 0.0000000
0.0000000 0.0000000
-0.0395531 -0.0053255
-0.0477620 -0.0124397
-0.0488386 -0.0211926
-0.0474923 -0.0320594
-0.0433749 -0.0452924
-0.0346903 -0.0605341
-0.0190632 -0.0761691
0.0057432 -0.0885306
0.0396709 -0.0921771
0.0770595 -0.0814981
0.1075787 -0.0539991
0.1212317 -0.0136975
0.1145723 0.0295008
0.0913428 0.0645527
0.0594970 0.0845495
0.0270795 0.0890996
-0.0003825 0.0824462
-0.0206210 0.0698024
-0.0338834 0.0553612
-0.0416520 0.0417249
-0.0456544 0.0299183
-0.0471914 0.0201122
-0.0461584 0.0120502
-0.0374713 0.0052678
0.0000000 0.0000000
0.0000000 0.0000000
-0.0331465 -0.0051042
-0.0391417 -0.0117560
-0.0386308 -0.0194809
-0.0356295 -0.0283655
-0.0300358 -0.0383311
-0.0208204 -0.0486907
-0.0069014 -0.0580182
0.0122551 -0.0639379
0.0354172 -0.0633496
0.0589023 -0.0537763
0.0772783 -0.0347934
0.0857596 -0.0089413
0.0823990 0.0184779
0.0687368 0.0416450
0.0487393 0.0567219
0.0269142 0.0626633
0.0068542 0.0609490
-0.0094555 0.0543176
-0.0214897 0.0452554
-0.0296953 0.0356013
-0.0348791 0.0264967
-0.0377369 0.0183143
-0.0379977 0.0110737
-0.0312520 0.0047495
0.0000000 0.0000000
0.0000000 0.0000000
-0.0268468 -0.0044254
-0.0310365 -0.0102342
-0.0296289 -0.0167251
-0.0259618 -0.0237346
-0.0201242 -0.0310171
-0.0116384 -0.0379789
-0.0001087 -0.0434722
0.0142699 -0.0460079
0.0302909 -0.0440188
0.0456201 -0.0363079
0.0572711 -0.0230573
0.0627410 -0.0060239
0.0609068 0.0119801
0.0524934 0.0276862
0.0395416 0.0387008
0.0246322 0.0442453
0.0100487 0.0447091
-0.0027043 0.0413531
-0.0129154 0.0357517
-0.0205546 0.0290870
-0.0259196 0.0222045
-0.0293041 0.0156218
-0.0302885 0.0094762
-0.0251911 0.0039216
0.0000000 0.0000000
0.0000000 0.0000000
-0.0208976 -0.0035233
-0.0236451 -0.0083611
-0.0218408 -0.0136018
-0.0181459 -0.0190221
-0.0127415 -0.0242846
-0.0054701 -0.0288948
0.0036933 -0.0321483
0.0143689 -0.0330370
0.0256175 -0.0307573
0.0359224 -0.0248979
0.0435873 -0.0156130
0.0472131 -0.0040751
0.0461611 0.0079524
0.0407675 0.0187397
0.0321500 0.0267660
0.0218185 0.0313007
0.0112035 0.0325309
0.0014220 0.0309935
-0.0069070 0.0274980
-0.0135440 0.0229303
-0.0185152 0.0178500
-0.0218980 0.0126549
-0.0232098 0.0076168
-0.0194842 0.0029847
0.0000000 0.0000000
0.0000000 0.0000000
-0.0154070 -0.0025683
-0.0170196 -0.0064551
-0.0151506 -0.0105917
-0.0117854 -0.0146835
-0.0071468 -0.0184914
-0.0012173 -0.0215730
0.0058805 -0.0234579
0.0137537 -0.0236420
0.0217093 -0.0215861
0.0287871 -0.0171739
0.0339638 -0.0107157
0.0364138 -0.0028142
0.0357781 0.0054170
0.0322113 0.0128193
0.0263560 0.0186055
0.0191160 0.0221947
0.0114045 0.0234839
0.0039957 0.0228582
-0.0025888 0.0207162
-0.0080835 0.0175347
-0.0123881 0.0138127
-0.0154393 0.0098203
-0.0168107 0.0057789
-0.0142177 0.0020632
0.0000000 0.0000000
0.0000000 0.0000000
-0.0104146 -0.0017037
-0.0111341 -0.0047210
-0.0094111 -0.0079404
-0.0065795 -0.0110168
-0.0028120 -0.0137325
0.0018303 -0.0158483
0.0071872 -0.0169664
0.0129329 -0.0168005
0.0185684 -0.0151731
0.0234705 -0.0119383
0.0270067 -0.0073612
0.0286827 -0.0019712
0.0282754 0.0036991
0.0258734 0.0088821
0.0218458 0.0129571
0.0167475 0.0156792
0.0111784 0.0168732
0.0056592 0.0166261
0.0005978 0.0152862
-0.0037554 0.0130999
-0.0072698 0.0103442
-0.0098374 0.0073082
-0.0110818 0.0041545
-0.0094221 0.0012499
0.0000000 0.0000000
0.0000000 0.0000000
-0.0059444 -0.0010079
-0.0059679 -0.0033160
-0.0045067 -0.0057689
-0.0022885 -0.0080936
0.0005952 -0.0100551
0.0040731 -0.0114766
0.0079914 -0.0122027
0.0121000 -0.0119463
0.0160459 -0.0106426
0.0194224 -0.0083484
0.0218343 -0.0051230
0.0229771 -0.0013430
0.0227059 0.0025242
0.0210752 0.0061506
0.0183067 0.0090889
0.0147410 0.0110503
0.0107730 0.0120393
0.0067703 0.0120254
0.0030138 0.0111268
-0.0002797 0.0096009
-0.0029793 0.0075922
-0.0049760 0.0052685
-0.0060041 0.0028358
-0.0051182 0.0006212
0.0000000 0.0000000
0.0000000 0.0000000
-0.0020192 -0.0005215
-0.0015108 -0.0022905
-0.0003773 -0.0041696
0.0012214 -0.0058943
0.0032736 -0.0073553
0.0057281 -0.0083488
0.0084696 -0.0087701
0.0113040 -0.0085575
0.0139886 -0.0075637
0.0162698 -0.0058614
0.0178789 -0.0036310
0.0186337 -0.0009695
0.0184464 0.0017792
0.0173423 0.0042856
0.0154679 0.0063965
0.0130347 0.0078750
0.0102880 0.0086042
0.0074891 0.0086787
0.0048442 0.0081140
0.0025100 0.0070031
0.0005936 0.0055296
-0.0008099 0.0037773
-0.0015585 0.0018866
-0.0013000 0.0002079
0.0000000 0.0000000
0.0000000 0.0000000
0.0013142 -0.0002899
0.0022148 -0.0016549
0.0029965 -0.0031253
0.0040030 -0.0044380
0.0053217 -0.0054881
0.0069036 -0.0062255
0.0086780 -0.0064887
0.0105165 -0.0062488
0.0122511 -0.0055296
0.0137080 -0.0042664
0.0147362 -0.0026029
0.0152120 -0.0007437
0.0150777 0.0012362
0.0143526 0.0030835
0.0131239 0.0045828
0.0115325 0.0057061
0.0097404 0.0063216
0.0079102 0.0063993
0.0061904 0.0060432
0.0047015 0.0052727
0.0035165 0.0041574
0.0026848 0.0028202
0.0022471 0.0013478
0.0019954 0.0000325
0.0000000 0.0000000
0.0000000 0.0000000
0.0039990 -0.0002984
0.0051542 -0.0014201
0.0055991 -0.0025728
0.0060796 -0.0036098
0.0067546 -0.0044012
0.0076248 -0.0048986
0.0086294 -0.0050867
0.0096855 -0.0048509
0.0106987 -0.0042248
0.0115497 -0.0032905
0.0121460 -0.0020185
0.0124102 -0.0005739
0.0123147 0.0008736
0.0118649 0.0022819
0.0111150 0.0034773
0.0101603 0.0043325
0.0090991 0.0048714
0.0080460 0.0050265
0.0070959 0.0047979
0.0063270 0.0042724
0.0057970 0.0034557
0.0055182 0.0024025
0.0053910 0.0012082
0.0047540 0.0001073
0.0000000 0.0000000
0.0000000 0.0000000
0.0059704 -0.0005176
0.0072513 -0.0015298
0.0073934 -0.0024905
0.0074375 -0.0032980
0.0075939 -0.0039271
0.0078957 -0.0042725
0.0083057 -0.0043290
0.0087759 -0.0041157
0.0092458 -0.0035575
0.0096493 -0.0027244
0.0099261 -0.0017163
0.0100374 -0.0005276
0.0099669 0.0006925
0.0097143 0.0018107
0.0093233 0.0028179
0.0088357 0.0035970
0.0083342 0.0040838
0.0078819 0.0043145
0.0075489 0.0042575
0.0073949 0.0039151
0.0074383 0.0033375
0.0076706 0.0025115
0.0078812 0.0014781
0.0069829 0.0004288
0.0000000 0.0000000
0.0000000 0.0000000
0.0071738 -0.0009236
0.0084590 -0.0019011
0.0083469 -0.0027593
0.0080533 -0.0034317
0.0078291 -0.0038944
0.0077074 -0.0041538
0.0076814 -0.0041251
0.0077311 -0.0038268
0.0078094 -0.0033084
0.0079021 -0.0025275
0.0079599 -0.0015742
0.0079628 -0.0005437
0.0079106 0.0005587
0.0078000 0.0016149
0.0076601 0.0025207
0.0075161 0.0032881
0.0074195 0.0038386
0.0074119 0.0041448
0.0075503 0.0042474
0.0078725 0.0041199
0.0084169 0.0037538
0.0091259 0.0031247
0.0097024 0.0021792
0.0086886 0.0009985
0.0000000 0.0000000
0.0000000 0.0000000
0.0075905 -0.0014461
0.0087574 -0.0024787
0.0084474 -0.0032593
0.0079316 -0.0038570
0.0074548 -0.0042202
0.0070661 -0.0043492
0.0067615 -0.0042626
0.0065344 -0.0039079
0.0063656 -0.0033157
0.0062479 -0.0025536
0.0061610 -0.0016005
0.0061029 -0.0005525
0.0060580 0.0004989
0.0060467 0.0015482
0.0060703 0.0024962
0.0061558 0.0032829
0.0063226 0.0039189
0.0066111 0.0043713
0.0070710 0.0046328
0.0077418 0.0047390
0.0086921 0.0046494
0.0098863 0.0042766
0.0109237 0.0034093
0.0099533 0.0018623
0.0000000 0.0000000
0.0000000 0.0000000
0.0072634 -0.0020237
0.0081696 -0.0031473
0.0077180 -0.0039024
0.0070936 -0.0044041
0.0065115 -0.0047025
0.0059879 -0.0047494
0.0055461 -0.0045583
0.0051766 -0.0041537
0.0048786 -0.0035021
0.0046478 -0.0026583
0.0044874 -0.0016873
0.0043939 -0.0006015
0.0043628 0.0005161
0.0044074 0.0015848
0.0045219 0.0025921
0.0047314 0.0034718
0.0050434 0.0041941
0.0054804 0.0047831
0.0060933 0.0052424
0.0069528 0.0055992
0.0081717 0.0058781
0.0098707 0.0060000
0.0117002 0.0055352
0.0111064 0.0033733
0.0000000 0.0000000
0.0000000 0.0000000
0.0062606 -0.0025804
0.0066624 -0.0037088
0.0061847 -0.0044415
0.0055878 -0.0048608
0.0050221 -0.0050564
0.0045051 -0.0050454
0.0040525 -0.0047887
0.0036599 -0.0043038
0.0033388 -0.0036232
0.0030841 -0.0027402
0.0029049 -0.0017111
0.0028045 -0.0006036
0.0027894 0.0005497
0.0028541 0.0016751
0.0030077 0.0027117
0.0032489 0.0036446
0.0035847 0.0044482
0.0040350 0.0051305
0.0046248 0.0057461
0.0054407 0.0063487
0.0066514 0.0070271
0.0086850 0.0079427
0.0121300 0.0091505
0.0143138 0.0080548
0.0000000 0.0000000
0.0000000 0.0000000
0.0039935 -0.0025124
0.0042534 -0.0037464
0.0038216 -0.0041124
0.0033903 -0.0043629
0.0029878 -0.0044725
0.0026183 -0.0044048
0.0022761 -0.0041528
0.0019781 -0.0037014
0.0017281 -0.0030681
0.0015300 -0.0022939
0.0013949 -0.0013963
0.0013198 -0.0004265
0.0013124 0.0005597
0.0013757 0.0015285
0.0015030 0.0024304
0.0016946 0.0032355
0.0019517 0.0039464
0.0022735 0.0045775
0.0026768 0.0051837
0.0032030 0.0058542
0.0039259 0.0066847
0.0052592 0.0080101
0.0097195 0.0119464
0.0225029 0.0212960
0.0000000 0.0000000
0.0000000 0.0000000
0.0000000 0.0000000
0.0000000 0.0000000
0.0000000 0.0000000
0.0000000 0.0000000
0.0000000 0.0000000
0.0000000 0.0000000
0.0000000 0.0000000
0.0000000 0.0000000
0.0000000 0.0000000
0.0000000 0.0000000
0.0000000 0.0000000
0.0000000 0.0000000
0.0000000 0.0000000
0.0000000 0.0000000
0.0000000 0.0000000
0.0000000 0.0000000
0.0000000 0.0000000
0.0000000 0.0000000
0.0000000 0.0000000
0.0000000 0.0000000
0.0000000 0.0000000
0.0000000 0.0000000
0.0000000 0.0000000
0.0000000 0.0000000
0.0000000 0.0000000
0.0000000 0.0000000
-0.0118198 0.0041594
0.0000000 0.0000000
-0.0224332 0.0040769
-0.0047572 0.0228100
-0.0097916 0.0302931
0.0000000 0.0000000
-0.0195426 0.0212636
-0.0083990 0.0491213
-0.0112263 0.0582216
0.0000000 0.0000000
-0.0216658 0.0416569
-0.0115939 0.0830736
-0.0150240 0.0936355
0.0000000 0.0000000
-0.0270436 0.0675828
-0.0162808 0.1301024
-0.0221301 0.1429193
0.0000000 0.0000000
-0.0369867 0.1031988
-0.0243385 0.2004772
-0.0353990 0.2162791
0.0000000 0.0000000
-0.0546940 0.1555028
-0.0386893 0.3146795
-0.0617124 0.3323442
0.0000000 0.0000000
-0.0872522 0.2363163
-0.0655412 0.5184562
-0.1196108 0.5294300
0.0000000 0.0000000
-0.1514999 0.3675363
-0.1243782 0.9182396
-0.2559719 0.9064482
0.0000000 0.0000000
-0.2837712 0.6148102
-0.2844738 1.7253094
-0.5382020 1.7467937
0.0000000 0.0000000
-0.5347789 1.2498412
-0.6516826 3.2522075
-0.9540659 3.5503454
0.0000000 0.0000000
-0.9543720 3.0841880
-0.2042036 6.3407202
-2.9798915 5.7582264
0.0000000 0.0000000
4.5178494 1.0664797
2.7911537 -0.2811762
3.9546065 1.3048022
0.0000000 0.0000000
4.7948794 1.1690760
2.8750098 -4.4903131
-4.0805697 -4.9053063
0.0000000 0.0000000
6.5477233 -0.4715180
-1.1821473 -3.2211649
-0.9531004 -5.3241286
0.0000000 0.0000000
-3.2655978 -3.5429091
0.1529505 -2.3456364
-0.3154448 -1.9708059
0.0000000 0.0000000
-1.4013078 -1.9691008
-0.0602054 -1.3294913
-0.1611659 -0.9875396
0.0000000 0.0000000
-0.6161762 -0.9465337
-0.0663468 -0.7385557
-0.0920584 -0.5749885
0.0000000 0.0000000
-0.2970424 -0.4998158
-0.0407151 -0.4388748
-0.0505646 -0.3522280
0.0000000 0.0000000
-0.1592482 -0.2929890
-0.0251579 -0.2766102
-0.0293332 -0.2240921
0.0000000 0.0000000
-0.0929041 -0.1831174
-0.0168200 -0.1799961
-0.0186535 -0.1460806
0.0000000 0.0000000
-0.0582311 -0.1182545
-0.0121068 -0.1179496
-0.0130350 -0.0950600
0.0000000 0.0000000
-0.0391464 -0.0766947
-0.0094337 -0.0752542
-0.0100526 -0.0590489
0.0000000 0.0000000
-0.0283636 -0.0479115
-0.0080717 -0.0434981
-0.0086313 -0.0313310
0.0000000 0.0000000
-0.0224215 -0.0262097
-0.0076137 -0.0178760
-0.0091578 -0.0063159
0.0000000 0.0000000
-0.0207625 -0.0068605
0.0000000 0.0000000
0.0000000 0.0000000
-0.0347520 0.0055813
-0.0435075 0.0042679
-0.0247122 0.0186552
-0.0344856 0.0242546
-0.0404685 0.0204664
-0.0338470 0.0403376
-0.0416122 0.0456720
-0.0469276 0.0387376
-0.0445125 0.0675568
-0.0561156 0.0722157
-0.0605722 0.0605118
-0.0621352 0.1046776
-0.0823200 0.1072593
-0.0850901 0.0873347
-0.0928766 0.1593342
-0.1302149 0.1557513
-0.1290081 0.1201874
-0.1485145 0.2461106
-0.2221177 0.2249034
-0.2111051 0.1563797
-0.2545374 0.3948496
-0.4118427 0.3239068
-0.3766395 0.1761958
-0.4702554 0.6725969
-0.8474285 0.4527828
-0.7468378 0.0894706
-0.9603403 1.2442566
-1.9651922 0.6123180
-1.6330010 -0.3259346
-2.3558960 2.2249308
-4.8527851 1.8577068
-3.8701789 -0.8371745
3.1729608 0.2599668
3.2373543 1.5969545
5.7208982 1.3197892
2.2778640 -0.1437168
2.9877689 0.2359060
4.2354026 0.7791589
2.1149065 -1.3381653
3.1541483 -1.0836691
4.5338397 -0.4734316
3.2006559 -2.2834554
-4.5481915 -1.5779277
-2.2197452 0.6212437
-2.0505562 -0.2504077
-1.8361617 -1.2492443
-1.2009584 -0.4465618
-0.8261033 -0.3490914
-0.7683293 -0.6934142
-0.6777542 -0.4501434
-0.4001790 -0.3251530
-0.3691523 -0.4112234
-0.3873209 -0.3209428
-0.2157990 -0.2488953
-0.1985631 -0.2601754
-0.2308828 -0.2199403
-0.1264979 -0.1792035
-0.1166765 -0.1709774
-0.1449448 -0.1508274
-0.0799881 -0.1260570
-0.0742828 -0.1142030
-0.0961584 -0.1033421
-0.0544858 -0.0867540
-0.0512580 -0.0756135
-0.0677553 -0.0696300
-0.0401419 -0.0571128
-0.0385876 -0.0475599
-0.0511841 -0.0445099
-0.0321097 -0.0337087
-0.0322316 -0.0255414
-0.0422865 -0.0245622
-0.0259875 -0.0141414
-0.0333340 -0.0057675
-0.0413976 -0.0060643
0.0000000 0.0000000
0.0000000 0.0000000
-0.0540226 0.0041600
-0.0599650 0.0028876
-0.0396030 0.0155983
-0.0532629 0.0180422
-0.0569943 0.0141635
-0.0524325 0.0322939
-0.0632823 0.0334189
-0.0662296 0.0260588
-0.0668444 0.0522709
-0.0828721 0.0510081
-0.0846722 0.0381294
-0.0900777 0.0776530
-0.1167813 0.0714000
-0.1165815 0.0490112
-0.1288294 0.1112311
-0.1749729 0.0943180
-0.1711952 0.0543784
-0.1942216 0.1565895
-0.2765816 0.1163175
-0.2667921 0.0421326
-0.3062873 0.2162718
-0.4572076 0.1254678
-0.4395075 -0.0172861
-0.4997737 0.2758340
-0.7741018 0.0966941
-0.7577329 -0.1851378
-0.8139105 0.2218955
-1.3170562 -0.0634564
-1.3571520 -0.6845142
-1.1932968 -0.1396510
-2.0857759 -1.0601330
-2.3506989 -2.2884421
-2.6008179 -0.2040302
5.3515077 -0.7015845
6.0069160 -3.2926950
3.0706079 -1.6068575
3.3502753 0.5490061
7.2733335 0.1866078
2.6238048 -0.9423844
4.6509624 0.7531768
9.1278200 2.9381831
-3.9949019 1.0677798
-3.2505400 0.9717909
-0.4225769 2.6098132
-2.1468723 0.8369821
-1.6880450 -0.1419459
-0.6126671 0.7681391
-1.0375532 0.2195445
-0.8746620 -0.2417894
-0.4973042 0.1229485
-0.5456691 -0.0208143
-0.4750645 -0.2040593
-0.3480982 -0.0530729
-0.3116197 -0.0837460
-0.2759267 -0.1553206
-0.2358559 -0.0859050
-0.1907060 -0.0874109
-0.1711037 -0.1141255
-0.1617429 -0.0793314
-0.1243621 -0.0735978
-0.1131614 -0.0819452
-0.1145607 -0.0634485
-0.0864701 -0.0560943
-0.0801237 -0.0569849
-0.0849514 -0.0468490
-0.0644078 -0.0391740
-0.0612837 -0.0371203
-0.0668678 -0.0317228
-0.0513846 -0.0237159
-0.0515989 -0.0205561
-0.0571072 -0.0181681
-0.0407352 -0.0096960
-0.0531564 -0.0048104
-0.0579955 -0.0045372
0.0000000 0.0000000
0.0000000 0.0000000
-0.0679196 0.0024714
-0.0706783 0.0012065
-0.0502485 0.0112952
-0.0658482 0.0110933
-0.0674921 0.0068217
-0.0646663 0.0217493
-0.0762200 0.0199843
-0.0773436 0.0118659
-0.0797452 0.0327913
-0.0959156 0.0283277
-0.0961440 0.0145230
-0.1029508 0.0439983
-0.1280403 0.0346357
-0.1269135 0.0118521
-0.1392832 0.0532059
-0.1783918 0.0353683
-0.1755774 -0.0020612
-0.1952320 0.0535311
-0.2548032 0.0227234
-0.2510647 -0.0385052
-0.2787804 0.0245363
-0.3632382 -0.0206365
-0.3639207 -0.1190090
-0.3941097 -0.0860135
-0.4931804 -0.1416810
-0.5185422 -0.2892489
-0.5277100 -0.3770349
-0.5691978 -0.4459289
-0.6984754 -0.6227826
-0.5682976 -1.0746676
-0.3706304 -1.3704724
-0.6666456 -1.4549364
-0.0639325 -1.8138573
0.8097243 -1.7959484
0.3194021 -1.1597705
1.6365627 -0.3357319
1.4190229 -0.1573987
0.5971565 -0.1777276
1.1814662 0.9632597
0.6495385 1.7254144
0.4696050 1.4531728
0.1215110 1.4367402
-0.2728546 1.5728600
-0.2129081 1.2566458
-0.9175983 0.6482353
-0.7084189 0.5625415
-0.3245735 0.7324710
-0.7179641 0.3324674
-0.5887958 0.1365829
-0.3162959 0.3257269
-0.4742358 0.1321701
-0.4045968 -0.0040823
-0.2618673 0.1143536
-0.3087954 0.0308875
-0.2697675 -0.0444474
-0.2017147 0.0228046
-0.2058896 -0.0115215
-0.1831569 -0.0501525
-0.1522201 -0.0119602
-0.1426156 -0.0250879
-0.1291128 -0.0440090
-0.1159733 -0.0219724
-0.1035895 -0.0256012
-0.0957154 -0.0343154
-0.0910269 -0.0215392
-0.0795599 -0.0204469
-0.0756076 -0.0240281
-0.0748997 -0.0168495
-0.0645868 -0.0130404
-0.0649928 -0.0140077
-0.0661418 -0.0105518
-0.0511520 -0.0049458
-0.0673169 -0.0033428
-0.0690408 -0.0027295
0.0000000 0.0000000
0.0000000 0.0000000
-0.0755586 0.0009497
-0.0755146 -0.0002295
-0.0562485 0.0064297
-0.0719238 0.0044151
-0.0717959 0.0003457
-0.0703854 0.0105828
-0.0806609 0.0072656
-0.0803574 -0.0003191
-0.0836161 0.0131068
-0.0967888 0.0077195
-0.0959909 -0.0045518
-0.1026818 0.0118264
-0.1211114 0.0032846
-0.1196599 -0.0154282
-0.1301249 0.0019434
-0.1547236 -0.0105787
-0.1529103 -0.0378565
-0.1673710 -0.0267018
-0.1963157 -0.0422520
-0.1956561 -0.0794375
-0.2131157 -0.0944562
-0.2359590 -0.1063443
-0.2408432 -0.1491408
-0.2569984 -0.2414007
-0.2384917 -0.2243552
-0.2592253 -0.2493124
-0.2566516 -0.5414585
-0.0871924 -0.4516270
-0.1493856 -0.3679398
-0.1106079 -1.0187013
0.4554298 -1.1028757
0.3208830 -0.6026628
0.7377476 -0.7524487
1.0101732 -0.9423158
0.7363931 -0.5236973
1.5106442 -0.0271481
1.2987858 -0.1388995
0.7966818 -0.1512530
1.5433521 0.7955429
0.8864165 1.0382111
0.3421606 0.4453177
0.4441469 0.7192435
0.2289574 0.9823737
0.0218302 0.6260484
-0.1993038 0.5080563
-0.1840902 0.5828530
-0.1280956 0.5060542
-0.3492503 0.3214886
-0.2962636 0.2782706
-0.1772297 0.3170976
-0.3147705 0.1809108
-0.2714632 0.1149826
-0.1761410 0.1705439
-0.2447863 0.0897911
-0.2150585 0.0377451
-0.1545444 0.0816837
-0.1832757 0.0379171
-0.1637811 0.0038866
-0.1287798 0.0339469
-0.1377560 0.0114593
-0.1252625 -0.0091219
-0.1059849 0.0104508
-0.1062177 -0.0002896
-0.0985546 -0.0121950
-0.0883778 0.0001073
-0.0851767 -0.0039628
-0.0812483 -0.0106639
-0.0761895 -0.0033645
-0.0710944 -0.0033346
-0.0718331 -0.0070596
-0.0696008 -0.0033595
-0.0568602 -0.0007184
-0.0752142 -0.0017675
-0.0743434 -0.0009957
0.0000000 0.0000000
0.0000000 0.0000000
-0.0773775 -0.0002496
-0.0751855 -0.0011951
-0.0579056 0.0019053
-0.0723017 -0.0011103
-0.0707917 -0.0044201
-0.0704789 0.0008198
-0.0783661 -0.0030353
-0.0769492 -0.0090375
-0.0804758 -0.0031051
-0.0893424 -0.0081693
-0.0877102 -0.0172726
-0.0936104 -0.0125003
-0.1042823 -0.0190447
-0.1023323 -0.0315493
-0.1104914 -0.0320206
-0.1215137 -0.0395986
-0.1194323 -0.0550645
-0.1295435 -0.0694123
-0.1361492 -0.0757164
-0.1345165 -0.0913455
-0.1454319 -0.1366818
-0.1364456 -0.1356770
-0.1359286 -0.1433237
-0.1460005 -0.2465798
-0.0992263 -0.2312702
-0.0984989 -0.2109351
-0.1123399 -0.3929968
0.0076365 -0.3750906
0.0286345 -0.2778949
-0.0282417 -0.5103742
0.1790334 -0.5520119
0.2797805 -0.3239754
0.3232044 -0.3579318
0.4295513 -0.4384598
0.4679838 -0.2507709
0.6510500 -0.0167125
0.5700011 -0.0538059
0.4736867 -0.0516146
0.7578957 0.3342859
0.5190839 0.4181928
0.2814406 0.1955162
0.3916357 0.4058924
0.2485636 0.5306962
0.0990750 0.3271436
0.0516140 0.3549582
0.0071107 0.4216965
-0.0223095 0.3221261
-0.1223338 0.2641506
-0.1195705 0.2699279
-0.0850408 0.2478764
-0.1729937 0.1768197
-0.1568506 0.1534480
-0.1083586 0.1650676
-0.1670529 0.1090584
-0.1507010 0.0804810
-0.1097853 0.1002909
-0.1434792 0.0628031
-0.1304575 0.0389600
-0.1014323 0.0570277
-0.1187230 0.0339565
-0.1093652 0.0167413
-0.0903869 0.0305367
-0.0982336 0.0173082
-0.0920708 0.0056223
-0.0801880 0.0152757
-0.0829309 0.0084207
-0.0796956 0.0007263
-0.0724564 0.0068659
-0.0716185 0.0041979
-0.0727765 -0.0008681
-0.0684131 0.0023717
-0.0581840 0.0024834
-0.0772867 -0.0003659
-0.0745734 0.0003779
0.0000000 0.0000000
0.0000000 0.0000000
-0.0745332 -0.0010144
-0.0709028 -0.0016423
-0.0560360 -0.0016309
-0.0684146 -0.0050200
-0.0659207 -0.0073040
-0.0664257 -0.0063274
-0.0716885 -0.0101550
-0.0694216 -0.0141548
-0.0728897 -0.0140871
-0.0776480 -0.0184317
-0.0752896 -0.0240165
-0.0802266 -0.0270616
-0.0845518 -0.0319072
-0.0819152 -0.0385033
-0.0880174 -0.0484572
-0.0898751 -0.0532030
-0.0868215 -0.0592663
-0.0936734 -0.0822297
-0.0888482 -0.0855864
-0.0851133 -0.0876415
-0.0919573 -0.1315078
-0.0735254 -0.1321233
-0.0680060 -0.1232646
-0.0739187 -0.1945174
-0.0329355 -0.1926621
-0.0214979 -0.1614535
-0.0276368 -0.2573529
0.0412832 -0.2585441
0.0728213 -0.1903108
0.0557903 -0.2759737
0.1436575 -0.2928158
0.1961364 -0.1886423
0.2164692 -0.1881970
0.2610210 -0.2129776
0.2847990 -0.1312310
0.3612937 -0.0182911
0.3297784 -0.0232283
0.2842615 -0.0210504
0.4009272 0.1514117
0.3055819 0.1862601
0.2060233 0.1021748
0.2738985 0.2311485
0.1903487 0.2866902
0.1063876 0.1836335
0.1059604 0.2352490
0.0600643 0.2761464
0.0233362 0.2037542
-0.0173017 0.1991829
-0.0332576 0.2135880
-0.0315176 0.1795188
-0.0808818 0.1508681
-0.0812555 0.1459599
-0.0613310 0.1375451
-0.1027078 0.1057916
-0.0972483 0.0924514
-0.0737652 0.0962288
-0.1029418 0.0701498
-0.0964318 0.0555627
-0.0760446 0.0633178
-0.0946399 0.0445397
-0.0890010 0.0319932
-0.0734456 0.0397296
-0.0845237 0.0272865
-0.0804186 0.0175688
-0.0692964 0.0237810
-0.0754482 0.0162051
-0.0732717 0.0089420
-0.0655565 0.0132830
-0.0676410 0.0091659
-0.0692055 0.0038005
-0.0638498 0.0062257
-0.0559860 0.0044906
-0.0746469 0.0006752
-0.0708452 0.0012492
0.0000000 0.0000000
0.0000000 0.0000000
-0.0684588 -0.0013489
-0.0640163 -0.0016560
-0.0516834 -0.0039311
-0.0618133 -0.0072649
-0.0586919 -0.0085343
-0.0597853 -0.0106184
-0.0627469 -0.0141294
-0.0598716 -0.0162420
-0.0631398 -0.0199096
-0.0647465 -0.0235795
-0.0618108 -0.0261401
-0.0658453 -0.0332866
-0.0659690 -0.0369909
-0.0627206 -0.0391595
-0.0671834 -0.0523247
-0.0641466 -0.0557898
-0.0602814 -0.0559127
-0.0647752 -0.0783031
-0.0558497 -0.0810046
-0.0508028 -0.0763200
-0.0546824 -0.1107947
-0.0364090 -0.1123628
-0.0290240 -0.0987547
-0.0315890 -0.1451888
-0.0009583 -0.1465782
0.0112174 -0.1187011
0.0094238 -0.1690762
0.0508025 -0.1724546
0.0716154 -0.1278513
0.0733805 -0.1612730
0.1148752 -0.1684423
0.1369955 -0.1156311
0.1561010 -0.1055986
0.1755711 -0.1122331
0.1809125 -0.0745573
0.2242507 -0.0141856
0.2087960 -0.0107556
0.1828054 -0.0100939
0.2378580 0.0772664
0.1945544 0.0961171
0.1466234 0.0589090
0.1849468 0.1355060
0.1381117 0.1630886
0.0918161 0.1099152
0.1001691 0.1540581
0.0660711 0.1777398
0.0381937 0.1314604
0.0226204 0.1441019
0.0039594 0.1565423
-0.0036544 0.1268729
-0.0300231 0.1199955
-0.0374190 0.1214519
-0.0314540 0.1072139
-0.0582658 0.0923351
-0.0593780 0.0869658
-0.0474077 0.0827747
-0.0696201 0.0670792
-0.0679652 0.0589508
-0.0550420 0.0598824
-0.0715209 0.0466619
-0.0691154 0.0382643
-0.0576538 0.0412013
-0.0691105 0.0312102
-0.0669975 0.0238021
-0.0577399 0.0269232
-0.0652851 0.0199217
-0.0642053 0.0138180
-0.0570431 0.0162851
-0.0608048 0.0117218
-0.0627036 0.0067387
-0.0571839 0.0082371
-0.0513482 0.0054200
-0.0686972 0.0012569
-0.0644187 0.0016233
0.0000000 0.0000000
0.0000000 0.0000000
-0.0604819 -0.0013172
-0.0556959 -0.0013484
-0.0458273 -0.0050537
-0.0538065 -0.0080861
-0.0503548 -0.0085067
-0.0518425 -0.0124240
-0.0530647 -0.0155001
-0.0498283 -0.0161363
-0.0528427 -0.0217257
-0.0523677 -0.0247936
-0.0490739 -0.0251635
-0.0523450 -0.0337391
-0.0501257 -0.0367171
-0.0465427 -0.0360325
-0.0497445 -0.0491039
-0.0446533 -0.0517941
-0.0404852 -0.0488069
-0.0432605 -0.0676758
-0.0337653 -0.0699525
-0.0285895 -0.0627981
-0.0304341 -0.0878712
-0.0150930 -0.0896867
-0.0082666 -0.0762343
-0.0085964 -0.1054535
0.0128827 -0.1072321
0.0222260 -0.0858258
0.0241758 -0.1124555
0.0490991 -0.1148804
0.0604520 -0.0865488
0.0674986 -0.0997905
0.0890069 -0.1025155
0.0976469 -0.0736333
0.1139833 -0.0633949
0.1230677 -0.0640138
0.1215497 -0.0452570
0.1480201 -0.0103348
0.1397597 -0.0056115
0.1238832 -0.0054360
0.1536853 0.0434756
0.1313907 0.0549294
0.1053474 0.0362634
0.1275913 0.0828564
0.1006400 0.0982576
0.0739703 0.0691272
0.0819237 0.1017474
0.0586797 0.1158155
0.0396176 0.0868631
0.0339838 0.1026221
0.0180108 0.1115992
0.0093912 0.0893595
-0.0046281 0.0918678
-0.0137130 0.0949224
-0.0136027 0.0809269
-0.0304586 0.0758722
-0.0346369 0.0742171
-0.0291998 0.0671081
-0.0451547 0.0589944
-0.0464501 0.0546851
-0.0387729 0.0520341
-0.0521136 0.0436703
-0.0520091 0.0383811
-0.0440736 0.0381151
-0.0544705 0.0309026
-0.0539396 0.0255701
-0.0467315 0.0263640
-0.0543802 0.0206163
-0.0542183 0.0157801
-0.0480603 0.0167306
-0.0525509 0.0123497
-0.0546419 0.0081042
-0.0494403 0.0087498
-0.0452604 0.0054946
-0.0607744 0.0014215
-0.0564506 0.0015784
0.0000000 0.0000000
0.0000000 0.0000000
-0.0516533 -0.0010013
-0.0468380 -0.0008291
-0.0392703 -0.0052450
-0.0453491 -0.0078499
-0.0417800 -0.0076666
-0.0435384 -0.0123979
-0.0435875 -0.0150169
-0.0401902 -0.0146206
-0.0429514 -0.0208502
-0.0412987 -0.0233768
-0.0378701 -0.0223972
-0.0405460 -0.0308895
-0.0372722 -0.0333023
-0.0336347 -0.0310746
-0.0359267 -0.0425640
-0.0303829 -0.0447546
-0.0263435 -0.0404426
-0.0279545 -0.0553084
-0.0194148 -0.0571718
-0.0147621 -0.0497985
-0.0152739 -0.0673962
-0.0033460 -0.0690265
0.0021219 -0.0576000
0.0032321 -0.0757630
0.0179649 -0.0772380
0.0242004 -0.0616552
0.0278028 -0.0760911
0.0431071 -0.0773753
0.0489750 -0.0593225
0.0564914 -0.0644225
0.0685024 -0.0651239
0.0713991 -0.0483883
0.0840352 -0.0400925
0.0886536 -0.0389621
0.0855268 -0.0287527
0.1024993 -0.0073641
0.0977690 -0.0031427
0.0874515 -0.0032093
0.1051876 0.0261533
0.0926324 0.0335427
0.0771963 0.0232900
0.0908182 0.0527599
0.0745840 0.0619979
0.0583781 0.0451291
0.0644815 0.0682510
0.0488865 0.0770292
0.0360752 0.0585903
0.0342971 0.0727856
0.0219291 0.0789795
0.0146278 0.0630621
0.0070210 0.0689187
-0.0014535 0.0718161
-0.0033678 0.0601251
-0.0139610 0.0600391
-0.0190837 0.0600034
-0.0170231 0.0524880
-0.0282302 0.0491626
-0.0309688 0.0469852
-0.0265930 0.0428360
-0.0369377 0.0381561
-0.0382138 0.0348692
-0.0328868 0.0329030
-0.0417115 0.0280608
-0.0422571 0.0243970
-0.0368370 0.0236500
-0.0439053 0.0192781
-0.0444024 0.0156096
-0.0393111 0.0154799
-0.0439235 0.0116652
-0.0460579 0.0082074
-0.0413941 0.0082369
-0.0385445 0.0049824
-0.0519497 0.0012521
-0.0478202 0.0012212
0.0000000 0.0000000
0.0000000 0.0000000
-0.0426882 -0.0005090
-0.0380175 -0.0002005
-0.0325554 -0.0048023
-0.0370273 -0.0069247
-0.0334943 -0.0063641
-0.0354378 -0.0112272
-0.0347800 -0.0133940
-0.0313820 -0.0123983
-0.0339267 -0.0184373
-0.0317475 -0.0205147
-0.0283496 -0.0187834
-0.0305933 -0.0264635
-0.0270687 -0.0283871
-0.0235784 -0.0255409
-0.0252640 -0.0350525
-0.0200810 -0.0368240
-0.0164084 -0.0322907
-0.0172899 -0.0435455
-0.0101849 -0.0450902
-0.0062649 -0.0384081
-0.0060328 -0.0506572
0.0029252 -0.0519117
0.0070366 -0.0428750
0.0087992 -0.0542940
0.0188959 -0.0553424
0.0228628 -0.0442126
0.0267290 -0.0522235
0.0364153 -0.0528563
0.0393624 -0.0410437
0.0458944 -0.0428793
0.0530151 -0.0426837
0.0535753 -0.0325568
0.0629423 -0.0263334
0.0654962 -0.0248724
0.0624022 -0.0189141
0.0737369 -0.0051592
0.0708570 -0.0019172
0.0638453 -0.0019676
0.0751254 0.0164891
0.0675781 0.0214791
0.0578104 0.0153678
0.0665822 0.0346313
0.0563769 0.0404677
0.0460380 0.0301825
0.0505077 0.0465599
0.0399365 0.0521423
0.0312392 0.0401852
0.0309472 0.0516414
0.0217186 0.0559477
0.0160464 0.0446058
0.0117950 0.0510243
0.0046760 0.0533618
0.0023324 0.0441606
-0.0044357 0.0463692
-0.0094243 0.0468343
-0.0089566 0.0401115
-0.0168030 0.0394399
-0.0200239 0.0384522
-0.0176031 0.0339417
-0.0254650 0.0317260
-0.0274118 0.0297098
-0.0238629 0.0269890
-0.0310937 0.0240324
-0.0322443 0.0215188
-0.0282058 0.0199748
-0.0344088 0.0168000
-0.0353034 0.0141277
-0.0311690 0.0132987
-0.0355580 0.0101852
-0.0376062 0.0074648
-0.0335226 0.0070765
-0.0317417 0.0041334
-0.0429651 0.0008326
-0.0391521 0.0006814
0.0000000 0.0000000
0.0000000 0.0000000
-0.0340066 0.0000744
-0.0295702 0.0004446
-0.0260318 -0.0039731
-0.0291740 -0.0056466
-0.0257657 -0.0048896
-0.0278451 -0.0094634
-0.0268227 -0.0111885
-0.0235352 -0.0099226
-0.0259088 -0.0153609
-0.0236266 -0.0170401
-0.0203829 -0.0150486
-0.0223324 -0.0215661
-0.0190020 -0.0231275
-0.0157631 -0.0201558
-0.0170859 -0.0277982
-0.0126047 -0.0291733
-0.0093666 -0.0250077
-0.0098680 -0.0334069
-0.0041986 -0.0346362
-0.0009987 -0.0290080
-0.0004466 -0.0374861
0.0061835 -0.0384787
0.0092108 -0.0314759
0.0110760 -0.0388666
0.0180588 -0.0395095
0.0205826 -0.0316295
0.0240543 -0.0362571
0.0303716 -0.0365275
0.0318095 -0.0286202
0.0370711 -0.0290704
0.0415057 -0.0286675
0.0411715 -0.0221870
0.0480401 -0.0177311
0.0495541 -0.0163426
0.0469177 -0.0127432
0.0547138 -0.0036415
0.0528853 -0.0012595
0.0479686 -0.0012924
0.0555019 0.0108156
0.0507256 0.0141421
0.0442233 0.0103873
0.0501372 0.0232364
0.0434848 0.0271092
0.0365961 0.0204779
0.0398633 0.0321099
0.0325997 0.0357560
0.0265772 0.0277902
0.0268442 0.0367405
0.0200344 0.0396380
0.0157574 0.0316218
0.0133259 0.0373986
0.0076251 0.0392263
0.0054390 0.0321049
0.0010347 0.0350939
-0.0033469 0.0356594
-0.0035667 0.0300289
-0.0090986 0.0307781
-0.0122556 0.0303162
-0.0109229 0.0261523
-0.0168552 0.0253690
-0.0189951 0.0241805
-0.0166027 0.0212658
-0.0224078 0.0196221
-0.0238200 0.0179137
-0.0207950 0.0160460
-0.0260700 0.0138786
-0.0271352 0.0119342
-0.0237776 0.0107876
-0.0277719 0.0083295
-0.0296302 0.0062618
-0.0260971 0.0056282
-0.0251850 0.0031428
-0.0342679 0.0002802
-0.0308041 0.0000490
0.0000000 0.0000000
0.0000000 0.0000000
-0.0258258 0.0006507
-0.0216684 0.0010240
-0.0198798 -0.0030121
-0.0219162 -0.0042695
-0.0186941 -0.0034630
-0.0208827 -0.0074844
-0.0197370 -0.0088579
-0.0166294 -0.0075245
-0.0188740 -0.0122043
-0.0167359 -0.0135078
-0.0137123 -0.0115569
-0.0154773 -0.0169070
-0.0125658 -0.0181492
-0.0096433 -0.0154004
-0.0107655 -0.0213472
-0.0070672 -0.0224605
-0.0042672 -0.0188206
-0.0046175 -0.0250947
-0.0002154 -0.0260015
0.0023739 -0.0214963
0.0029589 -0.0274377
0.0078322 -0.0281887
0.0100663 -0.0228639
0.0117429 -0.0277017
0.0166238 -0.0281680
0.0182455 -0.0224779
0.0211209 -0.0253341
0.0253584 -0.0253625
0.0260306 -0.0200252
0.0301074 -0.0199829
0.0329759 -0.0195679
0.0323337 -0.0152842
0.0373904 -0.0120550
0.0383314 -0.0110040
0.0361832 -0.0086458
0.0416954 -0.0025811
0.0404983 -0.0008044
0.0369376 -0.0009034
0.0421636 0.0072231
0.0390417 0.0094690
0.0345257 0.0070587
0.0386796 0.0158833
0.0342067 0.0184052
0.0294325 0.0140782
0.0318865 0.0222921
0.0268241 0.0247743
0.0225342 0.0192673
0.0230158 0.0260874
0.0180297 0.0280511
0.0148136 0.0223355
0.0134223 0.0272268
0.0089792 0.0285135
0.0071242 0.0231677
0.0042321 0.0261012
0.0005887 0.0266665
0.0001074 0.0220623
-0.0037988 0.0234142
-0.0066054 0.0232132
-0.0058828 0.0196126
-0.0103303 0.0196854
-0.0123805 0.0189305
-0.0107239 0.0162367
-0.0153221 0.0153915
-0.0167512 0.0142633
-0.0144383 0.0123411
-0.0188290 0.0109211
-0.0199067 0.0095201
-0.0171632 0.0082835
-0.0206968 0.0064355
-0.0222963 0.0048637
-0.0192408 0.0041492
-0.0190412 0.0021445
-0.0260738 -0.0003115
-0.0229659 -0.0005790
0.0000000 0.0000000
0.0000000 0.0000000
-0.0182367 0.0011512
-0.0143885 0.0014845
-0.0141748 -0.0020633
-0.0153001 -0.0029680
-0.0123210 -0.0022221
-0.0145836 -0.0056114
-0.0134556 -0.0066760
-0.0105850 -0.0054403
-0.0127240 -0.0092674
-0.0108734 -0.0103087
-0.0081195 -0.0085300
-0.0097711 -0.0128294
-0.0073582 -0.0137677
-0.0047587 -0.0114279
-0.0058004 -0.0159955
-0.0028705 -0.0168699
-0.0004838 -0.0138682
-0.0008197 -0.0184638
0.0025340 -0.0191969
0.0046306 -0.0156174
0.0050953 -0.0198699
0.0086538 -0.0203721
0.0103228 -0.0164325
0.0116671 -0.0196961
0.0150996 -0.0200256
0.0161720 -0.0159207
0.0184351 -0.0176874
0.0213215 -0.0177041
0.0215932 -0.0139505
0.0246879 -0.0138415
0.0266053 -0.0134207
0.0259099 -0.0105900
0.0296292 -0.0083057
0.0302424 -0.0075270
0.0285140 -0.0059409
0.0324962 -0.0017633
0.0316863 -0.0005626
0.0290385 -0.0005799
0.0327924 0.0048767
0.0307051 0.0064715
0.0274437 0.0048015
0.0304668 0.0109150
0.0274207 0.0125912
0.0239883 0.0096819
0.0258939 0.0155836
0.0223299 0.0172004
0.0191972 0.0134293
0.0197733 0.0184593
0.0161362 0.0198522
0.0136784 0.0156855
0.0129379 0.0196131
0.0095654 0.0205115
0.0080313 0.0165221
0.0061537 0.0191604
0.0032407 0.0195739
0.0026993 0.0159979
-0.0000372 0.0174154
-0.0023826 0.0173797
-0.0020020 0.0143562
-0.0052915 0.0148316
-0.0070818 0.0143427
-0.0059160 0.0120085
-0.0094822 0.0116842
-0.0107822 0.0108954
-0.0089956 0.0091633
-0.0125646 0.0082238
-0.0135378 0.0072362
-0.0112815 0.0060387
-0.0143286 0.0046756
-0.0156243 0.0034856
-0.0129925 0.0027930
-0.0133772 0.0012546
-0.0184905 -0.0008650
-0.0157299 -0.0011231
0.0000000 0.0000000
0.0000000 0.0000000
-0.0112887 0.0015070
-0.0078016 0.0017500
-0.0089755 -0.0012408
-0.0093403 -0.0018857
-0.0066435 -0.0012430
-0.0089361 -0.0040015
-0.0079191 -0.0048040
-0.0053481 -0.0037735
-0.0073721 -0.0068108
-0.0058661 -0.0076245
-0.0034259 -0.0061358
-0.0049822 -0.0094466
-0.0030827 -0.0102055
-0.0008306 -0.0082633
-0.0018360 -0.0117514
0.0004067 -0.0123839
0.0024053 -0.0100518
0.0020207 -0.0134160
0.0045056 -0.0139845
0.0061770 -0.0112422
0.0064753 -0.0142202
0.0090440 -0.0146300
0.0102921 -0.0116696
0.0112993 -0.0139654
0.0137139 -0.0141325
0.0144184 -0.0112467
0.0161248 -0.0123946
0.0181099 -0.0123893
0.0181599 -0.0097513
0.0204918 -0.0095677
0.0217820 -0.0092883
0.0210989 -0.0072987
0.0238659 -0.0057682
0.0242806 -0.0051309
0.0228662 -0.0041203
0.0257996 -0.0012514
0.0252600 -0.0004136
0.0232219 -0.0004077
0.0260098 0.0033789
0.0245873 0.0044229
0.0221403 0.0033444
0.0244392 0.0075162
0.0223515 0.0087133
0.0197810 0.0066606
0.0213336 0.0108676
0.0188432 0.0119531
0.0164636 0.0093328
0.0171088 0.0130721
0.0144839 0.0139819
0.0125716 0.0110416
0.0122776 0.0140032
0.0097741 0.0146852
0.0084977 0.0116884
0.0073522 0.0138633
0.0051239 0.0141580
0.0045715 0.0114378
0.0027267 0.0127574
0.0008667 0.0127350
0.0010442 0.0103762
-0.0013240 0.0109093
-0.0027814 0.0106176
-0.0019544 0.0086685
-0.0046432 0.0086000
-0.0057210 0.0080410
-0.0043346 0.0065841
-0.0071450 0.0059805
-0.0079492 0.0052481
-0.0061021 0.0042198
-0.0086541 0.0031986
-0.0096106 0.0023015
-0.0073662 0.0016817
-0.0082218 0.0005328
-0.0115443 -0.0013124
-0.0091218 -0.0015330
0.0000000 0.0000000
0.0000000 0.0000000
-0.0050313 0.0016683
-0.0019753 0.0017903
-0.0043026 -0.0006313
-0.0040438 -0.0010925
-0.0016983 -0.0006130
-0.0039604 -0.0027387
-0.0031048 -0.0033738
-0.0008748 -0.0025522
-0.0027571 -0.0048983
-0.0016127 -0.0055099
0.0004669 -0.0043826
-0.0009852 -0.0068679
0.0004237 -0.0074642
0.0023106 -0.0059700
0.0013378 -0.0085069
0.0029768 -0.0090291
0.0046070 -0.0072317
0.0041637 -0.0096974
0.0059511 -0.0100747
0.0072566 -0.0080921
0.0073798 -0.0101813
0.0091850 -0.0104892
0.0100936 -0.0083420
0.0108034 -0.0098698
0.0124756 -0.0100197
0.0129184 -0.0079263
0.0141734 -0.0087410
0.0155293 -0.0086523
0.0154409 -0.0068749
0.0171687 -0.0067099
0.0180457 -0.0064863
0.0174009 -0.0051037
0.0194704 -0.0039875
0.0197434 -0.0035616
0.0185644 -0.0028215
0.0207712 -0.0009185
0.0204155 -0.0002484
0.0187914 -0.0002991
0.0209171 0.0023079
0.0199699 0.0030408
0.0180593 0.0023267
0.0198793 0.0052594
0.0184521 0.0060458
0.0164644 0.0046909
0.0177845 0.0075827
0.0160683 0.0083937
0.0142014 0.0065233
0.0149108 0.0092223
0.0130760 0.0098527
0.0115223 0.0077851
0.0115742 0.0100161
0.0097780 0.0104646
0.0086930 0.0083327
0.0081029 0.0099537
0.0064778 0.0102190
0.0059291 0.0081668
0.0047939 0.0092404
0.0034151 0.0092257
0.0034265 0.0074485
0.0018408 0.0079455
0.0007421 0.0077249
0.0013034 0.0062404
-0.0006144 0.0062152
-0.0014244 0.0058313
-0.0003766 0.0046627
-0.0024802 0.0042281
-0.0030701 0.0036727
-0.0015885 0.0028680
-0.0036369 0.0020885
-0.0042553 0.0013721
-0.0023801 0.0008942
-0.0035907 0.0000197
-0.0052522 -0.0015950
-0.0031842 -0.0017477
0.0000000 0.0000000
0.0000000 0.0000000
0.0004539 0.0015958
0.0029898 0.0015787
-0.0002152 -0.0002766
0.0005417 -0.0006173
0.0024601 -0.0003285
0.0003317 -0.0018944
0.0010013 -0.0024097
0.0028186 -0.0018481
0.0011316 -0.0035400
0.0019257 -0.0040503
0.0036057 -0.0032243
0.0023030 -0.0050450
0.0032712 -0.0054793
0.0047583 -0.0044480
0.0038574 -0.0062442
0.0049765 -0.0066526
0.0062272 -0.0053711
0.0057659 -0.0070476
0.0069812 -0.0073637
0.0079400 -0.0059298
0.0079390 -0.0073988
0.0091615 -0.0075579
0.0097767 -0.0061107
0.0102448 -0.0071176
0.0113634 -0.0072043
0.0115882 -0.0057550
0.0125005 -0.0062179
0.0134001 -0.0061625
0.0132048 -0.0049074
0.0144911 -0.0048062
0.0150748 -0.0045411
0.0144480 -0.0036611
0.0160093 -0.0028638
0.0161973 -0.0025194
0.0151750 -0.0020093
0.0168772 -0.0006435
0.0166424 -0.0001726
0.0153045 -0.0001560
0.0169789 0.0015699
0.0163604 0.0021818
0.0148081 0.0016524
0.0163105 0.0036770
0.0153817 0.0042610
0.0137646 0.0033654
0.0149535 0.0054052
0.0138050 0.0059596
0.0122829 0.0047338
0.0130560 0.0065620
0.0118267 0.0070819
0.0105274 0.0056246
0.0108523 0.0072013
0.0096424 0.0075358
0.0086676 0.0060718
0.0085383 0.0072515
0.0074342 0.0074332
0.0068730 0.0060163
0.0063161 0.0067396
0.0053839 0.0067794
0.0052556 0.0054886
0.0043412 0.0058238
0.0036051 0.0056646
0.0039163 0.0046138
0.0027028 0.0045598
0.0021719 0.0042557
0.0029104 0.0034300
0.0014748 0.0030288
0.0011245 0.0026020
0.0022582 0.0020175
0.0007171 0.0013688
0.0004408 0.0007710
0.0019503 0.0004545
0.0004873 -0.0002346
0.0003205 -0.0016717
0.0020341 -0.0017347
0.0000000 0.0000000
0.0000000 0.0000000
0.0050555 0.0012738
0.0069701 0.0011041
0.0032054 -0.0001776
0.0043322 -0.0004892
0.0057634 -0.0003718
0.0038742 -0.0014642
0.0043520 -0.0018842
0.0056918 -0.0015945
0.0042794 -0.0027481
0.0047500 -0.0031778
0.0059812 -0.0026757
0.0048818 -0.0038802
0.0054639 -0.0042585
0.0065320 -0.0035763
0.0057579 -0.0048056
0.0064455 -0.0050796
0.0073063 -0.0042877
0.0068798 -0.0053789
0.0076369 -0.0056091
0.0082572 -0.0046677
0.0082004 -0.0055572
0.0089623 -0.0056862
0.0092996 -0.0047037
0.0096138 -0.0053549
0.0103191 -0.0053229
0.0103444 -0.0044255
0.0110096 -0.0046582
0.0115767 -0.0045610
0.0112766 -0.0037343
0.0122484 -0.0035444
0.0126105 -0.0033268
0.0119938 -0.0027135
0.0131900 -0.0021730
0.0133156 -0.0017936
0.0124013 -0.0015063
0.0137370 -0.0005395
0.0135997 -0.0001279
0.0124489 -0.0001020
0.0138114 0.0011316
0.0134274 0.0015996
0.0121363 0.0013057
0.0134087 0.0026304
0.0128335 0.0031697
0.0114821 0.0025507
0.0125819 0.0039361
0.0118820 0.0043912
0.0105864 0.0036126
0.0114345 0.0048754
0.0106750 0.0052702
0.0095404 0.0043579
0.0100841 0.0053589
0.0093475 0.0056889
0.0084503 0.0047062
0.0086905 0.0054616
0.0080329 0.0056307
0.0074254 0.0047313
0.0073684 0.0051654
0.0068363 0.0052061
0.0065666 0.0043957
0.0062319 0.0044905
0.0058467 0.0044126
0.0059231 0.0037304
0.0053502 0.0035498
0.0051051 0.0033147
0.0055346 0.0028247
0.0047460 0.0023855
0.0046319 0.0020117
0.0054164 0.0016846
0.0043952 0.0010557
0.0044481 0.0005220
0.0055884 0.0003685
0.0039825 -0.0002401
0.0051377 -0.0015238
0.0064977 -0.0014881
0.0000000 0.0000000
0.0000000 0.0000000
0.0086416 0.0007205
0.0098407 0.0004061
0.0058867 -0.0003379
0.0072497 -0.0006745
0.0081250 -0.0007359
0.0065857 -0.0013992
0.0068775 -0.0018068
0.0077018 -0.0017275
0.0066432 -0.0024562
0.0068380 -0.0028056
0.0075731 -0.0026177
0.0067550 -0.0033466
0.0070118 -0.0036663
0.0076318 -0.0033235
0.0070501 -0.0040207
0.0073871 -0.0042600
0.0078552 -0.0038039
0.0075344 -0.0044608
0.0079256 -0.0045768
0.0082038 -0.0040841
0.0081573 -0.0045567
0.0085721 -0.0046112
0.0086481 -0.0040339
0.0088837 -0.0042993
0.0092675 -0.0042496
0.0091130 -0.0036876
0.0096189 -0.0037634
0.0099405 -0.0035597
0.0095427 -0.0031103
0.0102935 -0.0028675
0.0105045 -0.0026096
0.0098689 -0.0022363
0.0108181 -0.0017305
0.0108881 -0.0013868
0.0100488 -0.0011779
0.0111219 -0.0005091
0.0110526 -0.0000453
0.0100388 -0.0000657
0.0111783 0.0008057
0.0109733 0.0012542
0.0098455 0.0010938
0.0109674 0.0020336
0.0106553 0.0024948
0.0094987 0.0021661
0.0105316 0.0030350
0.0101548 0.0035124
0.0090209 0.0030252
0.0099245 0.0038316
0.0095356 0.0042056
0.0085024 0.0036919
0.0092379 0.0043155
0.0088830 0.0046148
0.0080155 0.0040814
0.0085559 0.0044499
0.0082709 0.0046782
0.0076055 0.0041619
0.0079678 0.0043037
0.0077885 0.0043941
0.0073563 0.0039928
0.0075457 0.0038717
0.0074784 0.0038443
0.0073057 0.0035385
0.0073257 0.0031674
0.0073700 0.0030146
0.0074837 0.0028122
0.0073196 0.0022546
0.0074458 0.0019238
0.0078787 0.0018472
0.0073902 0.0011670
0.0077355 0.0006283
0.0085235 0.0006505
0.0068722 0.0000213
0.0091409 -0.0011555
0.0101667 -0.0010307
0.0000000 0.0000000
0.0000000 0.0000000
0.0110736 -0.0000280
0.0115055 -0.0004560
0.0077339 -0.0007114
0.0091960 -0.0011144
0.0094816 -0.0013382
0.0083993 -0.0016732
0.0085257 -0.0020819
0.0088028 -0.0022005
0.0081584 -0.0025524
0.0081262 -0.0029017
0.0083556 -0.0029264
0.0078859 -0.0033026
0.0078904 -0.0035500
0.0080460 -0.0035136
0.0077273 -0.0038258
0.0077940 -0.0040126
0.0078571 -0.0038625
0.0077104 -0.0041007
0.0078277 -0.0041913
0.0077787 -0.0039733
0.0078211 -0.0041453
0.0079692 -0.0040933
0.0077757 -0.0038740
0.0080171 -0.0038696
0.0081747 -0.0037515
0.0078336 -0.0034820
0.0082708 -0.0033146
0.0084030 -0.0030933
0.0079094 -0.0028446
0.0085240 -0.0025690
0.0086172 -0.0022087
0.0079624 -0.0020534
0.0087387 -0.0015841
0.0087788 -0.0011880
0.0079795 -0.0010716
0.0088747 -0.0004817
0.0088478 -0.0000294
0.0079384 -0.0000082
0.0089067 0.0005993
0.0088255 0.0011263
0.0078335 0.0010212
0.0088359 0.0016791
0.0087148 0.0021597
0.0076854 0.0020132
0.0086732 0.0026127
0.0085433 0.0030703
0.0075396 0.0028656
0.0084681 0.0033191
0.0083485 0.0037596
0.0073959 0.0035079
0.0082605 0.0038294
0.0081953 0.0041624
0.0073335 0.0039624
0.0081143 0.0040807
0.0081316 0.0043417
0.0073975 0.0041854
0.0080946 0.0040634
0.0082171 0.0042591
0.0076206 0.0041695
0.0082525 0.0038239
0.0084887 0.0038982
0.0080513 0.0039210
0.0086285 0.0033523
0.0089558 0.0032876
0.0087140 0.0033848
0.0091864 0.0026335
0.0095717 0.0023529
0.0096159 0.0024954
0.0097191 0.0016830
0.0103250 0.0010997
0.0107776 0.0012798
0.0091801 0.0005529
0.0123132 -0.0005891
0.0131209 -0.0003722
0.0000000 0.0000000
0.0000000 0.0000000
0.0122706 -0.0009074
0.0119288 -0.0014131
0.0086891 -0.0012368
0.0101062 -0.0017644
0.0098224 -0.0020897
0.0092625 -0.0021888
0.0092492 -0.0026057
0.0089761 -0.0028898
0.0087982 -0.0029878
0.0086046 -0.0033293
0.0083278 -0.0035337
0.0082523 -0.0036023
0.0080748 -0.0038463
0.0077804 -0.0039852
0.0077801 -0.0040327
0.0076535 -0.0041499
0.0073266 -0.0042551
0.0074139 -0.0042108
0.0073383 -0.0042490
0.0069658 -0.0042644
0.0071554 -0.0041321
0.0071174 -0.0040604
0.0066893 -0.0040314
0.0069941 -0.0038437
0.0069862 -0.0036214
0.0064758 -0.0035929
0.0069073 -0.0032701
0.0069188 -0.0029800
0.0063224 -0.0029113
0.0068771 -0.0024883
0.0068881 -0.0021023
0.0062098 -0.0020353
0.0068769 -0.0015858
0.0068840 -0.0010873
0.0061173 -0.0010733
0.0068870 -0.0005411
0.0068918 -0.0000264
0.0060535 -0.0000044
0.0069014 0.0005316
0.0069063 0.0010707
0.0060214 0.0010617
0.0069205 0.0015257
0.0069289 0.0020989
0.0060125 0.0020474
0.0069497 0.0024547
0.0069800 0.0029561
0.0060572 0.0029325
0.0070034 0.0032168
0.0070819 0.0036783
0.0061888 0.0036667
0.0071286 0.0037723
0.0072673 0.0041947
0.0064126 0.0042091
0.0073527 0.0041455
0.0075878 0.0044840
0.0067766 0.0045929
0.0077332 0.0043155
0.0080957 0.0046043
0.0073349 0.0048008
0.0083251 0.0042617
0.0088414 0.0045091
0.0081236 0.0048077
0.0091953 0.0040093
0.0098536 0.0041435
0.0091948 0.0045314
0.0103441 0.0035067
0.0110541 0.0033536
0.0105901 0.0037325
0.0114729 0.0026674
0.0123057 0.0019708
0.0124004 0.0022658
0.0110796 0.0014102
0.0147270 0.0001006
0.0156468 0.0003801
0.0000000 0.0000000
0.0000000 0.0000000
0.0121893 -0.0018318
0.0111789 -0.0023575
0.0087232 -0.0018603
0.0099701 -0.0025391
0.0091931 -0.0029243
0.0091514 -0.0028577
0.0090387 -0.0033209
0.0082519 -0.0036599
0.0085621 -0.0036228
0.0082666 -0.0039390
0.0075106 -0.0042643
0.0078585 -0.0041650
0.0075805 -0.0043905
0.0068663 -0.0046464
0.0072176 -0.0044835
0.0069721 -0.0045933
0.0062886 -0.0047969
0.0066499 -0.0045920
0.0064576 -0.0045629
0.0057959 -0.0047407
0.0061821 -0.0044399
0.0060314 -0.0043162
0.0053732 -0.0044207
0.0058012 -0.0040378
0.0056890 -0.0037972
0.0050295 -0.0038637
0.0055097 -0.0034501
0.0054365 -0.0030662
0.0047506 -0.0031224
0.0052995 -0.0026261
0.0052590 -0.0021724
0.0045445 -0.0021816
0.0051635 -0.0016545
0.0051579 -0.0011242
0.0044151 -0.0011143
0.0051043 -0.0006176
0.0051189 -0.0000015
0.0043379 -0.0000026
0.0050977 0.0004840
0.0051484 0.0010863
0.0043406 0.0011234
0.0051615 0.0015482
0.0052511 0.0021530
0.0044232 0.0022034
0.0052971 0.0025040
0.0054268 0.0030948
0.0045883 0.0031513
0.0055126 0.0033471
0.0056970 0.0038622
0.0048471 0.0039826
0.0058225 0.0040289
0.0060855 0.0044923
0.0052333 0.0046628
0.0062551 0.0045261
0.0066195 0.0049620
0.0057595 0.0052102
0.0068598 0.0048784
0.0073783 0.0052974
0.0064800 0.0056813
0.0077085 0.0050817
0.0084554 0.0055368
0.0074775 0.0060739
0.0089192 0.0050894
0.0099846 0.0056069
0.0088417 0.0062961
0.0106608 0.0048560
0.0119960 0.0051878
0.0106818 0.0058484
0.0128011 0.0042374
0.0140430 0.0035250
0.0132566 0.0037873
0.0132371 0.0028909
0.0164521 0.0004903
0.0180890 0.0003746
0.0000000 0.0000000
0.0000000 0.0000000
0.0108717 -0.0027460
0.0096496 -0.0031841
0.0078190 -0.0025226
0.0088577 -0.0033696
0.0076234 -0.0036379
0.0081184 -0.0036448
0.0079404 -0.0041045
0.0066882 -0.0043759
0.0074756 -0.0043502
0.0071566 -0.0046670
0.0059719 -0.0049001
0.0067567 -0.0048399
0.0064392 -0.0050250
0.0053483 -0.0052326
0.0060681 -0.0050901
0.0057867 -0.0051765
0.0047945 -0.0053213
0.0054529 -0.0050978
0.0052052 -0.0050643
0.0042941 -0.0051640
0.0049034 -0.0048883
0.0047009 -0.0047102
0.0038580 -0.0047851
0.0044386 -0.0044209
0.0042804 -0.0041339
0.0034877 -0.0041566
0.0040585 -0.0037228
0.0039447 -0.0033182
0.0031912 -0.0033154
0.0037686 -0.0028562
0.0036984 -0.0023226
0.0029596 -0.0023192
0.0035669 -0.0018118
0.0035444 -0.0012204
0.0028143 -0.0011844
0.0034578 -0.0006729
0.0034858 -0.0000240
0.0027567 0.0000205
0.0034513 0.0004803
0.0035208 0.0011704
0.0027811 0.0012072
0.0035281 0.0016303
0.0036442 0.0022872
0.0028921 0.0023513
0.0037045 0.0026913
0.0038789 0.0033150
0.0031025 0.0033908
0.0039786 0.0036228
0.0041994 0.0042058
0.0034012 0.0042952
0.0043498 0.0044239
0.0046472 0.0049342
0.0038108 0.0050824
0.0048472 0.0050891
0.0052367 0.0055683
0.0043430 0.0057807
0.0054837 0.0056326
0.0060323 0.0061455
0.0050584 0.0064797
0.0063578 0.0061037
0.0071955 0.0067712
0.0060614 0.0073411
0.0076209 0.0065057
0.0090556 0.0075694
0.0075559 0.0085158
0.0096730 0.0066873
0.0122650 0.0083738
0.0097273 0.0095889
0.0133122 0.0064704
0.0167817 0.0073815
0.0124593 0.0073043
0.0174608 0.0057586
0.0198496 0.0004096
0.0176332 -0.0048294
0.0000000 0.0000000
0.0000000 0.0000000
0.0085379 -0.0037987
0.0079440 -0.0038520
0.0059015 -0.0034160
0.0069867 -0.0042911
0.0050271 -0.0035193
0.0062577 -0.0045430
0.0060989 -0.0048912
0.0042301 -0.0043995
0.0056946 -0.0051762
0.0053898 -0.0054182
0.0037324 -0.0048771
0.0050491 -0.0055568
0.0047582 -0.0057334
0.0032987 -0.0050984
0.0044471 -0.0057495
0.0041761 -0.0058189
0.0028801 -0.0051283
0.0038850 -0.0057084
0.0036531 -0.0056614
0.0025045 -0.0049371
0.0033854 -0.0054116
0.0031807 -0.0052328
0.0021584 -0.0045266
0.0029390 -0.0048846
0.0027754 -0.0045571
0.0018595 -0.0039125
0.0025646 -0.0041096
0.0024424 -0.0036680
0.0016165 -0.0031025
0.0022646 -0.0031337
0.0021914 -0.0025753
0.0014345 -0.0021290
0.0020596 -0.0020085
0.0020303 -0.0013495
0.0013169 -0.0010656
0.0019373 -0.0007671
0.0019577 -0.0000623
0.0012696 0.0000718
0.0019169 0.0005107
0.0019921 0.0012367
0.0013033 0.0011967
0.0019964 0.0017573
0.0021077 0.0024859
0.0014073 0.0022707
0.0021566 0.0029370
0.0023183 0.0036018
0.0015876 0.0032445
0.0024162 0.0039923
0.0026215 0.0045988
0.0018362 0.0041072
0.0027563 0.0049131
0.0030056 0.0054536
0.0021555 0.0048610
0.0031749 0.0057159
0.0034936 0.0062093
0.0025552 0.0055657
0.0036982 0.0064663
0.0041156 0.0069784
0.0030593 0.0063232
0.0043480 0.0072457
0.0049678 0.0079149
0.0037751 0.0073614
0.0052237 0.0081730
0.0064153 0.0094404
0.0050586 0.0093969
0.0065547 0.0091244
0.0101476 0.0127436
0.0077335 0.0141859
0.0098471 0.0091315
0.0215846 0.0188011
0.0102840 0.0189612
0.0210734 0.0083739
0.0456744 0.0142656
-0.0025712 -0.0215824
0.0000000 0.0000000
0.0000000 0.0000000
0.0076178 -0.0067757
0.0000000 0.0000000
0.0045753 -0.0062288
0.0046711 -0.0053639
0.0000000 0.0000000
0.0041067 -0.0060953
0.0038993 -0.0061188
0.0000000 0.0000000
0.0036427 -0.0064069
0.0033871 -0.0067087
0.0000000 0.0000000
0.0031785 -0.0068035
0.0029202 -0.0070356
0.0000000 0.0000000
0.0027075 -0.0069969
0.0024567 -0.0070849
0.0000000 0.0000000
0.0022512 -0.0069299
0.0020170 -0.0068519
0.0000000 0.0000000
0.0018154 -0.0065755
0.0016054 -0.0063233
0.0000000 0.0000000
0.0014167 -0.0059269
0.0012412 -0.0054965
0.0000000 0.0000000
0.0010734 -0.0050086
0.0009347 -0.0044026
0.0000000 0.0000000
0.0007858 -0.0038374
0.0006925 -0.0030924
0.0000000 0.0000000
0.0005773 -0.0024861
0.0005384 -0.0016242
0.0000000 0.0000000
0.0004569 -0.0009986
0.0004628 -0.0000599
0.0000000 0.0000000
0.0004171 0.0005378
0.0004785 0.0014887
0.0000000 0.0000000
0.0004809 0.0020506
0.0005935 0.0029785
0.0000000 0.0000000
0.0006320 0.0034730
0.0007737 0.0043277
0.0000000 0.0000000
0.0008426 0.0047544
0.0010192 0.0055036
0.0000000 0.0000000
0.0011206 0.0058861
0.0013149 0.0065248
0.0000000 0.0000000
0.0014269 0.0068869
0.0016330 0.0074361
0.0000000 0.0000000
0.0017462 0.0078450
0.0019750 0.0083738
0.0000000 0.0000000
0.0020795 0.0089491
0.0022838 0.0094848
0.0000000 0.0000000
0.0023786 0.0105538
0.0022381 0.0109258
0.0000000 0.0000000
0.0018782 0.0130625
0.0017333 0.0150401
0.0000000 0.0000000
-0.0038288 0.0135830
0.0152898 0.0424445
0.0000000 0.0000000
-0.0210908 -0.0048924
0.1571612 0.1562297
0.0000000 0.0000000
0.0000000 0.0000000
-8.830742
-8.934061
-9.61062
-10.90439
-12.99655
-16.22122
-21.17514
-28.9781
-41.92867
-65.19139
-110.1392
-196.8959
-353.0991
-359.1197
-221.977
-110.8026
-65.58871
-42.42691
-29.19455
-21.23381
-16.22694
-12.98882
-10.89442
-9.600342
-8.919022
-8.760561
-8.576457
-8.732637
-9.384495
-10.61917
-12.60438
-15.63708
-20.23863
-27.35163
-38.7769
-58.34563
-95.81776
-179.8204
-216.8643
-222.2291
-182.9864
-100.879
-60.30792
-39.42628
-27.56737
-20.30543
-15.65135
-12.60142
-10.61076
-9.372048
-8.712357
-8.550793
-7.873585
-8.009673
-8.553628
-9.562897
-11.14105
-13.45049
-16.72837
-21.28116
-27.35393
-34.41882
-38.77773
-30.62279
-49.7729
-53.69445
-37.0974
-46.11584
-37.48367
-28.52696
-21.76344
-16.94109
-13.54965
-11.18907
-9.58544
-8.560483
-8.004442
-7.868694
-6.775566
-6.871954
-7.253913
-7.940314
-8.953268
-10.29975
-11.92042
-13.54781
-14.32773
-11.89239
0.1387274
40.6434
100.89
100.672
48.7126
0.4725665
-13.09915
-15.22252
-14.04949
-12.19272
-10.45027
-9.038621
-7.988945
-7.279383
-6.880921
-6.784102
-5.386911
-5.439628
-5.643661
-5.985333
-6.419919
-6.840239
-7.005442
-6.395892
-3.928604
2.620253
17.87094
52.32856
78.50791
78.86623
45.21876
17.51526
2.304754
-4.382552
-6.767719
-7.256087
-6.999866
-6.520853
-6.049075
-5.68248
-5.460562
-5.407031
-3.83213
-3.845634
-3.888775
-3.928004
-3.882373
-3.596616
-2.788032
-0.9626104
2.688816
9.321345
20.17939
36.08962
47.97682
48.54536
35.78321
20.81423
9.479128
2.553941
-1.164857
-2.966085
-3.730821
-3.978023
-3.994762
-3.934284
-3.875392
-3.861531
-2.229373
-2.213493
-2.133262
-1.948795
-1.572318
-0.8535364
0.4456022
2.673868
6.282021
11.7202
19.08683
27.35712
33.09302
33.27848
27.61822
19.48319
11.94802
6.316276
2.604328
0.3472131
-0.9462418
-1.64897
-2.008942
-2.179252
-2.248348
-2.264897
-0.6754195
-0.6420313
-0.4828246
-0.1614823
0.3978509
1.31348
2.750442
4.912083
7.998541
12.0969
16.94435
21.62851
24.62182
24.68706
21.78678
17.15182
12.26551
8.079323
4.916162
2.71254
1.260714
0.3444668
-0.2098809
-0.5248674
-0.6784364
-0.7137236
0.7605287
0.8002149
0.9974082
1.379889
2.004106
2.950693
4.318402
6.205509
8.668222
11.64443
14.83652
17.65479
19.34869
19.37807
17.73431
14.94698
11.75144
8.741981
6.235658
4.314606
2.927059
1.971329
1.34413
0.961547
0.7650003
0.7222905
2.036091
2.073049
2.276061
2.663309
3.271949
4.150218
5.348195
6.899793
8.792297
10.92296
13.05588
14.83069
15.8556
15.87101
14.87393
13.11902
10.99099
8.848812
6.934128
5.359825
4.144268
3.254325
2.638511
2.246855
2.040761
1.999913
3.13069
3.158589
3.345464
3.701055
4.246889
5.007566
6.002074
7.230084
8.652972
10.1728
11.62138
12.77894
13.42998
13.43918
12.80528
11.66095
10.21827
8.695135
7.261328
6.019141
5.011073
4.23921
3.684711
3.322425
3.130149
3.097789
4.039067
4.054223
4.212269
4.516506
4.977391
5.604248
6.398505
7.344548
8.399124
9.482706
10.47964
11.25407
11.68184
11.68796
11.27173
10.50663
9.514912
8.431136
7.371199
6.416422
5.612243
4.975806
4.506351
4.19464
4.030104
4.010231
4.765339
4.766438
4.890356
5.135997
5.506803
6.003319
6.618436
7.331815
8.104514
8.876206
9.568289
10.09519
10.38263
10.38699
10.10784
9.587815
8.900082
8.129344
7.354067
6.635283
6.013076
5.508846
5.130396
4.877529
4.747003
4.741308
5.318633
5.306408
5.396333
5.584637
5.870815
6.251054
6.715109
7.243135
7.803245
8.351177
8.833593
9.195616
9.391403
9.394621
9.204971
8.848139
8.369274
7.822675
7.261463
6.73014
6.261165
5.875042
5.582577
5.387972
5.292072
5.300299
5.710499
5.687406
5.747227
5.884834
6.09783
6.380752
6.7231
7.107675
7.509632
7.897051
8.233634
8.48361
8.617974
8.620345
8.490524
8.244464
7.910729
7.524707
7.122494
6.736058
6.390502
6.103414
5.885695
5.74316
5.678582
5.69885
5.953844
5.923726
5.959766
6.056425
6.21064
6.416757
6.665326
6.9423
7.228841
7.502084
7.737179
7.910449
8.003152
8.00485
7.915417
7.745029
7.512159
7.240236
6.95395
6.676128
6.425714
6.21697
6.059636
5.959676
5.920549
5.949639
6.062931
6.03065
6.050629
6.117586
6.228407
6.377882
6.557983
6.757554
6.962435
7.156207
7.321661
7.442858
7.507431
7.508581
7.446242
7.327073
7.163292
6.97068
6.766321
6.566563
6.385592
6.234704
6.122183
6.053577
6.032459
6.066137
6.053953
6.024939
6.037134
6.085953
6.168452
6.279991
6.413844
6.561152
6.711172
6.851921
6.971231
7.05811
7.104181
7.104902
7.060248
6.974712
6.856587
6.716762
6.567278
6.42002
6.285715
6.173362
6.090028
6.040868
6.029501
6.062889
5.945728
5.925444
5.937931
5.979586
6.047599
6.13775
6.244268
6.359918
6.476288
6.584323
6.675098
6.740735
6.775339
6.775754
6.741985
6.677177
6.587172
6.479729
6.363597
6.247651
6.14023
6.048759
5.979595
5.937924
5.927778
5.955806
5.760124
5.753461
5.773437
5.817566
5.882991
5.965645
6.060298
6.160712
6.259933
6.350726
6.426152
6.480229
6.508554
6.508802
6.480981
6.427416
6.352422
6.261783
6.162112
6.060268
5.962957
5.876613
5.807468
5.761518
5.744084
5.761914
5.521919
5.532611
5.565812
5.620119
5.692384
5.778399
5.8731
5.970744
6.065162
6.15014
6.219865
6.26942
6.295244
6.295472
6.270102
6.220957
6.151434
6.06608
5.970106
5.868943
5.768035
5.673035
5.590451
5.528221
5.494855
5.498219
5.25797
5.288091
5.33842
5.408283
5.49397
5.590923
5.693977
5.797511
5.895687
5.982753
6.053431
6.103325
6.129277
6.129638
6.104381
6.055046
5.984489
5.896507
5.795345
5.685271
5.570388
5.455081
5.345631
5.253033
5.193622
5.18036
4.99565
5.045325
5.114833
5.203117
5.305803
5.417903
5.534039
5.648521
5.75554
5.849457
5.925147
5.978371
6.0061
6.00674
5.980233
5.927973
5.852549
5.757317
5.645847
5.521334
5.386145
5.241957
5.091867
4.947789
4.843388
4.823761
4.760082
4.828348
4.917486
5.024607
5.144864
5.273054
5.403645
5.530824
5.648673
5.751455
5.833971
5.89192
5.922227
5.923265
5.894942
5.838614
5.756791
5.652649
5.529345
5.389171
5.232574
5.056996
4.856115
4.626705
4.414413
4.420572
4.566615
4.658705
4.766116
4.89014
5.025714
5.167958
5.311462
5.450322
5.578436
5.689866
5.779209
5.841986
5.87498
5.876484
5.846385
5.786085
5.698178
5.585902
5.452338
5.29933
5.126097
4.92699
4.684877
4.350477
3.848405
3.601702
4.401124
4.547999
4.675586
4.810821
4.956618
5.108904
5.262101
5.41009
5.546531
5.665213
5.76045
5.827505
5.862961
5.864995
5.833494
5.76998
5.677293
5.559016
5.418605
5.258167
5.076883
4.870013
4.631189
4.331134
3.58168
0
