0.0000000 0.0000000
0.0000000 0.0000000
0.0000000 0.0000000
0.0000000 0.0000000
0.0000000 0.0000000
0.0000000 0.0000000
0.0000000 0.0000000
0.0000000 0.0000000
0.0000000 0.0000000
0.0000000 0.0000000
0.0000000 0.0000000
0.0000000 0.0000000
0.0000000 0.0000000
0.0000000 0.0000000
0.0000000 0.0000000
0.0000000 0.0000000
0.0000000 0.0000000
0.0000000 0.0000000
0.0000000 0.0000000
0.0000000 0.0000000
0.0000000 0.0000000
0.0000000 0.0000000
0.0000000 0.0000000
0.0000000 0.0000000
0.0000000 0.0000000
0.0000000 0.0000000
0.0000000 0.0000000
-0.9058115 0.5016248
-1.6305653 1.6107665
-1.0382196 2.7028627
-0.7878621 3.5730314
-0.8136435 4.3979592
-0.9043692 5.3007288
-1.0364063 6.2545123
-1.3178624 7.3417025
-2.0089350 8.7142782
-3.6010184 10.7858076
-8.3862886 13.2931890
12.8669519 12.2823725
12.6469126 -12.9111242
-7.5617733 -10.5206251
-3.1019037 -7.5023942
-1.8611003 -5.1016426
-1.1933100 -3.8961489
-0.7975628 -3.0535684
-0.5835863 -2.4391232
-0.4688148 -1.9459000
-0.4020956 -1.5164534
-0.3809914 -1.1307601
-0.4620640 -0.6961355
-0.4757891 -0.2404426
0.0000000 0.0000000
0.0000000 0.0000000
-2.2035170 0.6659469
-2.6252458 1.8070129
-1.8177841 2.5484185
-1.6853254 3.4510100
-1.7368968 4.3583479
-1.8163259 5.2353978
-1.9966141 6.0855522
-2.4142714 6.9232616
-3.3891337 7.7196779
-5.5046864 7.9203386
1.3266891 7.6608715
17.9750290 9.7452011
27.2684402 -6.7022476
5.1511445 -5.3168597
-6.1023712 -4.6703176
-3.2029431 -3.9718652
-1.9803940 -3.2041883
-1.3833784 -2.6619105
-1.0644633 -2.2139192
-0.8964922 -1.8115946
-0.8026985 -1.4238744
-0.7554637 -1.0547372
-0.8720536 -0.6879402
-0.9939318 -0.2773302
0.0000000 0.0000000
0.0000000 0.0000000
-3.5723383 0.7956100
-3.3142655 1.8477484
-2.6568880 2.5147345
-2.6165075 3.4582508
-2.6073701 4.3439374
-2.6425450 5.1816626
-2.7412262 5.9239936
-3.0131752 6.4447575
-3.6840088 6.5382581
-5.5373082 5.9850869
-0.9925972 -1.2242140
20.1601772 5.3540096
38.6868248 -3.9120710
12.8624830 0.4233019
-6.2410073 -1.4875420
-3.4721465 -2.2222674
-2.2446375 -2.3569605
-1.7078446 -2.2418454
-1.4095429 -1.9974412
-1.2493351 -1.6982373
-1.1663998 -1.3707333
-1.1217978 -1.0185031
-1.2097735 -0.6974493
-1.4871161 -0.3082222
0.0000000 0.0000000
0.0000000 0.0000000
-4.8802776 0.8621355
-3.9124990 1.8210638
-3.5605223 2.5478182
-3.5181165 3.4738450
-3.4762552 4.3954978
-3.4203198 5.2689180
-3.3410523 5.9970746
-3.2400591 6.4259591
-3.2044780 6.2517281
-3.6539271 4.7381420
4.5219865 -4.0152307
13.8440332 2.1127844
27.6164837 0.8055150
10.4964609 2.8034401
-3.6379778 -1.3334959
-2.8575246 -1.6889216
-2.0736666 -1.9293925
-1.7954686 -1.9831960
-1.6318370 -1.8593037
-1.5396457 -1.6258954
-1.4933364 -1.3406284
-1.4724770 -1.0077113
-1.5258776 -0.7033461
-1.9539386 -0.3262256
0.0000000 0.0000000
0.0000000 0.0000000
-6.0071850 0.8789971
-4.5709882 1.7507561
-4.4675870 2.5694773
-4.4456091 3.4972351
-4.4129467 4.4891491
-4.2643352 5.4981256
-4.0464149 6.4885821
-3.5996075 7.1826191
-2.6201470 7.1119003
-1.1066099 5.3526506
8.7811985 -2.9942153
14.8658543 1.5012746
33.7685471 -5.6755514
1.7567478 -0.2995217
-2.2032714 -1.4571153
-2.2628028 -1.7938254
-1.8215876 -1.8900322
-1.7899028 -1.9436527
-1.8004407 -1.8416691
-1.8014237 -1.6193182
-1.8028810 -1.3412815
-1.8116364 -1.0159910
-1.8466873 -0.7078355
-2.3820736 -0.3396428
0.0000000 0.0000000
0.0000000 0.0000000
-6.8946409 0.8601470
-5.3484826 1.6543015
-5.3737984 2.5355349
-5.4303951 3.4969208
-5.4573011 4.5718694
-5.4357829 5.8887119
-5.3659749 7.2620311
-4.0118227 7.8327422
-1.5719123 7.2119102
1.7385075 4.7401214
11.6071901 -1.9978411
16.2072067 -0.3233233
36.6081505 -0.0094225
1.8123397 -2.0472302
-1.3557132 -2.2782094
-1.9556174 -2.3482125
-1.7182558 -2.2113078
-1.8277926 -2.1266825
-1.9970452 -1.9532435
-2.0796010 -1.6848541
-2.1209610 -1.3780642
-2.1511893 -1.0415317
-2.1834366 -0.7157370
-2.7679553 -0.3505548
0.0000000 0.0000000
0.0000000 0.0000000
-7.5308037 0.8164952
-6.1991086 1.5296433
-6.2925730 2.4090381
-6.4691892 3.3928466
-6.7028832 4.5776320
-7.2091589 6.1486125
-6.2405095 7.0920420
-3.4851966 6.7067876
0.4321031 5.3052659
5.2244549 3.0911920
14.1960058 -2.0776751
15.9063358 -0.9339206
37.8309097 -8.0247431
2.4900548 -2.8769829
-0.1823580 -3.1191390
-1.8625251 -3.3077426
-1.9381152 -2.8896906
-2.0226061 -2.5042107
-2.2932248 -2.1705875
-2.4160259 -1.8074175
-2.4713871 -1.4427894
-2.5046518 -1.0771410
-2.5402102 -0.7255823
-3.1108913 -0.3582613
0.0000000 0.0000000
0.0000000 0.0000000
-7.9292340 0.7498050
-7.0254555 1.3856223
-7.1970496 2.1952598
-7.5447521 3.1319327
-8.1469526 4.3262715
-8.5425930 5.6325979
-6.0563326 5.7157092
-1.8489636 4.7433915
2.6376498 3.1844900
7.0513043 1.4958163
15.9569492 -2.1859846
16.8662491 -1.8971224
35.5530243 -1.6016194
5.3392353 -3.0337417
0.9869052 -4.1239481
-2.0217674 -4.5057187
-2.6584544 -3.7767489
-2.4774868 -2.9979458
-2.7440264 -2.4333239
-2.8361769 -1.9493277
-2.8681560 -1.5124949
-2.8806601 -1.1083179
-2.9148626 -0.7298425
-3.4104893 -0.3602633
0.0000000 0.0000000
0.0000000 0.0000000
-8.1408834 0.6597149
-7.7340546 1.1983808
-8.0097494 1.8931464
-8.5676842 2.6972117
-9.4839115 3.5855439
-8.8263483 4.3217988
-5.2917929 4.0986094
-0.3890633 2.9142253
4.0783234 1.3696315
8.5379448 0.3541601
16.8083344 -2.8454394
24.5734863 -6.0122142
34.4958878 -6.1867590
7.7220130 -3.9625330
1.8830830 -5.1262045
-2.2913511 -5.2448773
-3.7773805 -4.4325175
-3.2588549 -3.3917794
-3.3600171 -2.6404507
-3.3451395 -2.0534492
-3.3113525 -1.5526526
-3.2787359 -1.1150171
-3.2971163 -0.7181008
-3.6669192 -0.3522224
0.0000000 0.0000000
0.0000000 0.0000000
-8.2096424 0.5390218
-8.2809877 0.9614078
-8.6668367 1.4970899
-9.4128370 2.1026270
-10.3750820 2.4871700
-8.4829683 2.6773801
-4.1547327 2.3480918
0.5893286 1.4843261
5.6501112 -0.3243019
9.7514563 -1.3375466
16.8541336 -3.0493271
30.8124504 -9.6395016
20.4865417 -5.5629826
8.5757494 -4.9961786
2.1944070 -5.5226049
-2.5978341 -5.4788837
-4.9385128 -4.6136675
-4.2777233 -3.5322387
-4.0814486 -2.7178071
-3.9185309 -2.0661104
-3.7851875 -1.5276989
-3.6870160 -1.0755070
-3.6695025 -0.6789427
-3.8801749 -0.3296457
0.0000000 0.0000000
0.0000000 0.0000000
-8.2181416 0.3886666
-8.6541395 0.6645625
-9.1283693 1.0116488
-9.9981575 1.3836039
-10.8561792 1.4374094
-8.1035357 1.3946176
-3.2504272 0.9708954
1.8081257 0.2175364
6.2953844 -0.7615808
11.3365402 -2.4923813
18.2976303 -3.6954710
37.8078194 -10.3111353
14.8711023 -5.6838665
9.0103579 -5.5666828
2.3533823 -5.5450616
-3.1854320 -5.3871994
-6.0097218 -4.3740501
-5.3782144 -3.4028320
-4.8461189 -2.6100426
-4.5086269 -1.9464303
-4.2573276 -1.4094759
-4.0815406 -0.9725701
-4.0094619 -0.6026403
-4.0506997 -0.2889779
0.0000000 0.0000000
0.0000000 0.0000000
-8.2005196 0.2222431
-8.8569927 0.3123542
-9.3898373 0.4409132
-10.3455629 0.5991345
-11.1054363 0.5119767
-7.6866326 0.4021101
-2.2313716 0.0245391
2.9956667 -1.1720368
7.0723834 -1.2585047
12.1112671 -2.3404324
27.5347061 -7.0628371
37.4611778 -9.9984331
11.5257635 -6.0553322
8.2006168 -5.1844974
2.6716666 -4.8608098
-3.5553906 -4.8553381
-7.1205497 -3.6498194
-6.4398589 -3.0537832
-5.5875239 -2.3038666
-5.0685658 -1.6724021
-4.6933913 -1.1815445
-4.4337134 -0.7968854
-4.2944670 -0.4836043
-4.1812029 -0.2290485
0.0000000 0.0000000
0.0000000 0.0000000
-8.1802664 0.0405398
-8.8842869 -0.0716058
-9.4405928 -0.1538826
-10.4577999 -0.2329492
-11.2180395 -0.4803410
-7.3220029 -0.5943242
-1.3656459 -0.7061722
3.5087371 -1.9767829
8.6411610 -3.2033055
13.2717485 -3.1155660
31.8573341 -10.3514652
37.4883156 -11.9664965
12.4036684 -4.4354720
7.7468257 -4.2913384
2.5095313 -3.8514333
-3.4536300 -3.9175386
-8.2051878 -2.4665833
-7.3685699 -2.4168088
-6.2448559 -1.7625419
-5.5476260 -1.2333493
-5.0530486 -0.8402169
-4.7118068 -0.5488524
-4.5036340 -0.3238817
-4.2667098 -0.1480249
0.0000000 0.0000000
0.0000000 0.0000000
-8.0199804 -0.1473562
-8.7027683 -0.4597232
-9.2639904 -0.7640379
-10.2891378 -1.0782757
-11.2727041 -1.4767067
-6.9773574 -1.5148292
-0.8039636 -1.6215388
3.7394674 -1.7478887
9.5082521 -3.1365829
17.7641850 -5.3931966
38.9948463 -9.9819927
22.3750744 -6.1824079
11.2373400 -4.1265149
7.0677853 -3.3519659
1.9432755 -2.8213944
-3.1479475 -2.4099896
-8.9919930 -1.2626994
-8.1067619 -1.4231132
-6.7267256 -0.9773718
-5.8814664 -0.6366971
-5.2913117 -0.4018705
-4.8853912 -0.2416644
-4.6243267 -0.1304564
-4.3179722 -0.0509082
0.0000000 0.0000000
0.0000000 0.0000000
-7.6676502 -0.3299053
-8.3113117 -0.8343948
-8.8486748 -1.3562078
-9.8370953 -1.9257597
-11.1398621 -2.7609494
-6.9174452 -2.6327302
-0.6764389 -2.7303078
4.2683125 -2.4860408
10.6391497 -3.6909711
25.2204971 -7.8255930
38.7552261 -10.8336916
19.3957329 -4.1146011
10.6877270 -3.3765180
6.4308648 -2.2660270
0.8788008 -1.7814312
-3.9392691 -0.6307960
-9.7229662 0.2093473
-8.4607649 -0.1285464
-6.9604983 -0.0158459
-6.0287590 0.0645472
-5.3801970 0.0996725
-4.9347105 0.1027366
-4.6454253 0.0854241
-4.3157921 0.0533522
0.0000000 0.0000000
0.0000000 0.0000000
-7.1378961 -0.4973663
-7.7200022 -1.1777605
-8.1959162 -1.9120530
-8.9873991 -2.7637415
-10.6151247 -3.9597843
-7.1872263 -4.1185303
-1.2401143 -3.5726559
4.5437002 -3.4897912
11.8943729 -3.9727867
30.7164383 -8.6866379
32.1344185 -5.2065396
15.8559036 -4.7658658
8.9819145 -1.5355375
5.9674377 -1.0263991
0.1519313 -0.5089495
-4.5645299 0.7739530
-9.8676710 2.1309276
-8.2872763 1.3168886
-6.8897624 1.0236878
-5.9537978 0.8068351
-5.2976913 0.6264989
-4.8445058 0.4632329
-4.5467916 0.3105425
-4.2080684 0.1599824
0.0000000 0.0000000
0.0000000 0.0000000
-6.4554176 -0.6393805
-6.9528646 -1.4628705
-7.3202839 -2.3684001
-7.8846960 -3.4308708
-9.3921108 -4.9959693
-7.5449991 -6.4166598
-1.2359477 -4.7439942
4.9451385 -4.8168836
15.4563627 -6.1850019
26.3073273 -9.2946997
33.6821518 -10.4227953
14.2815561 -1.5528007
9.2449322 0.1580801
3.6486676 0.1998156
-1.2283915 1.2818210
-5.6313887 3.3239734
-9.4299736 4.1242337
-7.6843925 2.6057904
-6.4906874 1.9680499
-5.6426382 1.5048401
-5.0371404 1.1292379
-4.6121230 0.8110938
-4.3276176 0.5287087
-3.9936774 0.2620016
0.0000000 0.0000000
0.0000000 0.0000000
-5.6583581 -0.7465182
-6.0554051 -1.6693740
-6.2866836 -2.6909728
-6.5989389 -3.8813686
-7.3103294 -5.5397053
-6.9475799 -7.8450518
-1.0491976 -7.1965847
6.3862562 -7.0476484
16.9799519 -8.4393129
28.3430176 -1.9357466
24.0121346 0.8099728
12.3702278 1.0693399
8.7448502 2.0180151
2.5805707 2.2198920
-2.4099360 4.1828866
-7.7304726 6.6780033
-8.1685104 5.1383443
-6.7891874 3.6757238
-5.8391752 2.7569237
-5.1346083 2.0969968
-4.6180930 1.5690218
-4.2484531 1.1214215
-3.9949954 0.7253698
-3.6790564 0.3529746
0.0000000 0.0000000
0.0000000 0.0000000
-4.7905216 -0.8131695
-5.0817566 -1.7828845
-5.1702981 -2.8396635
-5.2340803 -4.0882063
-5.3110147 -5.7026291
-5.3401599 -8.0579500
-1.6036723 -10.1571941
6.7317386 -9.4665298
16.6960697 -8.3231792
24.2656498 -7.2404399
23.1652737 -1.1457334
14.6630554 1.9707315
5.9315314 5.2892785
0.9611649 6.1000624
-3.3045137 7.8218484
-7.5891948 8.1650200
-6.3437190 5.8022618
-5.6218243 4.3952770
-4.9920759 3.3582191
-4.4812489 2.5585842
-4.0773582 1.9211334
-3.7771411 1.3778805
-3.5647383 0.8905773
-3.2760961 0.4288121
0.0000000 0.0000000
0.0000000 0.0000000
-3.8992331 -0.8396778
-4.0944338 -1.8089089
-4.0678649 -2.8473361
-3.9672496 -4.0282626
-3.8015769 -5.4021072
-3.4249017 -7.1899977
-1.8304789 -9.2137022
4.2362690 -9.1993647
12.0758228 -2.7638090
16.4562721 -0.6860546
16.3680630 1.8238938
15.5490780 4.0794787
7.0126753 8.5552235
0.0524847 10.5688992
-4.0344324 11.1602497
-4.5743647 8.0390892
-4.6064429 6.1501184
-4.3528085 4.8002162
-4.0352788 3.7469521
-3.7231300 2.8933520
-3.4479439 2.1839566
-3.2251027 1.5736809
-3.0575185 1.0203543
-2.8020689 0.4882493
0.0000000 0.0000000
0.0000000 0.0000000
-3.0240750 -0.8301947
-3.1439271 -1.7572834
-3.0456314 -2.7147028
-2.8311467 -3.7237046
-2.4516993 -4.7834244
-1.7673599 -5.9146509
-0.1926894 -6.8520637
2.9037986 -7.3636475
6.5506487 -5.3503032
9.3973398 -0.9081661
11.2726488 2.3130538
10.0258293 7.3185205
4.5756965 11.7121668
-0.1478357 11.5583668
-1.8503844 9.3281040
-2.7526460 7.5904675
-3.1042573 6.1401110
-3.1630726 4.9524612
-3.0708053 3.9594853
-2.9183996 3.1114593
-2.7591918 2.3702617
-2.6145279 1.7143440
-2.4928958 1.1153948
-2.2775972 0.5333595
0.0000000 0.0000000
0.0000000 0.0000000
-2.1912680 -0.7961654
-2.2548440 -1.6609622
-2.1240940 -2.5135808
-1.8642981 -3.3448844
-1.4151149 -4.1103945
-0.6476496 -4.7449441
0.6558121 -5.0541997
2.3261693 -4.6726127
4.2102404 -3.4784195
5.8127575 -0.5220454
6.3546357 2.4478815
5.2595062 5.7121606
3.0826235 7.8579311
0.7595423 8.3733664
-0.7810777 7.8369946
-1.6115047 6.9077859
-1.9966466 5.9032664
-2.1507070 4.9372492
-2.1720097 4.0431786
-2.1245232 3.2317772
-2.0470848 2.4942198
-1.9674863 1.8139342
-1.8874618 1.1826437
-1.7073830 0.5645099
0.0000000 0.0000000
0.0000000 0.0000000
-1.4123216 -0.7517976
-1.4398614 -1.5551852
-1.3142794 -2.3176289
-1.0816447 -3.0067768
-0.7012528 -3.5415497
-0.1240200 -3.8447642
0.6942197 -3.8208439
1.6374241 -3.2478323
2.5558960 -2.0164196
3.3110998 0.2193222
3.5410531 2.1832652
2.9488814 4.2814260
1.8800399 5.8800621
0.6573734 6.6382551
-0.3287680 6.6473718
-0.9118261 6.2357521
-1.1888402 5.6071539
-1.3148092 4.8677959
-1.3544240 4.0872464
-1.3510255 3.3140590
-1.3253412 2.5756896
-1.2933985 1.8782903
-1.2575111 1.2223305
-1.0936917 0.6186768
0.0000000 0.0000000
0.0000000 0.0000000
-0.6534164 -0.7611321
-0.6368277 -1.5274231
-0.5662151 -2.1791654
-0.4458884 -2.6555488
-0.2488127 -2.9008722
0.0490028 -3.0109494
0.4291484 -2.8719559
0.8299603 -2.2680354
1.1645819 -1.2126803
1.4658893 0.3821097
1.5121869 1.9167645
1.2209697 3.4797459
0.7356855 4.6902361
0.2034459 5.3413124
-0.2294564 5.4478126
-0.4765693 5.3896437
-0.6032653 5.1499453
-0.6447889 4.7438769
-0.6454639 4.2045398
-0.6279612 3.5700104
-0.6046951 2.8803136
-0.5849397 2.1675775
-0.5792108 1.4588104
-0.5240443 0.8317595
0.0000000 0.0000000
0.0000000 0.0000000
0.0000000 0.0000000
0.0000000 0.0000000
0.0000000 0.0000000
0.0000000 0.0000000
0.0000000 0.0000000
0.0000000 0.0000000
0.0000000 0.0000000
0.0000000 0.0000000
0.0000000 0.0000000
0.0000000 0.0000000
0.0000000 0.0000000
0.0000000 0.0000000
0.0000000 0.0000000
0.0000000 0.0000000
0.0000000 0.0000000
0.0000000 0.0000000
0.0000000 0.0000000
0.0000000 0.0000000
0.0000000 0.0000000
0.0000000 0.0000000
0.0000000 0.0000000
0.0000000 0.0000000
0.0000000 0.0000000
0.0000000 0.0000000
0.0000000 0.0000000
0.0000000 0.0000000
0.0251596 -0.0200769
0.0000000 0.0000000
-0.1487780 -0.0020499
-0.3634272 0.3429303
-0.4541102 0.9466976
0.0000000 0.0000000
-1.4352849 0.9382085
-0.4915586 1.8791612
-0.4548003 2.7432046
0.0000000 0.0000000
-1.2907159 2.2537339
-0.3744174 3.4358058
-0.3383008 4.0250468
0.0000000 0.0000000
-0.8704438 3.1843688
-0.3014768 4.5483422
-0.3003740 5.0308280
0.0000000 0.0000000
-0.7868583 3.9943204
-0.3053667 5.5442538
-0.3241296 6.0635700
0.0000000 0.0000000
-0.8504969 4.8605428
-0.3398434 6.6401243
-0.3739534 7.2026520
0.0000000 0.0000000
-0.9456309 5.7714615
-0.3945549 7.8879647
-0.4667695 8.5368347
0.0000000 0.0000000
-1.1147145 6.7554951
-0.5188333 9.4483671
-0.6801766 10.2819061
0.0000000 0.0000000
-1.5034281 7.9410305
-0.8384535 11.7129354
-1.1541388 13.0374203
0.0000000 0.0000000
-2.4412780 9.7950983
-1.6819762 15.3555355
-1.9100114 18.2686081
0.0000000 0.0000000
-4.6788449 14.3230257
-1.6720970 21.1763649
-2.4227808 24.8066959
0.0000000 0.0000000
3.3380480 13.2880087
4.3871832 17.0956917
10.5286827 8.6705265
0.0000000 0.0000000
12.0306377 10.5354757
12.5308666 -8.8651094
-2.4226451 -10.5674992
0.0000000 0.0000000
14.9608717 -5.3292050
-1.6313893 -13.8824053
-0.7909070 -14.0373058
0.0000000 0.0000000
-8.6359673 -10.3326292
-0.3863078 -9.4599648
-0.6572586 -7.6078973
0.0000000 0.0000000
-2.3207188 -6.3135734
-0.6819226 -6.6814866
-0.5072611 -5.5446897
0.0000000 0.0000000
-1.4878421 -4.4378085
-0.4111872 -4.8783216
-0.3370742 -4.2032080
0.0000000 0.0000000
-0.9682401 -3.4419591
-0.2725740 -3.7269163
-0.2386371 -3.2778234
0.0000000 0.0000000
-0.6764427 -2.7431834
-0.2046676 -2.9204223
-0.1881619 -2.5862079
0.0000000 0.0000000
-0.5196686 -2.1966059
-0.1694988 -2.2955766
-0.1611958 -2.0193064
0.0000000 0.0000000
-0.4331622 -1.7333950
-0.1498538 -1.7721475
-0.1424047 -1.5239595
0.0000000 0.0000000
-0.3863845 -1.3231137
-0.1403214 -1.2978811
-0.1472581 -1.0602717
0.0000000 0.0000000
-0.4089227 -0.9340596
-0.1680059 -0.7942471
-0.1770769 -0.5141270
0.0000000 0.0000000
-0.4990805 -0.4666423
-0.1558378 -0.2498623
-0.0962187 0.0054373
0.0000000 0.0000000
-0.1690165 -0.0296082
0.0000000 0.0000000
0.0000000 0.0000000
-0.1995388 0.0595194
-0.5366417 0.1369119
-1.5627620 0.5385656
-2.0457358 1.1803350
-2.6973970 1.2591767
-1.9895871 1.8385530
-1.7211257 2.3079648
-2.1412063 2.1640103
-1.4056867 2.7013612
-1.2554628 3.1617899
-1.7201613 2.9834821
-1.2302097 3.5772240
-1.2478477 4.0286727
-1.7080939 3.9017699
-1.2836695 4.4945102
-1.3359098 4.9438405
-1.7626354 4.7877584
-1.3784001 5.4280434
-1.4713120 5.8515620
-1.8705825 5.6252704
-1.5579236 6.3888912
-1.7647014 6.7955751
-2.1296363 6.4159079
-1.9763030 7.4642100
-2.4514267 7.8473883
-2.7589970 7.0670190
-2.9390976 8.8262959
-4.1692643 9.0681791
-4.2446337 7.2355366
-5.6562614 10.5432148
-8.9796495 11.7624798
-9.7356243 7.8353577
-1.4588028 8.2811346
8.1814489 11.3969364
12.8069000 12.0481739
12.1112909 8.5665712
15.8838816 5.8069777
25.7016258 8.2744398
23.4695740 -8.8782911
21.6286564 -0.6806012
23.0504780 -0.6850437
-0.0854750 -10.1914873
-10.2495241 -7.4547682
-10.1342325 -5.1729021
-4.0173421 -6.1258259
-3.1006744 -5.7890205
-4.4433117 -4.5755382
-2.3614480 -4.6710825
-1.8882341 -4.0758319
-2.4902637 -3.5794609
-1.4980217 -3.5790844
-1.2585644 -3.2159965
-1.6415461 -2.9794109
-1.0400478 -2.8549650
-0.9172097 -2.5973735
-1.2013874 -2.4797485
-0.7995619 -2.3143067
-0.7365139 -2.1008701
-0.9678826 -2.0405045
-0.6726730 -1.8639477
-0.6384832 -1.6708025
-0.8440585 -1.6368408
-0.5999981 -1.4581211
-0.5785732 -1.2732424
-0.7727623 -1.2463920
-0.5642610 -1.0836979
-0.5889376 -0.8904705
-0.7844277 -0.8811870
-0.6649446 -0.6744593
-0.7439501 -0.4671397
-0.9666358 -0.4903564
-0.7298804 -0.2448237
-0.2490816 -0.0554573
-0.3902121 -0.0771372
0.0000000 0.0000000
0.0000000 0.0000000
-0.8702824 0.1906691
-1.3248463 0.2574301
-2.8789010 0.7257410
-3.2502346 1.3613752
-3.7081411 1.4121976
-2.9354093 1.8655263
-2.4797130 2.1415830
-2.8728316 2.1060646
-2.2190590 2.5082035
-2.1475329 2.9934492
-2.6276834 2.9725778
-2.1496608 3.4506435
-2.1614187 3.9082947
-2.6186137 3.8816462
-2.1749346 4.3530979
-2.2029562 4.7759032
-2.6230612 4.7379899
-2.2337306 5.2152767
-2.3149550 5.5818176
-2.6748190 5.5186958
-2.3813312 6.0292759
-2.5700409 6.2869024
-2.8170028 6.1368103
-2.7276678 6.7381606
-3.1368484 6.8025503
-3.1989028 6.5001869
-3.4702675 7.1727777
-4.1288428 7.0472040
-4.0720081 6.5240731
-4.0969701 7.3841095
-9.3764791 7.3282819
-8.6647329 7.3655272
-9.1243839 5.8581290
7.4439740 6.4353452
12.5722895 1.7518247
17.3178368 9.1463327
19.9463844 6.5541458
33.5642853 2.0378623
32.2132225 -5.5309792
29.4909744 1.5841359
34.2525330 5.6556511
-1.4913675 -4.6799779
-9.4844046 -3.1068444
-9.6601753 -0.7299774
-5.6642857 -3.2805953
-4.4586887 -3.2930641
-4.9404759 -2.5814440
-3.2454069 -3.0600173
-2.6151862 -2.9676523
-2.7583163 -2.5499864
-2.1042449 -2.7363346
-1.8071812 -2.6572826
-1.9277109 -2.4091115
-1.5395623 -2.4236507
-1.3858259 -2.3144236
-1.5347887 -2.1840963
-1.2332648 -2.0888078
-1.1538602 -1.9545416
-1.3158641 -1.8880612
-1.0714848 -1.7451043
-1.0298404 -1.5925293
-1.2000347 -1.5606539
-0.9856366 -1.3902646
-0.9649237 -1.2261962
-1.1398094 -1.2099806
-0.9423668 -1.0331316
-0.9635661 -0.8640025
-1.1366730 -0.8577560
-1.0393234 -0.6865966
-1.1571449 -0.5072590
-1.3479896 -0.5178288
-1.2300812 -0.2942704
-0.5411342 -0.0931356
-0.7143530 -0.1051321
0.0000000 0.0000000
0.0000000 0.0000000
-1.8167739 0.3061273
-2.3885410 0.3510096
-4.2161431 0.8306904
-4.1421514 1.4454999
-4.4921460 1.4530443
-3.6056337 1.8495659
-3.2179816 2.1052461
-3.6467488 2.1035984
-3.0907445 2.5155256
-3.0773797 3.0081527
-3.5453634 2.9989679
-3.0665853 3.4490206
-3.0392780 3.9125364
-3.5195525 3.9026837
-3.0426109 4.3387003
-3.0274105 4.7831564
-3.4881132 4.7907467
-3.0354521 5.1848183
-3.0263536 5.5680304
-3.4226432 5.5824137
-3.0306754 5.9065075
-3.0759497 6.1507912
-3.3015249 6.1535163
-3.0877609 6.3685102
-3.2909081 6.3192482
-3.1708660 6.1986680
-3.4606080 6.3268371
-4.1145301 5.7789392
-3.5055137 5.2935305
-4.9874234 5.3279090
-8.9635725 6.0569782
-6.9115400 3.3853638
1.2509036 -5.0146885
9.9811153 0.0118420
8.6919718 -0.1890926
14.7084475 3.2346785
20.3573875 4.0348196
20.7535114 1.0646003
31.6854954 2.3064852
28.8636532 4.7226090
32.4148254 1.5937258
7.7214074 1.2871374
-6.4795518 2.3590107
-2.7757106 3.6475728
-5.6588359 -0.5132476
-4.6905441 -1.3516871
-3.0519962 -0.3848035
-3.3151639 -1.6727203
-2.7654405 -2.0135231
-2.3037453 -1.6155645
-2.2226615 -2.0428934
-1.9926525 -2.1563964
-1.8676854 -1.9650331
-1.7801065 -2.0667081
-1.6615844 -2.0586793
-1.6941068 -1.9628032
-1.5347412 -1.9058499
-1.4723088 -1.8261508
-1.5754319 -1.7777811
-1.4036561 -1.6512187
-1.3707668 -1.5296199
-1.5098625 -1.5050716
-1.3355986 -1.3499690
-1.3205971 -1.1994010
-1.4789107 -1.1886535
-1.3028219 -1.0109599
-1.3132592 -0.8514835
-1.4778175 -0.8464607
-1.3682836 -0.6984360
-1.5127578 -0.5249364
-1.6867068 -0.5268679
-1.7094309 -0.3187214
-0.9069648 -0.1132755
-1.1018454 -0.1197455
0.0000000 0.0000000
0.0000000 0.0000000
-2.9738355 0.3831167
-3.6126764 0.4056639
-5.4316363 0.8757408
-4.8410392 1.4415174
-5.1455684 1.4151127
-4.2388253 1.7913983
-4.0361276 2.1114788
-4.4878216 2.1081841
-3.9980161 2.5513928
-3.9855635 3.0259955
-4.4658570 3.0155127
-3.9774690 3.4657264
-3.9417617 3.9663780
-4.4679585 3.9627233
-3.9500179 4.3993497
-3.8698177 4.9155965
-4.4237671 4.9313793
-3.8620214 5.2989688
-3.7135508 5.7948318
-4.2933121 5.9036918
-3.6571009 6.1134949
-3.4687746 6.4836402
-3.8876879 6.8292933
-3.2380908 6.6871300
-3.0468786 6.7021251
-3.1509674 7.3044233
-2.7377124 6.5685244
-2.3977571 6.1779366
-1.9219028 6.5409980
-1.6771028 4.5920391
-2.9673500 4.3642807
-1.8375092 5.3247156
6.7734060 -3.8637338
9.7574720 -0.2487159
11.9429197 1.5023260
14.0364065 1.6025975
18.8300152 1.3337542
21.8588943 -0.2469530
37.3254776 -6.7053409
28.7528801 -0.0004057
27.3796749 1.5074025
-0.5468233 -0.6200473
0.0582691 2.2227468
-1.4925412 -0.3697590
-3.0437849 -1.2487659
-2.9909914 -0.8627027
-2.5474200 -0.9326689
-2.5871065 -1.5587491
-2.2874599 -1.6638384
-2.0346615 -1.6480217
-1.9831214 -1.8255270
-1.8922976 -1.9314902
-1.7626451 -1.9082187
-1.8276622 -1.9229040
-1.7912531 -1.9333494
-1.7910298 -1.9191091
-1.7387495 -1.8294588
-1.7164967 -1.7615618
-1.7972715 -1.7531111
-1.6856995 -1.6118357
-1.6729416 -1.4968544
-1.7980145 -1.4902047
-1.6579916 -1.3357190
-1.6520605 -1.1862715
-1.8027045 -1.1820880
-1.6484678 -1.0098002
-1.6534429 -0.8461233
-1.8162069 -0.8431221
-1.6884688 -0.7051044
-1.8406529 -0.5276118
-2.0070171 -0.5253525
-2.1558375 -0.3337454
-1.3138829 -0.1249418
-1.5230703 -0.1289212
0.0000000 0.0000000
0.0000000 0.0000000
-4.2387519 0.4185554
-4.8912115 0.4204551
-6.4374390 0.8747124
-5.4557910 1.3741394
-5.7639494 1.3239555
-4.9553924 1.7023830
-4.9060788 2.1080906
-5.3626060 2.0847437
-4.9100771 2.5504894
-4.9070306 3.0281699
-5.4119582 2.9996986
-4.9291415 3.4841914
-4.9195127 4.0243845
-5.4904070 4.0080161
-4.9386158 4.4890938
-4.8269854 5.1050868
-5.5550013 5.1336746
-4.8847995 5.5626030
-4.6554542 6.3412876
-5.5502753 6.5680780
-4.5896945 6.8366613
-4.2908545 7.4271727
-4.7380362 7.8215966
-3.6496558 7.7935872
-2.9064074 7.7559690
-2.8323469 7.7043033
-1.8620417 7.3548374
-0.5592216 6.5893526
-0.0772573 6.0497026
0.7161993 5.0749807
0.1241558 4.9342394
1.3214115 3.8560529
10.1318836 -2.3030927
11.5753431 1.0642880
13.4657516 1.3216022
15.3926268 0.5729905
19.4496422 0.6289271
22.1926861 -1.2411342
33.6155739 2.2269633
29.0635033 1.8988707
29.7376537 -3.8048940
1.3561476 -1.9809777
0.6275378 -0.0694840
-0.2469306 -1.2276057
-1.7209231 -2.1246991
-2.0389886 -1.3328609
-2.0206635 -2.0080850
-2.1377010 -2.0335987
-1.9823750 -1.8900249
-1.9248163 -2.2106318
-1.8043473 -2.0003357
-1.7971112 -2.0250046
-1.7384436 -2.1674254
-1.8472549 -2.0087767
-1.8958124 -1.9806497
-1.9177164 -2.0499189
-1.9266256 -1.8821229
-1.9462880 -1.7863696
-2.0390978 -1.8203546
-1.9590456 -1.6438788
-1.9666095 -1.5077485
-2.0976858 -1.5214471
-1.9745737 -1.3559783
-1.9766245 -1.1901537
-2.1303751 -1.1940635
-1.9887135 -1.0270524
-1.9927391 -0.8478375
-2.1593008 -0.8474177
-2.0177631 -0.7123154
-2.1590161 -0.5243750
-2.3243389 -0.5206489
-2.5621943 -0.3459422
-1.7470217 -0.1329623
-1.9670756 -0.1355597
0.0000000 0.0000000
0.0000000 0.0000000
-5.5115509 0.4155691
-6.1360826 0.4020138
-7.2001524 0.8427612
-6.0754189 1.2625533
-6.4071989 1.1889577
-5.7693925 1.5916008
-5.7839675 2.0530710
-6.2340536 1.9874265
-5.8276911 2.4753304
-5.8663106 2.9756124
-6.3817573 2.9010568
-5.9444737 3.4416711
-5.9729252 4.0276618
-6.5922594 3.9646015
-6.0712829 4.5439677
-6.0879860 5.3335795
-7.0160713 5.3633990
-6.2995253 6.0001140
-6.2531457 6.9055734
-6.9241753 6.9097381
-5.7321939 7.4809566
-4.9251108 7.6168947
-4.8149381 7.2665625
-3.5805528 7.6468153
-2.0744009 7.2181292
-1.5466689 6.1686931
-0.1744221 6.5449824
1.8736756 5.3044119
2.8472075 4.1306529
3.8955417 3.9760470
3.3942907 3.1466107
4.7552056 2.5679114
12.6345539 -2.1600592
13.3891859 0.2957250
14.6225252 -0.0280327
15.8254671 -0.6479536
20.0406761 -2.0763950
24.7342625 -2.4654789
34.8078003 -3.7175183
32.0822983 -1.8429728
21.5969658 -1.4670031
1.2841587 -3.1737292
0.2914785 -1.0828315
1.2527794 -1.2946224
-0.9936662 -2.5456495
-1.7437783 -2.4296482
-1.2271847 -3.0833740
-2.0290496 -2.7837644
-2.0574944 -2.6168063
-2.0375745 -3.1079333
-1.8967919 -2.5128086
-1.8918917 -2.4023206
-1.9391201 -2.6510444
-1.9727222 -2.2990785
-2.0776782 -2.1829896
-2.1581616 -2.3077278
-2.1771924 -2.0543325
-2.2218835 -1.8948919
-2.3537855 -1.9580872
-2.2686660 -1.7421579
-2.2854345 -1.5598487
-2.4410574 -1.5862734
-2.3101807 -1.4098816
-2.3139966 -1.2111794
-2.4813066 -1.2199563
-2.3358018 -1.0592808
-2.3394074 -0.8556286
-2.5141537 -0.8561016
-2.3641989 -0.7221906
-2.4793677 -0.5192137
-2.6493523 -0.5144452
-2.9259782 -0.3557249
-2.1991951 -0.1387808
-2.4278061 -0.1404243
0.0000000 0.0000000
0.0000000 0.0000000
-6.7142720 0.3828162
-7.2791882 0.3575577
-7.7182560 0.7859581
-6.7328701 1.1080766
-7.0809789 1.0205725
-6.6116557 1.4566588
-6.6415200 1.9098227
-7.0699949 1.7984529
-6.7458649 2.3064291
-6.8374896 2.8143234
-7.3437471 2.6720822
-7.0063915 3.2697513
-7.1397171 3.8954768
-7.7909355 3.7548051
-7.4407849 4.4694476
-7.7686543 5.3831077
-8.5745764 5.1785760
-7.8849158 6.0344920
-7.3304858 6.5347648
-7.4098158 5.9715967
-6.0115533 6.6801033
-4.6511211 6.2238469
-4.1004291 5.5156794
-2.6967487 5.8362966
-0.4370880 5.0852795
0.4203652 3.8942168
1.7118220 4.0781727
3.9807956 2.9931479
4.8650007 2.2314951
6.2466254 2.2035346
5.6281662 1.7904948
6.7380800 1.1397787
15.2420826 -1.9795147
15.4822216 -0.1810583
16.1246014 -0.5897999
16.3950367 -1.1942881
25.2192726 -3.1097677
30.6945305 -6.1511641
35.4692917 -3.4073207
25.8632126 -1.7807162
18.1931381 -4.2726140
3.6821368 -2.9274926
1.6602643 -2.0449359
3.7158430 -2.1725466
0.0502652 -3.2487564
-1.2862960 -3.7437563
-0.5186625 -4.0958858
-2.0960362 -3.8645113
-2.4744611 -3.6785231
-2.5909295 -4.1191783
-2.3911006 -3.3276141
-2.3068583 -2.9976749
-2.5456638 -3.3004549
-2.3040545 -2.7467217
-2.4078798 -2.4901562
-2.5906310 -2.6373315
-2.5497820 -2.3045211
-2.5910745 -2.0562694
-2.7847629 -2.1236670
-2.6480665 -1.8813474
-2.6560900 -1.6334342
-2.8482509 -1.6590410
-2.6840029 -1.4810154
-2.6795187 -1.2393712
-2.8673828 -1.2447929
-2.7007205 -1.0953304
-2.6998649 -0.8636932
-2.8849883 -0.8608481
-2.7291741 -0.7307189
-2.8101566 -0.5118066
-2.9878507 -0.5049155
-3.2466619 -0.3610792
-2.6646860 -0.1425222
-2.8988764 -0.1430581
0.0000000 0.0000000
0.0000000 0.0000000
-7.7854242 0.3277167
-8.2687922 0.2951281
-8.0244732 0.7072241
-7.4130321 0.9236854
-7.7460346 0.8197744
-7.3859625 1.2954092
-7.4484849 1.6638035
-7.8282018 1.5035108
-7.6158600 2.0523028
-7.7775521 2.4987357
-8.2352648 2.2748787
-8.0685940 2.9321132
-8.3711033 3.5591822
-8.9742489 3.2823703
-8.8451586 3.9991581
-9.2377653 4.8441472
-9.6882935 4.4208989
-8.7169123 5.1074224
-7.3765354 5.1326346
-7.1272788 4.3714333
-5.6304808 5.0341182
-3.4619219 4.3717265
-2.7221060 3.3974791
-0.9925731 3.3221724
1.1810142 2.6634254
1.8624161 2.2130504
3.2244039 2.1733792
5.4980826 1.4842951
6.3255496 0.8026681
7.7941399 0.9873393
7.7487597 0.0620662
9.1984282 -1.1670101
16.5165672 -2.4423611
16.2028484 -1.2181575
16.5256062 -2.1246452
23.0478859 -5.6871505
32.3982277 -9.2802477
35.8621483 -9.3128357
33.4936943 -6.8003273
11.6691542 -4.5375037
10.6718712 -4.3449020
7.7537403 -2.6662459
4.4016972 -3.9277544
4.9219923 -4.4790254
1.7753291 -4.5564032
-0.4777751 -4.8022532
-0.2875246 -5.1377263
-2.2140644 -4.9098935
-3.1078904 -4.6340079
-3.3994846 -4.9054260
-3.2777209 -4.1634669
-3.1204338 -3.6584799
-3.6104703 -3.8662412
-2.9161131 -3.2256804
-2.9442589 -2.8159380
-3.2535024 -2.9234481
-3.0810668 -2.5506346
-3.0797384 -2.2093267
-3.3454163 -2.2437885
-3.1114597 -2.0133862
-3.0918338 -1.6952844
-3.3238649 -1.7012039
-3.1031280 -1.5406424
-3.0793738 -1.2556313
-3.2881987 -1.2473074
-3.0874000 -1.1170477
-3.0751183 -0.8615354
-3.2694318 -0.8494011
-3.1069324 -0.7286030
-3.1543167 -0.4990406
-3.3389304 -0.4877599
-3.5241010 -0.3587497
-3.1361012 -0.1432932
-3.3706458 -0.1419896
0.0000000 0.0000000
0.0000000 0.0000000
-8.6826172 0.2594066
-9.0688314 0.2206228
-8.1667337 0.6027831
-8.0494194 0.7049172
-8.3320408 0.5923989
-8.0199862 1.0823752
-8.1572371 1.3176403
-8.4619770 1.1235780
-8.3620749 1.7034707
-8.6197729 2.0081027
-8.9770231 1.7235422
-9.0160284 2.4157276
-9.4990501 2.9447348
-9.9452353 2.5467429
-9.9761257 3.0978286
-10.0106478 3.8418517
-10.1297607 3.2080913
-8.6282272 3.5328212
-6.8992000 3.5702670
-6.5903683 2.8502803
-4.7048955 3.1990147
-2.0396574 2.6615238
-1.6511019 1.7775631
-0.0551673 2.3816524
2.3206253 1.7574768
3.0427461 0.7899370
4.9047656 0.4180969
7.1533046 0.1121124
7.7945061 -0.4722893
9.2994165 -0.5006086
10.8546104 -1.8785182
12.5714808 -2.3955057
17.0538044 -2.8142354
18.6737366 -3.5512657
20.4183960 -4.3509932
32.1706924 -8.5298290
37.4466019 -9.1126966
34.9684677 -7.5389471
22.9325523 -5.4879289
9.7611504 -4.5760231
9.7115250 -4.7391014
8.6842556 -4.4556465
5.2437739 -5.1083689
5.4484754 -5.5228662
2.6767120 -5.3287454
-0.1564312 -5.4235740
-0.3180895 -5.6330500
-2.3946247 -5.4234376
-3.8191237 -5.1296978
-4.1822424 -5.1953030
-4.4015851 -4.5790138
-4.2454848 -4.0472836
-4.8190455 -4.1230578
-3.8016033 -3.5013852
-3.6847899 -3.0340431
-4.0977216 -3.0484722
-3.7458296 -2.7049129
-3.6731532 -2.2797334
-3.9960544 -2.2571602
-3.6486769 -2.0787098
-3.5854566 -1.7045224
-3.8486702 -1.6727703
-3.5591826 -1.5525967
-3.5070553 -1.2366168
-3.7301652 -1.2037898
-3.4894037 -1.1033131
-3.4585977 -0.8360544
-3.6566188 -0.8085324
-3.4835343 -0.7043921
-3.5071380 -0.4755631
-3.6933219 -0.4568867
-3.7588475 -0.3441163
-3.6019380 -0.1397297
-3.8277225 -0.1356195
0.0000000 0.0000000
0.0000000 0.0000000
-9.3669043 0.1798564
-9.6323309 0.1367889
-8.2045326 0.4663210
-8.5725002 0.4770272
-8.7767229 0.3607428
-8.4832249 0.8173397
-8.7115240 0.9126623
-8.9195690 0.7019582
-8.9266911 1.2633080
-9.2764378 1.4050673
-9.5110188 1.0885047
-9.7555876 1.7581956
-10.2903347 2.0795436
-10.5437002 1.6312081
-10.6327810 1.9524990
-10.1884422 2.5560431
-10.1611099 1.9903647
-8.2861252 2.0227952
-6.2584023 2.1578691
-5.8770518 1.5357981
-3.7468882 1.6260943
-1.2204165 1.2698474
-0.7712684 0.6639597
1.1864371 0.8483437
3.7248368 0.1275182
4.1657777 -0.3244785
6.0381436 -0.6441770
8.4464779 -0.8443872
9.0087528 -1.1482586
10.5904989 -2.0049579
13.6986589 -2.6376245
14.7402525 -2.6705263
17.6512432 -3.1011100
24.5184269 -6.1870031
30.9936695 -9.5553293
35.5149612 -10.4124966
35.6603966 -10.4104519
29.8323555 -9.3273640
16.2748623 -5.9825816
9.7959051 -4.8495760
11.2412157 -5.3041143
8.9632235 -5.1994662
5.4996800 -5.5705914
5.8539705 -5.4459534
2.8478560 -5.4863558
-0.1631050 -5.6281152
-0.5350953 -5.5172796
-2.7329154 -5.4411840
-4.6178112 -5.2154570
-5.1005640 -5.1151729
-5.4868364 -4.5564089
-5.4055543 -4.1601534
-5.9994378 -4.1185508
-4.8460431 -3.5041194
-4.5640326 -3.0310771
-5.0332918 -2.9205387
-4.4848371 -2.6987700
-4.3294802 -2.2128477
-4.6778903 -2.1185219
-4.2259350 -2.0286148
-4.1096244 -1.6246166
-4.3823128 -1.5435245
-4.0302267 -1.4835484
-3.9430029 -1.1599214
-4.1650429 -1.0942645
-3.8902082 -1.0341879
-3.8363538 -0.7743262
-4.0266504 -0.7264827
-3.8396893 -0.6475016
-3.8548703 -0.4347327
-4.0332246 -0.4060693
-3.9519336 -0.3126430
-4.0444341 -0.1301159
-4.2500935 -0.1224745
0.0000000 0.0000000
0.0000000 0.0000000
-9.8085155 0.0861203
-9.9287930 0.0425423
-8.2166014 0.3058134
-8.9174871 0.2374648
-9.0123777 0.1097508
-8.7798672 0.4892596
-9.0682144 0.4803427
-9.1678352 0.2522905
-9.2905760 0.7293089
-9.6825895 0.7558215
-9.7963762 0.4263489
-10.2044315 0.9920732
-10.7554197 1.1955692
-10.9038057 0.7553567
-10.9944572 1.0009718
-10.1303234 1.4480999
-10.0727320 0.9157891
-7.8837442 0.8903000
-5.5478320 0.8929945
-5.0859146 0.4085363
-2.8835635 0.3649263
-0.2489909 -0.2461749
0.2414947 -0.6668270
2.3756971 -0.6405239
4.5446825 -0.9291261
4.9046845 -1.4056828
6.6131282 -0.8402970
9.3391008 -1.5598828
9.4639502 -2.4827843
12.0530663 -2.3695517
15.5184851 -2.3545749
15.5241337 -2.9639528
24.5590630 -6.8333092
33.1677589 -8.9023056
39.4579239 -9.9064369
34.0242615 -9.1532116
27.7304821 -8.3108158
19.8366051 -6.5206771
14.0147781 -6.0242524
10.7809134 -5.9011559
10.2544279 -5.4552612
8.8558064 -5.6384649
5.6001906 -5.2890229
5.5100660 -4.9833808
2.8683336 -5.2388945
-0.0912354 -5.1924362
-0.4091541 -4.9310842
-3.1889875 -5.1511960
-5.4610348 -4.9142303
-5.9277325 -4.6880774
-6.5280600 -4.0698667
-6.5838509 -3.9947391
-7.1693449 -3.7824318
-5.9269695 -3.2754388
-5.4763160 -2.7726808
-5.9525723 -2.5463672
-5.2309861 -2.4975379
-4.9916534 -1.9867465
-5.3334713 -1.8134632
-4.7980590 -1.8337206
-4.6247034 -1.4349674
-4.8826685 -1.2982647
-4.4830422 -1.3114367
-4.3582363 -1.0103658
-4.5610137 -0.9071800
-4.2635942 -0.8954040
-4.1866002 -0.6673701
-4.3547373 -0.5960522
-4.1534848 -0.5501332
-4.1765289 -0.3714108
-4.3332524 -0.3319559
-4.1033273 -0.2623136
-4.4398313 -0.1120687
-4.6145926 -0.1003872
0.0000000 0.0000000
0.0000000 0.0000000
-9.9807386 -0.0052536
-9.9621601 -0.0462378
-8.2184801 0.1266360
-9.0484791 -0.0215724
-9.0214081 -0.1533636
-8.9093285 0.1204784
-9.2159014 0.0156171
-9.2010698 -0.2194012
-9.4527636 0.1424109
-9.8670883 0.0873447
-9.8774977 -0.2617982
-10.4527321 0.1944685
-10.9760742 0.2772320
-11.0094595 -0.2228929
-11.1492100 0.0277684
-9.9946270 0.3992643
-9.9466972 -0.1497287
-7.4581537 -0.0481804
-4.7538238 -0.1210374
-4.4482727 -0.6339617
-1.8304628 -0.3585385
0.7547960 -1.0626979
0.9971553 -1.3628073
3.0615973 -1.9256401
5.3925567 -1.8463228
6.0277257 -2.1485839
7.8879056 -2.3889599
10.4045782 -3.1036868
10.8941975 -3.1312764
12.4328804 -2.6014490
19.8462944 -5.0322871
20.1498451 -4.9448590
31.7873402 -9.2498684
37.1578445 -11.4920340
38.3495941 -11.9148293
34.1086197 -10.3761454
22.1109352 -8.2911425
16.5290165 -5.7087474
12.1902933 -5.0696101
10.4459648 -4.6264768
10.3844681 -4.3835011
8.0296888 -4.6824660
5.2455130 -4.4159336
5.2361565 -3.9038494
2.7719128 -4.3547678
-0.1678975 -4.2650771
-0.2638920 -3.7046053
-3.3564687 -4.4202623
-6.1227684 -4.2965059
-6.4880648 -3.8538663
-7.6121764 -3.1113026
-7.7000999 -3.4624410
-8.2516394 -3.0258918
-6.9357429 -2.8118436
-6.3359890 -2.2483399
-6.7565718 -1.9143205
-5.9302649 -2.0715866
-5.6040888 -1.5840400
-5.8994932 -1.3314667
-5.3145676 -1.4746430
-5.0844140 -1.1243626
-5.3032722 -0.9316408
-4.8787017 -1.0258956
-4.7171559 -0.7798544
-4.8822851 -0.6394787
-4.5785375 -0.6829717
-4.4814615 -0.5105324
-4.6112566 -0.4158906
-4.4027410 -0.4101955
-4.4465714 -0.2852936
-4.5627289 -0.2322794
-4.2167983 -0.1919360
-4.7626004 -0.0843556
-4.8906021 -0.0698688
0.0000000 0.0000000
0.0000000 0.0000000
-9.8876429 -0.0829022
-9.7497616 -0.1165758
-8.1544390 -0.0553953
-8.9590273 -0.2988004
-8.8292856 -0.4354420
-8.8364038 -0.2668084
-9.1480856 -0.4700852
-9.0165548 -0.7096772
-9.3979425 -0.4593017
-9.8260927 -0.6315995
-9.6889277 -0.9910866
-10.4136133 -0.6579741
-11.0104294 -0.6943756
-10.9702959 -1.1686307
-11.2416477 -0.9515690
-9.8651257 -0.6608534
-9.8600454 -1.1556671
-7.0736003 -1.0645183
-4.0679579 -1.0494130
-3.9291949 -1.5552001
-0.8817680 -1.1104412
1.4966016 -1.6286210
1.5249498 -1.8258669
3.4738457 -1.7886012
6.3639383 -2.3125169
6.5750618 -2.3626144
9.0825129 -3.2174373
11.2920122 -3.6667306
12.8849630 -3.5776594
14.7861328 -4.4360785
25.7538548 -8.3556175
30.6541729 -9.5016422
37.1768074 -10.3552656
39.6373825 -9.4677038
32.7767410 -6.5905619
25.8095627 -6.1392813
15.9006853 -5.3910508
13.0955582 -4.5541229
12.4876642 -4.5148854
9.8729429 -4.2248831
9.3545399 -3.9489217
7.6235838 -3.8261216
5.0250096 -3.5028400
4.6936269 -3.0788786
2.4506073 -3.3310523
-0.2506792 -3.1419079
-0.5069976 -2.5230882
-3.1642389 -3.1661592
-6.6908965 -3.2211208
-6.8863997 -2.5287206
-8.5280390 -1.8651476
-8.6781073 -2.4598889
-9.0957146 -1.7804838
-7.7764983 -2.0020580
-7.0438833 -1.4929523
-7.3708415 -1.0424745
-6.4944391 -1.4073224
-6.0931463 -1.0177791
-6.3053131 -0.6892686
-5.7234092 -0.9561472
-5.4399285 -0.6974708
-5.5869131 -0.4557514
-5.1798296 -0.6338999
-4.9841156 -0.4710295
-5.0880971 -0.2980525
-4.8062916 -0.4032513
-4.6920590 -0.3046287
-4.7672577 -0.1900447
-4.5710416 -0.2313993
-4.6358285 -0.1741366
-4.6949053 -0.1109623
-4.2945752 -0.1039525
-4.9872813 -0.0503029
-5.0529327 -0.0333170
0.0000000 0.0000000
0.0000000 0.0000000
-9.5690155 -0.1510528
-9.3109169 -0.1818621
-7.9027605 -0.2389768
-8.6701193 -0.5803643
-8.4329147 -0.7108736
-8.5545101 -0.6483309
-8.8653851 -0.9664148
-8.6127806 -1.1993436
-9.1113129 -1.0623989
-9.5300455 -1.3648970
-9.2636328 -1.7167621
-10.1516857 -1.4911780
-10.8301859 -1.6802717
-10.5942307 -2.2456815
-11.2570419 -2.0632572
-9.7854033 -1.7374308
-9.7883701 -2.5244510
-6.8218694 -2.0050840
-3.7594125 -2.0353224
-3.9168577 -2.5255384
-0.4459171 -2.1563652
1.9941180 -2.2941432
2.1043293 -2.8097456
4.0721531 -1.9836946
6.7741771 -2.5029728
7.0043559 -2.8882241
9.8394794 -3.2109954
14.4159460 -3.7329135
15.5640726 -4.3889880
19.8666878 -5.3754764
29.8200169 -9.6401300
34.6718292 -11.3428850
37.0202980 -11.3425045
35.8774376 -11.0317259
32.5809631 -10.5243292
20.2186565 -6.6092463
12.9945059 -4.0580716
13.9443913 -4.1021414
11.0647440 -3.6570251
8.9762793 -3.2441299
8.5626059 -2.4251807
6.7038865 -2.8132904
4.4542050 -2.4040654
4.6400642 -1.7096937
1.8117462 -2.2750311
-0.8155598 -1.8719783
-0.8815106 -1.2790164
-3.3344066 -1.6260186
-7.0468707 -1.7016140
-7.2997899 -0.8379829
-9.2931767 -0.6600077
-9.3443718 -0.9840710
-9.5651522 -0.1899994
-8.3405352 -0.8526221
-7.5057688 -0.4959827
-7.6311431 0.0209745
-6.8656926 -0.5102647
-6.3980451 -0.3031931
-6.4813018 0.0792242
-5.9693270 -0.2947526
-5.6451411 -0.1745963
-5.6973281 0.1018521
-5.3460674 -0.1572630
-5.1246099 -0.0981198
-5.1534262 0.0971195
-4.9191799 -0.0741042
-4.7908583 -0.0569909
-4.8029332 0.0723701
-4.6439471 -0.0257167
-4.7150745 -0.0374336
-4.7152848 0.0346801
-4.3320374 -0.0006995
-5.0881743 -0.0152621
-5.0924201 0.0026272
0.0000000 0.0000000
0.0000000 0.0000000
-9.0301552 -0.2127212
-8.6622095 -0.2400749
-7.4647894 -0.4137801
-8.1783590 -0.8429008
-7.8428721 -0.9574010
-8.0620451 -1.0096728
-8.3564157 -1.4386206
-7.9875107 -1.6464808
-8.5800629 -1.6375638
-8.9916248 -2.0984390
-8.5402412 -2.4267864
-9.5257931 -2.3508887
-10.3082047 -2.8409698
-9.7714596 -3.3196893
-11.0123863 -3.4076259
-9.6848621 -3.2236691
-9.7382479 -3.9012315
-6.8350520 -3.3068550
-3.7830122 -2.9760540
-4.3612890 -3.6733987
-0.4423665 -2.9106219
2.1909909 -3.0233562
2.0047016 -3.6726594
4.6002235 -2.8334677
7.2423902 -3.5492167
7.3059926 -4.0653677
11.4214458 -3.6215167
17.2902393 -5.8441606
20.3226318 -7.0370774
28.8970261 -9.2963305
34.0972672 -8.3686523
35.8423729 -7.3084097
31.7923889 -5.0614343
26.8676548 -3.3630962
21.4329910 -2.3447924
18.6094036 -3.7673414
12.7303019 -4.6318860
10.0424404 -3.4903612
9.9106569 -2.6157742
7.4553103 -2.0057664
6.2061496 -2.0499511
6.3419614 -1.6330744
4.4360914 -1.1247007
4.3691497 -0.5435836
1.1427802 -1.2617022
-1.8280488 -0.5263301
-1.5498165 0.3710877
-3.9585114 0.1640100
-7.8126097 0.1342047
-8.1526108 1.4566833
-9.8605690 1.1309651
-9.5044823 0.7244194
-9.5231514 1.5556221
-8.4036198 0.5602047
-7.5824041 0.6181520
-7.5495768 1.1585659
-6.9341993 0.4945468
-6.4449492 0.5074976
-6.4073277 0.9028457
-5.9990578 0.4315925
-5.6603737 0.4103762
-5.6147599 0.6965702
-5.3468685 0.3606088
-5.1158085 0.3152058
-5.0639830 0.5176826
-4.8981533 0.2816516
-4.7650757 0.2171358
-4.7086411 0.3519621
-4.6060905 0.1971740
-4.6804442 0.1160107
-4.6181941 0.1920311
-4.2804308 0.1068832
-5.0640326 0.0217701
-5.0040302 0.0403972
0.0000000 0.0000000
0.0000000 0.0000000
-8.2933187 -0.2652492
-7.8339715 -0.2869953
-6.8578153 -0.5680410
-7.5025120 -1.0681958
-7.0849910 -1.1576957
-7.3765521 -1.3257153
-7.6332111 -1.8491862
-7.1689529 -2.0124145
-7.8044915 -2.1500859
-8.1393919 -2.7472992
-7.5788841 -2.9982510
-8.5218916 -3.0819085
-9.3156118 -3.8553429
-8.4757347 -4.2463660
-10.2940445 -4.4688606
-9.7276688 -4.7443810
-9.2740269 -5.6570125
-7.2838445 -4.9617248
-4.0173726 -4.1853094
-4.4798141 -5.2915010
-0.7899002 -3.9930437
2.1375427 -3.9741924
2.0817676 -4.5849838
5.2672992 -3.8859000
7.9707322 -4.3604727
8.3281269 -5.1461759
14.0387335 -4.9974270
23.5058517 -7.2867327
22.3453884 -7.1341772
28.1421070 -8.3042727
30.9499187 -9.8923349
31.0904369 -8.4982557
32.7546005 -10.6348858
28.3707771 -8.1633673
25.7538929 -4.7294407
13.0720921 -2.4425797
9.7735519 -1.8341975
10.6708002 -1.2965363
9.2155685 -0.6914254
5.3277488 -1.8703915
4.7492385 -1.3256499
5.4065189 -0.3410894
3.6970868 -0.0204477
2.0328166 0.5395207
0.6973067 0.1603390
-2.5280514 0.9577209
-3.5112040 2.3954148
-5.7078714 2.0894868
-8.1293411 2.5564430
-9.0024843 3.5301390
-10.0490589 2.8711336
-8.9938087 2.5440392
-8.5515738 3.1015387
-7.9972196 1.9661288
-7.3158340 1.7666914
-7.0205894 2.2772322
-6.6891665 1.5099503
-6.2366505 1.3343368
-6.0278468 1.7124187
-5.8007889 1.1657932
-5.4811835 1.0072528
-5.3175111 1.2827694
-5.1724854 0.8836530
-4.9515424 0.7366952
-4.8120360 0.9329242
-4.7358375 0.6404423
-4.6091819 0.4974759
-4.4817486 0.6287959
-4.4480872 0.4217604
-4.5283647 0.2744324
-4.4022059 0.3489197
-4.1238189 0.2132851
-4.9108448 0.0596742
-4.7863092 0.0784258
0.0000000 0.0000000
0.0000000 0.0000000
-7.3949609 -0.3037361
-6.8703241 -0.3187150
-6.1125073 -0.6929036
-6.6713147 -1.2355217
-6.2001443 -1.2945498
-6.5306816 -1.5738493
-6.7295146 -2.1554546
-6.2066946 -2.2629313
-6.8302779 -2.5441959
-7.0708880 -3.2140641
-6.4464989 -3.3810208
-7.2661653 -3.6826100
-7.7945609 -4.6005840
-6.8494024 -4.7923107
-8.5948448 -5.3416352
-8.9677782 -6.4960666
-7.6070957 -6.6331301
-7.8695354 -7.4133720
-5.0905871 -6.7354403
-3.9206247 -7.3949518
-2.0793436 -6.3306217
1.5223440 -5.9079843
2.3377392 -6.7488451
5.6323833 -5.6180363
9.0296364 -6.4429302
10.1795578 -7.7313461
16.9566956 -7.6637230
25.7419167 -7.1849785
25.3147793 -6.5660048
28.0033817 -3.7520137
28.7227497 -1.3743666
26.7252769 0.6979532
24.8604012 0.9141832
21.3329029 1.6034929
20.9451790 -0.2744337
13.1874094 -1.0525695
9.5931072 -0.2042899
10.1919308 1.2234563
9.0793638 1.3973272
5.0036769 -0.1956099
5.3109646 1.7506537
3.5891988 1.1960264
1.7255474 1.6288564
0.2660212 2.9524338
-0.8286646 2.6290996
-3.7546785 3.5533504
-5.7883706 5.2109327
-7.3095860 4.4037824
-8.8796883 5.4332776
-9.0049582 5.8158631
-8.9692593 4.4456916
-7.9666839 3.7564156
-7.2826905 4.3005447
-7.1665764 3.2190909
-6.6992903 2.7575626
-6.1996355 3.2061167
-6.1347737 2.4242344
-5.7796440 2.0707219
-5.4215279 2.4123232
-5.3786707 1.8331603
-5.1134634 1.5527699
-4.8409395 1.8046136
-4.8284326 1.3661469
-4.6373763 1.1300299
-4.4144435 1.3093370
-4.4365005 0.9758007
-4.3267379 0.7625321
-4.1315088 0.8831130
-4.1728354 0.6324969
-4.2601728 0.4260060
-4.0731549 0.4945395
-3.8637545 0.3118170
-4.6299367 0.0963985
-4.4455447 0.1143186
0.0000000 0.0000000
0.0000000 0.0000000
-6.3816290 -0.3260169
-5.8227062 -0.3337705
-5.2704759 -0.7800590
-5.7320819 -1.3344079
-5.2382302 -1.3612701
-5.5760336 -1.7359073
-5.7031965 -2.3350000
-5.1651926 -2.3817837
-5.7226849 -2.7850649
-5.8459835 -3.4781792
-5.2190232 -3.5438807
-5.8998504 -4.0076885
-6.1098466 -4.8695760
-5.2990427 -4.9642305
-6.3737631 -5.6009126
-6.9870090 -6.9394436
-5.4181466 -6.9480171
-7.2365227 -8.3786516
-5.4516611 -9.1033096
-4.1095791 -9.3720741
-2.9394894 -9.0580673
1.0509338 -8.7594900
1.6011990 -9.7164574
6.0815902 -8.7787771
11.6281147 -8.6238346
11.5058298 -9.3831015
13.9800129 -9.3695383
19.6603680 -8.3843307
21.0423126 -7.5729175
23.2712650 -7.8370948
24.9442673 -6.9528236
24.5385857 -3.4759989
24.2290173 -2.4874661
19.1131344 2.8927741
16.0590668 5.2440410
12.7645979 2.5676553
10.3172064 1.9093901
8.3010235 3.4875872
7.6306663 3.4478140
5.0596051 3.6155653
4.9065833 5.1449323
1.9070448 4.0114746
-0.5808241 5.1765647
-0.9809524 6.9951611
-3.0016623 6.0916162
-5.8675694 7.1679134
-6.7865400 8.4866953
-8.0084076 7.2896333
-8.0912132 6.5578799
-6.7370272 6.8189282
-7.0251799 5.6926088
-6.7072096 4.6121240
-5.8619514 5.0670719
-6.0628486 4.1941481
-5.8033223 3.4840846
-5.2118435 3.8563378
-5.3478541 3.1518698
-5.1147900 2.6585000
-4.6723804 2.9431508
-4.7799206 2.3838778
-4.5856009 2.0065894
-4.2371883 2.2214730
-4.3405423 1.7747275
-4.1925225 1.4656993
-3.9043691 1.6218017
-4.0165143 1.2654029
-3.9310985 0.9943092
-3.6787059 1.0995027
-3.7915969 0.8166975
-3.8858321 0.5605441
-3.6448750 0.6205655
-3.5095403 0.3968996
-4.2311282 0.1296316
-3.9943709 0.1458369
0.0000000 0.0000000
0.0000000 0.0000000
-5.3067837 -0.3313412
-4.7437792 -0.3328227
-4.3788009 -0.8263377
-4.7374473 -1.3625367
-4.2520862 -1.3610383
-4.5737991 -1.8034693
-4.6278090 -2.3805120
-4.1194730 -2.3737566
-4.5763478 -2.8561327
-4.5881724 -3.5213933
-4.0425940 -3.4910512
-4.5010767 -4.0618916
-4.4854264 -4.8821735
-3.9211211 -4.8024435
-4.2853994 -5.5529237
-4.2711921 -6.6460247
-3.7141266 -6.4113889
-4.1319909 -7.6130047
-3.6544430 -9.1189861
-3.0706527 -8.3254929
-1.9093065 -10.4302683
1.1320474 -10.4656096
0.6703700 -10.2410374
5.1356826 -9.5917950
9.9683332 -8.4304609
7.7082033 -7.4595742
14.3615952 -6.6182785
17.0209026 -5.1814399
15.0940657 -0.7222956
18.7554588 -1.8989342
16.0963573 3.7851703
16.8018646 0.3699551
15.1980534 6.4134955
19.2698364 2.5131230
18.1480045 3.9149942
16.1795998 2.3619189
7.0565243 6.2601213
6.3123956 9.9711943
5.1805887 7.3664956
3.9930549 7.2929020
2.9278684 9.5387573
-0.6008251 8.8136606
-1.8409215 9.0719624
-1.6209340 10.6785355
-5.1177964 9.9803905
-6.6305156 9.6244669
-4.4555769 9.4294291
-6.0906520 8.2392960
-5.7542744 6.8967357
-4.5515866 7.0370641
-5.3962379 6.1774383
-5.2509370 5.2453918
-4.4130564 5.4571981
-4.9062896 4.7462268
-4.7653308 4.0200763
-4.1365824 4.2605548
-4.4564557 3.6560833
-4.3233085 3.0892837
-3.8296797 3.3115675
-4.0706310 2.7940083
-3.9442954 2.3541636
-3.5480711 2.5280743
-3.7500730 2.0942118
-3.6462860 1.7327428
-3.3128109 1.8612000
-3.5015619 1.4977483
-3.4428091 1.1828359
-3.1478684 1.2709543
-3.3223598 0.9669118
-3.4205875 0.6725456
-3.1369035 0.7230477
-3.0751202 0.4657855
-3.7308965 0.1567353
-3.4510393 0.1718653
0.0000000 0.0000000
0.0000000 0.0000000
-4.2218351 -0.3231363
-3.6785088 -0.3201303
-3.4833083 -0.8342698
-3.7404804 -1.3314613
-3.2890320 -1.3097463
-3.5824442 -1.7891620
-3.5698333 -2.3104098
-3.1305900 -2.2619972
-3.4677913 -2.7937629
-3.3777547 -3.3594038
-2.9691069 -3.2521362
-3.1934721 -3.9051528
-2.9902511 -4.5302615
-2.6852977 -4.3009462
-2.6756728 -5.1583128
-2.2661526 -5.8802156
-2.1790903 -5.3919883
-1.6718545 -6.6692348
-1.0027847 -7.3881965
-1.1508619 -6.5675936
-0.1929863 -8.1480408
1.4292079 -8.9281645
1.0418478 -7.3537822
3.5342364 -9.1925974
6.1192255 -8.2632122
5.0935888 -6.9814825
8.9817448 -5.9489579
10.8193207 -3.5671449
8.1171360 -3.8950965
13.0783358 0.6695122
14.4331398 4.2910991
10.1313248 -0.2422653
13.8275681 7.4911089
13.2009630 10.7633524
11.1151552 5.6127090
9.7203465 12.9041376
8.9957123 10.5596437
7.5961819 10.4593010
5.6770420 10.3295031
1.3347381 11.9420300
1.8381382 12.2085314
-0.9605762 11.8146000
-2.9190059 11.4170532
-1.0299604 10.4955988
-3.3930435 10.0978289
-3.7167792 8.6118221
-2.3218508 8.4747791
-3.8144410 7.8580999
-3.9614425 6.8447843
-2.9290156 6.8397050
-3.8868771 6.2377973
-3.8839047 5.4535990
-3.1205473 5.5243011
-3.7553756 4.9607840
-3.6928587 4.3262239
-3.0955045 4.4402356
-3.5382786 3.9246173
-3.4597285 3.3931637
-2.9692655 3.5242870
-3.3060458 3.0607483
-3.2337494 2.6027706
-2.8124902 2.7340791
-3.0956855 2.3196690
-3.0303645 1.9306000
-2.6668806 2.0326505
-2.9203901 1.6707379
-2.8856518 1.3270493
-2.5594869 1.3982706
-2.7869439 1.0818123
-2.8836017 0.7613137
-2.5684006 0.8036302
-2.5794978 0.5193225
-3.1449866 0.1820296
-2.8343258 0.1960119
0.0000000 0.0000000
0.0000000 0.0000000
-3.1669405 -0.3058079
-2.6565502 -0.2998488
-2.6190288 -0.8132201
-2.7820845 -1.2605120
-2.3721170 -1.2277120
-2.6485667 -1.7151246
-2.5926654 -2.1633162
-2.2146006 -2.0922470
-2.4794197 -2.6274040
-2.3404438 -3.0748799
-2.0143368 -2.9345937
-2.1525922 -3.5613549
-1.8995340 -4.0037718
-1.6626652 -3.7384419
-1.5910498 -4.4953136
-1.1796256 -4.9156246
-1.0739627 -4.4372625
-0.6867418 -5.4295492
0.0554090 -5.7686605
-0.0494755 -4.9916182
0.8549902 -5.9954185
1.8357061 -6.0659022
1.4815766 -5.0833864
2.8501678 -6.0208173
4.1063805 -5.5322366
3.4163899 -4.2595167
5.8157277 -4.6692824
6.8526320 -3.3949921
5.3323708 -2.5128651
7.9465065 -0.9589031
8.4199982 0.6163693
6.2236676 0.3824129
8.6828852 2.8835232
8.5301600 5.0988865
6.1339788 4.1892319
7.7102699 7.0880947
6.0716271 9.2961044
4.2982874 7.3626380
3.9049606 9.8560877
2.1487267 10.2061577
1.8853066 8.5656252
0.6064475 9.6820765
-0.5188549 9.0616198
-0.0506028 8.3530750
-1.3186877 8.5522203
-1.8819813 7.7798538
-1.2264799 7.4477568
-2.2274327 7.2590690
-2.4954464 6.5350022
-1.8155768 6.4170032
-2.6027088 6.0487022
-2.6998873 5.4165401
-2.0760427 5.4141765
-2.6944015 4.9791427
-2.7002237 4.4297705
-2.1565087 4.4795518
-2.6405878 4.0390110
-2.6076810 3.5556445
-2.1386564 3.6280251
-2.5290363 3.2080517
-2.4862981 2.7758083
-2.0732656 2.8559964
-2.4057431 2.4655378
-2.3710542 2.0684402
-1.9948156 2.1490848
-2.2953963 1.7898972
-2.2810133 1.4299688
-1.9353163 1.4891356
-2.2058311 1.1648262
-2.2969165 0.8264099
-1.9530362 0.8619996
-2.0437701 0.5547249
-2.4883482 0.2044550
-2.1561596 0.2074770
0.0000000 0.0000000
0.0000000 0.0000000
-2.1680744 -0.2866136
-1.6858195 -0.2800661
-1.8100041 -0.7741568
-1.8919585 -1.1791996
-1.5121965 -1.1435335
-1.8004916 -1.6117483
-1.7338740 -2.0025365
-1.3901429 -1.9309516
-1.6405036 -2.4225097
-1.5124905 -2.7891824
-1.2090232 -2.6590030
-1.3628240 -3.1906860
-1.1537439 -3.5153513
-0.9038661 -3.2782001
-0.9183047 -3.8650763
-0.5988024 -4.1170740
-0.4303795 -3.7080956
-0.2534908 -4.3766398
0.2686372 -4.4677510
0.2673511 -3.8825788
0.8097169 -4.5014744
1.4844652 -4.3500190
1.2057229 -3.6502018
2.1749890 -3.9216435
2.7919705 -3.4803863
2.2267177 -2.7777696
3.6212521 -2.5890391
4.1475544 -1.7594545
3.1329157 -1.2739162
4.7286997 -0.0812314
5.0404286 0.7252983
3.5789454 0.8388550
5.1401372 2.3836381
4.9048929 3.6832170
3.3832755 3.2710936
4.5096965 4.9248672
3.7842176 6.1973534
2.4737427 5.2874355
2.8896909 6.7505393
2.0068614 7.4695706
1.2395265 6.4923091
1.0440937 7.4606309
0.3330335 7.5407200
0.1199331 6.8240085
-0.3472864 7.2743092
-0.8007706 6.9696612
-0.6515956 6.5305657
-1.1637802 6.6250329
-1.4161359 6.1570377
-1.0605136 5.9539075
-1.5832980 5.7746234
-1.7068628 5.2870717
-1.2549527 5.2483053
-1.7630521 4.9051576
-1.8050262 4.4380565
-1.3326097 4.4778023
-1.7999680 4.0729942
-1.7997323 3.6360688
-1.3484671 3.6974869
-1.7671832 3.2910755
-1.7485025 2.8828170
-1.3322514 2.9422393
-1.7061551 2.5600131
-1.6868117 2.1747036
-1.3038998 2.2252903
-1.6438544 1.8739213
-1.6434937 1.5037234
-1.2858795 1.5464112
-1.5915626 1.2260997
-1.6736274 0.8658403
-1.3179865 0.8934490
-1.4639539 0.6094387
-1.7995038 0.1846435
-1.4294873 0.2211109
0.0000000 0.0000000
0.0000000 0.0000000
-1.2288065 -0.2751066
-0.7467585 -0.2819444
-1.0559883 -0.7416880
-1.0725951 -1.1274657
-0.6641017 -1.1302192
-1.0336373 -1.5323923
-0.9780795 -1.8939940
-0.5987949 -1.8507253
-0.9228829 -2.2681465
-0.8330064 -2.5984430
-0.5029951 -2.4256415
-0.7438998 -2.9299152
-0.6105276 -3.2064219
-0.3469948 -2.7996762
-0.4734742 -3.4572334
-0.2826794 -3.6385491
-0.1040052 -2.9843042
-0.0892496 -3.7390006
0.2118537 -3.7466207
0.2483137 -3.0342102
0.4921558 -3.6034765
0.8559261 -3.4131906
0.6709059 -2.7089777
1.2182904 -2.9221029
1.5405010 -2.5091438
1.0928638 -1.9042069
1.9417768 -1.6909508
2.1769185 -1.0495361
1.4357936 -0.6761165
2.5258825 0.2978014
2.6069033 0.9488689
1.5583098 1.0170696
2.7142119 2.1483972
2.5642962 3.1402473
1.3974558 2.7817733
2.3835518 4.0630345
2.0517998 4.9945865
0.9817088 4.2597051
1.6625514 5.5663505
1.2412269 6.1927285
0.4465219 5.2085261
0.7807496 6.4073620
0.4026904 6.6497545
-0.0377716 5.5630331
0.0188368 6.5999918
-0.2566567 6.5003695
-0.3690305 5.5188336
-0.4946341 6.2817006
-0.6593381 5.9559374
-0.5481866 5.3191581
-0.7914191 5.6462884
-0.8858327 5.2438135
-0.6223960 4.9767728
-0.9455079 4.9001927
-0.9898078 4.4807940
-0.6401274 4.4923553
-1.0070096 4.1359210
-1.0220537 3.7248342
-0.6303689 3.8956716
-1.0156641 3.3870511
-1.0149674 2.9925778
-0.6095965 3.2257431
-0.9974970 2.6635759
-0.9930923 2.2844889
-0.5900043 2.5172148
-0.9720555 1.9675153
-0.9853846 1.5979964
-0.5980717 1.7959437
-0.9613179 1.2975900
-1.0321624 0.9461997
-0.6888999 1.0923122
-0.9545154 0.5490372
-1.0271304 0.5431535
-0.4806216 0.1865492
0.0000000 0.0000000
0.0000000 0.0000000
-0.2778001 -0.2970516
0.0000000 0.0000000
-0.2661743 -0.7172145
-0.2520688 -1.1728874
0.0000000 0.0000000
-0.2462768 -1.5553235
-0.2408380 -1.9648139
0.0000000 0.0000000
-0.2325482 -2.3334875
-0.2200394 -2.6903973
0.0000000 0.0000000
-0.2022260 -3.0210137
-0.1696566 -3.2995858
0.0000000 0.0000000
-0.1341881 -3.5356886
-0.0692126 -3.6904433
0.0000000 0.0000000
-0.0143599 -3.7378900
0.0549047 -3.6895113
0.0000000 0.0000000
0.1264652 -3.5151079
0.2036602 -3.2368159
0.0000000 0.0000000
0.2991422 -2.7674940
0.3592924 -2.2368796
0.0000000 0.0000000
0.4642575 -1.4966780
0.4950510 -0.7902015
0.0000000 0.0000000
0.6026703 0.2900521
0.6090420 1.1819489
0.0000000 0.0000000
0.6578502 2.1980209
0.6151282 3.2515721
0.0000000 0.0000000
0.5927119 4.0754170
0.5099990 5.0292797
0.0000000 0.0000000
0.4361978 5.5968585
0.3315596 6.2538171
0.0000000 0.0000000
0.2336485 6.5369396
0.1297460 6.8376031
0.0000000 0.0000000
0.0261375 6.8455935
-0.0544342 6.8202567
0.0000000 0.0000000
-0.1366947 6.6209340
-0.1851515 6.3483405
0.0000000 0.0000000
-0.2194969 6.0294456
-0.2398973 5.6349759
0.0000000 0.0000000
-0.2519141 5.2530432
-0.2562948 4.8224683
0.0000000 0.0000000
-0.2573818 4.4216499
-0.2533709 3.9890819
0.0000000 0.0000000
-0.2485822 3.5967176
-0.2413764 3.1775873
0.0000000 0.0000000
-0.2345459 2.8039989
-0.2285334 2.4025202
0.0000000 0.0000000
-0.2200439 2.0485766
-0.2342701 1.6591743
0.0000000 0.0000000
-0.2219192 1.2908527
-0.2749853 1.0111187
0.0000000 0.0000000
-0.1317805 0.2980238
-0.2950408 -0.0034442
0.0000000 0.0000000
0.0000000 0.0000000
-29.68943
-29.4267
-28.67983
-30.96729
-34.11402
-37.58321
-41.76315
-47.04462
-54.7151
-67.67042
-94.04369
-152.4186
-231.9988
-36.10856
-78.08258
-18.52006
-9.396311
-4.370141
-2.804388
-2.831504
-3.516771
-4.419809
-5.188313
-5.666112
-5.988778
-6.208865
-30.08712
-29.75563
-29.65877
-31.64163
-34.56368
-37.87167
-41.94417
-47.02185
-54.00142
-65.061
-87.02342
-156.7699
-185.6408
-8.594637
-81.80186
-19.0399
-7.788293
-3.650448
-2.54136
-2.771203
-3.5247
-4.408842
-5.182395
-5.691299
-6.095443
-6.310062
-31.43421
-31.22331
-31.91066
-33.56422
-36.03772
-39.16343
-42.94872
-47.2909
-52.34179
-58.40189
-64.83939
-75.36528
-110.4192
-31.17953
-43.82723
-14.91645
-3.871011
-1.867305
-1.973382
-2.789135
-3.808934
-4.787795
-5.616996
-6.196895
-6.604436
-6.80367
-33.53584
-33.48353
-34.74442
-36.18132
-38.54666
-41.54018
-44.93939
-48.3608
-51.0989
-52.23589
-52.47604
-54.98742
-15.48118
55.44098
-37.5127
-6.998648
0.3226168
0.2226823
-1.356573
-2.992801
-4.414955
-5.570819
-6.459245
-7.091882
-7.466236
-7.661396
-36.38883
-36.51817
-38.1485
-39.66773
-42.10332
-45.12288
-48.36013
-51.07826
-51.85432
-47.90739
-35.85924
0.1664085
14.09442
56.67497
45.65465
19.19221
8.135281
2.588076
-1.075867
-3.642586
-5.48359
-6.816295
-7.744668
-8.38588
-8.712758
-8.891183
-40.01198
-40.34037
-42.19597
-44.06555
-46.80229
-50.2149
-53.84425
-56.93798
-57.35929
-51.5255
-36.93665
-10.66299
-26.8732
12.41806
42.38955
22.58274
10.02977
2.735506
-1.945831
-5.077794
-7.180525
-8.59647
-9.506591
-10.09581
-10.35528
-10.49782
-44.32377
-44.85376
-46.89027
-49.34113
-52.76952
-57.15749
-62.22785
-67.87355
-71.26382
-67.05384
-53.10245
-34.72988
-34.70916
-18.02548
4.885903
13.99724
7.223331
0.4527383
-4.315912
-7.540939
-9.641572
-10.97048
-11.76199
-12.22746
-12.38992
-12.482
-49.09025
-49.81313
-52.09291
-55.33236
-59.89378
-66.07707
-74.74876
-85.33673
-91.36635
-89.05121
-76.63631
-61.17222
-56.67109
-21.85156
5.61806
9.351324
2.7133
-3.888245
-8.36162
-11.20951
-12.9644
-13.9699
-14.50094
-14.76096
-14.79518
-14.83028
-53.88753
-54.78991
-57.42044
-61.64028
-67.75649
-76.34637
-89.92242
-103.8988
-110.0798
-106.7062
-96.11684
-81.83877
-72.88945
-12.92319
17.05679
3.654605
-5.357346
-10.97706
-14.38991
-16.25444
-17.191
-17.57939
-17.67609
-17.63908
-17.51548
-17.49381
-58.14458
-59.212
-62.234
-67.48335
-75.44879
-86.86948
-103.7588
-118.3121
-122.5948
-119.8071
-110.7004
-92.86925
-63.70376
-16.0803
-12.34741
-16.30368
-20.81457
-22.05877
-22.69712
-22.73121
-22.26416
-21.70364
-21.18031
-20.75336
-20.44235
-20.36706
-61.14688
-62.38107
-65.75368
-71.89149
-81.4725
-95.47314
-113.8597
-127.6064
-132.5033
-129.7431
-121.9119
-108.3459
-80.61853
-50.40678
-45.69299
-43.32813
-41.35532
-36.55643
-33.12109
-30.30526
-27.92763
-26.12849
-24.82285
-23.92871
-23.39981
-23.26838
-61.99942
-63.45768
-67.15593
-74.00349
-84.74044
-100.5167
-119.018
-132.1711
-137.7583
-136.3562
-132.1109
-124.7957
-91.94716
-61.44817
-69.99279
-70.18266
-64.38195
-52.80829
-44.66111
-38.26715
-33.69638
-30.49932
-28.31741
-26.91274
-26.14831
-25.94463
-60.14255
-61.55389
-65.62442
-73.1031
-84.78474
-101.9911
-120.551
-132.4463
-138.8965
-139.1075
-134.9253
-127.409
-116.9915
-111.8924
-103.4457
-96.83566
-86.78759
-69.33459
-55.64588
-45.66911
-38.94242
-34.35876
-31.30283
-29.38963
-28.39436
-28.11503
-55.34649
-56.55008
-60.95904
-68.88742
-81.30088
-99.87493
-119.3487
-130.1667
-136.2367
-139.8191
-139.7335
-145.9663
-132.1271
-124.2494
-120.2556
-115.4647
-104.7736
-84.10515
-64.51971
-51.54598
-42.98641
-37.21428
-33.39611
-31.02681
-29.80578
-29.4776
-47.83852
-48.96247
-53.29782
-61.23035
-73.93128
-93.83005
-114.7222
-126.573
-131.675
-137.3386
-132.4822
-133.5941
-156.0866
-142.2445
-135.9741
-128.9105
-117.8551
-94.37111
-70.05588
-55.06026
-45.19286
-38.60158
-34.25679
-31.54859
-30.11242
-29.77121
-37.96124
-38.96044
-42.88116
-50.18089
-62.23606
-83.06714
-107.7515
-120.0726
-125.8144
-133.62
-136.7432
-126.276
-132.2535
-136.7505
-138.721
-134.9375
-123.8751
-98.77721
-71.41228
-55.58783
-45.18714
-38.26938
-33.71352
-30.85912
-29.31392
-28.95016
-26.29488
-27.10422
-30.31991
-36.3908
-46.52166
-64.97915
-94.17062
-107.8905
-113.8054
-117.2019
-108.5674
-125.7864
-151.2524
-140.7216
-138.542
-135.5348
-123.0956
-94.42095
-68.71869
-53.11263
-42.93163
-36.19675
-31.76772
-28.97965
-27.44781
-27.06318
-13.62238
-14.19612
-16.48063
-20.85388
-28.20236
-40.46212
-69.46669
-90.30209
-98.36344
-100.1628
-103.7539
-82.22047
-112.0102
-130.8352
-133.5536
-130.4923
-113.8663
-82.67892
-61.06352
-47.35881
-38.43089
-32.49177
-28.55296
-26.0431
-24.63562
-24.25014
-0.7987631
-1.11937
-2.3733
-4.782625
-8.795091
-15.59739
-29.99909
-55.03116
-65.88971
-49.99526
-46.16239
-68.67638
-96.09751
-120.8933
-130.38
-121.9144
-97.31096
-67.18359
-49.9191
-39.26664
-32.26109
-27.54029
-24.36536
-22.30424
-21.11572
-20.75643
11.34149
11.25464
10.9704
10.42783
9.506234
7.761789
4.804697
-2.718829
-0.1749022
21.18631
8.802044
-26.35553
-74.00905
-97.39151
-100.1703
-91.91482
-64.52495
-47.84774
-37.19205
-30.04689
-25.22386
-21.90672
-19.6252
-18.1072
-17.19812
-16.89477
22.13619
22.2375
22.7362
23.70741
25.40375
28.3774
33.6
41.974
53.48596
71.50009
58.82935
29.85066
-6.042408
-49.84701
-55.60593
-43.35659
-34.40435
-28.60755
-24.14261
-20.67699
-18.05943
-16.15174
-14.78203
-13.82861
-13.22241
-12.98478
31.12889
31.37211
32.44196
34.50026
37.92953
43.35862
51.29225
63.49432
76.67424
88.31134
89.16935
81.63095
66.34666
28.62967
3.574358
-7.438502
-11.4985
-12.7313
-12.68119
-12.12545
-11.43038
-10.78024
-10.23954
-9.814156
-9.504737
-9.35373
38.08265
38.41246
39.79063
42.35216
46.3929
52.32523
60.46893
71.48996
83.65261
92.22365
95.34626
91.72749
78.31912
55.05812
31.3418
14.33398
4.558919
-0.8000981
-3.666399
-5.15601
-5.891111
-6.225668
-6.351979
-6.358646
-6.294136
-6.254564
42.94144
43.30926
44.79138
47.48119
51.58232
57.37293
65.11757
74.45318
84.17166
91.52801
94.22932
90.25253
78.66393
61.19223
42.23611
26.05372
14.52687
7.231815
2.712802
-0.06326745
-1.752082
-2.77463
-3.379821
-3.706706
-3.815801
-3.691846
45.747
46.14776
47.66549
50.3296
54.3112
59.85669
67.19251
75.49879
83.72246
89.82861
91.95717
87.9714
77.71624
62.82874
46.38504
31.33539
19.61011
11.63993
6.3838
2.965176
0.7730438
-0.6227928
-1.49734
-1.992393
-2.103394
-2.18763
46.44926
46.82433
48.33658
51.0377
55.06013
60.59156
67.68585
75.70838
83.57618
89.32279
91.23951
87.24129
77.3117
63.03473
47.25648
32.7706
21.19084
12.90459
7.3655
3.740174
1.39607
-0.1030293
-1.049917
-1.618755
-1.777462
0
