0.0000000 0.0000000
0.0000000 0.0000000
0.0000000 0.0000000
0.0000000 0.0000000
0.0000000 0.0000000
0.0000000 0.0000000
0.0000000 0.0000000
0.0000000 0.0000000
0.0000000 0.0000000
0.0000000 0.0000000
0.0000000 0.0000000
0.0000000 0.0000000
0.0000000 0.0000000
0.0000000 0.0000000
0.0000000 0.0000000
0.0000000 0.0000000
0.0000000 0.0000000
0.0000000 0.0000000
0.0000000 0.0000000
0.0000000 0.0000000
0.0000000 0.0000000
0.0000000 0.0000000
0.0000000 0.0000000
0.0000000 0.0000000
0.0000000 0.0000000
0.0000000 0.0000000
0.0000000 0.0000000
-0.2493577 0.2233154
-0.3348717 0.5254318
-0.4193735 0.8913146
-0.5519831 1.3672496
-0.7686013 2.0232306
-1.1210864 2.9625831
-1.6900904 4.3432889
-2.5194871 6.3933387
-3.3144605 9.1760187
-4.4117403 12.4430838
-6.9811749 15.1702471
7.3296428 11.8446369
19.3297977 -13.8639975
-5.0608225 -14.4190311
-4.4830103 -13.0672588
-2.5503764 -9.1598082
-2.4179249 -6.5217304
-1.7298840 -4.7073216
-1.2305276 -3.3148377
-0.8865144 -2.2848449
-0.6494085 -1.5434449
-0.4925087 -1.0086930
-0.3943343 -0.6055611
-0.3296897 -0.2800817
0.0000000 0.0000000
0.0000000 0.0000000
-0.5404331 0.2636976
-0.6924582 0.5637829
-0.8617113 0.9086932
-1.1310579 1.3351268
-1.5666208 1.8851486
-2.2638049 2.6213474
-3.3211596 3.6677985
-4.9817472 5.1886497
-6.8800330 8.2391825
-7.4135733 12.3707132
4.7047892 7.5570273
22.4640942 7.9743757
30.2312260 -7.7635846
5.9599366 -8.2666149
-6.7351918 -10.2952080
-6.3805680 -7.7844052
-4.2089267 -5.9730821
-3.1609888 -4.1728339
-2.2747598 -2.8903382
-1.6403160 -2.0163553
-1.2129052 -1.3957310
-0.9347707 -0.9326038
-0.7605246 -0.5642677
-0.6162235 -0.2471081
0.0000000 0.0000000
0.0000000 0.0000000
-0.7676194 0.2275480
-0.9721354 0.4629836
-1.1880733 0.7264997
-1.5259750 1.0350438
-2.0552163 1.4143192
-2.8802359 1.9075150
-4.1742778 2.6082458
-6.2387819 3.9439073
-11.1633673 4.3208294
-5.1796217 3.7404375
4.5581441 -0.6371304
30.0477104 5.1691022
25.4879837 -7.4480038
-0.9451514 -1.9666948
-4.0931649 -1.7761645
-9.7389688 -3.6103702
-6.3564577 -3.7486200
-4.3300939 -2.6171079
-3.0273230 -1.8522916
-2.1773453 -1.3463839
-1.6264342 -0.9729510
-1.2718426 -0.6704232
-1.0451912 -0.4101772
-0.8341486 -0.1762816
0.0000000 0.0000000
0.0000000 0.0000000
-0.9157450 0.1647997
-1.1556869 0.3161694
-1.3867357 0.4744127
-1.7335521 0.6416922
-2.2598193 0.8267021
-3.0622971 1.0629569
-4.3560987 1.2586424
-6.3809471 0.0984797
-8.0722361 -5.5706425
-7.2029824 -3.2306151
15.3182993 -7.1213365
29.5273762 3.3655777
24.4327202 -3.5718489
2.7655361 4.2369385
-4.0842967 -0.1089038
-11.2210236 2.9577477
-7.5197859 -0.2652786
-4.8100915 -0.4740292
-3.3329818 -0.5905820
-2.4321337 -0.5686916
-1.8509744 -0.4808052
-1.4740453 -0.3633826
-1.2268465 -0.2313955
-0.9687336 -0.0984322
0.0000000 0.0000000
0.0000000 0.0000000
-0.9872572 0.0932999
-1.2424879 0.1585684
-1.4601649 0.2086468
-1.7672662 0.2257889
-2.2103913 0.1759867
-2.8338609 -0.0246427
-3.6826506 -0.1770899
-4.8717003 -2.2645097
-5.4816523 -5.6781383
-4.1541910 -9.4504519
7.1921539 -8.4206648
27.3086147 3.0753057
22.2860508 -1.4195095
16.0324326 9.0683479
-1.9213799 7.1186690
-8.4841290 5.8860846
-6.3858089 1.9623318
-4.4198670 0.8676971
-3.1841648 0.3297660
-2.3970368 0.0595125
-1.8821421 -0.0522760
-1.5409188 -0.0809249
-1.3041984 -0.0642034
-1.0242006 -0.0252198
0.0000000 0.0000000
0.0000000 0.0000000
-0.9936419 0.0242910
-1.2454852 0.0107357
-1.4283665 -0.0383170
-1.6679151 -0.1500969
-1.9891803 -0.3656868
-2.3967378 -0.7911448
-2.8608494 -1.3670534
-3.4509685 -2.8193586
-3.9778221 -4.3820677
-4.2657547 -5.6567264
2.2560842 -7.4696121
15.9219923 -1.4659615
19.7137833 1.9231209
7.6552610 11.7209902
-1.8575375 11.4316607
-3.5533321 6.4415746
-3.7110207 3.3102069
-3.2370074 1.7386751
-2.6285470 0.9522130
-2.1288466 0.5157207
-1.7571728 0.2700506
-1.4929504 0.1375906
-1.2964182 0.0696806
-1.0295097 0.0344140
0.0000000 0.0000000
0.0000000 0.0000000
-0.9666004 -0.0339440
-1.1858666 -0.1078174
-1.3187670 -0.2211310
-1.4768400 -0.3985496
-1.6676773 -0.6743562
-1.8686651 -1.1160599
-2.0581384 -1.7599280
-2.1486576 -2.4541943
-1.7306153 -3.9160671
-0.7610222 -4.7285109
2.6746938 -7.5313139
7.8412271 -3.8766849
9.3874283 1.7193183
5.0248613 6.9351101
1.0179204 6.6228805
-1.2632067 4.9800091
-1.8490562 3.3738539
-2.0193243 2.0976865
-1.9249146 1.2910297
-1.7301496 0.7984923
-1.5291796 0.4911030
-1.3611259 0.2958478
-1.2179929 0.1688033
-0.9817732 0.0786900
0.0000000 0.0000000
0.0000000 0.0000000
-0.8977532 -0.0747015
-1.0786425 -0.1851085
-1.1632459 -0.3310872
-1.2459236 -0.5319663
-1.3258365 -0.8099535
-1.3692938 -1.1883750
-1.3300608 -1.6917472
-1.1454875 -2.2634995
-0.5987720 -3.0444441
0.3215441 -3.3675964
2.2767117 -4.1746225
4.5647817 -1.8509486
5.1836839 0.9568603
3.8659432 3.0177140
1.6232147 3.8068988
-0.0661481 3.4966812
-0.8547578 2.7505684
-1.1864843 1.9882964
-1.3183380 1.3686612
-1.3205502 0.9206179
-1.2605244 0.6096538
-1.1822715 0.3910404
-1.0936533 0.2317854
-0.8942878 0.1067862
0.0000000 0.0000000
0.0000000 0.0000000
-0.8028635 -0.0985538
-0.9470290 -0.2259914
-0.9906185 -0.3809293
-1.0146528 -0.5755703
-1.0133772 -0.8215727
-0.9576625 -1.1250890
-0.7994146 -1.4870068
-0.4793202 -1.8705534
0.1347435 -2.2679007
0.9446073 -2.3900900
2.0068531 -2.2892482
3.0204022 -0.9678631
3.2977006 0.5946743
2.6528087 1.7204999
1.5097367 2.3421860
0.4307298 2.3948488
-0.2852116 2.1004467
-0.6623792 1.6828626
-0.8741422 1.2689904
-0.9711988 0.9183785
-1.0006212 0.6432455
-0.9891854 0.4303642
-0.9463154 0.2616955
-0.7848033 0.1203852
0.0000000 0.0000000
0.0000000 0.0000000
-0.6962698 -0.1083646
-0.8086205 -0.2383754
-0.8215464 -0.3871318
-0.8054720 -0.5610557
-0.7549863 -0.7644446
-0.6475751 -0.9955121
-0.4484561 -1.2436354
-0.1228778 -1.4740083
0.3533905 -1.6404790
0.9313485 -1.6211263
1.5687578 -1.3259454
2.0691609 -0.5551999
2.2020676 0.3519584
1.8549105 1.0567073
1.2212738 1.5083206
0.5510452 1.6545247
0.0131094 1.5667942
-0.3420756 1.3529837
-0.5658627 1.0934328
-0.7010757 0.8406848
-0.7740843 0.6171717
-0.8053241 0.4274835
-0.7945401 0.2653382
-0.6673477 0.1224248
0.0000000 0.0000000
0.0000000 0.0000000
-0.5892857 -0.1079789
-0.6750007 -0.2312296
-0.6678780 -0.3656379
-0.6282203 -0.5135060
-0.5534630 -0.6747665
-0.4283636 -0.8435268
-0.2317135 -1.0052054
0.0479229 -1.1314579
0.4029567 -1.1815476
0.7985682 -1.0981114
1.1801271 -0.8253035
1.4531287 -0.3394911
1.5162976 0.2167452
1.3225513 0.6825587
0.9529760 1.0100349
0.5272877 1.1632389
0.1435642 1.1637673
-0.1517273 1.0616158
-0.3581255 0.9049703
-0.4997081 0.7295999
-0.5892558 0.5571139
-0.6413928 0.3972358
-0.6514602 0.2510965
-0.5526212 0.1162931
0.0000000 0.0000000
0.0000000 0.0000000
-0.4890334 -0.1011048
-0.5536692 -0.2123317
-0.5344822 -0.3289493
-0.4841503 -0.4507546
-0.4019808 -0.5750133
-0.2789258 -0.6946764
-0.1055227 -0.7959908
0.1165116 -0.8585318
0.3758026 -0.8549818
0.6432375 -0.7578961
0.8836324 -0.5422602
1.0442761 -0.2194020
1.0766331 0.1418173
0.9615644 0.4592906
0.7348413 0.6982271
0.4582943 0.8328816
0.1865682 0.8677168
-0.0448360 0.8247599
-0.2205983 0.7320255
-0.3519130 0.6125531
-0.4439196 0.4829462
-0.5021167 0.3527083
-0.5230747 0.2264304
-0.4477395 0.1054528
0.0000000 0.0000000
0.0000000 0.0000000
-0.3991902 -0.0906161
-0.4477388 -0.1876396
-0.4230576 -0.2859791
-0.3697367 -0.3840477
-0.2904878 -0.4782749
-0.1802292 -0.5616612
-0.0354456 -0.6231461
0.1353792 -0.6495987
0.3234250 -0.6240937
0.5075446 -0.5337986
0.6647916 -0.3703305
0.7650458 -0.1475083
0.7830869 0.0977898
0.7110328 0.3200072
0.5662912 0.4957619
0.3810804 0.6068769
0.1893076 0.6512414
0.0129919 0.6391573
-0.1319227 0.5851015
-0.2448186 0.5037763
-0.3299585 0.4073342
-0.3877877 0.3036246
-0.4121725 0.1973673
-0.3553843 0.0924730
0.0000000 0.0000000
0.0000000 0.0000000
-0.3217927 -0.0787333
-0.3575238 -0.1611645
-0.3317959 -0.2425212
-0.2812504 -0.3203113
-0.2091388 -0.3909118
-0.1153882 -0.4486797
0.0006333 -0.4853075
0.1317313 -0.4920568
0.2682773 -0.4602357
0.3975282 -0.3831014
0.5039654 -0.2596507
0.5693610 -0.1015136
0.5806441 0.0704470
0.5332131 0.2299282
0.4379098 0.3602625
0.3111604 0.4494262
0.1735966 0.4933323
0.0422290 0.4957194
-0.0740887 0.4650159
-0.1686101 0.4095935
-0.2418272 0.3376552
-0.2945713 0.2558019
-0.3194086 0.1682308
-0.2765234 0.0792336
0.0000000 0.0000000
0.0000000 0.0000000
-0.2565444 -0.0668564
-0.2830571 -0.1356023
-0.2578626 -0.2017843
-0.2129882 -0.2630660
-0.1511179 -0.3158316
-0.0727787 -0.3555201
0.0183335 -0.3769875
0.1179314 -0.3741604
0.2189862 -0.3422624
0.3108549 -0.2794344
0.3847875 -0.1858333
0.4291956 -0.0704270
0.4367956 0.0531410
0.4051119 0.1695895
0.3397682 0.2676620
0.2521381 0.3379435
0.1527190 0.3774374
0.0538534 0.3864282
-0.0359503 0.3689911
-0.1131875 0.3310418
-0.1748891 0.2773595
-0.2195638 0.2127397
-0.2425415 0.1412907
-0.2108868 0.0669887
0.0000000 0.0000000
0.0000000 0.0000000
-0.2023676 -0.0557457
-0.2221158 -0.1123516
-0.1996044 -0.1657179
-0.1601925 -0.2135043
-0.1090094 -0.2531089
-0.0459304 -0.2806695
0.0262929 -0.2924571
0.1015410 -0.2856643
0.1764139 -0.2568228
0.2435725 -0.2058303
0.2958011 -0.1348965
0.3268671 -0.0492017
0.3320912 0.0421442
0.3108400 0.1284081
0.2654141 0.2028159
0.2028920 0.2585289
0.1316518 0.2919408
0.0573881 0.3033603
-0.0121372 0.2941005
-0.0725179 0.2673577
-0.1230100 0.2270102
-0.1602957 0.1761333
-0.1794069 0.1178972
-0.1565868 0.0562929
0.0000000 0.0000000
0.0000000 0.0000000
-0.1584726 -0.0459425
-0.1725021 -0.0919602
-0.1534181 -0.1348172
-0.1206825 -0.1721333
-0.0778937 -0.2016194
-0.0281713 -0.2210606
0.0276674 -0.2273844
0.0859081 -0.2186624
0.1412497 -0.1942068
0.1905078 -0.1532272
0.2285549 -0.0982503
0.2508813 -0.0339732
0.2547250 0.0345474
0.2397258 0.1001410
0.2083936 0.1569037
0.1634392 0.2010425
0.1111547 0.2292673
0.0568661 0.2405522
0.0035472 0.2361724
-0.0436166 0.2173848
-0.0826520 0.1864672
-0.1127156 0.1461549
-0.1282887 0.0987405
-0.1117787 0.0474699
0.0000000 0.0000000
0.0000000 0.0000000
-0.1229078 -0.0375441
-0.1332420 -0.0747884
-0.1165537 -0.1088678
-0.0903084 -0.1381863
-0.0562233 -0.1604620
-0.0160583 -0.1738811
0.0265345 -0.1771963
0.0706125 -0.1684276
0.1128212 -0.1473762
0.1489005 -0.1149979
0.1766765 -0.0720875
0.1931093 -0.0223680
0.1963804 0.0295920
0.1857835 0.0799902
0.1633002 0.1245112
0.1317602 0.1593469
0.0932985 0.1829779
0.0530107 0.1939108
0.0139836 0.1921053
-0.0222250 0.1788894
-0.0519721 0.1552412
-0.0742485 0.1228364
-0.0862854 0.0837882
-0.0747386 0.0407225
0.0000000 0.0000000
0.0000000 0.0000000
-0.0940518 -0.0304680
-0.1016716 -0.0606271
-0.0882413 -0.0878775
-0.0664079 -0.1106845
-0.0400726 -0.1278427
-0.0091352 -0.1374167
0.0244616 -0.1384187
0.0573437 -0.1305713
0.0887893 -0.1128807
0.1160515 -0.0863980
0.1363739 -0.0529422
0.1483015 -0.0140951
0.1509393 0.0267427
0.1440390 0.0658545
0.1277532 0.1011126
0.1049700 0.1295609
0.0779187 0.1491313
0.0481397 0.1593962
0.0195375 0.1597099
-0.0061457 0.1503120
-0.0279877 0.1322377
-0.0434676 0.1061279
-0.0509778 0.0732943
-0.0432552 0.0361399
0.0000000 0.0000000
0.0000000 0.0000000
-0.0711105 -0.0247636
-0.0759858 -0.0491195
-0.0656455 -0.0711474
-0.0488134 -0.0892235
-0.0276055 -0.1022052
-0.0044748 -0.1093380
0.0206339 -0.1093025
0.0460115 -0.1018032
0.0690057 -0.0873046
0.0889301 -0.0656595
0.1041714 -0.0384571
0.1130709 -0.0078432
0.1148813 0.0246477
0.1100658 0.0562448
0.0991929 0.0844812
0.0826613 0.1080160
0.0633038 0.1250177
0.0428046 0.1345005
0.0222621 0.1364447
0.0046464 0.1305160
-0.0090320 0.1168782
-0.0180894 0.0958952
-0.0208361 0.0677422
-0.0150982 0.0340253
0.0000000 0.0000000
0.0000000 0.0000000
-0.0523150 -0.0202394
-0.0556837 -0.0402260
-0.0471268 -0.0580077
-0.0347670 -0.0726999
-0.0191325 -0.0829318
-0.0011915 -0.0879451
0.0169206 -0.0875206
0.0352523 -0.0808169
0.0524613 -0.0681916
0.0667058 -0.0505276
0.0774529 -0.0281697
0.0840330 -0.0028618
0.0857465 0.0233772
0.0821841 0.0493568
0.0745934 0.0730872
0.0636661 0.0928370
0.0499239 0.1079437
0.0358661 0.1173823
0.0227063 0.1206835
0.0115362 0.1179455
0.0047216 0.1088361
0.0030260 0.0927340
0.0063621 0.0684062
0.0119153 0.0352872
0.0000000 0.0000000
0.0000000 0.0000000
-0.0365563 -0.0167572
-0.0387027 -0.0335103
-0.0325502 -0.0483111
-0.0231162 -0.0602361
-0.0123205 -0.0686367
0.0001249 -0.0724591
0.0133470 -0.0713984
0.0258859 -0.0655973
0.0376029 -0.0546699
0.0477231 -0.0393594
0.0551318 -0.0207541
0.0594221 0.0005175
0.0606552 0.0228592
0.0586423 0.0446663
0.0532849 0.0650131
0.0459745 0.0825313
0.0373603 0.0961973
0.0280270 0.1057454
0.0200529 0.1107545
0.0146208 0.1111509
0.0134083 0.1070397
0.0191957 0.0975178
0.0326970 0.0794198
0.0446864 0.0458417
0.0000000 0.0000000
0.0000000 0.0000000
-0.0233781 -0.0142709
-0.0239592 -0.0284103
-0.0199781 -0.0409696
-0.0140332 -0.0509316
-0.0066878 -0.0576271
0.0009851 -0.0606746
0.0091723 -0.0594547
0.0173232 -0.0539555
0.0245378 -0.0445292
0.0306365 -0.0312917
0.0353002 -0.0150665
0.0380442 0.0030116
0.0385490 0.0221835
0.0372867 0.0411714
0.0342875 0.0588016
0.0296088 0.0744105
0.0244627 0.0871572
0.0193347 0.0966759
0.0149422 0.1030583
0.0130606 0.1065432
0.0156884 0.1078337
0.0276792 0.1084061
0.0604910 0.1102732
0.1201322 0.1086380
0.0000000 0.0000000
0.0000000 0.0000000
-0.0115751 -0.0118546
-0.0111536 -0.0223939
-0.0088416 -0.0318007
-0.0059830 -0.0392596
-0.0025371 -0.0441042
0.0013074 -0.0459588
0.0051069 -0.0447223
0.0088222 -0.0401539
0.0122663 -0.0324655
0.0150486 -0.0221073
0.0170483 -0.0094651
0.0182415 0.0046660
0.0184760 0.0194285
0.0176734 0.0341379
0.0162054 0.0479712
0.0141766 0.0602066
0.0116985 0.0705272
0.0094697 0.0787205
0.0078972 0.0849604
0.0075403 0.0898847
0.0098597 0.0947436
0.0212628 0.1059808
0.0856032 0.1607912
0.3281058 0.3469988
0.0000000 0.0000000
0.0000000 0.0000000
0.0000000 0.0000000
0.0000000 0.0000000
0.0000000 0.0000000
0.0000000 0.0000000
0.0000000 0.0000000
0.0000000 0.0000000
0.0000000 0.0000000
0.0000000 0.0000000
0.0000000 0.0000000
0.0000000 0.0000000
0.0000000 0.0000000
0.0000000 0.0000000
0.0000000 0.0000000
0.0000000 0.0000000
0.0000000 0.0000000
0.0000000 0.0000000
0.0000000 0.0000000
0.0000000 0.0000000
0.0000000 0.0000000
0.0000000 0.0000000
0.0000000 0.0000000
0.0000000 0.0000000
0.0000000 0.0000000
0.0000000 0.0000000
0.0000000 0.0000000
0.0000000 0.0000000
-0.1008517 0.1457269
0.0000000 0.0000000
-0.3454466 0.0741189
-0.0984851 0.3814768
-0.1258282 0.5626795
0.0000000 0.0000000
-0.3103639 0.4009609
-0.1363106 0.8202557
-0.1600397 1.0160551
0.0000000 0.0000000
-0.3533778 0.7483374
-0.1706745 1.3395674
-0.2118438 1.5828198
0.0000000 0.0000000
-0.4461986 1.1692315
-0.2272922 2.0018120
-0.2917699 2.3419330
0.0000000 0.0000000
-0.6075346 1.7207317
-0.3180621 2.8965244
-0.4102659 3.4088421
0.0000000 0.0000000
-0.8797320 2.4862728
-0.4594727 4.1602125
-0.5754860 4.9456940
0.0000000 0.0000000
-1.3359962 3.5998938
-0.6639383 6.0017734
-0.7916368 7.1521831
0.0000000 0.0000000
-2.0723917 5.2498078
-0.9129772 8.6665564
-1.0516025 10.2470503
0.0000000 0.0000000
-3.0578105 7.6088519
-1.2529770 12.3123016
-1.3287040 14.5637999
0.0000000 0.0000000
-3.7748790 11.1064568
-1.5156157 16.7859383
-1.5883621 19.8309917
0.0000000 0.0000000
-4.8517404 16.1915894
-0.4488087 22.2081203
-1.6461607 23.4081993
0.0000000 0.0000000
4.9000826 13.0199909
5.5113497 17.0440331
12.7360315 1.5719191
0.0000000 0.0000000
14.0407381 14.1989975
11.9809723 -16.0604935
-1.1846403 -14.8689985
0.0000000 0.0000000
8.0218439 -12.7202997
-0.1358631 -18.0231953
-0.2451224 -19.2213993
0.0000000 0.0000000
-5.9025097 -16.3906250
-0.9541239 -15.3361177
-0.9876506 -12.8621731
0.0000000 0.0000000
-3.4048834 -11.4950857
-1.1470132 -11.2058783
-0.8966385 -9.4076967
0.0000000 0.0000000
-2.4059455 -7.7002330
-0.8037356 -8.1660061
-0.6616083 -6.8744540
0.0000000 0.0000000
-2.0724094 -5.4033465
-0.5906946 -5.8649163
-0.4862607 -4.7717638
0.0000000 0.0000000
-1.4623290 -3.8161631
-0.4252230 -4.1304889
-0.3531274 -3.3511064
0.0000000 0.0000000
-1.0461466 -2.6902184
-0.2985345 -2.8719082
-0.2584592 -2.3517964
0.0000000 0.0000000
-0.7628506 -1.8914113
-0.2136973 -1.9669983
-0.1948295 -1.6110966
0.0000000 0.0000000
-0.5703220 -1.3017937
-0.1614496 -1.2998354
-0.1546978 -1.0357244
0.0000000 0.0000000
-0.4438389 -0.8475349
-0.1326990 -0.7767863
-0.1345706 -0.5636792
0.0000000 0.0000000
-0.3659833 -0.4775685
-0.1223724 -0.3344958
-0.1370793 -0.1303982
0.0000000 0.0000000
-0.3380947 -0.1287466
0.0000000 0.0000000
0.0000000 0.0000000
-0.5194356 0.1187342
-0.6854128 0.0855621
-0.4344929 0.3182899
-0.5190668 0.4532949
-0.6550083 0.3853604
-0.5419093 0.6732827
-0.6233803 0.8205948
-0.7545221 0.7075933
-0.6756533 1.0884844
-0.8031050 1.2670140
-0.9510840 1.0832117
-0.8928204 1.6072838
-1.0895864 1.8420876
-1.2750075 1.5559933
-1.2346088 2.2893686
-1.5343384 2.6174450
-1.7904333 2.1897402
-1.7610971 3.2193460
-2.2104867 3.7075579
-2.6115808 3.0942712
-2.5715683 4.5158677
-3.0897689 5.3533564
-3.9531660 4.4765935
-3.6686096 6.4375243
-4.0472188 7.7340708
-6.1365495 6.5222583
-4.8971334 9.3639574
-6.0371456 10.8853455
-7.6312575 10.3440971
-6.4859500 13.5011148
-7.6186843 15.2923422
-7.7856140 9.0376492
2.7182503 12.4373865
12.1644945 8.2196512
18.1561584 5.8477240
16.4902840 5.4785767
25.4461155 -8.0029535
29.9904518 -6.7867389
30.2448845 -6.6064668
12.4850607 -10.5469103
16.3099575 -9.6699877
3.8072507 -12.6052504
-6.5097003 -13.2141161
-4.6456122 -10.5512409
-5.6649985 -12.1590624
-5.6586061 -11.4327602
-7.1154590 -11.1209888
-4.4777684 -9.3185492
-3.7492504 -8.0540714
-4.8265119 -7.5125146
-3.5676913 -6.5679493
-2.8182218 -5.2011933
-3.6489923 -4.5527258
-2.4201071 -4.6986485
-1.9876728 -3.7242868
-2.6762130 -3.2293971
-1.6818002 -3.3307593
-1.4115682 -2.6878457
-1.9323272 -2.3365324
-1.1943593 -2.3374453
-1.0292503 -1.9106480
-1.4134563 -1.6845822
-0.8757840 -1.6144466
-0.7791047 -1.3190439
-1.0674920 -1.1835096
-0.6727259 -1.0714942
-0.6218599 -0.8543203
-0.8445672 -0.7813568
-0.5507574 -0.6409810
-0.5367234 -0.4698846
-0.7148696 -0.4420861
-0.4676974 -0.2734141
-0.5505702 -0.1150600
-0.7082558 -0.1118170
0.0000000 0.0000000
0.0000000 0.0000000
-0.8498728 0.0887495
-0.9678570 0.0688999
-0.6978801 0.2704067
-0.8294755 0.3499115
-0.9362178 0.2917323
-0.8537820 0.5502246
-0.9718180 0.6318175
-1.0679115 0.5296562
-1.0455654 0.8704177
-1.2305814 0.9503975
-1.3254858 0.7873989
-1.3554426 1.2551140
-1.6454662 1.3326864
-1.7451636 1.0751207
-1.8489039 1.7397274
-2.2923377 1.8165301
-2.4092178 1.4049269
-2.6280560 2.3802590
-3.2967865 2.4702775
-3.4678259 1.8182234
-3.8691223 3.2658043
-4.8813424 3.4797986
-5.2347112 2.5181341
-5.9752502 4.3882327
-6.4764175 6.1701078
-8.9433756 3.8282833
-8.7352076 6.7281132
-9.3337593 8.9794741
-6.9133329 4.5668354
-5.3051853 7.1705766
-2.6793442 6.0330110
-3.8288224 6.4756370
0.8498834 4.4405274
19.9500751 2.9857774
18.3375378 -3.0937016
33.3400688 3.5567877
33.3447685 -8.0591784
37.7554245 -5.8980446
25.7474785 -9.5609941
19.4655590 -2.5629625
19.6271496 0.5664049
-2.2564712 -4.3974981
-3.1214235 -6.5543466
-1.9342782 -4.1498389
-5.6216464 -5.2662382
-7.7452168 -9.5549889
-8.1331205 -7.6476965
-8.0973177 -5.7302217
-6.8104258 -6.6108947
-8.0578108 -5.1673284
-5.7398324 -5.2277660
-4.4895253 -3.8693192
-5.2020826 -2.8361208
-3.8006113 -3.4811437
-3.1183403 -2.7758751
-3.6078808 -2.1298375
-2.6234312 -2.4127119
-2.2198627 -2.0176606
-2.5690045 -1.6272532
-1.8769978 -1.7084732
-1.6298388 -1.4624959
-1.8828597 -1.2194642
-1.3946431 -1.2026788
-1.2449391 -1.0329485
-1.4375597 -0.8810569
-1.0841409 -0.8121912
-1.0017982 -0.6837958
-1.1552751 -0.5942065
-0.8910820 -0.4898068
-0.8707718 -0.3847250
-0.9952291 -0.3416044
-0.7383494 -0.2039976
-0.8902513 -0.0978960
-1.0144759 -0.0881255
0.0000000 0.0000000
0.0000000 0.0000000
-1.1004152 0.0616173
-1.1715012 0.0434789
-0.8878258 0.2092376
-1.0611500 0.2377662
-1.1334163 0.1780135
-1.0789027 0.4045074
-1.2161992 0.4251170
-1.2732116 0.3163699
-1.2987485 0.6192014
-1.5017267 0.6151599
-1.5472927 0.4419598
-1.6434096 0.8610259
-1.9564719 0.8013087
-1.9841534 0.5351534
-2.1779995 1.1483189
-2.6758742 0.9595504
-2.6621714 0.5463998
-3.0197132 1.5242407
-3.8494618 1.0645317
-3.7412074 0.3612739
-4.3777771 2.1264029
-5.8781443 1.0696218
-5.3105259 -0.3126208
-6.8517857 2.7056398
-9.6187611 1.6311014
-8.6575890 -0.3253244
-10.8603859 1.3045293
-6.1948104 1.5682654
-5.3274603 -2.6545119
-7.0314488 2.8907056
-5.5944567 -0.4599560
0.1045558 -4.5972948
11.7289352 -2.4781373
27.3791924 -2.3978622
23.8415966 -3.2997093
29.6617107 3.5523767
33.8550262 7.4989791
29.7758293 2.3456972
26.4916916 -5.0945802
13.0277853 1.6636457
23.1987095 5.0379591
1.9715271 0.5877658
1.9428457 -3.0889256
0.6543045 -0.6309379
-1.5751364 -1.3889309
-8.3912745 -4.7329898
-8.7690372 -0.0878596
-10.2651644 -0.3222065
-8.7981911 -3.3698485
-10.6132565 -1.4281744
-6.5039330 -2.4321969
-5.3839059 -1.8909686
-6.1943698 -1.2093797
-4.4653020 -1.6300004
-3.7332335 -1.5038294
-4.0332747 -0.9815990
-3.1432903 -1.2150661
-2.6926281 -1.1951983
-2.8407156 -0.8152959
-2.2857006 -0.9468613
-2.0080149 -0.9286088
-2.1143978 -0.6665388
-1.7287277 -0.7200649
-1.5586506 -0.6892641
-1.6453608 -0.5176058
-1.3679749 -0.5100066
-1.2726593 -0.4736612
-1.3493295 -0.3685035
-1.1372396 -0.3132140
-1.1207536 -0.2744054
-1.1872932 -0.2204988
-0.9292978 -0.1259311
-1.1493605 -0.0730863
-1.2322679 -0.0589826
0.0000000 0.0000000
0.0000000 0.0000000
-1.2637504 0.0345801
-1.2877651 0.0171188
-0.9991833 0.1383482
-1.2051829 0.1241634
-1.2404367 0.0662677
-1.2089560 0.2450171
-1.3512143 0.2140675
-1.3671840 0.1082649
-1.4263551 0.3489683
-1.6234525 0.2773935
-1.6161460 0.1120778
-1.7532156 0.4414341
-2.0463319 0.2853745
-1.9966595 0.0381232
-2.2369564 0.5145526
-2.6916256 0.1645734
-2.5450132 -0.2040795
-2.9565356 0.5625373
-3.7037647 -0.3016269
-3.3074284 -0.7381144
-4.1025176 0.3780301
-5.0211158 -1.2474539
-4.2525373 -1.7727795
-6.0868931 -1.1771214
-8.3810701 -3.7796884
-5.6691399 -3.7794776
-7.0933833 -7.7750082
-6.6074028 -6.9663858
-4.9633918 -8.4259968
-6.9303398 -7.3291450
0.4799743 -6.2798152
0.5730422 -6.8395295
8.3307590 -10.4201984
18.9589596 -6.6984434
15.2699289 -6.6805243
25.8328266 2.5195596
29.7651596 4.5458193
23.8966999 1.8318777
22.3567657 2.0412486
17.1233788 10.3672161
18.2975807 8.0154343
12.2449970 6.1073422
1.2595522 2.7224205
5.2259717 7.7695990
-4.1175599 3.9484324
-5.6592236 3.4726732
-4.2100987 5.7622619
-10.0613317 4.1706829
-8.9729109 1.7089916
-6.9569902 3.6088693
-6.7131224 1.3193846
-5.7814527 0.1682982
-4.9884386 1.3136380
-4.5112028 0.3506384
-3.9125800 -0.2316169
-3.6383505 0.3980421
-3.2250259 -0.0705947
-2.8329453 -0.3583691
-2.7131042 0.0236790
-2.4106457 -0.2061069
-2.1511321 -0.3746793
-2.0975337 -0.1215185
-1.8694025 -0.2357465
-1.7049017 -0.3291809
-1.6891627 -0.1603405
-1.5118611 -0.2036523
-1.4215938 -0.2505019
-1.4251788 -0.1446200
-1.2758412 -0.1342864
-1.2741575 -0.1556237
-1.2835993 -0.1001113
-1.0374854 -0.0489440
-1.3150368 -0.0434949
-1.3524777 -0.0272934
0.0000000 0.0000000
0.0000000 0.0000000
-1.3382326 0.0088645
-1.3190994 -0.0072067
-1.0382854 0.0653476
-1.2616009 0.0211710
-1.2608099 -0.0296426
-1.2489043 0.0886870
-1.3804268 0.0238857
-1.3598694 -0.0686628
-1.4386933 0.0878034
-1.6034224 -0.0201494
-1.5547259 -0.1583749
-1.7076768 0.0308658
-1.9306027 -0.1501435
-1.8343557 -0.3354369
-2.0846395 -0.1367024
-2.3595748 -0.4364869
-2.1955214 -0.6629955
-2.5523360 -0.4805415
-2.9344490 -1.0475868
-2.6384368 -1.3358430
-3.1501555 -0.8192643
-3.5700192 -1.9731328
-3.2335746 -2.2252839
-3.3596961 -2.4502621
-3.3244250 -3.1528115
-3.7214787 -3.9656911
-3.5319464 -4.2204704
-4.5402904 -5.8942847
-4.4626083 -4.9393229
-4.5052199 -8.3202152
-1.1027488 -8.8570414
-2.2772021 -7.7564650
5.8512154 -6.3517380
15.2958164 -2.0310812
8.0368090 -6.1500983
18.7263088 1.4880143
19.7010326 3.3946753
19.9910126 1.8383646
18.2032490 1.1663032
18.9340458 6.8303580
13.7990131 7.0025120
9.4793625 8.9424696
1.8755108 12.3806181
3.7914145 10.1745682
-0.7623045 7.8280792
-7.6128216 8.0386610
-2.1098664 8.9440765
-6.1462088 6.9890819
-6.2189379 3.4111445
-3.4398422 4.9293571
-4.8674593 3.4077775
-4.5485830 1.6906735
-3.2955127 2.5666115
-3.7635095 1.6277853
-3.4111321 0.8060557
-2.8131154 1.3259020
-2.8947563 0.7762498
-2.6148803 0.3371471
-2.3086627 0.6722344
-2.2707052 0.3482527
-2.0690939 0.1020883
-1.8996869 0.3264727
-1.8333154 0.1421159
-1.6963013 -0.0068823
-1.6010298 0.1442805
-1.5304331 0.0494506
-1.4531095 -0.0449936
-1.3987845 0.0513990
-1.3168536 0.0176439
-1.3295548 -0.0436321
-1.2911781 0.0078612
-1.0800145 0.0178440
-1.3834445 -0.0148424
-1.3805339 0.0002304
0.0000000 0.0000000
0.0000000 0.0000000
-1.3290299 -0.0128824
-1.2774441 -0.0256897
-1.0242553 -0.0012762
-1.2370740 -0.0611455
-1.2087798 -0.0996854
-1.2158500 -0.0497622
-1.3168488 -0.1261692
-1.2734962 -0.1942836
-1.3581511 -0.1369839
-1.4688436 -0.2423553
-1.4045432 -0.3400482
-1.5410769 -0.2898091
-1.6788167 -0.4474900
-1.5801982 -0.5718580
-1.7749178 -0.5487686
-1.9285593 -0.7879122
-1.7844040 -0.9206756
-2.0238144 -1.0312121
-2.1277792 -1.3651854
-1.9804885 -1.4914513
-2.1521511 -1.6485767
-2.2178185 -2.2266016
-2.1428068 -2.2542868
-2.0000956 -2.8053772
-1.5997208 -3.4586387
-2.0691869 -3.0807686
-1.2922521 -4.3527684
-1.2671014 -4.7411494
-1.2811863 -4.5570164
-1.4364275 -5.5155187
-0.2175204 -7.5683146
0.3137547 -6.5710049
3.0664015 -7.4780092
6.2840290 -5.1405444
4.5445633 -7.7773719
11.6365366 -1.0767448
16.5038643 1.1660215
9.5305309 -1.8696640
15.3545780 2.8603535
10.8799305 7.5964355
8.3047695 6.1545305
7.3836050 7.6792183
2.4940674 10.5520182
3.4430749 7.5566506
0.2970892 8.5974407
-1.7922301 6.9639530
-0.1521290 6.4930100
-2.5833864 6.0024300
-3.0364282 4.1920362
-1.5003483 4.4229183
-2.9203534 3.6502059
-2.9512422 2.4631431
-1.8998476 2.8169765
-2.7104709 2.1435423
-2.5666807 1.4192040
-1.9386085 1.7380061
-2.3285067 1.2475897
-2.1666512 0.8168606
-1.7941318 1.0504063
-1.9634470 0.7250114
-1.8279641 0.4579262
-1.6012152 0.6265649
-1.6676571 0.4180870
-1.5694685 0.2468764
-1.4261441 0.3655398
-1.4467478 0.2395528
-1.3893647 0.1230837
-1.2962220 0.2015852
-1.2790434 0.1342826
-1.3002915 0.0505334
-1.2294947 0.0936410
-1.0641084 0.0688003
-1.3674830 0.0091768
-1.3337216 0.0214850
0.0000000 0.0000000
0.0000000 0.0000000
-1.2538548 -0.0277633
-1.1832467 -0.0359187
-0.9717176 -0.0523078
-1.1523858 -0.1186113
-1.1087630 -0.1447470
-1.1272912 -0.1495353
-1.1953132 -0.2265713
-1.1409667 -0.2707294
-1.2182020 -0.2846251
-1.2805032 -0.3806165
-1.2118862 -0.4384452
-1.3192394 -0.4817752
-1.3816051 -0.6095487
-1.2942770 -0.6725684
-1.4200324 -0.7691308
-1.4694700 -0.9435499
-1.3610456 -0.9931790
-1.4885809 -1.2016836
-1.4623709 -1.4314238
-1.3649287 -1.4193677
-1.3976514 -1.7979295
-1.2966676 -2.0757427
-1.2488033 -1.9955801
-1.1552312 -2.4152138
-0.9416730 -2.8266125
-0.9456457 -2.5806909
-0.5714638 -3.6188741
-0.0910756 -3.7943637
-0.2076603 -3.3567538
0.3858726 -4.1297269
1.4626893 -4.6232314
1.0727439 -3.4697165
2.6637459 -6.3372045
4.8118353 -5.4969201
4.0457225 -3.5608649
7.1442051 -2.6121063
7.9134474 -1.2728648
5.3584933 -1.2971892
8.1703873 1.6746337
6.9319377 3.7152383
4.7505994 2.1313345
5.2117271 4.0738797
3.6872964 5.6371331
2.7328067 3.9312782
1.7850372 5.0435114
0.6694271 5.0975194
0.6691141 4.0810809
-0.5071087 4.2267747
-0.9610752 3.7267821
-0.5059645 3.3680713
-1.4321467 3.0872664
-1.6018351 2.5221305
-1.0189291 2.5009897
-1.7171080 2.1087995
-1.7181132 1.6591570
-1.2571883 1.7473454
-1.7071073 1.3964862
-1.6440979 1.0635505
-1.3137177 1.1808383
-1.5784581 0.9081702
-1.5060625 0.6743440
-1.2792698 0.7768070
-1.4288868 0.5820892
-1.3684171 0.4167204
-1.2119511 0.4960808
-1.2949482 0.3636583
-1.2606471 0.2432639
-1.1484940 0.2987143
-1.1802318 0.2137950
-1.2094533 0.1207640
-1.1200509 0.1525857
-0.9985741 0.1027814
-1.2871705 0.0272658
-1.2326151 0.0364114
0.0000000 0.0000000
0.0000000 0.0000000
-1.1386690 -0.0358736
-1.0587993 -0.0404040
-0.8859440 -0.0859446
-1.0340182 -0.1522068
-0.9818858 -0.1665077
-1.0059454 -0.2093765
-1.0457951 -0.2820381
-0.9873277 -0.3046474
-1.0529819 -0.3641204
-1.0776772 -0.4479648
-1.0102357 -0.4727023
-1.0895603 -0.5672174
-1.1010977 -0.6690667
-1.0222391 -0.6850799
-1.1035416 -0.8357607
-1.0876046 -0.9627439
-0.9972115 -0.9525755
-1.0629587 -1.1835794
-0.9951813 -1.3387849
-0.8964468 -1.2727149
-0.9131098 -1.6306503
-0.7520872 -1.8038280
-0.6623411 -1.6420144
-0.5666246 -2.1169045
-0.2802705 -2.2716277
-0.2239524 -1.9735820
-0.0001373 -2.7742889
0.5486065 -2.8113177
0.5485065 -2.3145933
0.9853584 -2.9165931
1.6883838 -2.9785178
1.5156958 -2.2464399
2.1387007 -3.1036224
3.0237739 -2.7878399
2.8232336 -1.8700033
4.1022229 -1.1855216
4.2971973 -0.8597108
3.3830183 -0.6784009
4.7596354 0.9299483
4.1064496 1.5728801
3.0457330 0.9916085
3.6272359 2.2807837
2.7863359 3.0397038
2.0614898 2.1493053
1.9187572 2.9827983
1.2135372 3.3323202
0.8870926 2.5511065
0.4021460 2.8775933
-0.0151318 2.8519385
0.0081649 2.4004250
-0.5130448 2.3903399
-0.7180204 2.1936991
-0.4987848 1.9998422
-0.9734435 1.8289009
-1.0512031 1.5995049
-0.7840837 1.5460616
-1.1613457 1.3346853
-1.1660595 1.1228698
-0.9315485 1.1381768
-1.1971827 0.9421649
-1.1757782 0.7661949
-0.9862114 0.8058950
-1.1651762 0.6462365
-1.1379722 0.5062344
-0.9936371 0.5468839
-1.1101919 0.4252619
-1.0946615 0.3143151
-0.9828911 0.3463970
-1.0441667 0.2566891
-1.0794803 0.1654495
-0.9840486 0.1852463
-0.8989565 0.1205317
-1.1634785 0.0392202
-1.0978467 0.0451530
0.0000000 0.0000000
0.0000000 0.0000000
-1.0022560 -0.0391415
-0.9211405 -0.0408618
-0.7822936 -0.1037624
-0.9004757 -0.1659028
-0.8456574 -0.1706123
-0.8712752 -0.2359715
-0.8901087 -0.3015392
-0.8314638 -0.3070894
-0.8858462 -0.3908575
-0.8842432 -0.4622815
-0.8208421 -0.4628190
-0.8785089 -0.5783163
-0.8592230 -0.6590042
-0.7884449 -0.6443717
-0.8397125 -0.8066397
-0.7909783 -0.8981827
-0.7117830 -0.8539619
-0.7451560 -1.0779822
-0.6494955 -1.1766344
-0.5635928 -1.0841223
-0.5621651 -1.3887017
-0.3931581 -1.4851040
-0.3049234 -1.3194392
-0.2420083 -1.6938103
0.0174074 -1.7624432
0.0919291 -1.5078281
0.2195851 -1.9725173
0.6161767 -1.9853346
0.6501350 -1.5997374
0.9334446 -1.9729071
1.3561318 -1.9352053
1.3109047 -1.4617692
1.7034131 -1.6796235
2.0845995 -1.5160252
1.9508401 -1.0868977
2.5868483 -0.6562793
2.6485732 -0.4975068
2.2476737 -0.3712260
2.9433935 0.5275696
2.6109452 0.8124357
2.0650442 0.5491714
2.4612770 1.3726554
1.9890890 1.7593131
1.5256509 1.2826018
1.5773343 1.8784281
1.1308744 2.1426575
0.8432612 1.6517588
0.6588747 1.9762384
0.3350122 2.0627947
0.2363383 1.6938264
-0.0456250 1.7949091
-0.2406930 1.7555168
-0.1980284 1.5328339
-0.4939292 1.4943342
-0.5999278 1.3927426
-0.4714753 1.2791117
-0.7475166 1.1741627
-0.7921685 1.0529479
-0.6459678 1.0077903
-0.8710645 0.8837531
-0.8813853 0.7639524
-0.7448386 0.7567382
-0.9146393 0.6382379
-0.9136232 0.5307520
-0.7936973 0.5390136
-0.9180148 0.4369182
-0.9177249 0.3429096
-0.8175585 0.3547804
-0.8930923 0.2695803
-0.9300175 0.1868252
-0.8395131 0.1958801
-0.7815128 0.1249035
-1.0162392 0.0455632
-0.9476105 0.0485412
0.0000000 0.0000000
0.0000000 0.0000000
-0.8600903 -0.0389928
-0.7831162 -0.0386034
-0.6729167 -0.1091697
-0.7654296 -0.1649181
-0.7119526 -0.1626726
-0.7376548 -0.2381913
-0.7415109 -0.2955382
-0.6861064 -0.2893469
-0.7297260 -0.3817309
-0.7126907 -0.4414215
-0.6541593 -0.4261451
-0.6964419 -0.5446203
-0.6598486 -0.6074231
-0.5980515 -0.5756817
-0.6299610 -0.7286844
-0.5668854 -0.7940266
-0.5000952 -0.7350829
-0.5139613 -0.9299433
-0.4127197 -0.9934357
-0.3412278 -0.8947900
-0.3290478 -1.1365565
-0.1733834 -1.1890600
-0.1026717 -1.0370287
-0.0488698 -1.3111794
0.1642629 -1.3387341
0.2193766 -1.1281160
0.3278359 -1.4022543
0.5919004 -1.3974173
0.6157650 -1.1255422
0.8034743 -1.3141273
1.0530301 -1.2699605
1.0327898 -0.9777797
1.2995337 -1.0033705
1.4843986 -0.9056870
1.3824370 -0.6791044
1.7468152 -0.3908028
1.7665688 -0.2824726
1.5427393 -0.2143104
1.9310857 0.3118631
1.7515270 0.4726169
1.4452332 0.3403475
1.7051713 0.8690664
1.4281859 1.0852081
1.1339613 0.8156076
1.2168816 1.2372342
0.9321702 1.4147117
0.7169932 1.1068169
0.6547782 1.3788816
0.4189163 1.4728839
0.3077105 1.2046691
0.1580607 1.3367257
-0.0092134 1.3524489
-0.0306290 1.1573656
-0.2143001 1.1847805
-0.3202389 1.1474100
-0.2727477 1.0234166
-0.4623597 0.9856582
-0.5245874 0.9207139
-0.4405972 0.8497068
-0.6152589 0.7801726
-0.6451054 0.7032712
-0.5534418 0.6685033
-0.6996421 0.5876045
-0.7131045 0.5091388
-0.6230970 0.4953752
-0.7378451 0.4146753
-0.7489187 0.3398992
-0.6646078 0.3362907
-0.7418234 0.2606044
-0.7781580 0.1898461
-0.6981491 0.1904101
-0.6601469 0.1199731
-0.8617530 0.0472145
-0.7963994 0.0479204
0.0000000 0.0000000
0.0000000 0.0000000
-0.7229300 -0.0365851
-0.6534147 -0.0348817
-0.5664924 -0.1058604
-0.6382949 -0.1543984
-0.5882399 -0.1476290
-0.6129015 -0.2247298
-0.6069654 -0.2735879
-0.5567871 -0.2603391
-0.5923030 -0.3513744
-0.5666277 -0.4003782
-0.5149621 -0.3765428
-0.5447347 -0.4871471
-0.5019451 -0.5360169
-0.4480832 -0.4961839
-0.4680765 -0.6307105
-0.4018549 -0.6774414
-0.3473231 -0.6152749
-0.3501498 -0.7749322
-0.2558071 -0.8161243
-0.1997422 -0.7237673
-0.1804494 -0.9054075
-0.0517961 -0.9350240
0.0019215 -0.8066582
0.0490546 -0.9938850
0.2092282 -1.0043947
0.2474280 -0.8422733
0.3363418 -1.0035050
0.5102303 -0.9918324
0.5246176 -0.8040873
0.6623639 -0.8924556
0.8132821 -0.8544943
0.7927559 -0.6713254
0.9789882 -0.6427289
1.0779289 -0.5756759
1.0015421 -0.4453827
1.2317218 -0.2473726
1.2356516 -0.1680043
1.0937284 -0.1304867
1.3283149 0.1968674
1.2248749 0.3018426
1.0362886 0.2271666
1.2086315 0.5734288
1.0394900 0.7061997
0.8492662 0.5451233
0.9251044 0.8435003
0.7388518 0.9621415
0.5848805 0.7648200
0.5699109 0.9802911
0.4021009 1.0576260
0.3046152 0.8685092
0.2264834 0.9960487
0.0922877 1.0268561
0.0542029 0.8715544
-0.0610961 0.9255828
-0.1561933 0.9178939
-0.1471980 0.8053434
-0.2773783 0.8054252
-0.3402724 0.7720775
-0.2979150 0.6969002
-0.4265817 0.6629407
-0.4662291 0.6149833
-0.4059016 0.5682553
-0.5242045 0.5162700
-0.5457939 0.4606581
-0.4813339 0.4346401
-0.5811418 0.3738049
-0.5969708 0.3159911
-0.5308552 0.3028313
-0.6013765 0.2382514
-0.6358118 0.1802727
-0.5678632 0.1749202
-0.5436144 0.1092918
-0.7125533 0.0455348
-0.6538509 0.0447306
0.0000000 0.0000000
0.0000000 0.0000000
-0.5971813 -0.0329902
-0.5365462 -0.0305348
-0.4688729 -0.0973609
-0.5237755 -0.1386102
-0.4791244 -0.1294720
-0.5011074 -0.2024092
-0.4905161 -0.2433578
-0.4455902 -0.2263611
-0.4748235 -0.3105235
-0.4453894 -0.3502063
-0.4011314 -0.3230217
-0.4229897 -0.4207241
-0.3792974 -0.4585675
-0.3343848 -0.4172438
-0.3449243 -0.5298359
-0.2840695 -0.5640364
-0.2389247 -0.5047054
-0.2365497 -0.6308900
-0.1544057 -0.6582164
-0.1118886 -0.5777949
-0.0906126 -0.7103688
0.0110776 -0.7275999
0.0491758 -0.6242265
0.0933108 -0.7489457
0.2090623 -0.7520255
0.2342680 -0.6305019
0.3064452 -0.7256828
0.4231890 -0.7121596
0.4280183 -0.5829080
0.5325061 -0.6210985
0.6274501 -0.5900800
0.6059933 -0.4721440
0.7388085 -0.4309037
0.7958367 -0.3820656
0.7380441 -0.3021195
0.8916537 -0.1638614
0.8902609 -0.1038106
0.7945626 -0.0826603
0.9463893 0.1312729
0.8824847 0.2048870
0.7591336 0.1595025
0.8752171 0.3928851
0.7685828 0.4801124
0.6405436 0.3795568
0.7024807 0.5915306
0.5772024 0.6730482
0.4685385 0.5427585
0.4722806 0.7090956
0.3520603 0.7683802
0.2746472 0.6352164
0.2322778 0.7464596
0.1298413 0.7773602
0.0888050 0.6592184
0.0175571 0.7189169
-0.0637449 0.7238415
-0.0697808 0.6289880
-0.1590190 0.6476837
-0.2168844 0.6315706
-0.1977134 0.5621091
-0.2928674 0.5501614
-0.3322605 0.5200015
-0.2956641 0.4720262
-0.3867922 0.4396670
-0.4129324 0.4010094
-0.3662858 0.3698073
-0.4490696 0.3250374
-0.4668348 0.2810636
-0.4165204 0.2630806
-0.4782273 0.2098375
-0.5083014 0.1631840
-0.4533434 0.1546105
-0.4377680 0.0959714
-0.5763345 0.0418797
-0.5255018 0.0401379
0.0000000 0.0000000
0.0000000 0.0000000
-0.4863138 -0.0288843
-0.4347094 -0.0260667
-0.3824013 -0.0862570
-0.4238427 -0.1206124
-0.3852388 -0.1106352
-0.4050820 -0.1763792
-0.3919963 -0.2101760
-0.3535085 -0.1922180
-0.3762273 -0.2662868
-0.3479007 -0.2984696
-0.3094366 -0.2708946
-0.3262658 -0.3543026
-0.2848233 -0.3835542
-0.2483233 -0.3446733
-0.2541360 -0.4362005
-0.2005873 -0.4614655
-0.1648882 -0.4086691
-0.1579373 -0.5055913
-0.0912995 -0.5246587
-0.0579089 -0.4569978
-0.0379841 -0.5529526
0.0412059 -0.5629187
0.0670495 -0.4821513
0.1058711 -0.5650746
0.1896140 -0.5648224
0.2049774 -0.4746418
0.2645226 -0.5305436
0.3434339 -0.5181729
0.3432059 -0.4274982
0.4226502 -0.4419299
0.4849332 -0.4162650
0.4643726 -0.3385929
0.5610607 -0.2988005
0.5959100 -0.2618963
0.5517040 -0.2105239
0.6580131 -0.1112067
0.6556424 -0.0659897
0.5879366 -0.0529103
0.6912111 0.0918315
0.6493298 0.1459303
0.5656081 0.1162175
0.6466046 0.2775824
0.5764521 0.3381050
0.4881049 0.2728909
0.5350859 0.4255976
0.4502469 0.4826843
0.3713831 0.3950482
0.3826506 0.5212793
0.2952166 0.5661972
0.2369086 0.4713278
0.2142831 0.5634992
0.1362554 0.5903153
0.0997988 0.5016178
0.0535061 0.5583187
-0.0113648 0.5670395
-0.0247428 0.4911712
-0.0847111 0.5162791
-0.1361774 0.5096766
-0.1277413 0.4493429
-0.1976033 0.4495863
-0.2337826 0.4305617
-0.2120944 0.3862134
-0.2826962 0.3671634
-0.3076333 0.3396705
-0.2756519 0.3087834
-0.3411250 0.2756799
-0.3597234 0.2426826
-0.3209337 0.2230871
-0.3729624 0.1798884
-0.3984294 0.1428295
-0.3549525 0.1329609
-0.3457527 0.0823068
-0.4565940 0.0372129
-0.4140392 0.0350976
0.0000000 0.0000000
0.0000000 0.0000000
-0.3913027 -0.0247232
-0.3484180 -0.0219347
-0.3078466 -0.0742348
-0.3394615 -0.1025784
-0.3062224 -0.0926353
-0.3238401 -0.1500292
-0.3098414 -0.1775359
-0.2777511 -0.1603225
-0.2963587 -0.2236026
-0.2699910 -0.2494736
-0.2382226 -0.2237535
-0.2495350 -0.2927083
-0.2140498 -0.3157950
-0.1831368 -0.2806715
-0.1868979 -0.3540201
-0.1408935 -0.3727018
-0.1135150 -0.3278978
-0.1057186 -0.4015545
-0.0521229 -0.4150909
-0.0272806 -0.3599352
-0.0073978 -0.4285563
0.0519026 -0.4349578
0.0707866 -0.3719372
0.1030111 -0.4279700
0.1646226 -0.4255963
0.1728387 -0.3592782
0.2206924 -0.3924000
0.2756989 -0.3816915
0.2724723 -0.3171973
0.3339453 -0.3195152
0.3754653 -0.2993644
0.3577093 -0.2459240
0.4289668 -0.2122096
0.4512741 -0.1830578
0.4171683 -0.1495739
0.4932480 -0.0771920
0.4909729 -0.0425582
0.4417809 -0.0340403
0.5139003 0.0677968
0.4862382 0.1076773
0.4266233 0.0881461
0.4851713 0.2016509
0.4369349 0.2457885
0.3752070 0.2014789
0.4111686 0.3126233
0.3521685 0.3538840
0.2946868 0.2936336
0.3061636 0.3897232
0.2436965 0.4231355
0.1982281 0.3556199
0.1878785 0.4291682
0.1276779 0.4515965
0.0988116 0.3847617
0.0685441 0.4344331
0.0173838 0.4437904
0.0027408 0.3843617
-0.0396948 0.4105454
-0.0815346 0.4082110
-0.0806222 0.3586929
-0.1301456 0.3642004
-0.1629256 0.3523856
-0.1487763 0.3134357
-0.2029789 0.3025628
-0.2253287 0.2827988
-0.2035646 0.2547446
-0.2555749 0.2304057
-0.2720264 0.2051723
-0.2432341 0.1865613
-0.2851446 0.1515047
-0.3067193 0.1223055
-0.2720230 0.1122990
-0.2674738 0.0694643
-0.3544416 0.0323355
-0.3194155 0.0301691
0.0000000 0.0000000
0.0000000 0.0000000
-0.3113879 -0.0208233
-0.2762984 -0.0182296
-0.2455153 -0.0626385
-0.2692047 -0.0857693
-0.2416429 -0.0765883
-0.2559627 -0.1251751
-0.2434900 -0.1475887
-0.2160324 -0.1317009
-0.2316265 -0.1847940
-0.2076877 -0.2053291
-0.1821849 -0.1827008
-0.1909201 -0.2387963
-0.1604963 -0.2569413
-0.1358638 -0.2266951
-0.1363173 -0.2841433
-0.0997415 -0.2986526
-0.0770610 -0.2610430
-0.0703487 -0.3171406
-0.0270749 -0.3265322
-0.0094196 -0.2828169
0.0079303 -0.3321580
0.0531100 -0.3362592
0.0659549 -0.2875851
0.0940597 -0.3250573
0.1382143 -0.3225941
0.1434844 -0.2728495
0.1809663 -0.2931675
0.2206265 -0.2833325
0.2155563 -0.2375123
0.2628648 -0.2346083
0.2917377 -0.2185770
0.2764987 -0.1809178
0.3300802 -0.1525788
0.3447986 -0.1302715
0.3184256 -0.1069069
0.3741651 -0.0540518
0.3720047 -0.0265755
0.3357946 -0.0214654
0.3879801 0.0516711
0.3691344 0.0819272
0.3256172 0.0687854
0.3679918 0.1510523
0.3350987 0.1833316
0.2897554 0.1531610
0.3183619 0.2342971
0.2756866 0.2654063
0.2343377 0.2226310
0.2450791 0.2955793
0.1998665 0.3209212
0.1647142 0.2723274
0.1594959 0.3307637
0.1149526 0.3483852
0.0905965 0.2988649
0.0723728 0.3398209
0.0312389 0.3489347
0.0191310 0.3025093
-0.0110122 0.3265961
-0.0443632 0.3264596
-0.0470760 0.2867515
-0.0834791 0.2945372
-0.1102250 0.2865914
-0.1023663 0.2543918
-0.1421686 0.2478050
-0.1624356 0.2336202
-0.1462634 0.2091003
-0.1872251 0.1908691
-0.2010815 0.1713777
-0.1798210 0.1548214
-0.2136652 0.1265858
-0.2308027 0.1031942
-0.2036500 0.0941022
-0.2020072 0.0581908
-0.2690778 0.0277328
-0.2402141 0.0256830
0.0000000 0.0000000
0.0000000 0.0000000
-0.2455720 -0.0173401
-0.2169875 -0.0149779
-0.1938356 -0.0520506
-0.2112127 -0.0707078
-0.1887967 -0.0626860
-0.2012026 -0.1031146
-0.1898382 -0.1212273
-0.1675203 -0.1073721
-0.1790818 -0.1507457
-0.1596840 -0.1673903
-0.1378428 -0.1477067
-0.1453210 -0.1930717
-0.1192079 -0.2070943
-0.1002809 -0.1820557
-0.1002384 -0.2268797
-0.0705122 -0.2380819
-0.0531328 -0.2073789
-0.0454301 -0.2493276
-0.0128346 -0.2565567
0.0015404 -0.2215252
0.0153009 -0.2577243
0.0505384 -0.2597915
0.0585101 -0.2228532
0.0813750 -0.2483902
0.1141988 -0.2459174
0.1167240 -0.2085506
0.1474068 -0.2202543
0.1752166 -0.2123919
0.1706278 -0.1784817
0.2068059 -0.1741410
0.2275841 -0.1604941
0.2144538 -0.1342255
0.2550246 -0.1112453
0.2654700 -0.0937121
0.2445928 -0.0770815
0.2862086 -0.0369123
0.2845855 -0.0158971
0.2570858 -0.0118937
0.2961411 0.0409867
0.2824725 0.0649514
0.2506808 0.0552778
0.2823161 0.1156219
0.2594967 0.1400878
0.2254352 0.1191293
0.2472699 0.1797975
0.2172555 0.2029955
0.1855999 0.1729212
0.1964919 0.2277432
0.1623979 0.2477654
0.1364922 0.2120067
0.1344168 0.2577438
0.1014680 0.2718253
0.0812237 0.2350689
0.0692976 0.2685543
0.0383164 0.2762040
0.0268749 0.2409763
0.0072490 0.2611367
-0.0201875 0.2624262
-0.0228615 0.2307964
-0.0496671 0.2386319
-0.0707490 0.2332664
-0.0669662 0.2073070
-0.0967992 0.2033095
-0.1130920 0.1925005
-0.1019313 0.1723634
-0.1326465 0.1579271
-0.1448174 0.1427563
-0.1280270 0.1285948
-0.1552429 0.1056150
-0.1684117 0.0865991
-0.1471716 0.0787407
-0.1480577 0.0489177
-0.1982479 0.0236354
-0.1744658 0.0218180
0.0000000 0.0000000
0.0000000 0.0000000
-0.1919335 -0.0143214
-0.1689118 -0.0122809
-0.1513602 -0.0426896
-0.1646615 -0.0578554
-0.1458190 -0.0508622
-0.1566502 -0.0841821
-0.1462712 -0.0986416
-0.1285800 -0.0870435
-0.1382886 -0.1222055
-0.1219703 -0.1355641
-0.1045681 -0.1190926
-0.1091968 -0.1549108
-0.0891153 -0.1662807
-0.0728248 -0.1453838
-0.0733991 -0.1805669
-0.0488135 -0.1888715
-0.0362247 -0.1645689
-0.0298880 -0.1961549
-0.0042918 -0.2015784
0.0061066 -0.1740291
0.0189568 -0.1998831
0.0445411 -0.2014979
0.0510430 -0.1727184
0.0687270 -0.1907698
0.0938889 -0.1877520
0.0941071 -0.1602036
0.1182075 -0.1669742
0.1388466 -0.1604288
0.1340512 -0.1352886
0.1628370 -0.1297015
0.1772570 -0.1190867
0.1667363 -0.0995396
0.1977464 -0.0816635
0.2052057 -0.0669736
0.1885770 -0.0555704
0.2200823 -0.0250152
0.2193125 -0.0083800
0.1976908 -0.0053136
0.2272439 0.0345430
0.2177574 0.0529091
0.1932905 0.0465301
0.2182702 0.0908131
0.2013384 0.1103757
0.1761878 0.0950653
0.1933357 0.1405718
0.1722076 0.1585546
0.1473486 0.1371343
0.1566899 0.1791726
0.1322337 0.1945564
0.1114000 0.1688424
0.1128165 0.2038272
0.0872709 0.2156545
0.0720054 0.1879760
0.0644038 0.2145767
0.0415004 0.2212015
0.0308212 0.1946776
0.0174635 0.2112855
-0.0031997 0.2127935
-0.0069154 0.1886738
-0.0248680 0.1949654
-0.0421395 0.1916197
-0.0395295 0.1709972
-0.0617262 0.1679584
-0.0740649 0.1596422
-0.0667361 0.1436936
-0.0898194 0.1319060
-0.0992497 0.1194904
-0.0863529 0.1081496
-0.1072273 0.0888684
-0.1175478 0.0730498
-0.1000957 0.0664773
-0.1032385 0.0415975
-0.1394558 0.0201776
-0.1195692 0.0186186
0.0000000 0.0000000
0.0000000 0.0000000
-0.1482804 -0.0117010
-0.1297626 -0.0099885
-0.1173093 -0.0347970
-0.1270493 -0.0471196
-0.1118000 -0.0412993
-0.1202681 -0.0681656
-0.1123360 -0.0800236
-0.0970897 -0.0702204
-0.1057355 -0.0986553
-0.0917205 -0.1091745
-0.0783275 -0.0959342
-0.0824808 -0.1241994
-0.0661742 -0.1333005
-0.0534671 -0.1164344
-0.0525922 -0.1432626
-0.0345121 -0.1500881
-0.0234901 -0.1304445
-0.0192361 -0.1546181
0.0014184 -0.1582715
0.0083294 -0.1372274
0.0184147 -0.1559960
0.0381346 -0.1570067
0.0422699 -0.1348754
0.0575257 -0.1468414
0.0753173 -0.1444957
0.0756216 -0.1232783
0.0941439 -0.1275308
0.1098471 -0.1213408
0.1048282 -0.1031865
0.1271087 -0.0976494
0.1380384 -0.0889176
0.1287770 -0.0743759
0.1532542 -0.0594446
0.1583482 -0.0479791
0.1451200 -0.0391592
0.1696896 -0.0162277
0.1689666 -0.0021940
0.1521106 -0.0003637
0.1748225 0.0297715
0.1685876 0.0445021
0.1489223 0.0401826
0.1685160 0.0739781
0.1566454 0.0891318
0.1367147 0.0785719
0.1516697 0.1125080
0.1356716 0.1273322
0.1169458 0.1114950
0.1251050 0.1436009
0.1078737 0.1560082
0.0904800 0.1374024
0.0931044 0.1646619
0.0746933 0.1741841
0.0616131 0.1541032
0.0587610 0.1744309
0.0408900 0.1806562
0.0325027 0.1606097
0.0236871 0.1735695
0.0089220 0.1754595
0.0042318 0.1574302
-0.0077759 0.1622047
-0.0203183 0.1599574
-0.0195297 0.1445608
-0.0342271 0.1412042
-0.0438333 0.1349664
-0.0382730 0.1227008
-0.0551475 0.1122331
-0.0616609 0.1018678
-0.0520061 0.0932766
-0.0677287 0.0766027
-0.0751428 0.0626656
-0.0605790 0.0576533
-0.0653054 0.0364214
-0.0900518 0.0174810
-0.0725588 0.0161217
0.0000000 0.0000000
0.0000000 0.0000000
-0.1131397 -0.0095366
-0.0979120 -0.0080779
-0.0896298 -0.0282487
-0.0963333 -0.0382468
-0.0840918 -0.0336224
-0.0917355 -0.0552326
-0.0851361 -0.0649628
-0.0728273 -0.0570508
-0.0792313 -0.0794323
-0.0690252 -0.0882376
-0.0570991 -0.0773743
-0.0614889 -0.0997766
-0.0479026 -0.1068078
-0.0384369 -0.0937256
-0.0384120 -0.1143276
-0.0240896 -0.1197716
-0.0157449 -0.1043580
-0.0113034 -0.1220915
0.0033325 -0.1252086
0.0095686 -0.1085618
0.0167561 -0.1225413
0.0322962 -0.1225918
0.0343609 -0.1061374
0.0460706 -0.1142224
0.0597335 -0.1120648
0.0590190 -0.0960175
0.0744054 -0.0976563
0.0852663 -0.0927524
0.0812191 -0.0787817
0.0985345 -0.0739964
0.1067498 -0.0660666
0.0986046 -0.0557927
0.1175888 -0.0435967
0.1217997 -0.0340595
0.1103785 -0.0274282
0.1299532 -0.0090285
0.1293809 0.0021344
0.1156907 0.0039811
0.1342217 0.0266204
0.1294185 0.0392301
0.1140280 0.0358258
0.1296289 0.0616249
0.1217369 0.0740590
0.1050451 0.0666665
0.1176539 0.0929126
0.1064079 0.1047695
0.0909375 0.0937280
0.0996017 0.1179203
0.0864516 0.1286824
0.0729167 0.1149353
0.0762492 0.1359119
0.0635800 0.1441328
0.0517204 0.1296377
0.0514529 0.1454477
0.0388687 0.1509665
0.0310120 0.1366067
0.0271917 0.1460044
0.0161371 0.1486503
0.0119526 0.1354499
0.0045192 0.1383033
-0.0034457 0.1373514
-0.0045743 0.1264935
-0.0134939 0.1224247
-0.0194205 0.1177751
-0.0161137 0.1094018
-0.0263853 0.0989138
-0.0305406 0.0902463
-0.0229396 0.0843082
-0.0338764 0.0688905
-0.0384593 0.0558589
-0.0259413 0.0523386
-0.0321456 0.0336454
-0.0470135 0.0155935
-0.0302440 0.0145945
0.0000000 0.0000000
0.0000000 0.0000000
-0.0845872 -0.0078010
-0.0719365 -0.0065984
-0.0668767 -0.0228925
-0.0719408 -0.0313386
-0.0612183 -0.0275586
-0.0684493 -0.0449488
-0.0627115 -0.0529208
-0.0528967 -0.0468550
-0.0590183 -0.0645210
-0.0509036 -0.0718521
-0.0412817 -0.0633524
-0.0444065 -0.0804619
-0.0349862 -0.0865320
-0.0262338 -0.0760890
-0.0274328 -0.0920334
-0.0159050 -0.0961157
-0.0098864 -0.0845617
-0.0072609 -0.0976915
0.0040675 -0.1000865
0.0085003 -0.0873594
0.0147831 -0.0969227
0.0254571 -0.0971253
0.0275867 -0.0843621
0.0361462 -0.0899704
0.0466294 -0.0874519
0.0450777 -0.0758272
0.0567580 -0.0760472
0.0651136 -0.0716764
0.0608965 -0.0612285
0.0750600 -0.0561651
0.0806372 -0.0496989
0.0738233 -0.0417185
0.0890027 -0.0319829
0.0920307 -0.0233180
0.0823241 -0.0187530
0.0977697 -0.0041074
0.0979235 0.0054312
0.0858948 0.0069842
0.1011507 0.0250390
0.0978000 0.0354114
0.0848529 0.0334270
0.0985893 0.0530114
0.0925505 0.0639685
0.0791804 0.0584758
0.0899045 0.0787267
0.0825452 0.0888601
0.0688831 0.0811051
0.0771971 0.1000362
0.0681041 0.1091126
0.0563327 0.0995569
0.0616015 0.1154345
0.0521322 0.1231340
0.0424020 0.1126114
0.0438663 0.1246647
0.0358307 0.1301231
0.0278041 0.1201344
0.0272012 0.1270322
0.0202290 0.1302435
0.0154872 0.1214501
0.0129939 0.1222928
0.0083093 0.1230851
0.0062800 0.1161846
0.0022975 0.1107650
0.0006008 0.1083194
0.0010664 0.1038195
-0.0028108 0.0922113
-0.0032691 0.0853026
0.0013345 0.0825028
-0.0029805 0.0664928
-0.0050074 0.0532762
0.0060554 0.0512031
-0.0005165 0.0340273
-0.0078472 0.0140264
0.0117439 0.0134406
0.0000000 0.0000000
0.0000000 0.0000000
-0.0608077 -0.0063486
-0.0500182 -0.0054282
-0.0484905 -0.0187426
-0.0517683 -0.0260610
-0.0426564 -0.0231849
-0.0489370 -0.0368821
-0.0451611 -0.0439455
-0.0360517 -0.0391492
-0.0422973 -0.0531504
-0.0357969 -0.0592819
-0.0280525 -0.0529496
-0.0318795 -0.0661565
-0.0246516 -0.0713459
-0.0175638 -0.0633778
-0.0185583 -0.0751030
-0.0109650 -0.0787920
-0.0051969 -0.0697595
-0.0043944 -0.0795968
0.0042865 -0.0811954
0.0073093 -0.0718774
0.0112567 -0.0785438
0.0193025 -0.0784904
0.0204209 -0.0688544
0.0273368 -0.0719493
0.0342483 -0.0698645
0.0330548 -0.0608551
0.0418320 -0.0604079
0.0479923 -0.0560002
0.0438087 -0.0485488
0.0546431 -0.0437684
0.0590140 -0.0378968
0.0524220 -0.0318763
0.0648946 -0.0232199
0.0668720 -0.0158224
0.0584205 -0.0121001
0.0714100 -0.0004726
0.0713618 0.0083932
0.0610755 0.0093436
0.0735924 0.0237431
0.0718082 0.0329602
0.0600210 0.0316997
0.0720372 0.0474689
0.0679755 0.0568583
0.0562631 0.0532247
0.0667838 0.0689020
0.0612684 0.0782216
0.0498418 0.0725132
0.0577591 0.0873946
0.0521042 0.0956344
0.0410762 0.0889016
0.0472117 0.1015867
0.0409965 0.1086293
0.0320097 0.1013740
0.0359608 0.1106575
0.0304345 0.1164425
0.0232688 0.1094499
0.0248619 0.1146404
0.0215024 0.1188267
0.0158409 0.1133046
0.0167209 0.1131742
0.0156723 0.1159708
0.0121345 0.1127101
0.0131219 0.1059499
0.0156350 0.1071316
0.0133047 0.1067030
0.0160608 0.0924570
0.0218884 0.0897359
0.0207201 0.0911717
0.0268732 0.0712651
0.0302228 0.0580746
0.0352617 0.0568572
0.0368147 0.0406243
0.0303696 0.0092481
0.0549632 0.0025277
0.0000000 0.0000000
0.0000000 0.0000000
-0.0407881 -0.0053042
-0.0310312 -0.0046317
-0.0327984 -0.0156176
-0.0344211 -0.0221768
-0.0264477 -0.0201360
-0.0330812 -0.0310979
-0.0302606 -0.0375535
-0.0222890 -0.0337479
-0.0280121 -0.0447737
-0.0240722 -0.0505269
-0.0165565 -0.0452643
-0.0212464 -0.0559086
-0.0159408 -0.0603922
-0.0100856 -0.0540977
-0.0125218 -0.0633715
-0.0070887 -0.0666445
-0.0023979 -0.0592556
-0.0023258 -0.0666646
0.0030072 -0.0682723
0.0060080 -0.0604224
0.0079259 -0.0656899
0.0136171 -0.0652016
0.0140072 -0.0575876
0.0184377 -0.0597935
0.0233989 -0.0576811
0.0217314 -0.0503473
0.0285800 -0.0493885
0.0324097 -0.0454702
0.0286226 -0.0391512
0.0371200 -0.0352551
0.0400659 -0.0294078
0.0338931 -0.0247611
0.0437418 -0.0176093
0.0454664 -0.0106299
0.0372891 -0.0075506
0.0482971 0.0022732
0.0482560 0.0102663
0.0388859 0.0112954
0.0501836 0.0228980
0.0488098 0.0317167
0.0384375 0.0304948
0.0490476 0.0434858
0.0468404 0.0522634
0.0357270 0.0493334
0.0457383 0.0626502
0.0422450 0.0711329
0.0317837 0.0665640
0.0405104 0.0791315
0.0365485 0.0870568
0.0268597 0.0812317
0.0335299 0.0924975
0.0300312 0.0993478
0.0211761 0.0931599
0.0265162 0.1021340
0.0233884 0.1079740
0.0163939 0.1020162
0.0203253 0.1077411
0.0187605 0.1128656
0.0132079 0.1080853
0.0160736 0.1095958
0.0177234 0.1145782
0.0130603 0.1125207
0.0167260 0.1074972
0.0237629 0.1138415
0.0187885 0.1164614
0.0264808 0.1003745
0.0431209 0.1087920
0.0324421 0.1161216
0.0527680 0.0851003
0.0782764 0.0861190
0.0520892 0.0810155
0.0912778 0.0566912
0.1056831 0.0133949
0.0571981 -0.0699273
0.0000000 0.0000000
0.0000000 0.0000000
-0.0230941 -0.0046064
-0.0142154 -0.0042440
-0.0188536 -0.0133718
-0.0195447 -0.0198693
-0.0118343 -0.0171358
-0.0189433 -0.0273314
-0.0169878 -0.0336121
-0.0097771 -0.0281319
-0.0161895 -0.0396820
-0.0137098 -0.0453892
-0.0069650 -0.0373264
-0.0119455 -0.0495418
-0.0092107 -0.0541665
-0.0035025 -0.0440861
-0.0071965 -0.0563012
-0.0038516 -0.0593942
0.0000721 -0.0480338
-0.0016320 -0.0592188
0.0016775 -0.0607670
0.0039661 -0.0486292
0.0045262 -0.0579959
0.0075658 -0.0577232
0.0078960 -0.0457573
0.0104178 -0.0527333
0.0133971 -0.0504350
0.0113854 -0.0395739
0.0160087 -0.0432980
0.0184761 -0.0393158
0.0143605 -0.0300993
0.0210543 -0.0302238
0.0226880 -0.0246058
0.0167215 -0.0178972
0.0249879 -0.0144105
0.0259539 -0.0072780
0.0181871 -0.0037375
0.0274750 0.0035800
0.0277709 0.0115775
0.0185522 0.0118037
0.0286932 0.0225787
0.0279857 0.0311609
0.0181359 0.0277681
0.0284805 0.0413566
0.0270615 0.0501952
0.0168617 0.0431982
0.0265552 0.0591612
0.0248906 0.0675664
0.0147552 0.0574524
0.0237806 0.0749585
0.0216229 0.0826944
0.0124362 0.0699163
0.0202991 0.0880822
0.0181740 0.0949864
0.0100640 0.0802020
0.0163390 0.0983764
0.0149386 0.1043035
0.0080179 0.0884651
0.0131227 0.1058472
0.0125928 0.1111695
0.0071820 0.0952333
0.0113291 0.1110366
0.0128094 0.1167234
0.0086773 0.1022207
0.0121114 0.1148067
0.0190290 0.1246036
0.0156891 0.1156932
0.0189405 0.1164944
0.0473457 0.1451738
0.0315261 0.1464763
0.0445028 0.1061327
0.1532889 0.1928802
0.0094311 0.1274613
0.0972548 0.0369242
0.4768646 0.2706667
-0.1375394 -0.2517259
0.0000000 0.0000000
0.0000000 0.0000000
-0.0062948 -0.0041448
0.0000000 0.0000000
-0.0056613 -0.0122396
-0.0052234 -0.0208897
0.0000000 0.0000000
-0.0050903 -0.0271183
-0.0044705 -0.0352606
0.0000000 0.0000000
-0.0043206 -0.0403754
-0.0034601 -0.0473622
0.0000000 0.0000000
-0.0032653 -0.0509377
-0.0023174 -0.0564699
0.0000000 0.0000000
-0.0018227 -0.0581096
-0.0008458 -0.0617780
0.0000000 0.0000000
-0.0003236 -0.0614227
0.0007551 -0.0628813
0.0000000 0.0000000
0.0012850 -0.0604133
0.0022846 -0.0595609
0.0000000 0.0000000
0.0029926 -0.0549528
0.0038624 -0.0517190
0.0000000 0.0000000
0.0045607 -0.0453118
0.0053022 -0.0397581
0.0000000 0.0000000
0.0058971 -0.0318235
0.0064572 -0.0242793
0.0000000 0.0000000
0.0070378 -0.0152036
0.0073124 -0.0059907
0.0000000 0.0000000
0.0078712 0.0035763
0.0078904 0.0139947
0.0000000 0.0000000
0.0082034 0.0235544
0.0080364 0.0345334
0.0000000 0.0000000
0.0081949 0.0436055
0.0077557 0.0545916
0.0000000 0.0000000
0.0078864 0.0626102
0.0072807 0.0730903
0.0000000 0.0000000
0.0071154 0.0797967
0.0064764 0.0892675
0.0000000 0.0000000
0.0061568 0.0945160
0.0054907 0.1027015
0.0000000 0.0000000
0.0051656 0.1064645
0.0046699 0.1134000
0.0000000 0.0000000
0.0041584 0.1160494
0.0040148 0.1219186
0.0000000 0.0000000
0.0036240 0.1244136
0.0032815 0.1289638
0.0000000 0.0000000
0.0031186 0.1342759
-0.0008802 0.1362145
0.0000000 0.0000000
-0.0071516 0.1460696
0.0032357 0.1805959
0.0000000 0.0000000
-0.0780706 0.1169791
0.2587978 0.5230152
0.0000000 0.0000000
-0.2590646 -0.1135909
1.3729368 1.3828760
0.0000000 0.0000000
0.0000000 0.0000000
-18.54837
-19.37094
-20.9525
-23.56792
-27.52164
-33.28038
-41.66523
-54.16947
-73.46427
-103.9923
-152.3938
-218.2943
-280.5015
-124.101
-183.4113
-122.6038
-92.97667
-70.65794
-53.56464
-42.35475
-34.93677
-29.96731
-26.63675
-24.5094
-23.35977
-23.10131
-18.85267
-19.28541
-20.76072
-23.2954
-27.12881
-32.72099
-40.91508
-53.2695
-72.65916
-103.6969
-153.8604
-241.2644
-223.6566
-129.1532
-221.2671
-135.1973
-93.39
-70.78369
-53.05243
-41.79808
-34.44737
-29.55381
-26.29835
-24.2218
-23.08341
-22.81369
-18.15978
-18.53883
-19.84752
-22.1392
-25.61992
-30.75461
-38.43046
-50.48802
-70.92358
-104.3636
-169.4948
-201.4916
-146.9518
-170.1409
-202.605
-154.2345
-99.03163
-69.16304
-51.04309
-39.84007
-32.74409
-28.12518
-25.08813
-23.16118
-22.11206
-21.86498
-16.81827
-17.15892
-18.25672
-20.20241
-23.1569
-27.47727
-34.00407
-44.88136
-66.06049
-120.5948
-194.1217
-255.8389
-99.15648
-123.9948
-201.9945
-182.1228
-116.5732
-66.20439
-46.84783
-36.25577
-29.78804
-25.67043
-23.03141
-21.39784
-20.51461
-20.29297
-14.943
-15.22931
-16.08446
-17.5835
-19.84836
-23.13219
-27.87715
-35.32396
-49.46801
-104.734
-158.2426
-193.1769
-100.0119
-104.1362
-185.2387
-188.6037
-124.6103
-63.62021
-40.96911
-30.87223
-25.47209
-22.229
-20.23043
-19.00058
-18.33767
-18.17381
-12.63704
-12.85478
-13.44117
-14.45547
-15.9479
-18.07201
-21.09645
-25.4723
-33.92532
-48.09458
-61.36018
-55.53649
-38.59606
-80.36921
-115.8487
-134.5037
-67.39848
-40.75287
-29.05707
-23.18143
-19.93247
-18.01273
-16.82774
-16.09756
-15.71179
-15.62444
-10.03785
-10.17625
-10.49599
-11.01352
-11.70633
-12.58473
-13.77982
-14.94277
-16.30448
-18.48703
-12.13219
-0.9856939
22.26658
34.27628
-0.2316284
-17.54985
-19.16612
-17.21009
-15.71942
-14.63663
-13.88022
-13.40322
-13.10072
-12.91309
-12.81876
-12.81633
-7.314457
-7.37641
-7.456275
-7.538131
-7.55245
-7.358812
-6.817042
-5.447161
-2.616165
1.570686
12.44461
28.6296
69.68065
83.76871
56.40849
27.3374
8.681998
-0.07770648
-4.420587
-6.752386
-8.064058
-8.855403
-9.35456
-9.675517
-9.863895
-9.936087
-4.636379
-4.643145
-4.529258
-4.259447
-3.744772
-2.827499
-1.25679
1.295142
5.542422
11.80675
23.32532
36.98578
55.99002
63.20427
52.41436
35.58444
20.34915
10.01128
3.573982
-0.4625083
-3.050268
-4.740324
-5.861946
-6.593753
-7.008942
-7.148898
-2.131712
-2.097017
-1.845834
-1.343941
-0.5012297
0.8309335
2.861798
5.854782
10.24521
16.27426
24.96281
34.62253
43.65419
47.24997
42.56003
33.18587
23.12047
14.65997
8.41926
3.987086
0.8723669
-1.304193
-2.808009
-3.806632
-4.385553
-4.582476
0.1150737
0.1763476
0.5066327
1.13886
2.142861
3.627184
5.74256
8.677488
12.63765
17.69952
23.82932
30.03965
34.99373
36.79858
34.41345
28.97833
22.40618
16.14674
10.91485
6.811308
3.700669
1.396739
-0.2689441
-1.410118
-2.081837
-2.3136
2.06053
2.139546
2.501663
3.172744
4.206211
5.685118
7.68142
10.28867
13.59306
17.51495
21.80569
25.81875
28.76663
29.75521
28.34561
24.99395
20.61485
16.08104
11.94406
8.442496
5.615507
3.401539
1.732616
0.5715893
-0.122492
-0.3760752
3.697162
3.783599
4.144288
4.799731
5.778198
7.126711
8.905
11.11389
13.74982
16.69573
19.70201
22.35443
24.19592
24.76308
23.84693
21.65059
18.64558
15.34742
12.14122
9.265265
6.814871
4.810009
3.267122
2.1729
1.497296
1.23543
5.040557
5.123628
5.463065
6.063953
6.950141
8.128465
9.621467
11.4309
13.48608
15.67672
17.79869
19.58992
20.77311
21.09685
20.45091
18.93222
16.80389
14.36675
11.8912
9.572234
7.513376
5.788226
4.428844
3.432091
2.803122
2.555002
6.118758
6.196516
6.500298
7.030013
7.79305
8.798142
10.02466
11.45788
13.03648
14.65382
16.16431
17.39129
18.16255
18.33522
17.84483
16.74627
15.18975
13.35966
11.44736
9.593107
7.906428
6.459853
5.284118
4.403503
3.845534
3.626005
6.968386
7.039413
7.302224
7.755935
8.396132
9.220645
10.21446
11.33609
12.53512
13.72527
14.80221
15.64757
16.15013
16.22428
15.8309
15.00542
13.8333
12.44035
10.95066
9.474626
8.105688
6.902274
5.907323
5.15822
4.681008
4.489685
7.627535
7.689973
7.912467
8.29106
8.819651
9.484458
10.26911
11.13922
12.04336
12.91811
13.68593
14.26683
14.5887
14.59586
14.26791
13.62369
12.72071
11.64062
10.4693
9.293834
8.184167
7.195494
6.374158
5.753097
5.352175
5.184787
8.131864
8.185886
8.37033
8.680392
9.108006
9.639158
10.25165
10.91748
11.59459
12.23379
12.77879
13.17413
13.3707
13.33356
13.04978
12.5323
11.82086
10.96907
10.04156
9.101868
8.205854
7.403215
6.733084
6.222595
5.889679
5.746936
8.513539
8.559685
8.710172
8.960171
9.300715
9.718539
10.19349
10.69898
11.20272
11.66639
12.04938
12.31248
12.42189
12.35517
12.10382
11.67862
11.10615
10.42585
9.684615
8.929872
8.20727
7.556969
7.010855
6.593044
6.320665
6.204425
8.800027
8.838622
8.95973
9.158541
9.426567
9.751085
10.11516
10.4963
10.86832
11.202
11.4673
11.63598
11.68497
11.59886
11.3733
11.01638
10.5476
9.996393
9.397221
8.786887
8.201518
7.673104
7.228455
6.888681
6.668634
6.576698
9.013734
9.044928
9.140795
9.296941
9.50563
9.755581
10.03203
10.31697
10.58932
10.82662
11.00628
11.10777
11.11471
11.01681
10.81182
10.50635
10.11564
9.661645
9.171009
8.672625
8.194996
7.764259
7.402678
7.127543
6.950502
6.877734
9.171894
9.195822
9.270238
9.391394
9.552495
9.743883
9.953011
10.16495
10.363
10.52952
10.64731
10.70112
10.67909
10.5743
10.38577
10.11925
9.786896
9.405976
8.997607
8.58489
8.190949
7.837401
7.542597
7.319986
7.177684
7.120031
9.286676
9.303764
9.360503
9.453761
9.577879
9.724594
9.883403
10.04176
10.18602
10.30206
10.37634
10.39714
10.35569
10.24712
10.0714
9.833664
9.543909
9.216408
8.868459
8.519125
8.187893
7.893219
7.65094
7.471789
7.358965
7.314761
9.365929
9.377006
9.420019
9.492427
9.589521
9.704243
9.827517
9.948715
10.05621
10.13819
10.18352
10.1827
10.12886
10.01842
9.851858
9.633881
9.373204
9.082087
8.775432
8.469746
8.182161
7.929362
7.726691
7.586515
7.507111
7.422763
9.414428
9.42015
9.45373
9.51258
9.592559
9.687411
9.788963
9.887703
9.973285
10.0352
10.06365
10.05036
9.989424
9.877988
9.716723
9.51008
9.266114
8.995948
8.713175
8.432976
8.171221
7.943781
7.765923
7.656705
7.597537
6.772727
9.436431
9.434756
9.462818
9.515753
9.588758
9.67575
9.76901
9.85943
9.937098
9.991932
10.01449
9.996856
9.933356
9.821271
9.661368
9.457956
9.218863
8.954953
8.679391
8.407
8.153441
7.934932
7.766682
7.613789
6.786919
0
