0.0000000 0.0000000
0.0000000 0.0000000
0.0000000 0.0000000
0.0000000 0.0000000
0.0000000 0.0000000
0.0000000 0.0000000
0.0000000 0.0000000
0.0000000 0.0000000
0.0000000 0.0000000
0.0000000 0.0000000
0.0000000 0.0000000
0.0000000 0.0000000
0.0000000 0.0000000
0.0000000 0.0000000
0.0000000 0.0000000
0.0000000 0.0000000
0.0000000 0.0000000
0.0000000 0.0000000
0.0000000 0.0000000
0.0000000 0.0000000
0.0000000 0.0000000
0.0000000 0.0000000
0.0000000 0.0000000
0.0000000 0.0000000
0.0000000 0.0000000
0.0000000 0.0000000
0.0000000 0.0000000
-0.7121317 0.4175661
-1.7134197 1.5070882
-1.1727920 2.6495831
-0.7977443 3.5348582
-0.7605206 4.3037057
-0.8513502 5.1682029
-0.9996586 6.0962620
-1.2909662 7.1628046
-1.9811746 8.5197630
-3.5704465 10.5728979
-8.2933483 13.1329365
9.2036896 18.9933491
14.5218945 -10.7975035
-6.8637538 -8.6147556
-2.5010221 -6.6888251
-1.6904666 -4.7458377
-1.1294205 -3.6529012
-0.7698130 -2.8746567
-0.5619591 -2.2801669
-0.4425816 -1.8035297
-0.3703969 -1.3990842
-0.3545918 -1.0417249
-0.4468118 -0.6213960
-0.4243198 -0.2013760
0.0000000 0.0000000
0.0000000 0.0000000
-1.9311932 0.6040516
-2.8158965 1.7815957
-1.9092041 2.5039401
-1.6319097 3.3409412
-1.6647646 4.2183304
-1.7525448 5.0789146
-1.9415358 5.8989644
-2.3683701 6.7172408
-3.3334606 7.5181751
-5.3827233 7.7978497
1.2522899 7.9274483
17.6232243 9.8459225
30.3415890 -3.1957164
1.6025994 -3.1045952
-4.1288552 -5.2383933
-2.6395378 -4.0565848
-1.8837334 -3.1659861
-1.3458455 -2.5254343
-1.0225408 -2.0538807
-0.8411656 -1.6618512
-0.7351457 -1.2959888
-0.6901131 -0.9598701
-0.8291823 -0.6174721
-0.8925055 -0.2429506
0.0000000 0.0000000
0.0000000 0.0000000
-3.3259239 0.7723466
-3.5365541 1.8730830
-2.6412487 2.4474969
-2.5386584 3.3479571
-2.5203521 4.2014375
-2.5483696 5.0039945
-2.6626375 5.7102680
-2.9532473 6.2069678
-3.6426258 6.2858143
-5.4444637 5.6529279
-1.0405482 -1.8625767
20.4333019 6.6466532
32.6478195 -4.6908979
-6.4081883 -0.4533075
-7.9705086 -1.2162488
-3.9389820 -2.2096887
-2.3647189 -2.2239740
-1.7080060 -2.0478024
-1.3533919 -1.8039716
-1.1636343 -1.5293279
-1.0633928 -1.2315356
-1.0138112 -0.9163303
-1.1304667 -0.6298734
-1.3504379 -0.2741622
0.0000000 0.0000000
0.0000000 0.0000000
-4.7371774 0.8683009
-4.0742607 1.8664464
-3.4745984 2.4779849
-3.4155297 3.3799419
-3.3504660 4.2535901
-3.2916682 5.0742688
-3.2192283 5.7470918
-3.1671789 6.1387124
-3.1787648 5.9828305
-3.6414602 4.5668516
4.4117332 -3.9065788
15.1027622 3.2936552
33.5247421 -5.2717862
3.4224384 1.6855119
-4.5623245 -0.6057139
-3.2011461 -1.1808460
-2.1796501 -1.5510542
-1.7724822 -1.6808630
-1.5380044 -1.6121244
-1.4101537 -1.4281039
-1.3469132 -1.1874886
-1.3189570 -0.8964806
-1.4013005 -0.6350459
-1.7896736 -0.2924810
0.0000000 0.0000000
0.0000000 0.0000000
-5.9983773 0.9020391
-4.6180863 1.8038170
-4.3511229 2.5267091
-4.2982941 3.4264145
-4.2383828 4.3607626
-4.0643239 5.3012738
-3.8684452 6.1980705
-3.4859779 6.8423448
-2.5406485 6.7370939
-1.3382725 5.1003628
7.8780179 -2.9599240
14.3865395 2.3761313
39.2933159 -1.1881908
0.2020812 -0.0670910
-2.4609902 -0.7730493
-2.2727900 -1.0217862
-1.7638253 -1.3651206
-1.6775029 -1.5626029
-1.6356009 -1.5479994
-1.6095246 -1.3963006
-1.6019298 -1.1768268
-1.6095597 -0.8994040
-1.6696773 -0.6398659
-2.1955678 -0.3077602
0.0000000 0.0000000
0.0000000 0.0000000
-7.0200019 0.8913196
-5.2864046 1.7093794
-5.2391562 2.5362787
-5.2368302 3.4604847
-5.2133956 4.4831071
-5.1326847 5.7003775
-5.0892787 6.9823561
-3.8219593 7.5525255
-1.5320659 6.8752184
1.1012511 4.8505554
10.5191402 -1.5388058
13.7543430 -0.4760629
36.9969826 1.3036283
2.4936931 -1.1727523
-1.2643290 -1.3946673
-1.7195673 -1.6392186
-1.4708612 -1.6452047
-1.5947412 -1.6978284
-1.7349958 -1.6299192
-1.8087463 -1.4486648
-1.8561647 -1.2117803
-1.8978338 -0.9276634
-1.9515752 -0.6526407
-2.5656791 -0.3230601
0.0000000 0.0000000
0.0000000 0.0000000
-7.7782092 0.8529027
-6.0853605 1.6033415
-6.1376672 2.4767721
-6.2344236 3.4308946
-6.4045734 4.5678787
-6.7302217 6.0162144
-6.0292273 6.9589324
-3.2644517 6.6903682
0.0588431 5.5209489
4.3305268 3.5595741
13.4037609 -1.3428892
14.4033871 -0.8805956
28.8759956 -1.2711781
2.1555264 -2.4496953
-0.6318911 -2.5535426
-1.5998864 -2.5339427
-1.4753846 -2.2065823
-1.6460829 -2.0296495
-1.9113008 -1.8375974
-2.0540941 -1.5773140
-2.1380310 -1.2895788
-2.2002881 -0.9781531
-2.2567484 -0.6744759
-2.9025331 -0.3386111
0.0000000 0.0000000
0.0000000 0.0000000
-8.2973995 0.7982630
-6.9314246 1.4790858
-7.0378623 2.3301833
-7.2785783 3.2773895
-7.7733927 4.4665861
-8.1073627 5.7212801
-5.7329392 5.8138094
-2.1738060 5.0533485
2.1880491 3.5025108
6.6954026 1.5489112
14.8051062 -2.0531642
17.4252300 -3.1252646
34.8012543 -2.2949595
2.4536829 -2.8984101
0.4168628 -3.4608319
-1.7085037 -3.4949803
-1.8185414 -2.9714332
-1.9023390 -2.4994473
-2.2186863 -2.1232646
-2.3777831 -1.7537972
-2.4689505 -1.3934895
-2.5301433 -1.0393684
-2.5903845 -0.7003351
-3.2090292 -0.3520639
0.0000000 0.0000000
0.0000000 0.0000000
-8.6115913 0.7250791
-7.7278194 1.3377150
-7.8961596 2.1113915
-8.3201742 2.9769194
-9.0224857 3.9636567
-8.5832424 4.7922702
-5.0045218 4.3675275
-0.4971091 3.2278900
3.8573215 1.5201316
8.2322788 0.1545092
15.8509855 -2.6909506
21.7016277 -3.2545197
33.5760918 -7.2941723
5.3627086 -3.0383687
1.1031641 -4.4482327
-2.0570271 -4.4578581
-2.5328174 -3.7129879
-2.4047761 -2.9889095
-2.6793530 -2.4219253
-2.7979386 -1.9339745
-2.8586349 -1.4950871
-2.8938541 -1.0936004
-2.9492073 -0.7198182
-3.4876971 -0.3595577
0.0000000 0.0000000
0.0000000 0.0000000
-8.7837715 0.6341870
-8.4074526 1.1583924
-8.6581593 1.8208177
-9.2495565 2.5412228
-9.9977283 3.2402871
-8.3398457 3.6770346
-3.9803441 2.9965680
0.8029349 1.7965937
5.4645700 0.3364721
9.2258062 -0.8729244
16.6676311 -3.1972299
29.9024620 -7.0779076
20.8755474 -5.7130179
7.6836371 -4.7077475
1.3303171 -5.5370994
-2.6102109 -5.2574444
-3.4802306 -4.3521442
-3.1514652 -3.3886669
-3.2849281 -2.6641347
-3.3112164 -2.0698440
-3.3032291 -1.5607283
-3.2883098 -1.1187731
-3.3231232 -0.7206810
-3.7363067 -0.3555106
0.0000000 0.0000000
0.0000000 0.0000000
-8.8606672 0.5217642
-8.9450178 0.9360193
-9.2920055 1.4569364
-10.0533438 2.0076876
-10.6532774 2.3428018
-7.7034578 2.5229251
-2.7933955 1.6293663
1.9689709 0.6675186
7.1317677 -1.2258210
10.8294039 -2.5954869
17.6213818 -3.3483827
34.0273857 -13.0854235
11.9556046 -6.0908480
7.4444628 -5.9705100
1.2015544 -6.1260567
-3.3182979 -5.8197498
-4.6455221 -4.8009233
-4.1216435 -3.6416855
-4.0148249 -2.7968209
-3.8958664 -2.1162045
-3.7852259 -1.5579101
-3.6999102 -1.0935240
-3.6942904 -0.6900185
-3.9494717 -0.3360652
0.0000000 0.0000000
0.0000000 0.0000000
-8.8957510 0.3845150
-9.3388271 0.6662886
-9.7783823 1.0268525
-10.6594839 1.3986996
-11.0779734 1.5159394
-6.8127265 1.4369723
-1.6658446 0.7739111
3.4459882 -0.6762466
7.7979050 -1.4897645
13.2083311 -3.9059594
21.8642063 -6.0043926
38.3961563 -10.2735081
11.9624367 -5.8707404
7.4628544 -5.8657985
1.4384990 -5.9836106
-4.0464692 -5.8872576
-5.9486065 -4.8037605
-5.2624679 -3.6585758
-4.8297906 -2.7552774
-4.5167570 -2.0291455
-4.2753434 -1.4568044
-4.1038704 -1.0000796
-4.0385075 -0.6184694
-4.1213031 -0.2968910
0.0000000 0.0000000
0.0000000 0.0000000
-8.9087706 0.2332491
-9.5811653 0.3486919
-10.1018744 0.5287078
-11.1545801 0.7569735
-11.2207212 0.6053710
-5.9885635 0.5138975
-0.6070465 0.1005355
4.4505906 -1.5121145
8.9776669 -1.8491848
14.2265673 -3.1857128
27.8199749 -9.8930130
32.2801971 -10.0165930
13.4221888 -5.0311599
7.7976570 -5.1505756
2.0750744 -5.1343732
-4.3589225 -5.3977890
-7.3035398 -4.1141577
-6.4857602 -3.3463848
-5.6516643 -2.4768429
-5.1172671 -1.7701319
-4.7334743 -1.2364463
-4.4682412 -0.8273039
-4.3299847 -0.5001903
-4.2512240 -0.2370079
0.0000000 0.0000000
0.0000000 0.0000000
-8.9137506 0.0603733
-9.6636152 -0.0207700
-10.2461891 -0.0421817
-11.4295645 0.0046939
-11.0953026 -0.3125502
-5.4068532 -0.3759691
0.0747778 -0.6889057
4.9431219 -1.5451177
10.6895590 -3.1190870
16.8462410 -3.3098860
37.8375816 -12.4921265
18.8190136 -6.7432051
12.4871521 -5.1671524
7.4246607 -4.3127646
2.2170687 -3.9932053
-4.1697407 -4.2534056
-8.4550476 -2.6383832
-7.5679202 -2.6248655
-6.3774390 -1.9187419
-5.6416922 -1.3224711
-5.1184616 -0.8887085
-4.7591276 -0.5736586
-4.5442514 -0.3360596
-4.3329492 -0.1542140
0.0000000 0.0000000
0.0000000 0.0000000
-8.7823505 -0.1315861
-9.5363197 -0.4217176
-10.1564617 -0.6846335
-11.5019932 -0.8458307
-11.0456076 -1.2864016
-5.0557971 -0.9955620
0.8575815 -1.4426636
5.4413152 -1.4503232
11.0511847 -2.8914175
23.8472595 -6.4459820
39.8481712 -10.9398403
17.2920609 -6.2295985
11.6015129 -4.5239644
6.7601733 -3.5026197
1.4423749 -2.8989592
-3.7288673 -2.6410275
-9.2449636 -1.3370125
-8.4224606 -1.4856963
-6.9142747 -1.0620135
-6.0085902 -0.6871039
-5.3757348 -0.4258646
-4.9403348 -0.2507240
-4.6650004 -0.1329205
-4.3786368 -0.0523629
0.0000000 0.0000000
0.0000000 0.0000000
-8.4425478 -0.3332779
-9.1755552 -0.8424122
-9.8181410 -1.3518187
-11.2236910 -1.8651330
-10.9718533 -2.6063137
-5.0953097 -1.9549716
0.8304466 -2.0536957
5.9986186 -1.9304351
11.2090149 -2.1818624
32.5429535 -8.2385826
32.3525543 -7.7169108
11.9918909 -4.8298602
9.7025251 -3.2450702
6.2447739 -2.2869179
0.4657929 -1.8457892
-4.3495636 -0.8015885
-10.0225134 0.2133907
-8.7617054 -0.0885553
-7.1653390 -0.0295753
-6.1700754 0.0632577
-5.4717278 0.1112384
-4.9891043 0.1183094
-4.6787877 0.0980985
-4.3660755 0.0591690
0.0000000 0.0000000
0.0000000 0.0000000
-7.8945289 -0.5317498
-8.5750790 -1.2617198
-9.1728983 -2.0332665
-10.4844513 -2.8902805
-10.9835958 -3.9145496
-5.5421166 -3.3286152
0.6832579 -2.6675351
6.7980981 -3.4984918
15.3752985 -4.4332714
34.0587807 -10.5171328
35.2421303 -10.1446438
12.4643764 -3.2442272
8.1675596 -1.9792829
5.7660360 -1.2233865
-0.2827412 -0.4843156
-5.3776851 0.8761328
-10.4384108 1.9008511
-8.5800781 1.3710892
-7.1099386 1.0789992
-6.0996485 0.8639993
-5.3849812 0.6824124
-4.8878398 0.5105464
-4.5637450 0.3432742
-4.2398968 0.1751514
0.0000000 0.0000000
0.0000000 0.0000000
-7.1530218 -0.7117224
-7.7471447 -1.6325046
-8.2527161 -2.6175046
-9.2199621 -3.8527863
-10.5159073 -5.6414642
-6.2117786 -5.6138778
0.2795377 -4.0630054
7.4693742 -4.7401829
21.9058838 -9.1427755
36.5209045 -6.8325653
23.2781219 -2.5073543
10.8777180 -2.0260971
8.0145950 -0.2621297
3.1846240 0.2281149
-1.4000416 1.4040049
-5.9306736 3.0953536
-10.1804523 4.1087389
-8.0263672 2.6919341
-6.7266736 2.1004705
-5.7868094 1.6318562
-5.1089592 1.2387223
-4.6326780 0.8962343
-4.3172383 0.5855361
-3.9970396 0.2883727
0.0000000 0.0000000
0.0000000 0.0000000
-6.2525396 -0.8606813
-6.7329884 -1.9335080
-7.0931206 -3.1091020
-7.6551900 -4.5299439
-8.9246540 -6.5524292
-5.7045178 -8.3172998
0.4647355 -7.4361615
9.6497784 -8.1072941
24.1904526 -9.4122458
29.5859852 -8.5222368
25.7641563 -1.9885921
11.7566338 2.3592396
6.0697284 1.2717912
2.3613050 2.1989999
-2.3642986 4.4337544
-7.5797262 6.1473351
-8.9884453 5.3737073
-7.2060809 3.8750312
-6.0736756 2.9839950
-5.2561183 2.3015363
-4.6584492 1.7379694
-4.2312503 1.2485824
-3.9441597 0.8086197
-3.6416280 0.3918422
0.0000000 0.0000000
0.0000000 0.0000000
-5.2400856 -0.9664794
-5.5942535 -2.1274703
-5.7816234 -3.3979435
-5.9913363 -4.8798814
-6.3887310 -6.9881725
-5.1604638 -9.9768591
0.3139641 -11.0021086
11.8804131 -9.0592365
20.6096878 -9.7865143
22.8253593 1.0471097
17.3919182 3.8683853
13.0199804 3.8431375
4.0040421 6.1031904
0.3994471 6.1538467
-3.3325658 7.7501507
-8.4508562 8.9959526
-7.0630989 6.3717752
-6.0263114 4.8450522
-5.1910076 3.7293072
-4.5509396 2.8607121
-4.0646029 2.1510208
-3.7064722 1.5469882
-3.4603999 1.0008340
-3.1860185 0.4817931
0.0000000 0.0000000
0.0000000 0.0000000
-4.1675367 -1.0281470
-4.4027224 -2.2249148
-4.4489765 -3.5066936
-4.4366121 -4.9755125
-4.3813777 -6.7860212
-3.9620981 -8.8480511
0.1728085 -10.6964159
6.8667307 -10.7351608
15.4517155 -0.9080220
15.5788708 6.3112049
16.1763477 6.1419334
13.0683184 7.7806597
4.9041295 9.2392015
0.1316976 10.2703915
-3.6973398 11.5112066
-5.5690031 9.1693001
-5.1571965 6.9884186
-4.6388311 5.4619684
-4.1353040 4.2727652
-3.6997128 3.3020008
-3.3466213 2.4863515
-3.0792334 1.7796190
-2.8856962 1.1525464
-2.6519499 0.5493712
0.0000000 0.0000000
0.0000000 0.0000000
-3.0842502 -1.0483110
-3.2209742 -2.2301593
-3.1776299 -3.4465322
-3.0341942 -4.7303333
-2.6960011 -6.0305982
-1.8730228 -7.3911948
0.3402169 -8.3683834
4.5814695 -6.8146968
8.5813951 -1.3752773
10.6806087 2.4016626
10.3038340 6.9686427
7.7149043 11.1194725
3.3671331 14.3896408
-0.3112003 13.1470003
-2.4196286 11.1398439
-3.2272863 8.9401388
-3.3919992 7.2061052
-3.2657585 5.7940211
-3.0302246 4.6189804
-2.7734134 3.6217413
-2.5459256 2.7495813
-2.3675361 1.9684080
-2.2342846 1.2646352
-2.0414693 0.6111647
0.0000000 0.0000000
0.0000000 0.0000000
-2.0256622 -1.0361066
-2.0977089 -2.1726213
-2.0083179 -3.2949142
-1.7973398 -4.3883777
-1.3919696 -5.3247275
-0.5816216 -5.9841576
0.8342233 -6.0256147
2.6453764 -5.2345123
4.4922247 -3.0512140
5.6182275 0.9317738
5.4271135 3.7067401
4.2679143 7.1057940
2.2670393 9.4791393
0.1085401 10.0942345
-1.2337167 9.5649033
-1.8067870 8.4692669
-2.0027378 7.2326050
-1.9990458 6.0085020
-1.9129274 4.8651872
-1.7953558 3.8375120
-1.6809480 2.9199932
-1.5890824 2.0874555
-1.5325022 1.3165396
-1.4149559 0.6025729
0.0000000 0.0000000
0.0000000 0.0000000
-0.9332931 -1.1225818
-0.9321026 -2.2889385
-0.8791268 -3.2983987
-0.7584908 -4.0584631
-0.5265502 -4.4988761
-0.0626539 -4.6752872
0.6033388 -4.5250421
1.3135600 -3.4896572
1.8110018 -1.6281470
2.2769864 1.0903183
2.2044749 3.4435065
1.6321748 5.8520894
0.7857283 7.5064707
-0.1074306 8.1020746
-0.6919617 8.0755844
-0.9406298 7.8385129
-0.9934061 7.2728257
-0.9542946 6.4895039
-0.8846380 5.5724125
-0.8105159 4.5985560
-0.7454607 3.6189139
-0.7001144 2.6607594
-0.7003590 1.7248950
-0.7379155 0.8414153
0.0000000 0.0000000
0.0000000 0.0000000
0.0000000 0.0000000
0.0000000 0.0000000
0.0000000 0.0000000
0.0000000 0.0000000
0.0000000 0.0000000
0.0000000 0.0000000
0.0000000 0.0000000
0.0000000 0.0000000
0.0000000 0.0000000
0.0000000 0.0000000
0.0000000 0.0000000
0.0000000 0.0000000
0.0000000 0.0000000
0.0000000 0.0000000
0.0000000 0.0000000
0.0000000 0.0000000
0.0000000 0.0000000
0.0000000 0.0000000
0.0000000 0.0000000
0.0000000 0.0000000
0.0000000 0.0000000
0.0000000 0.0000000
0.0000000 0.0000000
0.0000000 0.0000000
0.0000000 0.0000000
0.0000000 0.0000000
0.0819461 -0.0802166
0.0000000 0.0000000
0.0133067 -0.0448899
-0.3203428 0.1808206
-0.4056038 0.6849667
0.0000000 0.0000000
-1.4237589 0.7657546
-0.5144184 1.6358653
-0.4942884 2.5724282
0.0000000 0.0000000
-1.4199133 2.1791470
-0.4145934 3.3326337
-0.3679206 3.9724464
0.0000000 0.0000000
-0.9344932 3.1554916
-0.3086565 4.5142636
-0.2952196 4.9886942
0.0000000 0.0000000
-0.7582403 3.9245851
-0.2926275 5.4714103
-0.3094046 5.9633865
0.0000000 0.0000000
-0.7957920 4.7402639
-0.3273036 6.5033426
-0.3629817 7.0416822
0.0000000 0.0000000
-0.9033954 5.6196008
-0.3855621 7.6974249
-0.4564884 8.3338079
0.0000000 0.0000000
-1.0890062 6.5797315
-0.5089855 9.2169189
-0.6655026 10.0398855
0.0000000 0.0000000
-1.4866090 7.7416749
-0.8181232 11.4324665
-1.1238403 12.7369118
0.0000000 0.0000000
-2.4152374 9.5576859
-1.6190529 15.0093908
-1.8849306 17.8249512
0.0000000 0.0000000
-4.5939026 13.9301548
-1.6244166 20.9652748
-2.5049446 24.1043205
0.0000000 0.0000000
3.0601320 12.8563442
4.3791065 18.8189888
10.6061907 6.3306389
0.0000000 0.0000000
13.8437939 11.0948362
11.6656961 -9.1657887
-2.9218650 -10.5484304
0.0000000 0.0000000
12.3679504 -5.8002410
-1.4077237 -12.6721277
-0.9138072 -12.7656107
0.0000000 0.0000000
-8.0136032 -10.2066269
-0.2445701 -8.5070992
-0.4512241 -7.0689979
0.0000000 0.0000000
-2.1467400 -5.9989538
-0.5152206 -6.2994843
-0.4261042 -5.2254391
0.0000000 0.0000000
-1.4346249 -4.2669163
-0.3805400 -4.6425576
-0.3118206 -3.9482152
0.0000000 0.0000000
-0.9315003 -3.2353585
-0.2666104 -3.5236270
-0.2254927 -3.0599852
0.0000000 0.0000000
-0.6507597 -2.5475001
-0.1962240 -2.7332184
-0.1744615 -2.3971071
0.0000000 0.0000000
-0.4938132 -2.0303810
-0.1566806 -2.1280944
-0.1454286 -1.8614162
0.0000000 0.0000000
-0.4023108 -1.5966682
-0.1336585 -1.6343153
-0.1249473 -1.4009429
0.0000000 0.0000000
-0.3549028 -1.2178149
-0.1247791 -1.1913401
-0.1348908 -0.9680212
0.0000000 0.0000000
-0.3881418 -0.8545642
-0.1576279 -0.7088879
-0.1653990 -0.4396194
0.0000000 0.0000000
-0.4727506 -0.4035974
-0.1320768 -0.2031316
-0.0680391 0.0275468
0.0000000 0.0000000
-0.1089296 -0.0113387
0.0000000 0.0000000
0.0000000 0.0000000
0.0539821 0.0003343
-0.2153694 0.0952439
-1.3540030 0.4389882
-1.9974222 1.0538453
-2.7280040 1.1837492
-2.1156478 1.7482553
-1.9043579 2.2527947
-2.2953904 2.1549859
-1.5063840 2.6669967
-1.2836709 3.1061916
-1.7223271 2.8999400
-1.2009555 3.4808919
-1.1906965 3.9076381
-1.6388277 3.7723877
-1.2236404 4.3495002
-1.2792271 4.7901306
-1.6941406 4.6447840
-1.3305266 5.2623510
-1.4273915 5.6766829
-1.8116758 5.4571614
-1.5186495 6.1952615
-1.7216475 6.5968070
-2.0826693 6.2228537
-1.9342531 7.2415004
-2.3943911 7.6256852
-2.7203567 6.8620319
-2.8714852 8.5822268
-4.0709085 8.8096819
-4.2072315 7.0161510
-5.4962039 10.3050423
-8.8258476 11.3272266
-9.7453709 7.3578534
-1.3713994 8.3675241
6.6217780 10.6799288
11.1552687 9.8997688
11.8074188 8.9266644
19.0253963 5.0602074
22.1910496 4.9776316
26.5361614 -4.7408981
14.1391077 -3.0360260
20.2771778 -2.8659446
1.6749626 -6.9827123
-9.7358961 -8.2336931
-6.6586914 -5.5536118
-4.0597248 -5.9517174
-3.2507598 -5.5445571
-2.8175828 -4.6029406
-2.4758184 -4.3736682
-1.8927401 -3.7960742
-2.1097953 -3.2158506
-1.4980948 -3.4134610
-1.2290913 -2.9881206
-1.5625037 -2.7227104
-1.0172480 -2.6965165
-0.8794230 -2.3993995
-1.1574771 -2.2754602
-0.7650323 -2.1504002
-0.6916850 -1.9287043
-0.9178285 -1.8664725
-0.6270063 -1.7123897
-0.5862035 -1.5261229
-0.7817312 -1.4915019
-0.5457650 -1.3306921
-0.5229306 -1.1587117
-0.7035586 -1.1319836
-0.5138385 -0.9870216
-0.5479388 -0.8072835
-0.7291921 -0.8018329
-0.6331421 -0.5983908
-0.7033473 -0.4086031
-0.9102947 -0.4367480
-0.6528326 -0.2078631
-0.1514889 -0.0405338
-0.2673528 -0.0644478
0.0000000 0.0000000
0.0000000 0.0000000
-0.5007989 0.1494340
-0.9064966 0.2278763
-2.6239021 0.6755877
-3.3095555 1.3302574
-3.8168869 1.4136194
-3.1406977 1.8712862
-2.6402352 2.1280756
-2.9694042 2.0955238
-2.2583349 2.4540517
-2.1044118 2.8987720
-2.5633519 2.8770001
-2.0759912 3.3332126
-2.0850167 3.7779114
-2.5303829 3.7596862
-2.0966403 4.2124610
-2.1279755 4.6240730
-2.5260463 4.5852571
-2.1594598 5.0455079
-2.2426219 5.3973088
-2.5829921 5.3306365
-2.3179007 5.8241186
-2.5089009 6.0784092
-2.7463377 5.9237761
-2.6777449 6.5086551
-3.0730152 6.5909586
-3.1508632 6.2882977
-3.4155645 6.9270911
-4.0253949 6.8988247
-4.0128922 6.3925705
-4.0465598 7.0256801
-8.7354269 7.4580965
-8.4573174 7.5520878
-8.6668158 5.9541564
8.4370470 6.8357248
13.0482483 2.7786956
19.1595421 6.6145129
22.6174507 4.9541669
34.4141731 4.4542341
32.1581535 -5.9166732
23.6747131 -0.9956341
28.2544498 2.2114229
-5.3279405 -0.0749697
-7.5824461 -4.3135729
-8.3008842 -1.8944749
-5.0968781 -3.1359031
-4.0497761 -4.3903260
-6.4664745 -2.8047464
-2.9033356 -3.4731576
-2.4232254 -3.0272558
-3.1708071 -2.5868068
-2.0233259 -2.7169163
-1.7394927 -2.5080535
-2.0211535 -2.2612884
-1.4839346 -2.2686384
-1.3219838 -2.1271465
-1.5138847 -1.9916803
-1.1687601 -1.9163944
-1.0790726 -1.7781389
-1.2465034 -1.7066287
-0.9932076 -1.5873046
-0.9443610 -1.4431568
-1.1060871 -1.4077876
-0.8962181 -1.2570587
-0.8735988 -1.1082115
-1.0332353 -1.0900390
-0.8529248 -0.9345895
-0.8848436 -0.7835950
-1.0391188 -0.7776943
-0.9762620 -0.6174382
-1.0872359 -0.4574730
-1.2625686 -0.4703313
-1.1110770 -0.2608137
-0.3893102 -0.0805031
-0.5369186 -0.0931262
0.0000000 0.0000000
0.0000000 0.0000000
-1.3774571 0.2825858
-1.9303449 0.3389193
-4.0249987 0.8198956
-4.2842269 1.4748492
-4.6524959 1.5001075
-3.7990131 1.8928790
-3.2738850 2.0835776
-3.6459737 2.0791757
-3.0419047 2.4441698
-2.9947653 2.9173143
-3.4429896 2.9201007
-2.9718931 3.3491325
-2.9450386 3.7894640
-3.3976359 3.7890358
-2.9335461 4.1995115
-2.9187341 4.6198072
-3.3471463 4.6313667
-2.9239197 5.0031233
-2.9281397 5.3597856
-3.2842867 5.3716078
-2.9398563 5.6799583
-2.9979241 5.9053121
-3.1915367 5.8954139
-3.0365703 6.1009784
-3.2480092 6.0750999
-3.1200471 5.9409976
-3.4469805 6.0631700
-4.0487490 5.5297399
-3.3962045 5.0263267
-4.8836861 5.2158828
-9.4862099 5.1113524
-7.1215868 3.5277574
0.9998040 -4.3423429
9.7907648 1.0117085
8.6261177 -0.2839258
13.6867132 4.5157552
21.0049324 6.6169767
20.7717190 3.7356794
36.9449577 -2.0435724
36.2855721 2.8612397
31.7453671 8.0027170
-6.3697500 -0.7820458
-4.5046244 0.7348252
0.3738005 3.3373568
-6.5885448 -1.2077067
-5.1077294 -0.6678710
-3.6763475 0.1031259
-3.6242077 -1.4787501
-2.8981981 -1.7047833
-2.5089073 -1.2784703
-2.3021133 -1.8094915
-2.0041778 -1.8939176
-1.9132169 -1.6754802
-1.7495323 -1.8261691
-1.5972738 -1.8221031
-1.6353056 -1.7075521
-1.4477520 -1.6877577
-1.3698304 -1.6239116
-1.4634182 -1.5642794
-1.2887808 -1.4686275
-1.2485073 -1.3661958
-1.3718408 -1.3363308
-1.2066395 -1.2037221
-1.1897498 -1.0747811
-1.3291092 -1.0619036
-1.1697626 -0.9043721
-1.1902096 -0.7682826
-1.3329967 -0.7628903
-1.2645129 -0.6302820
-1.4114467 -0.4786523
-1.5679755 -0.4822900
-1.5589193 -0.2850482
-0.7025381 -0.1014904
-0.8721792 -0.1085975
0.0000000 0.0000000
0.0000000 0.0000000
-2.5186310 0.3795581
-3.1665118 0.4120592
-5.3583932 0.8903985
-5.0110369 1.5014772
-5.3037868 1.4846874
-4.3446498 1.8453265
-3.9918776 2.0837409
-4.4099722 2.0887780
-3.8957760 2.4917178
-3.8776472 2.9584370
-4.3325267 2.9654498
-3.8528192 3.3842754
-3.8051653 3.8551047
-4.2972813 3.8676367
-3.7949302 4.2685900
-3.7207508 4.7454171
-4.2254028 4.7770357
-3.6974785 5.1087527
-3.5597575 5.5566044
-4.0804367 5.6630664
-3.5128598 5.8503022
-3.3670464 6.1789293
-3.7349298 6.5093265
-3.1829197 6.3799891
-3.0138156 6.3581905
-3.0559442 6.9167509
-2.7293556 6.2322803
-2.4403009 5.7629833
-1.9239612 6.1393547
-1.8477218 4.3570666
-3.8648746 4.4975157
-2.6833131 5.0498371
6.0843134 -3.6892121
9.4421053 -0.0528975
11.2557850 1.5768404
13.4405394 2.0291522
17.0739021 2.9252472
18.8422756 0.7904382
37.8155251 -2.7235723
35.0335426 3.5159695
27.7220993 5.6061954
-3.5216436 -1.4875458
-2.8751495 3.4360745
-1.2679642 1.6475841
-3.5377674 -0.1328599
-3.5496919 -0.2137167
-2.4433110 -0.1372498
-2.7000763 -0.8374105
-2.4175186 -1.1576763
-1.9337680 -1.0650954
-1.9942859 -1.3453226
-1.8763940 -1.5516312
-1.6640048 -1.4808589
-1.7484275 -1.5720290
-1.6849349 -1.6326058
-1.6466224 -1.5934092
-1.6004525 -1.5552191
-1.5656163 -1.5251087
-1.6169475 -1.5046948
-1.5192904 -1.3996208
-1.5021415 -1.3168108
-1.6012483 -1.3062394
-1.4804617 -1.1756235
-1.4752835 -1.0553719
-1.6018112 -1.0513153
-1.4686552 -0.8950999
-1.4827009 -0.7602066
-1.6210264 -0.7582785
-1.5363295 -0.6362457
-1.7031024 -0.4839107
-1.8493354 -0.4838212
-1.9801133 -0.3009041
-1.0587045 -0.1140784
-1.2432187 -0.1187268
0.0000000 0.0000000
0.0000000 0.0000000
-3.8160119 0.4328515
-4.4983463 0.4428294
-6.4974794 0.9036110
-5.6014838 1.4484823
-5.8773856 1.4026952
-4.9495668 1.7591035
-4.8033361 2.0961783
-5.2460914 2.0878105
-4.7819166 2.5278327
-4.7651744 2.9928801
-5.2463255 2.9832542
-4.7600279 3.4314296
-4.7348824 3.9369390
-5.2674446 3.9452975
-4.7313237 4.3795943
-4.6002645 4.9573894
-5.2720990 5.0038462
-4.6322412 5.3742418
-4.4148092 6.0727296
-5.2368002 6.3250198
-4.3649817 6.5393848
-4.1309800 7.0749450
-4.5379333 7.4974856
-3.5443265 7.4206862
-2.8160594 7.3654556
-2.6888824 7.3352780
-1.8247031 6.9838738
-0.7399073 6.2724786
-0.3014513 5.8779416
0.2782219 4.9259682
-0.8549635 4.7912250
0.2651426 3.8643382
9.1968670 -1.9634336
10.7011433 1.3806186
11.5927162 1.4624811
13.8630152 1.1506059
17.1628304 1.0086758
21.6933403 -2.1213396
35.9711723 -1.3126702
31.2310066 0.5844964
28.2528305 -0.2901332
0.4917096 -1.7231724
-0.0361407 1.6831213
0.2801268 0.2855859
-2.3538923 -0.6785418
-2.3483567 -0.6267691
-1.6066694 -0.7088196
-2.0680799 -1.1249607
-1.8922632 -1.2725517
-1.5800210 -1.4027458
-1.6499383 -1.4191853
-1.6513244 -1.5625414
-1.4850146 -1.6420534
-1.6678002 -1.5911580
-1.7021972 -1.6294922
-1.6664349 -1.6782913
-1.7064065 -1.5673169
-1.7217482 -1.5241631
-1.7715051 -1.5525727
-1.7232902 -1.4107068
-1.7331092 -1.3182182
-1.8299092 -1.3339304
-1.7386174 -1.1881863
-1.7468078 -1.0591784
-1.8720697 -1.0677600
-1.7592360 -0.9103953
-1.7724514 -0.7637519
-1.9131589 -0.7676285
-1.8125228 -0.6455585
-1.9806272 -0.4847930
-2.1238413 -0.4843348
-2.3673298 -0.3159328
-1.4438221 -0.1230910
-1.6402088 -0.1265202
0.0000000 0.0000000
0.0000000 0.0000000
-5.1584468 0.4433289
-5.8245487 0.4344831
-7.3853011 0.8775515
-6.1632366 1.3449790
-6.4633312 1.2834201
-5.6815052 1.6538424
-5.6634245 2.0792081
-6.1098895 2.0461917
-5.6815343 2.5067835
-5.6895094 2.9846182
-6.1872730 2.9454455
-5.7290478 3.4387710
-5.7333927 3.9957318
-6.3325167 3.9755449
-5.7987280 4.4952631
-5.7827606 5.2216816
-6.6181784 5.2816148
-5.9313846 5.8387880
-5.8717203 6.6827407
-6.5403023 6.7436566
-5.4594111 7.2392502
-4.7469139 7.4100432
-4.6521397 7.1397486
-3.4268181 7.4063072
-1.9706253 6.9853516
-1.6076432 6.2075663
-0.3522652 6.3878508
1.3971120 5.4284148
2.1369705 4.4784641
3.1355658 4.2789454
2.3283298 3.5045462
3.6699333 2.6799617
12.1580410 -1.8783979
12.0276213 0.5806597
13.7911558 0.4358196
13.7431402 -0.9920211
22.0661488 -1.3488519
24.4395790 -2.2239993
34.0571442 -3.4106007
26.6824017 -1.5665883
17.2485771 -0.2758433
3.6306691 -1.3376815
1.4749495 -0.7215325
0.2964824 -2.0869896
-0.8537870 -2.1816368
-1.3507510 -1.4951084
-1.4929777 -2.2920666
-1.6578516 -2.0532391
-1.6197331 -1.8517015
-1.6537304 -2.2838256
-1.4971400 -1.8819407
-1.5440316 -1.8681822
-1.5200609 -2.0913441
-1.6542366 -1.8393482
-1.7639662 -1.8051080
-1.7857400 -1.9286017
-1.8490885 -1.7198551
-1.9023780 -1.6259140
-1.9841450 -1.6977516
-1.9485692 -1.5047600
-1.9783338 -1.3767619
-2.0942099 -1.4155428
-2.0087156 -1.2468354
-2.0262797 -1.0912175
-2.1631265 -1.1114218
-2.0555406 -0.9508085
-2.0704870 -0.7813066
-2.2201395 -0.7904918
-2.1061466 -0.6636513
-2.2581196 -0.4869438
-2.4058363 -0.4874395
-2.7201035 -0.3315848
-1.8521390 -0.1304732
-2.0593872 -0.1332796
0.0000000 0.0000000
0.0000000 0.0000000
-6.4526238 0.4189977
-7.0707870 0.3985604
-8.0236111 0.8294156
-6.7723203 1.2139754
-7.1039562 1.1372435
-6.5056987 1.5405856
-6.5251875 2.0013933
-6.9603405 1.9260044
-6.5868993 2.4080753
-6.6386046 2.8980834
-7.1342263 2.8063495
-6.7570086 3.3582206
-6.8655095 3.9559610
-7.4972639 3.8719938
-7.0938406 4.5204573
-7.3052325 5.3542957
-8.0943632 5.2453403
-7.4126916 5.9939814
-7.0337148 6.5087538
-7.1213017 6.1021867
-5.8138762 6.6693463
-4.3479509 6.3014488
-3.9859600 5.6577926
-2.6601906 5.9700842
-0.7409226 5.3871555
0.0158636 4.2975316
1.2637653 4.5217175
3.4509728 3.3712244
4.4760919 2.4091730
5.6050029 2.4953017
4.9983082 1.6594316
6.2268686 0.9640074
14.1257734 -1.9418821
13.9313574 -0.6508508
15.4689226 -1.1187040
16.0563774 -1.5842956
23.5385818 -3.7747607
24.5302563 -4.7991924
34.8228455 -1.2069528
28.4408531 -3.7581167
23.6585503 -4.7297049
1.5880204 -3.0910156
0.8432564 -1.7245173
1.8046888 -1.8120253
-0.3945654 -2.9302840
-1.2752613 -2.8156171
-0.8264572 -3.3711863
-1.7862064 -2.9899526
-1.8702141 -2.7471919
-1.9407854 -3.2018569
-1.7158114 -2.5731878
-1.7110785 -2.3941922
-1.8142630 -2.6830895
-1.8187160 -2.2575350
-1.9550115 -2.1106451
-2.0606999 -2.2744136
-2.0944622 -1.9772395
-2.1625416 -1.8080807
-2.2968223 -1.9022613
-2.2353001 -1.6632462
-2.2705286 -1.4793774
-2.4208114 -1.5299375
-2.3160326 -1.3412797
-2.3344622 -1.1456785
-2.4929206 -1.1708976
-2.3720810 -1.0088314
-2.3869238 -0.8091040
-2.5506077 -0.8202248
-2.4249086 -0.6887242
-2.5481899 -0.4917164
-2.7060070 -0.4924663
-3.0409670 -0.3466567
-2.2809148 -0.1369587
-2.4982386 -0.1392846
0.0000000 0.0000000
0.0000000 0.0000000
-7.6400442 0.3736230
-8.1902933 0.3457236
-8.4402809 0.7641488
-7.4343467 1.0544784
-7.7798872 0.9712769
-7.3305860 1.4072983
-7.3587627 1.8363364
-7.7656403 1.7252685
-7.4731274 2.2247961
-7.5786567 2.6953702
-8.0507259 2.5491848
-7.8058529 3.1379445
-8.0836372 3.7537529
-8.6723175 3.5702899
-8.4359035 4.2565360
-8.7329254 4.9838991
-9.1970835 4.6584659
-8.3570051 5.3532405
-7.0925937 5.3892088
-6.8364730 4.7558413
-5.3316517 5.2003355
-3.5513289 4.6716018
-2.7938135 3.8168361
-1.2896744 3.8647354
0.9962764 2.9880619
1.7054551 2.3496680
2.9696848 2.2604246
5.2036729 1.4700911
6.0855875 0.9057364
7.4880347 0.8087579
7.0801716 0.1841111
8.3278093 -0.4837419
15.3320036 -2.3672748
16.6384029 -1.5105996
17.2214527 -1.7655668
20.0750122 -3.8888180
26.1967564 -5.1346903
33.2710419 -9.3835382
34.2044258 -8.4133596
16.7538586 -3.7727313
14.9849062 -4.8429098
3.4009385 -2.8421378
1.9256995 -3.2336073
3.6283908 -3.1645055
0.5913764 -3.6562059
-1.0216469 -3.9506655
-0.5757624 -4.3090820
-2.0295262 -3.9860306
-2.3717096 -3.6735661
-2.5654738 -4.0267072
-2.2631695 -3.3538930
-2.1895483 -3.0156231
-2.4381714 -3.2776301
-2.2050648 -2.7507935
-2.3204122 -2.4792142
-2.5262923 -2.6420476
-2.4774404 -2.2771358
-2.5335147 -2.0253253
-2.7346997 -2.1137180
-2.6071053 -1.8488718
-2.6315544 -1.5986749
-2.8251042 -1.6440862
-2.6759136 -1.4484566
-2.6845312 -1.2062938
-2.8696706 -1.2265555
-2.7187192 -1.0693426
-2.7281091 -0.8381959
-2.9074054 -0.8451183
-2.7701881 -0.7130932
-2.8585017 -0.4959967
-3.0289931 -0.4948504
-3.3327084 -0.3578622
-2.7272036 -0.1421906
-2.9523461 -0.1435247
0.0000000 0.0000000
0.0000000 0.0000000
-8.6816931 0.3145202
-9.1493263 0.2819347
-8.6828508 0.6814053
-8.1140432 0.8825452
-8.4431543 0.7907332
-8.0730219 1.2510333
-8.1320486 1.5956850
-8.4920979 1.4530602
-8.2894621 1.9735082
-8.4684534 2.3762355
-8.8802004 2.1791828
-8.7997084 2.7712004
-9.2036648 3.3464701
-9.7035675 3.1052840
-9.5319805 3.6313488
-9.5971222 4.2792969
-9.7960386 3.8856723
-8.4756794 4.2837982
-6.5841761 4.0736713
-6.1928692 3.4761791
-4.5082188 3.6827123
-2.0689132 3.1202388
-1.4627136 2.3317218
0.1249557 2.5307302
2.2545521 1.8925129
2.8927479 1.2603636
4.5813684 1.0545288
6.7707448 0.3705232
7.4767861 -0.3602798
8.8898592 -0.2983691
9.5258436 -1.3532519
11.3708496 -2.4065082
16.2591019 -2.8651059
16.9479179 -2.4195268
17.8874531 -3.0789921
29.0349007 -8.2543850
34.8840561 -9.9757252
34.0390358 -6.2787299
25.2283192 -3.7212007
7.5060496 -4.1102152
8.1198435 -4.6561928
7.8321052 -3.2936189
4.2968907 -4.5677099
4.2319436 -5.4179215
1.5704542 -4.9369001
-0.8052692 -4.9903784
-0.8245052 -5.4429326
-2.3876803 -4.8703985
-3.0486403 -4.4807820
-3.4040501 -4.8312955
-3.0589011 -4.0540462
-2.9226067 -3.5906210
-3.3394084 -3.8083408
-2.8192012 -3.2103925
-2.8748031 -2.8289950
-3.1829886 -2.9506087
-3.0073364 -2.5560327
-3.0242531 -2.2163472
-3.2936118 -2.2707620
-3.0717957 -2.0139241
-3.0678787 -1.6963587
-3.3043199 -1.7175013
-3.0916853 -1.5365773
-3.0797024 -1.2501211
-3.2897184 -1.2535253
-3.0971437 -1.1120712
-3.0933664 -0.8544880
-3.2860210 -0.8502850
-3.1357782 -0.7250524
-3.1907368 -0.4942766
-3.3718274 -0.4873051
-3.5959024 -0.3603165
-3.1842494 -0.1445804
-3.4124746 -0.1442754
0.0000000 0.0000000
0.0000000 0.0000000
-9.5502081 0.2477440
-9.9273624 0.2122958
-8.8107090 0.5805064
-8.7463322 0.6906559
-9.0288191 0.5907573
-8.6852865 1.0487924
-8.8105812 1.2914826
-9.1097679 1.1241711
-8.9932547 1.6441532
-9.2440281 1.9576188
-9.5897369 1.7254511
-9.6733027 2.2890568
-10.1474400 2.8219070
-10.5133400 2.4922614
-10.3375645 2.8197157
-9.9310093 3.4285557
-9.9254541 2.9671121
-8.0196104 3.1256702
-5.7931461 2.8520143
-5.3245745 2.2724426
-3.4226274 2.3009667
-0.9313252 1.7603965
-0.3596508 1.1041579
1.2998842 1.2241057
3.6433787 0.5071463
4.4426150 -0.3023437
6.3917027 -0.6333266
8.3015022 -1.0094401
8.9405451 -1.5792490
9.9665356 -1.7324469
12.9730225 -3.1730876
14.0737381 -3.9737062
16.8439713 -3.2918568
20.6378117 -5.4952812
24.1510124 -7.7592540
35.4683495 -13.3497429
38.4023933 -13.1267796
34.0663719 -10.8627071
13.5668907 -5.5005894
9.0330181 -5.4027395
9.7550755 -5.7769008
7.8611121 -5.5928679
4.5723691 -5.7881527
4.5563803 -6.1569042
1.8197225 -5.8057284
-0.9752264 -5.8502822
-1.2005045 -6.1326699
-2.9605100 -5.5705342
-3.9460785 -5.2071896
-4.4254618 -5.4609938
-4.1037278 -4.6168089
-3.9017644 -4.0504003
-4.4665451 -4.2288294
-3.6563003 -3.5420752
-3.6094749 -3.0816574
-4.0172219 -3.1300230
-3.6708903 -2.7549431
-3.6233082 -2.3241017
-3.9527113 -2.3217406
-3.6178706 -2.1115007
-3.5691383 -1.7330278
-3.8383880 -1.7134768
-3.5532980 -1.5718167
-3.5104353 -1.2518556
-3.7370853 -1.2270957
-3.4991939 -1.1146572
-3.4749219 -0.8429550
-3.6738687 -0.8205788
-3.5077276 -0.7115092
-3.5378625 -0.4786120
-3.7228916 -0.4629206
-3.8270514 -0.3492397
-3.6406546 -0.1429759
-3.8632324 -0.1397783
0.0000000 0.0000000
0.0000000 0.0000000
-10.2221184 0.1750546
-10.4897881 0.1351575
-8.8670254 0.4544109
-9.2715673 0.4894879
-9.4868622 0.3842976
-9.1534538 0.8037772
-9.3602066 0.9445763
-9.5844555 0.7586074
-9.5553169 1.2477299
-9.8833666 1.4666203
-10.1322365 1.1949072
-10.3757277 1.7046677
-10.8450985 2.1593707
-11.1457109 1.8338706
-10.8669167 1.9449385
-9.8673687 2.4973536
-9.7143764 2.0563123
-7.2770581 1.9976727
-4.8575535 1.6593982
-4.2897897 1.1250600
-2.2831895 1.1157156
0.4142485 0.3382037
0.9984401 -0.1227780
2.6550174 -0.1454166
5.0245852 -0.8306433
5.5370235 -1.0668604
7.4391074 -1.4576650
9.7962217 -1.8849403
10.5732193 -2.0406644
12.1266804 -3.5068989
15.5399933 -4.0470400
16.4692287 -3.8385088
20.2173328 -3.9672379
27.3371468 -8.3121080
36.8226357 -12.1710768
34.8135643 -8.9201164
29.7511730 -6.8107901
22.3701515 -7.9256711
11.7529898 -6.2421994
9.7376881 -5.6589599
10.4968672 -5.1941957
7.6829772 -5.9033437
4.5632701 -6.0463133
4.9224982 -5.7732964
1.8973528 -6.0369058
-1.1071293 -6.1390319
-1.3565592 -6.0940943
-3.5657670 -5.9117255
-5.0065398 -5.6235681
-5.5440712 -5.6346231
-5.3299828 -4.8882818
-5.1162295 -4.3682179
-5.7925930 -4.4196768
-4.7043185 -3.6876996
-4.5024700 -3.1557355
-4.9889274 -3.0853629
-4.4425683 -2.8117568
-4.3054295 -2.2954018
-4.6727114 -2.2155321
-4.2175298 -2.0957096
-4.1108799 -1.6746333
-4.3950233 -1.6005808
-4.0377431 -1.5226713
-3.9560626 -1.1889654
-4.1849318 -1.1272038
-3.9065924 -1.0572592
-3.8561466 -0.7897220
-4.0497718 -0.7441413
-3.8654785 -0.6613640
-3.8840709 -0.4425623
-4.0627213 -0.4151292
-4.0208282 -0.3201821
-4.0788603 -0.1350738
-4.2840495 -0.1280481
0.0000000 0.0000000
0.0000000 0.0000000
-10.6724806 0.0896901
-10.8092756 0.0486033
-8.9073133 0.3088950
-9.6388502 0.2725118
-9.7576094 0.1507352
-9.4799566 0.5080878
-9.7504854 0.5614592
-9.8859406 0.3472484
-9.9633760 0.7797374
-10.3319921 0.9191089
-10.5226603 0.6281660
-10.9325562 1.0932678
-11.3781271 1.4968654
-11.5720835 1.0982590
-11.1580677 1.1182069
-9.5298481 1.6158750
-9.3265028 1.0909199
-6.3160710 0.9698046
-3.7767601 0.5724656
-3.2423451 0.1382435
-1.2293891 0.3317196
1.5953349 -0.4955819
1.9808509 -0.9301050
3.9886227 -1.2195996
5.9514523 -1.4341509
6.4085941 -1.7270876
8.2196064 -1.4443572
11.1589546 -2.5185134
11.5841131 -3.2010648
13.7079153 -3.6903825
17.0396156 -3.4894593
18.8945236 -4.0341778
29.4470062 -10.9388647
35.7298737 -13.8090630
39.4650116 -12.2163363
31.0037327 -10.1827307
18.0592175 -7.2639012
15.3837299 -5.7992563
13.0990105 -5.0437303
10.8030643 -5.1778212
10.7088375 -5.1679907
7.8826404 -5.4865637
4.8832088 -5.4182935
5.1158261 -4.9511404
2.1296897 -5.5835242
-0.9550990 -5.6852360
-1.0895090 -5.2733359
-4.0384712 -5.6527128
-5.9517312 -5.4823575
-6.4142389 -5.2636814
-6.6137347 -4.5592375
-6.5037389 -4.3631568
-7.2076898 -4.2029252
-5.8992286 -3.5618906
-5.4919538 -2.9608812
-6.0181913 -2.7349639
-5.2568212 -2.6619248
-5.0187664 -2.0917323
-5.3882103 -1.9178423
-4.8276153 -1.9262857
-4.6539941 -1.4956912
-4.9258804 -1.3583182
-4.5124726 -1.3637037
-4.3869476 -1.0447400
-4.5970984 -0.9403840
-4.2919102 -0.9250593
-4.2135978 -0.6855510
-4.3856554 -0.6133512
-4.1851544 -0.5667393
-4.2065172 -0.3804394
-4.3644862 -0.3405478
-4.1723537 -0.2707016
-4.4740100 -0.1179169
-4.6499553 -0.1062474
0.0000000 0.0000000
0.0000000 0.0000000
-10.8750420 0.0026508
-10.8782892 -0.0395273
-8.9357367 0.1421847
-9.8124018 0.0247882
-9.8126974 -0.1094683
-9.6566753 0.1671590
-9.9623728 0.1214027
-9.9915190 -0.1161779
-10.2067070 0.2517878
-10.6510334 0.2993091
-10.7205315 -0.0660930
-11.3234043 0.3915121
-11.7008657 0.6487823
-11.8106050 0.1866901
-11.1223707 0.1455361
-9.0364094 0.5342298
-8.8045540 0.0374158
-5.6514587 0.0695769
-2.7314789 -0.2509823
-2.5069880 -0.6972013
-0.0777884 -0.3034131
2.4681387 -1.0692903
2.4726772 -1.1928699
4.6634140 -1.6761283
7.3320923 -1.9118329
8.0493031 -2.1699502
10.0598927 -2.7169836
12.3696108 -3.5202847
13.2519293 -3.2385025
15.0164499 -2.9012759
22.4036160 -6.7376637
28.1117172 -9.4594727
37.3678970 -10.7621202
39.6313171 -9.9168692
31.5265064 -8.1472979
21.8555832 -6.8697977
14.5732307 -5.5216703
13.7216778 -5.5977273
13.2627220 -5.2884998
10.3996420 -4.9957118
9.9398880 -4.6715918
7.7344313 -4.7232780
4.9931502 -4.4900908
4.8797340 -4.0444226
2.3623724 -4.5882936
-0.6158552 -4.5880527
-0.6089180 -3.9140191
-4.0807791 -4.8848619
-6.6556463 -4.7659035
-7.0685530 -4.1511512
-7.8327675 -3.4308746
-7.8647356 -3.8827078
-8.5358906 -3.3731372
-7.0714169 -3.0810950
-6.4591432 -2.4369488
-6.9241815 -2.0829926
-6.0378833 -2.2433419
-5.6926541 -1.6840625
-6.0107388 -1.4169201
-5.3902369 -1.5705826
-5.1479368 -1.1812046
-5.3804898 -0.9783993
-4.9332762 -1.0787733
-4.7639070 -0.8100178
-4.9367380 -0.6627824
-4.6199083 -0.7114108
-4.5168085 -0.5254444
-4.6501818 -0.4264525
-4.4404850 -0.4251638
-4.4779987 -0.2923313
-4.5953884 -0.2373219
-4.2828822 -0.1995208
-4.7980561 -0.0897080
-4.9273601 -0.0746185
0.0000000 0.0000000
0.0000000 0.0000000
-10.8159790 -0.0786033
-10.6951303 -0.1158172
-8.9047976 -0.0368526
-9.7703648 -0.2613750
-9.6620026 -0.4116686
-9.6435804 -0.2201609
-9.9686050 -0.3725750
-9.8797112 -0.6330892
-10.2425337 -0.3615386
-10.7177916 -0.4358146
-10.6801481 -0.8054986
-11.4991064 -0.3940042
-11.8565397 -0.2557382
-11.8815317 -0.7692646
-11.0270767 -0.7148964
-8.6080360 -0.3730860
-8.5263176 -0.8584536
-5.1250820 -0.7117685
-2.0442567 -0.9413416
-2.0219495 -1.2789515
0.8062208 -1.0241406
3.0010929 -1.4199361
3.1777120 -1.6360089
5.1568780 -1.4253578
8.4141741 -2.1348822
8.5798225 -1.9392982
10.7036180 -3.1810434
14.3306026 -2.9821568
15.3398676 -2.7034540
19.7514000 -3.4849441
29.8214855 -9.3141003
37.4959183 -12.8213701
38.9471207 -12.4130754
35.2939262 -11.4086447
27.1802273 -9.7675390
16.0225220 -6.3737879
13.6872702 -5.6251326
12.9614086 -5.2080989
11.9106703 -4.7407389
9.5566063 -4.2377377
9.2690945 -3.7666097
7.1312275 -3.9066019
4.5674310 -3.5825706
4.5090714 -3.0816920
2.1327908 -3.4127133
-0.5679998 -3.2130234
-0.6507661 -2.5185022
-3.8252664 -3.4340849
-7.1427479 -3.3661885
-7.1971526 -2.6229742
-8.7493687 -1.9582924
-9.0278864 -2.6872876
-9.4535894 -1.8905890
-8.0506039 -2.1353319
-7.2618999 -1.6218314
-7.6136794 -1.1223983
-6.6591201 -1.5307374
-6.2300572 -1.0840901
-6.4619155 -0.7287528
-5.8361440 -1.0284449
-5.5320411 -0.7318185
-5.6908655 -0.4722984
-5.2566147 -0.6721200
-5.0460582 -0.4857277
-5.1556439 -0.3007324
-4.8584447 -0.4213542
-4.7332287 -0.3092862
-4.8098850 -0.1870134
-4.6116428 -0.2395364
-4.6668491 -0.1759746
-4.7250075 -0.1088209
-4.3552485 -0.1085690
-5.0223789 -0.0536186
-5.0868907 -0.0355592
0.0000000 0.0000000
0.0000000 0.0000000
-10.5174303 -0.1554566
-10.2614927 -0.1915992
-8.6778851 -0.2316808
-9.5161552 -0.5766259
-9.2834797 -0.7299644
-9.4107561 -0.6294827
-9.7571459 -0.9233641
-9.5279293 -1.1990069
-10.0536242 -1.0137196
-10.5882950 -1.2262706
-10.3704185 -1.6686612
-11.4520311 -1.3432757
-11.7965097 -1.3658929
-11.6856766 -2.0185657
-10.9396677 -1.9313371
-8.3751554 -1.4402956
-8.4768209 -2.0697157
-4.9127269 -1.4401289
-1.8937402 -1.5638093
-2.1177106 -2.0180371
1.1872070 -1.6470808
3.5546453 -1.8474714
3.5522399 -2.1737814
5.9198594 -1.4269042
8.6369410 -2.2048774
8.7715025 -2.6334512
10.9829836 -2.1401615
16.0636597 -3.6113756
18.7091694 -5.0778241
32.1039505 -9.1474304
38.7062645 -9.1878090
40.3703041 -8.4674578
32.9544373 -7.7044067
25.8176327 -6.6359572
20.0251770 -5.4615655
15.5583544 -5.4501371
11.9492188 -5.3677545
10.2246218 -4.7347102
10.8348112 -4.1565800
8.4942179 -3.4050672
7.5208259 -2.7969072
6.5630941 -2.9434791
4.2391610 -2.4893935
4.3531580 -1.9038523
1.3312855 -2.3282857
-1.0604106 -1.9553150
-1.1920748 -1.4472277
-4.0177736 -1.8186735
-7.3337364 -1.8374125
-7.7009430 -0.9362168
-9.5810432 -0.6700823
-9.6878223 -1.0133604
-9.8982134 -0.1691571
-8.6493731 -0.8639343
-7.7468414 -0.5449867
-7.8754706 0.0072597
-7.0686154 -0.5618045
-6.5635290 -0.3183580
-6.6498375 0.0921308
-6.1086116 -0.3207358
-5.7560172 -0.1729018
-5.8109694 0.1261355
-5.4370842 -0.1642806
-5.1946411 -0.0875925
-5.2237158 0.1238244
-4.9757109 -0.0718409
-4.8319016 -0.0448587
-4.8414025 0.0953134
-4.6814170 -0.0213561
-4.7402582 -0.0299371
-4.7358079 0.0482696
-4.3855934 0.0007789
-5.1167130 -0.0157570
-5.1161618 0.0034338
0.0000000 0.0000000
0.0000000 0.0000000
-9.9687872 -0.2299814
-9.5792894 -0.2638038
-8.2410641 -0.4315959
-9.0285645 -0.8907210
-8.6732597 -1.0336128
-8.9338169 -1.0519363
-9.2847118 -1.4938976
-8.9010448 -1.7531059
-9.5714045 -1.6892741
-10.1166677 -2.1457474
-9.6653357 -2.5454798
-10.9714432 -2.3706162
-11.5305882 -2.6515424
-11.2136974 -3.2718918
-11.0362797 -3.2172780
-8.4701662 -2.6324873
-8.7776556 -3.3916256
-5.0069370 -2.5087116
-1.9477514 -2.3925664
-2.4911833 -3.0382299
1.2108439 -2.3111904
3.7537124 -2.4195776
3.8782804 -2.8674514
6.7072582 -2.7584660
9.5085545 -3.1547725
10.2693968 -3.6534235
13.1562757 -3.3893545
24.0547447 -7.3052382
25.9181156 -7.7495289
33.5869713 -8.9270039
36.7560310 -9.9506397
37.2537117 -10.7634211
33.9826660 -10.0772781
23.4879818 -7.1269441
20.3258686 -3.4642992
12.0559320 -3.9400704
10.0884581 -3.6504269
10.2389736 -3.0106928
8.6915760 -2.4862974
6.3546305 -2.1356258
5.6238933 -1.8776982
6.1753163 -1.7592603
4.2803569 -1.2524941
4.0474658 -0.5338632
0.7651840 -1.3347864
-2.2151527 -0.5399070
-1.8182186 0.3282044
-4.5215664 0.0152406
-8.3335924 0.1157243
-8.5868740 1.2707257
-10.2297411 1.0098798
-9.8575087 0.7572173
-9.8836966 1.5875783
-8.7065697 0.6342396
-7.8373260 0.6354607
-7.8107290 1.2088250
-7.1456609 0.5194567
-6.6220770 0.5446432
-6.5888662 0.9668416
-6.1462975 0.4588474
-5.7761617 0.4557243
-5.7299347 0.7659869
-5.4397855 0.3935738
-5.1838531 0.3586462
-5.1270747 0.5803144
-4.9495368 0.3122638
-4.7975459 0.2519172
-4.7331772 0.3999862
-4.6324878 0.2191855
-4.6920576 0.1366297
-4.6201162 0.2203136
-4.3201370 0.1168093
-5.0779405 0.0247822
-5.0075035 0.0452480
0.0000000 0.0000000
0.0000000 0.0000000
-9.1786814 -0.2979399
-8.6690950 -0.3274870
-7.5986390 -0.6204810
-8.3151197 -1.1804820
-7.8503790 -1.3036051
-8.2179880 -1.4507514
-8.5415287 -2.0237076
-8.0314655 -2.2516744
-8.7853270 -2.3373163
-9.2708101 -2.9700873
-8.6386995 -3.3281670
-10.0277700 -3.3698316
-10.8683300 -4.0414643
-10.0280209 -4.6626139
-11.0606670 -4.7849441
-8.8694897 -4.2284422
-9.1220169 -5.4330163
-5.5226879 -4.1366334
-2.1491396 -3.6853011
-2.8080657 -4.5788798
1.0042902 -3.3469787
3.5976057 -3.5941193
3.7219272 -4.0946317
7.1006122 -3.6848328
12.0435915 -4.8373652
13.7360611 -6.2573638
17.6457424 -6.0212011
26.9569187 -9.7227507
31.9711628 -10.2452030
34.5150642 -7.6860590
35.0690536 -4.2508893
27.8177280 -2.0669274
25.8513222 -2.2343044
20.0656128 -2.7613635
18.8450661 -4.0657873
12.3322744 -2.9728329
9.4476700 -2.8885469
7.7877350 -2.2315133
8.2799129 -1.4081277
4.9741797 -1.7718027
4.0824590 -1.1920850
4.9692140 -0.4438558
3.1734366 0.0134346
1.4284452 0.5707150
0.5105376 0.2029962
-2.8998389 1.1253465
-3.6219022 2.3604567
-5.8912168 2.0718555
-8.7603312 2.2622120
-9.6150684 3.6167567
-10.6744270 2.7679574
-9.3833046 2.5241189
-9.0517550 3.0837889
-8.3015060 2.0077417
-7.5820889 1.8455039
-7.3223948 2.3911514
-6.9162083 1.5973063
-6.4203129 1.4310832
-6.2203913 1.8474342
-5.9475207 1.2541107
-5.5926104 1.1044750
-5.4246593 1.4093325
-5.2552366 0.9644737
-5.0062551 0.8200286
-4.8560901 1.0382733
-4.7707262 0.7057198
-4.6225891 0.5597766
-4.4810839 0.7065475
-4.4532628 0.4659402
-4.5165181 0.3111026
-4.3746018 0.3946003
-4.1407413 0.2336407
-4.8990192 0.0671058
-4.7573018 0.0880724
0.0000000 0.0000000
0.0000000 0.0000000
-8.1747942 -0.3524333
-7.5710764 -0.3745527
-6.7720289 -0.7859085
-7.3916774 -1.4154344
-6.8456092 -1.5044888
-7.2804799 -1.7898123
-7.5498824 -2.4634328
-6.9402757 -2.6275589
-7.7205138 -2.8699658
-8.1033173 -3.6723661
-7.3454490 -3.9278400
-8.5401258 -4.1790094
-9.4077864 -5.3054900
-8.2258692 -5.6150222
-10.1888618 -6.1941981
-9.1403923 -6.6177483
-8.3137627 -7.2995710
-6.4572692 -6.9914093
-3.1448936 -6.2330604
-1.8775864 -7.3316612
0.0490000 -5.6229806
3.6098933 -6.2187285
5.1096883 -7.6298189
8.2416430 -6.4250975
15.3021307 -7.9331846
16.0075264 -9.3196316
22.3010635 -9.6081038
25.7406483 -9.9147491
27.7520485 -8.9861450
29.7047634 -8.7746458
29.3543987 -7.8333974
29.1444206 -7.5486956
28.2012138 -8.3708200
17.1873550 -0.9533288
14.8883295 3.4961355
10.6677055 0.7307119
7.9260750 -1.0322869
7.7862463 -0.3049372
7.5942912 0.2255845
4.4725399 0.2439365
4.5299129 1.9252434
3.1095476 1.1491321
1.0264572 1.8977460
0.0811216 3.4482453
-1.2812569 2.8752134
-4.0108323 3.6013851
-5.6301670 5.0632663
-7.4011307 4.3092918
-9.1724739 5.4003301
-9.5627146 5.9052606
-9.9296227 4.5361600
-8.5086031 3.9020808
-7.8185930 4.5440593
-7.5732641 3.3425982
-7.0110264 2.9487214
-6.5087452 3.4524791
-6.3778343 2.5981414
-5.9639044 2.2560837
-5.5935097 2.6421695
-5.5138984 1.9977335
-5.2074423 1.7138275
-4.9177341 2.0011094
-4.8870120 1.5044692
-4.6660142 1.2600379
-4.4224191 1.4654384
-4.4413366 1.0815483
-4.3085856 0.8563635
-4.0910749 0.9941864
-4.1448531 0.7023176
-4.2134161 0.4807553
-4.0032368 0.5595098
-3.8471496 0.3441486
-4.5794039 0.1086741
-4.3697362 0.1290452
0.0000000 0.0000000
0.0000000 0.0000000
-7.0049863 -0.3897118
-6.3403616 -0.4046519
-5.8053298 -0.9130852
-6.3126469 -1.5781602
-5.7214384 -1.6334772
-6.1837444 -2.0410490
-6.3697162 -2.7560759
-5.7263756 -2.8538477
-6.4457784 -3.2747247
-6.6577520 -4.1000581
-5.9030113 -4.2454152
-6.8154187 -4.7417984
-7.3084288 -5.8646255
-6.1294556 -6.0430927
-8.0294256 -6.8204370
-8.3947029 -8.3924503
-6.4103279 -8.5374975
-6.9441934 -9.6638470
-3.6224604 -9.3829336
-2.4060764 -10.3037224
-0.7014038 -9.4072323
5.5604753 -9.1033640
5.8639784 -10.2954197
10.5166416 -9.3481007
15.4911146 -10.6164169
15.9594851 -10.0604591
21.9395790 -9.0085630
24.5377598 -4.4855442
24.8886356 -4.2371554
23.1392899 1.0529149
21.3186703 3.9854662
21.0989609 4.2525883
17.7927666 3.5056484
17.8864708 3.6046987
19.8374805 2.4735029
13.9739962 3.3636384
6.1748939 1.4138256
5.6618757 4.0425830
4.9522772 3.6536090
3.9764302 3.6629477
2.8956423 5.2818599
1.5015218 4.1666260
-0.6016253 5.0390997
-1.6897458 6.6498199
-2.6268458 6.0030451
-5.8587637 6.7767944
-7.1602159 8.7046614
-8.4044113 7.2306814
-8.9956598 6.9925132
-7.8479099 7.3884029
-7.8012304 5.9852452
-7.2336326 4.9954796
-6.4201903 5.5346789
-6.4883494 4.4825678
-6.1123471 3.8253169
-5.4978976 4.2667055
-5.5736365 3.4402072
-5.2734904 2.9495292
-4.7953644 3.2898717
-4.8790255 2.6370311
-4.6411920 2.2437842
-4.2567234 2.4986734
-4.3563232 1.9773735
-4.1773405 1.6466831
-3.8561084 1.8320322
-3.9747336 1.4151241
-3.8669829 1.1216769
-3.5836117 1.2461301
-3.7165773 0.9140762
-3.7912965 0.6345686
-3.5204515 0.7058813
-3.4469054 0.4427189
-4.1276999 0.1467071
-3.8565652 0.1671392
0.0000000 0.0000000
0.0000000 0.0000000
-5.7240820 -0.4073675
-5.0352569 -0.4152396
-4.7466874 -0.9977858
-5.1270165 -1.6579419
-4.5302024 -1.6807531
-4.9887099 -2.1866102
-5.0853996 -2.8932135
-4.4606175 -2.9267852
-5.0691557 -3.4648252
-5.1504736 -4.2872534
-4.4702024 -4.3216338
-5.1094007 -4.9214182
-5.1952362 -5.9690752
-4.4805226 -5.9671850
-5.1106696 -6.8501391
-5.2505050 -8.3439789
-4.3535466 -8.0680485
-4.7735896 -9.8696852
-2.7601449 -10.9508419
-2.9559538 -10.4143200
0.2151667 -11.2408886
3.9570141 -11.2476940
2.7119343 -11.1101933
9.8176460 -8.9921370
14.9418755 -6.0577140
11.5365095 -7.2719970
15.0468855 -7.0863986
16.3937874 -6.0523586
16.8912487 3.7908683
18.2941399 -3.4850569
18.5428448 -0.9182793
15.8672085 8.0942173
18.1434040 -1.5403514
17.9972649 3.4507883
13.8208904 11.2963934
9.6971178 9.2366152
6.5607944 7.6222115
5.9630499 10.1379881
3.9720404 8.4395266
3.0794358 6.9726043
2.9465258 9.1995106
0.0095463 8.3175354
-3.5256147 9.6626663
-2.7410848 11.3686934
-4.0542774 9.7684031
-6.9714708 10.6039724
-5.4401135 10.7098455
-7.2182345 9.2686987
-6.6572556 7.7297950
-5.2304096 8.0209513
-6.0114126 6.9201937
-5.7406960 5.8577781
-4.8219137 6.1931043
-5.2454858 5.3003936
-5.0012813 4.5283628
-4.3267684 4.8411927
-4.6097522 4.0962639
-4.4112749 3.4975679
-3.8638208 3.7764094
-4.0971251 3.1483383
-3.9313142 2.6688218
-3.4790373 2.8889315
-3.6969121 2.3637977
-3.5659335 1.9666981
-3.1819649 2.1252506
-3.3960729 1.6912711
-3.3172646 1.3423494
-2.9792428 1.4503000
-3.1871958 1.0908083
-3.2660139 0.7664192
-2.9459751 0.8276203
-2.9568236 0.5244411
-3.5560617 0.1817914
-3.2351661 0.1989806
0.0000000 0.0000000
0.0000000 0.0000000
-4.3920979 -0.4086779
-3.7092795 -0.4118800
-3.6514852 -1.0370963
-3.9064901 -1.6699351
-3.3345335 -1.6695281
-3.7726374 -2.2329285
-3.7880423 -2.8907726
-3.2331326 -2.8758819
-3.7042053 -3.4910793
-3.6390200 -4.2043223
-3.1389189 -4.1323466
-3.4523294 -4.8805571
-3.2544177 -5.6746655
-2.9262087 -5.4378076
-2.8577993 -6.5087337
-2.3849792 -7.3892989
-2.3917849 -6.8001637
-1.7545263 -8.2275887
-0.8329377 -9.2583942
-1.1267802 -7.9534025
0.9859164 -10.2527609
3.7250843 -9.7224274
2.2388005 -8.8274889
6.2835951 -8.3370419
8.5646076 -7.8511515
7.1171741 -4.9267707
11.0165663 -6.0310311
12.5345335 -5.1893892
9.8237009 0.2420264
14.2689705 -0.5465029
13.7910862 2.5878627
10.8228312 4.4926410
12.9850988 4.4292603
12.3097563 7.8654418
9.2151394 9.6205645
9.3167200 10.6164207
6.3027854 11.6191664
6.0376730 13.2141266
5.2200389 10.6164255
0.2460797 14.7264338
0.8844649 14.6308880
-1.8737482 13.4824696
-3.0741582 12.6339760
-1.6637677 12.3584185
-4.2843571 11.7102890
-4.5747547 10.0904665
-2.8633733 9.9245672
-4.4290872 9.0831251
-4.4737263 7.9617615
-3.3130765 8.0258484
-4.3000121 7.1957507
-4.1832876 6.3162823
-3.3109725 6.4744549
-3.9512863 5.7198114
-3.8016529 5.0030932
-3.1235912 5.1870995
-3.5725644 4.5170741
-3.4287131 3.9252353
-2.8753295 4.1073823
-3.2277217 3.5164113
-3.1104941 3.0089743
-2.6330552 3.1779616
-2.9424605 2.6616755
-2.8595111 2.2129557
-2.4320240 2.3558428
-2.7287712 1.9066116
-2.6813989 1.5149648
-2.2977822 1.6086926
-2.5780532 1.2284828
-2.6587245 0.8665345
-2.2937207 0.9195629
-2.3941379 0.5859812
-2.8884070 0.2042636
-2.5301776 0.2134257
0.0000000 0.0000000
0.0000000 0.0000000
-3.0564685 -0.3991278
-2.3921001 -0.3991829
-2.5639596 -1.0425367
-2.6943209 -1.6282481
-2.1673310 -1.6107008
-2.5906348 -2.2099283
-2.5469120 -2.7916255
-2.0726295 -2.7421253
-2.4500108 -3.3888223
-2.3237529 -3.9660537
-1.9233654 -3.8473997
-2.1407640 -4.5909677
-1.8935168 -5.1379619
-1.6208824 -4.8733602
-1.5879258 -5.7524261
-1.1151310 -6.2707863
-1.0386581 -5.6547236
-0.5134178 -6.8524284
0.3170404 -7.0687962
0.0857238 -6.1793880
1.1094813 -7.2451158
2.4409192 -7.2452412
1.7983974 -5.8349800
3.9038105 -6.7916751
5.1605344 -5.3820415
3.9476230 -4.5378375
7.1032009 -3.1480362
7.5964098 -1.1150492
5.3607607 -1.7777778
8.2283812 2.1602850
8.1779766 4.4506888
5.5271983 1.7906777
7.8500023 6.4882760
7.3400588 9.1449242
4.9947138 5.6545300
6.0636535 10.2016973
4.6713824 11.7322445
3.2430892 9.1236506
2.8956294 11.3112679
1.5583880 11.6298008
1.2159549 10.3152714
0.1716868 11.6348791
-1.0456926 10.8665152
-0.6012769 10.0740232
-1.7944632 10.3183794
-2.3500607 9.3429585
-1.5355525 9.0386820
-2.5639846 8.7178955
-2.7551663 7.8349423
-1.9151351 7.8314714
-2.7725041 7.2163887
-2.7818310 6.4759636
-1.9992249 6.6001039
-2.6989655 5.9187288
-2.6345570 5.2773609
-1.9485810 5.4197750
-2.5172400 4.7798715
-2.4303563 4.2169442
-1.8425705 4.3397465
-2.3128374 3.7739460
-2.2326958 3.2707491
-1.7255213 3.3722029
-2.1299739 2.8773441
-2.0717599 2.4170604
-1.6222625 2.5001395
-1.9892980 2.0679533
-1.9736663 1.6329023
-1.5579028 1.7029955
-1.9028515 1.3245710
-1.9899271 0.9272860
-1.5928626 0.9706950
-1.7772354 0.6429007
-2.1422789 0.2150271
-1.7877787 0.3088586
0.0000000 0.0000000
0.0000000 0.0000000
-1.7484747 -0.3919444
-1.0598480 -0.4173640
-1.5059843 -1.0518774
-1.5367813 -1.6095133
-0.9552964 -1.6886185
-1.4913254 -2.1912012
-1.4353119 -2.7156696
-0.9037320 -2.7870228
-1.3712209 -3.2737873
-1.2663957 -3.7695022
-0.8175802 -3.6825964
-1.1503545 -4.3012452
-0.9750149 -4.7384810
-0.6428154 -4.2885127
-0.7897580 -5.1920462
-0.5144700 -5.5129027
-0.3181876 -4.6108317
-0.1925525 -5.8184290
0.3481817 -5.8660474
0.2825983 -4.7555566
0.8576112 -5.6522141
1.4909596 -5.3433785
1.0286373 -4.2797956
2.1613920 -4.4868817
2.6685991 -3.7536483
1.7481328 -2.9047298
3.5502021 -2.2603641
3.8252676 -1.0530946
2.2664795 -0.7124623
4.2792721 1.1695740
4.2850871 2.4294887
2.3088498 2.1510072
4.1786265 3.8937914
3.9172854 5.6576233
2.0041525 4.8847723
3.4449053 6.8967347
2.8272331 8.2992907
1.1951110 7.0427742
1.9315375 8.8359833
1.2547414 9.5386419
0.3280644 8.1379128
0.5128581 9.7058029
-0.0979043 9.7219591
-0.4289321 8.2275286
-0.5993325 9.4658813
-0.9696400 8.9322376
-0.8285916 8.0264664
-1.2127079 8.4704847
-1.3922153 7.7978511
-0.9632775 7.5711308
-1.4656134 7.2658319
-1.5201513 6.6196566
-0.9662089 6.8836341
-1.5132569 6.1019835
-1.5055965 5.5133300
-0.9098760 6.0246272
-1.4603554 5.0292764
-1.4263126 4.4969249
-0.8372217 5.0725012
-1.3700165 4.0443463
-1.3306609 3.5577061
-0.7675741 4.0907092
-1.2762876 3.1315207
-1.2454268 2.6759026
-0.7140865 3.1139028
-1.1993983 2.2764153
-1.2070154 1.8322698
-0.7013445 2.1522081
-1.1720666 1.4734735
-1.3076681 1.0181794
-0.7781292 1.2278678
-1.2238096 0.6233953
-1.4361160 0.4926240
-0.5483249 0.3485702
0.0000000 0.0000000
0.0000000 0.0000000
-0.3780422 -0.4298440
0.0000000 0.0000000
-0.3615997 -1.0107118
-0.3464630 -1.6486512
0.0000000 0.0000000
-0.3415565 -2.2014418
-0.3425715 -2.7893593
0.0000000 0.0000000
-0.3371429 -3.3468153
-0.3291636 -3.8918273
0.0000000 0.0000000
-0.3098103 -4.4211326
-0.2670659 -4.8817501
0.0000000 0.0000000
-0.2130868 -5.3045020
-0.1111132 -5.5945754
0.0000000 0.0000000
-0.0328842 -5.7283077
0.1018116 -5.6978564
0.0000000 0.0000000
0.2331499 -5.4293790
0.3761174 -4.9836526
0.0000000 0.0000000
0.5663365 -4.1796279
0.6510165 -3.2569549
0.0000000 0.0000000
0.8758057 -2.0047002
0.8408821 -0.7604923
0.0000000 0.0000000
1.0355561 1.0038548
1.0254704 2.5066645
0.0000000 0.0000000
1.0151099 3.9778991
0.9566514 5.6731448
0.0000000 0.0000000
0.8675473 6.8216410
0.7257178 8.1931458
0.0000000 0.0000000
0.5359748 8.9066505
0.3750697 9.6555843
0.0000000 0.0000000
0.1925649 9.9369078
0.0198278 10.0535765
0.0000000 0.0000000
-0.1678694 9.8826876
-0.2765924 9.4802628
0.0000000 0.0000000
-0.3491477 9.0297756
-0.3937872 8.3815441
0.0000000 0.0000000
-0.4050804 7.7945738
-0.4083254 7.1067328
0.0000000 0.0000000
-0.3983803 6.4922051
-0.3835630 5.8402677
0.0000000 0.0000000
-0.3647760 5.2638426
-0.3443309 4.6672363
0.0000000 0.0000000
-0.3245822 4.1467071
-0.3048437 3.6090035
0.0000000 0.0000000
-0.2883546 3.1425848
-0.2726043 2.6546385
0.0000000 0.0000000
-0.2582166 2.2300131
-0.2596197 1.7631973
0.0000000 0.0000000
-0.2193756 1.3700439
-0.3705672 0.8276467
0.0000000 0.0000000
-0.0077574 0.4548668
-1.2598456 -0.9159648
0.0000000 0.0000000
0.0000000 0.0000000
-13.2475
-13.1372
-12.08966
-13.98012
-16.81261
-19.69446
-22.98325
-27.03498
-33.07759
-43.75531
-66.6112
-119.8677
-198.9396
-65.72491
-80.11121
-25.85637
-15.53476
-9.227161
-5.864849
-4.212175
-3.395168
-2.981404
-2.729485
-2.562271
-2.546973
-2.554426
-13.86517
-13.54936
-13.05412
-14.73097
-17.34718
-20.01898
-23.1949
-27.09532
-32.53114
-41.47247
-60.39735
-124.4039
-150.2645
-14.45316
-83.44043
-31.25618
-15.70582
-8.729315
-5.650549
-4.211409
-3.499081
-3.133821
-2.929424
-2.770713
-2.792881
-2.801619
-15.37558
-15.16694
-15.51084
-16.98784
-19.02409
-21.4674
-24.43141
-27.77397
-31.65203
-36.32909
-40.72794
-43.72303
-55.53378
15.97053
-32.54681
-12.06065
-8.827721
-6.681094
-5.062237
-4.196099
-3.764837
-3.545804
-3.447768
-3.370479
-3.386398
-3.376879
-17.65311
-17.58871
-18.66686
-19.88028
-21.77125
-24.10517
-26.75667
-29.36523
-31.40702
-32.27284
-33.05066
-42.89233
-22.601
47.97211
-50.43906
-26.92893
-9.285608
-5.417032
-4.49634
-4.247692
-4.207637
-4.221177
-4.250886
-4.268824
-4.267857
-4.257376
-20.73455
-20.84164
-22.43799
-23.64532
-25.60845
-27.96478
-30.44467
-32.44464
-32.78616
-29.41699
-20.17554
3.998391
13.2619
39.20464
-24.09926
-10.92026
-3.751952
-3.07338
-3.733681
-4.402989
-4.879172
-5.186559
-5.362785
-5.470731
-5.470367
-5.461871
-24.68834
-25.00134
-26.90372
-28.3854
-30.59416
-33.26802
-36.01515
-38.18356
-37.99094
-32.67602
-20.47361
2.502705
-16.45963
14.5016
18.88163
8.09584
2.603143
-0.8883385
-3.33913
-4.948707
-5.934853
-6.521303
-6.832326
-7.006975
-7.015743
-7.008847
-29.51387
-30.04072
-32.1135
-34.11158
-36.87646
-40.30291
-44.16645
-48.26756
-50.32849
-45.65898
-32.6696
-13.79155
-17.39895
12.25955
49.53495
19.80479
6.313665
-0.2164549
-3.945922
-6.234518
-7.580455
-8.340308
-8.722866
-8.917022
-8.920539
-8.911478
-35.05731
-35.76989
-38.0043
-40.71926
-44.42956
-49.34341
-56.00971
-64.20315
-68.68427
-65.55584
-54.62336
-41.5358
-31.35852
-6.065376
2.179627
9.754199
3.804847
-2.184064
-6.16039
-8.613358
-10.02154
-10.76034
-11.09497
-11.23196
-11.19568
-11.1765
-41.00188
-41.86069
-44.33322
-47.91815
-52.92537
-59.93769
-70.67436
-81.612
-86.64709
-84.1905
-75.19846
-64.8352
-46.96481
-9.634549
10.00632
6.879497
-1.029837
-6.783992
-10.29344
-12.33052
-13.40157
-13.85965
-13.97978
-13.95917
-13.83797
-13.79125
-46.83983
-47.82484
-50.61461
-55.15852
-61.7174
-70.98794
-84.74324
-96.02628
-99.88776
-96.56458
-89.19315
-78.94711
-69.79272
-14.584
1.958393
-3.990662
-9.944067
-14.26644
-16.49298
-17.51869
-17.77461
-17.64031
-17.35784
-17.06795
-16.80353
-16.71545
-51.92214
-53.02479
-56.15838
-61.62025
-69.75167
-81.12843
-96.1503
-106.6935
-110.173
-107.4885
-99.37784
-85.10033
-72.53425
-36.66981
-24.85265
-23.58187
-24.53247
-25.14821
-24.86657
-24.11329
-23.04201
-22.00851
-21.13058
-20.46118
-20.00972
-19.85871
-55.50382
-56.73684
-60.19229
-66.45618
-75.93423
-89.07662
-104.5587
-114.0867
-117.2991
-114.6864
-108.8196
-95.59904
-73.95349
-56.82619
-51.33232
-48.26096
-43.95909
-38.81306
-35.18541
-31.78003
-28.9295
-26.73445
-25.10952
-23.97803
-23.29191
-23.06701
-56.68096
-58.12645
-61.93005
-68.94057
-79.65503
-94.52455
-109.8069
-118.0711
-120.3783
-118.3888
-117.4664
-120.869
-92.86578
-76.07173
-78.21981
-75.29999
-67.30889
-54.51729
-46.6362
-39.90536
-34.99178
-31.48044
-29.01377
-27.37397
-26.43492
-26.11253
-54.8475
-56.27724
-60.57503
-68.42865
-80.48401
-97.54641
-113.0366
-120.0681
-122.6992
-120.002
-112.9862
-119.3004
-100.1112
-101.781
-102.383
-100.4569
-91.05764
-71.7124
-57.99552
-47.6693
-40.65155
-35.80231
-32.48653
-30.33838
-29.15505
-28.73701
-49.66412
-50.93696
-55.80268
-64.49632
-77.95416
-97.45607
-113.3247
-120.6557
-124.5496
-126.7305
-119.291
-116.2417
-127.2562
-123.839
-123.3439
-120.6595
-111.193
-88.21033
-67.63183
-54.15205
-45.26875
-39.22265
-35.14403
-32.53698
-31.1191
-30.64404
-41.28964
-42.53778
-47.55831
-56.80342
-71.60116
-93.94076
-111.1918
-120.447
-124.2505
-130.6432
-140.8744
-136.5394
-129.1764
-133.9438
-136.8802
-134.0953
-124.2117
-99.99351
-74.22191
-58.49245
-48.1883
-41.25756
-36.62737
-33.67278
-32.03621
-31.55866
-29.98333
-31.14458
-35.89547
-44.87137
-60.00081
-86.00675
-106.7099
-118.0205
-123.7134
-125.7836
-118.0275
-144.5072
-161.025
-150.5654
-147.9156
-143.6643
-131.9528
-105.5791
-76.79529
-59.90796
-48.92548
-41.59811
-36.72636
-33.62449
-31.89449
-31.41402
-16.32464
-17.29468
-21.35748
-29.21214
-42.78271
-69.33173
-97.48745
-109.8827
-119.3625
-116.6893
-123.6611
-119.5115
-140.6567
-145.5588
-148.1627
-146.0488
-133.234
-102.4159
-75.23775
-58.44034
-47.45042
-40.19543
-35.41341
-32.38221
-30.68928
-30.22521
-1.22364
-1.902173
-4.848009
-10.63465
-21.03292
-41.85286
-78.70818
-94.17227
-103.8671
-104.1507
-90.31372
-154.6809
-169.6674
-158.7755
-151.3618
-144.588
-126.731
-92.57066
-68.62253
-53.55959
-43.68124
-37.13016
-32.80155
-30.05321
-28.51833
-28.09668
14.22097
13.87079
12.19223
8.870764
3.054076
-6.76831
-36.95033
-58.00466
-53.84278
-38.44797
-38.9796
-85.78695
-125.9177
-137.6794
-142.875
-135.3849
-110.4493
-77.59214
-58.18875
-46.11978
-38.14103
-32.7695
-29.18114
-26.88311
-25.59006
-25.23937
28.88966
28.87881
28.5521
27.8404
26.43192
23.33397
17.81077
8.668973
19.83723
47.92855
28.99936
-45.57714
-116.9586
-122.0981
-118.8664
-110.2739
-82.57165
-59.61695
-46.19834
-37.5118
-31.69708
-27.71212
-24.99362
-23.22197
-22.20847
-21.92933
41.80396
42.06956
42.82664
44.19598
46.63256
51.03581
59.96159
72.73312
100.6183
125.2274
88.16335
34.98665
-33.99259
-83.05706
-82.26075
-64.41882
-49.22555
-40.62842
-33.89831
-28.86509
-25.20805
-22.56293
-20.70483
-19.4514
-18.70833
-18.51174
52.25139
52.71554
54.27643
57.20106
62.11516
70.0478
82.41477
100.8393
126.0578
140.2189
124.5615
92.5197
48.10061
0.8604611
-18.30976
-25.91802
-26.40643
-25.08992
-23.167
-21.15962
-19.37831
-17.91588
-16.76612
-15.92713
-15.39215
-15.20339
59.8182
60.38248
62.34563
65.95683
71.68188
80.28977
92.51771
109.4473
126.0295
134.822
128.6424
108.5215
79.68819
43.29707
15.75692
-2.48197
-10.85413
-14.0711
-15.14413
-15.18944
-14.78887
-14.21637
-13.59078
-12.97628
-12.50044
-12.43187
64.27085
64.90832
67.04964
70.81352
76.57337
84.94011
96.66235
110.7685
124.1501
131.3037
127.7695
112.5527
87.3615
57.24837
29.94736
9.385275
-1.97577
-7.59117
-10.29286
-11.4774
-11.85904
-11.80704
-11.48123
-10.86989
-9.848522
-9.752331
65.24702
65.8755
68.03989
71.89436
77.79369
86.19564
97.59898
110.9246
123.4102
130.039
127.1497
112.817
88.68351
59.95749
33.26679
13.19843
0.7800589
-5.835702
-9.111606
-10.67595
-11.29525
-11.37952
-11.14267
-10.67399
-9.153207
0
