0.0000000 0.0000000
0.0000000 0.0000000
0.0000000 0.0000000
0.0000000 0.0000000
0.0000000 0.0000000
0.0000000 0.0000000
0.0000000 0.0000000
0.0000000 0.0000000
0.0000000 0.0000000
0.0000000 0.0000000
0.0000000 0.0000000
0.0000000 0.0000000
0.0000000 0.0000000
0.0000000 0.0000000
0.0000000 0.0000000
0.0000000 0.0000000
0.0000000 0.0000000
0.0000000 0.0000000
0.0000000 0.0000000
0.0000000 0.0000000
0.0000000 0.0000000
0.0000000 0.0000000
0.0000000 0.0000000
0.0000000 0.0000000
0.0000000 0.0000000
0.0000000 0.0000000
0.0000000 0.0000000
-0.7260951 0.4834088
-0.6620305 1.1639266
-0.7590443 1.8928742
-0.8828367 2.7174406
-1.0569789 3.6809218
-1.2739124 4.8087621
-1.5262963 6.1181755
-1.8581824 7.6292968
-2.4758894 9.3815441
-3.5714865 11.5987282
-6.3047171 14.2705698
9.8730545 13.8662977
14.7485380 -10.5569849
-4.3252254 -10.0176373
-2.0006247 -8.5396633
-1.0523304 -6.8544979
-0.9173068 -5.8602123
-0.8750576 -4.8806620
-0.8528477 -3.9486926
-0.7806289 -3.0985529
-0.6973026 -2.3406394
-0.6232907 -1.6687052
-0.5625936 -1.0688198
-0.5956523 -0.4749202
0.0000000 0.0000000
0.0000000 0.0000000
-1.4569687 0.5409490
-1.3757311 1.1696105
-1.5459775 1.8601202
-1.7854551 2.6380861
-2.0888543 3.5555077
-2.4362228 4.6523995
-2.8186386 5.9409966
-3.2795765 7.3829737
-4.2042866 8.9741602
-6.4854517 10.8439198
3.1271834 8.9066133
18.1924992 9.8066092
26.6973820 -6.0398908
8.0527039 -7.3530388
-3.2226663 -8.8183804
-2.2725163 -7.3689108
-1.9603434 -5.8585973
-1.8942305 -4.8384047
-1.7822119 -3.8616009
-1.6043012 -3.0069709
-1.4158803 -2.2582040
-1.2601913 -1.6031895
-1.1454324 -1.0273054
-1.1871396 -0.4442510
0.0000000 0.0000000
0.0000000 0.0000000
-2.0057542 0.5010724
-2.0044119 1.0314542
-2.2264335 1.6345948
-2.5746386 2.3163474
-3.0339744 3.1383767
-3.5961776 4.1810594
-4.1885052 5.5774608
-4.6467061 7.3687844
-6.3959265 9.0775661
-5.3114400 8.1911783
-2.3458998 2.1107621
26.3120861 4.7421079
33.1696510 -6.9708595
2.4385712 -4.7390151
-2.0977225 -7.9061518
-4.6050138 -7.9807477
-3.0885198 -6.3126020
-3.2090173 -4.7568350
-2.7775428 -3.6750898
-2.4034121 -2.7854011
-2.0892496 -2.0510287
-1.8450830 -1.4349828
-1.6801248 -0.9025298
-1.6497755 -0.3912829
0.0000000 0.0000000
0.0000000 0.0000000
-2.3826745 0.4323283
-2.5167191 0.8510761
-2.7969038 1.3409014
-3.2469432 1.9000838
-3.8758974 2.5748925
-4.7068596 3.4393315
-5.7796440 4.6120114
-6.8757339 6.5871344
-7.4816976 9.0464001
-1.8432969 6.3392792
9.1910295 -4.6027303
23.3186054 2.4213622
30.0794430 -5.7236209
5.9444599 -3.8867428
0.6358764 -7.1654596
-5.7024698 -7.4518471
-5.6448450 -5.9116549
-4.5628200 -4.5094099
-3.8101444 -3.3144243
-3.1689644 -2.4016795
-2.6947947 -1.7186222
-2.3554022 -1.1802255
-2.1364112 -0.7265174
-1.9734021 -0.3173267
0.0000000 0.0000000
0.0000000 0.0000000
-2.5972946 0.3404669
-2.8854523 0.6408921
-3.2213793 0.9969872
-3.7395945 1.4136170
-4.5077991 1.9299408
-5.6143565 2.5909574
-7.2134886 3.4616520
-10.1694717 4.2483544
-5.3053274 4.6071978
1.3352238 2.4225688
16.6473179 -4.4875693
23.4749775 1.2949486
26.4523125 -3.9192104
9.4862909 -3.2235467
2.7937369 -3.2404199
-4.7311506 -5.3598876
-7.9601021 -3.4453514
-6.0236588 -3.4689801
-4.6829953 -2.5169175
-3.8024385 -1.7631822
-3.1811285 -1.2376235
-2.7554991 -0.8401743
-2.4766417 -0.5107172
-2.1759937 -0.2247814
0.0000000 0.0000000
0.0000000 0.0000000
-2.6804454 0.2256644
-3.0994098 0.4007415
-3.4731646 0.6002678
-4.0218978 0.8277408
-4.8356862 1.1239935
-6.0628495 1.5068959
-8.0664968 1.9159890
-11.2363071 1.1584339
-3.9384913 0.5940596
2.2215436 0.9287454
20.0262203 -6.4120150
26.0322952 0.5359603
25.8513908 -3.3431687
9.6520452 -1.9922118
3.1871445 -1.0746667
-4.0739279 -1.2734630
-8.9618320 -0.9058669
-7.0837564 -1.6036940
-5.2770638 -1.2606448
-4.2072215 -0.9079983
-3.4905086 -0.6524184
-3.0099978 -0.4530431
-2.6852281 -0.2784125
-2.2938225 -0.1188093
0.0000000 0.0000000
0.0000000 0.0000000
-2.6829162 0.1012753
-3.1673017 0.1317770
-3.5386863 0.1491525
-4.0684509 0.1273771
-4.8487849 0.0396545
-6.0132833 -0.0461022
-8.0391655 -0.6287731
-10.7029924 -1.9593431
-1.7772636 -2.5498691
5.2786298 -2.8042440
20.3629341 -7.5616679
25.8339405 -1.1849848
25.3064919 -1.6615427
13.4558201 -1.3468491
2.1083598 2.1691179
-3.2798510 1.5247550
-8.3945141 2.0544627
-7.1942964 0.7346203
-5.3751993 0.1977809
-4.2799006 0.0096237
-3.5742092 -0.0581070
-3.1003468 -0.0701021
-2.7730601 -0.0506247
-2.3623421 -0.0147361
0.0000000 0.0000000
0.0000000 0.0000000
-2.6553757 -0.0223815
-3.1095893 -0.1328221
-3.4262645 -0.2836614
-3.8658960 -0.5070145
-4.5005112 -0.8918146
-5.3999758 -1.4165872
-6.9295063 -2.6111896
-7.9218845 -5.5791001
-2.4315038 -8.5701418
11.8939304 -7.2771039
16.8558674 -8.3438931
24.6469994 -1.2785711
20.8021355 -1.0262215
11.1447906 3.0641820
2.4628403 5.3544703
-2.0631120 4.6808252
-7.8411765 4.3714495
-6.3069987 2.2380681
-4.9481916 1.2989223
-4.0397739 0.7754949
-3.4374001 0.4600315
-3.0299060 0.2696434
-2.7413616 0.1535049
-2.3543572 0.0772596
0.0000000 0.0000000
0.0000000 0.0000000
-2.5405996 -0.1286067
-2.9258921 -0.3454387
-3.1644101 -0.6203106
-3.4760017 -0.9918812
-3.8969502 -1.5614579
-4.4390345 -2.3768792
-5.1250620 -4.0464334
-5.9417176 -6.2452660
-2.2055750 -8.8506327
6.4227700 -8.2357273
17.6174774 -5.5393600
23.2941990 -2.9463751
14.7270136 3.1350598
8.5668745 3.5514019
2.8884397 5.4591703
-3.7879584 7.8946524
-5.3925295 5.1992655
-4.8102078 3.0688171
-4.1179180 1.9830498
-3.5498786 1.2986041
-3.1266210 0.8476991
-2.8242280 0.5384383
-2.5980036 0.3192933
-2.2494354 0.1507428
0.0000000 0.0000000
0.0000000 0.0000000
-2.3397772 -0.2076176
-2.6533809 -0.4950807
-2.8060703 -0.8440754
-2.9822369 -1.2954105
-3.1883645 -1.9362614
-3.3967223 -2.8189814
-3.5739269 -4.2346716
-3.5644593 -5.7570829
-1.1286662 -8.5965481
4.5742555 -6.4992752
12.4933815 -2.3582444
16.7931442 -0.1819628
14.1021061 2.6864421
4.4518571 7.3111353
0.8939403 8.5820065
-2.1674073 7.4021678
-2.8725717 5.0535650
-3.1750293 3.4325142
-3.1213076 2.3236465
-2.9195602 1.5961441
-2.7060046 1.0881135
-2.5269320 0.7179418
-2.3729305 0.4348853
-2.0706749 0.2018297
0.0000000 0.0000000
0.0000000 0.0000000
-2.0837595 -0.2564674
-2.3300958 -0.5793506
-2.4036267 -0.9562724
-2.4579380 -1.4202625
-2.4815433 -2.0243053
-2.4281325 -2.7760434
-2.1860435 -3.7719584
-1.6437129 -4.8754382
0.0624257 -5.9603786
3.5313337 -6.5157814
7.1889334 -2.4586718
9.6233196 3.2153928
8.0499039 6.5008631
4.5331035 7.8814740
1.3976262 7.0225868
-0.4371790 5.5867553
-1.5013311 4.3336844
-2.0071902 3.2519145
-2.2207284 2.3710392
-2.2794769 1.6971769
-2.2460239 1.1968963
-2.1825128 0.8108138
-2.0989621 0.4989651
-1.8445069 0.2300702
0.0000000 0.0000000
0.0000000 0.0000000
-1.8024547 -0.2773362
-1.9902922 -0.6051449
-1.9997426 -0.9728109
-1.9604572 -1.3997899
-1.8534027 -1.9090072
-1.6272019 -2.4905577
-1.1823931 -3.1538723
-0.3867977 -3.7720056
1.0094281 -4.2166643
2.5579851 -4.1086326
4.4846129 -3.1967077
5.7570906 -0.2956660
5.4688334 1.9371212
3.7932611 3.6189091
1.8176891 4.3183742
0.3288568 4.0856376
-0.6633397 3.4831772
-1.2366475 2.8144655
-1.5468097 2.1884151
-1.7260070 1.6457779
-1.8076955 1.1989948
-1.8311745 0.8314030
-1.8058400 0.5186866
-1.5964351 0.2385636
0.0000000 0.0000000
0.0000000 0.0000000
-1.5202572 -0.2754382
-1.6609145 -0.5857008
-1.6252215 -0.9201003
-1.5260066 -1.2871122
-1.3462960 -1.6907929
-1.0445653 -2.1147432
-0.5507619 -2.5355732
0.1878209 -2.8596408
1.1718673 -2.9801400
2.1933177 -2.6373930
3.1744740 -1.7817482
3.8222620 -0.1476640
3.6737421 1.2436912
2.8012171 2.2367432
1.6857773 2.8276367
0.6337793 2.9245925
-0.1860044 2.6946805
-0.7324355 2.3176315
-1.0664231 1.9010143
-1.2888020 1.4951619
-1.4260212 1.1254934
-1.5024801 0.7980529
-1.5174869 0.5043008
-1.3474823 0.2320942
0.0000000 0.0000000
0.0000000 0.0000000
-1.2551507 -0.2574489
-1.3592949 -0.5371323
-1.2974509 -0.8275350
-1.1683074 -1.1298668
-0.9623608 -1.4390608
-0.6507350 -1.7371405
-0.1952945 -1.9896022
0.3895238 -2.1358640
1.0763826 -2.0987074
1.7279835 -1.7732993
2.3134496 -1.1104879
2.6527038 -0.1116023
2.5821674 0.8011053
2.0884423 1.4799216
1.3997287 1.9382206
0.6863751 2.1141269
0.0643729 2.0589113
-0.4089142 1.8601714
-0.7287215 1.5934222
-0.9550675 1.3005738
-1.1112300 1.0089403
-1.2118970 0.7304288
-1.2503116 0.4672211
-1.1128740 0.2156497
0.0000000 0.0000000
0.0000000 0.0000000
-1.0180432 -0.2303421
-1.0946980 -0.4736036
-1.0216749 -0.7180749
-0.8850582 -0.9605772
-0.6821668 -1.1927832
-0.3967902 -1.3967147
-0.0156787 -1.5419428
0.4253809 -1.5920759
0.9036940 -1.4969226
1.3394023 -1.2172292
1.7039366 -0.7294516
1.8991047 -0.0796777
1.8549808 0.5385832
1.5608054 1.0239896
1.1203501 1.3736933
0.6328544 1.5519021
0.1736198 1.5721493
-0.2097512 1.4754186
-0.4933775 1.3080416
-0.7039469 1.1005467
-0.8586217 0.8755811
-0.9642091 0.6460751
-1.0126300 0.4178452
-0.9017934 0.1936593
0.0000000 0.0000000
0.0000000 0.0000000
-0.8132628 -0.1994963
-0.8701615 -0.4056635
-0.7958957 -0.6072411
-0.6658380 -0.7987977
-0.4819951 -0.9709769
-0.2378081 -1.1085858
0.0636330 -1.1891223
0.3934140 -1.1897098
0.7301260 -1.0829556
1.0294510 -0.8539334
1.2657856 -0.4978942
1.3864852 -0.0555315
1.3562413 0.3758574
1.1715493 0.7315788
0.8817364 0.9995883
0.5441635 1.1574233
0.2083038 1.2067676
-0.0921728 1.1662334
-0.3311129 1.0619274
-0.5160738 0.9155749
-0.6575982 0.7436668
-0.7577923 0.5578057
-0.8072140 0.3644530
-0.7179177 0.1697899
0.0000000 0.0000000
0.0000000 0.0000000
-0.6413751 -0.1686658
-0.6834161 -0.3403256
-0.6144214 -0.5041413
-0.4984617 -0.6540730
-0.3407385 -0.7813562
-0.1403752 -0.8735845
0.0924656 -0.9161665
0.3378726 -0.8941852
0.5788767 -0.7943674
0.7879257 -0.6113411
0.9466137 -0.3492747
1.0251725 -0.0366848
1.0046610 0.2719943
0.8830184 0.5366583
0.6877216 0.7437717
0.4507577 0.8769982
0.2051631 0.9340624
-0.0246488 0.9232584
-0.2198640 0.8588988
-0.3760514 0.7550397
-0.4986308 0.6237655
-0.5876653 0.4742938
-0.6331400 0.3128123
-0.5611696 0.1465320
0.0000000 0.0000000
0.0000000 0.0000000
-0.4996385 -0.1402035
-0.5307273 -0.2813551
-0.4702064 -0.4134452
-0.3713704 -0.5304115
-0.2411467 -0.6248115
-0.0818375 -0.6868933
0.0963116 -0.7073227
0.2787010 -0.6772792
0.4527527 -0.5902313
0.6015896 -0.4458910
0.7107835 -0.2498858
0.7632475 -0.0225521
0.7493092 0.2041909
0.6672722 0.4037932
0.5321518 0.5649661
0.3647202 0.6753211
0.1848194 0.7310968
0.0107862 0.7352937
-0.1435203 0.6957932
-0.2712883 0.6216547
-0.3734044 0.5208509
-0.4481963 0.4007057
-0.4869436 0.2665733
-0.4293002 0.1256872
0.0000000 0.0000000
0.0000000 0.0000000
-0.3839473 -0.1153208
-0.4067715 -0.2307375
-0.3559563 -0.3370027
-0.2749829 -0.4284443
-0.1705776 -0.4989117
-0.0467410 -0.5414233
0.0878573 -0.5493551
0.2234218 -0.5180580
0.3497739 -0.4445368
0.4559713 -0.3304645
0.5329891 -0.1814836
0.5691125 -0.0118676
0.5587466 0.1585628
0.5027703 0.3118019
0.4083105 0.4384698
0.2886985 0.5293512
0.1578634 0.5802879
0.0274228 0.5919883
-0.0916335 0.5681241
-0.1924972 0.5145140
-0.2743137 0.4366402
-0.3343553 0.3396185
-0.3643368 0.2280416
-0.3183855 0.1083897
0.0000000 0.0000000
0.0000000 0.0000000
-0.2898609 -0.0945738
-0.3062438 -0.1890119
-0.2652742 -0.2748607
-0.2012095 -0.3470531
-0.1200843 -0.4003853
-0.0257524 -0.4298497
0.0743570 -0.4312875
0.1737859 -0.4015534
0.2656857 -0.3402580
0.3413557 -0.2492077
0.3953345 -0.1335379
0.4209026 -0.0036009
0.4135928 0.1274158
0.3742089 0.2474900
0.3084811 0.3486126
0.2233175 0.4238515
0.1285686 0.4692918
0.0329422 0.4842688
-0.0565670 0.4707155
-0.1334615 0.4317365
-0.1955572 0.3710681
-0.2405758 0.2922801
-0.2611004 0.1986749
-0.2239140 0.0954727
0.0000000 0.0000000
0.0000000 0.0000000
-0.2129255 -0.0779854
-0.2240682 -0.1560626
-0.1923215 -0.2262496
-0.1436199 -0.2841583
-0.0830510 -0.3255700
-0.0136415 -0.3464569
0.0593382 -0.3444008
0.1307035 -0.3174962
0.1957693 -0.2658574
0.2494474 -0.1921621
0.2867145 -0.1001052
0.3039684 0.0025715
0.2993715 0.1062712
0.2720237 0.2025619
0.2261035 0.2852156
0.1668338 0.3483661
0.0996000 0.3888756
0.0311692 0.4053621
-0.0332136 0.3986039
-0.0889913 0.3705898
-0.1331439 0.3234866
-0.1629456 0.2594532
-0.1725697 0.1801170
-0.1405651 0.0884131
0.0000000 0.0000000
0.0000000 0.0000000
-0.1488877 -0.0653541
-0.1556337 -0.1312420
-0.1324746 -0.1899363
-0.0975260 -0.2375055
-0.0545370 -0.2705984
-0.0061666 -0.2860917
0.0439945 -0.2820789
0.0932209 -0.2578922
0.1373144 -0.2138277
0.1732729 -0.1522540
0.1984619 -0.0768959
0.2095443 0.0068963
0.2058758 0.0920000
0.1880236 0.1716848
0.1569890 0.2410448
0.1169180 0.2954378
0.0716750 0.3318288
0.0250470 0.3490520
-0.0186596 0.3471510
-0.0559256 0.3275571
-0.0839125 0.2919872
-0.0988719 0.2416830
-0.0938128 0.1767549
-0.0554333 0.0966127
0.0000000 0.0000000
0.0000000 0.0000000
-0.0943170 -0.0564072
-0.0969764 -0.1130562
-0.0813396 -0.1630090
-0.0589785 -0.2029141
-0.0318621 -0.2297526
-0.0014010 -0.2412923
0.0297480 -0.2363945
0.0598503 -0.2143766
0.0871145 -0.1761320
0.1086584 -0.1235373
0.1233205 -0.0599082
0.1301522 0.0103588
0.1273555 0.0819337
0.1159133 0.1496336
0.0971068 0.2090488
0.0723042 0.2565300
0.0445626 0.2893614
0.0161730 0.3064102
-0.0102827 0.3077728
-0.0320735 0.2948481
-0.0464017 0.2698591
-0.0472154 0.2364903
-0.0138292 0.2040445
0.0959918 0.1861498
0.0000000 0.0000000
0.0000000 0.0000000
-0.0460636 -0.0480046
-0.0445894 -0.0916009
-0.0364675 -0.1301759
-0.0255220 -0.1602864
-0.0126919 -0.1795712
0.0013647 -0.1864528
0.0159091 -0.1812679
0.0296253 -0.1629408
0.0417663 -0.1320900
0.0515607 -0.0905805
0.0576668 -0.0409815
0.0600239 0.0132466
0.0584803 0.0682551
0.0526266 0.1206183
0.0435127 0.1668322
0.0319801 0.2039337
0.0190329 0.2300300
0.0061047 0.2441132
-0.0056713 0.2464728
-0.0149601 0.2388865
-0.0196272 0.2240320
-0.0092117 0.2148150
0.0827189 0.2794768
0.3407682 0.4335189
0.0000000 0.0000000
0.0000000 0.0000000
0.0000000 0.0000000
0.0000000 0.0000000
0.0000000 0.0000000
0.0000000 0.0000000
0.0000000 0.0000000
0.0000000 0.0000000
0.0000000 0.0000000
0.0000000 0.0000000
0.0000000 0.0000000
0.0000000 0.0000000
0.0000000 0.0000000
0.0000000 0.0000000
0.0000000 0.0000000
0.0000000 0.0000000
0.0000000 0.0000000
0.0000000 0.0000000
0.0000000 0.0000000
0.0000000 0.0000000
0.0000000 0.0000000
0.0000000 0.0000000
0.0000000 0.0000000
0.0000000 0.0000000
0.0000000 0.0000000
0.0000000 0.0000000
0.0000000 0.0000000
0.0000000 0.0000000
-0.1943004 0.2104010
0.0000000 0.0000000
-0.6635796 0.1540433
-0.2797168 0.7171755
-0.2437702 1.1630617
0.0000000 0.0000000
-0.6640068 0.8764654
-0.2579487 1.5842506
-0.2787138 2.0000682
0.0000000 0.0000000
-0.7063531 1.5566095
-0.2862149 2.4811809
-0.3067232 2.9615200
0.0000000 0.0000000
-0.8183810 2.3132398
-0.3275034 3.4969723
-0.3502912 4.0652590
0.0000000 0.0000000
-0.9745892 3.1952453
-0.3822771 4.6888933
-0.4076421 5.3593135
0.0000000 0.0000000
-1.1743290 4.2272787
-0.4441377 6.0984664
-0.4776216 6.8895488
0.0000000 0.0000000
-1.4110692 5.4285135
-0.5191019 7.7759175
-0.5724987 8.7043152
0.0000000 0.0000000
-1.6923828 6.8096108
-0.6260603 9.8138151
-0.7379268 10.9113312
0.0000000 0.0000000
-2.0962503 8.4146557
-0.8409883 12.4576225
-1.0837594 13.8582735
0.0000000 0.0000000
-2.7669685 10.4829588
-1.4504638 16.1104870
-1.6180673 18.5717449
0.0000000 0.0000000
-4.1010447 14.5497398
-1.0466975 21.3037663
-2.3378134 23.5271378
0.0000000 0.0000000
2.2388563 13.9871235
4.9635978 16.2576180
7.5492120 11.1934824
0.0000000 0.0000000
17.3566360 4.6598072
10.5100613 -8.9546595
-1.3255529 -8.2007351
0.0000000 0.0000000
9.2727518 -4.3045216
-0.0643077 -12.2372389
-0.0827119 -12.6615210
0.0000000 0.0000000
-4.8494625 -10.3613119
-0.0908862 -10.1353302
-0.3934678 -9.2659435
0.0000000 0.0000000
-1.4194088 -7.9686499
-0.4333851 -8.5201254
-0.4164892 -7.7985172
0.0000000 0.0000000
-0.9827100 -6.4443336
-0.4098667 -7.1561217
-0.4163649 -6.5489998
0.0000000 0.0000000
-0.8950135 -5.4086733
-0.4003566 -5.9137340
-0.3757476 -5.3282013
0.0000000 0.0000000
-0.8627621 -4.4007335
-0.3567228 -4.7616320
-0.3305043 -4.2176790
0.0000000 0.0000000
-0.8166257 -3.4912908
-0.3139696 -3.7198489
-0.2846191 -3.2146301
0.0000000 0.0000000
-0.7347417 -2.6762624
-0.2730539 -2.7947845
-0.2464670 -2.3407140
0.0000000 0.0000000
-0.6537628 -1.9628178
-0.2385193 -1.9774024
-0.2189162 -1.5746357
0.0000000 0.0000000
-0.5874401 -1.3364254
-0.2132493 -1.2422674
-0.2033329 -0.8860692
0.0000000 0.0000000
-0.5539029 -0.7727938
-0.2155878 -0.5399132
-0.2230089 -0.1887292
0.0000000 0.0000000
-0.5160361 -0.1821243
0.0000000 0.0000000
0.0000000 0.0000000
-0.9927095 0.2374522
-1.3692050 0.1840671
-1.1104624 0.6067017
-1.0093993 0.9696053
-1.3539155 0.8529181
-1.0270426 1.3132284
-1.0924845 1.6852506
-1.4470674 1.5182344
-1.1528330 2.0662074
-1.2358043 2.4732194
-1.6464143 2.2423735
-1.3238858 2.9023163
-1.4292597 3.3725853
-1.9262347 3.0796511
-1.5437348 3.8669052
-1.6614058 4.4123707
-2.2796795 4.0602956
-1.8049749 4.9823170
-1.9228988 5.6155930
-2.6848075 5.2086835
-2.1119921 6.2662272
-2.2501400 6.9840579
-3.1293893 6.5394812
-2.5211370 7.7538071
-2.7983694 8.4885197
-3.7219720 7.8979335
-3.1341424 9.5176954
-4.1191187 10.0544567
-5.0420604 9.3996029
-5.2994523 11.8166504
-8.1442871 13.3444948
-7.5772448 11.0049181
-0.4312315 11.2081194
7.6398172 11.7187948
13.1562624 11.1364889
12.2267370 9.9436522
17.7954350 6.1538701
27.5442638 0.0963832
23.3755207 -6.8862786
12.6120110 -5.7939014
17.4630127 -6.4535375
4.0595069 -9.5133686
-5.2716308 -9.0413017
-2.8558924 -8.0749702
-2.7246664 -8.2888927
-2.4425659 -8.1420708
-2.8490100 -8.4216204
-1.9096400 -7.0634384
-1.7337184 -6.5303116
-2.0105231 -6.6051831
-1.6204953 -5.9147224
-1.5531360 -5.4618287
-1.9383200 -5.2813969
-1.4986246 -4.9776411
-1.4529812 -4.4904027
-1.8172539 -4.3072028
-1.4018114 -4.0185571
-1.2964090 -3.5333354
-1.6944168 -3.3348932
-1.2287868 -3.1592727
-1.1330051 -2.7078905
-1.5052245 -2.5403252
-1.0719067 -2.3899345
-0.9928247 -1.9901098
-1.3294728 -1.8607620
-0.9461124 -1.7045423
-0.8857742 -1.3487418
-1.1946942 -1.2619051
-0.8508945 -1.0885473
-0.8288310 -0.7649885
-1.1218158 -0.7253875
-0.8759476 -0.4679108
-0.8341383 -0.1740014
-1.1110696 -0.1677789
0.0000000 0.0000000
0.0000000 0.0000000
-1.6832044 0.1951188
-2.0043895 0.1767078
-1.7409570 0.5373559
-1.6527096 0.8100563
-1.9556252 0.7276897
-1.6978227 1.1272931
-1.7818995 1.4416039
-2.0964718 1.3145497
-1.8869108 1.7834365
-2.0199273 2.1306944
-2.3797288 1.9597943
-2.1762388 2.5149534
-2.3397019 2.9389572
-2.7901144 2.7182496
-2.5565748 3.3799605
-2.7197921 3.9133725
-3.3317490 3.6469464
-3.0065975 4.4382005
-3.1576555 5.0857482
-3.9943469 4.7965946
-3.5115569 5.7429004
-3.6880198 6.4744229
-4.6503592 6.1872554
-4.0923505 7.1870909
-4.2644138 8.2301893
-5.5217042 8.0534763
-4.8366227 9.1005316
-5.9464817 10.2133770
-6.1811900 9.8839130
-5.2661285 10.7833462
-7.0551333 7.9174318
-3.7640297 7.8236232
-5.8827929 5.8674574
11.8436775 6.3322597
16.6867332 1.9814191
20.7613907 7.4117908
26.5420494 5.5169020
36.7999840 -2.8119068
31.3591499 -5.7016211
21.9355488 -5.1883016
23.1855068 -3.4462726
-2.2277863 -5.8878183
-2.1873391 -7.2970505
0.4807883 -5.8202939
-3.2707911 -8.3696060
-3.9433527 -8.6572552
-3.6836100 -8.2692089
-3.7044642 -7.7626653
-3.3392847 -7.1121278
-4.0534205 -7.3990183
-2.8297215 -6.0814118
-2.5702770 -5.3331361
-2.9902687 -5.3694940
-2.6086652 -4.8074074
-2.4588616 -4.2506118
-2.9745040 -4.0292468
-2.3458593 -3.8171580
-2.1577637 -3.2237787
-2.5839341 -3.0410457
-2.0369794 -2.9222851
-1.8724792 -2.4349842
-2.2352972 -2.2812152
-1.7651182 -2.1718013
-1.6383932 -1.7783730
-1.9551203 -1.6595333
-1.5563796 -1.5301241
-1.4668036 -1.2026709
-1.7519466 -1.1187767
-1.4099022 -0.9717345
-1.3670379 -0.6844663
-1.6322539 -0.6374167
-1.4036404 -0.4170933
-1.3904239 -0.1674690
-1.6595472 -0.1603721
0.0000000 0.0000000
0.0000000 0.0000000
-2.2882631 0.1667275
-2.5561941 0.1495332
-2.2098041 0.4720083
-2.2097023 0.6512159
-2.4627545 0.5664144
-2.2721477 0.9495208
-2.3842461 1.1828709
-2.6393154 1.0389085
-2.5266106 1.5005833
-2.7099819 1.7699283
-3.0043106 1.5588541
-2.9310143 2.1252372
-3.1723862 2.4729898
-3.5462842 2.1781673
-3.4848719 2.8756223
-3.7655163 3.3704970
-4.2922025 2.9771776
-4.1885371 3.8132551
-4.4201326 4.5924921
-5.2949514 4.0819497
-4.9859681 5.0867119
-5.0883665 6.1318240
-6.4413066 5.5902691
-5.9267054 6.7678699
-6.6237540 8.0613985
-8.0892305 8.0113411
-6.9450383 9.2548895
-5.6200447 8.1967154
-3.7688975 6.8670321
-2.9713008 7.3906369
-3.0400085 6.2293177
-3.1504676 5.7275634
3.9168878 -4.1581454
13.5308113 0.0501820
14.3472376 -1.0199550
20.9671078 1.9989839
37.9436760 -3.0160823
38.5431747 -7.2147698
34.1571922 -5.2587700
16.6884422 -2.8238266
17.3515282 -1.7281697
4.6768284 -3.7255499
1.9431950 -5.2241879
3.0891943 -4.3634462
-0.6334948 -7.5175476
-3.0491734 -7.8648939
-2.6181493 -7.4953904
-5.0532985 -7.7448993
-5.5167327 -7.6562476
-6.5906677 -7.3318324
-4.5178628 -6.3957486
-3.9398966 -5.6146016
-4.8100019 -5.6697001
-4.0026221 -4.6788039
-3.5770714 -3.8406012
-4.1830354 -3.5432553
-3.3250175 -3.5431938
-3.0200238 -2.8439686
-3.4800582 -2.5943766
-2.8015532 -2.6207376
-2.5657191 -2.1188028
-2.9183342 -1.9182580
-2.3971415 -1.8991300
-2.2232985 -1.5343043
-2.5125971 -1.3822250
-2.0998526 -1.3157803
-1.9850321 -1.0320708
-2.2358611 -0.9284331
-1.9051865 -0.8198794
-1.8494066 -0.5834123
-2.0797420 -0.5256485
-1.8009566 -0.3545989
-1.9075503 -0.1543048
-2.1487269 -0.1422452
0.0000000 0.0000000
0.0000000 0.0000000
-2.7926328 0.1319205
-2.9951181 0.1100917
-2.5132449 0.3908362
-2.6691508 0.4735957
-2.8613808 0.3822644
-2.7175961 0.7518290
-2.8735242 0.8741817
-3.0555120 0.7108600
-3.0325975 1.1795107
-3.2787106 1.3099368
-3.4757707 1.0619397
-3.5303125 1.6723262
-3.8780222 1.8263716
-4.1234250 1.4679097
-4.2487659 2.2708097
-4.7112937 2.5097477
-5.0663514 2.0136361
-5.2503009 3.0210831
-5.7832613 3.5585351
-6.4084644 2.8895118
-6.5379882 4.0286016
-6.8778353 5.4711137
-8.4396229 4.6180515
-8.3162336 5.7092113
-9.0143642 8.0523777
-9.6066761 6.8958983
-5.7045646 7.7345219
-2.1411262 5.5757647
-1.6682079 4.6319513
0.4764027 5.4277172
1.8984543 5.6455359
1.5079688 2.9048498
14.1912003 -4.1309986
16.9780922 -2.5375929
19.6861057 -3.0740325
25.6822853 0.8978226
39.1252174 -6.0000896
36.0689201 -6.1593795
30.1826572 -3.2979040
18.7111073 -1.4564787
18.1759224 -2.0709648
8.0922422 -3.9834321
5.0945392 -4.7524691
4.9082375 -3.1739626
2.2603636 -6.1277099
-1.8032521 -6.5522218
-1.3768557 -5.0385947
-5.1032062 -6.5417809
-6.7582607 -6.6373234
-6.8418336 -6.0872903
-6.7917018 -4.8223410
-6.1136689 -5.4099951
-7.4761524 -4.5812073
-5.4120989 -4.2020516
-4.7312837 -3.1736083
-5.3497095 -2.6906273
-4.2781501 -2.9760909
-3.8364160 -2.2771840
-4.2372956 -1.9177724
-3.4942188 -2.1097209
-3.1840551 -1.6810008
-3.4809215 -1.4157027
-2.9400690 -1.4921297
-2.7251856 -1.2107831
-2.9595692 -1.0229678
-2.5546594 -1.0172055
-2.4196756 -0.8141289
-2.6162112 -0.6919235
-2.3050513 -0.6226360
-2.2583380 -0.4593936
-2.4397888 -0.3934880
-2.0681376 -0.2716542
-2.3538957 -0.1272129
-2.5473106 -0.1096248
0.0000000 0.0000000
0.0000000 0.0000000
-3.1694009 0.0873880
-3.2871704 0.0605691
-2.6686549 0.2883909
-3.0088449 0.2828249
-3.1262279 0.1911324
-3.0122740 0.5264557
-3.2214122 0.5273492
-3.3165326 0.3571060
-3.3745871 0.8075597
-3.6682568 0.7762935
-3.7533951 0.5129017
-3.9230988 1.1381657
-4.3655086 1.0403068
-4.4413509 0.6515359
-4.7441516 1.5630211
-5.4091024 1.3605894
-5.4842720 0.7794372
-5.9874687 2.1133258
-6.9243369 1.8476143
-7.0327063 0.9965470
-7.9809666 2.6756363
-9.3079824 3.3145149
-9.8453836 1.8530816
-10.8578644 2.8699129
-8.9445963 4.3238692
-8.4262733 1.8409575
-2.9815099 2.1648874
0.1128433 3.2878845
-1.9220326 2.8122101
3.4655616 2.0245957
3.8636990 1.7672957
6.8549061 -0.1601194
19.2443314 -5.4844451
22.8715172 -4.2649155
22.8114700 -4.5747123
26.6865559 0.9438155
37.3594055 -3.6545155
33.8720169 -3.5736685
27.4679680 -4.1773348
18.4847107 -1.7769104
17.6937237 -0.9938906
10.3344316 -2.2734149
5.7008424 -2.2376630
5.3154368 -2.4875655
4.3366470 -2.4251347
-0.8135778 -3.5408859
-1.7731324 -2.2654586
-4.1530213 -3.2059636
-6.5421271 -4.7555656
-6.7089739 -3.1464477
-8.2585621 -2.1193671
-8.1458216 -3.4171722
-8.7926254 -2.0914080
-6.6622534 -2.7074850
-5.7279019 -2.0568688
-6.1535158 -1.4160098
-5.0076075 -1.9327782
-4.4655008 -1.4894326
-4.7423997 -1.0395917
-4.0020471 -1.3498979
-3.6443269 -1.1117458
-3.8458996 -0.8022358
-3.3311219 -0.9527003
-3.0936537 -0.8114609
-3.2477307 -0.6024780
-2.8808324 -0.6504154
-2.7388868 -0.5551611
-2.8642609 -0.4216950
-2.5817831 -0.3960544
-2.5695305 -0.3198408
-2.6830857 -0.2472043
-2.2374063 -0.1728368
-2.6927545 -0.0870101
-2.8198333 -0.0671319
0.0000000 0.0000000
0.0000000 0.0000000
-3.3910210 0.0322827
-3.4115794 0.0054991
-2.7223310 0.1677997
-3.2015426 0.0947885
-3.2296329 0.0044565
-3.1579375 0.2722418
-3.4021039 0.1735323
-3.3971229 0.0051430
-3.5380743 0.3854785
-3.8473604 0.2230789
-3.8081231 -0.0395791
-4.0925331 0.4991670
-4.5466070 0.2217245
-4.4519377 -0.1641393
-4.9177890 0.6308224
-5.6143775 0.1311684
-5.4197307 -0.4228035
-6.1785908 0.8274114
-7.2787981 -0.0428570
-6.8929935 -0.8645787
-8.4459429 0.8136696
-10.2459898 0.0887180
-9.6994047 -1.2975918
-11.2715034 -0.2412835
-7.8785458 0.2392623
-7.5292091 -1.6483907
-3.2051687 -1.0388855
0.1850990 -1.0612414
1.9792911 -1.4147730
3.5634947 -0.4817313
10.7262144 -3.0211532
13.6019220 -6.1027966
21.4793911 -7.7185078
22.1925507 -7.8761349
22.3967705 -6.0208602
26.2853260 -1.0513293
31.8510017 -2.4322994
32.1782799 -3.6187158
26.0568752 -2.9893579
18.4680481 1.0894134
20.3985100 3.4394255
10.8468971 -1.4525276
5.9712000 -1.2353765
6.6094966 0.8366024
2.9706793 0.5462965
-0.3990675 -0.4409170
-0.6869311 0.3845520
-3.1358919 -0.3487082
-6.9426074 -0.9176931
-7.5001330 1.1180780
-8.7746239 0.4122428
-8.5970583 -0.5405359
-8.6667595 0.5834353
-7.1461291 -0.5292370
-6.1465445 -0.5610342
-6.2560048 0.1432111
-5.3164215 -0.5633878
-4.7501059 -0.4926499
-4.8040533 -0.0360721
-4.2397141 -0.4489166
-3.8706455 -0.4351318
-3.9129889 -0.1203659
-3.5281701 -0.3506576
-3.2882180 -0.3577457
-3.3302424 -0.1444687
-3.0540991 -0.2578610
-2.9171722 -0.2674960
-2.9580982 -0.1316128
-2.7318909 -0.1615458
-2.7569497 -0.1659522
-2.7914896 -0.0936216
-2.3424237 -0.0661486
-2.8972280 -0.0449892
-2.9505460 -0.0241377
0.0000000 0.0000000
0.0000000 0.0000000
-3.4412017 -0.0203451
-3.3757610 -0.0446969
-2.7149613 0.0406637
-3.2273510 -0.0821503
-3.1732366 -0.1591015
-3.1670215 -0.0004827
-3.3945577 -0.1608534
-3.3043778 -0.3037622
-3.5135295 -0.0732492
-3.7910442 -0.3023284
-3.6479704 -0.5217762
-4.0124807 -0.2070077
-4.4039688 -0.5497611
-4.1761036 -0.8639823
-4.7434750 -0.4626885
-5.3245196 -0.9967099
-4.9399672 -1.4421449
-5.8289990 -0.8042260
-6.7368369 -1.7271695
-6.0470109 -2.3923540
-7.7407060 -1.7113060
-9.3300085 -2.8843668
-7.8351288 -4.0123615
-10.0958605 -3.8517683
-8.4433126 -4.8530507
-5.8944421 -6.3670831
-4.2208180 -6.5438757
1.3742545 -6.0083847
3.7271426 -8.6613264
7.2737784 -5.9434500
13.4732876 -7.8823924
15.1018829 -7.9281874
18.5338383 -7.6262498
20.8954601 -4.8146982
20.3771572 -5.1291885
24.1104889 -1.1617080
23.8670235 -2.2401264
22.5903778 -1.0557226
20.3871288 1.2969522
18.6713943 2.1353898
18.1611958 -0.0371539
14.1238956 0.5360386
5.3956604 3.1962183
6.8990512 3.9285090
2.1913409 3.6672459
-1.5520829 2.9891000
-0.3796169 4.7716689
-3.2345264 3.1778302
-6.4977670 3.1257041
-6.8239136 4.4734879
-8.2317781 2.9770477
-7.9853578 2.0260723
-7.0786510 3.0389068
-6.6149893 1.6292633
-5.9359765 0.9497800
-5.4600058 1.6417058
-5.1004362 0.8109620
-4.6479197 0.4755488
-4.4123883 0.9210771
-4.1410723 0.4164766
-3.8294318 0.2273773
-3.6999459 0.5237653
-3.5007272 0.2141342
-3.2886300 0.0898022
-3.2157884 0.2891191
-3.0650151 0.1076458
-2.9441619 0.0188967
-2.9014096 0.1471541
-2.7629290 0.0563611
-2.8040698 -0.0110878
-2.7696049 0.0583170
-2.3872724 0.0361013
-2.9600062 -0.0072281
-2.9526565 0.0115191
0.0000000 0.0000000
0.0000000 0.0000000
-3.3316875 -0.0598369
-3.2070916 -0.0767066
-2.6486793 -0.0738391
-3.1012990 -0.2320487
-2.9971595 -0.2945557
-3.0380936 -0.2428934
-3.2212970 -0.4343887
-3.0784688 -0.5467032
-3.3112175 -0.4626981
-3.5250022 -0.7214242
-3.3238113 -0.8884920
-3.6891274 -0.7711850
-3.9834545 -1.1485232
-3.6863189 -1.3753383
-4.2178850 -1.2693912
-4.6264205 -1.8357605
-4.1663904 -2.1418850
-4.9305220 -1.9512324
-5.5391860 -2.9194236
-4.8078775 -3.3821929
-6.0407681 -3.2448092
-7.1423373 -4.9681325
-5.7678437 -5.4585185
-7.1971192 -6.0362387
-5.6987114 -7.2299776
-4.8584032 -8.2223186
-2.7474847 -8.4195004
1.8898230 -8.6860352
0.6158041 -8.5427103
7.9055429 -8.3864565
13.7015934 -7.0166311
13.0650139 -6.3990760
14.4836931 -8.0151443
16.5949764 -6.2812905
20.2700577 -4.0337539
22.3061886 -3.2840290
22.3147221 -5.0281544
18.0834427 -1.5177346
19.8518887 -2.3318043
12.5753107 3.8394837
13.2725506 1.7306356
10.3518972 2.6356077
5.7268295 4.6658616
2.3826399 8.0912113
0.3435974 6.9513745
0.4445952 4.9468966
0.0170818 6.7554002
-4.6720896 6.5766535
-6.2793922 5.5799875
-4.8891888 6.4449019
-6.5614171 5.1991024
-6.2167063 3.4349570
-4.8247786 4.1258740
-5.3342328 3.0541403
-5.0421424 2.0066273
-4.2855163 2.5581567
-4.4212279 1.8326063
-4.1580205 1.2406573
-3.7433898 1.5996228
-3.7509787 1.1144867
-3.5404131 0.7722626
-3.2931132 1.0137064
-3.2689037 0.6877940
-3.1133604 0.4711705
-2.9538238 0.6355544
-2.9262114 0.4216868
-2.8357725 0.2700295
-2.7246420 0.3775610
-2.6768410 0.2466013
-2.7343895 0.1289146
-2.6406274 0.1882462
-2.3353693 0.1219895
-2.9036336 0.0255544
-2.8440003 0.0423544
0.0000000 0.0000000
0.0000000 0.0000000
-3.1116598 -0.0854110
-2.9446144 -0.0968392
-2.4847519 -0.1668920
-2.8701029 -0.3437980
-2.7339053 -0.3868290
-2.7986948 -0.4257368
-2.9318712 -0.6326947
-2.7619221 -0.7081580
-2.9828186 -0.7449232
-3.1216488 -1.0115494
-2.9029756 -1.1178104
-3.2137578 -1.1651837
-3.3909769 -1.5377793
-3.0977216 -1.6712166
-3.5002942 -1.7841601
-3.7044003 -2.3179309
-3.3205125 -2.4721088
-3.7910819 -2.6474152
-3.9573061 -3.4545693
-3.5398569 -3.5744822
-3.8636734 -4.2221184
-4.0364718 -5.2544403
-3.6359503 -5.2764363
-4.0422053 -6.2160873
-3.1440606 -8.2163115
-3.1128993 -6.9863272
-0.7862908 -9.5764666
2.6513164 -8.6552591
1.5319151 -8.9827852
5.7016077 -6.8818889
8.7168446 -7.9165168
8.0091820 -4.6866045
13.0768690 -8.1992579
18.1641579 -5.3948970
16.2318249 -0.7922103
18.9455853 -2.5360227
15.1442699 2.5811448
15.7844658 3.0059173
14.3980532 2.7219782
11.3683863 3.4731221
8.0121384 6.2466626
3.9367082 7.8833928
3.8318088 6.1670270
3.7588928 6.2744756
2.6028080 6.0164499
-1.8587627 8.7162333
-1.1074190 8.1878624
-3.6734025 7.5309615
-4.4723163 6.2663846
-2.4226274 6.2133346
-4.1475844 5.3555369
-4.2047210 4.0135999
-3.0004551 4.2358556
-3.9178813 3.5400143
-3.8623075 2.6017506
-3.0845413 2.8922436
-3.5590985 2.3406644
-3.4452534 1.7251755
-2.9660916 1.9592272
-3.2036264 1.5475670
-3.0871234 1.1488725
-2.7792330 1.3167206
-2.9046335 1.0167947
-2.8104742 0.7501808
-2.5988770 0.8688026
-2.6752839 0.6530862
-2.6213343 0.4618883
-2.4647107 0.5416016
-2.4945147 0.3909069
-2.5681741 0.2397418
-2.4315848 0.2847168
-2.1987333 0.1860859
-2.7470820 0.0522969
-2.6483245 0.0659013
0.0000000 0.0000000
0.0000000 0.0000000
-2.8126686 -0.1001833
-2.6227899 -0.1066464
-2.2504945 -0.2317643
-2.5678477 -0.4112545
-2.4182870 -0.4342020
-2.4893799 -0.5437353
-2.5716548 -0.7473278
-2.3981707 -0.7853552
-2.5836692 -0.9137045
-2.6473482 -1.1621932
-2.4435997 -1.2075729
-2.6708860 -1.3809301
-2.7267499 -1.7017385
-2.4883108 -1.7391269
-2.7266300 -2.0221426
-2.7343619 -2.4397576
-2.4828818 -2.4367809
-2.6572983 -2.8560288
-2.5606897 -3.4180610
-2.3587985 -3.2920010
-2.3302653 -4.1217079
-1.9670591 -4.7893405
-1.9829600 -4.4091878
-1.5302612 -5.3952279
-1.0743821 -6.3244023
-1.0411446 -5.5214243
-0.1160754 -7.7834287
2.1013772 -8.0362434
1.5466422 -6.5592875
4.5884500 -7.6026764
6.4463329 -6.1324263
5.7428746 -5.7522478
8.8774405 -3.4432752
11.3374643 -2.4549744
8.5675602 -0.5007395
13.4494820 -0.6236690
14.0942583 2.7365084
9.3071337 5.4057403
11.4438763 4.8067713
7.0208077 7.8237715
6.5352678 8.1047678
4.3351979 8.5414906
2.1326649 8.5657797
2.8406584 7.6983719
0.6401470 8.3542891
-0.6330544 7.3132229
0.4373311 6.3225436
-1.3339318 6.3773141
-1.9115500 5.3974061
-0.9782110 5.0407968
-2.2933528 4.7545872
-2.5853450 3.8957667
-1.7499559 3.8336866
-2.6456053 3.4555259
-2.7440054 2.7689295
-2.1031621 2.8276758
-2.6895344 2.4578042
-2.6905198 1.9401423
-2.2358799 2.0426188
-2.6047957 1.7264506
-2.5644631 1.3523378
-2.2482390 1.4438790
-2.4786718 1.1901302
-2.4360492 0.9193560
-2.2055471 0.9897664
-2.3585656 0.7907307
-2.3386731 0.5866748
-2.1589780 0.6366283
-2.2471454 0.4818294
-2.3332956 0.3153595
-2.1715746 0.3446389
-2.0015755 0.2258795
-2.5156832 0.0715698
-2.3931358 0.0809944
0.0000000 0.0000000
0.0000000 0.0000000
-2.4701147 -0.1055781
-2.2744350 -0.1075697
-1.9768687 -0.2676557
-2.2308726 -0.4370214
-2.0820496 -0.4421462
-2.1494288 -0.5991704
-2.1869125 -0.7847480
-2.0242057 -0.7898896
-2.1685214 -0.9777537
-2.1699204 -1.1907047
-1.9932324 -1.1846179
-2.1440055 -1.4311608
-2.1112452 -1.6848130
-1.9235424 -1.6467730
-2.0469835 -2.0009069
-1.9428196 -2.3018680
-1.7629205 -2.1959140
-1.7980042 -2.6809859
-1.5849313 -3.0403876
-1.4381313 -2.8053758
-1.3170593 -3.5451694
-0.8997737 -3.9271610
-0.8351166 -3.4617534
-0.3872348 -4.4388852
0.3003156 -4.8210416
0.2689473 -4.1099572
0.9650479 -5.0851297
1.9324744 -5.2489519
1.7656710 -4.2591467
3.0445635 -5.5568771
4.3310833 -5.0238385
3.8220191 -3.7296338
6.1990185 -3.8662469
7.0406208 -2.3497219
5.4717274 -2.2473905
8.0535336 0.3561273
7.8052077 1.9538922
5.8281517 0.5525739
7.3159833 3.1657104
6.3054352 5.1495867
4.7451239 3.2064192
4.3886189 5.0622706
3.1886649 5.7808270
2.8045700 4.4743195
1.7587184 5.4540157
0.7939208 5.1503615
1.0818735 4.4676881
0.0252775 4.8370156
-0.5932221 4.3256803
-0.1797421 3.9080019
-1.0566573 3.9353912
-1.4084297 3.4335783
-0.9661667 3.2124174
-1.6564629 3.0682044
-1.8325474 2.6142538
-1.3951014 2.5358036
-1.9295970 2.3221507
-2.0044503 1.9432479
-1.6405212 1.9355785
-2.0328009 1.7160908
-2.0506732 1.4087363
-1.7669377 1.4317099
-2.0440037 1.2314771
-2.0412796 0.9890878
-1.8196757 1.0157775
-2.0171602 0.8427541
-2.0232034 0.6481071
-1.8410082 0.6706260
-1.9660645 0.5219287
-2.0588365 0.3564982
-1.8881934 0.3711655
-1.7691655 0.2427126
-2.2381117 0.0831427
-2.1053970 0.0881379
0.0000000 0.0000000
0.0000000 0.0000000
-2.1155889 -0.1035837
-1.9270310 -0.1018436
-1.6920853 -0.2779348
-1.8908228 -0.4297163
-1.7513566 -0.4208848
-1.8114085 -0.6017755
-1.8157436 -0.7630029
-1.6690701 -0.7432449
-1.7781359 -0.9572262
-1.7389891 -1.1323661
-1.5874318 -1.0905827
-1.6849129 -1.3589429
-1.6042577 -1.5529430
-1.4498568 -1.4708533
-1.5093917 -1.8221664
-1.3625220 -2.0335536
-1.2130872 -1.8835638
-1.2002286 -2.3315933
-0.9615601 -2.5556219
-0.8223995 -2.2997167
-0.7025697 -2.8869526
-0.3222377 -3.0847974
-0.2127565 -2.6829100
0.0644803 -3.3760569
0.6433691 -3.5009811
0.6680924 -2.9239836
1.2430876 -3.6352541
1.9440640 -3.5589454
1.7606187 -2.8772705
2.6018500 -3.2175395
3.1785600 -2.9862597
2.8415523 -2.2784986
4.0204377 -2.2751307
4.4734368 -1.6243930
3.6950333 -1.2625012
4.9765534 -0.1273542
4.8218250 0.4860901
3.8248415 0.2821878
4.7339296 1.5915720
4.1722059 2.4517837
3.2689381 1.7745467
3.4817858 2.8279440
2.7814667 3.5328014
2.2453504 2.7226932
1.9129844 3.4680862
1.2846795 3.6854401
1.1408014 3.0496836
0.5918740 3.4588032
0.1204373 3.3547418
0.2052248 2.9252226
-0.3470745 3.0833299
-0.6689864 2.8489978
-0.4814545 2.5774915
-0.9661399 2.5719118
-1.1605840 2.3035398
-0.9088728 2.1531246
-1.3323969 2.0544333
-1.4433850 1.7987090
-1.1867079 1.7252651
-1.5378622 1.5870191
-1.5917549 1.3568560
-1.3652537 1.3274255
-1.6394796 1.1795462
-1.6648682 0.9808658
-1.4707958 0.9718375
-1.6808443 0.8284599
-1.7050446 0.6572728
-1.5355884 0.6569676
-1.6776078 0.5208918
-1.7698921 0.3680713
-1.6043917 0.3704310
-1.5239515 0.2408970
-1.9407940 0.0877680
-1.8086668 0.0888137
0.0000000 0.0000000
0.0000000 0.0000000
-1.7736583 -0.0964989
-1.6007824 -0.0919313
-1.4172813 -0.2685530
-1.5703465 -0.3997143
-1.4443647 -0.3815112
-1.4974566 -0.5666783
-1.4803938 -0.7025806
-1.3511636 -0.6673235
-1.4332436 -0.8816502
-1.3729264 -1.0226779
-1.2427686 -0.9611422
-1.3062618 -1.2187834
-1.2055975 -1.3651072
-1.0762938 -1.2639314
-1.1019764 -1.5782247
-0.9464962 -1.7249411
-0.8203735 -1.5659734
-0.7895840 -1.9420023
-0.5621526 -2.0777338
-0.4409081 -1.8399063
-0.3345518 -2.2865887
-0.0077933 -2.3836131
0.0874656 -2.0512385
0.2937720 -2.5046599
0.7148681 -2.5341909
0.7330897 -2.1166084
1.1080346 -2.5105817
1.5548561 -2.4370737
1.4675784 -1.9587889
2.0223596 -2.0994546
2.3587551 -1.9040196
2.1200454 -1.4983027
2.8130753 -1.3569639
3.0289350 -0.9967226
2.5883567 -0.7977209
3.3417432 -0.0962984
3.2431858 0.2397473
2.6602046 0.1456973
3.2440135 1.0134307
2.8882933 1.4387667
2.3422706 1.0922064
2.5773964 1.8196861
2.1419928 2.2447677
1.7402810 1.7738613
1.6653771 2.3324096
1.2393751 2.5720711
1.0268298 2.1169775
0.7640793 2.4820065
0.4087188 2.5302627
0.3562562 2.1657059
0.0252192 2.3599091
-0.2434940 2.2819915
-0.1951651 2.0181279
-0.5220963 2.0819752
-0.7054840 1.9414629
-0.5825695 1.7683980
-0.8954664 1.7432984
-1.0160688 1.5823890
-0.8518590 1.4762207
-1.1383095 1.3990102
-1.2101829 1.2370552
-1.0435301 1.1753814
-1.2876371 1.0721864
-1.3285903 0.9186345
-1.1717974 0.8846728
-1.3705872 0.7700998
-1.4057449 0.6282275
-1.2579805 0.6109964
-1.4002731 0.4907588
-1.4868327 0.3571650
-1.3361588 0.3502570
-1.2836154 0.2261162
-1.6449835 0.0867529
-1.5211005 0.0848554
0.0000000 0.0000000
0.0000000 0.0000000
-1.4604579 -0.0863273
-1.3079004 -0.0801124
-1.1658784 -0.2462946
-1.2825482 -0.3568462
-1.1714507 -0.3334518
-1.2185237 -0.5096114
-1.1896113 -0.6219928
-1.0776603 -0.5789129
-1.1407939 -0.7783472
-1.0721897 -0.8903651
-0.9616838 -0.8211810
-1.0031569 -1.0517774
-0.8996994 -1.1612940
-0.7917418 -1.0571909
-0.7998543 -1.3235561
-0.6527709 -1.4247501
-0.5493019 -1.2751762
-0.5125832 -1.5751206
-0.3129953 -1.6575325
-0.2162870 -1.4524175
-0.1266335 -1.7744925
0.1317129 -1.8203000
0.2019415 -1.5580724
0.3674609 -1.8557220
0.6663998 -1.8492568
0.6752506 -1.5462823
0.9417822 -1.7596223
1.2290477 -1.6918812
1.1660905 -1.3724543
1.5361891 -1.4197766
1.7437694 -1.2735698
1.5836219 -1.0215974
2.0231941 -0.8652959
2.1331627 -0.6462337
1.8603950 -0.5263318
2.3268871 -0.0700922
2.2612057 0.1417887
1.9056017 0.0929041
2.2852414 0.6694591
2.0670605 0.9212222
1.7120804 0.7200184
1.9068708 1.2355633
1.6237997 1.5033599
1.3361760 1.2106222
1.3470284 1.6298112
1.0540437 1.8183674
0.8646548 1.5057807
0.7417175 1.8083849
0.4784821 1.8914988
0.3876172 1.6105838
0.1929990 1.7986441
-0.0223796 1.7920555
-0.0346367 1.5659902
-0.2543859 1.6568472
-0.4150429 1.5917087
-0.3658422 1.4258664
-0.5913888 1.4420254
-0.7052962 1.3452852
-0.6091959 1.2309815
-0.8308237 1.1947995
-0.9080021 1.0845096
-0.7912496 1.0086243
-0.9948058 0.9397369
-1.0429035 0.8252943
-0.9228044 0.7774850
-1.0982281 0.6882954
-1.1372366 0.5749515
-1.0151442 0.5471533
-1.1464009 0.4435427
-1.2238863 0.3314231
-1.0930765 0.3182260
-1.0597669 0.2038533
-1.3659987 0.0817625
-1.2546902 0.0780055
0.0000000 0.0000000
0.0000000 0.0000000
-1.1841511 -0.0749531
-1.0533440 -0.0679180
-0.9448272 -0.2174511
-1.0327579 -0.3089598
-0.9369963 -0.2837628
-0.9784197 -0.4430161
-0.9449326 -0.5344618
-0.8491311 -0.4894406
-0.8987525 -0.6664315
-0.8302314 -0.7547588
-0.7373811 -0.6861379
-0.7658337 -0.8836003
-0.6685039 -0.9657339
-0.5798422 -0.8681923
-0.5787026 -1.0856732
-0.4489538 -1.1561204
-0.3660814 -1.0242044
-0.3296306 -1.2560498
-0.1639240 -1.3065381
-0.0901627 -1.1371697
-0.0144895 -1.3656869
0.1830627 -1.3860768
0.2303573 -1.1844735
0.3617921 -1.3773600
0.5724719 -1.3601120
0.5748046 -1.1403899
0.7719788 -1.2570882
0.9598696 -1.1988350
0.9109170 -0.9838964
1.1668195 -0.9863838
1.2999144 -0.8793743
1.1869771 -0.7161233
1.4805734 -0.5788085
1.5421499 -0.4348411
1.3612715 -0.3581156
1.6662105 -0.0499944
1.6215705 0.0955083
1.3917197 0.0679916
1.6467557 0.4595286
1.5082361 0.6242657
1.2689643 0.4998515
1.4195521 0.8703464
1.2311072 1.0469483
1.0234138 0.8564122
1.0624167 1.1723564
0.8569180 1.3120284
0.7051480 1.0952369
0.6504700 1.3387949
0.4559895 1.4191209
0.3644435 1.2095915
0.2492454 1.3758433
0.0814213 1.3966932
0.0453172 1.2149067
-0.1005636 1.3100622
-0.2361272 1.2848809
-0.2236982 1.1395925
-0.3848151 1.1754183
-0.4860555 1.1191273
-0.4334251 1.0108902
-0.6014409 1.0000137
-0.6744383 0.9257328
-0.5964523 0.8483227
-0.7590679 0.8036749
-0.8086355 0.7199504
-0.7187291 0.6668738
-0.8664712 0.5984225
-0.9048233 0.5096064
-0.8075552 0.4767645
-0.9224786 0.3892463
-0.9888379 0.2974014
-0.8795853 0.2809404
-0.8589060 0.1785438
-1.1132315 0.0743294
-1.0160758 0.0697357
0.0000000 0.0000000
0.0000000 0.0000000
-0.9472112 -0.0634882
-0.8374261 -0.0563202
-0.7555611 -0.1866055
-0.8213568 -0.2613527
-0.7398847 -0.2366998
-0.7771919 -0.3756341
-0.7429479 -0.4495355
-0.6623546 -0.4064958
-0.7017204 -0.5581392
-0.6386229 -0.6277547
-0.5612572 -0.5641829
-0.5816715 -0.7286059
-0.4954903 -0.7905144
-0.4233415 -0.7040861
-0.4187113 -0.8775629
-0.3089725 -0.9275061
-0.2438809 -0.8160554
-0.2105615 -0.9911144
-0.0782129 -1.0232813
-0.0232286 -0.8871606
0.0402374 -1.0486279
0.1883598 -1.0566528
0.2197593 -0.9034779
0.3237650 -1.0284594
0.4730932 -1.0093342
0.4706238 -0.8500346
0.6179858 -0.9134859
0.7448975 -0.8659185
0.7051636 -0.7178322
0.8889364 -0.7007814
0.9755703 -0.6217322
0.8937859 -0.5127577
1.0979558 -0.4007664
1.1349363 -0.3002143
1.0088627 -0.2487462
1.2157568 -0.0331925
1.1859555 0.0713901
1.0289757 0.0549611
1.2069472 0.3271441
1.1149408 0.4425760
0.9495375 0.3617339
1.0640743 0.6306996
0.9356200 0.7526149
0.7841352 0.6246884
0.8280008 0.8635775
0.6828969 0.9660878
0.5634670 0.8138335
0.5443172 1.0068032
0.3995667 1.0747275
0.3202287 0.9195474
0.2520667 1.0600133
0.1222411 1.0888380
0.0805134 0.9468243
-0.0171658 1.0355036
-0.1268154 1.0297449
-0.1328867 0.9094188
-0.2467318 0.9514680
-0.3338274 0.9195426
-0.3061183 0.8241266
-0.4318435 0.8270185
-0.4968490 0.7769936
-0.4459175 0.7052844
-0.5732511 0.6767636
-0.6195188 0.6151762
-0.5534457 0.5636585
-0.6734726 0.5106834
-0.7091012 0.4418058
-0.6327854 0.4081372
-0.7299061 0.3350316
-0.7845797 0.2605597
-0.6956902 0.2430674
-0.6836687 0.1535650
-0.8906996 0.0658198
-0.8075746 0.0611159
0.0000000 0.0000000
0.0000000 0.0000000
-0.7480865 -0.0527937
-0.6573417 -0.0460535
-0.5967523 -0.1567403
-0.6458548 -0.2174843
-0.5769597 -0.1947273
-0.6105229 -0.3129348
-0.5784790 -0.3723227
-0.5111304 -0.3334547
-0.5438273 -0.4602963
-0.4882058 -0.5152069
-0.4244299 -0.4592927
-0.4399273 -0.5929813
-0.3668100 -0.6404334
-0.3083886 -0.5666270
-0.3030463 -0.7029551
-0.2133518 -0.7391502
-0.1625351 -0.6477208
-0.1340965 -0.7785628
-0.0305918 -0.7998045
0.0096064 -0.6925631
0.0621373 -0.8060989
0.1723340 -0.8086755
0.1926516 -0.6925957
0.2751272 -0.7739739
0.3812042 -0.7559768
0.3764182 -0.6402869
0.4875394 -0.6738557
0.5757873 -0.6356866
0.5428655 -0.5317708
0.6768832 -0.5071488
0.7357959 -0.4482538
0.6736771 -0.3730204
0.8210121 -0.2839791
0.8432602 -0.2103010
0.7531576 -0.1752832
0.8991709 -0.0204424
0.8786503 0.0576523
0.7667633 0.0475926
0.8934978 0.2416217
0.8318034 0.3259204
0.7127211 0.2718148
0.8016207 0.4689434
0.7113737 0.5568430
0.6003453 0.4684807
0.6417660 0.6494902
0.5379296 0.7258435
0.4448302 0.6176152
0.4423278 0.7693207
0.3358702 0.8240004
0.2686878 0.7094981
0.2305285 0.8247585
0.1300513 0.8535927
0.0910695 0.7440985
0.0261129 0.8216006
-0.0610292 0.8249936
-0.0748032 0.7283595
-0.1556408 0.7697471
-0.2271352 0.7517546
-0.2147413 0.6718741
-0.3070875 0.6807687
-0.3629571 0.6467810
-0.3293160 0.5840469
-0.4274844 0.5654722
-0.4679113 0.5196403
-0.4199408 0.4733588
-0.5155278 0.4317703
-0.5464873 0.3777906
-0.4871342 0.3464064
-0.5666825 0.2852313
-0.6108149 0.2248351
-0.5390471 0.2079624
-0.5333934 0.1309032
-0.6986220 0.0572270
-0.6281479 0.0528526
0.0000000 0.0000000
0.0000000 0.0000000
-0.5828021 -0.0433279
-0.5083371 -0.0373692
-0.4654543 -0.1297317
-0.5015362 -0.1790784
-0.4437576 -0.1592281
-0.4740127 -0.2575118
-0.4458998 -0.3055198
-0.3895712 -0.2718127
-0.4176333 -0.3760390
-0.3705866 -0.4196438
-0.3179799 -0.3723098
-0.3312036 -0.4793876
-0.2710507 -0.5161875
-0.2239226 -0.4551834
-0.2194300 -0.5606551
-0.1481961 -0.5877785
-0.1083038 -0.5141651
-0.0854547 -0.6115493
-0.0058202 -0.6260403
0.0237385 -0.5429026
0.0658063 -0.6227955
0.1479065 -0.6227902
0.1605898 -0.5353419
0.2251221 -0.5878643
0.3014151 -0.5723686
0.2947938 -0.4875004
0.3800916 -0.5040053
0.4414302 -0.4730784
0.4147635 -0.3994660
0.5144678 -0.3735522
0.5555291 -0.3284142
0.5068275 -0.2753405
0.6145824 -0.2044099
0.6296493 -0.1489108
0.5617564 -0.1241008
0.6691740 -0.0104009
0.6537449 0.0499287
0.5721031 0.0431343
0.6655793 0.1842454
0.6231712 0.2482684
0.5347005 0.2112757
0.6034143 0.3576701
0.5404636 0.4231578
0.4559224 0.3613640
0.4944444 0.4986491
0.4187641 0.5569605
0.3467694 0.4790539
0.3533326 0.5974976
0.2746272 0.6413440
0.2189944 0.5569107
0.1985649 0.6499096
0.1227688 0.6757355
0.0871206 0.5926251
0.0458208 0.6573112
-0.0227004 0.6646760
-0.0381681 0.5886680
-0.0948893 0.6255459
-0.1519883 0.6157632
-0.1483863 0.5511797
-0.2155821 0.5616363
-0.2611573 0.5378523
-0.2395923 0.4858363
-0.3131500 0.4725117
-0.3472889 0.4378545
-0.3117689 0.3984100
-0.3865098 0.3646017
-0.4119247 0.3215359
-0.3658469 0.2944010
-0.4298719 0.2427060
-0.4641924 0.1928861
-0.4062822 0.1778959
-0.4054245 0.1117875
-0.5345276 0.0493452
-0.4744425 0.0455136
0.0000000 0.0000000
0.0000000 0.0000000
-0.4466227 -0.0354058
-0.3853689 -0.0303228
-0.3573276 -0.1065200
-0.3833914 -0.1470024
-0.3348696 -0.1304441
-0.3626785 -0.2108996
-0.3390713 -0.2500280
-0.2918908 -0.2221017
-0.3167019 -0.3060832
-0.2785325 -0.3413523
-0.2346343 -0.3024092
-0.2474501 -0.3871387
-0.1992982 -0.4161269
-0.1608790 -0.3671735
-0.1590901 -0.4480202
-0.1034519 -0.4688375
-0.0721470 -0.4109401
-0.0546980 -0.4825846
0.0052910 -0.4931127
0.0273085 -0.4290478
0.0601715 -0.4853261
0.1204198 -0.4838061
0.1287717 -0.4184345
0.1782484 -0.4521564
0.2338057 -0.4388465
0.2262622 -0.3765787
0.2909082 -0.3824505
0.3348141 -0.3574663
0.3117498 -0.3042662
0.3877673 -0.2795797
0.4157596 -0.2435524
0.3775418 -0.2061022
0.4584728 -0.1495326
0.4689100 -0.1059819
0.4158775 -0.0881710
0.4960342 -0.0023122
0.4855894 0.0452239
0.4227110 0.0409248
0.4948890 0.1453072
0.4644476 0.1958933
0.3974827 0.1699495
0.4523944 0.2797124
0.4079322 0.3305123
0.3420104 0.2868967
0.3762411 0.3916912
0.3222327 0.4372168
0.2644002 0.3812282
0.2770199 0.4730017
0.2186009 0.5087568
0.1732120 0.4465140
0.1647965 0.5203229
0.1081138 0.5429167
0.0764401 0.4805027
0.0514099 0.5331116
-0.0006618 0.5416743
-0.0167669 0.4835019
-0.0545261 0.5139807
-0.0993475 0.5092056
-0.0998491 0.4584623
-0.1477273 0.4676621
-0.1832189 0.4507610
-0.1698572 0.4094673
-0.2238079 0.3985062
-0.2504894 0.3715461
-0.2245365 0.3400604
-0.2808018 0.3109049
-0.3007940 0.2757319
-0.2642570 0.2537554
-0.3145855 0.2089451
-0.3401944 0.1665168
-0.2926857 0.1541276
-0.2961213 0.0970520
-0.3939876 0.0427196
-0.3415019 0.0396732
0.0000000 0.0000000
0.0000000 0.0000000
-0.3342160 -0.0290265
-0.2832575 -0.0249628
-0.2681070 -0.0873558
-0.2864384 -0.1213519
-0.2451077 -0.1079979
-0.2715507 -0.1731439
-0.2523901 -0.2057285
-0.2124894 -0.1834944
-0.2357039 -0.2503621
-0.2057531 -0.2794890
-0.1688771 -0.2487516
-0.1818180 -0.3145224
-0.1450735 -0.3382181
-0.1128703 -0.2998074
-0.1144074 -0.3611332
-0.0723135 -0.3774172
-0.0468786 -0.3330779
-0.0359307 -0.3852607
0.0089194 -0.3930080
0.0255419 -0.3447111
0.0494261 -0.3832645
0.0933912 -0.3814122
0.0986444 -0.3326786
0.1362393 -0.3536092
0.1756005 -0.3416578
0.1686046 -0.2964398
0.2172635 -0.2959049
0.2487618 -0.2748966
0.2286378 -0.2365299
0.2860358 -0.2131668
0.3059897 -0.1838750
0.2742434 -0.1567266
0.3367551 -0.1111663
0.3433221 -0.0752440
0.3012858 -0.0626413
0.3629959 0.0033118
0.3560106 0.0424369
0.3056806 0.0397152
0.3622437 0.1188897
0.3414748 0.1600134
0.2878465 0.1420586
0.3340937 0.2250608
0.3021484 0.2663520
0.2499585 0.2353478
0.2812363 0.3154820
0.2428746 0.3524993
0.1952863 0.3124380
0.2112443 0.3835419
0.1692609 0.4131518
0.1308329 0.3679479
0.1316977 0.4255093
0.0896558 0.4455305
0.0623496 0.3991870
0.0492488 0.4407901
0.0109091 0.4497907
-0.0050937 0.4062004
-0.0286879 0.4302961
-0.0619311 0.4284578
-0.0653058 0.3901737
-0.0972012 0.3965228
-0.1238180 0.3846653
-0.1155077 0.3534526
-0.1532754 0.3427190
-0.1723131 0.3215894
-0.1536693 0.2983580
-0.1938971 0.2714633
-0.2074544 0.2418969
-0.1788159 0.2262312
-0.2158203 0.1852575
-0.2335947 0.1473477
-0.1937983 0.1379679
-0.2002722 0.0877584
-0.2720696 0.0371391
-0.2225132 0.0344834
0.0000000 0.0000000
0.0000000 0.0000000
-0.2404151 -0.0241667
-0.1969783 -0.0210644
-0.1938961 -0.0723152
-0.2059865 -0.1018135
-0.1700877 -0.0916334
-0.1957457 -0.1437916
-0.1812674 -0.1720891
-0.1464853 -0.1549569
-0.1692742 -0.2077358
-0.1469427 -0.2326239
-0.1150116 -0.2092085
-0.1299987 -0.2598165
-0.1027007 -0.2798643
-0.0753812 -0.2507568
-0.0806357 -0.2963038
-0.0501802 -0.3099605
-0.0289273 -0.2764575
-0.0238129 -0.3140110
0.0079894 -0.3198331
0.0215786 -0.2840531
0.0370035 -0.3099986
0.0683199 -0.3076825
0.0717461 -0.2718114
0.0982477 -0.2833764
0.1260650 -0.2727169
0.1190677 -0.2395271
0.1555153 -0.2350684
0.1770965 -0.2163462
0.1600323 -0.1888454
0.2032611 -0.1672909
0.2174663 -0.1419701
0.1901457 -0.1222452
0.2381944 -0.0844105
0.2430357 -0.0538106
0.2076292 -0.0443475
0.2573035 0.0072473
0.2518837 0.0412391
0.2109367 0.0395251
0.2569018 0.1004438
0.2430492 0.1357648
0.1983468 0.1234679
0.2379349 0.1874310
0.2163312 0.2222667
0.1725616 0.2005682
0.2029410 0.2621594
0.1758283 0.2938220
0.1362030 0.2650848
0.1547924 0.3201676
0.1256560 0.3457672
0.0921533 0.3131515
0.0996966 0.3580665
0.0701216 0.3759307
0.0456451 0.3421119
0.0425125 0.3744217
0.0149341 0.3836984
0.0000864 0.3513952
-0.0124255 0.3699012
-0.0356757 0.3702556
-0.0408496 0.3420087
-0.0603465 0.3458730
-0.0782956 0.3378629
-0.0737929 0.3154691
-0.0978993 0.3042779
-0.1093876 0.2884445
-0.0965755 0.2732358
-0.1220309 0.2468644
-0.1276381 0.2227770
-0.1071207 0.2144998
-0.1291128 0.1738018
-0.1366603 0.1390893
-0.1065750 0.1328979
-0.1089442 0.0864513
-0.1612577 0.0299697
-0.1156732 0.0176524
0.0000000 0.0000000
0.0000000 0.0000000
-0.1605463 -0.0207633
-0.1219665 -0.0186277
-0.1308211 -0.0610484
-0.1375613 -0.0878867
-0.1052053 -0.0805453
-0.1316845 -0.1224369
-0.1211578 -0.1482620
-0.0901025 -0.1350033
-0.1135585 -0.1769343
-0.0982881 -0.1996653
-0.0696584 -0.1810405
-0.0869026 -0.2209333
-0.0685844 -0.2389305
-0.0440955 -0.2157523
-0.0539828 -0.2510227
-0.0333419 -0.2631818
-0.0148795 -0.2362152
-0.0162467 -0.2645375
0.0052603 -0.2696710
0.0163480 -0.2407063
0.0243725 -0.2598523
0.0449289 -0.2572166
0.0476764 -0.2286552
0.0646760 -0.2361081
0.0833229 -0.2260506
0.0764493 -0.1996981
0.1021925 -0.1942587
0.1166427 -0.1771252
0.1009420 -0.1551686
0.1340848 -0.1368782
0.1429243 -0.1134765
0.1194477 -0.0979096
0.1567043 -0.0672503
0.1604241 -0.0392942
0.1291302 -0.0313090
0.1690681 0.0098724
0.1661890 0.0406896
0.1302008 0.0401093
0.1701355 0.0880177
0.1606876 0.1202719
0.1226536 0.1112022
0.1581870 0.1618959
0.1444469 0.1933400
0.1060614 0.1769783
0.1358720 0.2265999
0.1183560 0.2549173
0.0834343 0.2326412
0.1055220 0.2776463
0.0860690 0.3008959
0.0566685 0.2747141
0.0696946 0.3125721
0.0503843 0.3291232
0.0278581 0.3014312
0.0324431 0.3299464
0.0143514 0.3391478
0.0002609 0.3119811
-0.0030878 0.3297081
-0.0182469 0.3315991
-0.0239810 0.3072927
-0.0338557 0.3131870
-0.0445033 0.3084689
-0.0424526 0.2894599
-0.0561462 0.2821832
-0.0603846 0.2720702
-0.0523559 0.2607124
-0.0652606 0.2378419
-0.0603252 0.2228918
-0.0519392 0.2185572
-0.0557164 0.1765601
-0.0370082 0.1583648
-0.0481728 0.1353445
-0.0210399 0.0881188
0.0013628 0.0658059
-0.0626614 -0.0741988
0.0000000 0.0000000
0.0000000 0.0000000
-0.0899668 -0.0187894
-0.0546656 -0.0177060
-0.0753413 -0.0533407
-0.0774548 -0.0797736
-0.0472026 -0.0700409
-0.0750424 -0.1088338
-0.0686981 -0.1344230
-0.0394607 -0.1145799
-0.0649460 -0.1579862
-0.0558314 -0.1808499
-0.0293922 -0.1515726
-0.0501251 -0.1974010
-0.0393651 -0.2157993
-0.0171962 -0.1784773
-0.0315800 -0.2241540
-0.0199153 -0.2367373
-0.0032694 -0.1934455
-0.0105816 -0.2358693
0.0017752 -0.2415743
0.0112231 -0.1955902
0.0118539 -0.2309628
0.0237581 -0.2291420
0.0253970 -0.1842359
0.0346036 -0.2093451
0.0450472 -0.1998617
0.0385155 -0.1593737
0.0553725 -0.1716891
0.0640871 -0.1551672
0.0489265 -0.1219510
0.0730689 -0.1201546
0.0786395 -0.0974832
0.0563450 -0.0742512
0.0865556 -0.0581885
0.0882930 -0.0307073
0.0602497 -0.0194260
0.0936914 0.0103776
0.0925027 0.0406751
0.0594876 0.0391420
0.0944662 0.0804974
0.0897527 0.1119999
0.0548405 0.0973140
0.0889806 0.1471827
0.0811403 0.1778528
0.0467425 0.1507330
0.0770455 0.2064177
0.0674652 0.2337491
0.0355719 0.1960553
0.0606857 0.2542554
0.0498252 0.2764627
0.0229862 0.2305702
0.0413727 0.2880091
0.0303264 0.3038388
0.0098893 0.2526864
0.0207978 0.3064955
0.0106526 0.3153068
-0.0025037 0.2621556
0.0012719 0.3096514
-0.0072378 0.3116956
-0.0127787 0.2601405
-0.0155780 0.2987252
-0.0211465 0.2954028
-0.0195357 0.2488992
-0.0273784 0.2761915
-0.0270815 0.2714535
-0.0202655 0.2347028
-0.0297447 0.2442808
-0.0087194 0.2517568
-0.0206798 0.2195165
-0.0217117 0.1864938
0.1041088 0.2756366
-0.0881177 0.1430822
0.0065310 0.0307699
0.4594474 0.3610214
-0.2140061 -0.2509901
0.0000000 0.0000000
0.0000000 0.0000000
-0.0228779 -0.0184610
0.0000000 0.0000000
-0.0215204 -0.0502235
-0.0199745 -0.0840118
0.0000000 0.0000000
-0.0199853 -0.1093480
-0.0179689 -0.1408966
0.0000000 0.0000000
-0.0173407 -0.1620069
-0.0148921 -0.1887085
0.0000000 0.0000000
-0.0137863 -0.2040865
-0.0107919 -0.2244554
0.0000000 0.0000000
-0.0092811 -0.2327627
-0.0059486 -0.2453827
0.0000000 0.0000000
-0.0038533 -0.2455931
-0.0004947 -0.2493619
0.0000000 0.0000000
0.0018962 -0.2410947
0.0051561 -0.2355938
0.0000000 0.0000000
0.0075736 -0.2190015
0.0104055 -0.2044123
0.0000000 0.0000000
0.0130614 -0.1803340
0.0152136 -0.1574169
0.0000000 0.0000000
0.0176337 -0.1273139
0.0192157 -0.0972666
0.0000000 0.0000000
0.0210225 -0.0631447
0.0215963 -0.0277044
0.0000000 0.0000000
0.0233430 0.0078725
0.0227266 0.0466587
0.0000000 0.0000000
0.0238382 0.0809343
0.0223660 0.1206443
0.0000000 0.0000000
0.0226479 0.1512132
0.0203141 0.1891852
0.0000000 0.0000000
0.0200713 0.2139966
0.0170957 0.2476733
0.0000000 0.0000000
0.0161331 0.2653477
0.0128331 0.2927092
0.0000000 0.0000000
0.0114164 0.3024243
0.0080434 0.3221258
0.0000000 0.0000000
0.0063498 0.3237865
0.0031668 0.3352415
0.0000000 0.0000000
0.0013300 0.3294923
-0.0013402 0.3328587
0.0000000 0.0000000
-0.0029480 0.3212081
-0.0054218 0.3170900
0.0000000 0.0000000
-0.0069655 0.3025960
-0.0108952 0.2930160
0.0000000 0.0000000
-0.0205998 0.2741535
0.0152357 0.3170268
0.0000000 0.0000000
-0.1032274 0.1907480
0.2922036 0.6532557
0.0000000 0.0000000
-0.2821834 -0.1343084
1.2953112 1.3267003
0.0000000 0.0000000
0.0000000 0.0000000
-37.74457
-37.59436
-38.97481
-41.17677
-44.51802
-49.15581
-55.35228
-63.53315
-74.33837
-89.24545
-113.5532
-160.5354
-222.5014
-27.80244
-70.41352
-43.19183
-40.02664
-37.35272
-34.748
-32.10394
-29.65522
-27.58761
-25.94953
-24.73832
-23.95277
-23.68434
-37.35941
-37.52654
-38.82755
-41.09503
-44.47713
-49.20987
-55.58235
-63.99508
-74.99895
-89.58061
-110.9913
-168.8604
-158.0705
21.93842
-71.82339
-46.63467
-41.0522
-38.3653
-35.41038
-32.59682
-29.93068
-27.73804
-26.0527
-24.84435
-24.08299
-23.89794
-36.93949
-37.19567
-38.52766
-40.91087
-44.50263
-49.62866
-56.70428
-66.18461
-78.38296
-92.86844
-106.0888
-111.1568
-110.613
16.17236
-29.81887
-45.35739
-44.16399
-42.4823
-38.55291
-34.55815
-31.10869
-28.44491
-26.50576
-25.19451
-24.3899
-24.2057
-36.17749
-36.50704
-37.88027
-40.39838
-44.29002
-50.01306
-58.20573
-69.49938
-84.18808
-102.6028
-118.8626
-117.1664
-58.49325
8.947364
-34.86699
-60.16017
-56.93335
-49.73934
-44.42259
-37.70607
-32.87995
-29.4967
-27.15849
-25.63992
-24.76252
-24.53619
-34.92968
-35.30458
-36.68692
-39.28718
-43.44504
-49.84949
-59.67309
-74.65574
-95.27148
-126.884
-133.9325
-90.79142
-61.6393
-46.55507
-77.13096
-91.4386
-90.16876
-63.8216
-51.55493
-41.49209
-34.86457
-30.56347
-27.74256
-25.96848
-24.99374
-24.7095
-33.03479
-33.42656
-34.75013
-37.29903
-41.51038
-48.30207
-59.47901
-78.98212
-114.3723
-168.2139
-176.2779
-165.0198
-125.5027
-132.4438
-120.1196
-133.1382
-121.943
-85.03159
-58.33243
-44.62859
-36.35807
-31.17716
-27.90417
-25.90327
-24.8412
-24.50843
-30.34714
-30.7299
-31.91102
-34.2222
-38.13796
-44.62477
-55.7066
-76.18231
-123.8629
-186.8777
-201.5348
-196.7421
-154.4595
-161.21
-164.3436
-159.6629
-139.5296
-98.99825
-62.64423
-45.82554
-36.48222
-30.80363
-27.29099
-25.17927
-24.07282
-23.73063
-26.84314
-27.15499
-28.09235
-29.94315
-33.10957
-38.40372
-47.49226
-64.8382
-105.2518
-176.281
-195.0806
-177.8521
-138.9738
-131.6702
-163.5207
-164.294
-139.4882
-95.58929
-61.21367
-43.89232
-34.55408
-29.05263
-25.67879
-23.64561
-22.55976
-22.25678
-22.65534
-22.82359
-23.47444
-24.70348
-26.77154
-30.24683
-36.05527
-47.07743
-72.38067
-114.7837
-119.6875
-98.80402
-96.5075
-102.1195
-112.9993
-120.6898
-110.5031
-75.43953
-51.00534
-37.94129
-30.43216
-25.90187
-23.08153
-21.35693
-20.41809
-20.15518
-18.0826
-18.14993
-18.42824
-18.94912
-19.80979
-21.29794
-23.69791
-27.83549
-31.25881
-45.72282
-28.08298
-37.53551
-31.9181
-55.79365
-67.75137
-73.36548
-69.47904
-49.04423
-37.17026
-29.70446
-24.88005
-21.75235
-19.73279
-18.46699
-17.76123
-17.55402
-13.40599
-13.38696
-13.3078
-13.15132
-12.87353
-12.43612
-11.47803
-9.990475
-5.423821
-2.138061
16.29889
21.25857
16.5567
-28.01302
-44.35549
-36.94259
-31.27108
-27.45991
-23.77885
-20.95781
-18.75456
-17.11797
-15.9694
-15.21259
-14.77263
-14.63139
-8.902569
-8.81007
-8.437385
-7.737007
-6.58543
-4.794247
-1.908041
2.322466
9.382312
18.89255
29.50918
44.49846
45.42698
34.89752
11.62802
-3.489021
-9.023423
-11.7979
-12.90696
-13.06507
-12.84086
-12.47488
-12.12078
-11.84336
-11.65923
-11.58394
-4.785663
-4.636405
-4.062319
-3.013862
-1.365955
1.060886
4.570641
9.384769
16.01424
25.0115
34.18799
40.423
42.11852
35.51821
24.35215
12.44077
3.743828
-1.556677
-4.756664
-6.607655
-7.638207
-8.185762
-8.45389
-8.572179
-8.605863
-8.589145
-1.185897
-0.9973685
-0.3163306
0.8896285
2.707974
5.25618
8.69197
13.12281
18.697
25.0331
31.337
35.26888
36.0832
32.11384
25.17586
17.21259
10.09344
4.705875
0.9130252
-1.654846
-3.353148
-4.455737
-5.146075
-5.552642
-5.752341
-5.783371
1.851855
2.063787
2.775014
3.996074
5.770501
8.154138
11.20322
14.9227
19.2547
23.75828
27.79083
30.24056
30.54916
28.06369
23.55723
18.12033
12.78636
8.22601
4.636094
1.957225
0.01488494
-1.355658
-2.285812
-2.87454
-3.187143
-3.254876
4.35299
4.572841
5.258652
6.40407
8.017122
10.10737
12.66816
15.64686
18.88572
22.05163
24.66531
26.18157
26.24772
24.58687
21.53808
17.72172
13.75523
10.10049
6.99669
4.504357
2.576367
1.136161
0.1079991
-0.5730478
-0.9515993
-1.046694
6.385866
6.597073
7.219363
8.236759
9.634921
11.39404
13.47307
15.79041
18.18094
20.39941
22.12697
23.06478
23.0054
21.8198
19.67157
16.91621
13.93618
11.04766
8.457953
6.262958
4.481011
3.091779
2.062122
1.356528
0.950213
0.8359494
8.035257
8.220928
8.754284
9.616666
10.78296
12.21849
13.86764
15.64155
17.39808
18.95837
20.11512
20.69087
20.56209
19.66556
18.08838
16.03915
13.76151
11.47376
9.3396
7.457791
5.874157
4.599152
3.627055
2.944029
2.539673
2.414899
9.380679
9.527406
9.957823
10.65526
11.59276
12.73134
14.0133
15.3551
16.64234
17.74452
18.52332
18.8668
18.69865
17.986
16.78098
15.21066
13.43397
11.60462
9.848885
8.255598
6.878997
5.744753
4.862673
4.232565
3.852519
3.727344
10.48396
10.58524
10.91118
11.4481
12.17236
13.04774
14.02165
15.02162
15.95803
16.73434
17.25473
17.4437
17.25211
16.66167
15.70588
14.46683
13.05134
11.56965
10.1195
8.776983
7.595662
6.607429
5.82975
5.26962
4.929007
4.813572
11.3864
11.44386
11.67538
12.06918
12.60636
13.25666
13.97583
14.70492
15.37419
15.91107
16.24667
16.3273
16.11914
15.6115
14.82704
13.82125
12.66922
11.45181
10.24533
9.113985
8.106849
7.256981
6.584765
6.100001
5.805816
5.707101
12.11248
12.13392
12.28898
12.56671
12.95178
13.41983
13.93548
14.45227
14.91662
15.27353
15.47182
15.47178
15.24902
14.79656
14.13082
13.29094
12.33161
11.31406
10.29858
9.338925
8.478715
7.749823
7.173269
6.759643
6.511316
6.430627
12.67585
12.67165
12.77123
12.96376
13.23609
13.56799
13.9311
14.289
14.60042
14.8234
14.91925
14.85771
14.62074
14.20343
13.61826
12.89441
12.07311
11.20205
10.32981
9.501521
8.755842
8.123051
7.624886
7.272913
7.064063
6.995184
13.08497
13.06468
13.12813
13.26489
13.46268
13.70351
13.96352
14.21285
14.41872
14.54833
14.57169
14.46534
14.21529
13.81836
13.28453
12.63677
11.90782
11.13614
10.36204
9.62423
8.957784
8.391877
7.950464
7.651465
7.484997
7.342557
13.34833
13.31572
13.35881
13.46471
13.62132
13.81131
14.01312
14.19985
14.34382
14.41769
14.39676
14.26186
14.00164
13.61398
13.10773
12.50241
11.82572
11.11068
10.39256
9.70586
9.083886
8.55459
8.142619
7.871201
7.650491
6.785131
13.48544
13.42647
13.4581
13.55459
13.69877
13.87255
14.05445
14.21941
14.3413
14.39463
14.35678
14.21013
13.94439
13.5579
13.05915
12.4664
11.80561
11.1078
10.4064
9.734755
9.12466
8.603314
8.189571
7.838412
6.791289
0
