0.0000000 0.0000000
0.0000000 0.0000000
0.0000000 0.0000000
0.0000000 0.0000000
0.0000000 0.0000000
0.0000000 0.0000000
0.0000000 0.0000000
0.0000000 0.0000000
0.0000000 0.0000000
0.0000000 0.0000000
0.0000000 0.0000000
0.0000000 0.0000000
0.0000000 0.0000000
0.0000000 0.0000000
0.0000000 0.0000000
0.0000000 0.0000000
0.0000000 0.0000000
0.0000000 0.0000000
0.0000000 0.0000000
0.0000000 0.0000000
0.0000000 0.0000000
0.0000000 0.0000000
0.0000000 0.0000000
0.0000000 0.0000000
0.0000000 0.0000000
0.0000000 0.0000000
0.0000000 0.0000000
-1.2529163 0.6569626
-1.0496067 1.6854634
-0.8436280 2.5838292
-0.9172328 3.5007467
-0.9855851 4.4421482
-1.0564280 5.4376907
-1.1721784 6.5066376
-1.4148709 7.6972494
-2.0110514 9.1174707
-3.4154878 11.1668024
-7.6781678 13.7865486
8.1060877 16.4707413
12.7229385 -8.2186852
-8.3778591 -8.6249285
-2.7613902 -7.7123003
-1.4507798 -5.5317273
-0.9747035 -4.5151868
-0.7270633 -3.7497287
-0.6053628 -3.0972364
-0.5435326 -2.5123637
-0.5071606 -1.9665480
-0.4794217 -1.4532394
-0.4921003 -0.9539936
-0.6075128 -0.3896576
0.0000000 0.0000000
0.0000000 0.0000000
-2.4560266 0.7151387
-1.8952001 1.6746862
-1.7786521 2.5225730
-1.8532491 3.4662361
-1.9490532 4.4122429
-2.0680277 5.3903704
-2.2442958 6.3877683
-2.5927517 7.3752856
-3.3953872 8.2885313
-5.2038221 8.4870443
2.2893302 7.8462820
16.3315353 9.7279673
29.8111935 -7.6358881
10.4087658 -5.0302868
-4.0380368 -5.3051672
-2.3951750 -4.7277894
-1.6693649 -4.1146750
-1.3629444 -3.5426719
-1.1961011 -2.9796519
-1.0998824 -2.4371204
-1.0405289 -1.9166433
-0.9913166 -1.4061837
-0.9880038 -0.9358107
-1.2461628 -0.4008847
0.0000000 0.0000000
0.0000000 0.0000000
-3.4924848 0.7344068
-2.6726620 1.5900202
-2.7051487 2.4513021
-2.7864151 3.3714228
-2.9019692 4.3463535
-3.0279109 5.3367562
-3.1689801 6.2862563
-3.3935483 7.0847855
-3.8062804 7.4537859
-5.0292258 7.3423758
-7.2588511 4.7374411
20.5151920 6.6120524
35.4928589 -3.3506446
-4.9720683 -1.8344110
-4.0856328 -4.4939332
-2.9340787 -4.4244018
-2.1332359 -3.8404865
-1.8558600 -3.3672793
-1.7227310 -2.8777161
-1.6237404 -2.3661530
-1.5478582 -1.8688473
-1.4916056 -1.3692609
-1.4552770 -0.9127060
-1.7928718 -0.4150150
0.0000000 0.0000000
0.0000000 0.0000000
-4.3269157 0.7232893
-3.4837120 1.4822242
-3.5867457 2.3397055
-3.7261491 3.2470434
-3.8920913 4.2379537
-4.0343494 5.3063536
-4.0356836 6.3926725
-4.0233579 7.2841229
-3.9605176 7.7728500
-3.5048923 6.9243312
3.5295143 -3.5679507
13.7237959 3.0782158
37.4324303 -9.2072601
0.5325734 -1.1250726
-2.3126786 -4.2314725
-3.1442580 -4.5132089
-2.6800356 -3.9103107
-2.3072970 -3.3309910
-2.2294509 -2.8264554
-2.1355886 -2.3141398
-2.0433869 -1.8216964
-1.9732214 -1.3370348
-1.9178439 -0.8852735
-2.2595823 -0.4146278
0.0000000 0.0000000
0.0000000 0.0000000
-4.9435172 0.6879675
-4.2966352 1.3508742
-4.4391136 2.1549726
-4.6751461 3.0466592
-4.9364581 4.0814819
-5.1749549 5.2614651
-5.2597141 6.7209053
-5.2367940 8.0824499
-3.4096413 7.7732849
-0.0418485 5.0391426
9.1817951 -3.0699341
13.9755735 1.0967964
39.4277763 0.7595782
3.5295653 -2.2184350
-0.5381940 -4.1185226
-3.2434731 -4.7284899
-3.5139997 -4.1588416
-2.8561821 -3.4031298
-2.7871895 -2.8019605
-2.6552219 -2.2659962
-2.5328813 -1.7643051
-2.4355896 -1.2902119
-2.3735611 -0.8435549
-2.6489277 -0.4005114
0.0000000 0.0000000
0.0000000 0.0000000
-5.3495932 0.6280369
-5.0290532 1.1871926
-5.2462530 1.8903705
-5.6269903 2.7060883
-6.0758271 3.7226155
-6.5468912 5.1015553
-7.4400625 6.9571381
-5.3484650 7.2013621
-1.4217024 6.0268421
4.0632639 2.9937689
12.3760624 -2.7399125
15.5858355 -0.1155979
38.1045189 -6.2861490
5.6066756 -2.6390405
1.2025127 -3.9474161
-2.9120021 -4.6596403
-4.3655896 -4.2111259
-3.5782135 -3.4037812
-3.3926618 -2.7596624
-3.1924067 -2.1897209
-3.0162213 -1.6750628
-2.8783274 -1.2106317
-2.8052971 -0.7793196
-2.9626551 -0.3721510
0.0000000 0.0000000
0.0000000 0.0000000
-5.5679832 0.5374613
-5.6123037 0.9864135
-5.9427996 1.5607320
-6.5005751 2.2621739
-7.2584505 3.1344373
-8.3920555 4.3828897
-8.1602535 5.6073589
-4.2467694 4.8375678
1.3012502 2.8805366
6.3343921 0.7044647
14.5160198 -3.2641473
19.2924309 -2.4268756
32.2329941 -2.8979874
8.4695263 -2.4923267
2.2969549 -4.0581765
-2.7128808 -4.6921506
-5.1103549 -4.2208238
-4.4415717 -3.3445780
-4.0577588 -2.6543331
-3.7405958 -2.0480464
-3.4845936 -1.5281086
-3.2932429 -1.0832551
-3.1914263 -0.6855604
-3.2031226 -0.3275375
0.0000000 0.0000000
0.0000000 0.0000000
-5.6484675 0.4112344
-6.0159745 0.7195864
-6.4720473 1.1274679
-7.1952839 1.6634666
-8.3048897 2.2957101
-9.9469271 2.7827351
-7.1027098 3.1781828
-2.4345720 2.9965067
3.1005116 0.8906837
7.9527788 -0.9519415
15.7409897 -4.1855602
26.5876217 -5.9424100
35.7140236 -9.5870333
10.8380699 -3.0984886
3.2679303 -4.0502877
-2.5488718 -4.6700540
-5.9976559 -3.8148563
-5.4522233 -3.1688154
-4.7496128 -2.4236538
-4.2714791 -1.7931035
-3.9167547 -1.2962940
-3.6618111 -0.8970412
-3.5123787 -0.5573159
-3.3784373 -0.2649065
0.0000000 0.0000000
0.0000000 0.0000000
-5.6292639 0.2443562
-6.2302475 0.3795691
-6.7713251 0.5528316
-7.5868783 0.8312705
-8.9986420 1.1761221
-10.6736946 0.8858939
-6.5589738 0.5029564
-1.0778581 1.2991298
4.0934539 -0.0132815
9.0795851 -1.8938475
16.1522160 -4.1515985
34.5631447 -6.3427749
21.8111229 -2.6945732
10.8434639 -3.4831407
4.0331569 -3.4372065
-2.0770261 -3.9174020
-6.6530652 -2.6560304
-6.5083895 -2.6312551
-5.4203777 -1.9647075
-4.7543173 -1.3805052
-4.2825608 -0.9602534
-3.9570556 -0.6466463
-3.7518635 -0.3939443
-3.4940073 -0.1852045
0.0000000 0.0000000
0.0000000 0.0000000
-5.5862517 0.0632956
-6.2486744 -0.0226473
-6.8059821 -0.1182811
-7.6348772 -0.2121214
-9.1190386 -0.4038928
-10.6594276 -0.9488940
-6.1471295 -1.6909913
-1.4316555 -1.2073767
5.7131710 -1.4124980
9.5594387 -1.9551489
18.1282558 -3.9789891
35.0609436 -8.1228037
20.2868214 -3.6351337
10.7792425 -3.0256259
3.8701882 -2.7428353
-1.8880845 -2.2784050
-7.1495895 -1.4233558
-7.4619608 -1.5629064
-5.9370155 -1.1872281
-5.0997334 -0.7900099
-4.5337596 -0.5268964
-4.1504149 -0.3445339
-3.8978727 -0.2046313
-3.5599227 -0.0902824
0.0000000 0.0000000
0.0000000 0.0000000
-5.4652386 -0.1265114
-6.0519347 -0.4127296
-6.5482383 -0.7533748
-7.2761788 -1.1646602
-8.6211891 -1.8399529
-9.8791561 -3.1408174
-6.5394344 -4.1743646
-0.4851715 -1.9288383
5.6729269 -2.2699611
11.2202835 -2.5499623
19.8253365 -5.1841931
34.2192650 -6.1329865
17.6219387 -3.4121220
9.9422846 -1.8466929
3.9730911 -1.6622828
-1.7178364 -0.5370310
-8.0220890 0.3768220
-7.8241735 -0.1064813
-6.1675644 -0.1709618
-5.2545667 -0.0858762
-4.6379223 -0.0374758
-4.2248921 -0.0150383
-3.9516711 -0.0013788
-3.5927126 0.0077617
0.0000000 0.0000000
0.0000000 0.0000000
-5.1637421 -0.2919509
-5.6597285 -0.7421405
-6.0485992 -1.2801824
-6.5948563 -1.9646410
-7.5468907 -2.9567614
-8.4940300 -4.5617251
-6.0438275 -5.6488428
0.5727562 -5.6256499
5.7175264 -4.8220015
13.3005867 -4.7306271
22.6168575 -5.6494989
31.5079098 -5.4671211
15.2168999 -2.3112886
9.2225876 -0.6559620
2.9366069 0.0395269
-2.6996014 1.4380019
-7.7755184 2.4662213
-7.4745712 1.4660860
-6.0453691 0.9236051
-5.1562204 0.6408371
-4.5629292 0.4529779
-4.1638837 0.3118577
-3.8970635 0.1996518
-3.5382347 0.1022504
0.0000000 0.0000000
0.0000000 0.0000000
-4.7208948 -0.4203235
-5.1176977 -0.9884289
-5.3730516 -1.6569378
-5.7081022 -2.4789932
-6.1750331 -3.6277044
-6.8346224 -5.4621053
-5.2533588 -7.0778432
-1.2061785 -8.0102148
5.5557446 -7.8534160
12.5362110 -6.3442149
22.7003670 -6.5474019
29.3373413 -4.8101401
13.2951136 -0.3858637
7.5359192 0.7046779
1.7756393 2.0498130
-3.6060905 3.7911956
-7.7083030 4.6249900
-6.6013298 2.6954947
-5.5556889 1.8095680
-4.8192596 1.2650547
-4.3149900 0.8865574
-3.9707434 0.6043617
-3.7348793 0.3806259
-3.3903298 0.1857768
0.0000000 0.0000000
0.0000000 0.0000000
-4.1846337 -0.5047910
-4.4840856 -1.1380148
-4.6051269 -1.8680192
-4.7262640 -2.7477541
-4.8413100 -3.9065013
-4.9861498 -5.4972076
-4.1879654 -7.5806732
-0.6725481 -7.8635221
3.8454165 -7.8167233
11.4967842 -7.1519070
23.7667141 -5.1109366
23.6522636 -2.5047412
12.3603830 2.0785050
4.8669529 2.8599093
-0.0464342 4.3118539
-4.7640119 6.3679938
-6.3697972 4.9524922
-5.4232535 3.3716233
-4.7974415 2.3912745
-4.3011560 1.7135041
-3.9318795 1.2192935
-3.6695824 0.8373528
-3.4810128 0.5266882
-3.1619527 0.2522826
0.0000000 0.0000000
0.0000000 0.0000000
-3.6031899 -0.5457781
-3.8156211 -1.1947654
-3.8222485 -1.9230238
-3.7768927 -2.7705576
-3.6557872 -3.8209345
-3.4438739 -5.1076522
-2.9477456 -6.7474003
-0.7515215 -8.4060097
3.9157908 -8.4349613
9.8790865 -6.2590542
18.3356800 -2.7939978
17.6358986 1.0356351
12.3946171 4.8158765
3.9207833 6.8658442
-1.5150075 8.4897346
-3.9211571 7.4935851
-4.0933247 5.1477361
-4.1039486 3.6980803
-3.9123726 2.6990590
-3.6748335 1.9789077
-3.4611845 1.4341563
-3.2929261 0.9973826
-3.1592705 0.6300818
-2.8724573 0.2986453
0.0000000 0.0000000
0.0000000 0.0000000
-3.0192564 -0.5479291
-3.1615055 -1.1714088
-3.0842264 -1.8480253
-2.9210804 -2.5986223
-2.6430771 -3.4599502
-2.2131469 -4.3988771
-1.4187331 -5.5244389
0.0188635 -6.7038794
3.1502852 -7.2815900
7.4677310 -6.1716099
11.2325621 -0.2988482
12.1585865 4.0655007
8.9916229 8.0888329
2.8761377 9.9548779
-0.7068448 8.5625010
-1.8622730 6.3561907
-2.5890613 4.8510385
-2.9150314 3.6915460
-3.0306575 2.7890959
-3.0178766 2.0901184
-2.9503324 1.5401269
-2.8740249 1.0854442
-2.7949586 0.6902425
-2.5434146 0.3248909
0.0000000 0.0000000
0.0000000 0.0000000
-2.4657798 -0.5192866
-2.5557597 -1.0877550
-2.4249811 -1.6821579
-2.1888938 -2.3096235
-1.8156118 -2.9713860
-1.2609183 -3.6482370
-0.3580746 -4.2783971
1.1088570 -4.8128352
2.7998540 -4.6298728
5.1431937 -4.0707531
7.1086984 -0.6836562
7.3209362 2.7762053
5.4905667 5.2638431
2.7742143 6.3391676
0.5757104 6.0115080
-0.7649771 5.1788621
-1.5673217 4.2554898
-2.0201330 3.4190216
-2.2750258 2.6932147
-2.4010851 2.0750601
-2.4435227 1.5581685
-2.4430614 1.1124822
-2.4110358 0.7122996
-2.1949773 0.3339286
0.0000000 0.0000000
0.0000000 0.0000000
-1.9644192 -0.4702337
-2.0183005 -0.9686167
-1.8620528 -1.4712869
-1.5965806 -1.9752654
-1.1959163 -2.4662135
-0.6149641 -2.9197574
0.1967859 -3.2616324
1.3029524 -3.4034269
2.4854875 -3.0639794
3.7798128 -2.1435874
4.6707468 -0.2496264
4.7424693 1.6214770
3.8026438 3.1005831
2.3901796 4.0877862
0.9549274 4.3273530
-0.1601579 4.0663190
-0.9140500 3.5747838
-1.3825496 3.0228150
-1.6809094 2.4788241
-1.8681788 1.9712921
-1.9736931 1.5109451
-2.0244997 1.0938560
-2.0271351 0.7055576
-1.8436204 0.3302232
0.0000000 0.0000000
0.0000000 0.0000000
-1.5260217 -0.4114913
-1.5571400 -0.8368206
-1.3983040 -1.2515391
-1.1382020 -1.6461229
-0.7598451 -2.0021992
-0.2350870 -2.2858791
0.4170505 -2.4433608
1.2043828 -2.3934841
1.9837641 -2.0326643
2.7600832 -1.2452081
3.2420194 -0.0016588
3.2568109 1.1725134
2.7149603 2.1624415
1.8715256 2.8851690
0.9486544 3.2103672
0.1265011 3.1935642
-0.5076825 2.9559884
-0.9373313 2.6101360
-1.2282845 2.2184758
-1.4293100 1.8166151
-1.5583966 1.4234720
-1.6343993 1.0460732
-1.6571363 0.6803709
-1.5019116 0.3187945
0.0000000 0.0000000
0.0000000 0.0000000
-1.1528527 -0.3520085
-1.1704319 -0.7096040
-1.0251592 -1.0473602
-0.7932193 -1.3524604
-0.4667061 -1.6052711
-0.0379089 -1.7736685
0.4534677 -1.8228016
1.0011743 -1.6966209
1.5244601 -1.3489505
1.9916757 -0.7364922
2.2723727 0.1162290
2.2634180 0.9131492
1.9395555 1.6182942
1.4134809 2.1611018
0.8064888 2.4696200
0.2235946 2.5493224
-0.2686790 2.4515951
-0.6297905 2.2409735
-0.8868787 1.9627165
-1.0730780 1.6487218
-1.2009900 1.3193092
-1.2803739 0.9848136
-1.3088880 0.6469891
-1.1777626 0.3043939
0.0000000 0.0000000
0.0000000 0.0000000
-0.8405871 -0.2980402
-0.8499831 -0.5977749
-0.7278789 -0.8729566
-0.5369470 -1.1089858
-0.2759834 -1.2872567
0.0475072 -1.3824681
0.4022520 -1.3706094
0.7760188 -1.2206140
1.1217036 -0.9126419
1.4107313 -0.4347668
1.5776128 0.1732148
1.5640653 0.7534631
1.3631378 1.2813982
1.0288997 1.7036234
0.6287208 1.9756825
0.2247228 2.0896797
-0.1369532 2.0656624
-0.4179520 1.9390719
-0.6275741 1.7401503
-0.7839832 1.4936551
-0.8945143 1.2176404
-0.9637401 0.9236073
-0.9858643 0.6151616
-0.8707289 0.2932217
0.0000000 0.0000000
0.0000000 0.0000000
-0.5802777 -0.2535462
-0.5839202 -0.5077236
-0.4897007 -0.7350871
-0.3454286 -0.9209114
-0.1538577 -1.0478493
0.0727723 -1.0975419
0.3149724 -1.0543566
0.5605964 -0.9017478
0.7809930 -0.6348168
0.9584863 -0.2528622
1.0557781 0.2050462
1.0432701 0.6530920
0.9179085 1.0680557
0.7068347 1.4099512
0.4483585 1.6476598
0.1798695 1.7702669
-0.0698151 1.7837496
-0.2718770 1.7081033
-0.4268722 1.5625327
-0.5454313 1.3651778
-0.6300904 1.1315027
-0.6817328 0.8728552
-0.6887462 0.5948214
-0.5785868 0.2940394
0.0000000 0.0000000
0.0000000 0.0000000
-0.3605033 -0.2209482
-0.3587070 -0.4416522
-0.2939641 -0.6337522
-0.1980572 -0.7832162
-0.0742722 -0.8739051
0.0665991 -0.8944909
0.2152157 -0.8369852
0.3622999 -0.6905801
0.4906892 -0.4574381
0.5900401 -0.1429349
0.6420499 0.2213237
0.6308882 0.5859218
0.5558853 0.9274450
0.4307101 1.2146887
0.2756168 1.4236603
0.1126693 1.5426780
-0.0403019 1.5718566
-0.1675443 1.5278565
-0.2669830 1.4203242
-0.3432227 1.2604538
-0.3975126 1.0614042
-0.4272566 0.8362794
-0.4090178 0.6020168
-0.2520003 0.3790603
0.0000000 0.0000000
0.0000000 0.0000000
-0.1691311 -0.1959245
-0.1584124 -0.3771060
-0.1251510 -0.5288982
-0.0792402 -0.6362583
-0.0215212 -0.6871358
0.0437672 -0.6886799
0.1117102 -0.6321464
0.1772132 -0.5059664
0.2330730 -0.3140896
0.2734494 -0.0687320
0.2923066 0.2089445
0.2829389 0.4937259
0.2449487 0.7638048
0.1850361 0.9926566
0.1128547 1.1601493
0.0378967 1.2560288
-0.0313284 1.2819706
-0.0886874 1.2667021
-0.1341060 1.2017468
-0.1672233 1.0871592
-0.1885986 0.9316740
-0.1924609 0.7525153
-0.1258682 0.6136231
0.0833431 0.5588309
0.0000000 0.0000000
0.0000000 0.0000000
0.0000000 0.0000000
0.0000000 0.0000000
0.0000000 0.0000000
0.0000000 0.0000000
0.0000000 0.0000000
0.0000000 0.0000000
0.0000000 0.0000000
0.0000000 0.0000000
0.0000000 0.0000000
0.0000000 0.0000000
0.0000000 0.0000000
0.0000000 0.0000000
0.0000000 0.0000000
0.0000000 0.0000000
0.0000000 0.0000000
0.0000000 0.0000000
0.0000000 0.0000000
0.0000000 0.0000000
0.0000000 0.0000000
0.0000000 0.0000000
0.0000000 0.0000000
0.0000000 0.0000000
0.0000000 0.0000000
0.0000000 0.0000000
0.0000000 0.0000000
0.0000000 0.0000000
-0.1407195 0.1247644
0.0000000 0.0000000
-0.6112661 0.1329832
-0.4435476 0.7505240
-0.4539507 1.4625200
0.0000000 0.0000000
-1.1820874 1.2195431
-0.3602768 2.1568491
-0.3261077 2.7369466
0.0000000 0.0000000
-0.8982646 2.1673822
-0.3096893 3.2575929
-0.3196237 3.7965243
0.0000000 0.0000000
-0.8819527 3.0626135
-0.3364128 4.3539462
-0.3466274 4.9144340
0.0000000 0.0000000
-0.9545808 3.9820573
-0.3526575 5.5157251
-0.3657962 6.1157799
0.0000000 0.0000000
-1.0168333 4.9446430
-0.3776165 6.7632909
-0.4059882 7.4058347
0.0000000 0.0000000
-1.0973846 5.9642148
-0.4246242 8.1469879
-0.4863513 8.8601942
0.0000000 0.0000000
-1.2426498 7.0629869
-0.5285033 9.8038120
-0.6699346 10.6621761
0.0000000 0.0000000
-1.5668851 8.3322191
-0.8086878 12.0764980
-1.0983337 13.3519125
0.0000000 0.0000000
-2.3773696 10.1703758
-1.5960451 15.5999403
-1.8076805 18.3163967
0.0000000 0.0000000
-4.4300332 14.3706198
-1.5716461 21.3328266
-2.5032783 24.4747353
0.0000000 0.0000000
2.9676011 13.1180744
4.5943651 18.6430798
11.2527285 6.2714176
0.0000000 0.0000000
11.5530977 11.4536266
11.0845146 -7.1263151
-2.0412843 -10.8828211
0.0000000 0.0000000
8.0035868 -4.3581262
0.7724950 -12.9856014
0.6427663 -13.1589832
0.0000000 0.0000000
-9.9142809 -9.4365816
0.1692539 -9.2957296
-0.3207638 -7.5840430
0.0000000 0.0000000
-1.9706149 -6.5930285
-0.5000287 -7.0491805
-0.3987180 -6.1230049
0.0000000 0.0000000
-1.1953200 -5.0474434
-0.3484788 -5.5592089
-0.3016135 -5.0083275
0.0000000 0.0000000
-0.8359748 -4.1532269
-0.2660271 -4.5338006
-0.2489912 -4.1089053
0.0000000 0.0000000
-0.6574947 -3.4422836
-0.2305855 -3.7089918
-0.2214163 -3.3400555
0.0000000 0.0000000
-0.5709887 -2.8182898
-0.2099690 -2.9849410
-0.2037113 -2.6466832
0.0000000 0.0000000
-0.5239304 -2.2477453
-0.1959826 -2.3200414
-0.1900299 -2.0004492
0.0000000 0.0000000
-0.4922823 -1.7118987
-0.1837037 -1.6972989
-0.1785232 -1.3899945
0.0000000 0.0000000
-0.4768232 -1.2067817
-0.1843491 -1.0959793
-0.1878325 -0.7731090
0.0000000 0.0000000
-0.5423019 -0.6830515
-0.2106621 -0.4363271
-0.1754395 -0.1022689
0.0000000 0.0000000
-0.3659071 -0.1135685
0.0000000 0.0000000
0.0000000 0.0000000
-0.8987510 0.2226440
-1.3845029 0.2251773
-1.8129803 0.7218011
-1.7312841 1.3083836
-2.1679645 1.2412003
-1.4335405 1.8018657
-1.2955359 2.2311962
-1.7966551 2.0638137
-1.2930514 2.6537514
-1.3260956 3.1515212
-1.8268607 2.9910653
-1.3736444 3.6160057
-1.4026968 4.1008968
-1.9098339 3.9206722
-1.4416623 4.5837002
-1.4869808 5.0791240
-2.0101540 4.8750744
-1.5389802 5.5978928
-1.6229388 6.0981932
-2.1391358 5.8480344
-1.7054524 6.6793952
-1.8814665 7.1647630
-2.3641398 6.7953053
-2.0548024 7.8660593
-2.4708271 8.3045835
-2.8749754 7.5968566
-2.8805175 9.2930117
-4.0078254 9.5344639
-4.1073341 7.8459482
-5.3898764 11.0001078
-8.4620714 12.0499792
-8.8564768 8.2158794
-1.3164769 8.8631067
7.0305896 11.3001347
11.7718916 11.2376900
11.3250008 9.4213982
18.9651737 6.9879723
21.1384373 6.3567080
28.8318558 -2.9089985
13.8150797 -2.6872416
23.5229988 -3.8016262
3.7727270 -7.9395456
-8.6317482 -7.0888300
-6.9192100 -5.8944020
-2.9186444 -6.0993514
-2.3474312 -5.9728413
-3.1436577 -5.3836555
-1.7989380 -5.2200513
-1.5153676 -4.7704420
-1.9729314 -4.5294547
-1.3034233 -4.3723640
-1.1632758 -4.0324683
-1.4901724 -3.8810983
-1.0470567 -3.6806371
-0.9829689 -3.3924663
-1.2698119 -3.2959998
-0.9146019 -3.0690727
-0.8791228 -2.7960596
-1.1429942 -2.7269559
-0.8387095 -2.5020661
-0.8141058 -2.2369897
-1.0666820 -2.1838267
-0.7884976 -1.9640738
-0.7671226 -1.7042611
-1.0150948 -1.6602219
-0.7447283 -1.4484210
-0.7272140 -1.1891471
-0.9748033 -1.1575307
-0.7436320 -0.9499454
-0.8117242 -0.6742025
-1.0819063 -0.6706427
-0.9204993 -0.3884178
-0.5785121 -0.1247640
-0.8021983 -0.1354155
0.0000000 0.0000000
0.0000000 0.0000000
-1.7826772 0.2590847
-2.2813234 0.2797314
-2.9495468 0.7320604
-2.6019804 1.2357144
-2.9706597 1.2004333
-2.2718458 1.6439242
-2.1901209 2.0427251
-2.6764052 1.9837812
-2.2273545 2.4859221
-2.2557938 2.9761336
-2.7581139 2.8904881
-2.3172553 3.4180036
-2.3463531 3.9085021
-2.8725317 3.8263543
-2.4195998 4.3773770
-2.4626122 4.8722258
-3.0029650 4.7899399
-2.5408547 5.3586025
-2.6091299 5.8391886
-3.1243443 5.7511153
-2.6967988 6.3396688
-2.8401148 6.7421846
-3.2747295 6.6215959
-2.9692786 7.2547917
-3.2810421 7.4746504
-3.5046084 7.2593727
-3.4871469 7.8669162
-3.9954727 7.8018770
-4.0273428 7.4771700
-3.9189970 8.0427876
-8.0304613 7.4735379
-6.0251613 7.0379620
-8.9091301 7.3968091
4.9657030 7.4556046
10.0404177 3.5370255
18.1327267 9.6649132
23.8844090 7.2744918
29.4481945 4.1921415
35.4673386 -3.4734633
29.2341995 -1.9958841
34.7693787 1.1512980
-9.0923843 -0.6003034
-5.6501718 -5.0247817
-4.4967318 -3.5460486
-4.0425334 -4.6699123
-3.4164598 -4.8753471
-3.5570765 -4.5035415
-2.5860918 -4.4162064
-2.2688315 -4.2872772
-2.5164843 -4.1974783
-1.9023168 -3.9294097
-1.7629089 -3.7398353
-1.9560405 -3.6596184
-1.6301658 -3.4371541
-1.5626696 -3.2203588
-1.7816247 -3.1612678
-1.4797016 -2.9218442
-1.4322277 -2.6828387
-1.6677846 -2.6383295
-1.3786564 -2.4008937
-1.3414358 -2.1530321
-1.5806953 -2.1160512
-1.3066365 -1.8939693
-1.2765875 -1.6393917
-1.5157251 -1.6105912
-1.2511054 -1.3896097
-1.2246505 -1.1374449
-1.4641780 -1.1149633
-1.2239798 -0.9236372
-1.3068279 -0.6641654
-1.5469499 -0.6561877
-1.5084157 -0.4081724
-1.0392511 -0.1481598
-1.2871220 -0.1554392
0.0000000 0.0000000
0.0000000 0.0000000
-2.7365737 0.2970566
-3.2487271 0.3045698
-3.8931231 0.7322238
-3.3277481 1.1682616
-3.6751406 1.1214147
-3.0720150 1.5348082
-3.0888145 1.9547040
-3.5402992 1.9009733
-3.1375022 2.3921635
-3.1795373 2.8510003
-3.6664987 2.7674835
-3.2635074 3.2908256
-3.2914846 3.8149443
-3.8493853 3.7052014
-3.4073465 4.2605968
-3.4178123 4.8117142
-4.0372891 4.7153153
-3.5326278 5.2723227
-3.5365798 5.8092804
-4.1533451 5.7497525
-3.6183074 6.2408724
-3.5974059 6.7449265
-4.1565499 6.7228303
-3.6285901 7.0699759
-3.7018218 7.3021894
-3.9333251 7.4303074
-3.7067432 7.5278645
-4.2059569 7.3251386
-4.0098467 7.2353506
-4.7624946 7.1566525
-5.6018653 6.1704988
-4.2782445 5.8936596
-0.1633001 -3.7247012
6.3232040 0.5120385
6.2249875 -0.0823153
14.4810286 4.1539135
26.2253304 3.7558386
30.6539345 -1.9100952
38.2884521 -8.0374565
37.4478378 -0.2189221
22.7200699 3.0239282
-3.6889257 -1.1749065
-3.0330052 -2.5933642
-1.1841624 -1.4676213
-3.5476501 -4.4758000
-3.5011878 -4.1941333
-2.8867829 -4.3446212
-3.1664534 -4.3915167
-2.9152639 -4.1904707
-3.0154386 -4.3189859
-2.4722733 -3.8111782
-2.2727349 -3.6146481
-2.4327264 -3.6164551
-2.1299565 -3.3228459
-2.0719693 -3.1173804
-2.2529349 -3.0783532
-2.0089946 -2.8437769
-1.9544512 -2.6059399
-2.1722939 -2.5648062
-1.9027236 -2.3384190
-1.8516546 -2.0854897
-2.0832829 -2.0441635
-1.8102895 -1.8467168
-1.7682147 -1.5854613
-2.0006578 -1.5520023
-1.7417763 -1.3543683
-1.7072623 -1.0982132
-1.9398266 -1.0739481
-1.6898961 -0.9005693
-1.7546481 -0.6462384
-1.9790893 -0.6317488
-2.0153277 -0.4164303
-1.5472471 -0.1603914
-1.8062407 -0.1620401
0.0000000 0.0000000
0.0000000 0.0000000
-3.7158809 0.3050869
-4.2099833 0.2980143
-4.6242557 0.7079976
-4.0045533 1.0701094
-4.3492813 1.0040706
-3.8866518 1.4158442
-3.9371328 1.8473600
-4.3575463 1.7613990
-4.0088291 2.2479372
-4.0829148 2.7017708
-4.5623002 2.5927660
-4.2029505 3.1368103
-4.2926950 3.6534340
-4.8378701 3.5370357
-4.4326248 4.1225662
-4.4590683 4.7479243
-5.1458755 4.6222873
-4.6184573 5.2120099
-4.5011282 5.9319768
-5.4146285 5.8575702
-4.6692562 6.3735423
-4.4854727 7.1516562
-5.3946996 7.4263172
-4.3719206 7.6648736
-4.2551756 8.0212040
-4.3011341 8.3447399
-3.6234236 8.0849457
-2.7098801 7.5776772
-1.8333642 6.7430792
-1.0051762 6.1710548
-0.1891581 5.8623219
0.4023563 4.6660829
7.5400381 -3.2520318
9.7497473 -0.0952871
11.3806753 0.2757937
13.3072643 1.8751787
27.2151394 -1.0502424
31.1956406 -3.0056009
37.5667686 0.3002247
36.5469894 0.6316795
30.6935081 -2.0298209
0.2003713 -3.5504842
-0.3220941 -1.7311342
1.6406802 -1.6716353
-1.8522844 -3.7949135
-2.8495810 -4.4597111
-1.9221740 -4.0270410
-3.3370194 -4.5399461
-3.5299313 -4.5043659
-3.6537027 -4.4717798
-3.1811967 -4.0279145
-2.8834720 -3.7188506
-3.1747289 -3.7654717
-2.6405883 -3.3591766
-2.5700140 -3.0877547
-2.7843156 -3.0686245
-2.5445342 -2.8135598
-2.4737833 -2.5441122
-2.7078063 -2.4915323
-2.4216824 -2.2937903
-2.3526864 -2.0121460
-2.5867844 -1.9595251
-2.3044524 -1.7971863
-2.2461305 -1.5203645
-2.4752793 -1.4752866
-2.2133601 -1.3165140
-2.1710720 -1.0528264
-2.3959863 -1.0199146
-2.1489398 -0.8679417
-2.1801412 -0.6153869
-2.3978167 -0.5940433
-2.4433827 -0.4093426
-2.0700336 -0.1621694
-2.3279250 -0.1602670
0.0000000 0.0000000
0.0000000 0.0000000
-4.6514649 0.2842488
-5.0979009 0.2653452
-5.1413193 0.6601881
-4.6674004 0.9299126
-4.9982433 0.8416229
-4.6652722 1.2704799
-4.7226892 1.6628864
-5.1059113 1.5280263
-4.8455124 2.0262978
-4.9640679 2.4795971
-5.4291105 2.3010552
-5.1507640 2.8802941
-5.2957845 3.4282706
-5.8590269 3.2271712
-5.5203719 3.8956878
-5.6577220 4.5586371
-6.3487930 4.3760018
-5.8938198 5.1050596
-5.8757772 6.1147833
-7.1227894 6.0654883
-6.2177382 6.8393312
-6.1872292 7.8456836
-6.5353484 7.6379361
-5.1001854 8.2716894
-3.9780147 7.6712956
-3.4676692 6.9169049
-2.2220654 6.9162426
0.1487412 5.6347699
1.1767229 4.6230450
2.5652261 3.8375068
2.6538794 3.4690757
3.9198146 2.4779651
11.0703373 -2.7594573
11.6896954 -0.8431256
13.3897400 -1.2188467
13.8438835 -0.1275052
31.4259224 -4.1599479
34.6014137 -5.9368982
36.3107338 -6.2480097
28.5350494 -2.8897414
19.3547554 -1.0883548
5.3304477 -2.1278529
2.9798298 -2.1549044
3.8052971 -2.3437157
0.2911868 -4.0181670
-1.5064389 -4.1388927
-0.9236166 -4.1420574
-3.2111189 -4.6924462
-3.9609156 -4.5621428
-4.0407434 -4.5265541
-4.0260658 -4.2044339
-3.7005887 -3.8437922
-4.0869980 -3.8341434
-3.2751608 -3.4179065
-3.1471479 -3.0862648
-3.4180090 -3.0390158
-3.1321547 -2.7881930
-3.0190732 -2.4587619
-3.2806528 -2.3814454
-2.9500008 -2.2377703
-2.8542726 -1.9134369
-3.0971043 -1.8400028
-2.7904177 -1.7270901
-2.7122924 -1.4310032
-2.9387555 -1.3689864
-2.6654382 -1.2552797
-2.6122882 -0.9877616
-2.8278720 -0.9421146
-2.5920238 -0.8159986
-2.5936518 -0.5711756
-2.8032978 -0.5426431
-2.7956569 -0.3883625
-2.5826597 -0.1576121
-2.8295515 -0.1528651
0.0000000 0.0000000
0.0000000 0.0000000
-5.4830718 0.2406495
-5.8572192 0.2116985
-5.4578490 0.5857287
-5.2942071 0.7422506
-5.5843563 0.6362494
-5.3307781 1.0894173
-5.4314108 1.3733647
-5.7533855 1.1956465
-5.6110854 1.7285972
-5.8015389 2.1033852
-6.2094078 1.8531666
-6.0764713 2.4851565
-6.3006353 3.0193529
-6.8546739 2.6989646
-6.6736245 3.4335222
-6.9265532 4.2059765
-7.7087636 3.8839233
-7.5177312 4.7720904
-8.1081638 6.0092282
-8.9687405 5.6200237
-7.8505335 6.6293736
-6.3925958 6.5281887
-5.7163877 5.3649759
-4.4228067 6.3478265
-2.5787756 5.5754657
-1.5685685 3.8593178
0.3462151 4.2696490
2.9778271 3.0779309
3.7396395 2.0003231
5.2895570 1.7438014
5.4802017 1.4678943
7.1063552 0.5771821
13.7443972 -3.1101871
15.1440945 -1.4327956
15.5089712 -1.6096531
17.2064838 -0.4143634
36.0187302 -5.5563798
34.9302444 -3.7590015
32.8227692 -2.1401649
26.7352791 -3.7280724
15.2353754 -2.4770575
7.8023472 -2.4570508
4.8447437 -2.8004549
5.4514203 -3.2013941
2.1481001 -3.9223583
-0.5354925 -4.2739782
-0.2082478 -4.4494967
-2.7987714 -4.7075582
-4.2793636 -4.5876632
-4.3989792 -4.6337800
-4.8094854 -4.2262239
-4.5888257 -3.9106669
-5.0303617 -3.9739614
-4.0519509 -3.3844762
-3.8284395 -3.0244470
-4.1797996 -2.9111638
-3.7613330 -2.7303002
-3.5958755 -2.3142495
-3.8924758 -2.1997128
-3.4869425 -2.1340172
-3.3564796 -1.7669700
-3.6081710 -1.6643687
-3.2631443 -1.6116120
-3.1618335 -1.3050793
-3.3823636 -1.2214762
-3.0931537 -1.1537464
-3.0256581 -0.8946372
-3.2271442 -0.8339502
-3.0002863 -0.7375495
-2.9877176 -0.5122778
-3.1833932 -0.4761905
-3.0741572 -0.3520885
-3.0663173 -0.1475101
-3.2918367 -0.1396451
0.0000000 0.0000000
0.0000000 0.0000000
-6.1560149 0.1786446
-6.4311824 0.1411529
-5.6102157 0.4779675
-5.8323846 0.5183824
-6.0488343 0.3943399
-5.8321934 0.8599149
-6.0228786 0.9874826
-6.2560577 0.7650807
-6.2394671 1.3560008
-6.5362697 1.5506332
-6.8299174 1.2138157
-6.8919826 1.9785241
-7.2645144 2.3123863
-7.6984038 1.8359283
-7.8084779 2.7383366
-8.3304682 3.4932611
-9.0624828 2.9324651
-9.2181444 3.7104640
-9.6004009 4.8802047
-9.6754322 3.9617162
-7.5190935 4.5308471
-5.3937612 4.0463543
-4.6880336 3.1091197
-3.4770114 3.8805628
-0.3801687 2.7182162
0.9561180 0.9423670
2.2735221 1.7120738
4.4488463 1.0124071
5.4583597 0.0135959
7.1935315 -0.2657852
8.3287277 -0.7355907
9.7311029 -1.6727017
15.1215744 -3.5170867
15.0174437 -3.1290588
17.3625813 -3.8528352
25.3652744 -5.3236160
35.6822510 -9.2141685
38.2127647 -10.2151051
36.8649139 -11.0590343
15.1626835 -2.8947153
14.2844410 -3.1125507
9.5518684 -2.7048147
6.2683835 -3.3091891
7.3473630 -3.2875605
3.2814188 -3.9473543
0.2371033 -4.3860364
0.2876613 -4.1967545
-2.5302947 -4.6380982
-4.5577297 -4.6621585
-4.6829715 -4.5752525
-5.5289354 -4.1062832
-5.6537380 -4.0205994
-6.2686276 -3.9279950
-4.9728761 -3.2919576
-4.6077924 -2.8113122
-5.0307808 -2.6282692
-4.4280086 -2.5756743
-4.1957660 -2.0768044
-4.5142879 -1.9072028
-4.0218601 -1.9417433
-3.8477662 -1.5509167
-4.0934415 -1.4104822
-3.7108078 -1.4246241
-3.5822899 -1.1294467
-3.7855906 -1.0192430
-3.4838886 -0.9980459
-3.4004543 -0.7678694
-3.5787392 -0.6902180
-3.3538692 -0.6267837
-3.3463006 -0.4366724
-3.5189283 -0.3925759
-3.2831070 -0.2987690
-3.5002441 -0.1298900
-3.6945834 -0.1184273
0.0000000 0.0000000
0.0000000 0.0000000
-6.6236968 0.0991516
-6.7638693 0.0547537
-5.6513500 0.3333840
-6.2097807 0.2587866
-6.3171163 0.1282614
-6.1477814 0.5558793
-6.4347258 0.5174259
-6.5411167 0.2713491
-6.6640229 0.8569013
-7.0598245 0.8194104
-7.1805358 0.4360512
-7.4662280 1.2779286
-8.0275755 1.2578632
-8.2267113 0.6921347
-8.7753735 1.7594508
-9.5613995 2.2361209
-9.9637871 1.3548701
-10.3343620 1.8640764
-9.5287619 2.8620372
-9.4984274 1.6731167
-6.6239295 1.9376508
-4.4469409 1.9608212
-4.1573153 1.0688415
-1.6962191 1.8189571
1.4341213 0.5290368
1.3150520 -0.6155239
3.4541304 0.4487256
6.4619503 -0.8279086
7.5420265 -1.6932024
8.5752459 -1.5651988
10.6282215 -2.2279902
11.6011763 -2.7252069
16.3050632 -4.1523490
19.7885170 -4.2425065
21.2706528 -4.4347439
32.7375603 -5.6291404
35.5968361 -4.8415852
32.7642632 -4.6443686
24.3614483 -2.3204803
12.9387083 -3.3129370
12.9294329 -3.6104639
11.4339018 -3.4089489
7.5684209 -3.5977085
7.3663883 -3.6506197
4.0777597 -3.8350327
1.0928103 -3.8476844
0.4988191 -3.5597298
-2.0923169 -4.3472352
-4.7387085 -4.3102245
-4.9460902 -3.9349709
-6.2980003 -3.2566574
-6.8533721 -3.7288079
-7.4003372 -3.3530557
-6.0132093 -3.0083704
-5.4403148 -2.4036474
-5.8890486 -2.0965004
-5.1143317 -2.2412763
-4.7932396 -1.6945066
-5.0902781 -1.4522331
-4.5228910 -1.6085286
-4.3003516 -1.2446225
-4.5215540 -1.0548048
-4.1057653 -1.1416281
-3.9489722 -0.8936804
-4.1208200 -0.7534432
-3.8146005 -0.7803855
-3.7173634 -0.6033402
-3.8599746 -0.5079677
-3.6350727 -0.4810301
-3.6503592 -0.3431128
-3.7848456 -0.2902953
-3.4314563 -0.2274807
-3.8607788 -0.1033745
-4.0120273 -0.0889293
0.0000000 0.0000000
0.0000000 0.0000000
-6.8380461 0.0021642
-6.8260531 -0.0390843
-5.6369772 0.1534490
-6.3705544 -0.0062706
-6.3386736 -0.1400148
-6.2779570 0.1848703
-6.6032939 0.0101980
-6.5609641 -0.2352666
-6.8443127 0.2202444
-7.2637382 0.0233977
-7.2049747 -0.3649152
-7.6947665 0.3162083
-8.3675985 0.0465224
-8.2710247 -0.5416117
-9.2202778 0.4238591
-10.1833668 0.3256183
-10.0811157 -0.6180504
-10.7566385 0.0431849
-9.2977438 0.5443947
-9.3344631 -0.6327301
-6.0339522 -0.5320190
-3.3371346 0.1315733
-3.7391531 -1.3512636
-0.3296068 0.7228100
2.5006020 -0.6395519
1.7712359 -1.5975457
5.1197634 -0.8811580
8.2465420 -2.2314274
8.3017855 -2.4088767
9.3869762 -2.0175071
12.4873285 -2.9399087
13.5812664 -3.3193181
16.9081039 -4.2867436
22.5047531 -5.4279180
24.5848312 -5.8492551
34.1945457 -7.4753966
34.0322533 -6.4579735
32.4420166 -6.6734715
22.0201702 -5.1207762
12.8408098 -3.2946942
12.9111929 -2.8886411
10.8467579 -3.2323911
7.5541716 -3.1022446
7.5479774 -2.4839649
3.9663243 -3.0568435
1.2127728 -2.9686837
0.5206730 -2.1770434
-1.5406946 -3.1982896
-5.0445108 -3.3765218
-5.2404723 -2.7585449
-6.7297602 -2.0974908
-7.8701725 -2.8543227
-8.3207111 -2.1373978
-7.0630469 -2.1922455
-6.2219543 -1.6839299
-6.6136789 -1.2297233
-5.6849875 -1.6314043
-5.2904234 -1.1497973
-5.5252094 -0.8295115
-4.9354615 -1.1093210
-4.6637964 -0.8288845
-4.8203702 -0.5949863
-4.4156256 -0.7554626
-4.2307491 -0.5907553
-4.3448739 -0.4243865
-4.0601978 -0.5020156
-3.9530761 -0.4000565
-4.0423570 -0.2899546
-3.8307343 -0.3026302
-3.8759272 -0.2334539
-3.9545810 -0.1722747
-3.5315413 -0.1412238
-4.1261144 -0.0691650
-4.2186618 -0.0530095
0.0000000 0.0000000
0.0000000 0.0000000
-6.7787876 -0.0761618
-6.6459494 -0.1076069
-5.5840535 -0.0338951
-6.2785172 -0.2807556
-6.1398101 -0.4035430
-6.1945577 -0.2203088
-6.5036917 -0.4946868
-6.3291874 -0.7177993
-6.7329087 -0.4422169
-7.1402330 -0.7771769
-6.9020305 -1.1255291
-7.5410733 -0.7028734
-8.1920052 -1.1600970
-7.8528681 -1.6844655
-9.0130253 -1.1173196
-9.9550142 -1.6113546
-9.4310379 -2.4647915
-10.5077324 -1.9815879
-9.2903538 -1.9092287
-8.9379749 -3.3592827
-6.2625804 -2.6212842
-2.7270856 -1.6486759
-3.3484962 -2.5237591
0.0572606 -1.9203407
2.9469450 -2.1572878
2.2219069 -2.3395040
6.2311287 -1.5860933
8.4580851 -2.2292345
8.2868490 -2.4508810
10.3840408 -2.0716860
14.9389362 -3.5642326
15.5615063 -4.0547166
19.6128483 -4.2270899
24.1834660 -5.5023260
28.2300415 -5.8924160
34.1020927 -5.9543319
30.6218872 -4.8524017
26.3722095 -4.1741381
18.2558689 -3.0600767
12.4529753 -2.9470575
11.6464262 -2.5786157
10.3666706 -2.5006545
7.2177930 -1.9095687
6.8187389 -1.3052931
3.8796399 -2.1283634
1.2467455 -1.6975079
0.4947097 -0.8783632
-1.4714682 -1.2623910
-5.0827327 -1.8999367
-5.1997795 -0.8120494
-7.4434729 -0.5706950
-8.5843830 -1.1947101
-8.7753315 -0.2624221
-7.7024841 -0.9670516
-6.7349586 -0.6530864
-6.8771248 -0.1118911
-6.0820642 -0.7011861
-5.6104913 -0.4438894
-5.7020707 -0.0665103
-5.1865191 -0.4478030
-4.8787675 -0.3216573
-4.9441843 -0.0564247
-4.5915337 -0.2880710
-4.3888788 -0.2330109
-4.4317021 -0.0503383
-4.1936326 -0.1829211
-4.0805669 -0.1642127
-4.1090031 -0.0451903
-3.9316015 -0.1044343
-3.9976301 -0.1043037
-4.0161586 -0.0389519
-3.5913856 -0.0432389
-4.2742705 -0.0344418
-4.3041644 -0.0174381
0.0000000 0.0000000
0.0000000 0.0000000
-6.4983201 -0.1355416
-6.2644506 -0.1588221
-5.3691669 -0.2107860
-5.9855862 -0.5259891
-5.7590861 -0.6265512
-5.8949423 -0.5857607
-6.1582274 -0.9374458
-5.8839703 -1.1184016
-6.3427114 -1.0356981
-6.6791487 -1.4644190
-6.3164072 -1.7406806
-6.9947577 -1.5898784
-7.5517893 -2.1928456
-7.0110588 -2.5991337
-8.1895142 -2.4268086
-8.9543695 -3.2594283
-8.1385479 -3.8433681
-9.3750677 -3.9428091
-8.7379856 -4.5235991
-7.9259863 -4.9702692
-6.8380127 -5.7098007
-3.7260277 -5.1926646
-2.1244626 -5.6102910
-1.0661316 -4.7783866
2.1770117 -3.9741931
2.9014757 -4.6246490
5.5566068 -3.2909994
8.7151203 -3.4797053
9.1749401 -4.8867335
12.5461512 -3.7073073
16.0956211 -4.9664054
16.4842930 -5.1236396
20.8132095 -5.7929668
26.7525196 -6.2284112
29.3423309 -6.4015527
32.0793915 -5.7003956
28.1441154 -4.3830867
23.8876266 -3.5787842
16.7784882 -2.9711249
10.7240553 -1.8495017
10.0673923 -1.3551168
9.5445156 -1.2099621
6.2104363 -0.8696534
5.6323915 -0.2928193
3.7839506 -0.9294387
0.7154830 -0.1305890
0.1585912 0.7130696
-1.9175974 0.2507277
-5.6953125 0.4084421
-5.8603721 1.5166434
-7.9786134 1.2609900
-8.5718060 0.7850052
-8.6985121 1.5936484
-7.7152958 0.6471826
-6.7606416 0.5243436
-6.6991520 1.0419366
-6.1060615 0.3589277
-5.6354251 0.3646704
-5.5798411 0.7268697
-5.2094731 0.2757230
-4.8954291 0.2427269
-4.8480792 0.5012455
-4.6036315 0.2082093
-4.3986592 0.1548797
-4.3585482 0.3355668
-4.1989713 0.1487264
-4.0865583 0.0884892
-4.0500040 0.2071041
-3.9318020 0.0994046
-4.0048575 0.0351237
-3.9667869 0.1012987
-3.5866256 0.0558665
-4.3004580 -0.0002704
-4.2730784 0.0161598
0.0000000 0.0000000
0.0000000 0.0000000
-6.0360832 -0.1787558
-5.7270503 -0.1947548
-4.9911537 -0.3579402
-5.5240250 -0.7174868
-5.2347221 -0.7868059
-5.4157748 -0.8753187
-5.6205330 -1.2821695
-5.2782555 -1.4051172
-5.7368665 -1.4887691
-5.9796700 -1.9831904
-5.5466938 -2.1631470
-6.1709442 -2.2576017
-6.5172553 -2.9250171
-5.9240842 -3.1654029
-6.8910623 -3.3392670
-7.4628763 -4.2741952
-6.5533895 -4.5503707
-7.8426566 -5.0550957
-7.4708190 -5.6930490
-6.3575048 -6.3866682
-6.7071214 -6.2753024
-4.6678648 -6.8328137
-3.7968161 -7.2912531
-1.5766115 -7.3383331
1.8597264 -7.1706948
2.0337043 -8.1849222
5.0676575 -6.9437833
9.0266781 -6.1511335
8.7089252 -6.8780456
12.6969719 -5.4650302
16.7607937 -5.3127928
17.6544056 -5.7974162
22.7161980 -6.6783776
26.3822002 -6.7502394
27.4582520 -6.2003546
29.1137466 -4.9997621
23.7444153 -3.5707877
20.5519600 -2.4049418
14.4935760 -1.2477931
9.5163965 -0.9637821
8.8370028 -0.5898822
8.8395329 -0.0225592
5.1859078 0.4948088
4.6643720 1.4308441
2.3505752 1.1393996
-0.4600456 1.7832448
-0.9229296 2.8104467
-3.2616248 2.3506753
-5.5383191 2.8750770
-6.6638546 4.1309390
-8.3357143 3.3129399
-7.9827023 2.7016845
-7.3527555 3.3172903
-6.9970102 2.1032784
-6.3969994 1.6610096
-5.9803901 2.1621635
-5.7731509 1.4041541
-5.3908534 1.1277773
-5.1298261 1.4753983
-4.9813504 0.9727238
-4.7142406 0.7812688
-4.5380383 1.0203487
-4.4391928 0.6812652
-4.2588792 0.5288053
-4.1304054 0.6935564
-4.0707784 0.4649000
-3.9731512 0.3335351
-3.8705852 0.4421535
-3.8238430 0.2942140
-3.9077907 0.1724171
-3.8131979 0.2334679
-3.4886639 0.1474137
-4.2129154 0.0324656
-4.1306005 0.0482974
0.0000000 0.0000000
0.0000000 0.0000000
-5.4393191 -0.2062240
-5.0848165 -0.2151686
-4.4940300 -0.4646294
-4.9412169 -0.8407562
-4.6193810 -0.8776081
-4.8133020 -1.0750939
-4.9470263 -1.4974161
-4.5793905 -1.5604041
-4.9901352 -1.7845192
-5.1262736 -2.2909179
-4.6781335 -2.3744748
-5.2023053 -2.6435695
-5.3624825 -3.3047087
-4.7996716 -3.4052165
-5.4645224 -3.7759914
-5.8003263 -4.7168899
-4.9240060 -4.7875690
-6.0330958 -5.5552812
-5.8629375 -6.7124605
-4.9123316 -6.5888581
-4.7808151 -7.4578471
-3.1296368 -7.5678468
-2.5727389 -7.9426451
-1.1529511 -7.7825646
1.3563035 -7.7482233
1.1716105 -7.7687106
4.1628733 -7.6723633
7.2928438 -7.5915866
7.4099512 -7.5499148
11.5836124 -7.0848932
17.6130676 -6.7228003
17.3679352 -6.7825890
22.2601757 -6.3087096
25.3244076 -3.6394260
25.4577560 -2.4994802
23.8370609 -2.5564449
19.6487236 -0.8629021
18.2907963 0.4387758
12.9720497 0.8086802
8.1836214 0.2818095
7.5486183 1.4907914
6.4610925 1.6924973
3.9803436 2.2975962
2.6437364 3.2794724
1.0137817 2.9882739
-1.8766043 4.1513567
-2.9805148 5.4793596
-4.7056270 4.8826218
-6.2332149 5.4334817
-6.3182077 5.8956656
-7.1235847 4.8622789
-6.6282210 3.7002172
-5.6077037 4.1749611
-5.8537960 3.2579286
-5.6015792 2.4657466
-4.9891376 2.8817081
-5.0953064 2.2234039
-4.8680325 1.7343216
-4.4822464 2.0187860
-4.5302529 1.5423738
-4.3465481 1.2241265
-4.0805845 1.4222652
-4.1160259 1.0778912
-3.9815540 0.8457515
-3.7839139 0.9823297
-3.8214951 0.7342757
-3.7502372 0.5464875
-3.5919950 0.6370302
-3.6159978 0.4614379
-3.7130241 0.2939502
-3.5694571 0.3452576
-3.3042235 0.2247054
-4.0197353 0.0618886
-3.8905196 0.0761440
0.0000000 0.0000000
0.0000000 0.0000000
-4.7609220 -0.2177184
-4.3907394 -0.2201298
-3.9257040 -0.5271020
-4.2901630 -0.8950669
-3.9638917 -0.9025012
-4.1462655 -1.1763524
-4.2136436 -1.5864484
-3.8552999 -1.5959415
-4.1905003 -1.9126203
-4.2269359 -2.3941858
-3.8188982 -2.3934944
-4.1938505 -2.7807045
-4.1992006 -3.3819053
-3.7443554 -3.3488173
-4.0993285 -3.8877077
-4.0626292 -4.6349077
-3.5910420 -4.5157881
-3.9512064 -5.3232770
-3.9106216 -6.3301682
-3.2803712 -6.0065160
-3.5854132 -7.3808088
-2.5070226 -8.2057924
-2.2749269 -7.6748891
-0.6746464 -8.5781269
1.4624063 -8.4056396
1.5087700 -8.6148596
3.7267845 -8.1758509
6.7036605 -7.6700745
6.4281831 -8.1371555
10.8623886 -6.5609107
14.9134312 -6.4614906
13.8564205 -5.2273459
18.4338474 -5.2407837
21.2374268 -3.2272770
20.9284210 -0.5839679
20.2830467 -2.0254200
16.6198750 2.5596950
14.6240768 5.9919572
11.7945404 3.9873455
7.4423647 3.5019004
7.1323481 5.9075131
4.3839207 4.9754972
1.8106189 5.1354184
1.4997005 6.8577561
-1.3423481 6.4824796
-3.6343577 7.3312039
-2.9860103 7.9026165
-5.0987744 7.1250119
-5.6061292 6.1812172
-3.9504778 6.1583233
-5.0590830 5.2936296
-4.9404173 4.2458482
-4.0447459 4.4010873
-4.6486874 3.7557404
-4.5742984 2.9712949
-3.9282086 3.2157607
-4.2820926 2.6894226
-4.1796727 2.1373656
-3.7390919 2.3341680
-3.9513199 1.9246383
-3.8502071 1.5390339
-3.5359275 1.6819545
-3.6835663 1.3642373
-3.6009834 1.0810915
-3.3611753 1.1819525
-3.4802356 0.9362836
-3.4396718 0.7103469
-3.2432494 0.7780741
-3.3278003 0.5888553
-3.4373925 0.3902684
-3.2570016 0.4290876
-3.0486927 0.2826805
-3.7374094 0.0858761
-3.5731571 0.0976745
0.0000000 0.0000000
0.0000000 0.0000000
-4.0538473 -0.2150577
-3.6929500 -0.2119048
-3.3338497 -0.5484465
-3.6210861 -0.8876510
-3.3142512 -0.8710459
-3.4693890 -1.1915789
-3.4776680 -1.5622797
-3.1584253 -1.5280247
-3.4043269 -1.8999729
-3.3555818 -2.3192492
-3.0244203 -2.2502494
-3.2446325 -2.7053616
-3.1289556 -3.1994092
-2.8116355 -3.0632601
-2.9278336 -3.6680720
-2.7128856 -4.2439785
-2.4706581 -3.9864697
-2.3832440 -4.8064585
-2.0136888 -5.5069909
-1.9018563 -5.0230789
-1.5291417 -6.1772470
-0.9636857 -6.9558258
-0.8421266 -6.2661324
-0.0885344 -7.6649232
1.3816024 -8.1950388
1.1642121 -7.1930561
3.4688628 -8.6773643
6.0189695 -7.8798814
5.3857989 -7.5231085
8.9276018 -6.7312646
11.3466930 -5.4975157
9.4620667 -4.6826282
14.2463217 -1.9688540
15.6962538 0.4133280
11.6962719 1.5939567
14.9081898 1.3952620
14.0414600 3.8697336
11.1259184 7.7687464
10.4416914 5.8092742
5.9672952 8.3728657
5.9705858 9.3563528
2.9640307 8.7802811
-0.4790744 9.2774410
0.7779776 9.4935284
-1.9906011 9.0007286
-3.0574288 7.8730192
-1.2450273 7.3685212
-3.1469085 6.8671970
-3.3781312 5.6680841
-2.2157142 5.5870585
-3.4196038 5.1063523
-3.5636942 4.2455730
-2.7333262 4.2609129
-3.4993970 3.8251832
-3.5398886 3.1678436
-2.9497764 3.2391796
-3.4457655 2.8538141
-3.4345953 2.3400741
-2.9968798 2.4428160
-3.3269188 2.1091452
-3.2908719 1.7211121
-2.9633944 1.8057939
-3.1960957 1.5290067
-3.1592646 1.2294770
-2.9013860 1.2926877
-3.0821612 1.0631630
-3.0704131 0.8195153
-2.8536973 0.8634083
-2.9845765 0.6720030
-3.1028674 0.4571556
-2.8992794 0.4827168
-2.7424555 0.3196592
-3.3882027 0.1033220
-3.2022474 0.1121160
0.0000000 0.0000000
0.0000000 0.0000000
-3.3631055 -0.2013291
-3.0293117 -0.1938384
-2.7578814 -0.5353973
-2.9767900 -0.8323948
-2.7038140 -0.7984088
-2.8285236 -1.1370920
-2.7925608 -1.4527967
-2.5225673 -1.3874527
-2.6913481 -1.7781084
-2.5857186 -2.1176498
-2.3262734 -2.0031619
-2.4375641 -2.4741476
-2.2539635 -2.8448281
-2.0270257 -2.6505222
-2.0144908 -3.2499890
-1.7202471 -3.6415703
-1.5656803 -3.3268702
-1.3716830 -4.0771232
-0.9264296 -4.4963803
-0.8751466 -3.9893970
-0.3566810 -4.9990296
0.3634056 -5.3725858
0.3240200 -4.6053905
1.1548553 -5.7986999
2.1592948 -5.8819494
1.9091376 -4.9779510
3.1451972 -6.0271749
4.7391901 -5.8084097
4.0097489 -4.4067726
6.5614009 -5.5364594
8.1222219 -4.1174960
6.5764842 -3.0099936
9.5776501 -0.8392173
9.5975533 0.1367588
7.4358625 0.6379654
9.9974298 2.3205159
9.2353764 5.2443171
6.6158247 4.1611261
7.0592694 6.5298896
5.0556622 8.5435333
4.1201668 6.3742180
2.7589135 8.0881319
1.1478341 7.8579130
1.6371988 6.5599518
-0.0185865 7.1101828
-0.8468833 6.2486567
-0.0979251 5.7801423
-1.4018366 5.7783403
-1.8663199 5.0230613
-1.1711423 4.7786231
-2.1399925 4.5970631
-2.3936036 3.9731321
-1.7952251 3.8587480
-2.5105703 3.6114452
-2.6375694 3.0963318
-2.1467416 3.0639284
-2.6700218 2.8007843
-2.7226307 2.3741186
-2.3325498 2.3890305
-2.7131951 2.1353452
-2.7257476 1.7850534
-2.4145274 1.8167377
-2.6972663 1.5845180
-2.6951888 1.2980328
-2.4392431 1.3263345
-2.6597676 1.1192991
-2.6712301 0.8771771
-2.4491444 0.8989269
-2.6111858 0.7128695
-2.7324691 0.4950997
-2.5182443 0.5085092
-2.4068809 0.3369653
-2.9961476 0.1143393
-2.8010268 0.1198521
0.0000000 0.0000000
0.0000000 0.0000000
-2.7228849 -0.1807702
-2.4255314 -0.1702381
-2.2270238 -0.4967734
-2.3893418 -0.7472496
-2.1539571 -0.7030314
-2.2544949 -1.0341127
-2.1931167 -1.2931677
-1.9674475 -1.2110339
-2.0838695 -1.5865071
-1.9535450 -1.8512807
-1.7447001 -1.7166868
-1.7974472 -2.1567357
-1.5958098 -2.4240677
-1.4149069 -2.2156005
-1.3636515 -2.7428565
-1.0641754 -2.9991310
-0.9267415 -2.6857150
-0.7335956 -3.3207538
-0.3099981 -3.5386577
-0.2437146 -3.0981579
0.1369085 -3.8116045
0.7466557 -3.9288256
0.7129863 -3.3304682
1.3824162 -4.1755347
2.1731515 -4.0717778
1.9660908 -3.3115995
2.9599042 -3.7779686
3.7459755 -3.5096788
3.2564690 -2.6939151
4.5804353 -2.9086392
5.3436818 -2.1897070
4.4654274 -1.5361360
6.0622835 -0.4369083
6.1353445 0.2714529
4.8721070 0.3277169
6.2285032 1.9333107
5.6841846 3.1643045
4.3737669 2.3413188
4.9074211 3.8642137
4.0035443 4.9518733
3.1233132 3.8263323
2.8390126 4.9911661
1.9175448 5.3810544
1.6357365 4.4456806
0.9069674 5.0808907
0.2395881 4.9450121
0.3687442 4.3589458
-0.4094682 4.5960550
-0.8520856 4.2507167
-0.5581203 3.9107141
-1.2309802 3.9248991
-1.5093141 3.5389080
-1.1588093 3.3437102
-1.7258546 3.2402141
-1.8926716 2.8737941
-1.5385623 2.7729361
-2.0050154 2.6105921
-2.0968029 2.2802567
-1.7790481 2.2356381
-2.1514280 2.0511005
-2.1972933 1.7575452
-1.9226617 1.7461853
-2.2179768 1.5573921
-2.2397256 1.3015395
-2.0014486 1.3012953
-2.2390218 1.1184531
-2.2659385 0.8916068
-2.0502913 0.8950877
-2.2287683 0.7185057
-2.3472271 0.5084581
-2.1324983 0.5119944
-2.0607750 0.3382835
-2.5835025 0.1196381
-2.3890338 0.1219097
0.0000000 0.0000000
0.0000000 0.0000000
-2.1535819 -0.1574595
-1.8950490 -0.1453162
-1.7580135 -0.4429693
-1.8753508 -0.6497746
-1.6750270 -0.6019754
-1.7604148 -0.9068496
-1.6893852 -1.1154839
-1.4998969 -1.0289402
-1.5854548 -1.3675076
-1.4528519 -1.5706817
-1.2800937 -1.4353243
-1.3068405 -1.8193380
-1.1136624 -2.0092890
-0.9628707 -1.8114389
-0.9073393 -2.2471592
-0.6369755 -2.4086580
-0.5132561 -2.1303694
-0.3566376 -2.6250644
0.0108737 -2.7302005
0.0789761 -2.3612986
0.3697241 -2.8601804
0.8372402 -2.8725107
0.8027425 -2.4212797
1.2676239 -2.8795857
1.7905512 -2.7769995
1.6540151 -2.2285881
2.3293972 -2.4667828
2.8008845 -2.2076485
2.4792523 -1.7043700
3.3236487 -1.6034181
3.6754332 -1.1666200
3.1251738 -0.8551093
4.0697527 -0.0643633
4.0731225 0.3529717
3.3251393 0.3359569
4.1325316 1.3842098
3.7841139 1.9966236
3.0249131 1.6152172
3.4307365 2.5854208
2.9088655 3.2063105
2.3105636 2.6071098
2.3073056 3.4134951
1.7336181 3.7801771
1.3953354 3.1665316
1.0949711 3.7094252
0.6078061 3.7970293
0.5125607 3.3059289
0.0848457 3.5993071
-0.2820670 3.4920404
-0.2157963 3.1483057
-0.6482076 3.2582042
-0.9054095 3.0538554
-0.7384884 2.8297231
-1.1479846 2.8175521
-1.3184936 2.5786450
-1.0927206 2.4423621
-1.4676561 2.3539507
-1.5749909 2.1114821
-1.3368438 2.0333452
-1.6643659 1.9036090
-1.7278383 1.6702586
-1.5002168 1.6285888
-1.7782497 1.4779165
-1.8145899 1.2592697
-1.6030464 1.2384560
-1.8373727 1.0785369
-1.8723217 0.8744251
-1.6717620 0.8646583
-1.8536630 0.6992951
-1.9631194 0.5034231
-1.7559183 0.4998735
-1.7181435 0.3285118
-2.1684566 0.1202677
-1.9807714 0.1198238
0.0000000 0.0000000
0.0000000 0.0000000
-1.6618928 -0.1345219
-1.4404372 -0.1221699
-1.3555127 -0.3838726
-1.4377079 -0.5535272
-1.2673533 -0.5072507
-1.3457994 -0.7759089
-1.2754843 -0.9431049
-1.1152320 -0.8610885
-1.1847316 -1.1527195
-1.0630597 -1.3083061
-0.9177678 -1.1843511
-0.9370848 -1.5036668
-0.7662334 -1.6386817
-0.6396369 -1.4645153
-0.5937781 -1.8099831
-0.3653816 -1.9102249
-0.2610139 -1.6776128
-0.1436168 -2.0376835
0.1473942 -2.0837646
0.2028379 -1.7925555
0.4204268 -2.1261799
0.7625914 -2.1006989
0.7351395 -1.7626612
1.0758927 -2.0087979
1.4160532 -1.9083904
1.3069103 -1.5363613
1.7658036 -1.6163455
2.0504351 -1.4126199
1.8262926 -1.0991930
2.3827889 -0.9320605
2.5659733 -0.6457272
2.1999121 -0.4685411
2.8091509 0.0937197
2.7844708 0.3667225
2.3087239 0.3510678
2.8344109 1.0473837
2.6135676 1.4293181
2.1213467 1.2109518
2.4315801 1.8728280
2.1045725 2.2725594
1.6837384 1.9159853
1.7614212 2.4890759
1.3926181 2.7744341
1.1023360 2.3753736
0.9909914 2.8048725
0.6470801 2.9360840
0.4987822 2.5732276
0.2740469 2.8471894
-0.0097993 2.8423457
-0.0414415 2.5530815
-0.3089514 2.6921577
-0.5253997 2.5953264
-0.4656137 2.3848631
-0.7463096 2.4192770
-0.9001389 2.2703788
-0.7687646 2.1281655
-1.0513710 2.0867877
-1.1572177 1.9139576
-0.9885844 1.8227206
-1.2570785 1.7321166
-1.3249961 1.5503830
-1.1448112 1.4942439
-1.3882514 1.3731643
-1.4303391 1.1906402
-1.2494744 1.1579518
-1.4650625 1.0178416
-1.5020779 0.8380552
-1.3206439 0.8203683
-1.4960179 0.6661759
-1.5909760 0.4871083
-1.3966705 0.4794568
-1.3884679 0.3127306
-1.7627587 0.1184595
-1.5853258 0.1161031
0.0000000 0.0000000
0.0000000 0.0000000
-1.2443113 -0.1141158
-1.0559486 -0.1027274
-1.0159750 -0.3270289
-1.0709759 -0.4674545
-0.9246107 -0.4261443
-1.0021040 -0.6553562
-0.9389730 -0.7907015
-0.8016306 -0.7187532
-0.8658214 -0.9614908
-0.7619959 -1.0823593
-0.6382735 -0.9764747
-0.6602681 -1.2320286
-0.5192064 -1.3298161
-0.4121636 -1.1855981
-0.3834854 -1.4481616
-0.2014269 -1.5112422
-0.1161003 -1.3258748
-0.0331266 -1.5776271
0.1854888 -1.5938836
0.2255255 -1.3732661
0.3849846 -1.5829536
0.6248677 -1.5450848
0.6012239 -1.3002871
0.8481634 -1.4241753
1.0702384 -1.3313922
0.9810095 -1.0820268
1.3044057 -1.0792201
1.4790715 -0.9198756
1.3095641 -0.7206298
1.6925952 -0.5477352
1.7933142 -0.3444605
1.5348885 -0.2360141
1.9487588 0.1655257
1.9228556 0.3702789
1.5963368 0.3593487
1.9601362 0.8394839
1.8200517 1.1071004
1.4757568 0.9729368
1.7197888 1.4423889
1.5089382 1.7206064
1.1990845 1.4967841
1.3042412 1.9146739
1.0608054 2.1338112
0.8233778 1.8699393
0.8047155 2.2020235
0.5654164 2.3295538
0.4153939 2.0713534
0.3084311 2.3025045
0.0983881 2.3373621
0.0304115 2.1137824
-0.1260587 2.2480843
-0.2971117 2.2080774
-0.2913490 2.0314515
-0.4759233 2.0820322
-0.6038681 1.9896654
-0.5325620 1.8612483
-0.7365446 1.8444120
-0.8296806 1.7205533
-0.7138416 1.6323613
-0.9230121 1.5661106
-0.9865620 1.4238524
-0.8464953 1.3659226
-1.0489416 1.2652860
-1.0899080 1.1130980
-0.9382991 1.0771853
-1.1266360 0.9521797
-1.1600659 0.7945074
-0.9996665 0.7744725
-1.1601868 0.6301100
-1.2374972 0.4660536
-1.0571817 0.4575951
-1.0763358 0.2961523
-1.3727038 0.1158007
-1.2029145 0.1109058
0.0000000 0.0000000
0.0000000 0.0000000
-0.8912783 -0.0974454
-0.7301975 -0.0879562
-0.7310729 -0.2773288
-0.7647771 -0.3968280
-0.6364220 -0.3629137
-0.7172627 -0.5534610
-0.6652638 -0.6663257
-0.5447139 -0.6076787
-0.6109115 -0.8039512
-0.5286106 -0.9013523
-0.4205528 -0.8166113
-0.4526935 -1.0144680
-0.3438202 -1.0886753
-0.2520613 -0.9756904
-0.2435295 -1.1670628
-0.1083175 -1.2091048
-0.0379319 -1.0674903
0.0131690 -1.2365649
0.1689748 -1.2380188
0.1977985 -1.0758824
0.3095664 -1.1993041
0.4721395 -1.1576058
0.4495050 -0.9850233
0.6258874 -1.0350708
0.7698271 -0.9507626
0.6938741 -0.7839838
0.9249276 -0.7391489
1.0326787 -0.6097983
0.8980222 -0.4802523
1.1710088 -0.3191329
1.2280583 -0.1608412
1.0329751 -0.0919541
1.3278356 0.2029545
1.3076497 0.3721431
1.0664362 0.3647915
1.3349576 0.7089911
1.2459891 0.9143454
0.9885004 0.8294970
1.1894162 1.1724453
1.0535814 1.3813356
0.8133309 1.2371733
0.9299842 1.5484982
0.7697366 1.7214822
0.5730569 1.5451559
0.6074722 1.8011670
0.4443405 1.9148679
0.3055498 1.7334833
0.2724888 1.9209172
0.1234119 1.9687637
0.0445847 1.8023000
-0.0352793 1.9193325
-0.1619352 1.9071418
-0.1817204 1.7675551
-0.2948387 1.8187410
-0.3942778 1.7591603
-0.3573719 1.6525939
-0.4985294 1.6458063
-0.5733032 1.5535758
-0.4932724 1.4773339
-0.6502501 1.4243094
-0.7030387 1.3097391
-0.5940646 1.2582833
-0.7556598 1.1704327
-0.7906457 1.0410699
-0.6639979 1.0092117
-0.8216427 0.8945858
-0.8471681 0.7553622
-0.7082862 0.7387602
-0.8472935 0.6012828
-0.9016044 0.4498233
-0.7405791 0.4444479
-0.7756799 0.2890024
-1.0022383 0.1059240
-0.8303058 0.1009578
0.0000000 0.0000000
0.0000000 0.0000000
-0.5902524 -0.0853632
-0.4476152 -0.0785241
-0.4898343 -0.2377945
-0.5060952 -0.3447123
-0.3893977 -0.3191129
-0.4781735 -0.4750968
-0.4390530 -0.5745133
-0.3294270 -0.5292521
-0.4031458 -0.6852336
-0.3442172 -0.7693642
-0.2460256 -0.7032046
-0.2931364 -0.8542901
-0.2168325 -0.9159520
-0.1352523 -0.8268843
-0.1500172 -0.9658167
-0.0582591 -0.9977401
0.0009086 -0.8854743
0.0218451 -1.0006818
0.1247419 -0.9957083
0.1467964 -0.8717093
0.2167192 -0.9436111
0.3209617 -0.9013891
0.2990080 -0.7753844
0.4195614 -0.7858104
0.5099372 -0.7075924
0.4424559 -0.5915721
0.6074100 -0.5293295
0.6719881 -0.4173568
0.5589953 -0.3285432
0.7589679 -0.1847666
0.7911243 -0.0485759
0.6327171 -0.0026424
0.8537534 0.2227196
0.8405522 0.3739565
0.6470801 0.3682143
0.8599741 0.6278096
0.8054627 0.7999308
0.5975680 0.7415944
0.7753706 1.0050616
0.6912436 1.1754174
0.4923260 1.0741509
0.6191347 1.3199110
0.5182777 1.4634372
0.3481411 1.3346012
0.4196688 1.5455289
0.3146325 1.6454859
0.1868275 1.5050888
0.2065223 1.6701031
0.1078542 1.7194779
0.0279365 1.5811599
0.0046333 1.6959752
-0.0815895 1.6950295
-0.1122083 1.5714246
-0.1712042 1.6341238
-0.2413298 1.5900407
-0.2234374 1.4928980
-0.3142331 1.5020789
-0.3686221 1.4266862
-0.3104894 1.3567698
-0.4241335 1.3192657
-0.4629615 1.2211480
-0.3755524 1.1747599
-0.5014214 1.1002662
-0.5267887 0.9863583
-0.4203161 0.9591803
-0.5479910 0.8556105
-0.5637072 0.7310967
-0.4484584 0.7168071
-0.5606872 0.5873810
-0.5780874 0.4600389
-0.4648126 0.4299329
-0.4919974 0.2842465
-0.5993634 0.1524957
-0.4766966 0.0058127
0.0000000 0.0000000
0.0000000 0.0000000
-0.3259363 -0.0795739
-0.1929026 -0.0758590
-0.2797935 -0.2104960
-0.2810157 -0.3143108
-0.1686899 -0.2845800
-0.2705870 -0.4237082
-0.2453324 -0.5208188
-0.1388771 -0.4595407
-0.2274081 -0.6098618
-0.1918635 -0.6931087
-0.0980044 -0.5958472
-0.1647069 -0.7556311
-0.1201346 -0.8177276
-0.0453482 -0.6816257
-0.0844219 -0.8458362
-0.0321690 -0.8791872
0.0174342 -0.7123020
0.0105763 -0.8639365
0.0686338 -0.8615726
0.0860037 -0.6912968
0.1180193 -0.7993552
0.1759886 -0.7607222
0.1547457 -0.6023222
0.2287412 -0.6489836
0.2791579 -0.5746150
0.2169575 -0.4433182
0.3308677 -0.4170593
0.3663909 -0.3114077
0.2648219 -0.2211920
0.4131892 -0.1156750
0.4304974 0.0140818
0.2915750 0.0499036
0.4659446 0.2314368
0.4593512 0.3791692
0.2910236 0.3510968
0.4724148 0.5850993
0.4440116 0.7448503
0.2617241 0.6500264
0.4306399 0.9205809
0.3860061 1.0725064
0.2090870 0.9156243
0.3499051 1.2072816
0.2953523 1.3325781
0.1410029 1.1240321
0.2438177 1.4212940
0.1862049 1.5071858
0.0668887 1.2611550
0.1281801 1.5496187
0.0734529 1.5907640
-0.0040203 1.3238897
0.0174613 1.5906464
-0.0318579 1.5849817
-0.0664420 1.3281729
-0.0816683 1.5486851
-0.1226213 1.5018225
-0.1169209 1.2835779
-0.1645396 1.4375008
-0.1971384 1.3605664
-0.1547148 1.1886600
-0.2295438 1.2743440
-0.2535273 1.1762662
-0.1814006 1.0482357
-0.2761635 1.0739198
-0.2914327 0.9634103
-0.1988605 0.8733952
-0.3034613 0.8482604
-0.3027618 0.7411603
-0.2201329 0.6770908
-0.3116595 0.5882245
-0.2344124 0.5539971
-0.3114378 0.4531168
-0.2645707 0.2070125
0.0517672 0.4309524
-0.3123908 -0.1400156
0.0000000 0.0000000
0.0000000 0.0000000
-0.0714568 -0.0846667
0.0000000 0.0000000
-0.0722117 -0.2030220
-0.0665178 -0.3282526
0.0000000 0.0000000
-0.0659596 -0.4273033
-0.0601331 -0.5397806
0.0000000 0.0000000
-0.0570315 -0.6238022
-0.0492891 -0.7136649
0.0000000 0.0000000
-0.0437592 -0.7755337
-0.0331766 -0.8361012
0.0000000 0.0000000
-0.0245970 -0.8665672
-0.0111147 -0.8911794
0.0000000 0.0000000
0.0003295 -0.8809560
0.0135514 -0.8630522
0.0000000 0.0000000
0.0259806 -0.8103263
0.0392156 -0.7498982
0.0000000 0.0000000
0.0526091 -0.6528549
0.0640919 -0.5516885
0.0000000 0.0000000
0.0771714 -0.4141506
0.0855456 -0.2773876
0.0000000 0.0000000
0.0974639 -0.1086679
0.1013259 0.0570430
0.0000000 0.0000000
0.1119618 0.2405559
0.1094416 0.4286060
0.0000000 0.0000000
0.1156984 0.6044065
0.1069542 0.8004531
0.0000000 0.0000000
0.1075275 0.9515168
0.0940418 1.1358799
0.0000000 0.0000000
0.0895021 1.2507542
0.0729923 1.4055068
0.0000000 0.0000000
0.0647074 1.4779961
0.0469772 1.5907115
0.0000000 0.0000000
0.0363367 1.6192120
0.0186951 1.6850821
0.0000000 0.0000000
0.0064815 1.6694795
-0.0089831 1.6872168
0.0000000 0.0000000
-0.0203619 1.6338309
-0.0326240 1.6069890
0.0000000 0.0000000
-0.0410727 1.5248464
-0.0502563 1.4626793
0.0000000 0.0000000
-0.0564614 1.3592694
-0.0629654 1.2705989
0.0000000 0.0000000
-0.0669280 1.1537322
-0.0736521 1.0447054
0.0000000 0.0000000
-0.0782600 0.9207792
-0.0723602 0.8380129
0.0000000 0.0000000
-0.1484871 0.6164720
0.1009992 0.9051979
0.0000000 0.0000000
-0.2870677 -0.0173777
1.1192355 1.2338762
0.0000000 0.0000000
0.0000000 0.0000000
-36.7537
-36.7159
-37.61233
-40.2061
-43.3396
-47.17721
-52.01872
-58.04435
-66.12667
-78.78856
-103.6019
-157.667
-236.113
-90.54917
-77.60645
-46.12725
-39.83014
-34.99458
-32.11158
-30.26979
-28.99304
-28.05762
-27.36504
-26.877
-26.61073
-26.68782
-36.96785
-36.911
-38.10662
-40.40075
-43.54222
-47.44827
-52.2608
-58.1764
-65.7602
-76.71846
-97.08214
-161.7486
-186.9847
-32.48072
-108.0267
-48.81443
-39.02009
-34.74553
-32.10464
-30.36272
-29.12891
-28.20913
-27.52575
-27.02954
-26.77188
-26.78979
-37.8186
-37.90293
-39.35895
-41.48399
-44.68169
-48.73955
-53.61952
-59.28487
-65.56531
-72.03388
-76.37866
-81.39966
-112.6095
-59.23808
-63.75967
-46.58755
-37.84049
-34.24919
-32.22005
-30.77481
-29.65285
-28.75796
-28.05918
-27.57522
-27.27453
-27.24805
-39.12779
-39.36049
-40.94817
-43.23846
-46.63251
-51.02477
-56.23281
-61.84013
-66.98048
-69.69768
-68.20337
-62.04112
-40.48785
18.66523
-36.70742
-35.52753
-34.41644
-33.4354
-32.52758
-31.54864
-30.56806
-29.67672
-28.92533
-28.40884
-28.05145
-27.99293
-40.69301
-41.08352
-42.81696
-45.47395
-49.28775
-54.32715
-60.37224
-66.75477
-71.98492
-71.51912
-59.42886
-27.87262
-6.686235
25.02606
-29.96154
-27.18609
-31.35439
-33.20682
-33.5559
-32.95144
-31.98063
-30.97954
-30.10808
-29.49145
-29.0639
-28.97683
-42.29814
-42.84079
-44.78383
-47.95499
-52.49326
-58.61348
-66.40008
-75.181
-83.94971
-85.07938
-75.87776
-56.25887
-62.74784
-30.15594
4.448326
-21.85556
-33.13144
-35.77888
-36.16986
-35.35551
-33.99784
-32.66739
-31.55819
-30.76436
-30.2487
-30.12944
-43.63516
-44.31353
-46.51696
-50.33015
-55.97355
-63.76552
-74.26122
-89.41238
-105.64
-107.9497
-100.208
-84.90127
-66.79501
-44.17834
-35.7482
-37.09018
-41.97625
-42.08186
-40.92027
-38.88363
-36.60766
-34.66759
-33.17084
-32.12399
-31.49141
-31.33157
-44.28537
-45.07845
-47.5275
-52.00165
-59.038
-69.37379
-83.90485
-107.2461
-125.1886
-127.5538
-120.2543
-111.7217
-113.9384
-76.43576
-60.66082
-56.86137
-56.45409
-51.65189
-47.74565
-43.29182
-39.59324
-36.79137
-34.7659
-33.40223
-32.62227
-32.40484
-43.70541
-44.62388
-47.25413
-52.22542
-60.46932
-73.60368
-93.87588
-121.2546
-136.5027
-137.4405
-130.4478
-122.0804
-100.5167
-71.85906
-69.46509
-75.69608
-74.80857
-64.54587
-55.60659
-47.95587
-42.52233
-38.7086
-36.07587
-34.36267
-33.42289
-33.13533
-41.4018
-42.38794
-45.08099
-50.28
-59.07905
-73.79996
-100.4661
-131.5849
-142.8728
-143.0789
-135.5355
-127.295
-108.4195
-109.8718
-104.75
-100.6942
-94.47954
-78.8908
-62.93376
-51.95632
-44.80941
-39.99977
-36.77533
-34.72694
-33.63203
-33.29305
-37.2112
-38.00979
-40.66836
-45.72662
-54.31847
-68.92216
-96.14665
-132.1047
-143.1153
-142.78
-136.2836
-129.2105
-116.6362
-112.1964
-116.7568
-117.0247
-110.431
-90.85778
-67.86155
-54.30789
-45.78497
-40.19349
-36.52911
-34.23146
-32.99979
-32.64919
-31.43549
-32.06831
-34.41019
-38.81248
-46.20276
-58.84637
-81.80063
-116.423
-138.7937
-141.5761
-137.1119
-136.7354
-124.3897
-122.8351
-123.5934
-124.3203
-116.5818
-96.69023
-68.71527
-53.9197
-44.8331
-38.94654
-35.12354
-32.73186
-31.4251
-31.08859
-24.46958
-24.95622
-26.74475
-30.11003
-35.73544
-44.83679
-61.55762
-86.32913
-113.9285
-128.1064
-121.9504
-115.3745
-111.4071
-119.9239
-123.5825
-123.3306
-115.1542
-91.01873
-65.28634
-50.60317
-41.75314
-36.13999
-32.51637
-30.24805
-28.9991
-28.67352
-16.87214
-17.19961
-18.34486
-20.47268
-23.95068
-29.58246
-39.25991
-56.93737
-70.04572
-77.23548
-76.59218
-79.28132
-88.87328
-108.9772
-113.2084
-113.2717
-101.4437
-76.04995
-55.75727
-43.8999
-36.56248
-31.86646
-28.80804
-26.87454
-25.79747
-25.5072
-9.206724
-9.368331
-9.863899
-10.78102
-12.23905
-14.51518
-17.81441
-23.00573
-29.05163
-29.06558
-20.67039
-19.287
-53.27766
-91.93927
-100.0112
-93.82408
-76.96533
-55.34952
-43.02806
-35.15196
-29.98921
-26.56179
-24.28963
-22.83172
-22.00456
-21.76904
-1.959557
-1.973505
-1.903747
-1.75922
-1.449599
-0.8832874
0.2131368
2.141464
4.524119
9.589023
29.07649
36.52781
5.247365
-50.20337
-71.60224
-59.27514
-44.35956
-35.28346
-29.56297
-25.63802
-22.78594
-20.75007
-19.33831
-18.40693
-17.86229
-17.69255
4.518342
4.620839
5.120292
6.053775
7.608109
10.03698
13.78857
19.30143
27.77619
38.34606
53.43559
68.96647
57.12004
24.57336
-5.838219
-16.45555
-18.25784
-18.10973
-17.36657
-16.48849
-15.64922
-14.90548
-14.31613
-13.89244
-13.62435
-13.52259
10.02458
10.20362
10.96781
12.35724
14.54343
17.74393
22.2858
28.52717
36.95676
48.41186
57.71774
65.15878
58.26111
42.71251
23.69671
8.330314
-0.394673
-4.869853
-7.247389
-8.49159
-9.128396
-9.419726
-9.524601
-9.541277
-9.516964
-9.477864
14.49266
14.71054
15.58581
17.13967
19.48498
22.7666
27.14825
32.89784
39.68141
47.56596
53.93317
56.78045
52.33567
42.97582
30.87731
19.23539
10.36884
4.406246
0.5396453
-1.945246
-3.54018
-4.557343
-5.183208
-5.544914
-5.71598
-5.729302
17.96485
18.19558
19.07525
20.60518
22.84053
25.85154
29.68629
34.37598
39.57461
44.70306
48.46589
49.59145
46.59997
40.31847
32.09413
23.58872
16.18276
10.39926
6.157407
3.131346
1.010173
-0.4515152
-1.424758
-2.029424
-2.342338
-2.394085
20.5521
20.78266
21.61028
23.02219
25.02998
27.64252
30.83565
34.48594
38.27621
41.64638
43.84754
44.17556
41.93149
37.45919
31.55677
25.18649
19.20341
14.10168
10.02426
6.893468
4.558665
2.867788
1.693021
0.9370956
0.5317192
0.4518302
22.39352
22.62125
23.37981
24.64675
26.40444
28.62037
31.22145
34.03715
36.7838
39.03716
40.33147
40.24656
38.42946
35.04937
30.58204
25.62586
20.74474
16.33725
12.60077
9.575564
7.213407
5.43712
4.165421
3.329178
2.874442
2.769283
23.62673
23.85484
24.55347
25.69111
27.23167
29.11861
31.25358
33.45967
35.4963
37.05116
37.81199
37.50635
35.94408
33.2237
29.6461
25.60876
21.50732
17.65766
14.26156
11.40858
9.105697
7.324214
6.019554
5.146779
4.672501
4.560177
24.36901
24.60453
25.2663
26.31285
27.69763
29.352
31.16841
32.97254
34.56208
35.69662
36.14626
35.71961
34.30547
31.9718
28.9273
25.45842
21.86448
18.40261
15.27067
12.57767
10.35517
8.601165
7.293346
6.401288
5.909426
5.811392
24.69536
24.96117
25.61504
26.61769
27.91865
29.44639
31.08818
32.67403
34.02451
34.93718
35.22358
34.73288
33.39212
31.25675
28.49059
25.32526
22.01019
18.76562
15.79438
13.20673
11.04559
9.320999
8.019997
7.103513
6.554953
5.914178
24.6068
24.95716
25.63557
26.64677
27.94504
29.45288
31.05396
32.59052
33.88408
34.7426
34.98786
34.47944
33.15589
31.06927
28.37266
25.28454
22.044
18.86945
15.94318
13.379
11.23021
9.509966
8.208966
7.278001
5.923581
0
