0.0000000 0.0000000
0.0000000 0.0000000
0.0000000 0.0000000
0.0000000 0.0000000
0.0000000 0.0000000
0.0000000 0.0000000
0.0000000 0.0000000
0.0000000 0.0000000
0.0000000 0.0000000
0.0000000 0.0000000
0.0000000 0.0000000
0.0000000 0.0000000
0.0000000 0.0000000
0.0000000 0.0000000
0.0000000 0.0000000
0.0000000 0.0000000
0.0000000 0.0000000
0.0000000 0.0000000
0.0000000 0.0000000
0.0000000 0.0000000
0.0000000 0.0000000
0.0000000 0.0000000
0.0000000 0.0000000
0.0000000 0.0000000
0.0000000 0.0000000
0.0000000 0.0000000
0.0000000 0.0000000
-0.8639721 0.4801179
-1.6601107 1.5880524
-1.0731925 2.6948283
-0.7924390 3.5691504
-0.8059320 4.3846178
-0.9005391 5.2845230
-1.0398067 6.2396016
-1.3287458 7.3345761
-2.0346107 8.7248049
-3.6654820 10.8132286
-8.4742804 13.3817558
9.2452183 19.7394867
19.3818817 -10.5050020
-9.3076153 -9.6837673
-2.9626765 -7.7219152
-1.8440813 -5.0818005
-1.2052883 -3.8977692
-0.8099684 -3.0464861
-0.5902457 -2.4222114
-0.4700505 -1.9276350
-0.3989732 -1.5016736
-0.3768728 -1.1209244
-0.4592769 -0.6872686
-0.4629298 -0.2363262
0.0000000 0.0000000
0.0000000 0.0000000
-2.1481652 0.6512620
-2.6816888 1.8026164
-1.8440669 2.5395432
-1.6808615 3.4298007
-1.7322855 4.3352690
-1.8180211 5.2130098
-2.0072417 6.0619435
-2.4382081 6.9032288
-3.4299312 7.7148533
-5.5702147 7.9756966
0.9642078 7.8411207
17.2283669 10.0645800
29.8803883 -6.4001708
1.7717725 -5.4887738
-5.7145243 -4.8727574
-3.1760359 -4.1423478
-2.0115628 -3.2411566
-1.4046669 -2.6518395
-1.0729535 -2.1934950
-0.8951137 -1.7912577
-0.7938626 -1.4068060
-0.7437828 -1.0435890
-0.8640324 -0.6798483
-0.9692993 -0.2742368
0.0000000 0.0000000
0.0000000 0.0000000
-3.5282209 0.7904040
-3.3776736 1.8546144
-2.6612010 2.4994998
-2.6112309 3.4362442
-2.6030095 4.3164778
-2.6420240 5.1482811
-2.7537801 5.8848076
-3.0433776 6.4027910
-3.7391651 6.4961205
-5.6037755 5.9143901
-1.9310534 -0.9997477
20.8402195 6.2928543
36.0137444 -4.0756950
-2.1334980 -4.6426725
-7.0606270 -1.3935382
-3.6723721 -2.0931587
-2.3187003 -2.2915425
-1.7363833 -2.1966622
-1.4154495 -1.9605031
-1.2421489 -1.6685655
-1.1506100 -1.3477074
-1.1011521 -1.0029435
-1.1938821 -0.6881967
-1.4553837 -0.3039343
0.0000000 0.0000000
0.0000000 0.0000000
-4.8643270 0.8636780
-3.9599395 1.8318739
-3.5520840 2.5318100
-3.5081601 3.4534614
-3.4637849 4.3642225
-3.4131629 5.2250528
-3.3441775 5.9390011
-3.2684417 6.3558908
-3.2642436 6.1743116
-3.7597852 4.6861205
4.3103557 -4.2077146
13.5086050 2.1820140
35.4269104 -3.7529242
14.1950521 2.2512567
-3.9384687 -1.0171989
-2.9665995 -1.5311799
-2.1245074 -1.8337591
-1.8122134 -1.9130757
-1.6266210 -1.8053038
-1.5214360 -1.5849953
-1.4673135 -1.3106543
-1.4415255 -0.9870750
-1.4994844 -0.6917530
-1.9169519 -0.3207662
0.0000000 0.0000000
0.0000000 0.0000000
-6.0249739 0.8838973
-4.5898919 1.7625526
-4.4535398 2.5596838
-4.4244647 3.4801328
-4.3874898 4.4577732
-4.2369504 5.4468751
-4.0349569 6.4137154
-3.6031873 7.0891342
-2.6474290 6.9987307
-1.2747177 5.3130975
8.1239519 -3.4745014
13.7356224 0.8763617
31.8979702 4.4358621
1.7384064 -0.0091610
-1.9803559 -1.2648810
-2.2127690 -1.6502430
-1.8124983 -1.7780329
-1.7780409 -1.8560033
-1.7749462 -1.7735482
-1.7664919 -1.5688894
-1.7629850 -1.3054583
-1.7689850 -0.9914678
-1.8076688 -0.6944331
-2.3410001 -0.3335346
0.0000000 0.0000000
0.0000000 0.0000000
-6.9455533 0.8670853
-5.3422809 1.6664748
-5.3543062 2.5362656
-5.3969102 3.4877498
-5.4109793 4.5487118
-5.3749366 5.8357048
-5.3276596 7.1776571
-3.9663517 7.7360096
-1.6153730 7.0928602
1.4644610 4.7056293
10.9929276 -2.1670966
15.7258816 0.3215676
36.2066650 -6.3860526
1.8633459 -1.7497573
-1.4904038 -2.1717408
-1.9313297 -2.1960819
-1.6742198 -2.0694287
-1.7855071 -2.0188847
-1.9450402 -1.8737825
-2.0233212 -1.6282815
-2.0643020 -1.3394141
-2.0957088 -1.0157629
-2.1309969 -0.7020428
-2.7243001 -0.3447269
0.0000000 0.0000000
0.0000000 0.0000000
-7.6092348 0.8242108
-6.1824899 1.5451647
-6.2666469 2.4245362
-6.4236321 3.4014935
-6.6409678 4.5767732
-7.1047969 6.1154017
-6.1971827 7.0415339
-3.4224658 6.6689258
0.2784042 5.3441057
4.9381375 3.1274786
13.1966438 -2.1724257
16.3695221 -1.3877032
33.1489220 2.4334974
1.8728443 -2.6842685
-0.5109220 -2.9973111
-1.8653550 -3.0788801
-1.8425262 -2.6974647
-1.9414246 -2.3775461
-2.2078042 -2.0857816
-2.3347218 -1.7504507
-2.3964782 -1.4059912
-2.4362009 -1.0540004
-2.4753361 -0.7139954
-3.0668821 -0.3537830
0.0000000 0.0000000
0.0000000 0.0000000
-8.0352383 0.7606486
-7.0158424 1.4074371
-7.1695380 2.2279408
-7.4917450 3.1689980
-8.0575361 4.3574753
-8.4426575 5.6594682
-5.9565835 5.7130079
-1.9529879 4.8205938
2.5583842 3.1645138
7.0435338 1.3733251
15.7141991 -2.3415184
17.2124863 -2.1435182
35.3479271 -4.9246516
4.4454122 -2.8159058
0.8279480 -3.8353288
-1.9823259 -4.2277541
-2.4440141 -3.5627093
-2.3365400 -2.8675408
-2.6182432 -2.3544400
-2.7283590 -1.9011352
-2.7757578 -1.4841994
-2.8005123 -1.0925499
-2.8406382 -0.7233434
-3.3692451 -0.3584453
0.0000000 0.0000000
0.0000000 0.0000000
-8.2684727 0.6755499
-7.7470980 1.2289964
-7.9947462 1.9429444
-8.5167866 2.7612579
-9.3814354 3.6894994
-8.7543821 4.4510031
-5.2100039 4.1363406
-0.3760577 2.9539146
4.0437188 1.4033977
8.4976683 0.2846990
16.9544086 -2.7249174
23.9246159 -5.7498274
32.7727509 -2.5548892
7.8379288 -3.5264454
1.7511469 -4.9467516
-2.2539723 -5.0629997
-3.4657080 -4.2465792
-3.0344660 -3.2898777
-3.1900909 -2.5883718
-3.2131681 -2.0266886
-3.2050643 -1.5411745
-3.1901846 -1.1118598
-3.2184856 -0.7196870
-3.6320982 -0.3543080
0.0000000 0.0000000
0.0000000 0.0000000
-8.3535252 0.5617961
-8.3241549 1.0095791
-8.6768198 1.5762604
-9.3940239 2.2072127
-10.2698145 2.6329288
-8.4260750 2.9117815
-4.1089101 2.5149484
0.6613520 1.5478277
5.7291694 -0.2532851
9.7697725 -1.2126962
17.0918369 -3.2275012
32.1465378 -10.6799440
19.6005211 -5.8075957
8.3929281 -5.1034575
2.0472257 -5.6154938
-2.6334150 -5.4649501
-4.5824866 -4.5807705
-3.9775138 -3.5119717
-3.8820388 -2.7132595
-3.7714298 -2.0741816
-3.6723969 -1.5413820
-3.5963621 -1.0899761
-3.5932658 -0.6911371
-3.8551524 -0.3365711
0.0000000 0.0000000
0.0000000 0.0000000
-8.3746605 0.4215058
-8.7375212 0.7291636
-9.1805935 1.1187569
-10.0160084 1.5334762
-10.8183432 1.6825075
-7.9612813 1.6644951
-3.1267793 1.1279122
1.8865135 0.3477449
6.5574656 -0.9072611
11.4671116 -2.5034785
18.4195461 -3.7934101
37.9970703 -10.3987370
13.2386847 -5.9146605
8.4099455 -5.6627741
2.0842462 -5.6808209
-3.2770386 -5.5208206
-5.6985173 -4.5444160
-5.0525632 -3.4962265
-4.6411529 -2.6766942
-4.3635826 -2.0016274
-4.1495295 -1.4547508
-3.9974952 -1.0077624
-3.9436252 -0.6268929
-4.0364151 -0.3014571
0.0000000 0.0000000
0.0000000 0.0000000
-8.3648024 0.2598571
-8.9868393 0.3998745
-9.4995546 0.5887516
-10.4550524 0.8040224
-11.1152363 0.7319738
-7.4503303 0.6813626
-2.0488935 0.2408341
3.1457205 -1.0015013
7.2061324 -1.1267689
12.8161840 -2.5790625
24.3450775 -6.8997355
37.6308899 -10.7723103
12.9126301 -6.1132345
8.2611265 -5.4587259
2.4548471 -5.2179546
-3.7276688 -5.1870203
-6.8909755 -3.9874785
-6.1514034 -3.2494009
-5.4125352 -2.4428470
-4.9435105 -1.7771440
-4.6022944 -1.2600818
-4.3653817 -0.8533598
-4.2456217 -0.5201188
-4.1780243 -0.2468229
0.0000000 0.0000000
0.0000000 0.0000000
-8.3563528 0.0863840
-9.0694895 0.0265298
-9.6220274 0.0097198
-10.6317406 0.0026354
-11.2806320 -0.1564890
-6.9602394 -0.3107101
-1.1623923 -0.4784818
3.7610173 -1.8664093
8.8193274 -2.9068837
13.4565582 -3.0597198
33.8741035 -9.1319075
28.3217716 -8.5890617
12.3671608 -5.0189419
7.7318392 -4.4951739
2.4889410 -4.1460648
-3.7159111 -4.3338695
-7.9919391 -2.8811491
-7.1737742 -2.6871860
-6.1167436 -1.9703798
-5.4605436 -1.3848975
-4.9921136 -0.9489026
-4.6689029 -0.6234417
-4.4775195 -0.3700961
-4.2747154 -0.1714277
0.0000000 0.0000000
0.0000000 0.0000000
-8.2494421 -0.1006362
-8.9520884 -0.3597364
-9.5241890 -0.5964845
-10.6160679 -0.8031750
-11.3695145 -1.1559601
-6.5480957 -1.1718849
-0.5597395 -1.3490959
3.9868608 -1.6412731
9.7172070 -3.2929873
17.4006367 -4.6784735
38.2375336 -11.0142698
23.7502308 -7.4452353
12.0541649 -4.4980397
7.2276845 -3.7013080
2.0079055 -3.1513841
-3.3788865 -2.9335330
-8.9073143 -1.6844412
-8.0308647 -1.7682341
-6.6792550 -1.2313156
-5.8501692 -0.8174207
-5.2713647 -0.5284203
-4.8741994 -0.3271562
-4.6218872 -0.1831173
-4.3303194 -0.0765802
0.0000000 0.0000000
0.0000000 0.0000000
-7.9481373 -0.2885345
-8.6215572 -0.7476842
-9.1925440 -1.2099508
-10.2742796 -1.6998553
-11.2503328 -2.4563465
-6.4105453 -2.2156317
-0.2200421 -2.4044416
4.4609690 -2.1332829
10.8566141 -3.0985496
25.7745476 -8.3036394
39.1444244 -10.2199879
17.3906002 -5.7558732
10.6651773 -3.4641397
6.4457297 -2.5052693
0.9631048 -2.0696080
-3.6794095 -1.0448147
-9.6328363 -0.0994304
-8.5085382 -0.4837826
-6.9871521 -0.2838488
-6.0545621 -0.1257177
-5.4045634 -0.0322289
-4.9580464 0.0145606
-4.6701093 0.0311351
-4.3486853 0.0273841
0.0000000 0.0000000
0.0000000 0.0000000
-7.4595928 -0.4663821
-8.0800190 -1.1150272
-8.6020031 -1.8058140
-9.5485277 -2.5715411
-11.0075960 -3.6208684
-6.6483808 -3.4516790
-0.6203334 -3.1923301
4.7555542 -3.1908422
12.0658865 -4.0205574
27.7464943 -9.5170145
37.1713638 -10.8146114
16.1919308 -3.6059182
9.3353672 -2.2178946
6.1077495 -1.4490508
0.1400022 -0.9093235
-4.7230949 0.3175000
-9.9628048 1.5549412
-8.4793062 0.9815667
-7.0051169 0.7732038
-6.0412116 0.6294199
-5.3673906 0.5030289
-4.9027281 0.3803141
-4.5993819 0.2594484
-4.2647376 0.1359314
0.0000000 0.0000000
0.0000000 0.0000000
-6.8031840 -0.6234895
-7.3444815 -1.4346974
-7.7721581 -2.3194315
-8.4650450 -3.3784060
-10.0875778 -4.9802341
-7.1094003 -5.6680803
-0.6955547 -4.1439991
5.2289801 -4.3222733
16.6993427 -6.2592344
33.1357841 -7.3923287
26.7151127 -2.7515440
11.8080587 -2.1851413
8.7906427 -0.3188648
4.1376863 -0.0520072
-0.9275804 0.7858117
-5.4879398 2.4996939
-9.6994276 3.7177243
-7.9445114 2.3379679
-6.6860733 1.7728190
-5.7875552 1.3617533
-5.1485677 1.0281522
-4.7017169 0.7425305
-4.4050555 0.4861286
-4.0712657 0.2421482
0.0000000 0.0000000
0.0000000 0.0000000
-6.0125971 -0.7485122
-6.4538231 -1.6814756
-6.7472281 -2.7114673
-7.1621685 -3.9185934
-8.2568140 -5.6043715
-6.8997312 -7.6141086
-0.5030422 -6.3952603
5.7386708 -6.4786863
20.0891094 -7.0641837
26.3458328 -8.8969975
31.8783951 -9.7625837
11.9989157 -0.2056255
8.0981770 1.7917120
2.6313577 1.7134337
-2.1609254 3.3855977
-7.4552722 5.8644729
-8.7160110 4.9663296
-7.1357145 3.4661884
-6.0832629 2.6206291
-5.3191071 2.0011027
-4.7599726 1.5000691
-4.3618007 1.0736428
-4.0914588 0.6954129
-3.7725258 0.3391764
0.0000000 0.0000000
0.0000000 0.0000000
-5.1310072 -0.8336917
-5.4627104 -1.8366117
-5.6067548 -2.9341302
-5.7619500 -4.2157474
-6.0234060 -5.9570789
-5.7768545 -8.5732212
-0.9206748 -9.6465492
7.9651914 -9.0123796
17.9226437 -8.6694212
24.7003078 0.6703153
21.7819405 1.9891374
11.1991434 3.9248340
6.1317382 4.2059326
2.0878985 5.0649190
-3.2374887 6.9677052
-8.4121656 8.2501488
-6.9776978 5.7318640
-6.0321412 4.3280292
-5.2777710 3.3005512
-4.6894631 2.5149860
-4.2359538 1.8895701
-3.9036357 1.3548381
-3.6720557 0.8756316
-3.3785229 0.4220782
0.0000000 0.0000000
0.0000000 0.0000000
-4.2069473 -0.8767198
-4.4342175 -1.8971137
-4.4476905 -2.9949453
-4.3981018 -4.2688937
-4.3257928 -5.8064480
-4.0772457 -7.8255463
-1.6574672 -10.4163895
5.7574005 -9.1285286
13.3008308 -6.8814597
19.1483841 -2.8451321
16.3844395 5.1385970
14.9923487 3.7292027
3.1061361 9.0463448
0.5609909 9.4594994
-3.7502513 10.6051025
-5.5351071 8.3074245
-5.1975880 6.2504306
-4.7568331 4.8513575
-4.3259330 3.7705402
-3.9354641 2.9057162
-3.6102598 2.1886985
-3.3539732 1.5758952
-3.1669166 1.0209694
-2.9055245 0.4891127
0.0000000 0.0000000
0.0000000 0.0000000
-3.2833939 -0.8813860
-3.4261725 -1.8743972
-3.3542302 -2.9088340
-3.1794369 -4.0208964
-2.8499708 -5.2204790
-2.2221899 -6.6084828
-0.5472818 -7.8377233
3.3359566 -8.7713661
7.8363738 -4.9745626
11.8075371 1.6994172
12.6930962 8.1002245
9.8404570 13.2418585
6.1525359 11.5259314
-0.1900058 12.5670671
-2.4695106 10.1957712
-3.3000453 8.0149593
-3.5491576 6.3819752
-3.5043862 5.1023808
-3.3272154 4.0566730
-3.1121919 3.1742752
-2.9089556 2.4104505
-2.7350063 1.7386792
-2.5958309 1.1298556
-2.3753569 0.5396285
0.0000000 0.0000000
0.0000000 0.0000000
-2.3921804 -0.8572752
-2.4699590 -1.7954271
-2.3533545 -2.7293530
-2.1085634 -3.6564269
-1.6703234 -4.5281224
-0.8678830 -5.3001614
0.5930905 -5.7385902
2.5447462 -5.4126558
4.9047647 -3.9775221
6.6584702 -0.3664204
7.0032477 3.1772747
5.9986486 6.7915730
3.2526112 9.2104416
0.5622157 9.3749533
-1.1076865 8.5813074
-1.9409688 7.4015460
-2.2906318 6.2365341
-2.3974457 5.1625710
-2.3706317 4.1971993
-2.2806375 3.3379281
-2.1706355 2.5658779
-2.0685399 1.8592114
-1.9750255 1.2087759
-1.7913743 0.5784039
0.0000000 0.0000000
0.0000000 0.0000000
-1.5492638 -0.8176824
-1.5849723 -1.6961595
-1.4634701 -2.5374520
-1.2289391 -3.3103611
-0.8364007 -3.9274662
-0.2065575 -4.2925544
0.7245785 -4.3097000
1.8426334 -3.6573274
2.9004519 -2.2358062
3.7067065 0.3417384
3.9293904 2.5543320
3.2630544 4.8744330
1.9988322 6.6200943
0.5772385 7.3829045
-0.5178235 7.2813816
-1.1000012 6.7508192
-1.3627157 5.9969802
-1.4649056 5.1528945
-1.4804054 4.2880793
-1.4546174 3.4523497
-1.4104903 2.6684303
-1.3650565 1.9366734
-1.3228612 1.2522904
-1.1670141 0.6196632
0.0000000 0.0000000
0.0000000 0.0000000
-0.7162993 -0.8404905
-0.7018519 -1.6923506
-0.6326419 -2.4190764
-0.5095736 -2.9538541
-0.3020951 -3.2358618
0.0285361 -3.3680725
0.4626388 -3.2337527
0.9328761 -2.5521739
1.3107624 -1.3462687
1.6366473 0.4870335
1.6662192 2.2086432
1.3288763 3.9487247
0.7627122 5.2631216
0.1524064 5.9278483
-0.3214479 6.0104346
-0.5728176 5.9180651
-0.6891034 5.6131554
-0.7144030 5.1342974
-0.7008147 4.5187087
-0.6715808 3.8126235
-0.6394181 3.0594234
-0.6136610 2.2916446
-0.6073638 1.5325344
-0.5639935 0.8538949
0.0000000 0.0000000
0.0000000 0.0000000
0.0000000 0.0000000
0.0000000 0.0000000
0.0000000 0.0000000
0.0000000 0.0000000
0.0000000 0.0000000
0.0000000 0.0000000
0.0000000 0.0000000
0.0000000 0.0000000
0.0000000 0.0000000
0.0000000 0.0000000
0.0000000 0.0000000
0.0000000 0.0000000
0.0000000 0.0000000
0.0000000 0.0000000
0.0000000 0.0000000
0.0000000 0.0000000
0.0000000 0.0000000
0.0000000 0.0000000
0.0000000 0.0000000
0.0000000 0.0000000
0.0000000 0.0000000
0.0000000 0.0000000
0.0000000 0.0000000
0.0000000 0.0000000
0.0000000 0.0000000
0.0000000 0.0000000
0.0261020 -0.0456169
0.0000000 0.0000000
-0.1136141 -0.0129353
-0.3536991 0.3031521
-0.4476310 0.8815114
0.0000000 0.0000000
-1.4395802 0.8966541
-0.4997014 1.8237064
-0.4676860 2.7071178
0.0000000 0.0000000
-1.3276073 2.2394350
-0.3861154 3.4193044
-0.3473966 4.0211596
0.0000000 0.0000000
-0.8878306 3.1818180
-0.3049357 4.5511646
-0.3015928 5.0320716
0.0000000 0.0000000
-0.7830174 3.9845152
-0.3054380 5.5426702
-0.3250998 6.0562329
0.0000000 0.0000000
-0.8436968 4.8446608
-0.3421215 6.6317286
-0.3777556 7.1910424
0.0000000 0.0000000
-0.9450070 5.7557521
-0.3996807 7.8778348
-0.4721095 8.5294991
0.0000000 0.0000000
-1.1215090 6.7434669
-0.5245083 9.4497528
-0.6896402 10.2786655
0.0000000 0.0000000
-1.5212057 7.9307966
-0.8432505 11.7619944
-1.1855345 13.0376301
0.0000000 0.0000000
-2.4831200 9.7838078
-1.7200719 15.4915953
-1.9651667 18.3716011
0.0000000 0.0000000
-4.7335377 14.3459940
-1.8491462 21.2375259
-2.3130848 25.3271465
0.0000000 0.0000000
2.9321744 14.1174717
4.5751834 17.1773720
8.8890057 10.7227192
0.0000000 0.0000000
12.5459652 10.9616127
13.7514830 -8.5825682
-1.5577365 -10.9028006
0.0000000 0.0000000
11.0984993 -7.8228836
-0.2412055 -14.1898165
0.0952711 -14.4549990
0.0000000 0.0000000
-9.8645926 -11.3201838
-0.4832769 -9.8756456
-0.6834834 -7.3585649
0.0000000 0.0000000
-2.2529523 -6.3177385
-0.7457460 -6.7426400
-0.5354103 -5.5410724
0.0000000 0.0000000
-1.4821876 -4.4178152
-0.4287801 -4.8800831
-0.3448089 -4.2019668
0.0000000 0.0000000
-0.9787244 -3.4194942
-0.2781259 -3.7206717
-0.2415406 -3.2624991
0.0000000 0.0000000
-0.6856748 -2.7235324
-0.2077669 -2.9074240
-0.1893488 -2.5684562
0.0000000 0.0000000
-0.5234803 -2.1782124
-0.1700164 -2.2806532
-0.1603713 -2.0047810
0.0000000 0.0000000
-0.4320896 -1.7182062
-0.1478291 -1.7605882
-0.1393109 -1.5148576
0.0000000 0.0000000
-0.3821783 -1.3128136
-0.1364315 -1.2906370
-0.1434458 -1.0554584
0.0000000 0.0000000
-0.4053217 -0.9275207
-0.1637253 -0.7884735
-0.1715414 -0.5089250
0.0000000 0.0000000
-0.4921293 -0.4601249
-0.1466884 -0.2494613
-0.0819488 0.0009443
0.0000000 0.0000000
-0.1489166 -0.0308706
0.0000000 0.0000000
0.0000000 0.0000000
-0.1475055 0.0422978
-0.4674746 0.1254203
-1.5210203 0.5142029
-2.0461540 1.1502118
-2.7179780 1.2418755
-2.0291276 1.8199655
-1.7720830 2.2968965
-2.1848094 2.1627350
-1.4348243 2.6963451
-1.2674328 3.1516099
-1.7264880 2.9658341
-1.2295722 3.5604272
-1.2431256 4.0074053
-1.7015222 3.8782332
-1.2799675 4.4727788
-1.3360776 4.9212141
-1.7602161 4.7652893
-1.3823814 5.4083934
-1.4797876 5.8308187
-1.8754103 5.6020732
-1.5703573 6.3713913
-1.7812320 6.7789292
-2.1457829 6.3946671
-1.9982569 7.4528093
-2.4769845 7.8407354
-2.7910335 7.0532999
-2.9674599 8.8306284
-4.2066646 9.0687895
-4.3057184 7.2201800
-5.6797776 10.6010838
-9.0652409 11.6808500
-9.9146500 7.7253480
-1.6426889 8.6927299
6.2744570 11.4923086
11.0592737 11.0977097
11.1533241 8.8145466
19.8477859 4.6640773
25.3762951 5.1746602
28.1970768 -4.6751518
20.7622852 -3.1480153
25.7466717 -1.8030467
-0.6000533 -8.0675631
-11.8216400 -7.9986849
-10.4719963 -5.1308570
-4.1190310 -6.0594549
-3.0892909 -5.7942867
-4.1506906 -4.4207563
-2.4425037 -4.7746806
-1.8995504 -4.0283594
-2.4825573 -3.5006251
-1.5399169 -3.6229546
-1.2776711 -3.1922953
-1.6648456 -2.9443419
-1.0586590 -2.8520138
-0.9267882 -2.5775166
-1.2147548 -2.4526699
-0.8055375 -2.2979100
-0.7374972 -2.0816367
-0.9711536 -2.0175867
-0.6708691 -1.8467256
-0.6332890 -1.6546137
-0.8387371 -1.6182432
-0.5922419 -1.4440030
-0.5691683 -1.2617830
-0.7618964 -1.2332554
-0.5545571 -1.0746462
-0.5806115 -0.8838006
-0.7739102 -0.8739611
-0.6579687 -0.6668690
-0.7339352 -0.4628807
-0.9540169 -0.4861523
-0.7105510 -0.2423204
-0.2226305 -0.0574195
-0.3575517 -0.0787530
0.0000000 0.0000000
0.0000000 0.0000000
-0.7915601 0.1792555
-1.2356372 0.2490948
-2.8315666 0.7140357
-3.2804558 1.3544365
-3.7497869 1.4130224
-2.9953332 1.8688840
-2.5262897 2.1379921
-2.9035814 2.1024976
-2.2356553 2.4963362
-2.1472201 2.9727027
-2.6228952 2.9516675
-2.1438172 3.4284511
-2.1579301 3.8830454
-2.6118586 3.8568087
-2.1719921 4.3292160
-2.2043748 4.7482724
-2.6179965 4.7075033
-2.2371473 5.1885300
-2.3244414 5.5499477
-2.6781921 5.4818225
-2.3969049 5.9992428
-2.5938873 6.2548304
-2.8353026 6.0970144
-2.7604735 6.7089338
-3.1759875 6.7772989
-3.2380650 6.4653230
-3.5236781 7.1484542
-4.1798358 7.0508595
-4.1290903 6.5158191
-4.1695919 7.3387794
-9.4240665 7.4562168
-8.7809925 7.3712292
-9.0982056 6.0155296
7.6575522 6.7201028
12.7560949 1.7912012
16.5679245 6.0711346
24.0667305 7.8660116
29.1539440 3.2911296
34.0013885 -5.7795343
29.9213352 1.4587814
34.2087936 5.6508446
-4.8837471 -1.7221206
-9.3890715 -3.9835107
-11.0270882 -2.2029388
-5.1494427 -3.8583817
-4.3014145 -3.4713869
-5.7034407 -3.1327996
-3.1596041 -3.2092371
-2.6005893 -2.9869387
-2.9522941 -2.6652651
-2.1173425 -2.7379754
-1.8221861 -2.6362336
-1.9911693 -2.3985350
-1.5539771 -2.3995926
-1.3932325 -2.2844980
-1.5543689 -2.1514831
-1.2371435 -2.0620987
-1.1516234 -1.9270639
-1.3155264 -1.8566997
-1.0653290 -1.7209513
-1.0197482 -1.5706823
-1.1887496 -1.5359843
-0.9723002 -1.3709543
-0.9493719 -1.2104344
-1.1211895 -1.1920334
-0.9251305 -1.0201482
-0.9479789 -0.8553014
-1.1172400 -0.8479542
-1.0264241 -0.6782540
-1.1420573 -0.5031476
-1.3296933 -0.5133366
-1.2015030 -0.2908136
-0.5030435 -0.0942407
-0.6703317 -0.1059230
0.0000000 0.0000000
0.0000000 0.0000000
-1.7242079 0.2995534
-2.2923067 0.3474584
-4.1882396 0.8285201
-4.1930952 1.4525454
-4.5460687 1.4639553
-3.6620197 1.8605475
-3.2404206 2.0987349
-3.6560104 2.0963273
-3.0895419 2.4994807
-3.0719006 2.9877439
-3.5345607 2.9805446
-3.0587301 3.4288313
-3.0335290 3.8855720
-3.5058708 3.8764412
-3.0338938 4.3107471
-3.0228918 4.7470899
-3.4742992 4.7530370
-3.0322328 5.1483541
-3.0329735 5.5209913
-3.4161289 5.5304618
-3.0419288 5.8607712
-3.1000061 6.0935264
-3.3124163 6.0863791
-3.1241274 6.3142662
-3.3434279 6.2605495
-3.2105565 6.1251712
-3.5303540 6.2719588
-4.1869187 5.7176971
-3.5492206 5.2212687
-5.0762935 5.2816930
-9.1803217 5.7719388
-7.0125136 3.4320619
1.2487965 -4.7825174
10.2300444 0.6979240
8.5681152 -0.4828472
15.3341942 4.8593688
17.3724537 5.7561655
25.4602852 -0.5073893
35.3642845 -2.3838351
33.9783440 5.7709394
22.3122501 4.9845238
10.3520842 0.6687335
-7.9775915 2.5119982
-1.9432800 5.6165686
-6.5459833 0.0224527
-5.2812099 -1.3165580
-3.0041158 0.2012955
-3.5245407 -1.4372879
-2.9136481 -1.9626749
-2.3300688 -1.4416056
-2.2907538 -1.9516749
-2.0386865 -2.0987799
-1.8942399 -1.8805441
-1.8009740 -2.0084717
-1.6704701 -2.0085776
-1.6981572 -1.9029200
-1.5329837 -1.8603810
-1.4642205 -1.7862493
-1.5635047 -1.7326690
-1.3897793 -1.6162140
-1.3529260 -1.4997782
-1.4875816 -1.4718544
-1.3137167 -1.3233591
-1.2967770 -1.1785221
-1.4505053 -1.1657578
-1.2765068 -0.9930223
-1.2881660 -0.8392985
-1.4473963 -0.8328187
-1.3463464 -0.6878567
-1.4914094 -0.5197415
-1.6614953 -0.5212595
-1.6747067 -0.3138828
-0.8573425 -0.1134418
-1.0462261 -0.1195901
0.0000000 0.0000000
0.0000000 0.0000000
-2.8798971 0.3818374
-3.5209816 0.4069575
-5.4346085 0.8793091
-4.8974490 1.4551599
-5.1966820 1.4307402
-4.2729053 1.8039302
-4.0367236 2.1032329
-4.4808722 2.1018300
-3.9868717 2.5375218
-3.9748302 3.0095813
-4.4477773 3.0025451
-3.9622736 3.4472210
-3.9256504 3.9392557
-4.4424186 3.9377959
-3.9300876 4.3689890
-3.8547056 4.8731656
-4.3942838 4.8900523
-3.8435495 5.2535200
-3.7036207 5.7321105
-4.2679176 5.8370800
-3.6517286 6.0492349
-3.4835618 6.3990173
-3.8834951 6.7374859
-3.2638667 6.6074901
-3.0888908 6.5898600
-3.1649833 7.1676655
-2.7886198 6.4684157
-2.5034800 6.0193095
-2.0204053 6.3615627
-1.8646109 4.5481114
-3.3681269 4.3101268
-2.2466178 5.1271319
6.3162622 -3.8110259
9.5946960 0.0384271
10.5417795 0.5600438
13.7679272 0.8094816
19.3741360 1.1375259
20.0754032 -0.5480736
34.6962967 1.0432158
35.6526871 1.7926693
25.7869415 0.9546535
0.4642673 0.0692643
-0.1328963 3.1058431
-0.9731069 -0.1067169
-3.1014593 -0.9046740
-2.9816210 -0.5064818
-2.3801317 -0.6280997
-2.6369944 -1.3883846
-2.3180344 -1.4954244
-1.9887493 -1.4470553
-2.0109315 -1.7113644
-1.9092973 -1.8312206
-1.7489244 -1.7876440
-1.8295662 -1.8401152
-1.7843257 -1.8618032
-1.7708290 -1.8382446
-1.7219809 -1.7670637
-1.6948677 -1.7088597
-1.7665095 -1.6954193
-1.6581185 -1.5654777
-1.6428431 -1.4590578
-1.7606106 -1.4500363
-1.6245357 -1.3025182
-1.6174065 -1.1606467
-1.7613897 -1.1549634
-1.6111592 -0.9867873
-1.6173959 -0.8306579
-1.7739526 -0.8268054
-1.6554152 -0.6923483
-1.8114007 -0.5211374
-1.9726868 -0.5184988
-2.1164432 -0.3277567
-1.2528863 -0.1242943
-1.4562345 -0.1280142
0.0000000 0.0000000
0.0000000 0.0000000
-4.1536589 0.4216441
-4.8125062 0.4258986
-6.4733167 0.8813472
-5.5040693 1.3910737
-5.8027229 1.3419725
-4.9628654 1.7152315
-4.8944883 2.1045625
-5.3470168 2.0847955
-4.8928056 2.5460443
-4.8867607 3.0190551
-5.3852658 2.9943597
-4.9020443 3.4712145
-4.8900838 4.0017591
-5.4500875 3.9905601
-4.9033294 4.4611754
-4.7881880 5.0652933
-5.4997568 5.0946622
-4.8404808 5.5111837
-4.6191206 6.2677212
-5.4949169 6.4960852
-4.5573659 6.7561064
-4.2799554 7.3209524
-4.7054029 7.7161627
-3.6401489 7.6816893
-2.9021862 7.6215549
-2.8170753 7.5669727
-1.8766763 7.2387195
-0.6847433 6.4621983
-0.1963374 5.9937201
0.5534450 5.0226259
-0.2481361 4.8494143
0.9828519 3.8458781
10.3632956 -1.9688905
12.2398806 1.5640333
12.0936489 1.0426716
14.0510941 0.7223704
20.5813828 -0.8296214
22.7546730 -0.4357944
33.1084061 -4.3606496
34.4552612 -1.4198436
17.8481998 1.0982091
2.6055472 -1.4076846
1.3904673 -0.2276960
-0.6627055 -2.0291629
-1.4839377 -2.1306884
-1.8780279 -1.1604257
-2.1310420 -1.9809365
-2.0407672 -1.9159214
-1.9081925 -1.7216189
-1.8972826 -2.0749586
-1.7602346 -1.8800046
-1.7629788 -1.9064795
-1.7001473 -2.0503135
-1.8154094 -1.9109939
-1.8609892 -1.8946149
-1.8715001 -1.9613678
-1.8858064 -1.8072038
-1.9037901 -1.7243361
-1.9852089 -1.7567309
-1.9127262 -1.5895469
-1.9199138 -1.4648310
-2.0411184 -1.4779612
-1.9258151 -1.3178643
-1.9286121 -1.1618781
-2.0744326 -1.1659987
-1.9395854 -1.0014430
-1.9449157 -0.8306171
-2.1043828 -0.8301061
-1.9717808 -0.6981063
-2.1202271 -0.5173011
-2.2798319 -0.5136477
-2.5198109 -0.3397133
-1.6753453 -0.1315479
-1.8896230 -0.1339079
0.0000000 0.0000000
0.0000000 0.0000000
-5.4431615 0.4224319
-6.0770516 0.4102761
-7.2658653 0.8506898
-6.1073923 1.2808541
-6.4293504 1.2100013
-5.7581859 1.6045433
-5.7681608 2.0581522
-6.2166638 2.0002964
-5.8050919 2.4822838
-5.8363628 2.9762702
-6.3466516 2.9100897
-5.9042616 3.4402521
-5.9265413 4.0182900
-6.5409036 3.9653583
-6.0152392 4.5294886
-6.0232906 5.3021121
-6.9303064 5.3442178
-6.2225108 5.9579186
-6.1813006 6.8482599
-6.8460407 6.8591561
-5.6784229 7.4147730
-4.8764338 7.5490904
-4.7669001 7.2023191
-3.5318980 7.5488186
-2.0729694 7.1233115
-1.6025605 6.1559410
-0.2853406 6.4854116
1.6565151 5.3179646
2.5987329 4.1231217
3.6316204 4.0295362
2.8647821 3.0398295
4.1741185 2.1345453
12.7372408 -1.6629533
13.7670422 0.8023533
14.0051270 -0.4040973
15.9096766 -0.5880197
20.5560989 0.3524908
23.1660843 -2.0069418
36.1384926 -1.3150543
34.4911537 -2.8921697
29.1144714 -3.2973430
0.5110573 -3.0363200
-0.0310587 -1.3840827
0.6543979 -1.4035568
-1.0831627 -2.4872792
-1.8057256 -2.3260396
-1.4129196 -2.9735100
-1.9704508 -2.5917478
-1.9820607 -2.4530602
-1.9826969 -2.9279854
-1.8067259 -2.3456738
-1.8189671 -2.2706206
-1.8496866 -2.5162821
-1.9049765 -2.1812737
-2.0126994 -2.0894535
-2.0772102 -2.2154672
-2.1069584 -1.9709880
-2.1538308 -1.8294275
-2.2709231 -1.8950070
-2.1992905 -1.6841105
-2.2191429 -1.5167216
-2.3629813 -1.5457846
-2.2443304 -1.3710946
-2.2510624 -1.1839106
-2.4093363 -1.1945699
-2.2737117 -1.0338615
-2.2796953 -0.8391861
-2.4476337 -0.8411413
-2.3057616 -0.7089670
-2.4303482 -0.5126411
-2.5942137 -0.5083658
-2.8822398 -0.3500552
-2.1178782 -0.1369834
-2.3413804 -0.1385692
0.0000000 0.0000000
0.0000000 0.0000000
-6.6675320 0.3918811
-7.2444830 0.3676998
-7.8096457 0.7956610
-6.7509480 1.1328415
-7.0950394 1.0486755
-6.5983696 1.4755994
-6.6254539 1.9323862
-7.0548282 1.8308164
-6.7187696 2.3308125
-6.8008761 2.8346591
-7.3040042 2.7058148
-6.9570985 3.2914293
-7.0849266 3.9124398
-7.7296100 3.7826059
-7.3646178 4.4835076
-7.6587563 5.3697443
-8.4604015 5.1916332
-7.7722960 6.0113978
-7.2620382 6.5111847
-7.3286939 5.9949536
-5.9562149 6.6480927
-4.5533152 6.2163367
-4.0822420 5.5409899
-2.6919711 5.8560610
-0.5397656 5.1582937
0.3152942 3.9497011
1.5855405 4.1144328
3.8884761 3.0092881
4.7812552 2.1609726
6.1816416 2.0476651
5.6316242 1.5524796
6.4959450 0.8934007
15.0477304 -2.1945486
15.1609287 -0.9797074
15.9141932 -1.5332640
16.5405045 -1.8712786
21.8505516 -3.1891494
32.0670738 -7.6589637
36.2135620 -8.3392897
26.7718639 -3.0647259
19.6470795 -2.0197096
1.8706031 -3.0488322
0.6492370 -1.7253296
3.4121056 -1.3207692
-0.3976355 -2.9273276
-1.4843669 -3.5041420
-0.5470329 -3.7500293
-2.1205206 -3.5908101
-2.3934917 -3.4352000
-2.4317105 -3.8436537
-2.2438285 -3.1101317
-2.1729758 -2.8425782
-2.3520424 -3.1323020
-2.1927330 -2.6147749
-2.3066413 -2.3955107
-2.4612222 -2.5443549
-2.4445939 -2.2203395
-2.4935780 -1.9957989
-2.6680162 -2.0693135
-2.5534828 -1.8268952
-2.5685487 -1.5970267
-2.7477872 -1.6283966
-2.6002834 -1.4470310
-2.6016181 -1.2177519
-2.7808800 -1.2276778
-2.6265409 -1.0748981
-2.6294184 -0.8512705
-2.8084013 -0.8511759
-2.6597335 -0.7207820
-2.7512736 -0.5073182
-2.9237587 -0.5019007
-3.2044427 -0.3575393
-2.5757933 -0.1408304
-2.8059130 -0.1414689
0.0000000 0.0000000
0.0000000 0.0000000
-7.7655416 0.3392399
-8.2654572 0.3079132
-8.1407862 0.7208297
-7.4265184 0.9549885
-7.7631726 0.8538424
-7.3856459 1.3202102
-7.4372301 1.7063265
-7.8246508 1.5562285
-7.5923796 2.0922143
-7.7399225 2.5484855
-8.2008762 2.3427117
-8.0150633 2.9810071
-8.3072577 3.6060388
-8.9125786 3.3614376
-8.7516174 4.0701241
-9.1282415 4.8985386
-9.5777903 4.4830160
-8.6274204 5.1935692
-7.2689338 5.1844459
-7.0078158 4.4440837
-5.5361738 5.0436540
-3.5060945 4.4484649
-2.7456443 3.4847176
-1.0304551 3.4248736
1.2076321 2.6813786
1.8475610 2.2447486
3.2051427 2.1199405
5.5185771 1.4502637
6.3192725 0.9022820
7.7811050 0.7872103
7.7596550 0.2009668
9.0189676 -0.7850814
16.7890148 -2.4622862
17.1091862 -1.4776028
16.9728622 -2.0116532
20.2882156 -2.6337514
30.4327221 -8.3624783
35.6535988 -7.2687235
31.8726177 -4.0309954
13.8444319 -4.7485065
9.2210369 -3.8309922
7.4756327 -2.2676075
4.1702695 -3.5030451
4.7119818 -4.2012281
1.5192001 -4.3039861
-0.6259377 -4.5397668
-0.3650998 -4.9122214
-2.2147636 -4.6639194
-2.9464602 -4.3865142
-3.2148242 -4.6815705
-3.0276597 -3.9512985
-2.8843207 -3.4863977
-3.2994101 -3.7003672
-2.7383857 -3.0991402
-2.7920558 -2.7310483
-3.0661762 -2.8521142
-2.9346216 -2.4811320
-2.9488914 -2.1660275
-3.1940718 -2.2144897
-2.9916177 -1.9732592
-2.9840040 -1.6738642
-3.2042902 -1.6898439
-3.0038910 -1.5193530
-2.9884732 -1.2451634
-3.1903133 -1.2437911
-3.0030253 -1.1064543
-2.9964931 -0.8566452
-3.1867557 -0.8491173
-3.0307653 -0.7254912
-3.0876458 -0.4983540
-3.2685142 -0.4891912
-3.4864097 -0.3583956
-3.0426311 -0.1424055
-3.2753370 -0.1416130
0.0000000 0.0000000
0.0000000 0.0000000
-8.6982193 0.2729360
-9.1041212 0.2352419
-8.2993698 0.6209691
-8.0729437 0.7456237
-8.3692331 0.6397655
-8.0461531 1.1216196
-8.1622133 1.3838379
-8.4805269 1.2029881
-8.3570290 1.7662495
-8.5925522 2.0988348
-8.9686842 1.8360745
-8.9792919 2.4989567
-9.4410067 3.0521011
-9.8860426 2.6747785
-9.8615713 3.2034912
-9.9028358 3.9150803
-10.0332327 3.3463340
-8.5741968 3.7136810
-6.7859440 3.6726663
-6.4754381 2.9979095
-4.6519747 3.2988107
-2.0118423 2.7520292
-1.5673103 1.9054085
0.0314716 2.3856926
2.3038359 1.7953960
3.0426962 0.9010024
4.8825536 0.5896584
7.0458231 0.1300242
7.8152518 -0.4996811
9.1265182 -0.3678727
10.3957090 -1.9121388
12.1452007 -2.4995174
17.0087585 -3.1348946
18.3852520 -3.3797677
19.5976105 -3.9793687
30.2558079 -9.2558575
35.9123039 -11.3653994
37.2394905 -9.0377350
25.4116306 -6.9195380
8.6161833 -4.4441066
9.4556742 -4.9908257
8.6308088 -4.4295945
5.1643920 -5.0120082
5.3071079 -5.5600810
2.4633048 -5.2709212
-0.2859150 -5.3486638
-0.4073536 -5.6185870
-2.4336064 -5.3166337
-3.6709771 -4.9786062
-4.0503092 -5.1264844
-4.0794277 -4.4582095
-3.8901849 -3.9302285
-4.4269924 -4.0562062
-3.5411453 -3.4361835
-3.4774323 -2.9886272
-3.8605690 -3.0322874
-3.5618939 -2.6731880
-3.5138776 -2.2705469
-3.8217285 -2.2680633
-3.5098050 -2.0672846
-3.4624436 -1.7072086
-3.7180650 -1.6891290
-3.4496706 -1.5522794
-3.4083462 -1.2427797
-3.6279612 -1.2193414
-3.3999040 -1.1081845
-3.3761661 -0.8419883
-3.5729690 -0.8202723
-3.4061375 -0.7106874
-3.4362936 -0.4802983
-3.6217232 -0.4645640
-3.7291927 -0.3484077
-3.5082676 -0.1402271
-3.7355776 -0.1369385
0.0000000 0.0000000
0.0000000 0.0000000
-9.4273720 0.1968925
-9.7218952 0.1537696
-8.3534212 0.4934702
-8.6251249 0.5291030
-8.8497200 0.4152757
-8.5434923 0.8735433
-8.7459202 1.0056798
-8.9782639 0.8048185
-8.9532232 1.3570458
-9.2829256 1.5412329
-9.5388727 1.2440435
-9.7417383 1.8827951
-10.2520761 2.2555149
-10.5510578 1.8628802
-10.5564394 2.1667376
-10.1061020 2.7851532
-10.0947933 2.2690396
-8.1948290 2.2846889
-6.1291132 2.3444786
-5.7261548 1.7330918
-3.6597669 1.8035080
-1.1281326 1.3958710
-0.6631160 0.7780848
1.2280141 0.9487067
3.7460494 0.1962908
4.2726293 -0.3495930
6.2208309 -0.7554110
8.4702311 -0.9444975
9.1071787 -1.2555777
10.5453033 -2.0150659
13.6657801 -2.8281646
14.6898355 -2.9097099
17.5542145 -3.3922319
23.9090347 -5.9598036
28.3645706 -7.9291964
34.9186478 -10.0293427
36.2004242 -9.0505266
28.4470253 -7.1399150
16.1129017 -5.5847535
9.5947771 -5.1143174
10.2096672 -5.3318682
8.8484707 -5.4517112
5.3631825 -5.6629424
5.4137449 -5.8177304
2.7141764 -5.6752381
-0.2993844 -5.6918979
-0.7051367 -5.7725787
-2.8333058 -5.5415654
-4.5172949 -5.2443709
-4.9969168 -5.2571983
-5.1614428 -4.6300411
-5.0176268 -4.1532178
-5.6173902 -4.1755133
-4.5327210 -3.5361052
-4.3197336 -3.0594716
-4.7743120 -2.9954100
-4.2832975 -2.7261469
-4.1563163 -2.2521381
-4.5012999 -2.1834745
-4.0800214 -2.0589347
-3.9818723 -1.6591201
-4.2550545 -1.5946509
-3.9196177 -1.5122547
-3.8441894 -1.1872298
-4.0684981 -1.1322526
-3.8022439 -1.0583659
-3.7562437 -0.7935191
-3.9498031 -0.7524023
-3.7683685 -0.6655744
-3.7857289 -0.4460436
-3.9666870 -0.4207215
-3.9321940 -0.3222579
-3.9565129 -0.1328471
-4.1676469 -0.1263711
0.0000000 0.0000000
0.0000000 0.0000000
-9.9244413 0.1080009
-10.0845261 0.0647817
-8.3732853 0.3424618
-9.0163765 0.2949348
-9.1439228 0.1720648
-8.8801832 0.5651520
-9.1522646 0.5920196
-9.2865248 0.3724542
-9.3674297 0.8558229
-9.7407160 0.9332580
-9.9015894 0.6205503
-10.2667723 1.1752139
-10.7955790 1.4593630
-10.9637890 1.0154716
-10.9669905 1.2383064
-10.0592670 1.7335396
-9.9879704 1.2135553
-7.6895442 1.1692400
-5.3581715 1.1159728
-4.8712139 0.6410185
-2.7070401 0.5543472
-0.0396739 -0.0759544
0.4848273 -0.4818521
2.4990613 -0.4880574
4.7172451 -0.8534314
5.0618181 -1.2201470
6.8195205 -0.8950166
9.5717640 -1.5864965
10.1201706 -2.1816182
12.1125937 -2.7435086
15.4720507 -2.7725618
16.6043015 -2.3370438
23.6250858 -6.5639954
30.4917908 -10.3616056
36.8191490 -11.7455883
35.7523613 -11.2693520
29.6311493 -9.9374027
22.0255642 -7.8940716
13.0239649 -5.8968215
10.5263090 -5.5175405
11.3106298 -5.1956644
8.5083637 -5.4699221
5.2772851 -5.5784702
5.5843287 -5.0737567
2.6891091 -5.4271741
-0.3464892 -5.5088673
-0.6535810 -5.2382064
-3.3265762 -5.3608103
-5.3983765 -5.1581230
-5.8737240 -5.0033789
-6.2768569 -4.3479805
-6.2259240 -4.1328850
-6.8355684 -4.0093093
-5.6201754 -3.4191098
-5.2357206 -2.8960669
-5.7221570 -2.7071667
-5.0417032 -2.6008735
-4.8294458 -2.0799496
-5.1818795 -1.9294615
-4.6632032 -1.9137114
-4.5073528 -1.5048672
-4.7737083 -1.3838727
-4.3834867 -1.3733164
-4.2697678 -1.0606568
-4.4805269 -0.9681429
-4.1870613 -0.9412840
-4.1165876 -0.7007343
-4.2924266 -0.6360554
-4.0953526 -0.5804458
-4.1157537 -0.3899162
-4.2796512 -0.3537917
-4.0943708 -0.2777131
-4.3651295 -0.1176568
-4.5494261 -0.1071621
0.0000000 0.0000000
0.0000000 0.0000000
-10.1671772 0.0143670
-10.1837339 -0.0286267
-8.3775158 0.1680204
-9.2080717 0.0494439
-9.2127867 -0.0802627
-9.0598869 0.2151274
-9.3620787 0.1466296
-9.3838711 -0.0840550
-9.5931053 0.3011749
-10.0097389 0.2915756
-10.0541096 -0.0547154
-10.5835934 0.4094491
-11.0759592 0.5541922
-11.1862812 0.1069236
-11.1819811 0.3071098
-9.8835955 0.7078929
-9.8041420 0.1954679
-7.1747451 0.2198181
-4.5087900 0.0830564
-4.1203260 -0.4150452
-1.6697172 -0.1614481
0.9703758 -0.8870043
1.2421503 -1.2116671
3.3113332 -1.7423192
5.5565839 -1.6649901
6.1941037 -1.9957664
7.9754086 -2.0257514
10.3497124 -2.9540069
10.8903894 -3.3903775
12.3691912 -2.2410314
18.6999874 -4.6294589
21.5930862 -6.4066358
33.0114517 -9.9298792
39.2368164 -10.0246038
39.0384254 -8.8634377
29.8591976 -7.9146018
18.3732281 -7.0454154
17.2690887 -7.0424862
13.0160780 -5.6162491
10.9973946 -5.1369100
10.1136208 -5.0463877
8.1633863 -5.1308122
5.3266544 -4.6586790
5.1596308 -4.3075566
2.6920824 -4.7206445
-0.2774387 -4.6338449
-0.3961583 -4.1349630
-3.5431654 -4.8053379
-6.1645503 -4.6371684
-6.5905094 -4.2147689
-7.4004679 -3.4694331
-7.4283500 -3.7696564
-8.0361252 -3.3791993
-6.6921725 -3.0425167
-6.1426973 -2.4576430
-6.5982943 -2.1537945
-5.7811522 -2.2474344
-5.4748893 -1.7281060
-5.7919970 -1.4964845
-5.2099962 -1.6041158
-4.9935365 -1.2279594
-5.2284331 -1.0488325
-4.8030996 -1.1200473
-4.6505589 -0.8524514
-4.8292093 -0.7207860
-4.5225377 -0.7489447
-4.4298902 -0.5574944
-4.5723519 -0.4685043
-4.3641095 -0.4520710
-4.4018884 -0.3097352
-4.5307403 -0.2605016
-4.2167320 -0.2125290
-4.7083025 -0.0927048
-4.8511186 -0.0788882
0.0000000 0.0000000
0.0000000 0.0000000
-10.1390467 -0.0667894
-10.0356979 -0.1021622
-8.3563375 -0.0096910
-9.1793985 -0.2248183
-9.0814314 -0.3640276
-9.0514727 -0.1671369
-9.3620863 -0.3303487
-9.2723522 -0.5738412
-9.6141338 -0.2944908
-10.0338936 -0.4114075
-9.9635582 -0.7637782
-10.6575394 -0.3952270
-11.2366438 -0.3310175
-11.2392759 -0.8171044
-11.3109770 -0.6028303
-9.7049074 -0.2561248
-9.6674557 -0.7908718
-6.6676340 -0.7214363
-3.6833563 -0.8151395
-3.5266640 -1.3082299
-0.6551036 -0.8605276
1.7035294 -1.4689420
1.6937853 -1.6483434
3.7168632 -1.7161855
6.6269245 -2.1830168
6.9588680 -2.2359488
9.2556372 -3.3255258
11.8999882 -2.9982371
12.1903505 -3.1569343
16.2692604 -3.9469736
22.0798893 -6.0038080
30.0950279 -8.9699545
36.8410721 -10.6602430
38.2940788 -11.8207312
37.7948151 -12.3187084
27.4539204 -9.7801409
13.4412050 -4.9425435
14.9135761 -4.7811518
11.7827787 -4.4933567
9.7862921 -4.4609838
9.8317919 -3.7889838
7.5363550 -3.9935505
4.9656138 -3.8023887
4.8139868 -3.2757115
2.4521446 -3.6349332
-0.2994294 -3.5022788
-0.4536916 -2.8384733
-3.3865106 -3.6416512
-6.7336345 -3.6241691
-6.8718796 -2.9932609
-8.3720255 -2.2929502
-8.5282984 -2.8504083
-8.9911270 -2.2057416
-7.6507006 -2.3094404
-6.9395752 -1.7536806
-7.3091025 -1.3115541
-6.4074254 -1.6405606
-6.0198207 -1.2006202
-6.2673388 -0.8823725
-5.6626167 -1.1241318
-5.3887110 -0.8278797
-5.5625029 -0.5939328
-5.1383605 -0.7531829
-4.9487200 -0.5611224
-5.0726976 -0.3936414
-4.7783279 -0.4843296
-4.6668000 -0.3627830
-4.7578969 -0.2517830
-4.5557361 -0.2816980
-4.6145954 -0.2053639
-4.6891317 -0.1440054
-4.3031244 -0.1288043
-4.9601212 -0.0595244
-5.0438838 -0.0432861
0.0000000 0.0000000
0.0000000 0.0000000
-9.8817434 -0.1383314
-9.6553373 -0.1706265
-8.1571522 -0.1951064
-8.9497681 -0.5132871
-8.7412167 -0.6500852
-8.8335495 -0.5531406
-9.1539135 -0.8371960
-8.9380455 -1.0813885
-9.4112024 -0.9000421
-9.8633595 -1.1442769
-9.6438923 -1.5261939
-10.5252771 -1.2391554
-11.1567297 -1.3554274
-11.0019121 -1.9294738
-11.3128653 -1.7861252
-9.5269566 -1.4464190
-9.5013704 -2.1267610
-6.3645220 -1.6817139
-3.2987416 -1.7455884
-3.3776162 -2.2073390
-0.0958085 -1.8583885
2.2581367 -2.0376039
2.3887868 -2.4609258
4.2969279 -1.7576004
7.1736746 -2.3608096
7.3879261 -2.5192230
10.1330194 -2.8796597
13.5219793 -3.6146145
15.4789066 -3.6277230
20.6245651 -6.5301423
30.8602505 -9.5255222
37.7870979 -9.6717281
36.8296242 -8.4285507
33.9344292 -6.8440461
26.0951099 -5.1772661
20.1441898 -4.8096094
13.4153738 -4.6486468
11.4894476 -4.7924662
11.5693359 -4.2638531
9.3644934 -3.5866079
8.3884573 -3.2084718
6.8887949 -3.2089534
4.5214534 -2.7421632
4.5166183 -2.1885192
1.8734833 -2.5845628
-0.6630141 -2.2220719
-0.8564245 -1.6241883
-3.4440200 -2.0643597
-7.0068116 -2.2305565
-7.3212256 -1.3100724
-9.2551775 -0.9588768
-9.3017092 -1.4589999
-9.6056213 -0.6664867
-8.3135433 -1.2236128
-7.4868040 -0.7838863
-7.6697001 -0.2754888
-6.8563623 -0.7849428
-6.3915682 -0.5054447
-6.5093517 -0.1264467
-5.9677386 -0.4853656
-5.6450491 -0.3185819
-5.7228451 -0.0434001
-5.3487597 -0.2887030
-5.1281805 -0.1978614
-5.1775603 -0.0034130
-4.9252987 -0.1620840
-4.7971134 -0.1216876
-4.8257194 0.0068933
-4.6542373 -0.0796269
-4.7233992 -0.0728240
-4.7378249 -0.0017969
-4.3522115 -0.0276301
-5.0929198 -0.0245429
-5.1132922 -0.0066633
0.0000000 0.0000000
0.0000000 0.0000000
-9.3970985 -0.2047852
-9.0531673 -0.2343522
-7.7673807 -0.3775088
-8.5121574 -0.7922379
-8.1979036 -0.9175448
-8.4003687 -0.9339628
-8.7115030 -1.3369499
-8.3708258 -1.5641800
-8.9588938 -1.5116018
-9.3925381 -1.9354197
-8.9884558 -2.2874348
-10.0142660 -2.1411767
-10.7901802 -2.4979892
-10.3898544 -3.0328698
-11.2164011 -3.0343728
-9.4282188 -2.6614876
-9.5841255 -3.3719037
-6.3018789 -2.7401485
-3.3045969 -2.6034820
-3.7870913 -3.2216623
-0.0047096 -2.5834081
2.4813766 -2.7458692
2.4005845 -3.3690464
4.7480664 -2.4893832
7.5872860 -3.2578049
7.9980040 -3.8137176
11.0352497 -3.4087608
16.6616268 -4.4729991
20.0477905 -6.4482470
28.5430336 -9.8091469
32.6673088 -11.2212095
36.0745010 -10.7456360
36.1765251 -11.3646564
32.1740646 -10.2847805
27.2064648 -7.1145139
14.7951298 -4.4124584
11.2757759 -3.8401806
12.1958437 -3.2840524
9.6608067 -2.6475439
7.5130634 -2.3487203
6.8870540 -1.6636170
6.2466054 -1.8954226
4.3302879 -1.4887685
4.5232191 -0.7878070
1.1052881 -1.5524163
-1.6873647 -0.8581004
-1.3773017 -0.1257966
-3.8288460 -0.3842949
-7.7517862 -0.2486771
-7.9574432 0.8702744
-9.7839317 0.7001462
-9.6620970 0.2798117
-9.7124386 1.1748929
-8.5362091 0.2192467
-7.6794710 0.3232858
-7.6899509 0.8774342
-7.0086274 0.2379168
-6.5116153 0.3002578
-6.5090747 0.7040645
-6.0587687 0.2465981
-5.7131376 0.2649615
-5.6946321 0.5572169
-5.3957009 0.2315897
-5.1595988 0.2152258
-5.1282287 0.4217776
-4.9398012 0.1949660
-4.8028808 0.1521504
-4.7630272 0.2892677
-4.6446924 0.1435150
-4.7153625 0.0797051
-4.6674490 0.1568208
-4.3236895 0.0811318
-5.0985546 0.0126892
-5.0541997 0.0313409
0.0000000 0.0000000
0.0000000 0.0000000
-8.6994925 -0.2632549
-8.2536163 -0.2879913
-7.1955996 -0.5448012
-7.8755569 -1.0420660
-7.4686184 -1.1451442
-7.7580481 -1.2794728
-8.0399055 -1.7917080
-7.5892138 -1.9801185
-8.2426758 -2.0719905
-8.6267529 -2.6396005
-8.0789318 -2.9351809
-9.1347075 -2.9617472
-9.9946136 -3.6498022
-9.2112484 -4.1388402
-10.8277168 -4.3118577
-9.5425358 -4.3089819
-9.3804789 -5.2954249
-6.6490793 -4.3403239
-3.4265389 -3.6588705
-4.1592851 -4.6878042
-0.1068321 -3.5283241
2.6465249 -3.6050212
2.5444503 -4.1973476
5.3821898 -3.6530199
8.5042601 -4.2610612
9.3899632 -5.1293097
13.8258953 -5.0107694
22.7509499 -8.5653257
25.1023865 -9.5494213
31.9665031 -9.1108913
35.1688919 -6.3437352
32.7774315 -4.2553606
27.3567905 -2.2298002
22.6271095 -1.5042146
18.7365398 -0.9025840
17.2870350 -3.5477269
10.6157551 -3.0687490
8.5466766 -2.6721866
9.1837740 -1.6311978
5.7495360 -1.9420760
4.4816790 -2.0341935
5.7863326 -0.8175089
3.9924753 -0.2908931
2.5187364 0.1787200
0.7639017 -0.2809107
-2.5837712 0.4894641
-3.0520384 1.8070921
-5.4133925 1.5351882
-8.1529942 1.7611471
-9.0563335 2.9997439
-10.1527357 2.4138064
-9.2566929 2.1597900
-8.9533730 2.7473462
-8.2281065 1.6483222
-7.4894762 1.5012830
-7.2683835 2.0379891
-6.8468914 1.2758185
-6.3679128 1.1495337
-6.2060752 1.5428971
-5.9191957 1.0001366
-5.5827274 0.8774266
-5.4488287 1.1639479
-5.2648110 0.7684750
-5.0328379 0.6471476
-4.9138331 0.8512646
-4.8109236 0.5629914
-4.6768603 0.4389745
-4.5643358 0.5755748
-4.5133810 0.3739646
-4.5889115 0.2413294
-4.4754953 0.3186240
-4.1896763 0.1906077
-4.9737940 0.0513306
-4.8623929 0.0705326
0.0000000 0.0000000
0.0000000 0.0000000
-7.8201900 -0.3088976
-7.2958245 -0.3271592
-6.4681573 -0.6861253
-7.0645304 -1.2394376
-6.5905790 -1.3130056
-6.9335375 -1.5654178
-7.1634073 -2.1547351
-6.6355648 -2.2906678
-7.2997761 -2.5288377
-7.5927539 -3.2100070
-6.9560633 -3.4223616
-7.8703728 -3.6665702
-8.5585165 -4.6095142
-7.5887470 -4.8672051
-9.4945593 -5.3850312
-9.2427883 -6.1193800
-8.3684464 -6.5420465
-7.4872131 -6.6684880
-4.3820486 -5.8197699
-3.7885833 -6.5508003
-1.1000859 -5.4627547
2.3095555 -5.1671343
3.0490918 -5.7993622
5.4802036 -5.1711807
10.8276768 -5.6563096
11.6895313 -6.6740866
20.0088749 -7.2256789
22.3849106 -8.0285606
23.9072170 -8.0628901
27.9810238 -7.8198843
28.7775764 -7.9003553
27.1509953 -5.2556400
30.8899384 -10.2755871
25.7416306 -5.3587813
22.1422043 -0.4364836
11.4095678 -1.0553790
9.1428795 -1.0310435
8.7689629 0.8684957
8.9322958 0.7596311
4.6206136 -0.7702351
4.8962560 0.7729368
3.8576324 0.7976324
2.1039677 1.0451888
0.4680842 2.0883696
-0.3724281 1.8924055
-3.4312339 2.8320873
-5.1937490 4.4293203
-7.2185535 3.8101814
-8.8827982 4.8061285
-9.3858213 5.2940226
-9.5311575 4.1041279
-8.3543482 3.5357211
-7.7198582 4.0786171
-7.4957404 2.9592156
-6.9603028 2.5754542
-6.4963260 3.0463719
-6.3654399 2.2469249
-5.9702272 1.9349526
-5.6416283 2.2964227
-5.5476494 1.7076122
-5.2574077 1.4554191
-5.0065508 1.7220517
-4.9574761 1.2777885
-4.7500963 1.0615436
-4.5429382 1.2515590
-4.5392809 0.9159004
-4.4191780 0.7169575
-4.2357950 0.8447530
-4.2604408 0.5951829
-4.3423061 0.3997251
-4.1648989 0.4725127
-3.9482915 0.2944565
-4.7170544 0.0895077
-4.5419264 0.1082458
0.0000000 0.0000000
0.0000000 0.0000000
-6.8029580 -0.3383720
-6.2306256 -0.3491969
-5.6234779 -0.7915059
-6.1218724 -1.3693211
-5.6120830 -1.4090723
-5.9738612 -1.7685736
-6.1313338 -2.3924005
-5.5726495 -2.4618721
-6.1825619 -2.8411658
-6.3510265 -3.5638633
-5.6936588 -3.6648695
-6.4505191 -4.0950551
-6.7936287 -5.0352101
-5.8596339 -5.1682663
-7.3583455 -5.7695522
-7.9797344 -7.2592092
-6.2076435 -7.2670140
-7.4968691 -8.5952959
-5.4886241 -8.5859470
-3.7846878 -9.2991304
-2.2127898 -8.4138460
2.1171737 -8.1939993
3.0652196 -9.3533678
6.0645390 -7.8725824
11.3042803 -8.2026653
10.7793846 -9.4552183
20.5100727 -7.2527385
24.5718994 -4.6328821
23.9340286 -4.1733360
24.2891903 -1.0026407
24.3707809 1.0426462
23.3766594 2.9718485
22.6994781 1.9943842
20.2756786 3.2748094
19.5856113 1.9801633
11.7187510 1.6678854
8.8494720 2.3331079
9.3834085 3.1919179
7.6518631 2.8092647
4.8716345 2.6649580
4.4023519 4.5966735
2.5051959 3.3489163
-0.3243850 4.0175176
-1.0769506 5.9575877
-2.6078136 5.2444196
-5.1622705 6.0566182
-6.6742129 7.7401614
-8.3841410 6.7001014
-8.7976694 6.3927956
-7.6641345 6.7268109
-7.6448407 5.4609203
-7.1584196 4.4697466
-6.3637948 4.9775734
-6.4516959 4.0282459
-6.1217184 3.3865793
-5.5508118 3.7911377
-5.6204576 3.0447063
-5.3455815 2.5848041
-4.9147248 2.8940654
-4.9815001 2.3080821
-4.7585473 1.9505200
-4.4197760 2.1841245
-4.4933138 1.7213840
-4.3269749 1.4251094
-4.0466242 1.5940872
-4.1381764 1.2283624
-4.0406294 0.9663441
-3.7945023 1.0800656
-3.8943634 0.7935310
-3.9830220 0.5437508
-3.7477067 0.6086538
-3.6069045 0.3861964
-4.3354716 0.1248536
-4.1031623 0.1420978
0.0000000 0.0000000
0.0000000 0.0000000
-5.7005916 -0.3499831
-5.1117611 -0.3541204
-4.7086964 -0.8555275
-5.1006980 -1.4249326
-4.5884609 -1.4350128
-4.9424796 -1.8762084
-5.0236654 -2.4883220
-4.4788418 -2.5022535
-4.9974833 -2.9794075
-5.0516987 -3.6888528
-4.4464478 -3.6950760
-5.0191703 -4.2439389
-5.0737925 -5.1313114
-4.3999190 -5.1137857
-4.9967842 -5.8582406
-5.2089362 -7.0997953
-4.2792339 -6.9794135
-5.2235518 -8.3081675
-4.3249660 -9.8494234
-3.6154952 -9.2131653
-1.9297308 -10.6420822
2.0518188 -10.1814327
1.4674314 -10.4873495
6.4351201 -9.7948828
11.1705370 -9.4634752
9.4177589 -8.4806747
13.9507351 -9.6620951
17.8084393 -8.6183500
16.7798061 -5.8543334
20.2058258 -7.3226089
21.7320728 -5.4154110
18.3471928 2.6426709
21.6596851 -1.9809734
16.5257053 5.3867731
14.8178892 8.7053747
11.3599911 4.9404254
8.7160015 4.6054645
10.2993269 6.3582854
4.5038462 6.7503719
3.5612431 6.4434214
3.5512834 8.0444212
1.1962633 7.3675919
-2.5599263 8.4246149
-2.1911736 9.7471914
-4.2151327 8.8063688
-6.8421993 9.6582565
-5.5460382 9.7618408
-7.1122079 8.4265127
-6.5361547 6.9976015
-5.2329922 7.2186060
-5.9663472 6.2297025
-5.7479515 5.2349792
-4.8863316 5.5352411
-5.2920694 4.7479978
-5.1126904 3.9960763
-4.4713054 4.2972012
-4.7366505 3.6393273
-4.5683761 3.0757186
-4.0740867 3.3285429
-4.2800975 2.7762673
-4.1284137 2.3426518
-3.7321329 2.5360270
-3.9115200 2.0792656
-3.7897964 1.7220840
-3.4564137 1.8646932
-3.6302514 1.4864864
-3.5598731 1.1742532
-3.2654791 1.2714121
-3.4316225 0.9592585
-3.5249677 0.6664193
-3.2421176 0.7221403
-3.1776330 0.4626005
-3.8436677 0.1543020
-3.5631382 0.1707060
0.0000000 0.0000000
0.0000000 0.0000000
-4.5663252 -0.3464611
-3.9883714 -0.3455801
-3.7716963 -0.8784912
-4.0568161 -1.4163047
-3.5703366 -1.4031186
-3.8991029 -1.8913238
-3.9095664 -2.4599938
-3.4275973 -2.4280431
-3.8208196 -2.9636722
-3.7617786 -3.5945654
-3.2985988 -3.5120950
-3.5898640 -4.1648993
-3.4373033 -4.8865891
-3.0697429 -4.6919250
-3.1197851 -5.5743375
-2.7443123 -6.4378142
-2.6329887 -5.9657569
-2.2058089 -7.3164425
-1.5568992 -8.2195692
-1.6098586 -7.3164864
-0.4414564 -9.5861530
1.8892758 -9.9001913
1.1438708 -8.4476023
4.7882347 -9.5072355
8.3366041 -6.8572383
5.6581855 -8.4512472
11.7727060 -2.7439771
14.2952957 -0.4337703
10.0958109 -2.2096264
15.2978449 0.3262266
13.8953314 3.8482771
13.1449490 5.5841818
13.5384550 5.4049034
14.2412338 5.2628179
12.4049654 10.7593269
10.6473389 11.2967253
8.7472687 8.2245998
6.7280421 14.3279896
2.7125463 11.9499416
2.9660816 10.3228350
2.5008323 12.5002537
-1.1090719 11.7804680
-3.1224425 11.6112413
-1.8187559 11.6063452
-4.5031343 10.8489799
-4.6525145 9.1165581
-2.8892932 8.9976282
-4.4621906 8.2239323
-4.5316272 7.1107244
-3.4211161 7.1479597
-4.3762465 6.4350581
-4.3060350 5.5998006
-3.5041127 5.7162113
-4.1098375 5.0778050
-4.0064845 4.4086571
-3.3863621 4.5633636
-3.8013723 3.9940350
-3.6951587 3.4401104
-3.1879692 3.6043215
-3.5042491 3.1021576
-3.4121702 2.6323543
-2.9796746 2.7860012
-3.2502351 2.3438077
-3.1699841 1.9492141
-2.7993269 2.0649083
-3.0451713 1.6847000
-3.0001643 1.3373019
-2.6689839 1.4173999
-2.8932540 1.0895839
-2.9865830 0.7659168
-2.6681888 0.8126997
-2.6793270 0.5231997
-3.2566826 0.1817468
-2.9401221 0.1966198
0.0000000 0.0000000
0.0000000 0.0000000
-3.4452419 -0.3318812
-2.8950322 -0.3272823
-2.8518465 -0.8690625
-3.0348163 -1.3593061
-2.5890620 -1.3324043
-2.8976026 -1.8416457
-2.8528032 -2.3363774
-2.4388180 -2.2741878
-2.7413559 -2.8337731
-2.6111910 -3.3368952
-2.2546768 -3.2050860
-2.4168737 -3.8715665
-2.1634221 -4.3791733
-1.9173119 -4.1132841
-1.8380389 -4.9361639
-1.4005353 -5.4435816
-1.3226887 -4.9234653
-0.8390294 -6.0727038
-0.0401057 -6.4581022
-0.2055892 -5.6193295
0.7564676 -6.7901764
1.9250977 -6.8961172
1.4991801 -5.7573786
3.2516837 -7.1087403
4.8991613 -6.4917660
3.9894798 -5.1492863
7.0369234 -4.7292409
7.8878765 -3.1698139
6.0702834 -2.9654930
8.8365746 -0.3832810
9.0892839 0.9055718
6.8891554 1.1657287
9.6855679 2.8745122
9.5982628 5.8250604
6.8495421 5.2015853
8.6238050 7.6378551
6.9166822 9.9651756
4.6919112 8.5324039
4.1443806 10.9653835
1.8654689 11.5304890
1.8419958 9.7846079
0.0732774 10.9769258
-1.0802691 9.9398518
-0.3391882 9.2081661
-1.8682889 9.2770977
-2.4356353 8.3223152
-1.5533502 8.0313311
-2.6967959 7.7166610
-2.9301548 6.8876343
-2.1260381 6.8129921
-2.9798670 6.3452816
-3.0343904 5.6533518
-2.3437126 5.6848335
-2.9843338 5.1773000
-2.9571183 4.5891280
-2.3762801 4.6659331
-2.8628726 4.1724710
-2.8051374 3.6619163
-2.3125424 3.7572603
-2.7000415 3.2976632
-2.6403682 2.8454537
-2.2101347 2.9446731
-2.5402732 2.5245602
-2.4946523 2.1124251
-2.1042628 2.2081530
-2.4055133 1.8266385
-2.3833952 1.4570700
-2.0274353 1.5247738
-2.3008440 1.1858889
-2.3901043 0.8399112
-2.0394011 0.8795207
-2.1322949 0.5646148
-2.5908334 0.2043349
-2.2493522 0.2076322
0.0000000 0.0000000
0.0000000 0.0000000
-2.3683016 -0.3133529
-1.8445612 -0.3076781
-1.9787564 -0.8378736
-2.0707545 -1.2833757
-1.6582649 -1.2499766
-1.9744773 -1.7505611
-1.9105892 -2.1827412
-1.5387131 -2.1139960
-1.8146697 -2.6427550
-1.6844084 -3.0524747
-1.3589203 -2.9222791
-1.5264339 -3.5015647
-1.3061987 -3.8719866
-1.0465329 -3.6253099
-1.0543313 -4.2703953
-0.7116945 -4.5696492
-0.5464048 -4.1255703
-0.3243471 -4.8995018
0.2676319 -5.0130763
0.2377242 -4.3532710
0.8972031 -5.1010017
1.6783601 -4.9147677
1.3188679 -4.1324873
2.4055593 -4.4770727
3.1822207 -4.0269642
2.5461006 -3.1546178
4.2940941 -2.9052849
4.8863654 -1.9584479
3.5694108 -1.4208746
5.5839090 0.1030523
5.7443180 1.0519994
3.9849701 1.0823926
5.7539783 2.7468262
5.4849014 4.4390278
3.7270544 3.8109493
4.8454728 5.5779190
4.1416464 7.0910749
2.6939240 6.0047574
3.0486474 7.6711645
2.0325773 8.3807154
1.2494141 7.2896528
0.9016699 8.3304024
0.0978953 8.2866068
-0.0157160 7.5322394
-0.6152593 7.9704838
-1.1106468 7.5183253
-0.8314064 7.1016965
-1.4522587 7.1242361
-1.7031698 6.5576911
-1.2413018 6.3948383
-1.8403777 6.1279907
-1.9452503 5.5784287
-1.4154193 5.5779490
-1.9741389 5.1585917
-1.9957076 4.6493149
-1.4698199 4.7156916
-1.9671910 4.2539668
-1.9491206 3.7867291
-1.4619075 3.8642874
-1.8985758 3.4181755
-1.8662916 2.9867854
-1.4251742 3.0565016
-1.8105904 2.6465132
-1.7819870 2.2427630
-1.3808968 2.3004766
-1.7299923 1.9290513
-1.7246568 1.5432342
-1.3521298 1.5919878
-1.6672453 1.2568232
-1.7497602 0.8859837
-1.3842735 0.9162375
-1.5357724 0.6233121
-1.8807492 0.1877694
-1.5127493 0.2360510
0.0000000 0.0000000
0.0000000 0.0000000
-1.3456429 -0.3019007
-0.8171510 -0.3118053
-1.1566598 -0.8114302
-1.1761863 -1.2353911
-0.7291532 -1.2516626
-1.1350846 -1.6795216
-1.0783348 -2.0767269
-0.6645575 -2.0521598
-1.0202756 -2.4909158
-0.9265326 -2.8564706
-0.5685355 -2.6940651
-0.8314068 -3.2305722
-0.6885190 -3.5403988
-0.4055668 -3.1146617
-0.5390533 -3.8340449
-0.3323301 -4.0423436
-0.1440934 -3.3296056
-0.1163655 -4.1773157
0.2234102 -4.1889262
0.2512811 -3.4006338
0.5463604 -4.0620470
0.9708348 -3.8415430
0.7448867 -3.0532038
1.3825617 -3.2957785
1.7654021 -2.8342893
1.2398477 -2.1486447
2.2581441 -1.8682128
2.5125964 -1.1349629
1.6227393 -0.7449971
2.9308827 0.4350028
2.9851921 1.1902616
1.7235841 1.2071791
3.0482037 2.4663482
2.8798211 3.6462429
1.5239152 3.1962404
2.5844126 4.5819979
2.2341955 5.6367965
1.0526369 4.8140221
1.7708346 6.2422504
1.2893698 6.9057078
0.4344132 5.8153906
0.7520030 7.1090417
0.3275751 7.3197446
-0.1103696 6.1328435
-0.0903267 7.2354779
-0.3929917 7.0536466
-0.4627300 6.0548692
-0.6390399 6.7892694
-0.8098523 6.3868885
-0.6371278 5.8046646
-0.9325171 6.0289660
-1.0223581 5.5710249
-0.6983442 5.3963561
-1.0697887 5.1884360
-1.1050570 4.7282357
-0.7014964 4.8382053
-1.1098162 4.3514853
-1.1154797 3.9107432
-0.6789762 4.1683059
-1.0987116 3.5466881
-1.0902246 3.1296759
-0.6479321 3.4315236
-1.0649877 2.7784560
-1.0545286 2.3812737
-0.6205404 2.6644695
-1.0282714 2.0452814
-1.0383303 1.6600215
-0.6226143 1.8919861
-1.0119979 1.3440499
-1.0899202 0.9744002
-0.7088822 1.1418351
-1.0079646 0.5720202
-1.1029235 0.5385746
-0.5021164 0.2071228
0.0000000 0.0000000
0.0000000 0.0000000
-0.3013391 -0.3274490
0.0000000 0.0000000
-0.2887038 -0.7848554
-0.2741511 -1.2826165
0.0000000 0.0000000
-0.2683532 -1.7027235
-0.2642263 -2.1518998
0.0000000 0.0000000
-0.2564150 -2.5613163
-0.2443702 -2.9579458
0.0000000 0.0000000
-0.2259376 -3.3303266
-0.1912757 -3.6459427
0.0000000 0.0000000
-0.1520792 -3.9206231
-0.0785553 -4.1032872
0.0000000 0.0000000
-0.0169442 -4.1687384
0.0635276 -4.1238461
0.0000000 0.0000000
0.1428565 -3.9384699
0.2346625 -3.6318989
0.0000000 0.0000000
0.3447626 -3.0999300
0.4148728 -2.5012057
0.0000000 0.0000000
0.5444954 -1.6553375
0.5705033 -0.8530067
0.0000000 0.0000000
0.7040265 0.3871638
0.7005958 1.4052051
0.0000000 0.0000000
0.7431672 2.5248084
0.6941265 3.7226233
0.0000000 0.0000000
0.6451882 4.6079154
0.5601856 5.6584692
0.0000000 0.0000000
0.4654151 6.2685680
0.3500930 6.9552536
0.0000000 0.0000000
0.2325562 7.2508755
0.1146533 7.5252891
0.0000000 0.0000000
-0.0069286 7.5070443
-0.0944524 7.4135771
0.0000000 0.0000000
-0.1796592 7.1707416
-0.2293453 6.8200855
0.0000000 0.0000000
-0.2594933 6.4516354
-0.2773050 5.9916744
0.0000000 0.0000000
-0.2850164 5.5613804
-0.2858189 5.0804601
0.0000000 0.0000000
-0.2829474 4.6404281
-0.2756501 4.1686382
0.0000000 0.0000000
-0.2676652 3.7464144
-0.2579435 3.2973571
0.0000000 0.0000000
-0.2490352 2.9019310
-0.2414372 2.4776731
0.0000000 0.0000000
-0.2321514 2.1077595
-0.2442773 1.6989472
0.0000000 0.0000000
-0.2295002 1.3232120
-0.2936229 1.0014451
0.0000000 0.0000000
-0.1219186 0.3293253
-0.4050073 -0.0984181
0.0000000 0.0000000
0.0000000 0.0000000
-30.45125
-29.89679
-29.00501
-31.1753
-34.2066
-37.56126
-41.73848
-47.17656
-55.16747
-68.72874
-96.71228
-158.6385
-244.5832
-45.45251
-81.02622
-26.43156
-17.08071
-10.25158
-6.866641
-5.251542
-4.398866
-3.885985
-3.491164
-3.160568
-2.99332
-2.906349
-30.4939
-30.10641
-29.85243
-31.72797
-34.54909
-37.73579
-41.77791
-46.9795
-54.27303
-65.84754
-88.62966
-160.5893
-203.6043
-41.81928
-112.5181
-28.17328
-15.2057
-9.462102
-6.57528
-5.147901
-4.405241
-3.961583
-3.643253
-3.353312
-3.259639
-3.21901
-31.59402
-31.3479
-31.9099
-33.47207
-35.78895
-38.74251
-42.42253
-46.78402
-52.04108
-58.57407
-65.69537
-75.37271
-106.2923
-49.74533
-57.2309
-25.21917
-12.17283
-7.688441
-5.818696
-4.977861
-4.552314
-4.292042
-4.108365
-3.936282
-3.859846
-3.820505
-33.42043
-33.33084
-34.50744
-35.81037
-37.96616
-40.70517
-43.87327
-47.12982
-49.87412
-51.37013
-52.681
-58.52593
-23.40785
22.42818
-87.93177
-24.82942
-8.904619
-5.525808
-4.901184
-4.835086
-4.872874
-4.88322
-4.861933
-4.812885
-4.745566
-4.714717
-35.97604
-36.07536
-37.64551
-38.98029
-41.13973
-43.79773
-46.61845
-48.91707
-49.32754
-45.29586
-33.96095
-4.29738
4.11946
71.98827
49.41374
11.84243
1.340184
-2.111305
-3.861246
-4.879509
-5.466098
-5.793464
-5.934389
-6.000335
-5.950751
-5.933573
-39.325
-39.63566
-41.44102
-43.07253
-45.45811
-48.37743
-51.3846
-53.71698
-53.27894
-46.61099
-31.2181
-4.540933
-12.18511
23.87831
21.26442
12.6947
4.446403
-0.5977929
-3.654106
-5.48108
-6.531087
-7.110305
-7.389401
-7.526628
-7.503109
-7.497513
-43.44984
-43.97355
-45.93876
-48.1111
-51.09665
-54.8531
-59.085
-63.5985
-65.61283
-59.73104
-43.65303
-21.63918
-18.37545
-9.267378
-6.364611
6.90127
3.341235
-1.370109
-4.785337
-6.985214
-8.264295
-8.957713
-9.279297
-9.433806
-9.410225
-9.414382
-48.17841
-48.88989
-51.06128
-53.97223
-58.01002
-63.42772
-71.00029
-80.17152
-84.47665
-80.27069
-65.05015
-40.40233
-22.39649
1.050056
5.078724
8.086648
1.889499
-3.806312
-7.457463
-9.641998
-10.85141
-11.43006
-11.65958
-11.73196
-11.67422
-11.67309
-53.13437
-54.00421
-56.47651
-60.32509
-65.83077
-73.57006
-85.81953
-98.19129
-102.9916
-98.38068
-85.9728
-66.79303
-37.31322
9.540281
24.38611
7.66675
-2.557097
-8.723375
-12.06639
-13.71677
-14.4144
-14.58999
-14.52942
-14.41232
-14.25846
-14.23593
-57.77024
-58.77658
-61.60212
-66.44584
-73.72947
-84.16254
-99.78223
-112.6512
-115.9468
-112.1002
-103.7704
-90.79714
-66.61386
-7.989823
-2.609958
-9.258756
-15.22982
-17.89764
-19.15887
-19.39043
-18.98015
-18.39398
-17.83663
-17.39542
-17.09075
-17.02149
-61.36872
-62.50003
-65.66461
-71.40637
-80.32277
-93.24055
-110.218
-122.4698
-126.2662
-122.6697
-113.8659
-102.4771
-84.11982
-45.88536
-35.94105
-34.6551
-34.02911
-31.04782
-28.69029
-26.43818
-24.34869
-22.6744
-21.41577
-20.54666
-20.02687
-19.89114
-63.036
-64.3527
-67.83434
-74.30647
-84.47191
-99.18119
-116.3986
-128.1384
-132.3371
-129.2596
-123.0467
-117.2822
-95.23733
-75.40036
-68.71208
-63.20221
-56.58105
-46.48882
-39.80309
-34.22492
-30.0803
-27.0963
-25.00987
-23.63477
-22.86454
-22.63399
-62.06802
-63.43708
-67.25236
-74.39504
-85.5781
-101.9214
-119.1684
-129.8647
-134.907
-134.0468
-128.8472
-129.935
-98.65625
-83.10631
-90.70098
-88.47457
-79.51879
-62.97872
-50.99416
-41.83458
-35.55855
-31.21502
-28.26037
-26.36653
-25.33899
-25.00323
-58.07833
-59.22799
-63.50623
-71.25707
-83.38752
-101.3745
-119.485
-128.9709
-134.4042
-137.0598
-130.8966
-109.1435
-127.1181
-121.7136
-114.6584
-109.6498
-99.3616
-78.8147
-60.63703
-48.3009
-40.108
-34.52776
-30.78085
-28.40433
-27.13247
-26.7213
-51.22601
-52.30251
-56.6495
-64.65062
-77.46691
-97.19561
-116.6707
-126.6881
-130.8699
-135.8398
-144.5011
-140.1072
-120.8011
-124.7619
-127.486
-123.8735
-113.9202
-90.92914
-67.38244
-52.72173
-43.05759
-36.54244
-32.19823
-29.4449
-27.94751
-27.51143
-41.76228
-42.74323
-46.80911
-54.41052
-66.95461
-88.64474
-110.6224
-121.8946
-126.5464
-131.9715
-140.724
-143.4794
-154.1026
-142.5946
-138.5101
-133.4276
-122.6783
-97.79302
-70.29025
-54.31692
-43.87428
-36.89909
-32.2644
-29.32217
-27.69003
-27.25065
-30.19193
-30.99947
-34.44394
-41.02238
-52.12775
-72.86641
-100.6412
-112.448
-116.7739
-116.8879
-115.4176
-107.7123
-119.004
-134.7172
-138.28
-136.0718
-123.7196
-95.86988
-69.07442
-52.99877
-42.49105
-35.52667
-30.93117
-28.01664
-26.39556
-25.95931
-17.26322
-17.83072
-20.36511
-25.29797
-33.78914
-49.14322
-80.64972
-98.25405
-104.5688
-99.89963
-73.47217
-119.1717
-156.6932
-144.4637
-137.9078
-133.3859
-117.9033
-86.14603
-63.06146
-48.39102
-38.81954
-32.47353
-28.27576
-25.61249
-24.12238
-23.71908
-3.858746
-4.152726
-5.620964
-8.533409
-13.53374
-21.8606
-44.47296
-70.28734
-80.59411
-84.77196
-81.90436
-65.6369
-114.6657
-134.1051
-136.4812
-126.8195
-104.3477
-72.19041
-52.97958
-41.08199
-33.27636
-28.04084
-24.55116
-22.31577
-21.05933
-20.71317
9.131646
9.10707
8.702332
7.80263
6.109552
2.689365
-3.626396
-18.48687
-17.92611
-9.5603
-2.604451
-30.67612
-75.81345
-105.9984
-113.1631
-103.2179
-75.88634
-53.98366
-40.84017
-32.33394
-26.65005
-22.77716
-20.14979
-18.44999
-17.47806
-17.20808
20.93517
21.13524
21.65569
22.51299
23.87565
26.07641
30.29548
37.75901
54.37762
77.47091
72.05219
32.36494
-27.00704
-69.38488
-72.81534
-59.16664
-42.95467
-34.39966
-27.9618
-23.19994
-19.72406
-17.25689
-15.53555
-14.38622
-13.71011
-13.50184
30.96543
31.32979
32.53867
34.7609
38.41374
44.29026
53.19689
66.59875
82.09466
108.3385
104.1299
75.14157
44.09689
4.200272
-14.44486
-18.57057
-18.90035
-17.80388
-16.23756
-14.62452
-13.18387
-12.01285
-11.12287
-10.48996
-10.08534
-9.939057
38.87225
39.32337
40.94214
43.86656
48.47101
55.32532
64.84068
78.04285
93.13323
107.8531
112.0345
97.03332
73.34003
47.73859
22.48356
6.821682
-1.228778
-5.095431
-6.848336
-7.509911
-7.630549
-7.502759
-7.293093
-7.075941
-6.889844
-6.801932
44.48387
44.96048
46.71374
49.85578
54.6267
61.43223
70.62133
81.93469
94.20897
103.9117
106.4477
97.65165
80.42864
59.42585
38.15939
21.28665
10.156
3.662492
-0.09895518
-2.24694
-3.432534
-4.05142
-4.331215
-4.418198
-4.383859
-4.217172
47.75027
48.24849
50.04976
53.17323
57.83798
64.36843
73.12626
83.20054
93.31259
100.6473
102.3655
95.68213
81.65247
63.34258
44.43455
28.04316
16.15291
8.583314
3.847242
0.9168196
-0.8536647
-1.883412
-2.437375
-2.661589
-2.581526
-2.632978
48.53708
49.01715
50.81266
53.9769
58.68214
65.19051
73.6539
83.37198
92.95309
99.66091
101.1237
94.89033
81.64134
64.05896
45.81196
29.97511
18.04814
9.990149
4.890257
1.695162
-0.264664
-1.412946
-2.028978
-2.301733
-2.20875
0
