0.0000000 0.0000000
0.0000000 0.0000000
0.0000000 0.0000000
0.0000000 0.0000000
0.0000000 0.0000000
0.0000000 0.0000000
0.0000000 0.0000000
0.0000000 0.0000000
0.0000000 0.0000000
0.0000000 0.0000000
0.0000000 0.0000000
0.0000000 0.0000000
0.0000000 0.0000000
0.0000000 0.0000000
0.0000000 0.0000000
0.0000000 0.0000000
0.0000000 0.0000000
0.0000000 0.0000000
0.0000000 0.0000000
0.0000000 0.0000000
0.0000000 0.0000000
0.0000000 0.0000000
0.0000000 0.0000000
0.0000000 0.0000000
0.0000000 0.0000000
0.0000000 0.0000000
0.0000000 0.0000000
-1.0260910 0.5944059
-0.7701461 1.4472729
-0.8451005 2.2679725
-0.9378175 3.1558516
-1.0483315 4.1362920
-1.1765374 5.2151232
-1.3296368 6.4082851
-1.5541625 7.7327714
-2.0250473 9.2282190
-3.1494632 11.1537447
-6.6877885 13.3567476
10.3135948 14.3731012
13.6160107 -10.4613457
-5.7624116 -8.2610493
-2.1361418 -7.3379436
-0.9680626 -5.7909441
-0.7453876 -5.0025129
-0.7115232 -4.2561688
-0.6645697 -3.5347481
-0.6273617 -2.8466439
-0.5911384 -2.2048211
-0.5548915 -1.6073184
-0.5228018 -1.0556908
-0.6208588 -0.4587996
0.0000000 0.0000000
0.0000000 0.0000000
-1.9728791 0.6371473
-1.5832226 1.4207847
-1.7119931 2.2356198
-1.8666537 3.1019719
-2.0606930 4.0644350
-2.2852483 5.1296625
-2.5421455 6.2990227
-2.8741722 7.5335259
-3.4682989 8.6920147
-4.8084183 8.9991140
3.0135951 8.3693752
17.3128643 8.8160439
28.7278404 -3.6189997
7.6342506 -4.9911623
-3.1017220 -6.2397065
-1.7005033 -5.6115851
-1.4508396 -4.8985000
-1.4222519 -4.1841502
-1.3896922 -3.4606104
-1.3123298 -2.7774713
-1.2235124 -2.1473944
-1.1437786 -1.5558749
-1.0733832 -1.0238665
-1.2590140 -0.4436126
0.0000000 0.0000000
0.0000000 0.0000000
-2.7079427 0.6117560
-2.3533080 1.2890559
-2.5181916 2.0534816
-2.7526479 2.8881900
-3.0369356 3.8451898
-3.3550189 4.9249578
-3.6826897 6.1185465
-4.0375414 7.3812370
-4.3002672 8.3653574
-4.9283295 8.7389479
-4.8200841 6.6590571
21.9793091 5.8582449
33.2446136 -6.3537169
0.2295189 -3.3969204
-1.9204717 -6.4230886
-2.3145232 -6.3159041
-2.3496692 -5.1380253
-2.2047482 -4.1978903
-2.1311073 -3.4016008
-1.9894725 -2.6894126
-1.8337231 -2.0531402
-1.7032404 -1.4721537
-1.6013551 -0.9534286
-1.7711524 -0.4245218
0.0000000 0.0000000
0.0000000 0.0000000
-3.2411721 0.5637211
-3.0531983 1.1276114
-3.2656510 1.8002967
-3.6134346 2.5522041
-4.0417094 3.4514050
-4.4828148 4.5813832
-4.8146801 5.9704566
-5.4484944 7.4883027
-5.6873622 8.7297640
-2.6437418 7.2441263
6.6398554 -3.8125768
16.9432354 3.3365366
30.9719009 -4.5737319
4.0636106 -3.1977670
-0.2593712 -6.5271978
-3.2645271 -6.7576385
-3.7094212 -5.6924291
-3.2162685 -4.2665157
-2.9707839 -3.3144727
-2.6781783 -2.5512125
-2.4253461 -1.9046359
-2.2281342 -1.3463300
-2.0979557 -0.8534502
-2.1575792 -0.3875848
0.0000000 0.0000000
0.0000000 0.0000000
-3.5749996 0.4913133
-3.6294689 0.9431853
-3.9124792 1.4947151
-4.3777313 2.1322930
-5.0132122 2.9126019
-5.7933111 3.9351723
-6.5751448 5.4442148
-7.5661397 7.6654253
-4.4677176 6.7657671
2.5700650 2.7636042
11.4824314 -4.9279237
18.7657433 0.1969823
29.5039577 -3.5909441
7.8428931 -3.3577936
1.2496834 -5.2680802
-3.5317333 -6.1505299
-5.4560461 -5.3780890
-4.5570550 -4.0647583
-3.8836365 -3.0695565
-3.3669164 -2.2844892
-2.9803915 -1.6633246
-2.7017400 -1.1566459
-2.5303414 -0.7190136
-2.4365299 -0.3290097
0.0000000 0.0000000
0.0000000 0.0000000
-3.7435422 0.3921451
-4.0416517 0.7226462
-4.4106407 1.1323025
-4.9880047 1.6228256
-5.8110609 2.2466013
-6.9772859 3.1066012
-8.8963861 4.0704699
-6.6538682 4.3250842
-1.8208675 4.6685820
5.4097891 1.3726203
15.6669817 -4.7593951
20.9106083 -0.5081310
28.6087627 -3.1288521
11.1062002 -2.8778250
3.3605771 -3.8630209
-2.8336895 -4.9188604
-6.5392022 -3.4730306
-5.9596324 -3.2191131
-4.7115541 -2.5006669
-3.9668558 -1.8159204
-3.4494128 -1.2936268
-3.0921052 -0.8870690
-2.8666990 -0.5446557
-2.6304386 -0.2501941
0.0000000 0.0000000
0.0000000 0.0000000
-3.7944953 0.2617376
-4.2814569 0.4551785
-4.7156858 0.6927776
-5.3729177 0.9905762
-6.3600321 1.3451170
-7.8303361 1.9147810
-10.5187082 1.9532808
-5.8061528 1.5661826
-0.4578215 2.0985563
6.7748899 1.1908888
19.2660179 -5.0183797
23.7763176 -1.3338419
25.0679111 -3.3203659
11.8113279 -2.5821555
4.4563975 -2.8590562
-2.6730113 -2.8836515
-6.7682023 -1.5114734
-6.9475384 -1.8094980
-5.3066268 -1.5531548
-4.3954482 -1.1367632
-3.7824490 -0.8084249
-3.3665874 -0.5540847
-3.0908980 -0.3402622
-2.7534649 -0.1539654
0.0000000 0.0000000
0.0000000 0.0000000
-3.7784238 0.1161702
-4.3566699 0.1327315
-4.8088641 0.1453968
-5.4710231 0.1659702
-6.4907084 0.1331674
-8.1890764 0.1935390
-10.4907312 -0.9628153
-6.4303422 -1.2048419
0.6878418 -0.8549131
6.5297842 0.0061978
21.0141315 -5.6037235
25.7190247 -2.7633317
22.0162811 -3.2873123
10.5846634 -1.6800337
5.5464191 -1.2203732
-2.8851597 -0.6539207
-7.0783329 0.0867071
-7.3088884 -0.2088683
-5.5738297 -0.3950463
-4.5895410 -0.3429684
-3.9401083 -0.2667176
-3.5024848 -0.1943148
-3.2048688 -0.1226400
-2.8243783 -0.0504709
0.0000000 0.0000000
0.0000000 0.0000000
-3.7366040 -0.0363589
-4.2730937 -0.1919267
-4.6752524 -0.3869030
-5.2627931 -0.6423262
-6.1414828 -1.1071543
-7.5887718 -1.7547022
-9.8633833 -3.4031539
-4.8455691 -4.7129583
2.0877192 -4.6952739
10.7084837 -5.2622633
19.5486298 -7.3378158
29.0950565 -3.6200368
20.6773548 -2.6017549
9.2657614 -0.4872710
3.6231220 -0.1886872
-3.7614386 1.3032315
-7.0287161 2.0847454
-6.7806077 1.3254634
-5.4213090 0.7234123
-4.5110087 0.4242936
-3.9042361 0.2528491
-3.4938333 0.1498391
-3.2118304 0.0870579
-2.8420768 0.0470709
0.0000000 0.0000000
0.0000000 0.0000000
-3.5723422 -0.1721221
-4.0253277 -0.4647177
-4.3387518 -0.8232363
-4.7795029 -1.2838035
-5.4015040 -2.0164175
-6.3252506 -3.0503025
-7.5026016 -5.5882802
-4.4986415 -7.4206991
3.5717316 -9.2868624
11.0173368 -9.2231121
17.3700199 -5.9360614
26.6562862 -3.4038894
18.1297588 -0.9623400
9.2102289 1.4517730
1.3564068 3.1102283
-4.9537783 3.9451683
-7.4467993 4.1874280
-5.9374585 2.4002647
-4.9286556 1.5693048
-4.1950355 1.0478330
-3.6919591 0.6951453
-3.3471236 0.4498876
-3.1048367 0.2723194
-2.7588615 0.1319005
0.0000000 0.0000000
0.0000000 0.0000000
-3.2921026 -0.2772240
-3.6565347 -0.6662553
-3.8619702 -1.1341397
-4.1231866 -1.7257552
-4.4434195 -2.6124873
-4.8028560 -3.8237665
-5.3106680 -5.8755503
-3.4463971 -8.2028198
2.0674663 -8.3280172
9.1088095 -5.8256645
13.5289326 -5.6713214
21.7316113 -1.6927547
15.4491911 1.3451276
10.7848835 4.0836511
1.3675609 6.2047367
-4.8480892 6.8204770
-5.6412315 4.5990543
-4.7982893 3.0701506
-4.1854305 2.1212671
-3.7033160 1.4764364
-3.3462722 1.0201956
-3.0919721 0.6806376
-2.9044683 0.4178479
-2.5912635 0.1977586
0.0000000 0.0000000
0.0000000 0.0000000
-2.9347372 -0.3462431
-3.2148368 -0.7878544
-3.3145587 -1.3046280
-3.4084539 -1.9384105
-3.4776747 -2.8121653
-3.4939148 -3.8706107
-3.3212211 -5.5178232
-2.4707000 -7.0827737
1.6183600 -8.5366182
6.2369771 -6.8058619
11.4744062 -5.3311434
15.9365358 -1.2479854
12.3921900 3.0861161
6.8024111 6.7281880
1.5204848 8.1962414
-3.0241959 7.6363325
-3.3077788 4.8899717
-3.4096985 3.4107199
-3.2968495 2.4115703
-3.1026306 1.7226993
-2.9152646 1.2199651
-2.7635131 0.8314691
-2.6374228 0.5162386
-2.3617504 0.2416120
0.0000000 0.0000000
0.0000000 0.0000000
-2.5394356 -0.3791109
-2.7461956 -0.8327399
-2.7578745 -1.3451536
-2.7199922 -1.9447783
-2.6046376 -2.6851768
-2.3589439 -3.5269997
-1.8606694 -4.5593081
-0.8651857 -5.5858536
1.4929718 -6.6476169
4.3512764 -6.3382540
7.9659505 -4.4555588
10.6363201 -1.5931256
8.8105469 4.0310655
4.4855084 7.9739323
0.7714114 7.5099492
-0.9646431 5.8943844
-1.8227247 4.4549203
-2.2656617 3.3225341
-2.4412436 2.4636147
-2.4818950 1.8067650
-2.4501896 1.3067733
-2.3972821 0.9058579
-2.3308773 0.5679607
-2.0942755 0.2641113
0.0000000 0.0000000
0.0000000 0.0000000
-2.1396706 -0.3806320
-2.2876091 -0.8141899
-2.2356043 -1.2846737
-2.1078241 -1.8060958
-1.8759230 -2.3902719
-1.4858052 -3.0127306
-0.8356598 -3.6489518
0.2609402 -4.2176261
1.7388089 -4.4027715
3.4502206 -4.2184358
5.4461994 -2.3483737
6.2684808 0.6970804
5.3573465 2.7552619
3.5433488 4.3164549
1.5041823 4.8364220
-0.0144923 4.4084749
-0.9233993 3.6967778
-1.4589884 2.9600170
-1.7575971 2.3096738
-1.9230694 1.7574503
-2.0006938 1.3007468
-2.0262341 0.9160721
-2.0100667 0.5794779
-1.8107955 0.2685550
0.0000000 0.0000000
0.0000000 0.0000000
-1.7607428 -0.3589530
-1.8645396 -0.7516814
-1.7742883 -1.1617287
-1.5983177 -1.5920707
-1.3163172 -2.0379264
-0.8833013 -2.4738574
-0.2417205 -2.8577337
0.6314020 -3.0954087
1.6921753 -3.0346904
2.7281375 -2.4954636
3.7146478 -1.3475593
4.1764741 0.4617216
3.7078571 1.7401747
2.7008600 2.7602639
1.4907286 3.2544277
0.4060659 3.2432356
-0.3965710 2.9318235
-0.9179081 2.4980330
-1.2492061 2.0448513
-1.4654917 1.6152669
-1.6001987 1.2263000
-1.6760774 0.8784566
-1.6955380 0.5604510
-1.5296754 0.2594085
0.0000000 0.0000000
0.0000000 0.0000000
-1.4190096 -0.3231525
-1.4916804 -0.6655122
-1.3843805 -1.0108140
-1.1937212 -1.3553208
-0.9084426 -1.6874146
-0.4971762 -1.9823966
0.0502332 -2.1985128
0.7069605 -2.2701242
1.4195490 -2.1190808
2.1059003 -1.6291585
2.6579258 -0.8110682
2.9049506 0.3029874
2.6538424 1.1646987
2.0499203 1.8633516
1.2852312 2.2838149
0.5333623 2.4020262
-0.0995733 2.2920320
-0.5637596 2.0493517
-0.8818508 1.7471755
-1.1069477 1.4269736
-1.2616245 1.1112316
-1.3618406 0.8096816
-1.4020100 0.5213840
-1.2644019 0.2415324
0.0000000 0.0000000
0.0000000 0.0000000
-1.1225272 -0.2811597
-1.1738441 -0.5718818
-1.0650733 -0.8559997
-0.8815514 -1.1266514
-0.6200299 -1.3705860
-0.2634345 -1.5647050
0.1703994 -1.6778431
0.6548412 -1.6672083
1.1476959 -1.4904326
1.5964543 -1.0977157
1.9333776 -0.5111914
2.0708299 0.2151181
1.9240530 0.8210348
1.5484083 1.3204708
1.0496756 1.6568310
0.5259163 1.8049031
0.0494604 1.7906057
-0.3363231 1.6614610
-0.6199757 1.4640427
-0.8306200 1.2297657
-0.9840493 0.9799329
-1.0888304 0.7256775
-1.1375611 0.4716028
-1.0232239 0.2190965
0.0000000 0.0000000
0.0000000 0.0000000
-0.8728809 -0.2387812
-0.9092938 -0.4810957
-0.8088428 -0.7117336
-0.6447402 -0.9221420
-0.4196375 -1.0999582
-0.1285396 -1.2255551
0.2041700 -1.2779690
0.5585995 -1.2313603
0.9021265 -1.0642561
1.2032022 -0.7571158
1.4181319 -0.3321457
1.4991509 0.1644596
1.4070598 0.6026993
1.1664194 0.9715780
0.8329334 1.2373790
0.4655683 1.3808670
0.1117375 1.4088835
-0.1942792 1.3446953
-0.4335851 1.2166716
-0.6187546 1.0461150
-0.7585566 0.8499471
-0.8564548 0.6390358
-0.9046108 0.4190417
-0.8097005 0.1955881
0.0000000 0.0000000
0.0000000 0.0000000
-0.6670476 -0.1996211
-0.6927418 -0.3994807
-0.6053205 -0.5853370
-0.4665971 -0.7485341
-0.2817263 -0.8778948
-0.0528289 -0.9588175
0.1969743 -0.9772636
0.4548810 -0.9180976
0.6965100 -0.7719266
0.9018998 -0.5328755
1.0434924 -0.2189352
1.0941502 0.1348553
1.0330694 0.4593627
0.8742371 0.7388783
0.6474075 0.9497769
0.3883315 1.0776728
0.1287408 1.1225941
-0.1078883 1.0951419
-0.3012989 1.0117637
-0.4560240 0.8869075
-0.5755484 0.7327809
-0.6604078 0.5586196
-0.7020151 0.3698464
-0.6232026 0.1737693
0.0000000 0.0000000
0.0000000 0.0000000
-0.4992358 -0.1655870
-0.5171455 -0.3300066
-0.4446720 -0.4798529
-0.3322801 -0.6070774
-0.1868856 -0.7021304
-0.0124457 -0.7540756
0.1723361 -0.7544808
0.3579082 -0.6941718
0.5287770 -0.5700924
0.6696401 -0.3821863
0.7641655 -0.1448207
0.7963738 0.1171615
0.7556796 0.3635517
0.6481951 0.5802100
0.4926974 0.7497776
0.3099465 0.8606695
0.1214394 0.9103826
-0.0559027 0.9033965
-0.2070853 0.8490444
-0.3305487 0.7564338
-0.4268976 0.6344900
-0.4950224 0.4902228
-0.5263758 0.3283727
-0.4605384 0.1558198
0.0000000 0.0000000
0.0000000 0.0000000
-0.3628595 -0.1375536
-0.3743567 -0.2736848
-0.3174317 -0.3958088
-0.2305388 -0.4963457
-0.1205726 -0.5676358
0.0073064 -0.6014121
0.1406160 -0.5924065
0.2721729 -0.5356487
0.3906865 -0.4306923
0.4871093 -0.2805037
0.5501882 -0.0954808
0.5700561 0.1058546
0.5425814 0.2989987
0.4700680 0.4714343
0.3632822 0.6103326
0.2363404 0.7063094
0.1021495 0.7557896
-0.0268017 0.7600921
-0.1393353 0.7246190
-0.2327505 0.6551446
-0.3056100 0.5578200
-0.3551582 0.4378051
-0.3729204 0.2985792
-0.3159265 0.1442034
0.0000000 0.0000000
0.0000000 0.0000000
-0.2508529 -0.1157385
-0.2570285 -0.2305115
-0.2147512 -0.3320655
-0.1519952 -0.4136018
-0.0736383 -0.4686372
0.0156488 -0.4911658
0.1067582 -0.4775863
0.1962616 -0.4254147
0.2756290 -0.3355618
0.3384459 -0.2120525
0.3794442 -0.0626789
0.3916513 0.0984895
0.3723134 0.2554035
0.3246577 0.3974126
0.2535492 0.5141537
0.1679604 0.5981133
0.0769744 0.6455066
-0.0119930 0.6561137
-0.0907573 0.6330338
-0.1560040 0.5803267
-0.2059213 0.5025260
-0.2364828 0.4035735
-0.2374518 0.2856338
-0.1762804 0.1502644
0.0000000 0.0000000
0.0000000 0.0000000
-0.1565662 -0.1000868
-0.1580451 -0.1989336
-0.1294756 -0.2850627
-0.0887060 -0.3526369
-0.0391549 -0.3959916
0.0166351 -0.4106402
0.0732638 -0.3951807
0.1275813 -0.3475055
0.1759239 -0.2693254
0.2130074 -0.1648312
0.2361962 -0.0403684
0.2428487 0.0933486
0.2303962 0.2247445
0.2005271 0.3449138
0.1571773 0.4452547
0.1045081 0.5192536
0.0483569 0.5632640
-0.0064464 0.5765718
-0.0552963 0.5617355
-0.0953804 0.5216826
-0.1241136 0.4605764
-0.1355546 0.3843710
-0.1061259 0.3051122
0.0185274 0.2370595
0.0000000 0.0000000
0.0000000 0.0000000
-0.0748415 -0.0858812
-0.0706813 -0.1634727
-0.0559967 -0.2305040
-0.0362687 -0.2810297
-0.0128295 -0.3106964
0.0128007 -0.3175398
0.0390241 -0.3026437
0.0637266 -0.2628146
0.0849468 -0.1995695
0.1013063 -0.1168639
0.1106285 -0.0204203
0.1121074 0.0823962
0.1054681 0.1842377
0.0906871 0.2780441
0.0698180 0.3568244
0.0452326 0.4152753
0.0191094 0.4504267
-0.0060901 0.4614913
-0.0281768 0.4530573
-0.0458608 0.4255229
-0.0568657 0.3822235
-0.0504427 0.3375124
0.0384391 0.3658198
0.2766571 0.4589448
0.0000000 0.0000000
0.0000000 0.0000000
0.0000000 0.0000000
0.0000000 0.0000000
0.0000000 0.0000000
0.0000000 0.0000000
0.0000000 0.0000000
0.0000000 0.0000000
0.0000000 0.0000000
0.0000000 0.0000000
0.0000000 0.0000000
0.0000000 0.0000000
0.0000000 0.0000000
0.0000000 0.0000000
0.0000000 0.0000000
0.0000000 0.0000000
0.0000000 0.0000000
0.0000000 0.0000000
0.0000000 0.0000000
0.0000000 0.0000000
0.0000000 0.0000000
0.0000000 0.0000000
0.0000000 0.0000000
0.0000000 0.0000000
0.0000000 0.0000000
0.0000000 0.0000000
0.0000000 0.0000000
0.0000000 0.0000000
-0.1978693 0.1935128
0.0000000 0.0000000
-0.7247294 0.1699797
-0.3775121 0.8011366
-0.3233922 1.3835874
0.0000000 0.0000000
-0.8537783 1.0818985
-0.2894707 1.8782864
-0.3017165 2.3536713
0.0000000 0.0000000
-0.8032398 1.8724393
-0.3112008 2.8713434
-0.3213638 3.3989992
0.0000000 0.0000000
-0.8960809 2.7188964
-0.3369928 3.9610538
-0.3506415 4.5422525
0.0000000 0.0000000
-0.9966594 3.6473174
-0.3697722 5.1658716
-0.3895265 5.8086123
0.0000000 0.0000000
-1.1155958 4.6706886
-0.4093833 6.5119648
-0.4383689 7.2262640
0.0000000 0.0000000
-1.2487888 5.7981334
-0.4605029 8.0364838
-0.5147769 8.8311443
0.0000000 0.0000000
-1.4083537 7.0371923
-0.5468439 9.8234873
-0.6671051 10.7328758
0.0000000 0.0000000
-1.6652267 8.4295883
-0.7673706 12.1169920
-1.0260026 13.3329964
0.0000000 0.0000000
-2.2686462 10.2643738
-1.4281840 15.4305248
-1.6713744 17.8396416
0.0000000 0.0000000
-3.8597171 14.1093836
-1.4632270 20.5148621
-2.4142807 23.6169891
0.0000000 0.0000000
3.2017112 13.1448050
4.5164413 16.0900841
7.2478132 10.9650955
0.0000000 0.0000000
11.8671875 8.7108059
12.6820354 -7.0453682
-2.2884717 -8.0954771
0.0000000 0.0000000
12.2028484 -3.6434374
-0.5049118 -11.7168703
-0.1102879 -12.2261963
0.0000000 0.0000000
-7.3870869 -8.9124346
0.1977173 -8.8064528
-0.2412926 -7.7987437
0.0000000 0.0000000
-1.4252027 -6.8080597
-0.3622980 -7.2713056
-0.3414551 -6.6076689
0.0000000 0.0000000
-0.8276234 -5.5355353
-0.3382904 -6.1028910
-0.3204004 -5.6249824
0.0000000 0.0000000
-0.7300608 -4.6821976
-0.2953701 -5.1270094
-0.2887799 -4.6869292
0.0000000 0.0000000
-0.6953551 -3.9184477
-0.2722406 -4.2287331
-0.2668742 -3.8064723
0.0000000 0.0000000
-0.6460466 -3.1953082
-0.2567734 -3.3904514
-0.2444015 -2.9871633
0.0000000 0.0000000
-0.6083872 -2.5175850
-0.2355812 -2.6100645
-0.2211504 -2.2272232
0.0000000 0.0000000
-0.5705836 -1.8901262
-0.2153614 -1.8869264
-0.2012524 -1.5230168
0.0000000 0.0000000
-0.5342612 -1.3108602
-0.1988620 -1.2125053
-0.1908249 -0.8646188
0.0000000 0.0000000
-0.5433183 -0.7604715
-0.2187802 -0.5207913
-0.2081193 -0.1655072
0.0000000 0.0000000
-0.4658319 -0.1613920
0.0000000 0.0000000
0.0000000 0.0000000
-1.0767620 0.2607476
-1.5344063 0.2168986
-1.4837393 0.6945396
-1.2668834 1.1663086
-1.6702189 1.0465616
-1.1703534 1.5596229
-1.2107210 1.9827924
-1.6501081 1.8222088
-1.2671014 2.4064214
-1.3158348 2.8568850
-1.7921308 2.6488543
-1.3790790 3.3081293
-1.4393073 3.8019960
-1.9777910 3.5521765
-1.5208542 4.2980680
-1.5896556 4.8364034
-2.1960101 4.5500069
-1.6849655 5.3880544
-1.7741838 5.9669418
-2.4354401 5.6425676
-1.8833269 6.5940437
-2.0322719 7.1912451
-2.7132986 6.7964382
-2.1863883 7.9369893
-2.5183742 8.4950762
-3.1239083 7.8860497
-2.8254740 9.5025969
-3.7988923 9.8198195
-3.9484332 8.3927984
-4.8918667 11.2422152
-7.7623057 12.1311264
-7.8023868 8.4967422
-0.7648097 9.1469536
6.8816810 10.9382048
11.9063911 10.4524326
10.4365568 7.6206536
17.9672699 4.6864238
21.5911217 6.2269897
22.5159092 -7.8827448
15.4228516 -1.3985932
18.2601662 -4.5287309
3.5509403 -8.3706741
-7.1809845 -6.5786233
-4.6532531 -5.3898220
-2.4364591 -6.1034546
-1.9039247 -6.3262715
-2.2531903 -6.0437975
-1.3533193 -5.6278939
-1.2982780 -5.4538960
-1.5111567 -5.3770823
-1.2283080 -5.0083523
-1.2172512 -4.7010417
-1.4364078 -4.5954614
-1.1651876 -4.2754993
-1.1301101 -3.9292347
-1.4110128 -3.8267665
-1.0862103 -3.5533593
-1.0499924 -3.2134619
-1.3521143 -3.1040020
-1.0105492 -2.8713539
-0.9669349 -2.5313373
-1.2665207 -2.4310172
-0.9332677 -2.2278037
-0.8911036 -1.8992188
-1.1798172 -1.8165036
-0.8639925 -1.6219701
-0.8219796 -1.3080515
-1.1029506 -1.2481835
-0.8022952 -1.0617437
-0.8133295 -0.7497984
-1.1011051 -0.7231841
-0.9273294 -0.4528791
-0.7510523 -0.1604889
-1.0132557 -0.1602144
0.0000000 0.0000000
0.0000000 0.0000000
-1.8963896 0.2349914
-2.3135414 0.2293225
-2.3224907 0.6338285
-2.0216243 1.0145556
-2.3810861 0.9417141
-1.9637311 1.3709203
-2.0247285 1.7709973
-2.4338036 1.6671422
-2.1078463 2.1620467
-2.1806757 2.5842624
-2.6402848 2.4496379
-2.3022671 3.0074224
-2.3937268 3.4870002
-2.9248075 3.3252733
-2.5470545 3.9567299
-2.6398518 4.5006447
-3.2589316 4.3129444
-2.8207819 5.0152884
-2.9077671 5.6256728
-3.6256227 5.4216471
-3.1049588 6.1878982
-3.1922672 6.8114338
-4.0222669 6.5933523
-3.4124928 7.4176717
-3.5642900 7.9643621
-4.2857370 7.7353592
-3.6756182 8.4319401
-4.0056062 8.6728277
-4.2921882 8.8039398
-3.9181285 8.8536882
-6.0866318 8.6993580
-5.1074266 8.2762775
-7.0867691 8.2943430
6.9514098 7.5651035
11.4732685 4.1996717
19.4364510 8.4252625
22.4144497 5.8310947
35.5067177 0.4398738
31.1497955 -3.5462828
22.7801228 -3.1569057
27.8807697 -1.9177681
-4.7526374 -3.6244493
-3.5794017 -5.1491241
-1.2705272 -4.6552582
-3.0852432 -6.1568370
-2.6415331 -6.1559725
-2.1304257 -6.4714127
-2.1938460 -5.7830439
-2.1418130 -5.5321560
-2.3670769 -5.7927566
-2.0361233 -4.9609556
-1.9957572 -4.6056437
-2.2876663 -4.6127605
-1.9219673 -4.1934795
-1.8686688 -3.8110731
-2.1491852 -3.7543993
-1.8249551 -3.4354594
-1.7465422 -3.0613179
-2.0555859 -2.9783702
-1.6876084 -2.7434559
-1.6056002 -2.3774600
-1.9073184 -2.2961686
-1.5491235 -2.1097958
-1.4779173 -1.7702657
-1.7603555 -1.7022381
-1.4351687 -1.5205940
-1.3753141 -1.2122043
-1.6454762 -1.1595774
-1.3393056 -0.9931136
-1.3385471 -0.6973516
-1.6021202 -0.6667180
-1.4993707 -0.4338788
-1.2821504 -0.1665544
-1.5528687 -0.1662977
0.0000000 0.0000000
0.0000000 0.0000000
-2.6714466 0.2262895
-3.0527771 0.2168991
-2.9684615 0.5900832
-2.6901062 0.8801804
-3.0152109 0.8015788
-2.7021213 1.2108890
-2.7780633 1.5760268
-3.1400743 1.4537847
-2.8933392 1.9309820
-3.0067692 2.3343117
-3.4333615 2.1674457
-3.1857798 2.7210078
-3.3218458 3.2005970
-3.8407023 2.9930863
-3.5535479 3.6360676
-3.6833537 4.2023978
-4.3312168 3.9634817
-3.9737484 4.6965775
-4.0552125 5.3853922
-4.8424377 5.1173182
-4.3898869 5.8752446
-4.2994695 6.7924719
-5.4193888 6.5413990
-4.6604657 7.2091236
-4.5376015 8.1395969
-5.7839470 8.3078842
-4.5427094 8.8861437
-4.9227014 8.6636314
-4.1813869 8.1690645
-4.3209500 8.2074099
-3.4925051 7.2563114
-2.3191493 5.9992867
2.4873531 -2.6639574
8.5841980 1.5578516
9.9491701 0.1948210
15.8375883 4.0782986
30.7405090 0.8923409
35.3908844 -4.5527892
36.1155167 -4.1562920
19.2835064 -1.3499981
24.5299187 -0.8971182
1.3098587 -3.1788571
-0.0755563 -4.4848685
1.5979952 -3.9246211
-1.4432138 -6.5552697
-2.4246571 -6.8312650
-1.8737131 -6.7188282
-3.0418406 -6.6323543
-3.3537698 -6.2601194
-3.7351465 -6.4484682
-3.1974201 -5.4215569
-2.9706013 -4.7903600
-3.5177674 -4.9633150
-2.7974837 -4.2341614
-2.6682804 -3.7512863
-3.0473115 -3.6628180
-2.6096385 -3.3796756
-2.4669557 -2.9103520
-2.8154809 -2.7874558
-2.3707163 -2.6367521
-2.2376523 -2.2153296
-2.5434060 -2.1039395
-2.1485934 -1.9891489
-2.0411637 -1.6320673
-2.3152690 -1.5409690
-1.9746836 -1.4150194
-1.8967025 -1.1105618
-2.1509740 -1.0445712
-1.8510181 -0.9081751
-1.8234633 -0.6343795
-2.0649507 -0.5952190
-1.9505860 -0.4072945
-1.8179126 -0.1664774
-2.0798957 -0.1607825
0.0000000 0.0000000
0.0000000 0.0000000
-3.3803871 0.2023994
-3.7077122 0.1840914
-3.4108987 0.5296528
-3.2916791 0.7173791
-3.5727530 0.6263719
-3.3483973 1.0376564
-3.4475827 1.3193423
-3.7487814 1.1647817
-3.6023610 1.6515557
-3.7746189 1.9875525
-4.1356778 1.7682005
-4.0109558 2.3431425
-4.2163396 2.7937539
-4.6935258 2.5070426
-4.5381217 3.1732657
-4.7368541 3.8035927
-5.4226460 3.4641361
-5.1412039 4.2421789
-5.3262115 5.0327659
-6.2151294 4.7217956
-5.8172216 5.5949154
-6.0556240 6.7363677
-7.3352485 6.6991220
-6.4595342 7.6539168
-6.2271247 8.5701933
-5.7686753 7.4821920
-4.3829288 8.3753185
-2.6703227 7.2686877
-1.1920377 4.7776570
0.5137821 5.0674090
1.4280562 4.5739918
2.6374023 2.5032279
9.4506588 -4.4941258
12.6817379 -1.6743357
14.2330294 -2.6543670
17.2397003 1.8934029
34.6459923 -4.6375203
36.0142899 -5.9621882
32.4750366 -3.3833640
21.2957573 -1.3088149
21.8402576 -1.7503541
6.0641289 -3.5531695
3.6239405 -3.9619441
4.9110456 -3.5270181
0.8592423 -5.9675684
-1.4943568 -6.3285604
-1.1784234 -5.6208425
-3.4213316 -6.5300436
-4.4205179 -6.5097518
-4.7382784 -6.1313491
-4.6702371 -5.7389507
-4.4849591 -5.1590872
-5.3814764 -5.1156955
-3.9559078 -4.2393241
-3.6184721 -3.6054573
-4.1417694 -3.3972487
-3.4717615 -3.2361910
-3.2242680 -2.6556234
-3.6178675 -2.4563007
-3.0485358 -2.4440901
-2.8564684 -1.9830979
-3.1639843 -1.8241469
-2.7171845 -1.7976834
-2.5715010 -1.4440477
-2.8298111 -1.3225293
-2.4710619 -1.2588202
-2.3725040 -0.9781172
-2.6023426 -0.8945393
-2.3142059 -0.7914466
-2.2667234 -0.5545473
-2.4866316 -0.5065420
-2.2836578 -0.3604289
-2.3273425 -0.1536357
-2.5628791 -0.1424265
0.0000000 0.0000000
0.0000000 0.0000000
-3.9780638 0.1613894
-4.2314253 0.1353992
-3.6674356 0.4445675
-3.8085611 0.5262495
-4.0259042 0.4246760
-3.8504684 0.8373266
-4.0062203 0.9886012
-4.2290664 0.8044372
-4.1867394 1.3220725
-4.4354076 1.5116273
-4.6987066 1.2340336
-4.7199407 1.8906137
-5.0571580 2.1652861
-5.4060225 1.7766520
-5.4655972 2.5859635
-5.8473821 3.0865161
-6.4137549 2.5552442
-6.4091072 3.5102050
-6.7167158 4.4642735
-7.7944155 3.8369315
-7.7285900 4.8394318
-8.5178432 6.5841150
-9.3546438 5.9091244
-7.2105384 6.3964849
-5.0796013 5.7198992
-3.9622571 4.5712743
-2.9439240 5.7814651
1.1859735 3.6702764
1.2413127 2.1465094
4.8201914 1.7006154
4.3148994 1.8059435
4.9498768 1.3510287
13.8362942 -4.8818192
16.1588268 -3.1709616
18.0381622 -3.3660231
19.5602589 -0.4236789
35.2711563 -5.9474263
34.6447067 -5.9936695
28.7678108 -3.6916332
19.7604256 -1.8777132
18.2523212 -2.2363966
10.0860434 -2.9101412
6.4597058 -3.1035380
7.2596812 -2.9947712
2.6405146 -4.6683073
-0.2767895 -4.8817668
-0.0410665 -4.1865973
-3.0287757 -5.5663114
-4.6851325 -5.4374914
-4.7760406 -4.7511702
-5.9728241 -4.5125222
-6.2770948 -4.8020287
-7.0483646 -4.2140288
-5.3459506 -3.7660062
-4.6932011 -3.1291568
-5.2503633 -2.7368515
-4.3371325 -2.8410523
-3.9657936 -2.2151716
-4.3345690 -1.9285989
-3.6822033 -2.0756171
-3.4268916 -1.6397491
-3.7027819 -1.4234151
-3.2242279 -1.4930471
-3.0419831 -1.1869258
-3.2638538 -1.0304624
-2.9016886 -1.0303099
-2.7835340 -0.8032552
-2.9745810 -0.6990410
-2.6986303 -0.6373276
-2.6582453 -0.4538092
-2.8429356 -0.3967875
-2.5214815 -0.2919033
-2.7727201 -0.1284197
-2.9670923 -0.1133608
0.0000000 0.0000000
0.0000000 0.0000000
-4.4241571 0.1061160
-4.5758986 0.0733083
-3.7834027 0.3317275
-4.1974649 0.3138074
-4.3305974 0.2088610
-4.1814733 0.5946468
-4.4151826 0.5977328
-4.5361571 0.3997646
-4.5968671 0.9221201
-4.9220920 0.9119114
-5.0532990 0.6021457
-5.2341766 1.3229032
-5.6987858 1.3041425
-5.8665824 0.8484011
-6.1784701 1.8257710
-6.8184066 1.8877825
-7.0859632 1.2348262
-7.5479989 2.5342860
-8.3971739 3.0855017
-9.1183338 2.1665077
-9.7652864 3.1509891
-9.5632906 4.7849140
-9.6065073 3.1856129
-5.4896102 2.8669336
-3.1286180 3.3165586
-2.9931855 2.2580867
-0.6028987 3.2810946
3.3654611 1.6631781
3.3603845 1.3995284
6.5990911 1.3072083
6.7821431 1.0359737
8.3748693 0.2790866
17.8804798 -4.7467551
19.5051537 -4.0924249
21.3556709 -4.5434613
22.2500858 -1.2738296
34.4178848 -6.0882282
32.7340889 -5.8668742
26.1079979 -3.4886272
17.5136948 -2.3217442
16.9175301 -2.3300202
11.8866434 -2.7057812
8.0008898 -2.5106804
8.0486355 -2.0248556
4.0686822 -3.3267021
0.1443437 -3.5707090
-0.0059348 -2.4904466
-2.3865492 -4.0150051
-4.7478023 -3.8868880
-5.1160436 -2.9052546
-6.5504208 -2.4225817
-7.5183821 -3.4649050
-8.0083733 -2.5721021
-6.5033545 -2.6286623
-5.6317167 -2.2449369
-6.0669336 -1.7034667
-5.0418234 -2.0876145
-4.5795774 -1.5812218
-4.8502784 -1.2103102
-4.1951118 -1.4992030
-3.8875918 -1.1735854
-4.0875950 -0.9073673
-3.6225593 -1.0625707
-3.4136140 -0.8548177
-3.5727866 -0.6692300
-3.2336044 -0.7275594
-3.1049399 -0.5834663
-3.2394259 -0.4627966
-2.9809141 -0.4467008
-2.9722219 -0.3343243
-3.1005669 -0.2681948
-2.6874042 -0.2046508
-3.1233976 -0.0934890
-3.2611082 -0.0764875
0.0000000 0.0000000
0.0000000 0.0000000
-4.6825681 0.0345823
-4.7117233 0.0016735
-3.8161132 0.1921133
-4.4154329 0.0964454
-4.4382620 -0.0133824
-4.3476868 0.3008878
-4.6294026 0.1843382
-4.6284080 -0.0201356
-4.8027744 0.4348227
-5.1666598 0.2566675
-5.1400485 -0.0638746
-5.4850769 0.6112747
-6.0275621 0.3208059
-5.9667768 -0.1555061
-6.5406804 0.8056086
-7.3486152 0.4177673
-7.2477379 -0.2923954
-8.2613163 1.1086954
-9.5670843 1.0451908
-9.5231190 -0.1659798
-10.6653671 0.5653719
-9.2109995 1.4048682
-9.1601171 -0.2764904
-5.6954737 0.6252927
-1.9527148 1.7184939
-3.0088434 0.0746758
1.3077031 0.4343512
4.0159321 -0.5012017
3.9913349 -0.8622198
6.8354344 0.7019993
10.5573616 -0.8040160
13.2764339 -2.5649390
21.4530468 -5.2146664
22.4878101 -5.7117558
21.6237278 -4.6941705
24.9046230 -2.2499111
31.6484566 -5.7008648
28.2087688 -5.2524910
24.0956631 -3.5912020
16.6375332 -2.4542849
15.8089437 -2.6539705
11.5079679 -2.1616883
7.9281054 -1.6578038
7.5492101 -1.4965540
5.2824101 -1.9769922
0.8463472 -1.7538960
0.2326265 -1.1554962
-2.8998277 -1.7230505
-5.0076380 -1.7671826
-5.0153446 -0.7971537
-6.7166052 -0.7975898
-8.1774921 -1.4630229
-8.2959461 -0.3528920
-7.1700487 -1.0599067
-6.1964941 -1.0362186
-6.3585372 -0.4295766
-5.4517961 -0.9864283
-4.9478726 -0.7813331
-5.0758605 -0.3750852
-4.4936190 -0.7466560
-4.1640635 -0.6078435
-4.2655468 -0.3241133
-3.8618102 -0.5417532
-3.6427922 -0.4615162
-3.7225223 -0.2663849
-3.4372141 -0.3766282
-3.3087091 -0.3284561
-3.3746929 -0.2020928
-3.1522551 -0.2325217
-3.1792867 -0.1978240
-3.2381084 -0.1290460
-2.7971277 -0.1049223
-3.3565702 -0.0545867
-3.4262660 -0.0364155
0.0000000 0.0000000
0.0000000 0.0000000
-4.7259040 -0.0325824
-4.6477165 -0.0608430
-3.8026869 0.0393025
-4.4284835 -0.1240625
-4.3495717 -0.2213374
-4.3532209 -0.0310389
-4.6218677 -0.2299380
-4.5097833 -0.4100862
-4.7880826 -0.1284568
-5.1257887 -0.3936539
-4.9614763 -0.6750900
-5.4347763 -0.2567391
-5.9328766 -0.6480659
-5.6758323 -1.0631727
-6.4164128 -0.5000731
-7.2436385 -1.1058216
-6.7714090 -1.7332661
-8.1544037 -0.6931087
-9.5637693 -1.6445589
-8.7820206 -2.6589677
-10.5373755 -2.0429759
-9.0486860 -2.1034188
-8.2560396 -3.6589780
-6.0558724 -2.9718242
-2.2652762 -2.0165386
0.3325346 -3.8820128
1.1036820 -1.9060525
3.6976357 -2.1900818
4.7513556 -4.4702830
8.1727982 -2.2642555
15.5888195 -5.2564225
16.6921234 -7.7125158
21.3023491 -6.3821878
23.7428913 -4.6057777
22.8426056 -5.3535962
27.4487038 -3.5210834
27.8656063 -4.2737045
26.5618954 -3.9895875
21.5516052 -2.8331745
15.5527754 -2.1252112
15.3209677 -1.6532018
10.1324072 -1.1983185
7.0320177 -1.3379470
6.4682770 -1.3754284
5.1872058 -0.6600830
0.3301411 -0.2720769
-0.8473211 0.1115812
-3.4018478 -0.0160307
-5.3158979 0.2615785
-5.9781299 1.1924454
-7.2869539 0.9226348
-7.9007745 0.8150254
-7.8738074 1.5584508
-7.0999732 0.5354173
-6.1767440 0.2919835
-6.0582476 0.8497289
-5.4828501 0.1536678
-4.9983687 0.0980904
-4.9365659 0.4858061
-4.5467196 0.0411976
-4.2263479 0.0007672
-4.1930737 0.2721783
-3.9208953 -0.0049277
-3.7085838 -0.0454350
-3.6930084 0.1433945
-3.4998219 -0.0212095
-3.3783958 -0.0591447
-3.3713892 0.0646115
-3.2136855 -0.0171036
-3.2595997 -0.0512805
-3.2530344 0.0167996
-2.8535745 -0.0011338
-3.4578552 -0.0180270
-3.4653687 -0.0005237
0.0000000 0.0000000
0.0000000 0.0000000
-4.5726404 -0.0825475
-4.4161487 -0.1021975
-3.7051613 -0.1041351
-4.2572627 -0.3189871
-4.1093926 -0.3997708
-4.1795926 -0.3334367
-4.4070983 -0.5881478
-4.2150111 -0.7342950
-4.5401936 -0.6171169
-4.8255687 -0.9564467
-4.5587325 -1.1796135
-5.0706215 -0.9867080
-5.4810133 -1.4799278
-5.0896659 -1.8010018
-5.8420720 -1.6167802
-6.4439273 -2.3173313
-5.8227229 -2.7818482
-7.0573840 -2.4872723
-8.3071308 -3.6434648
-7.0343437 -4.3560538
-9.0550995 -4.6162071
-8.5468016 -5.4971123
-6.6016078 -6.6470742
-6.7848611 -6.7289238
-2.7634945 -7.6262889
-1.6231760 -8.0901566
1.9848554 -7.9237938
6.1168532 -7.2041545
6.7495070 -9.8763628
11.2115507 -8.1589508
16.3412094 -7.9569850
14.5942574 -7.1796064
17.7553883 -7.8630443
21.0344753 -6.5483027
22.1606236 -4.3915401
25.5086365 -3.2417400
23.7627792 -1.8939531
22.6466541 -1.0995514
20.2590885 -1.7312390
15.3195581 -0.5352448
15.0291901 1.3600852
9.2194977 0.7958527
6.3426151 -0.8214691
6.0508842 0.6693441
2.9794030 1.2664700
-0.8606856 1.8189927
-1.8421204 2.7202222
-4.1321549 2.1490395
-5.9250855 2.5236802
-7.2820425 3.8110230
-7.6327243 2.8390839
-7.2602310 2.4826598
-6.6232777 2.9735835
-6.2415791 1.9129531
-5.7496300 1.4058180
-5.3309627 1.8922608
-5.1111994 1.2060099
-4.7523675 0.8774026
-4.4958959 1.2278278
-4.3288460 0.7632616
-4.0737047 0.5565097
-3.9110215 0.8005877
-3.7907782 0.4880204
-3.6134951 0.3436299
-3.5051072 0.5118761
-3.4203622 0.3080309
-3.3189256 0.1966483
-3.2414970 0.3076222
-3.1636772 0.1845799
-3.2232726 0.0909553
-3.1570692 0.1530455
-2.8229570 0.0935549
-3.4384413 0.0157435
-3.3902242 0.0321036
0.0000000 0.0000000
0.0000000 0.0000000
-4.2757607 -0.1166065
-4.0602264 -0.1302059
-3.4771242 -0.2247292
-3.9491699 -0.4709587
-3.7532120 -0.5275014
-3.8603270 -0.5734715
-4.0317521 -0.8602945
-3.7921951 -0.9604114
-4.1141267 -0.9970882
-4.3113384 -1.3656738
-3.9979336 -1.5104269
-4.4603992 -1.5381756
-4.7256746 -2.0588553
-4.2909250 -2.2521274
-4.9158545 -2.3607111
-5.2630353 -3.0984271
-4.6480489 -3.3586357
-5.5240717 -3.4509068
-6.1080632 -4.7671552
-5.0844650 -4.9827795
-6.5096745 -5.9070749
-5.9401870 -7.2539983
-4.9598207 -7.2885942
-3.9619501 -8.0350447
-1.2424515 -8.3642559
-1.0516884 -8.1868458
2.1075959 -9.3302565
6.8153896 -8.7058935
5.2528114 -7.7314596
10.4029675 -7.2059083
12.2255745 -7.1253538
11.6332579 -5.3177638
14.7461090 -5.8480988
18.6984520 -3.9635644
17.4082355 -4.5594726
21.9293118 -1.8050774
21.7048225 -0.5241756
19.9681454 0.4391422
16.3843021 -0.1120895
14.2071552 2.8771353
13.3479004 4.7211256
10.2797213 2.8555491
5.0581470 3.4900286
3.5859778 6.6352963
0.3969460 5.2175608
-1.8840115 4.4443822
-1.2523490 5.7354255
-5.1341839 5.1813464
-6.6993437 5.4298887
-6.0928602 5.7668767
-6.4558024 4.4935765
-5.9022107 3.3939273
-4.9327407 3.8369019
-5.1876822 2.9920561
-4.9635053 2.1867321
-4.3468080 2.5956969
-4.4551129 1.9909168
-4.2482052 1.4754846
-3.8660865 1.7594243
-3.9046175 1.3288774
-3.7367833 0.9998463
-3.4849718 1.1971722
-3.5039659 0.8882519
-3.3781228 0.6632625
-3.2006819 0.7997239
-3.2170587 0.5811025
-3.1465356 0.4126541
-3.0122790 0.5033005
-3.0103736 0.3542080
-3.0864949 0.2144296
-2.9697464 0.2656711
-2.7014349 0.1716390
-3.3121302 0.0452242
-3.2171619 0.0597998
0.0000000 0.0000000
0.0000000 0.0000000
-3.8711171 -0.1374405
-3.6210842 -0.1453774
-3.1512084 -0.3122344
-3.5427513 -0.5679868
-3.3235593 -0.5989485
-3.4413707 -0.7356495
-3.5525081 -1.0292431
-3.2980661 -1.0817310
-3.5799289 -1.2363822
-3.6849904 -1.6024231
-3.3747139 -1.6700455
-3.7359831 -1.8588027
-3.8486359 -2.3498712
-3.4659612 -2.4179807
-3.8715911 -2.7519987
-3.9416089 -3.3972027
-3.5171974 -3.4338591
-3.8598847 -3.8916297
-3.9038165 -4.8127570
-3.4893796 -4.7278752
-3.8133385 -5.7736597
-3.4761901 -6.9906683
-3.1178243 -6.3921003
-2.5918877 -8.1602659
-0.6124730 -8.6352205
-0.8123447 -8.0632296
1.9386268 -8.5979004
4.7536745 -7.8474712
4.1069274 -7.7231293
7.7552261 -6.3608360
10.9985609 -5.1423159
8.8326368 -6.2716050
13.8531370 -4.0840921
16.0281868 -2.8873153
13.8616152 -4.1090441
17.7366085 -0.5913876
16.2192650 1.2724783
14.8093653 0.4961065
13.7757397 1.5233821
12.4848680 3.5044496
9.3500624 6.9606419
7.3392868 6.6108484
3.7026825 7.0493388
3.9827137 7.5372596
1.0926547 6.8636556
-2.7704120 7.5563235
-2.0867631 9.0494041
-5.3400908 7.6711936
-5.1540923 5.8006859
-2.9740720 6.0618372
-4.4299555 5.0462728
-4.3524203 3.8819549
-3.2943904 4.1267295
-4.0255346 3.4747875
-3.9627311 2.6635423
-3.2823119 2.9134429
-3.6768701 2.4218781
-3.5854628 1.8638968
-3.1434946 2.0589614
-3.3661475 1.6867924
-3.2766731 1.3054326
-2.9753854 1.4451133
-3.1155722 1.1635981
-3.0417926 0.8935359
-2.8228333 0.9915947
-2.9246821 0.7781909
-2.8870559 0.5738955
-2.7154965 0.6398239
-2.7769854 0.4792852
-2.8685117 0.3094641
-2.7150888 0.3470705
-2.5070446 0.2282481
-3.0973125 0.0686119
-2.9687870 0.0803518
0.0000000 0.0000000
0.0000000 0.0000000
-3.4023967 -0.1459692
-3.1406012 -0.1485297
-2.7674184 -0.3636068
-3.0825222 -0.6098220
-2.8626258 -0.6173903
-2.9725320 -0.8186298
-3.0257831 -1.0945863
-2.7849734 -1.1035787
-3.0050964 -1.3410456
-3.0225616 -1.6681172
-2.7558081 -1.6659238
-2.9919405 -1.9662999
-2.9719098 -2.3739660
-2.6872342 -2.3325281
-2.8793275 -2.7901690
-2.7639661 -3.2780871
-2.5158992 -3.1554255
-2.5602257 -3.7509136
-2.2999356 -4.4050727
-2.1686492 -4.0644045
-1.8954624 -5.1375360
-1.4303342 -5.7653766
-1.4407125 -5.2178707
-0.8775015 -6.3709073
0.1296898 -7.2288270
0.0654898 -6.1730723
1.4597089 -8.0009232
3.4995522 -7.5499072
2.9949765 -6.9065413
5.9543290 -6.7003989
8.4370537 -5.3870058
6.0942879 -6.0107450
11.0433283 -3.6696074
12.9669142 -0.9441513
9.7861853 -3.7698884
12.9858742 1.9261800
11.6091471 4.4006033
10.6263237 1.4754707
10.3000050 4.3510756
8.3337383 5.6380558
6.4109340 7.3001056
5.6153097 7.1401110
3.0351639 8.7237482
2.0357006 8.6487169
-0.4203517 9.1609230
-1.6680787 7.7527804
-0.0816721 6.8424125
-2.0902095 6.6151218
-2.5729301 5.3622222
-1.3684447 5.2581553
-2.7226012 4.7725792
-2.9024444 3.8907583
-2.0315790 3.9095156
-2.8887007 3.4883859
-2.9516699 2.8281441
-2.3362272 2.9015899
-2.8758357 2.5433903
-2.8765142 2.0428984
-2.4397562 2.1389852
-2.7863216 1.8403987
-2.7598016 1.4711528
-2.4476550 1.5495498
-2.6781824 1.3076749
-2.6488769 1.0310596
-2.4137659 1.0889453
-2.5802960 0.8927280
-2.5719335 0.6760963
-2.3820302 0.7163528
-2.4914589 0.5555509
-2.5935402 0.3722511
-2.4186738 0.3957439
-2.2627947 0.2619042
-2.8181832 0.0849482
-2.6702793 0.0930888
0.0000000 0.0000000
0.0000000 0.0000000
-2.9114492 -0.1439586
-2.6561894 -0.1418553
-2.3637421 -0.3813363
-2.6102545 -0.6042354
-2.4051099 -0.5929976
-2.4988515 -0.8312078
-2.5052435 -1.0733241
-2.2919126 -1.0482143
-2.4524360 -1.3291728
-2.4060581 -1.6000773
-2.1874206 -1.5455803
-2.3270917 -1.8965348
-2.2259018 -2.2072213
-2.0119996 -2.0968506
-2.0830860 -2.5723593
-1.8806710 -2.9188964
-1.7056539 -2.7097602
-1.6311436 -3.3139901
-1.3170075 -3.6993709
-1.1970254 -3.3377025
-0.9237872 -4.1948009
-0.3478437 -4.5706840
-0.3615350 -3.9578228
0.3070427 -4.9673858
1.0993290 -5.1659927
0.9759875 -4.3902011
1.8892571 -5.5676579
3.1289117 -5.3255739
2.6544542 -4.3345671
4.6213360 -5.1546926
5.9171715 -4.0763559
4.7501402 -3.6098244
7.2211318 -2.2463331
7.8378992 -0.7791641
6.0920091 -1.3502166
8.2769051 1.6699615
7.7136617 3.3768036
6.0039272 1.7484887
6.8164349 4.5539627
5.6853895 5.9021320
4.6254606 4.0451765
4.0519137 6.1667953
2.7852454 6.2552691
2.5083256 4.9922938
1.4181139 5.9652209
0.3973938 5.6278825
0.7016129 4.8410420
-0.4316960 5.1173306
-0.9982628 4.5434079
-0.4871837 4.1767182
-1.4260131 4.0908484
-1.7233346 3.5461822
-1.2006232 3.3851891
-1.9201233 3.1860366
-2.0694358 2.7164085
-1.6108557 2.6624560
-2.1407981 2.4364648
-2.2085106 2.0468326
-1.8388286 2.0475032
-2.2230346 1.8296421
-2.2455053 1.5129309
-1.9580399 1.5341179
-2.2351897 1.3374506
-2.2397084 1.0838251
-2.0115042 1.1042632
-2.2168984 0.9316205
-2.2316966 0.7232739
-2.0396419 0.7397856
-2.1799338 0.5861039
-2.2865450 0.4042117
-2.1040637 0.4148114
-1.9918938 0.2744640
-2.5003211 0.0943075
-2.3458972 0.0985789
0.0000000 0.0000000
0.0000000 0.0000000
-2.4332309 -0.1344221
-2.1968710 -0.1288088
-1.9712555 -0.3716295
-2.1599646 -0.5647975
-1.9767492 -0.5404893
-2.0546641 -0.7893115
-2.0302505 -0.9931619
-1.8459107 -0.9455279
-1.9613731 -1.2337195
-1.8808528 -1.4500977
-1.6994278 -1.3657374
-1.7809654 -1.7136480
-1.6450803 -1.9440656
-1.4725434 -1.8029644
-1.4886278 -2.2353909
-1.2717757 -2.4722216
-1.1192055 -2.2457011
-1.0279568 -2.7727289
-0.7086290 -2.9999948
-0.5861183 -2.6569467
-0.3648108 -3.2971890
0.1142095 -3.4680760
0.1672860 -2.9840517
0.6209551 -3.6935370
1.2650104 -3.7037199
1.1659727 -3.0993915
1.8924862 -3.6689620
2.5371943 -3.5196176
2.3030856 -2.8035607
3.2714713 -3.1458075
3.9522271 -2.6928446
3.4039972 -2.0395520
4.7009535 -1.7325063
5.0465603 -0.9960458
4.1149583 -0.7943493
5.3840647 0.6387693
5.0513320 1.2401760
4.0112023 0.9200844
4.7395520 2.1862016
4.1168385 3.1305532
3.2594101 2.3642247
3.3030114 3.4491942
2.5456755 4.0283246
2.0966690 3.1923983
1.6787766 3.9467587
1.0081636 4.0532084
0.9199331 3.4037406
0.3180226 3.7816093
-0.1539529 3.6152091
-0.0212885 3.1925719
-0.6139729 3.3016284
-0.9197962 3.0263734
-0.6751026 2.7805824
-1.1971011 2.7376678
-1.3798403 2.4420791
-1.0931089 2.3102214
-1.5341498 2.1937203
-1.6394771 1.9162263
-1.3643759 1.8525431
-1.7209665 1.7076637
-1.7770629 1.4595468
-1.5376219 1.4333802
-1.8180114 1.2827053
-1.8467225 1.0681558
-1.6428283 1.0576289
-1.8611079 0.9112490
-1.8911015 0.7246433
-1.7103298 0.7212896
-1.8645134 0.5793830
-1.9697275 0.4100656
-1.7910987 0.4099390
-1.7139504 0.2699793
-2.1673405 0.0974451
-2.0162439 0.0980858
0.0000000 0.0000000
0.0000000 0.0000000
-1.9922128 -0.1206647
-1.7816597 -0.1128522
-1.6107510 -0.3431422
-1.7531301 -0.5056986
-1.5937035 -0.4740563
-1.6595641 -0.7133902
-1.6183622 -0.8808838
-1.4606502 -0.8219780
-1.5453526 -1.0932885
-1.4519256 -1.2630452
-1.2997197 -1.1671805
-1.3484995 -1.4827391
-1.2057763 -1.6516919
-1.0626012 -1.5054728
-1.0549694 -1.8746513
-0.8487539 -2.0332537
-0.7182215 -1.8197538
-0.6330959 -2.2448411
-0.3467507 -2.3747745
-0.2364112 -2.0780022
-0.0597612 -2.5470927
0.3219007 -2.6114242
0.3690235 -2.2339065
0.6859283 -2.6768847
1.1418326 -2.6453052
1.0813667 -2.1983564
1.5812927 -2.5293987
2.0062954 -2.3796823
1.8400661 -1.8997821
2.4834368 -1.9694771
2.8311746 -1.6708131
2.4852934 -1.3124237
3.2380874 -1.0084341
3.4051266 -0.6059429
2.8694904 -0.4810729
3.6415060 0.4088604
3.4266748 0.7550506
2.8105242 0.5742296
3.3112516 1.4366405
2.9136419 1.9396547
2.3691919 1.5216982
2.5087094 2.2624152
2.0410545 2.6654177
1.6658642 2.1531670
1.5220090 2.7179451
1.0695901 2.9044523
0.8921886 2.4330356
0.5819086 2.7864592
0.2176197 2.7878957
0.1957179 2.4214509
-0.1684719 2.5937743
-0.4356276 2.4809518
-0.3533710 2.2255933
-0.7093076 2.2679834
-0.8904334 2.1000266
-0.7349128 1.9364086
-1.0714029 1.8959255
-1.1893287 1.7114500
-1.0041914 1.6126617
-1.3041536 1.5258765
-1.3767349 1.3434246
-1.1932621 1.2857568
-1.4476810 1.1758614
-1.4915129 1.0044323
-1.3204371 0.9713042
-1.5301712 0.8508597
-1.5686734 0.6920452
-1.4079716 0.6739442
-1.5620763 0.5464379
-1.6601610 0.3960795
-1.4945827 0.3879460
-1.4439931 0.2535659
-1.8384744 0.0955658
-1.6971844 0.0933407
0.0000000 0.0000000
0.0000000 0.0000000
-1.6017679 -0.1052751
-1.4198521 -0.0964711
-1.2930418 -0.3044675
-1.3991941 -0.4386441
-1.2627698 -0.4044929
-1.3200516 -0.6223043
-1.2720995 -0.7578275
-1.1383032 -0.6960773
-1.2029110 -0.9379391
-1.1091328 -1.0698878
-0.9818348 -0.9743574
-1.0124617 -1.2463449
-0.8777820 -1.3696300
-0.7592413 -1.2324607
-0.7431023 -1.5353919
-0.5595233 -1.6409613
-0.4521986 -1.4531269
-0.3781199 -1.7815648
-0.1385593 -1.8541058
-0.0498600 -1.6101207
0.0868854 -1.9411302
0.3792813 -1.9603276
0.4132350 -1.6697172
0.6507575 -1.9499570
0.9672333 -1.9051080
0.9234729 -1.5828640
1.2673038 -1.7504100
1.5386566 -1.6345266
1.4241236 -1.3165787
1.8564217 -1.3016195
2.0559444 -1.0963588
1.8274188 -0.8778914
2.3093810 -0.6176308
2.3863854 -0.3711190
2.0517995 -0.2955040
2.5369432 0.2749640
2.4073904 0.5022207
2.0165074 0.4002978
2.3605585 0.9896944
2.1071560 1.2947066
1.7431066 1.0454087
1.8861825 1.5702816
1.5785246 1.8441092
1.2961640 1.5178559
1.2614872 1.9420259
0.9503611 2.1109841
0.7760419 1.7796564
0.6180111 2.0782831
0.3441999 2.1343069
0.2725284 1.8465468
0.0502002 2.0245774
-0.1689166 1.9923663
-0.1626727 1.7668628
-0.4026036 1.8454671
-0.5642340 1.7567763
-0.4911343 1.5946603
-0.7371100 1.5988309
-0.8521181 1.4810964
-0.7351035 1.3708767
-0.9732928 1.3247218
-1.0503196 1.1947658
-0.9169690 1.1224453
-1.1334291 1.0447819
-1.1830318 0.9122626
-1.0469885 0.8661053
-1.2344004 0.7686387
-1.2763660 0.6381174
-1.1393319 0.6106462
-1.2830462 0.4982731
-1.3701634 0.3689640
-1.2231071 0.3555161
-1.1922616 0.2304190
-1.5272791 0.0900630
-1.3993500 0.0859774
0.0000000 0.0000000
0.0000000 0.0000000
-1.2663956 -0.0900514
-1.1129380 -0.0811206
-1.0213563 -0.2624435
-1.0993414 -0.3720188
-0.9841152 -0.3385980
-1.0350828 -0.5293052
-0.9869446 -0.6379769
-0.8744160 -0.5789954
-0.9258363 -0.7866968
-0.8391116 -0.8889698
-0.7330993 -0.8010370
-0.7546433 -1.0271968
-0.6350697 -1.1178020
-0.5381419 -0.9966547
-0.5209975 -1.2380449
-0.3659979 -1.3091295
-0.2800681 -1.1512066
-0.2186417 -1.3976113
-0.0274526 -1.4384868
0.0392381 -1.2441503
0.1471451 -1.4724139
0.3643442 -1.4730920
0.3863021 -1.2535479
0.5652831 -1.4282284
0.7828352 -1.3841581
0.7509348 -1.1542461
0.9965726 -1.2349538
1.1743295 -1.1444902
1.0881963 -0.9324120
1.3860604 -0.8857324
1.5087503 -0.7420650
1.3493563 -0.6012700
1.6757187 -0.3938780
1.7125760 -0.2284026
1.4896389 -0.1811219
1.8104824 0.2009704
1.7286333 0.3623664
1.4674352 0.3003348
1.7087431 0.7119945
1.5442750 0.9125197
1.2905971 0.7551135
1.4155647 1.1357347
1.2071748 1.3256047
0.9974261 1.1099075
1.0074193 1.4309217
0.7886820 1.5663359
0.6409433 1.3334805
0.5619602 1.5761942
0.3590689 1.6429863
0.2770181 1.4251039
0.1426170 1.5862765
-0.0311400 1.5903714
-0.0548158 1.4055072
-0.2170647 1.4928474
-0.3537847 1.4496191
-0.3255034 1.3056078
-0.5031943 1.3317610
-0.6055472 1.2576797
-0.5358300 1.1518459
-0.7181085 1.1310729
-0.7920541 1.0392706
-0.6974034 0.9644058
-0.8736160 0.9100097
-0.9231890 0.8089392
-0.8181701 0.7580408
-0.9782601 0.6795403
-1.0185657 0.5738521
-0.9055978 0.5419731
-1.0328388 0.4440581
-1.1071836 0.3349730
-0.9804730 0.3188169
-0.9639971 0.2049337
-1.2420412 0.0824015
-1.1283219 0.0775144
0.0000000 0.0000000
0.0000000 0.0000000
-0.9845297 -0.0759754
-0.8572357 -0.0675457
-0.7939047 -0.2216781
-0.8502421 -0.3108191
-0.7534589 -0.2802740
-0.7999337 -0.4424457
-0.7551859 -0.5296304
-0.6613108 -0.4765987
-0.7040639 -0.6502354
-0.6282592 -0.7299979
-0.5404755 -0.6531217
-0.5575577 -0.8364706
-0.4563949 -0.9039891
-0.3775567 -0.8015316
-0.3635017 -0.9893104
-0.2372866 -1.0384835
-0.1699902 -0.9098942
-0.1210360 -1.0910054
0.0263264 -1.1147121
0.0752408 -0.9636362
0.1606462 -1.1194350
0.3195375 -1.1127075
0.3330640 -0.9489378
0.4673875 -1.0559275
0.6187410 -1.0169783
0.5920703 -0.8529461
0.7718726 -0.8873376
0.8903250 -0.8160297
0.8241914 -0.6724482
1.0359927 -0.6168440
1.1143425 -0.5127023
0.9984830 -0.4185709
1.2259240 -0.2566352
1.2457238 -0.1383260
1.0886897 -0.1073397
1.3111767 0.1582597
1.2563835 0.2791337
1.0747291 0.2390074
1.2488592 0.5324020
1.1392788 0.6733174
0.9572356 0.5699131
1.0599813 0.8500656
0.9173760 0.9860650
0.7587378 0.8396467
0.7879694 1.0839866
0.6318917 1.1894432
0.5124848 1.0243371
0.4771704 1.2180753
0.3266372 1.2805293
0.2500188 1.1181107
0.1690352 1.2553730
0.0354130 1.2738631
0.0001233 1.1284573
-0.1077333 1.2109857
-0.2195100 1.1923318
-0.2136476 1.0719479
-0.3403587 1.1057577
-0.4273666 1.0592915
-0.3870935 0.9658177
-0.5244204 0.9588875
-0.5893108 0.8934325
-0.5240897 0.8240767
-0.6624627 0.7849209
-0.7087817 0.7073351
-0.6277354 0.6580475
-0.7596605 0.5938099
-0.7956679 0.5082689
-0.7040592 0.4763032
-0.8130907 0.3911135
-0.8734156 0.2994004
-0.7665830 0.2827734
-0.7607405 0.1805134
-0.9860488 0.0740280
-0.8855413 0.0691874
0.0000000 0.0000000
0.0000000 0.0000000
-0.7508678 -0.0636615
-0.6461332 -0.0560934
-0.6060973 -0.1848916
-0.6458492 -0.2578520
-0.5645394 -0.2313091
-0.6076260 -0.3663665
-0.5685459 -0.4368123
-0.4900312 -0.3914049
-0.5277008 -0.5333613
-0.4640294 -0.5965135
-0.3915768 -0.5319785
-0.4073861 -0.6777573
-0.3252402 -0.7292331
-0.2610998 -0.6455944
-0.2516410 -0.7889168
-0.1523866 -0.8242509
-0.0996973 -0.7224158
-0.0629330 -0.8533674
0.0484273 -0.8677630
0.0833134 -0.7522253
0.1499922 -0.8574786
0.2644428 -0.8480458
0.2724297 -0.7271523
0.3736573 -0.7909627
0.4795398 -0.7575748
0.4564336 -0.6406269
0.5882917 -0.6492371
0.6697975 -0.5925553
0.6161573 -0.4932802
0.7709014 -0.4380053
0.8211263 -0.3591766
0.7348275 -0.2951374
0.8989444 -0.1687365
0.9098973 -0.0792144
0.7944285 -0.0581345
0.9532048 0.1328422
0.9169161 0.2267167
0.7838856 0.2000530
0.9147490 0.4132505
0.8396205 0.5181429
0.7054671 0.4482229
0.7904277 0.6568078
0.6912016 0.7582560
0.5694890 0.6572157
0.6051145 0.8438568
0.4944783 0.9262686
0.3969373 0.8087538
0.3881356 0.9615545
0.2766694 1.0157763
0.2099029 0.8957433
0.1641240 1.0085826
0.0622479 1.0316246
0.0251705 0.9199274
-0.0455446 0.9918275
-0.1329612 0.9859299
-0.1395501 0.8896455
-0.2273292 0.9228795
-0.2987202 0.8933831
-0.2755669 0.8154407
-0.3767575 0.8143939
-0.4309668 0.7668969
-0.3858727 0.7071744
-0.4924439 0.6770223
-0.5315399 0.6163133
-0.4699215 0.5730296
-0.5748506 0.5186057
-0.6051189 0.4484586
-0.5305302 0.4195723
-0.6211802 0.3445957
-0.6679901 0.2664273
-0.5780860 0.2511426
-0.5812536 0.1596098
-0.7582848 0.0662814
-0.6689384 0.0620566
0.0000000 0.0000000
0.0000000 0.0000000
-0.5581796 -0.0533585
-0.4716388 -0.0469689
-0.4517421 -0.1534089
-0.4785993 -0.2142175
-0.4097425 -0.1922016
-0.4510076 -0.3029176
-0.4186039 -0.3609574
-0.3522809 -0.3237617
-0.3872037 -0.4379043
-0.3362111 -0.4891203
-0.2755770 -0.4370950
-0.2926685 -0.5507872
-0.2282596 -0.5914282
-0.1759623 -0.5252644
-0.1721180 -0.6328852
-0.0969296 -0.6592836
-0.0551116 -0.5808751
-0.0295292 -0.6740070
0.0526031 -0.6831328
0.0779730 -0.5965546
0.1272073 -0.6658217
0.2095020 -0.6559504
0.2124038 -0.5674744
0.2887495 -0.6032081
0.3618533 -0.5742666
0.3416020 -0.4912790
0.4397672 -0.4852135
0.4958243 -0.4387536
0.4512516 -0.3696167
0.5650966 -0.3175572
0.5990676 -0.2552716
0.5304341 -0.2108279
0.6530919 -0.1107520
0.6584482 -0.0392180
0.5704166 -0.0248763
0.6891322 0.1165661
0.6643456 0.1927413
0.5625975 0.1748462
0.6634359 0.3330753
0.6128394 0.4151876
0.5085401 0.3674133
0.5817031 0.5243685
0.5120541 0.6036025
0.4165500 0.5332097
0.4556060 0.6761335
0.3769373 0.7422636
0.2967781 0.6587012
0.3034943 0.7781749
0.2232023 0.8244146
0.1642415 0.7367680
0.1436395 0.8271117
0.0672522 0.8505248
0.0322708 0.7664547
-0.0108331 0.8257141
-0.0775639 0.8265551
-0.0895403 0.7519686
-0.1488834 0.7805123
-0.2038336 0.7613735
-0.1922029 0.6996150
-0.2638221 0.6994138
-0.3069577 0.6640426
-0.2751293 0.6158857
-0.3544099 0.5900591
-0.3850975 0.5415652
-0.3380114 0.5067067
-0.4188818 0.4583101
-0.4412971 0.3993859
-0.3810314 0.3764356
-0.4531559 0.3083791
-0.4872735 0.2395771
-0.4108507 0.2269990
-0.4213214 0.1444122
-0.5554525 0.0595424
-0.4721641 0.0553452
0.0000000 0.0000000
0.0000000 0.0000000
-0.3985073 -0.0452200
-0.3255277 -0.0401171
-0.3241444 -0.1278975
-0.3410527 -0.1802421
-0.2813284 -0.1629903
-0.3224207 -0.2525469
-0.2968678 -0.3021513
-0.2397767 -0.2730234
-0.2743185 -0.3635724
-0.2357833 -0.4066511
-0.1836341 -0.3663646
-0.2039528 -0.4537570
-0.1559841 -0.4873119
-0.1119395 -0.4367331
-0.1154490 -0.5159927
-0.0604476 -0.5370628
-0.0270964 -0.4779471
-0.0119717 -0.5430931
0.0460705 -0.5491163
0.0652220 -0.4852235
0.0996288 -0.5293572
0.1570551 -0.5194877
0.1571117 -0.4553760
0.2120944 -0.4723494
0.2628179 -0.4467503
0.2430495 -0.3876230
0.3166963 -0.3731322
0.3540343 -0.3331117
0.3161215 -0.2849030
0.4020486 -0.2370689
0.4246215 -0.1847327
0.3674732 -0.1535107
0.4604742 -0.0724600
0.4642856 -0.0122898
0.3919791 -0.0020663
0.4856259 0.1058360
0.4680665 0.1708297
0.3867818 0.1587275
0.4692270 0.2786036
0.4350259 0.3468172
0.3502932 0.3141621
0.4147515 0.4339396
0.3678497 0.4990014
0.2882506 0.4499697
0.3311369 0.5600643
0.2760099 0.6152617
0.2086531 0.5557851
0.2273393 0.6489806
0.1706223 0.6891205
0.1185612 0.6255031
0.1155512 0.6969620
0.0613334 0.7192819
0.0276193 0.6569399
0.0065588 0.7043135
-0.0424982 0.7084960
-0.0563299 0.6518435
-0.0929875 0.6746762
-0.1334650 0.6620205
-0.1283931 0.6144806
-0.1771593 0.6132948
-0.2082760 0.5862402
-0.1863343 0.5494056
-0.2422890 0.5255715
-0.2638637 0.4863663
-0.2279366 0.4609379
-0.2863451 0.4159287
-0.2998934 0.3658637
-0.2521871 0.3511661
-0.3045858 0.2862393
-0.3232550 0.2244788
-0.2616856 0.2158749
-0.2713177 0.1390695
-0.3709221 0.0501193
-0.2923137 0.0372395
0.0000000 0.0000000
0.0000000 0.0000000
-0.2637575 -0.0393411
-0.1994096 -0.0356668
-0.2169577 -0.1084234
-0.2256689 -0.1557648
-0.1719461 -0.1429835
-0.2146749 -0.2152188
-0.1960955 -0.2599402
-0.1449406 -0.2373562
-0.1816960 -0.3092639
-0.1546278 -0.3479300
-0.1084483 -0.3161218
-0.1335133 -0.3842229
-0.1008406 -0.4139492
-0.0620201 -0.3737481
-0.0736537 -0.4338486
-0.0365330 -0.4522589
-0.0082857 -0.4049610
-0.0049131 -0.4526685
0.0342118 -0.4574196
0.0484488 -0.4066105
0.0693859 -0.4369097
0.1067927 -0.4272391
0.1053644 -0.3772793
0.1432258 -0.3853567
0.1764389 -0.3617850
0.1574346 -0.3164650
0.2107959 -0.2997662
0.2356955 -0.2634914
0.2003334 -0.2269352
0.2666456 -0.1852241
0.2803078 -0.1382006
0.2308387 -0.1144913
0.3043235 -0.0487987
0.3068655 0.0054762
0.2440394 0.0137401
0.3199724 0.0984821
0.3096277 0.1570749
0.2389340 0.1486400
0.3113612 0.2425724
0.2888409 0.3030799
0.2165077 0.2788971
0.2775791 0.3739106
0.2471727 0.4309607
0.1777319 0.3938823
0.2241093 0.4830489
0.1885507 0.5313933
0.1281693 0.4850781
0.1579844 0.5626425
0.1200712 0.5984251
0.0731992 0.5470911
0.0851752 0.6090389
0.0488039 0.6299541
0.0168837 0.5778343
0.0128038 0.6216812
-0.0199787 0.6270210
-0.0351981 0.5780725
-0.0532354 0.6023086
-0.0808847 0.5930753
-0.0793013 0.5511631
-0.1094700 0.5548142
-0.1300083 0.5333517
-0.1141560 0.5008758
-0.1519388 0.4840301
-0.1639005 0.4526715
-0.1370489 0.4313962
-0.1758259 0.3936554
-0.1779590 0.3539962
-0.1468381 0.3420662
-0.1758915 0.2814517
-0.1658663 0.2387529
-0.1504375 0.2078604
-0.1336796 0.1363247
-0.1349018 0.0999376
-0.1621928 -0.0603061
0.0000000 0.0000000
0.0000000 0.0000000
-0.1458168 -0.0360875
-0.0864037 -0.0339288
-0.1237845 -0.0950819
-0.1251786 -0.1414159
-0.0751452 -0.1247969
-0.1210264 -0.1911852
-0.1095056 -0.2353875
-0.0614692 -0.2023274
-0.1021881 -0.2753983
-0.0861587 -0.3143007
-0.0433389 -0.2652381
-0.0752719 -0.3418892
-0.0560107 -0.3723492
-0.0212957 -0.3088625
-0.0415113 -0.3850521
-0.0204189 -0.4046149
0.0040003 -0.3298473
-0.0032199 -0.4001440
0.0191450 -0.4063140
0.0304239 -0.3283732
0.0378155 -0.3840034
0.0594497 -0.3760856
0.0559863 -0.3016255
0.0791874 -0.3365139
0.0978007 -0.3145643
0.0792971 -0.2495900
0.1167819 -0.2594326
0.1313382 -0.2247036
0.0974684 -0.1744692
0.1475276 -0.1572702
0.1559994 -0.1119947
0.1091753 -0.0810003
0.1694758 -0.0367951
0.1706001 0.0160915
0.1135612 0.0245132
0.1790033 0.0929798
0.1736169 0.1503007
0.1089762 0.1346802
0.1747484 0.2217881
0.1630458 0.2799638
0.0963944 0.2404684
0.1577865 0.3406495
0.1406732 0.3946389
0.0775267 0.3334828
0.1292561 0.4411818
0.1093401 0.4861742
0.0537104 0.4073079
0.0929813 0.5166484
0.0718669 0.5492589
0.0278800 0.4577513
0.0530839 0.5630388
0.0321790 0.5815199
0.0023951 0.4830901
0.0128474 0.5792133
-0.0060560 0.5829345
-0.0211161 0.4853200
-0.0244832 0.5662071
-0.0403063 0.5563891
-0.0406896 0.4668117
-0.0561956 0.5275624
-0.0678752 0.5072148
-0.0547473 0.4297710
-0.0797734 0.4683660
-0.0844848 0.4425307
-0.0615755 0.3812474
-0.0906152 0.3935059
-0.0746296 0.3764866
-0.0690882 0.3250808
-0.0886898 0.2863920
0.0311912 0.3531634
-0.1432159 0.2242019
-0.0472326 0.0730061
0.3699187 0.3711143
-0.2377400 -0.2277323
0.0000000 0.0000000
0.0000000 0.0000000
-0.0327441 -0.0371910
0.0000000 0.0000000
-0.0324370 -0.0910181
-0.0295284 -0.1481899
0.0000000 0.0000000
-0.0294931 -0.1923594
-0.0260818 -0.2453403
0.0000000 0.0000000
-0.0248196 -0.2820521
-0.0206984 -0.3260136
0.0000000 0.0000000
-0.0184281 -0.3525976
-0.0134210 -0.3845951
0.0000000 0.0000000
-0.0103069 -0.3984560
-0.0045431 -0.4160208
0.0000000 0.0000000
-0.0003379 -0.4145311
0.0052992 -0.4155543
0.0000000 0.0000000
0.0099750 -0.3982058
0.0154127 -0.3823244
0.0000000 0.0000000
0.0200892 -0.3492739
0.0248212 -0.3171206
0.0000000 0.0000000
0.0295930 -0.2699330
0.0330678 -0.2231999
0.0000000 0.0000000
0.0374278 -0.1649473
0.0395908 -0.1061414
0.0000000 0.0000000
0.0429123 -0.0411662
0.0431761 0.0264907
0.0000000 0.0000000
0.0460408 0.0925732
0.0440369 0.1651566
0.0000000 0.0000000
0.0455802 0.2267435
0.0418520 0.2990837
0.0000000 0.0000000
0.0416717 0.3514650
0.0364855 0.4181467
0.0000000 0.0000000
0.0351192 0.4577649
0.0288121 0.5139664
0.0000000 0.0000000
0.0263310 0.5386603
0.0195613 0.5808845
0.0000000 0.0000000
0.0162045 0.5898639
0.0094374 0.6162285
0.0000000 0.0000000
0.0056663 0.6097209
-0.0005815 0.6196296
0.0000000 0.0000000
-0.0043267 0.5994201
-0.0094468 0.5938038
0.0000000 0.0000000
-0.0127092 0.5628449
-0.0168147 0.5439026
0.0000000 0.0000000
-0.0195983 0.5062313
-0.0242206 0.4773025
0.0000000 0.0000000
-0.0335303 0.4335103
-0.0016570 0.4525699
0.0000000 0.0000000
-0.1154897 0.3006722
0.2381284 0.7261172
0.0000000 0.0000000
-0.2876413 -0.1049466
1.3101137 1.3618065
0.0000000 0.0000000
0.0000000 0.0000000
-37.66392
-37.6648
-39.01651
-41.13481
-44.23008
-48.42997
-53.91461
-61.0347
-70.44701
-84.06348
-108.0621
-157.6796
-228.3881
-23.57548
-69.96294
-34.6113
-31.53898
-29.37738
-27.64095
-26.27545
-25.09422
-24.03846
-23.14554
-22.44001
-21.93346
-21.77428
-37.70221
-37.79655
-39.10839
-41.28158
-44.43169
-48.71361
-54.30214
-61.45231
-70.58495
-82.8333
-102.6955
-159.2213
-171.3194
21.5972
-75.00653
-38.06714
-31.52074
-29.37863
-27.88134
-26.51321
-25.28617
-24.20051
-23.3016
-22.61277
-22.14509
-22.05352
-37.99084
-38.20091
-39.57317
-41.88168
-45.27131
-49.90951
-55.92878
-63.38613
-72.05291
-80.87282
-85.00947
-78.5438
-80.64977
-15.25191
-18.91423
-30.59918
-30.99456
-30.28553
-29.11703
-27.73038
-26.27391
-24.98547
-23.95324
-23.2264
-22.73347
-22.64545
-38.31095
-38.64609
-40.13182
-42.70488
-46.51907
-51.82754
-58.78489
-67.36692
-76.80146
-84.73962
-83.0566
-72.60279
-33.17561
20.20914
-10.8269
-26.08297
-32.44806
-33.25493
-31.87517
-29.96737
-27.9598
-26.27966
-24.99888
-24.13687
-23.59431
-23.48523
-38.4632
-38.90976
-40.54605
-43.48173
-47.92921
-54.23229
-62.67866
-73.60941
-86.70929
-98.61168
-92.13875
-71.03418
-43.84351
-9.462465
-21.46721
-38.38425
-43.44482
-39.87532
-36.97573
-33.40757
-30.27506
-27.95447
-26.29942
-25.2099
-24.57706
-24.4338
-38.17614
-38.71401
-40.49565
-43.78956
-48.97576
-56.7383
-67.85964
-82.58269
-104.8736
-125.9468
-116.9014
-96.30029
-77.47294
-64.40143
-46.96276
-63.69349
-66.15918
-52.62838
-44.31622
-37.78898
-33.01887
-29.79779
-27.63558
-26.2491
-25.49037
-25.29443
-37.13747
-37.74984
-39.61817
-43.15199
-48.93842
-58.12978
-72.96228
-95.74188
-129.4303
-149.9139
-141.2814
-120.0602
-100.3286
-87.01928
-82.33209
-90.69458
-88.57949
-70.19877
-52.66174
-42.22464
-35.66284
-31.42638
-28.68889
-26.98518
-26.08981
-25.83617
-35.03
-35.70224
-37.56123
-41.10863
-47.07165
-56.89956
-73.88868
-105.9833
-150.5944
-168.0552
-168.3657
-156.6503
-127.7373
-109.6079
-109.7303
-113.1542
-106.649
-84.65793
-59.52339
-45.55157
-37.39213
-32.29275
-29.07523
-27.11515
-26.10165
-25.81547
-31.72864
-32.33113
-34.05192
-37.31813
-42.82627
-51.96595
-68.11468
-104.2227
-154.7574
-179.5188
-181.7673
-180.9383
-148.7875
-130.7393
-126.6668
-125.8826
-113.6287
-89.73355
-61.71155
-46.37932
-37.44287
-31.92692
-28.48529
-26.40533
-25.31804
-25.04086
-27.36689
-27.80646
-29.26218
-31.92285
-36.37514
-43.93178
-56.51414
-83.36697
-130.4361
-169.1111
-164.6215
-141.4753
-120.4027
-125.1453
-129.0911
-128.4958
-113.2927
-83.85607
-58.65444
-43.93992
-35.3024
-30.04024
-26.76956
-24.78974
-23.73953
-23.48816
-22.26395
-22.58607
-23.60981
-25.43389
-28.35563
-33.13846
-40.76642
-55.9784
-81.8801
-99.51502
-80.45593
-87.36356
-80.21825
-104.2242
-131.0569
-125.3889
-101.8142
-70.12808
-49.61969
-37.98811
-31.01456
-26.70166
-23.99634
-22.34566
-21.46034
-21.24814
-16.79654
-17.00107
-17.55255
-18.48264
-19.8888
-22.13041
-25.08075
-30.20615
-35.44677
-40.49683
-29.21372
-31.71354
-25.09719
-48.2342
-79.81436
-86.67484
-69.23885
-47.57498
-36.76118
-29.8102
-25.27858
-22.32945
-20.43281
-19.25807
-18.61989
-18.46771
-11.35186
-11.44202
-11.55822
-11.67473
-11.70121
-11.62345
-10.91136
-9.896039
-6.569088
-5.220001
6.421753
11.67585
16.52058
4.408554
-23.29833
-37.48726
-30.30332
-26.71306
-23.48882
-20.92129
-18.91587
-17.44575
-16.43334
-15.78375
-15.42462
-15.34393
-6.252558
-6.244272
-6.010212
-5.497723
-4.529277
-2.926507
-0.1983755
3.653711
10.00247
17.35169
28.71362
40.79178
45.93623
34.9473
13.90714
1.047056
-7.022531
-10.76775
-12.273
-12.72475
-12.72316
-12.54226
-12.3406
-12.18497
-12.09489
-12.08695
-1.72247
-1.642423
-1.172636
-0.2686061
1.228127
3.496655
6.81669
11.30058
17.42125
24.78536
32.588
41.72861
45.47826
39.19683
26.95835
15.13696
5.923946
-0.087813
-3.764597
-5.953213
-7.244848
-7.998786
-8.432728
-8.685542
-8.825308
-8.882553
2.123498
2.24622
2.837104
3.91834
5.589873
7.974287
11.20876
15.39426
20.57886
26.49056
32.45851
37.26679
38.83744
35.12252
27.89322
19.68184
12.19367
6.357041
2.154173
-0.7520134
-2.718405
-4.033799
-4.897424
-5.448345
-5.762501
-5.870762
5.268909
5.412695
6.035493
7.142008
8.779186
11.00931
13.88927
17.4407
21.55527
25.87256
29.82155
32.57113
33.1555
30.7766
26.15953
20.5067
14.86552
9.95989
6.031739
3.04839
0.8543085
-0.7249894
-1.833195
-2.571781
-2.999574
-3.141039
7.768482
7.920026
8.517367
9.555628
11.0472
13.00731
15.43717
18.29396
21.41165
24.48845
27.08088
28.70481
28.85551
27.18878
24.04279
20.04199
15.82284
11.88532
8.495474
5.740882
3.581888
1.938399
0.7316246
-0.09643938
-0.5808722
-0.7379046
9.715404
9.864353
10.40419
11.32475
12.62023
14.27711
16.26208
18.4947
20.81663
22.99291
24.71479
25.69017
25.63679
24.39088
22.12786
19.20014
16.00048
12.86892
10.03097
7.601626
5.603395
4.019031
2.82041
1.982339
1.487391
1.327834
11.21327
11.34919
11.81531
12.5987
13.68474
15.0467
16.63452
18.35685
20.07791
21.62005
22.77575
23.35898
23.20368
22.22458
20.51994
18.30197
15.82116
13.31056
10.94935
8.849575
7.063258
5.608848
4.488567
3.695663
3.22173
3.067176
12.35559
12.46957
12.85682
13.50301
14.38962
15.48546
16.73709
18.05811
19.33593
20.43585
21.21503
21.55038
21.33832
20.53248
19.19195
17.45064
15.47575
13.43261
11.46119
9.662914
8.099954
6.80677
5.799818
5.081287
4.646994
4.502535
13.21565
13.30346
13.61572
14.13791
14.8499
15.72004
16.69797
17.70882
18.66059
19.45008
19.9736
20.14582
19.89877
19.20578
18.10639
16.69029
15.07435
13.38103
11.72106
10.18226
8.826727
7.694312
6.807264
6.172521
5.789118
5.660126
13.84455
13.90817
14.15722
14.5774
15.14847
15.83983
16.60601
17.38361
18.09788
18.66791
19.01545
19.07705
18.80601
18.18653
17.24734
16.05337
14.69114
13.25465
11.83312
10.50246
9.320719
8.328118
7.550078
6.997684
6.668202
6.56582
14.2749
14.32078
14.52404
14.86985
15.33856
15.90102
16.51649
17.12938
17.6782
18.09761
18.32565
18.31218
18.02282
17.44823
16.61148
15.56295
14.37107
13.11181
11.85936
10.681
9.630587
8.746811
8.057604
7.581107
7.313224
7.17903
14.52541
14.56157
14.73859
15.04037
15.44769
15.93242
16.45725
16.97017
17.41837
17.74612
17.9009
17.84038
17.5368
16.98416
16.20301
15.23627
14.14259
12.98795
11.83746
10.75426
9.788036
8.975382
8.343799
7.9094
7.631438
6.812561
14.6077
14.63536
14.8028
15.09172
15.48012
15.93915
16.4313
16.90912
17.32168
17.61653
17.74455
17.66573
17.35434
16.80545
16.03876
15.09528
14.03133
12.91059
11.79649
10.74805
9.813068
9.026715
8.411755
7.929298
6.808369
0
