0.0000000 0.0000000
0.0000000 0.0000000
0.0000000 0.0000000
0.0000000 0.0000000
0.0000000 0.0000000
0.0000000 0.0000000
0.0000000 0.0000000
0.0000000 0.0000000
0.0000000 0.0000000
0.0000000 0.0000000
0.0000000 0.0000000
0.0000000 0.0000000
0.0000000 0.0000000
0.0000000 0.0000000
0.0000000 0.0000000
0.0000000 0.0000000
0.0000000 0.0000000
0.0000000 0.0000000
0.0000000 0.0000000
0.0000000 0.0000000
0.0000000 0.0000000
0.0000000 0.0000000
0.0000000 0.0000000
0.0000000 0.0000000
0.0000000 0.0000000
0.0000000 0.0000000
0.0000000 0.0000000
0.2962227 -0.1433139
-1.7593291 0.6769304
-2.1808612 2.1850853
-1.4180291 3.6107359
-0.9152622 4.4594235
-0.7895800 5.1683402
-0.9166135 5.9796638
-1.3026414 7.0702338
-2.1301730 8.5790043
-3.8124979 10.8335600
-8.3537521 13.4806910
9.4882936 20.6744442
19.9637547 -10.3356724
-8.2788868 -9.1618910
-2.7270606 -8.5438251
-2.0804367 -5.1991277
-1.4117913 -3.7467089
-0.9715275 -2.7410386
-0.6871483 -2.0028844
-0.4897800 -1.4612842
-0.3660760 -1.0664266
-0.3497030 -0.7486320
-0.4333698 -0.3510561
-0.2454490 -0.0692557
0.0000000 0.0000000
0.0000000 0.0000000
0.2770597 0.1469955
-3.4802828 1.4375113
-3.3403256 2.5335875
-2.1031301 3.2691681
-1.5809155 3.8887014
-1.6196480 4.6933894
-1.9381860 5.5659680
-2.5517616 6.4783826
-3.7220919 7.4504795
-5.8799815 8.1067295
-0.6404660 8.9331131
17.2420654 10.9922352
24.4155445 -8.1889706
3.8983088 -3.5722530
-5.8579516 -4.2996221
-3.0583463 -4.4497557
-2.4373829 -3.3155413
-1.7561138 -2.4023561
-1.2559434 -1.7347779
-0.9119853 -1.2579513
-0.6837116 -0.8939674
-0.6043749 -0.6355681
-0.7499126 -0.3513265
-0.5112123 -0.1137412
0.0000000 0.0000000
0.0000000 0.0000000
-0.6317288 0.4839597
-4.8613982 1.9746162
-3.8454025 2.5639920
-2.6174805 3.0655799
-2.3620789 3.7266517
-2.4354298 4.5009418
-2.6982360 5.1668682
-3.2551887 5.7000237
-4.3083472 5.9450126
-6.5171266 5.5645909
-1.9070239 -0.3098998
20.0138512 7.5554967
39.7490196 -3.7004778
0.0724179 -0.7776115
-5.7093983 -0.7058420
-5.3626008 -2.5336573
-3.3756504 -2.2476315
-2.3767159 -1.6537654
-1.6805754 -1.2295910
-1.2281771 -0.9296484
-0.9411484 -0.6848949
-0.7998342 -0.4950352
-0.9451662 -0.3270917
-0.8032908 -0.1213442
0.0000000 0.0000000
0.0000000 0.0000000
-2.2635686 0.7687030
-5.8234878 2.2696133
-4.1130419 2.5478184
-3.2438073 3.1038716
-3.1090720 3.7813857
-3.0707402 4.4303741
-3.1734252 4.9283023
-3.5091548 5.2378507
-4.1305714 5.2701182
-5.0932174 4.4857526
2.3132424 -2.8626657
11.2782917 2.8808131
33.5810318 -0.1520135
22.8264923 4.6259599
-4.8671885 1.2256101
-7.4065876 -0.1056869
-3.8542004 -0.7150678
-2.6347115 -0.6268268
-1.8623637 -0.5886638
-1.3822312 -0.5315050
-1.0906808 -0.4500453
-0.9319332 -0.3456196
-1.0506730 -0.2711875
-1.0743750 -0.1105701
0.0000000 0.0000000
0.0000000 0.0000000
-4.2117124 0.9746782
-6.4116497 2.3801322
-4.4563675 2.5823205
-3.9389725 3.2616346
-3.7654877 3.9351506
-3.5875053 4.5508752
-3.5421224 5.0334249
-3.6213531 5.3378863
-3.6524689 5.1757703
-3.4401858 4.2601190
5.1395245 -1.6034166
9.7157049 3.1740963
31.4799347 2.0901406
33.4408112 8.8374195
1.6785864 4.4127254
-7.1643224 2.1523671
-3.8758891 0.7858514
-2.4675629 0.3029748
-1.7767184 -0.0074267
-1.3636713 -0.1770186
-1.1242983 -0.2421930
-0.9967071 -0.2218464
-1.0969044 -0.2114250
-1.2937657 -0.0986082
0.0000000 0.0000000
0.0000000 0.0000000
-6.2016988 1.0870892
-6.7970080 2.3836689
-4.9895663 2.6780348
-4.6770029 3.4759285
-4.4180293 4.1926050
-4.1550436 4.8947029
-4.0378661 5.5777836
-3.8361180 6.0503974
-3.0601623 5.8594360
-1.5063567 4.5400648
6.5437570 -0.6410877
9.8218775 2.4348519
21.6469727 4.6199751
31.5995140 6.9609151
3.3592281 4.2226710
-4.8437290 3.3532252
-3.0244689 1.8875896
-1.9013749 0.8572960
-1.4554302 0.3466531
-1.1989417 0.0433135
-1.0656148 -0.1144430
-1.0057322 -0.1527549
-1.1103866 -0.1743473
-1.4641746 -0.0958173
0.0000000 0.0000000
0.0000000 0.0000000
-8.0652361 1.1361952
-7.1645265 2.3561146
-5.7187123 2.8308873
-5.4767532 3.7338312
-5.1597724 4.5555177
-4.9702206 5.5081644
-4.9170203 6.5469980
-3.9883633 6.9767585
-2.0563812 6.3150544
0.4224195 4.5044389
8.1945210 -0.6619973
9.4107952 1.9171894
17.2377548 4.9946504
25.2292061 -1.1587322
0.9597077 6.0197411
-0.6521770 3.5615201
-1.3740305 2.2774217
-1.0681988 1.0251917
-0.9765943 0.4313911
-0.9440269 0.0849776
-0.9527798 -0.0995580
-0.9856884 -0.1563184
-1.1171150 -0.1766925
-1.6065575 -0.1085168
0.0000000 0.0000000
0.0000000 0.0000000
-9.7602339 1.1552590
-7.6487660 2.3541362
-6.6120005 3.0333169
-6.3676672 4.0334754
-6.1254015 5.0614252
-6.2485356 6.3495283
-5.8172441 7.2955499
-3.4901907 7.1158595
-0.4925835 5.6988897
2.7437985 3.6013691
10.1078796 -0.7667390
10.7482948 -0.5882754
32.5286217 -0.8116234
1.1516894 -0.7347096
-1.1815406 4.7995195
0.1219771 2.7178762
0.2300337 1.8264412
-0.2027603 0.7567155
-0.4885612 0.2424724
-0.6855027 -0.0547857
-0.8397741 -0.2042741
-0.9697975 -0.2368168
-1.1434429 -0.2244461
-1.7488786 -0.1395682
0.0000000 0.0000000
0.0000000 0.0000000
-11.3529949 1.1680878
-8.3161612 2.4004116
-7.6294341 3.2675636
-7.4161940 4.3820887
-7.4464459 5.6902809
-7.5602102 7.0035315
-5.7435212 7.1368661
-2.2028599 6.1149540
1.3889828 4.3394384
5.1290436 2.1661632
12.1369190 -1.6999050
12.0004091 -1.7429445
32.3382912 -5.7211843
3.7912834 -0.2109564
3.1834257 6.7747211
1.7824818 1.1037250
1.2314858 0.8061352
0.5078223 0.1960115
-0.0807122 -0.1667187
-0.4868031 -0.3542204
-0.7766789 -0.4192579
-0.9948870 -0.3885962
-1.2125939 -0.3161609
-1.9183868 -0.1891678
0.0000000 0.0000000
0.0000000 0.0000000
-12.8858356 1.2024523
-9.1728735 2.4384732
-8.7545977 3.4956670
-8.7063007 4.7699032
-8.9447231 6.2651815
-8.0818214 6.9747281
-4.5364881 6.0810299
-0.4387170 4.4489665
3.5200121 2.5425937
7.0097265 0.6361030
13.0829878 -1.8861214
12.7619858 -5.0087509
35.7905350 -1.0689656
2.6420224 0.8547680
3.1013386 -0.0520169
2.8194542 -0.0356465
1.7906013 -0.3831614
0.8753859 -0.6162564
0.1304096 -0.7583281
-0.4156968 -0.7849345
-0.8060392 -0.7256835
-1.0944033 -0.6000263
-1.3462515 -0.4459437
-2.1386602 -0.2547447
0.0000000 0.0000000
0.0000000 0.0000000
-14.2545328 1.2354345
-10.2319527 2.5131338
-9.9961386 3.7499840
-10.2684288 5.2040548
-10.0782328 6.6011157
-7.3644671 6.1855412
-2.6376939 4.4525461
1.6917549 2.4378421
5.3450303 0.7146806
8.3355160 -0.9246019
13.0843220 -2.3455110
19.4849701 -5.9187384
22.8056412 -4.4048247
3.7983742 -3.2968462
3.8018670 -1.9233371
2.8886490 -1.7717514
1.9064169 -1.6690694
0.9268451 -1.5950680
0.1013438 -1.4818367
-0.5160919 -1.3110710
-0.9633759 -1.0990032
-1.2931398 -0.8549910
-1.5617361 -0.6040587
-2.4273810 -0.3313025
0.0000000 0.0000000
0.0000000 0.0000000
-15.5416012 1.2834597
-11.4843960 2.6127295
-11.3810911 4.0264583
-11.9997463 5.6234541
-10.1314678 6.2187109
-5.5946412 4.7640181
-0.5039482 2.6967165
3.4893043 0.6571840
7.2492957 -1.1078255
9.6685009 -2.8401456
13.0704212 -4.0408764
25.2917328 -8.0273714
2.9732292 -3.3361299
3.7215312 -4.1334405
3.3744209 -3.7849696
2.7245009 -3.3414719
1.7427274 -2.9767025
0.7006329 -2.6364467
-0.1678219 -2.2736046
-0.8043656 -1.8912475
-1.2693746 -1.5100399
-1.6084749 -1.1335132
-1.8710489 -0.7766213
-2.7913370 -0.4120828
0.0000000 0.0000000
0.0000000 0.0000000
-16.7286205 1.3286148
-12.9257097 2.7326102
-12.9929094 4.3795633
-13.2143898 5.7917171
-8.8103628 4.9169779
-3.3654668 3.0585203
1.4466408 1.0116582
5.1381660 -0.6996086
9.2285995 -2.7269201
12.4306440 -5.4247189
15.5987692 -7.0172510
27.1279907 -9.5582514
5.7472544 -5.5025702
4.1220183 -5.9624357
3.1860948 -5.6720481
2.3784001 -4.9703503
1.3327410 -4.3113480
0.1936209 -3.7130117
-0.6811813 -3.0908284
-1.2927072 -2.4847012
-1.7326827 -1.9262277
-2.0472214 -1.4122158
-2.2808287 -0.9466588
-3.2214909 -0.4890954
0.0000000 0.0000000
0.0000000 0.0000000
-17.7988777 1.3670694
-14.5812454 2.8279357
-14.7808294 4.6256957
-12.9811182 5.1719413
-6.9892716 3.3834887
-1.2631354 1.4130241
2.7112908 -0.2878562
6.9159398 -1.9613839
10.7821045 -3.4679582
15.1217651 -6.5300212
25.0862656 -12.9252453
10.0024958 -7.6733866
7.2195144 -7.9462538
4.1043677 -8.7030191
2.3652823 -8.3367462
1.3434564 -7.1488690
0.4396690 -5.8737803
-0.6100801 -4.8301954
-1.4466989 -3.8990231
-1.9876449 -3.0487654
-2.3568256 -2.3129034
-2.6073155 -1.6659763
-2.7911475 -1.0951614
-3.6926358 -0.5541291
0.0000000 0.0000000
0.0000000 0.0000000
-18.6518764 1.3658992
-16.3626442 2.7995501
-15.9273758 4.1767573
-11.6017847 3.6221573
-5.2279477 1.8605567
0.0613789 0.2182125
4.3070383 -1.4864284
8.7229748 -3.5003445
12.8384724 -4.7925310
19.6120930 -7.4159632
25.6702251 -12.5734901
11.3865299 -9.3313465
8.0973234 -9.8785725
4.1659856 -10.4622402
1.1014972 -10.5378180
-0.6559474 -9.5768862
-1.3051554 -7.8055367
-1.9122900 -5.9950891
-2.4959786 -4.6297550
-2.8930640 -3.5341778
-3.1383219 -2.6355314
-3.2789795 -1.8671241
-3.3896506 -1.2024101
-4.1677041 -0.5964561
0.0000000 0.0000000
0.0000000 0.0000000
-19.3508778 1.3427936
-18.0596046 2.8047967
-15.3843813 3.0810134
-9.1437025 1.2504739
-3.9696195 0.6250585
0.3829789 -0.4040012
5.8995204 -2.6364031
9.8017015 -4.0688462
14.5122328 -5.3047156
27.2402859 -12.8259392
15.3984003 -10.2871780
12.0098391 -9.7092028
8.5489645 -9.8119535
4.8284416 -9.8246441
1.0500802 -10.0124531
-1.8097363 -10.1427603
-3.5457487 -9.1679125
-3.9982827 -7.1919856
-3.8347280 -5.1950841
-4.0035443 -3.8769236
-4.0414586 -2.8501108
-4.0337892 -1.9828397
-4.0482001 -1.2461898
-4.6022429 -0.6052690
0.0000000 0.0000000
0.0000000 0.0000000
-20.0507984 1.1721330
-19.1758385 2.3996706
-13.3488140 1.0863218
-6.8632822 -0.5978681
-2.6849983 -0.6450362
2.9719214 -2.5412316
7.1876044 -3.7841687
11.0661440 -4.9354563
18.0359726 -6.4392185
28.5023212 -12.8356628
14.5022354 -8.8912611
11.5604992 -8.6773548
8.1941319 -8.0326462
5.0750337 -7.6985855
1.7403858 -7.4484863
-1.5534444 -7.9805784
-4.3716478 -8.2187805
-6.5073395 -7.3947935
-5.5794230 -5.4550858
-5.3152857 -4.0167627
-5.0613670 -2.8981993
-4.8503275 -1.9696735
-4.7239013 -1.1975861
-4.9636712 -0.5633667
0.0000000 0.0000000
0.0000000 0.0000000
-20.6050720 0.7152767
-18.3032169 1.1319543
-11.7095442 -0.8643719
-6.1028442 -1.9262975
-0.8272198 -3.0854766
4.0207858 -3.3721712
7.5286307 -3.3083205
11.9523430 -4.2095437
30.1714268 -13.7528162
24.5171108 -11.6204853
14.6736221 -7.1637940
11.1997652 -6.3928218
7.6585288 -5.4056497
4.7200346 -4.6266050
2.1236994 -4.4513583
-0.7555497 -4.4755311
-3.6046257 -5.7342305
-7.1346807 -5.5612140
-7.7945719 -4.8171387
-6.6228161 -3.7698970
-6.0846763 -2.7183008
-5.6551719 -1.7787424
-5.3316045 -1.0156330
-5.2118487 -0.4546465
0.0000000 0.0000000
0.0000000 0.0000000
-21.3075504 -0.3152266
-15.7510080 -0.9229404
-10.3900919 -2.6609616
-5.0706811 -3.7468369
-0.2482142 -4.1091065
4.0932727 -4.0241776
7.7359700 -3.8313453
13.2326450 -3.6456563
33.9923897 -13.0019178
16.3769474 -7.6660066
13.0966625 -5.7068257
9.7865925 -4.0523911
6.5609622 -2.5879912
4.0061960 -1.6435167
1.8970217 -1.1225946
-0.3416030 -1.3134168
-2.6899235 -2.0158379
-5.4751015 -1.8081441
-8.6429338 -2.2107413
-7.8313174 -3.2380407
-7.2000647 -2.3150454
-6.4848680 -1.3773335
-5.8307509 -0.6323817
-5.3146586 -0.2160255
0.0000000 0.0000000
0.0000000 0.0000000
-20.5445042 -2.6956854
-14.3202610 -2.6789918
-8.7514772 -4.3303261
-4.3238697 -5.4017987
-0.2806749 -5.6529355
2.3779757 -4.7006412
10.0961800 -5.3902364
29.3617382 -13.0447912
34.7490540 -12.5540447
14.5842791 -5.9751091
11.1948061 -3.9418654
8.0666008 -1.8511535
5.2244987 0.0674438
2.8852649 1.2045827
2.0385180 2.0020845
0.1338808 2.2728610
-2.3354127 1.9126540
-4.7667470 1.6090859
-6.4957261 0.6706461
-8.7089205 -1.3624741
-8.2163305 -1.1556227
-7.1105361 -0.4174224
-6.0535927 0.0739843
-5.2978840 0.1566493
0.0000000 0.0000000
0.0000000 0.0000000
-17.0838375 -5.7799683
-13.2034492 -6.0238218
-7.8704047 -6.5126019
-3.8216739 -7.5501876
-0.6784325 -7.3907743
1.2882562 -6.7772865
11.4836445 -8.1988068
31.2661343 -11.5402374
25.1077518 -7.2942948
11.1986418 -4.8136415
7.6644678 -1.0194118
5.8141551 0.5882025
3.8152409 3.1425014
1.8613484 4.5854721
1.1692737 5.2761416
0.4176418 5.5001693
-1.5594091 5.1907229
-3.6967230 4.1313119
-5.5340490 3.5690355
-8.3026295 3.8427403
-8.9068270 2.8073108
-7.2264733 2.4113741
-5.7022948 1.6025463
-4.7697186 0.7592535
0.0000000 0.0000000
0.0000000 0.0000000
-15.5004625 -8.5119267
-11.6522932 -8.8510036
-6.3043647 -9.0211096
-3.5353019 -9.6648455
-1.2665328 -9.3948412
2.2543519 -9.1611376
13.7318935 -9.8975706
26.7114964 -10.0587120
25.0048523 -7.4307256
8.0006809 -1.3649433
3.7136877 2.9789221
2.4371367 4.5337296
2.2569783 6.5155225
1.1259763 7.6658692
0.7014394 7.9133940
0.2951507 8.2562523
-1.5191976 8.8473358
-3.7334049 9.5948744
-6.3010120 10.4622297
-6.6192665 10.8055143
-7.9570746 10.0015745
-4.9246097 6.4933858
-3.8764145 3.4212673
-3.5072899 1.4717493
0.0000000 0.0000000
0.0000000 0.0000000
-9.5747204 -8.6926098
-10.4908667 -12.5051641
-8.1753359 -12.4655762
-4.2477603 -11.9997921
-1.8084741 -11.1432180
2.5133095 -11.8496294
13.0611534 -11.9068432
22.6541061 -5.8875237
21.9066887 -2.6210945
8.5118494 4.1513867
0.2876747 8.0096016
0.7769616 8.1655254
1.1027405 9.9269152
0.5802120 10.7172050
0.5083884 10.9241867
-0.1551519 11.2527847
-1.1682484 11.3878336
-5.5929270 13.9266329
-7.6394467 14.7024975
-8.0245466 15.9687805
-6.1213298 13.6400089
-1.4117002 8.2150106
-0.8488235 4.5310812
-1.2941763 2.0667562
0.0000000 0.0000000
0.0000000 0.0000000
-3.0193768 -0.6971014
-5.3553572 -10.2797098
-3.6260135 -15.9175100
-1.4930387 -17.0501709
0.1418481 -16.6081600
3.6268239 -15.9291811
9.6838770 -12.4779186
11.2514057 -7.9297981
12.4670420 -0.3744896
7.5764790 10.5069561
0.5944859 13.9306803
-0.4755169 13.3055668
-0.1532074 14.2359495
0.6153315 15.1534452
-0.4017975 16.2858505
-0.2597975 18.1990623
-2.4905245 18.5457268
-3.7806129 19.9812374
-4.7827625 14.3530684
-2.1779282 5.7000241
-0.2895468 1.9891295
0.1246238 1.8912680
-0.0197659 1.9749007
-0.1351760 1.1751624
0.0000000 0.0000000
0.0000000 0.0000000
0.0000000 0.0000000
0.0000000 0.0000000
0.0000000 0.0000000
0.0000000 0.0000000
0.0000000 0.0000000
0.0000000 0.0000000
0.0000000 0.0000000
0.0000000 0.0000000
0.0000000 0.0000000
0.0000000 0.0000000
0.0000000 0.0000000
0.0000000 0.0000000
0.0000000 0.0000000
0.0000000 0.0000000
0.0000000 0.0000000
0.0000000 0.0000000
0.0000000 0.0000000
0.0000000 0.0000000
0.0000000 0.0000000
0.0000000 0.0000000
0.0000000 0.0000000
0.0000000 0.0000000
0.0000000 0.0000000
0.0000000 0.0000000
0.0000000 0.0000000
0.0000000 0.0000000
0.3853918 -0.4091622
0.0000000 0.0000000
0.9251684 -0.3131580
0.0988300 -0.7903549
-0.2129386 -0.9332259
0.0000000 0.0000000
-1.0839567 -0.3348784
-0.5594565 0.1504619
-0.5692974 1.0939252
0.0000000 0.0000000
-2.0654075 1.3051903
-0.6147810 2.2604520
-0.6190370 3.4517190
0.0000000 0.0000000
-1.7312000 3.0948591
-0.5041667 4.3898225
-0.4391786 5.1063685
0.0000000 0.0000000
-1.1020359 4.1185017
-0.3467607 5.7524047
-0.3201899 6.2871528
0.0000000 0.0000000
-0.8173870 4.8290253
-0.3150601 6.8167782
-0.3445271 7.3252439
0.0000000 0.0000000
-0.8182469 5.5496016
-0.3785641 7.9432063
-0.4597934 8.5692472
0.0000000 0.0000000
-1.0494531 6.4585509
-0.5321925 9.4620934
-0.7013006 10.3159790
0.0000000 0.0000000
-1.5731978 7.7031250
-0.8664874 11.8141613
-1.1935278 13.1560478
0.0000000 0.0000000
-2.6484659 9.7121077
-1.7198745 15.6031179
-1.9031974 18.5435123
0.0000000 0.0000000
-4.8820190 14.3359919
-1.7958250 21.2258091
-2.1826332 25.4720345
0.0000000 0.0000000
2.7360322 14.1697388
4.7712612 16.7731438
8.5331945 11.2876101
0.0000000 0.0000000
12.9885454 9.2079182
12.3580570 -9.7750654
-0.9509337 -7.4586415
0.0000000 0.0000000
6.9163647 -3.0970757
0.6918539 -11.8949547
0.9747757 -13.6691236
0.0000000 0.0000000
-8.3055058 -11.3218136
-0.3986329 -9.5896072
-0.3960135 -7.4553018
0.0000000 0.0000000
-2.5222907 -6.8090029
-0.5750443 -6.8377399
-0.4583297 -5.6828294
0.0000000 0.0000000
-1.8019705 -4.4497366
-0.4491976 -4.9063845
-0.3862253 -4.0683613
0.0000000 0.0000000
-1.1792468 -3.1813655
-0.3537948 -3.5192704
-0.2844671 -2.8929343
0.0000000 0.0000000
-0.8187739 -2.2887208
-0.2457943 -2.5207841
-0.2021251 -2.0841241
0.0000000 0.0000000
-0.5802921 -1.6852707
-0.1713883 -1.8119791
-0.1440854 -1.5079122
0.0000000 0.0000000
-0.4215323 -1.2443519
-0.1229081 -1.3067006
-0.1063014 -1.0749131
0.0000000 0.0000000
-0.3456041 -0.9081307
-0.1075111 -0.8845240
-0.1257500 -0.6789543
0.0000000 0.0000000
-0.3844080 -0.5867862
-0.1413126 -0.4239343
-0.1340140 -0.1823596
0.0000000 0.0000000
-0.4000690 -0.1821621
-0.0487506 -0.0475602
0.0171327 0.0900019
0.0000000 0.0000000
0.0620961 0.0523508
0.0000000 0.0000000
0.0000000 0.0000000
1.4148799 -0.1479758
1.4179078 -0.0987011
0.1534573 -0.1871155
-1.2125156 0.0997037
-2.1350753 0.4986297
-2.5409458 1.0036601
-2.8082066 1.7931086
-3.6308906 1.9946638
-2.5481222 2.5476849
-2.1970530 3.1480129
-2.6265421 2.9557793
-1.6930743 3.5706303
-1.3866539 3.9481130
-1.7674198 3.5321851
-1.2176864 4.2460017
-1.1716703 4.6188030
-1.5587026 4.2622466
-1.2112062 5.0246601
-1.3368948 5.4203944
-1.7326770 5.0914941
-1.4945766 5.9554052
-1.7668647 6.3952475
-2.1643243 5.9328189
-2.0586562 7.1021423
-2.5793662 7.5780764
-2.9974034 6.7110710
-3.1169450 8.6043024
-4.3252239 9.0040045
-4.6302509 7.1653843
-5.7551260 10.5201073
-8.8812342 11.8663769
-10.0525951 8.0298014
-1.7825540 8.9992228
6.5155406 11.9241419
10.2227211 12.5021648
11.5404406 8.5545454
22.5780506 6.2612247
26.1132870 9.9959879
22.2768230 -8.4874659
18.6203346 -4.7220702
23.6063442 -2.1751471
2.7617173 -8.3011169
-7.3887033 -8.2913885
-6.7891846 -6.6762691
-4.0756598 -7.6855664
-3.6496420 -6.9250221
-4.4946179 -6.9010468
-3.0922601 -5.0885730
-2.2938478 -4.0479751
-2.5456269 -3.6757989
-2.0168030 -3.6245170
-1.6066586 -2.9345078
-2.0633388 -2.5912123
-1.3446195 -2.6456263
-1.1088467 -2.1374767
-1.4816929 -1.9310439
-0.9340838 -1.9033101
-0.7842436 -1.5674380
-1.0699896 -1.4423108
-0.6630994 -1.3703579
-0.5707958 -1.1446304
-0.7878650 -1.0637523
-0.4931797 -0.9815220
-0.4519680 -0.8158218
-0.6245322 -0.7606483
-0.4444357 -0.6854571
-0.4947102 -0.5342942
-0.6505696 -0.5240029
-0.5708734 -0.3347918
-0.5777282 -0.1998347
-0.7410078 -0.2343870
-0.3651047 -0.0775940
0.1399688 0.0191668
0.1103587 -0.0180307
0.0000000 0.0000000
0.0000000 0.0000000
1.4092197 0.0283176
1.2450897 0.0927971
-0.3646311 0.2249714
-2.6725261 0.8795015
-3.5239885 1.1714783
-4.1805272 1.7160469
-4.1803856 2.2094009
-4.5645971 2.3173163
-3.5460591 2.6189032
-2.8688869 2.8616431
-3.1026468 2.7709911
-2.3152263 3.1240604
-2.0394251 3.4264824
-2.4240818 3.3270946
-1.9435241 3.7688305
-1.9742851 4.1668129
-2.3594575 4.1007352
-2.0364523 4.6065660
-2.1920576 4.9526634
-2.5148060 4.8032365
-2.3417294 5.4009438
-2.6389666 5.6645579
-2.8897309 5.3795013
-2.9213130 6.1484652
-3.4501140 6.2858496
-3.6066515 5.8299789
-3.9189689 6.7466226
-4.6974173 6.8683033
-4.7681308 6.2084856
-4.8951550 7.1840653
-9.7900209 8.2233381
-10.1684132 7.9351201
-8.6262627 7.0584235
6.6072993 6.9183803
12.2049866 2.5594676
14.1081572 10.5152845
22.6444683 10.7722454
29.4654102 4.0916481
36.6612320 -5.3592405
29.1275787 2.3960960
36.6678009 5.9292655
-3.8747504 -1.3009673
-4.9750099 -3.9361987
-3.4501779 -3.2808003
-6.2566013 0.3604282
-6.1734824 -6.0086789
-6.4974880 -4.9918618
-4.5682683 -3.7126176
-3.4059741 -3.3930140
-3.9731822 -2.5714850
-2.9944491 -2.8893270
-2.4365628 -2.2660596
-2.8650622 -1.7592303
-2.0319178 -2.0584629
-1.7041183 -1.6855819
-2.0109751 -1.3885727
-1.4329156 -1.4995142
-1.2230083 -1.2633234
-1.4415603 -1.0800699
-1.0398039 -1.1014798
-0.9121660 -0.9430800
-1.0729703 -0.8312747
-0.7922902 -0.7909059
-0.7326310 -0.6803483
-0.8545642 -0.6095257
-0.6894138 -0.5657901
-0.7380401 -0.4764576
-0.8342369 -0.4416011
-0.8365723 -0.3347743
-0.8768495 -0.2517969
-0.9935746 -0.2567425
-0.6521328 -0.1217904
0.0827000 -0.0283108
0.0334611 -0.0402490
0.0000000 0.0000000
0.0000000 0.0000000
0.9746285 0.1531627
0.6721832 0.1944076
-1.5721562 0.5771300
-4.2443752 1.4449089
-4.9977937 1.6339722
-5.3765898 2.1473885
-4.8548770 2.3824577
-5.0204325 2.4177423
-3.9743559 2.5752764
-3.2821014 2.7537296
-3.5391443 2.7673831
-2.9013262 3.0439467
-2.7741854 3.3658185
-3.1374865 3.3992569
-2.7111883 3.7350478
-2.7427583 4.0929260
-3.0575948 4.0939598
-2.7482810 4.4491534
-2.8460128 4.7122102
-3.0887873 4.6466427
-2.9364791 5.0153708
-3.1519637 5.1832833
-3.2915981 5.0164714
-3.3612995 5.4034681
-3.7877975 5.4107504
-3.7352993 5.0455275
-4.1764646 5.5664086
-5.1182618 5.0057192
-4.5998406 4.3053799
-5.8719330 5.3733120
-11.7516174 4.7948656
-9.2119989 3.4086549
-0.5962458 -4.1062169
10.1020012 2.3375340
6.6253400 0.3779924
13.8720169 5.6492043
16.3597889 7.0241761
17.7593536 6.4342175
36.3289909 0.3960047
37.9712029 9.6667385
41.5640717 9.8556490
1.8751098 0.8063021
0.8450090 -2.0535953
2.5942645 -0.4865492
-3.9623961 -0.1739995
-7.6836801 -4.4463549
-9.1987352 -2.7040262
-5.8646612 -1.7675742
-4.2597289 -2.0457168
-5.3585167 -1.5824075
-3.4960372 -1.6397525
-2.9003487 -1.2440220
-3.2513642 -0.8513323
-2.4314528 -1.1707997
-2.0759559 -1.0359255
-2.2492962 -0.7429109
-1.7347575 -0.9157118
-1.5095471 -0.8449300
-1.6085434 -0.6501889
-1.2856811 -0.7280557
-1.1465518 -0.6806647
-1.2239848 -0.5553060
-1.0028383 -0.5624103
-0.9337744 -0.5203333
-0.9991072 -0.4437668
-0.8606249 -0.4177698
-0.8944322 -0.3841096
-0.9474313 -0.3393959
-0.9921304 -0.2955510
-1.0830177 -0.2475748
-1.1595329 -0.2364402
-0.9367678 -0.1163653
-0.0318916 -0.0430753
-0.0897275 -0.0489762
0.0000000 0.0000000
0.0000000 0.0000000
0.1633757 0.2513439
-0.3233512 0.3197742
-3.2846389 0.8550175
-5.6919847 1.7951908
-6.3016362 1.8939608
-6.1454678 2.3534071
-5.1767859 2.4186316
-5.3068552 2.4296010
-4.2794113 2.5647726
-3.7889569 2.8190596
-4.0993056 2.8882797
-3.5701802 3.1619017
-3.5025871 3.4923041
-3.8454659 3.5751934
-3.4149299 3.8364460
-3.3777552 4.1565146
-3.6698005 4.2214594
-3.3224940 4.4415765
-3.3142076 4.6922069
-3.5681579 4.7459421
-3.3397796 4.9015846
-3.4157169 5.0483336
-3.5832601 5.1457767
-3.4971931 5.1906505
-3.6543717 5.1293616
-3.6613982 5.3081374
-3.7689774 5.0228701
-3.8225434 4.8861971
-3.6457736 4.9700475
-3.5455198 3.4155452
-6.1718516 4.5360413
-6.0479383 4.3379540
3.7732258 -2.3043001
6.4394126 0.7764837
7.2043018 1.5500758
11.1798620 3.4086978
14.6689386 5.3807616
12.5833941 3.3991592
34.1734810 0.4782559
34.4943390 8.1728153
28.4419079 14.6537371
20.7536545 9.0678711
5.0731401 1.5373820
12.4760008 4.6684966
-1.9951453 3.1239839
-7.2515917 0.1284818
-7.2003036 1.8020886
-6.9787641 0.8371539
-5.1252370 -0.3048129
-5.4667110 0.3763887
-3.6772740 -0.0628095
-3.1124022 -0.1976015
-2.9839172 0.1561462
-2.5197756 -0.1116756
-2.1876476 -0.3489923
-2.0883405 -0.0616044
-1.7986373 -0.2650454
-1.6010821 -0.4108169
-1.5451669 -0.2249930
-1.3658351 -0.3337860
-1.2454302 -0.4079189
-1.2272924 -0.2919018
-1.1049950 -0.3319891
-1.0423895 -0.3590557
-1.0507051 -0.2904343
-0.9641389 -0.2752738
-0.9876407 -0.2869597
-1.0038302 -0.2459609
-1.0726042 -0.2361757
-1.2131221 -0.2160121
-1.2552607 -0.1989513
-1.1821492 -0.1019867
-0.1636019 -0.0475609
-0.2206593 -0.0488931
0.0000000 0.0000000
0.0000000 0.0000000
-0.9719517 0.3727805
-1.6464769 0.4300100
-5.2231121 1.0303324
-6.8731203 1.9605634
-7.3493686 1.9947995
-6.6220069 2.4041576
-5.4611526 2.4227521
-5.6545787 2.4397650
-4.7117782 2.6218991
-4.4285083 2.9773707
-4.7930989 3.0691257
-4.2929826 3.3540695
-4.2000184 3.7002544
-4.5612721 3.8182471
-4.0770235 4.0356135
-3.9559555 4.3786373
-4.3042870 4.5075889
-3.8739445 4.6510692
-3.7772505 4.9721003
-4.1485639 5.1772017
-3.7687531 5.1978755
-3.7197669 5.4745717
-3.9880567 5.8273520
-3.6548970 5.5938692
-3.5363758 5.6712031
-3.5141385 6.0664053
-3.3194945 5.4581885
-2.8246539 5.2165432
-2.3776810 5.3522677
-2.3837440 4.1583004
-4.7458553 4.6708641
-3.1743820 3.9178879
6.0367985 -0.8325492
7.9088941 2.4092257
7.5042038 2.5264273
10.4455366 3.0678530
11.9967346 0.6850170
13.1185303 1.8798834
24.7796879 5.2455292
27.8922997 5.2667017
27.7113094 6.4496107
26.2049198 9.2331562
16.1024685 9.3500195
15.3469534 6.9331641
0.0438134 3.4991353
-6.4426217 3.7302907
-2.9093361 6.1498876
-6.2861376 3.5322852
-5.0606160 1.4451206
-3.6345141 2.8120387
-3.3764040 1.6667345
-2.8284011 0.6498346
-2.1485686 1.1808192
-2.2019935 0.6960488
-1.9683796 0.2351836
-1.6122396 0.4993642
-1.6296337 0.2375276
-1.4848078 -0.0496348
-1.2958108 0.0976516
-1.2898432 -0.0289641
-1.2110741 -0.1873595
-1.1138202 -0.1041546
-1.1017280 -0.1561786
-1.0640523 -0.2314386
-1.0256271 -0.1855947
-1.0073051 -0.1740292
-1.0291359 -0.2118328
-1.0209315 -0.1859363
-1.1062664 -0.1858573
-1.2863641 -0.1809729
-1.3065099 -0.1674279
-1.3756323 -0.0928942
-0.2950624 -0.0459022
-0.3479259 -0.0442811
0.0000000 0.0000000
0.0000000 0.0000000
-2.3915644 0.4687878
-3.1788247 0.5044160
-7.1324587 1.1161711
-7.8076468 2.0040410
-8.2050552 2.0054402
-6.9906683 2.3806121
-5.8810453 2.4556384
-6.1764364 2.4931431
-5.3385239 2.7415206
-5.1825094 3.1844082
-5.6023712 3.2921364
-5.0661340 3.5904207
-4.9265881 3.9785712
-5.3374901 4.1235170
-4.7798133 4.3392682
-4.6168818 4.7565126
-5.0992355 4.9643435
-4.5721383 5.1029158
-4.4433107 5.6093626
-5.0381379 5.9862933
-4.4298267 5.9764390
-4.2797179 6.3784747
-4.5472641 6.8945994
-3.8932109 6.5837774
-3.3409736 6.4854550
-3.0757616 6.7716556
-2.5587566 6.1506915
-1.6069616 5.4616556
-0.8485372 5.4922562
-0.5514319 4.4943204
-2.3303852 3.8249581
-0.9162502 4.0188446
7.3974090 -0.3872501
7.7558570 2.3116851
8.3169088 1.7093987
9.0966072 1.2532244
12.3401031 2.6736650
8.9745035 2.1677592
19.5001202 3.4588048
25.4996910 0.2459726
23.1477470 -0.8031233
25.1421070 5.0062194
16.7006149 4.9992151
6.9513311 4.3722997
2.8742831 6.7203603
-3.3370388 5.1835861
0.2534396 5.8648486
-3.4640660 4.3153701
-2.9871819 2.6036320
-1.4033260 3.5460999
-2.3255558 2.5260978
-1.8897663 1.2495176
-1.0495318 1.6214542
-1.5491399 1.0906621
-1.4464030 0.5901238
-0.9714945 0.7388113
-1.2661294 0.4668004
-1.2008636 0.1584603
-0.9336012 0.2251396
-1.1022100 0.1080694
-1.0749714 -0.0701479
-0.9346510 -0.0415013
-1.0260595 -0.0815744
-1.0246166 -0.1693656
-0.9603015 -0.1591965
-1.0061909 -0.1393033
-1.0388499 -0.1792868
-1.0195811 -0.1763094
-1.1202850 -0.1675321
-1.3282849 -0.1609664
-1.3441290 -0.1577397
-1.5293643 -0.0973951
-0.4210772 -0.0426083
-0.4734177 -0.0406851
0.0000000 0.0000000
0.0000000 0.0000000
-3.9897237 0.5269994
-4.8286600 0.5448014
-8.8993969 1.1507391
-8.5995827 1.9948801
-8.9774523 1.9909589
-7.4108801 2.3536134
-6.5014529 2.5431278
-6.8996816 2.6070995
-6.1487198 2.9180410
-6.0405421 3.4278891
-6.5133638 3.5510805
-5.9134741 3.8668885
-5.7407165 4.3225236
-6.2458048 4.5107827
-5.6277208 4.7589850
-5.5299039 5.3304591
-6.2141280 5.6513844
-5.6055479 5.8568149
-5.5565286 6.5588012
-6.1668186 6.9540792
-5.2995725 7.0377650
-4.7938356 7.2401991
-4.7293787 7.4448729
-3.7502501 7.2565074
-2.5692034 6.7958488
-1.9766951 6.4578247
-1.2000240 6.1324530
0.2248047 5.2131276
1.1019270 4.6524229
1.6850189 4.0630331
0.2993896 3.6089745
1.3905330 2.7771344
9.5091591 -0.5876580
9.5736532 0.9658028
9.9315357 0.3930115
10.1394558 1.8676667
6.7998214 -0.8021369
11.0412941 -3.5046546
28.2242050 -2.0421500
31.7924213 -5.7681999
33.2914581 -5.3976512
11.2863274 0.4728352
6.8637052 4.4127684
0.0330319 3.3162861
4.4697585 5.1404486
1.4281352 4.6243467
-0.3112263 4.3453946
-1.1384797 2.6509178
-1.0291930 3.0882030
0.2676124 3.3125844
-0.9204809 2.3278570
-0.7559688 1.3880370
0.0937351 1.5424497
-0.7696166 1.0244787
-0.7997789 0.6278889
-0.3340505 0.6224272
-0.8076527 0.4030498
-0.8402671 0.1562802
-0.5780915 0.1213808
-0.8582075 0.0519262
-0.8949425 -0.0896584
-0.7565825 -0.1287964
-0.9224624 -0.1295911
-0.9603164 -0.1943697
-0.9008192 -0.2279924
-0.9914527 -0.1826286
-1.0430120 -0.2014996
-1.0301738 -0.2253823
-1.1381729 -0.1930936
-1.3702033 -0.1673525
-1.3968203 -0.1779878
-1.6691376 -0.1197428
-0.5493558 -0.0425486
-0.6108909 -0.0428247
0.0000000 0.0000000
0.0000000 0.0000000
-5.6698818 0.5537414
-6.5166607 0.5540771
-10.5287132 1.1618509
-9.3690987 1.9893727
-9.7814236 1.9988120
-7.9845076 2.3735411
-7.3202600 2.6886940
-7.8021016 2.7704575
-7.1060772 3.1397278
-6.9972520 3.6993833
-7.5343843 3.8343065
-6.8800864 4.1888304
-6.7448449 4.7641492
-7.3965960 5.0016685
-6.7632561 5.3380804
-6.8455462 6.0829816
-7.5952978 6.4231548
-6.8993616 6.7180471
-6.6937389 7.2391601
-6.8435497 7.3742876
-5.7465205 7.4814215
-4.4739995 7.1665702
-3.9622920 6.7998533
-2.8056252 6.7146912
-1.1015444 5.9369946
-0.3815446 5.2233005
0.6349335 5.0933647
2.3767667 3.9915919
3.3490555 3.2405705
4.0573163 2.9149938
2.8533759 2.1774397
4.1554341 1.4578533
11.1323471 -1.3268521
10.7745295 0.0018462
12.0118380 -0.6986843
11.8422146 -1.6887178
14.2782288 -2.3873510
14.8890877 -2.5480990
23.2418880 -2.2777605
27.8076458 -3.0735989
23.5747128 -3.1241379
3.7604609 -0.3989941
1.4168271 3.8982165
3.9393084 4.6543932
1.6985787 6.5300312
1.7444828 4.5293860
1.6155159 3.4612334
1.2509329 1.5591030
1.1396579 2.5734172
1.5809513 1.6865466
0.4450694 1.1764438
0.3319411 1.0663682
0.8958043 0.8087770
-0.0322599 0.5142847
-0.1842836 0.3445211
0.2079288 0.1638021
-0.3880617 0.0689781
-0.5076503 -0.0570904
-0.2932810 -0.2003003
-0.6403399 -0.1807018
-0.7397859 -0.2519731
-0.6339248 -0.3596157
-0.8389935 -0.2955040
-0.9180629 -0.3125586
-0.8853085 -0.3899517
-0.9994525 -0.3020339
-1.0706648 -0.2812638
-1.0831550 -0.3320356
-1.1862671 -0.2643010
-1.4401444 -0.2050151
-1.4897531 -0.2306200
-1.8219926 -0.1612452
-0.6993405 -0.0493643
-0.7817177 -0.0533317
0.0000000 0.0000000
0.0000000 0.0000000
-7.3640938 0.5501055
-8.2170420 0.5565965
-12.1033831 1.1859877
-10.2033329 2.0020974
-10.6525192 1.9987239
-8.7413368 2.4202876
-8.2982492 2.8526032
-8.8540087 2.9249511
-8.1778002 3.3745384
-8.0813913 3.9854176
-8.7041445 4.1253047
-8.0450535 4.5605536
-8.0566607 5.2950802
-8.8321524 5.5497460
-8.1859970 5.9956918
-8.2737598 6.7203479
-8.7366190 6.8652573
-7.8560276 7.1478686
-6.9141479 7.1282921
-6.4878759 6.8359761
-5.1687374 6.8689499
-3.2157452 6.0830951
-2.4023702 5.3043551
-1.2457498 5.2922401
0.6853202 4.3495040
1.6025075 3.4433966
2.5510468 3.4406374
4.4324169 2.3915384
5.3984542 1.5335387
6.1012015 1.3886451
5.3796749 0.5892136
6.6528006 -0.1981049
12.8436089 -1.8532610
12.4615974 -1.5228056
13.3842287 -1.8009952
11.0430269 -3.1944153
19.3387585 -3.8643198
21.7080803 -6.4208798
34.2378731 -2.9578733
0.9112910 -1.3896046
0.4426920 0.5759802
4.7971869 1.9221510
5.5478201 4.2005453
4.1839175 0.7320942
2.9115062 2.8798184
2.1850119 0.8110011
3.3743773 0.2829061
2.8919046 0.9003136
2.2136576 0.8210431
2.2469029 -0.1579691
1.4911623 0.1414919
1.0636191 0.1504371
1.2962854 -0.3833475
0.5417235 -0.2269935
0.2458936 -0.2640415
0.4800223 -0.5980536
-0.0751068 -0.4561389
-0.2863367 -0.4770698
-0.1644706 -0.7147636
-0.5077667 -0.5583088
-0.6630526 -0.5482848
-0.6218374 -0.7168412
-0.8228450 -0.5629026
-0.9396576 -0.5176715
-0.9532405 -0.6335513
-1.0619932 -0.4875855
-1.1529014 -0.4143570
-1.2041681 -0.4884899
-1.2880363 -0.3769534
-1.5592859 -0.2740625
-1.6419908 -0.3133251
-2.0140464 -0.2205299
-0.8956369 -0.0645656
-1.0112685 -0.0726195
0.0000000 0.0000000
0.0000000 0.0000000
-9.0923176 0.5714091
-9.9770679 0.5842115
-13.5873461 1.2177997
-11.0972624 1.9975413
-11.5949526 2.0130627
-9.6937675 2.4648273
-9.4272747 3.0105131
-10.0591002 3.0998127
-9.3615847 3.6068077
-9.3476429 4.2837911
-10.0795345 4.4552584
-9.4669638 4.9613037
-9.6203098 5.8194599
-10.3700037 6.0676904
-9.5340376 6.4837022
-9.0862827 6.8412371
-8.9896555 6.7159600
-7.8071814 6.7574959
-5.9391093 6.1373272
-5.0219197 5.4985394
-3.6625860 5.4098344
-1.4764895 4.4227366
-0.3833089 3.3859825
0.5849712 3.4415181
2.5821645 2.4042957
3.5737262 1.4072021
4.4305630 1.6028488
6.2516146 0.5852007
7.0960574 -0.3975162
7.8019700 -0.1701148
7.8634391 -1.0243547
9.1067734 -2.0580244
13.1958637 -2.4048169
14.5399027 -1.2133328
14.5189924 -2.0359325
15.9230261 -6.2062440
21.2038479 -7.7133732
24.5373020 -8.2392206
28.0504093 -5.3090906
0.8641475 0.9121835
-1.6065485 -1.4270157
3.2031395 -2.2162600
3.7155344 -2.1568844
4.1218905 -2.5169594
4.0930767 -0.7143283
3.4527895 -0.8750144
3.3217885 -2.0545390
2.9042482 -0.9707639
2.3470948 -1.0153463
2.4263494 -1.7505215
1.8226253 -1.0352963
1.2863526 -1.0479523
1.3952360 -1.6076473
0.7775807 -1.1292814
0.3949353 -1.0834461
0.4832443 -1.4919014
0.0275329 -1.1257528
-0.2476815 -1.0514947
-0.2340856 -1.3496234
-0.5167893 -1.0451187
-0.7152030 -0.9514793
-0.7545870 -1.1622645
-0.9151400 -0.9084628
-1.0582509 -0.7932558
-1.1340443 -0.9366361
-1.2102180 -0.7247329
-1.3152715 -0.5905278
-1.4157114 -0.6812036
-1.4615234 -0.5230488
-1.7443805 -0.3695865
-1.8660715 -0.4184060
-2.2665532 -0.2935481
-1.1629049 -0.0877119
-1.3228269 -0.0994016
0.0000000 0.0000000
0.0000000 0.0000000
-10.8951769 0.5979406
-11.8122292 0.6135204
-14.9222765 1.2567533
-12.0837831 2.0410528
-12.6247292 2.0696435
-10.8463020 2.5571012
-10.7012072 3.2083304
-11.4034128 3.3068805
-10.6707058 3.8797073
-10.8526144 4.6617508
-11.7090254 4.8458624
-11.1171360 5.4310870
-11.0800982 6.2599673
-11.4612112 6.2667055
-10.2032204 6.5994821
-8.7213249 6.2791500
-8.0846748 5.7159705
-6.5357356 5.6239572
-4.0179191 4.5453825
-2.9187980 3.7097757
-1.6490575 3.5039563
0.5878921 2.4447019
1.5581684 1.6583000
2.5746932 1.4461030
4.4600592 0.4905221
5.3448987 -0.2685713
6.2382278 -0.1969642
7.9627743 -1.3290194
8.8690481 -2.1140981
8.9956474 -1.7498318
10.2161360 -3.2789431
11.5912561 -4.3161097
12.8662233 -2.7411537
15.1491451 -4.2523832
17.6896744 -6.9437580
23.2875042 -5.5504556
25.7988663 -9.3552294
24.3495750 -7.2523594
8.3979025 -2.9913392
2.1914341 -1.6255299
3.5281165 -3.0945392
3.3101568 -3.6693459
3.2277076 -3.3144670
3.6439099 -3.8374593
3.3313041 -2.9327118
2.9322591 -2.9266536
3.1390207 -3.5752258
2.6901317 -2.5802169
2.1626468 -2.5336120
2.2672925 -3.1771438
1.6839809 -2.3538072
1.1547438 -2.2537844
1.2086649 -2.8022187
0.6693345 -2.1404269
0.2604450 -1.9892280
0.2271092 -2.4225714
-0.1153682 -1.8852439
-0.4189110 -1.7133521
-0.5135671 -2.0377600
-0.7069575 -1.6030700
-0.9268883 -1.4212284
-1.0522434 -1.6516542
-1.1439112 -1.3048792
-1.2997601 -1.1139460
-1.4443746 -1.2693282
-1.4666820 -0.9951498
-1.5751823 -0.7937927
-1.7323996 -0.8910312
-1.7223967 -0.6908650
-2.0060673 -0.4813549
-2.1701455 -0.5334131
-2.5916018 -0.3741327
-1.5214007 -0.1169721
-1.7331207 -0.1310337
0.0000000 0.0000000
0.0000000 0.0000000
-12.7803802 0.6322920
-13.7464952 0.6487131
-16.1698647 1.3027333
-13.1680841 2.0972390
-13.7584763 2.1313465
-12.1887903 2.6567910
-12.1099529 3.4311798
-12.9056883 3.5719552
-12.1555223 4.1657629
-12.6003399 5.0956697
-13.4580450 5.3094926
-12.6601467 5.7923913
-11.5839376 6.0392246
-11.2409105 5.6924162
-9.5862026 5.6960535
-7.2492504 4.8688140
-6.2629905 4.0818706
-4.5057793 3.9728594
-1.7651759 2.7537978
-0.6965966 1.8434004
0.5527271 1.5271531
2.5600786 0.6758784
3.3303885 0.0806429
4.2942209 -0.0580921
6.2091627 -0.9830086
7.1378322 -1.6972444
8.1774044 -2.0237753
9.7135105 -2.8881838
10.7335281 -3.4252141
10.9444780 -4.2034173
12.4905376 -5.6243739
13.9052181 -6.4052110
14.0798683 -5.1133590
19.6823997 -10.3846979
22.8746796 -11.0449009
25.8365440 -10.6130161
16.2228928 -6.7650156
8.5413504 -4.7249002
5.1204019 -3.6377566
4.2367420 -4.3363581
5.1037879 -5.1373477
3.7496469 -4.6570106
3.2016027 -4.8626604
3.6736288 -5.7257614
2.8859599 -4.6718955
2.4645193 -4.5628119
2.8345597 -5.2748976
2.1523433 -4.1922851
1.7024902 -3.9790933
1.8931924 -4.5991869
1.2494738 -3.6802316
0.7584119 -3.4365044
0.7550067 -3.9815466
0.2805082 -3.1935637
-0.1278895 -2.9192278
-0.2802486 -3.3546662
-0.5017300 -2.6888659
-0.8061219 -2.4065323
-1.0131021 -2.7290390
-1.0923551 -2.1934958
-1.3111467 -1.9161288
-1.5253705 -2.1433856
-1.5272243 -1.7222908
-1.6776549 -1.4490870
-1.8933928 -1.5992903
-1.8432159 -1.2772912
-1.9436831 -1.0033236
-2.1595383 -1.0951343
-2.0808017 -0.8649560
-2.3486204 -0.5951631
-2.5558488 -0.6429241
-2.9884343 -0.4547794
-1.9830998 -0.1493602
-2.2494540 -0.1638896
0.0000000 0.0000000
0.0000000 0.0000000
-14.7518988 0.6683944
-15.7890577 0.6871053
-17.3041763 1.3473473
-14.3853178 2.1662171
-15.0460968 2.1798904
-13.7309170 2.7844028
-13.7598677 3.7433715
-14.7108688 3.8686006
-13.8995295 4.5647526
-14.1267014 5.4142160
-14.4181681 5.2587962
-13.1735497 5.6764622
-10.6808424 5.0804753
-9.9464941 4.3899465
-7.9258041 4.2095218
-5.1323261 3.2087455
-3.9580486 2.3510613
-2.3263896 2.2101223
0.3898695 1.0937865
1.2462112 0.3735687
2.1956201 0.2264780
4.2410455 -0.5628210
5.0681872 -1.1946642
6.0406342 -1.3384018
8.0410786 -2.3445637
8.8945198 -3.0157971
9.9464502 -3.1578319
11.6996813 -3.9511471
12.9102545 -4.6551490
13.6469774 -6.2979732
15.8154516 -6.4003797
17.1358929 -6.8522444
20.5254040 -11.0972881
26.0206661 -13.0199432
26.0874825 -12.5425282
16.6254063 -7.9361362
7.5984735 -6.1002913
9.1868172 -7.0042405
6.9610047 -6.2324109
5.4670458 -6.8847208
5.6429524 -8.2591534
4.3318367 -7.1383877
3.2429047 -7.2535758
3.1399379 -8.5979252
2.4512808 -7.0106769
1.7783573 -6.6982508
1.8393592 -7.7976084
1.3513578 -6.1134653
0.9549702 -5.6262031
0.9334741 -6.4536405
0.5445654 -5.1167364
0.1226376 -4.6700606
-0.0702082 -5.2513971
-0.3709545 -4.2856536
-0.7707977 -3.8526163
-1.0556769 -4.2721009
-1.1392395 -3.5039959
-1.4131951 -3.0847037
-1.7375492 -3.3840077
-1.6805934 -2.7751861
-1.8741935 -2.3947840
-2.1788518 -2.5968883
-2.0708930 -2.1282282
-2.1953354 -1.7655466
-2.4826770 -1.8927338
-2.3431575 -1.5473807
-2.4224024 -1.1957977
-2.6950076 -1.2696087
-2.5399106 -1.0273181
-2.7712197 -0.6949240
-3.0192542 -0.7309632
-3.4397931 -0.5270654
-2.5490108 -0.1808366
-2.8671482 -0.1938824
0.0000000 0.0000000
0.0000000 0.0000000
-16.8157845 0.7131693
-17.9357338 0.7313349
-18.2726288 1.3612436
-15.7087383 2.1871657
-16.4388943 2.1939070
-15.4796133 2.8173623
-15.6760750 3.9293432
-16.6107845 3.9345443
-15.4717760 4.5323682
-14.3415613 4.7867918
-13.8937101 4.1973572
-12.3811274 4.5332141
-9.0474863 3.5039368
-8.1527567 2.5437765
-6.0137968 2.6499553
-2.7703767 1.4221970
-1.6944009 0.4807591
-0.6216050 0.6663910
2.1131468 -0.2355203
2.8250902 -0.8190323
3.4648454 -0.8651885
6.0746832 -1.7496053
6.9233651 -2.4331732
7.9164619 -2.7986696
9.7944298 -3.5131712
10.5391626 -3.9304190
11.7154055 -3.9963756
13.9278736 -5.6197672
15.2083569 -6.0423217
16.4558086 -6.9916763
21.9237232 -10.4529314
24.3682976 -12.8258753
27.2572803 -13.5597649
17.5568466 -10.5873022
14.1096430 -9.9844570
11.9602947 -8.1358147
9.6500521 -8.6243534
9.9160519 -9.6121435
7.9254394 -9.1408672
6.2887959 -9.4776793
6.1973014 -10.1912222
4.7739263 -9.6930132
3.2686791 -9.7474222
2.4887486 -10.6254349
1.9301722 -9.6029730
0.8301503 -9.2681684
0.1143368 -10.2397995
0.1522877 -8.5184336
-0.3228974 -7.7895894
-1.0369318 -8.8371849
-0.6308216 -6.8721037
-0.9598342 -6.1107855
-1.5727737 -6.8492184
-1.3818800 -5.4378190
-1.7110667 -4.7711177
-2.2275846 -5.1553588
-2.0432363 -4.2860827
-2.2505250 -3.7061505
-2.6906400 -3.9597416
-2.4769268 -3.3040714
-2.6152873 -2.8157139
-3.0122969 -2.9686394
-2.7720926 -2.4880984
-2.8480890 -2.0272286
-3.2074420 -2.1120040
-2.9583073 -1.7792662
-3.0030251 -1.3463526
-3.3272738 -1.3899912
-3.0935197 -1.1588731
-3.2667148 -0.7660322
-3.5512829 -0.7826590
-3.9144547 -0.5820014
-3.2074604 -0.2063955
-3.5677118 -0.2150273
0.0000000 0.0000000
0.0000000 0.0000000
-18.9554195 0.7475409
-20.1770020 0.7494401
-19.0103817 1.3528731
-17.1634426 2.2422435
-18.0161991 2.3211918
-17.2151489 2.8340278
-17.3644218 3.9138749
-17.8099308 3.7472939
-15.7831554 3.8207650
-13.3160381 3.5047407
-12.6273775 2.6896482
-10.4716654 2.5026278
-7.0904660 1.4375502
-6.1550465 0.4524687
-4.4803119 1.1796175
-0.7054611 -0.3935353
-0.2206312 -1.1527523
0.2862451 -0.2188317
3.7176471 -1.7371845
4.3923426 -2.5685961
5.1111059 -2.1360595
7.7137828 -3.0940681
8.1565561 -3.7543943
9.2722054 -3.8476770
11.4568729 -4.3075218
11.9966536 -5.0833511
13.8542757 -5.2991939
16.9452591 -6.2324510
18.5923214 -6.8476925
26.6604614 -13.1962938
29.3732109 -14.8480053
29.5053921 -13.6308212
20.8245888 -11.6950645
12.3722544 -9.8686886
13.6421051 -9.4081802
12.2039280 -9.4797974
10.2692127 -9.9582930
10.3282232 -9.8143330
8.6015882 -10.0722160
6.8476300 -10.2875061
6.8966384 -9.8994093
5.2336369 -10.4778633
3.4408495 -10.5210829
2.7905016 -9.8597622
1.7054513 -10.5335598
0.1825580 -10.4416246
-0.3755453 -10.2389297
-1.0559341 -10.0886297
-1.9707845 -9.6345367
-2.8670278 -9.9803152
-2.4452808 -8.6231804
-2.7993104 -7.7311068
-3.8653636 -8.4589815
-3.0043440 -6.6215210
-3.1066151 -5.6597729
-4.0012126 -6.1141949
-3.2291026 -4.9365559
-3.3129406 -4.2205176
-3.8647461 -4.3939371
-3.4757860 -3.7287319
-3.5298772 -3.1306984
-4.0094452 -3.2036669
-3.6205423 -2.7660482
-3.6232617 -2.1937349
-4.0359426 -2.2161207
-3.6751261 -1.9432220
-3.6680129 -1.4279492
-4.0284352 -1.4274662
-3.7232156 -1.2379199
-3.8237729 -0.7931294
-4.1336641 -0.7836264
-4.3719082 -0.6085855
-3.9341226 -0.2218869
-4.3129935 -0.2227963
0.0000000 0.0000000
0.0000000 0.0000000
-21.0799389 0.7666530
-22.4673901 0.7440611
-19.6821728 1.2854877
-18.8095150 2.3446631
-19.7743530 2.3436897
-18.6969795 2.7625742
-17.7744255 3.3360558
-17.2656879 2.5837693
-14.3667316 2.2041016
-11.7565775 1.9474204
-11.2385206 0.9967723
-7.7032685 0.1026319
-5.3603377 -0.2949810
-4.6932011 -1.0134441
-3.4257252 0.0648258
0.5880699 -1.8797584
0.9654781 -2.5428071
2.1677341 -1.9000548
5.1637254 -3.0709972
5.6384282 -3.5278642
6.5759296 -3.3838284
8.7801838 -4.0599751
9.2250166 -4.1527076
10.3836555 -4.6612844
13.3111124 -5.1195135
13.6003256 -4.9271598
16.1353035 -5.1140771
22.5156307 -8.2799816
32.8301010 -16.2385807
31.2175636 -12.8641253
27.3379402 -11.8628111
21.4053192 -11.8792095
15.0034790 -10.0578308
13.3744268 -9.0552263
13.7162962 -8.4113007
11.9708128 -9.3085957
10.0946407 -9.1471357
10.1538868 -8.1180782
8.6290598 -9.0529060
6.7833552 -8.8284035
6.7042651 -7.6939321
5.1598811 -8.7757359
3.5208681 -8.8631067
3.2768447 -7.4963284
1.9853591 -9.0552797
0.4144166 -9.2083092
0.2091865 -7.7124004
-1.3292415 -9.3595352
-2.7659471 -9.3299646
-3.0634880 -8.2082043
-3.8261268 -8.9630270
-4.7813425 -8.6388998
-5.4841671 -8.2919569
-5.2729774 -7.4827738
-5.2310691 -6.5229464
-6.4973569 -6.8641367
-4.7448201 -5.3918681
-4.5846915 -4.5995011
-5.3013105 -4.6891932
-4.6722293 -3.9822543
-4.6013536 -3.2704732
-5.1758184 -3.2294307
-4.5783200 -2.9114189
-4.4921074 -2.2260392
-4.9556561 -2.1650307
-4.4591908 -2.0011084
-4.3858557 -1.4121082
-4.7746620 -1.3508623
-4.3886809 -1.2401437
-4.4166484 -0.7598028
-4.7459273 -0.7147034
-4.7709870 -0.5929797
-4.6812015 -0.2194415
-5.0533638 -0.2093200
0.0000000 0.0000000
0.0000000 0.0000000
-23.0875626 0.7603397
-24.5610809 0.6489113
-20.2887459 0.9792058
-20.4484005 2.2417662
-21.1932774 2.0659268
-18.8726540 2.0483844
-16.3301182 1.6846367
-15.2365313 0.4918823
-12.2888889 0.0583351
-10.1670094 -0.2632329
-9.3063955 -1.3731686
-6.3488989 -1.2527237
-3.9617898 -1.7358884
-3.4786077 -2.6298990
-1.4819149 -2.0263798
1.4989917 -2.9443877
1.7856872 -3.6883199
3.4946399 -3.0227070
5.9498286 -3.7121058
5.7808018 -3.9275312
7.5222616 -3.5590236
9.4712029 -4.2316909
9.4486551 -4.3956976
11.3990221 -4.8331947
13.8199024 -4.9450336
16.5710239 -4.8833351
28.3056068 -13.5822506
34.4697151 -16.6651268
34.5663071 -15.5145664
24.7614956 -11.1635065
17.1056004 -9.4623070
15.8561230 -8.7080517
15.2259951 -8.1989918
13.5026751 -7.7759428
12.7729464 -7.1159878
11.5822001 -7.5649734
9.7992792 -7.0888844
9.2805929 -5.9084311
8.0076342 -6.7692056
6.5014453 -6.4340653
6.0946941 -4.9455366
4.8321757 -6.2014427
3.4011343 -5.8939590
3.3554688 -4.4619255
2.1404619 -6.0168505
0.7019315 -6.1304154
0.6783073 -4.3254585
-0.9516319 -6.4200020
-2.4516406 -6.6332779
-2.2181702 -4.9062510
-3.7716560 -7.1196246
-5.1659942 -7.1969185
-5.1494126 -5.8484554
-6.7636766 -6.7217131
-7.5444760 -6.8124232
-8.5245466 -6.4067025
-6.6814137 -5.3046193
-6.1248617 -4.7198176
-7.0071440 -4.7471476
-6.0023956 -3.9468994
-5.7779508 -3.1477325
-6.3513236 -2.9730682
-5.6080050 -2.8525968
-5.4147353 -2.0743556
-5.8719902 -1.9096950
-5.2828736 -1.9092500
-5.1222630 -1.2570306
-5.4956765 -1.1098816
-5.0415378 -1.1313372
-5.0118022 -0.6433771
-5.3135796 -0.5550296
-5.0785427 -0.5188180
-5.3830657 -0.1885840
-5.7066159 -0.1649805
0.0000000 0.0000000
0.0000000 0.0000000
-24.6301918 0.6046982
-25.8050213 0.3387822
-21.0406036 0.3343174
-21.3067627 1.4598168
-20.8563843 0.5152346
-16.7686138 0.0994559
-14.0109520 -0.6376213
-13.1674337 -1.8229504
-10.9987173 -1.7826762
-8.5252781 -2.3007944
-7.8862081 -3.2869008
-5.5699396 -2.8276205
-2.7876387 -3.4960186
-2.4873650 -4.2066636
-0.4280986 -3.7842143
1.8751055 -3.6782336
1.8862690 -4.1576505
4.0352736 -4.0441113
6.1655021 -3.5429583
5.7627215 -3.2325962
8.1329813 -3.4740369
10.2483978 -3.7938838
10.3770838 -3.3062422
12.1141491 -2.4813240
18.9633389 -5.5900836
34.4235458 -15.1175518
36.4835358 -10.5619860
35.6914558 -9.2466879
24.9626236 -9.6533022
19.7276897 -9.6587620
14.2353554 -7.0528178
13.6985731 -6.2197475
14.0464315 -6.5939403
12.1928692 -5.9739180
11.4648066 -4.8401432
10.5328827 -5.2251334
8.7201166 -4.5638051
8.0892286 -3.2346997
7.1040926 -3.9593344
5.6407866 -3.4226770
5.1209040 -2.0110295
4.2407522 -3.1442297
3.1865962 -2.7694836
3.1793852 -1.1657295
1.9929584 -2.7897706
0.8752385 -2.7076931
0.9678242 -1.1708127
-0.5354930 -2.8945835
-1.7224803 -3.1029379
-1.4587768 -1.2438785
-2.9999743 -4.0240088
-4.4936929 -3.9581544
-4.2108045 -2.1028509
-6.0886312 -3.6813855
-8.3836060 -5.0779767
-7.8187413 -3.4749668
-8.4721174 -3.7802067
-7.8621869 -4.5900598
-8.7059479 -4.2512679
-7.2263598 -3.5650513
-6.9292297 -2.8105168
-7.4717531 -2.5872390
-6.6655550 -2.5616744
-6.3455696 -1.7274265
-6.8636971 -1.4639091
-6.0893393 -1.6187060
-5.8215423 -0.9159954
-6.2085586 -0.6633756
-5.5842996 -0.8561524
-5.5338664 -0.4357343
-5.7786360 -0.2829994
-5.2638936 -0.3548118
-5.9501333 -0.1230027
-6.1472421 -0.0863104
0.0000000 0.0000000
0.0000000 0.0000000
-25.1275253 0.1342643
-25.2920170 0.1085042
-21.6370239 -0.9654145
-19.8395939 -0.4904490
-18.5449829 -2.0911961
-14.6749535 -1.6681428
-12.2890949 -2.8781660
-11.6961927 -3.6957982
-9.5520067 -3.5154414
-7.1648488 -4.2511015
-6.5416694 -5.2333918
-4.7235556 -4.6228471
-2.4116161 -4.9063911
-2.1833456 -5.6660285
-0.3770470 -4.8837867
1.5852394 -4.8835778
1.3030488 -5.4291492
2.8914237 -4.1284542
4.8167076 -3.6565888
4.9119897 -4.2056332
8.8959837 -4.1823831
10.3681707 -4.5623064
12.4515686 -5.2324033
19.1620617 -8.4940071
34.3923798 -16.3139343
33.9670792 -15.4463959
33.8082581 -14.2885952
29.3140907 -12.3271036
19.5759563 -7.9986591
13.9609385 -6.6471381
13.1521606 -5.5483413
12.6324062 -5.2305517
12.0825491 -4.6512876
10.5186806 -3.6844833
9.6341600 -2.5954354
8.8418961 -2.9057510
7.3520193 -1.8638955
6.6132154 -0.4381954
5.8910947 -1.2627331
4.5829339 -0.6025141
4.0146427 0.8021525
3.3301961 -0.3019014
2.8195944 0.2725228
2.5827003 1.8114724
1.7722956 0.4765272
0.8468340 0.6964406
1.1421124 2.3831339
-0.2534545 0.5352522
-1.2659936 0.3871125
-0.9726881 2.2466683
-2.4863648 0.0216042
-3.9944959 -0.2730611
-3.6665964 1.7406180
-5.0372205 -0.1969820
-6.8316655 -1.4939251
-5.9204731 0.2752778
-7.4489913 -0.5360944
-8.7983236 -3.1670878
-8.4248428 -1.2968302
-8.2698765 -2.6511445
-7.9792233 -2.2530448
-8.3676033 -1.5545453
-7.8018618 -1.9268905
-7.3332629 -1.0571188
-7.7529092 -0.3481894
-6.9060941 -1.0530564
-6.4354901 -0.2762213
-6.6626306 0.2029362
-5.9996014 -0.3387627
-5.8763437 -0.0364929
-5.9022012 0.2308733
-5.3604231 -0.0460058
-6.2403979 -0.0117730
-6.2231002 0.0586048
0.0000000 0.0000000
0.0000000 0.0000000
-24.2403240 -0.7725183
-21.4956856 -0.8806990
-19.9685631 -4.2897024
-17.4337082 -3.4803140
-16.3666153 -4.4699287
-13.7798901 -4.3785272
-11.1241007 -4.9442754
-10.2932768 -6.3196511
-8.1030827 -5.2884808
-6.1331625 -6.3071098
-5.8886585 -7.3630662
-4.1069298 -6.4945574
-2.1846333 -6.7551923
-2.1128104 -7.6673112
-0.5470992 -6.5283084
0.7423914 -6.4922299
0.8688989 -7.2069197
1.5287342 -5.1786656
4.0073428 -5.7881155
4.1175752 -6.6634898
9.7329769 -5.9974623
17.9704857 -7.4351988
25.2048645 -12.3889961
31.8183346 -11.3717451
34.3667221 -9.2635756
33.9482002 -7.9685335
25.8320065 -7.5376129
17.7101078 -6.6256027
16.7361355 -6.5140204
14.1135054 -5.8134665
10.8027897 -5.0991387
8.7662821 -4.5059662
9.8475809 -2.9248586
8.1478577 -1.9740802
6.2017584 -1.0018435
6.9210424 -0.8236167
5.7151790 0.9100831
4.8233237 2.4711330
4.4785480 1.6065173
3.3673339 2.3559585
2.7855430 3.9400241
2.2955513 2.9421885
1.8360252 3.4473209
1.3343551 5.0240068
1.3760521 3.6488724
0.7593095 4.0568132
0.9346141 5.6167507
-0.0920092 4.0880418
-1.0342705 3.9717009
-0.4542800 5.3385167
-2.1025221 3.6668928
-3.2447894 3.4746842
-2.6565721 4.6541109
-4.3732452 2.8166072
-4.9583917 1.9575423
-4.4078245 3.6312702
-5.5243769 1.9913471
-7.5680022 0.9678531
-6.8490710 3.6688941
-8.4865580 1.0123274
-8.7118502 0.0766970
-8.9144316 2.7184229
-8.6274433 0.2959833
-8.1225739 0.9141953
-8.3129969 2.7677903
-7.4364657 0.6425327
-6.6866865 1.0775402
-6.6572399 2.2035286
-5.9997520 0.7111373
-5.7717204 0.6751282
-5.4533200 1.1824956
-5.1561074 0.4364766
-6.0786123 0.1630742
-5.6936693 0.2885363
0.0000000 0.0000000
0.0000000 0.0000000
-19.0812683 -2.1152310
-14.2704268 -1.9683841
-18.1109371 -5.7019434
-16.3249607 -5.8084970
-14.5273514 -6.9108477
-12.3915663 -6.8140192
-9.3814745 -7.4768057
-8.9104633 -8.8312273
-7.0022130 -7.8275151
-5.4198236 -8.4848595
-4.9618649 -9.6605740
-3.8525419 -8.5641870
-2.4590809 -8.5873890
-2.3411584 -9.8320627
-1.2168649 -8.2960205
0.0140997 -8.3700123
0.1127995 -9.4652395
1.6425102 -7.6377592
4.5290780 -8.4583721
5.5499544 -9.6263399
12.1680002 -10.3606844
21.7921143 -10.6512365
22.3269958 -11.4461155
26.7894554 -10.6708860
30.3684692 -8.0471992
28.8780003 -7.1059084
24.2571068 -7.2473431
18.6785698 -4.6443019
14.8805037 -1.9391257
10.7201748 -3.2140441
7.9154897 -2.6748352
5.9054179 -0.6033803
6.2120152 1.1344848
4.5689030 0.7783222
2.2043743 2.5589175
4.1811829 2.3472416
3.7677710 4.1033936
2.5302763 5.6893148
3.0117912 4.7980762
2.1426666 5.5651731
1.7057809 7.1681695
1.3916963 6.1887336
0.8829229 6.5260849
0.7559114 7.8378024
0.7504886 6.7187428
0.6036749 6.9115496
0.6973068 8.1004066
0.1244203 6.8609672
-0.7061401 6.9489284
-0.5264292 8.7744884
-1.6096526 6.8909259
-2.3570094 6.4978609
-2.2354212 9.1895933
-3.4802089 6.6837316
-4.8102393 6.3380938
-5.9688134 10.0834694
-5.5679331 6.4516630
-6.4415393 7.2601614
-6.2367582 10.3871498
-7.3922205 7.1839309
-8.5570593 6.4975286
-7.7250972 10.3018608
-8.7756824 5.9036202
-7.7343531 5.6134400
-6.3713455 8.3934126
-6.8444467 4.3168740
-5.8866525 3.7690125
-4.0824089 5.4420838
-5.2121124 2.6608250
-4.9055958 1.8681859
-3.7737086 2.7303972
-4.3620381 1.1671262
-5.1268997 0.4704241
-4.2819839 0.6712903
0.0000000 0.0000000
0.0000000 0.0000000
-11.6378574 -2.8965333
-5.5227146 -2.6532860
-13.5744715 -9.0343370
-12.6460314 -9.9355412
-10.2848301 -9.0923958
-13.0165625 -10.3436708
-9.1346855 -10.3858986
-9.4434958 -11.6679430
-6.2434158 -10.1526604
-4.4019442 -10.3310919
-6.0828876 -12.3182116
-3.4515402 -10.4430227
-2.5314844 -10.2442017
-2.9261651 -11.3939533
-1.4088156 -9.8582239
-0.4284556 -10.1827221
-0.3043492 -11.3970613
2.8374910 -10.1352720
6.1054111 -11.2975607
7.5094881 -12.5268860
14.3356667 -10.6573906
21.6072598 -9.4297562
19.9333305 -9.7969952
22.1996803 -6.3629656
22.2962399 -3.5221241
21.8475380 -2.9070008
21.0145378 -3.5493424
16.8395481 1.1846893
12.5556097 5.6721921
7.7888794 1.3012257
5.4948711 2.6586995
4.2408466 5.6621904
2.8542447 5.7586608
1.0872931 5.4951606
-0.0858043 7.1465082
1.6876053 6.6733451
1.6976649 7.6694894
1.1275587 8.9860134
1.4616033 8.4152308
1.0180912 8.8980312
0.8382491 10.2736540
0.7460269 9.2786121
0.5843135 9.3679209
0.6335184 10.8417368
0.4908523 9.4757862
0.2252459 9.6769142
0.2182323 11.2097931
-0.3540432 9.9328156
-1.1557313 10.1433554
-0.4194965 11.3351965
-1.7967119 10.2316341
-2.7100525 10.3231287
-2.9183552 13.0167046
-4.1890340 11.3987055
-5.9586034 12.9234591
-7.1395817 14.5782185
-6.6547174 13.1281443
-6.7038693 13.0735102
-8.1733551 15.2815018
-6.7556114 13.2393284
-7.1774855 13.5290127
-7.4111609 15.1594257
-7.0436306 12.8705416
-5.1477799 10.4937086
-3.2747598 10.5640297
-3.1922934 7.9150791
-2.6521773 6.0470452
-0.7707124 6.2394180
-2.6589575 4.2085423
-2.7164285 3.0393713
-1.2407833 3.3883398
-2.7018032 1.8452281
-3.2085865 0.7004369
-1.8558173 0.7715220
0.0000000 0.0000000
0.0000000 0.0000000
-1.3258578 -1.8023014
-0.6468219 -0.4224965
-6.2155342 -5.3623495
-9.7193708 -12.2677498
-5.7759819 -5.4232712
-8.8958988 -14.9202089
-8.0190821 -13.5380688
-4.9907708 -14.9439735
-7.5213499 -13.4204750
-5.7877855 -13.9871492
-1.9078621 -16.5142441
-4.5805454 -14.6656694
-3.5342412 -14.1869164
-1.1321743 -16.1772289
-1.8312778 -13.9252310
-0.4648628 -14.1816711
2.0603297 -17.0409985
2.7351093 -13.9696064
6.3345928 -14.5384808
7.1549625 -15.6961737
10.8137341 -12.9212894
14.6768894 -10.7034407
10.4210224 -11.2038889
15.7073231 -4.2093434
15.2991371 1.5481465
11.4296675 -2.6739841
12.3875103 3.8618791
12.0134153 8.5887756
9.7623911 8.7963543
7.9298453 7.6379766
2.6218321 10.7818422
4.0757318 12.8139772
0.0384837 12.5762291
-0.3761689 11.5510521
0.3706312 12.1661263
0.0324510 11.8354235
0.0232632 12.0936823
0.5208716 13.8016853
0.3536185 12.4635105
0.4604794 12.7224569
-0.3532187 14.4946327
0.0930740 13.5620003
-0.1552089 13.7395649
0.7979006 15.8664894
-0.1280979 14.0902300
-0.2247768 14.4537096
-0.6389287 17.1195812
-0.6120698 14.8320618
-1.6633306 14.9221230
-1.0712936 17.8378086
-3.0871320 15.3296289
-4.6901097 16.1194382
-3.3208857 19.8956451
-6.2587342 15.9541187
-7.1524577 16.9286880
-5.0112462 19.0672493
-7.4839396 17.1743526
-7.3950758 17.3905602
-3.2894237 9.9378490
-6.4430323 15.2515163
-4.5111761 11.6689110
-0.7163413 3.0879970
-1.9983903 9.4018211
-0.0375022 7.0357342
0.0085162 1.0894077
0.8960241 5.5061922
0.7551495 4.4362264
0.0309432 1.8513470
0.1925738 3.3203406
-0.1888991 2.7121992
-0.2615924 1.7768478
-0.5111558 1.5577319
-0.3372165 0.6949155
-0.2446046 0.2217321
0.0000000 0.0000000
0.0000000 0.0000000
1.6305766 0.2002202
0.0000000 0.0000000
1.2047007 0.8092815
-2.4227474 -0.8106868
0.0000000 0.0000000
-4.5724721 -2.3143120
-4.4467034 -8.5970097
0.0000000 0.0000000
-2.6544600 -15.5089397
-2.0973210 -16.7083817
0.0000000 0.0000000
-2.8319569 -21.1354103
-2.0892231 -24.6115856
0.0000000 0.0000000
-0.4606348 -24.1948547
-0.8716077 -27.0446091
0.0000000 0.0000000
1.8771949 -23.5661964
2.5457630 -22.7131538
0.0000000 0.0000000
4.1341548 -15.2988615
5.1203451 -9.1275711
0.0000000 0.0000000
3.6774421 -2.5158627
3.4577780 7.0135136
0.0000000 0.0000000
2.1603024 8.7162848
3.2153504 17.3481636
0.0000000 0.0000000
2.6889827 19.1450691
0.3132962 23.2738724
0.0000000 0.0000000
-1.2896544 26.2065392
0.5903791 25.1006966
0.0000000 0.0000000
0.4175539 23.0779858
-0.9943890 24.0474529
0.0000000 0.0000000
-1.4534235 25.0845795
0.9010044 24.8320427
0.0000000 0.0000000
0.5165108 20.9461994
-1.0775872 23.7997551
0.0000000 0.0000000
-1.8936505 23.6327591
0.3203680 22.7164230
0.0000000 0.0000000
0.6812720 19.5345135
-2.1281874 21.7606068
0.0000000 0.0000000
-3.4841051 18.9771137
-2.8735423 15.1554728
0.0000000 0.0000000
-3.3763826 10.2934904
-2.6041186 5.8871698
0.0000000 0.0000000
-1.2246981 2.3193913
-0.9177194 0.1395501
0.0000000 0.0000000
-0.9332058 -1.1961216
-0.2871195 -2.7829845
0.0000000 0.0000000
0.2853142 -2.0648513
0.4384744 -2.6610787
0.0000000 0.0000000
0.7997872 -1.4615680
0.5334340 -0.8659025
0.0000000 0.0000000
0.3525628 -0.6621898
0.4471313 0.2776399
0.0000000 0.0000000
-0.1150156 -0.3922983
1.5983721 1.4454011
0.0000000 0.0000000
0.0000000 0.0000000
16.53713
17.33127
19.49145
20.31564
16.6706
12.13366
6.957377
1.134826
-6.965327
-20.466
-48.06504
-107.5102
-185.9256
38.65142
-53.84213
-32.32369
-25.02
-15.6358
-8.475286
-3.304344
0.3666026
2.971864
4.833129
6.0726
6.709988
6.972944
16.61451
16.37384
18.40868
19.03881
15.60757
11.35768
6.803334
1.444145
-6.021775
-17.93553
-41.13343
-112.2441
-150.7958
31.61835
-115.1989
-40.92301
-26.82427
-15.83355
-8.19483
-3.028683
0.5639048
3.086474
4.857433
6.059537
6.649604
6.871455
14.51853
14.32978
15.71036
15.44639
12.83731
9.911777
6.252872
1.734565
-4.237503
-12.60967
-23.84504
-40.24482
-76.51268
-76.59144
-107.2197
-46.93221
-25.79621
-15.11609
-7.127549
-2.013459
1.361177
3.651939
5.197348
6.243447
6.775434
6.985049
12.83367
12.70776
13.06899
12.15202
10.26805
8.120973
5.143354
1.695919
-2.271247
-7.019508
-14.83864
-41.29126
-9.80449
26.79254
-75.08446
-61.16105
-27.12389
-12.62281
-4.800425
-0.09793499
2.796589
4.658346
5.865687
6.669271
7.125562
7.301878
11.25171
11.28447
10.51348
9.266443
7.614201
5.777325
3.466301
1.235497
-0.4803034
-0.9717306
1.470195
20.70608
19.75901
38.94255
-84.32023
-71.79574
-28.18324
-8.486943
-0.9065738
2.892795
4.900229
6.069958
6.796606
7.273531
7.585313
7.72047
9.448787
9.471761
7.596314
6.176139
4.466198
2.754054
0.9966065
-0.17675
-0.0593872
2.69845
9.175205
24.31135
19.47264
44.36085
-16.11934
-52.59258
-15.31593
0.8851149
5.468092
6.941973
7.495862
7.721614
7.841972
7.932321
8.041919
8.125467
6.819604
6.679384
3.975846
2.39528
0.4731125
-1.29122
-2.785644
-3.432241
-2.352044
1.754609
8.587387
18.80351
8.60837
39.54397
42.16157
34.53188
19.67491
14.92948
13.00338
11.31901
10.13259
9.312656
8.78565
8.479199
8.364657
8.390811
2.906856
2.551091
-0.6173369
-2.462831
-4.776952
-6.89639
-8.681036
-9.76572
-8.935486
-4.597742
2.73767
13.68423
13.51528
-38.70134
45.75216
56.36959
37.06741
24.76393
18.89619
14.85386
12.2165
10.48967
9.392496
8.737026
8.416743
8.387196
-2.449735
-2.997411
-6.407185
-8.721189
-11.6841
-14.67787
-17.79199
-20.7711
-21.1286
-16.50093
-8.796797
0.9243308
9.366869
57.0968
65.22592
46.52426
40.5273
28.89852
21.85217
16.71047
13.24726
10.94091
9.454323
8.551606
8.076133
7.999519
-9.251388
-9.963315
-13.61193
-16.62474
-20.54783
-25.18217
-30.81768
-35.90423
-36.42978
-31.27766
-22.3166
-12.50452
-0.9129996
10.95644
42.17075
20.64163
34.59816
27.8235
21.53353
16.60282
12.98468
10.47426
8.822974
7.809751
7.253753
7.142984
-17.56787
-18.34583
-22.30162
-26.20495
-31.46186
-38.54739
-46.72111
-52.17379
-51.43982
-45.22956
-35.1723
-25.38252
-1.8536
37.86185
13.42594
26.64866
25.88786
23.23263
18.74617
14.61158
11.35245
8.994492
7.415038
6.442906
5.899805
5.771167
-27.11186
-28.07348
-32.36956
-37.46561
-44.47033
-54.33278
-63.13918
-66.98442
-64.20554
-56.42196
-44.6308
-34.55757
-35.26253
8.236022
12.56922
17.65719
18.84275
17.03158
14.00362
10.94625
8.377481
6.472673
5.198447
4.427266
4.003515
3.878538
-37.37635
-38.53205
-43.53016
-50.23962
-59.69391
-71.9952
-79.12302
-79.50082
-74.19486
-64.80983
-52.50191
-38.51607
-24.0265
10.12221
10.44645
10.51644
10.40773
9.328365
7.582367
5.704192
4.088333
2.910058
2.179291
1.780945
1.592997
1.499588
-48.05153
-49.47128
-55.32723
-64.16947
-77.18178
-88.8058
-93.47322
-90.16446
-82.77503
-71.31448
-59.10652
-32.3406
8.570417
10.74378
3.993836
0.9266626
-0.1281379
-0.413638
-0.6987133
-1.207633
-1.551748
-1.684308
-1.596189
-1.42777
-1.258745
-1.285794
-58.76204
-60.51744
-67.31651
-78.48731
-95.39015
-104.0348
-105.3703
-99.9739
-91.21969
-77.64496
-65.56459
-53.97074
-6.672123
-9.836513
-14.43339
-16.15874
-15.02379
-13.22202
-11.52409
-10.04891
-8.643328
-7.282395
-6.022325
-5.058767
-4.415865
-4.336193
-68.676
-71.09747
-79.41397
-93.47973
-110.3191
-117.1673
-114.8131
-109.0781
-100.3957
-86.82231
-69.32742
-65.52477
-45.93625
-45.84928
-47.17133
-46.49832
-39.66701
-31.72257
-25.8099
-21.14226
-17.25884
-13.77035
-10.89706
-8.873121
-7.648372
-7.426485
-76.31403
-79.51458
-89.81237
-106.6393
-119.7296
-124.3541
-120.8477
-113.6671
-105.7309
-94.21067
-86.46212
-86.02127
-84.9604
-86.52209
-87.64098
-85.06239
-75.62141
-58.84729
-43.98041
-34.75543
-27.32591
-20.80081
-15.82289
-12.47397
-10.57341
-10.15832
-79.50411
-83.99758
-96.41651
-114.2538
-124.5659
-125.9266
-121.657
-114.3733
-109.2337
-113.0513
-106.7266
-104.4377
-112.5261
-118.2262
-120.3193
-117.5436
-110.6822
-93.53672
-67.76728
-50.7657
-38.46225
-27.86135
-20.21816
-15.30427
-12.68564
-12.00689
-74.09929
-80.68644
-96.04207
-112.4742
-121.4433
-122.9109
-118.5084
-111.9724
-104.1337
-105.7604
-131.1181
-127.1483
-130.8027
-136.1649
-139.4413
-138.3883
-133.187
-120.4805
-97.06548
-68.16136
-49.27638
-33.84367
-23.04035
-16.44122
-13.17937
-12.27065
-54.51337
-62.63486
-83.75476
-99.4776
-108.7869
-111.1145
-111.5082
-116.0595
-120.8611
-114.9885
-125.3138
-125.6667
-132.8645
-139.9756
-144.3067
-146.1263
-144.2382
-135.7289
-118.1655
-85.42541
-58.96728
-37.7249
-23.26425
-15.01638
-11.06775
-10.03797
-14.8434
-30.77994
-60.15605
-76.44397
-86.52895
-90.74098
-92.66949
-110.8566
-90.36141
-99.40706
-97.688
-110.4378
-122.4693
-133.467
-139.9711
-144.0258
-145.6741
-140.1031
-124.1419
-97.30481
-65.84041
-36.81904
-18.39068
-9.489862
-5.769925
-4.988352
56.48644
22.53372
-23.81218
-46.61652
-55.12386
-58.74547
-59.50213
-72.76615
-61.69846
-80.27312
-96.29902
-99.27276
-105.064
-119.9333
-129.0618
-134.2447
-138.6706
-136.4492
-124.3538
-103.9032
-72.71292
-33.01834
-9.101484
-1.035413
1.824349
2.4785
142.8722
95.17423
25.18474
-4.939742
-12.94836
-16.05669
-9.328462
11.1335
18.7464
-27.32517
-77.94663
-88.42919
-87.8297
-102.7842
-115.1498
-122.8354
-128.6975
-128.0721
-125.0121
-99.40097
-66.01119
-21.53908
5.190285
8.634395
9.034434
9.085792
177.5663
151.449
89.90403
36.70498
27.31288
23.86614
38.03163
85.79233
119.746
86.19034
-3.001738
-50.2807
-64.0743
-86.5806
-101.7771
-112.1277
-117.229
-115.0618
-100.6381
-88.44487
-64.18134
-26.60838
-0.126227
9.283376
11.69973
12.36231
159.8699
155.6333
146.5167
103.8886
71.18479
66.95715
95.98371
193.8284
257.9926
228.6806
94.83003
-3.976527
-40.63254
-71.78579
-93.49677
-103.4223
-106.6495
-88.47091
-58.93236
-49.43105
-53.74179
-39.4596
-12.96541
1.879787
7.874845
8.449008
150.252
154.5258
169.3529
116.2197
111.2413
87.55839
144.8784
290.1873
416.0567
390.541
178.0176
44.0033
-52.08341
-56.4286
-111.9187
-87.35252
-97.95122
-58.96397
-45.51362
-47.45272
-48.86737
-36.45038
-15.95495
-1.194955
5.176977
0
