0.0000000 0.0000000
0.0000000 0.0000000
0.0000000 0.0000000
0.0000000 0.0000000
0.0000000 0.0000000
0.0000000 0.0000000
0.0000000 0.0000000
0.0000000 0.0000000
0.0000000 0.0000000
0.0000000 0.0000000
0.0000000 0.0000000
0.0000000 0.0000000
0.0000000 0.0000000
0.0000000 0.0000000
0.0000000 0.0000000
0.0000000 0.0000000
0.0000000 0.0000000
0.0000000 0.0000000
0.0000000 0.0000000
0.0000000 0.0000000
0.0000000 0.0000000
0.0000000 0.0000000
0.0000000 0.0000000
0.0000000 0.0000000
0.0000000 0.0000000
0.0000000 0.0000000
0.0000000 0.0000000
-0.1824906 0.1579969
-0.2535942 0.3787198
-0.3214537 0.6487662
-0.4288220 1.0057436
-0.6096458 1.5101464
-0.9182562 2.2573445
-1.4566175 3.4007592
-2.3766797 5.2053599
-3.4479496 7.9910908
-4.4123111 11.5794277
-8.5258551 13.8378439
7.1207914 11.1920710
12.3149633 -17.0287113
-8.8961086 -12.6686554
-3.0886137 -13.8052206
-2.6142087 -8.4268837
-2.3580377 -5.8864369
-1.6423869 -3.9599674
-1.1025441 -2.6170149
-0.7490160 -1.7280931
-0.5228441 -1.1448288
-0.3812074 -0.7449449
-0.2952909 -0.4495553
-0.2371526 -0.2121281
0.0000000 0.0000000
0.0000000 0.0000000
-0.3921630 0.1898714
-0.5228053 0.4116270
-0.6588749 0.6716040
-0.8756911 0.9987955
-1.2351036 1.4295985
-1.8353029 2.0171652
-2.8062475 2.8508906
-4.3682456 4.0865927
-7.2369084 5.8158607
-6.7183833 7.0859971
5.4474597 8.3079777
24.0531998 8.6149511
25.5192585 -6.1494603
2.2075717 -9.3823042
-5.0163994 -3.5109484
-6.2879705 -7.0113845
-4.1203141 -4.9256291
-2.8838630 -3.2320662
-1.9560226 -2.1514330
-1.3436085 -1.4767559
-0.9556149 -1.0208938
-0.7132855 -0.6847055
-0.5639080 -0.4167167
-0.4378401 -0.1862903
0.0000000 0.0000000
0.0000000 0.0000000
-0.5589828 0.1615037
-0.7328764 0.3324367
-0.9076484 0.5254593
-1.1797508 0.7539738
-1.6118959 1.0375949
-2.2963636 1.4119277
-3.3980777 1.9354888
-5.1474233 2.8480866
-8.9989920 3.8461897
-10.9780216 1.5050960
-1.7925189 -0.3279619
27.5079651 5.8880692
32.5663109 -4.3977351
-0.7142473 -9.0487165
-8.9841709 -0.2111161
-10.6720181 -0.8987654
-6.0436192 -1.5743257
-3.7277141 -1.3549432
-2.4703374 -1.1186849
-1.7146364 -0.8840560
-1.2453055 -0.6669431
-0.9507829 -0.4716017
-0.7643128 -0.2936537
-0.5901020 -0.1293735
0.0000000 0.0000000
0.0000000 0.0000000
-0.6689182 0.1115740
-0.8675774 0.2154709
-1.0523963 0.3217455
-1.3275002 0.4288596
-1.7471232 0.5340625
-2.3802836 0.6363165
-3.3552413 0.7206304
-4.9046836 -0.0462899
-7.7562814 -0.2262118
2.1349936 -6.2196093
4.9296470 -7.8460622
29.0794067 7.1256227
26.5429516 -0.9728878
13.5513887 7.0332236
-4.9233723 5.1961460
-9.8374968 2.5635293
-5.7888541 0.7433893
-3.7284029 0.1085731
-2.5407407 -0.1813546
-1.8232704 -0.2873255
-1.3690119 -0.2875505
-1.0764743 -0.2347507
-0.8830132 -0.1560121
-0.6810670 -0.0686990
0.0000000 0.0000000
0.0000000 0.0000000
-0.7219023 0.0557732
-0.9263089 0.0918462
-1.0963558 0.1115446
-1.3334256 0.0977220
-1.6767787 0.0124159
-2.1626539 -0.2195481
-2.8014064 -0.6724643
-3.6081614 -2.5526533
-4.8519883 -3.6649053
-2.1219184 -11.4512100
1.2425467 -9.5212297
10.3079615 -0.8083615
20.4302597 0.9685220
9.8684731 9.1507998
-1.0136126 10.0003347
-3.9936268 5.6043844
-3.9284410 2.0804639
-2.9767287 0.9939221
-2.2320080 0.4411278
-1.7052066 0.1570174
-1.3428291 0.0233716
-1.0970253 -0.0269759
-0.9228641 -0.0318406
-0.7138172 -0.0139449
0.0000000 0.0000000
0.0000000 0.0000000
-0.7256269 0.0036785
-0.9204101 -0.0197457
-1.0583240 -0.0734054
-1.2356932 -0.1814214
-1.4699851 -0.3813517
-1.7622772 -0.7315905
-2.0849459 -1.2580838
-2.2950766 -2.3296168
-2.4403377 -4.2393627
-2.5903821 -3.7117214
0.3278603 -6.3966451
7.2168059 -3.7292738
9.1359653 2.8130906
4.9944139 5.5759516
-0.0560567 5.9419498
-1.5844529 4.5028043
-1.9580075 2.6398141
-1.9448820 1.4653306
-1.7105372 0.8240259
-1.4397715 0.4569804
-1.2106078 0.2455235
-1.0360616 0.1271793
-0.9001577 0.0637333
-0.7070336 0.0289366
0.0000000 0.0000000
0.0000000 0.0000000
-0.6995055 -0.0383801
-0.8666365 -0.1047975
-0.9632673 -0.2031809
-1.0725470 -0.3543110
-1.1971681 -0.5875503
-1.3116999 -0.9425085
-1.3790753 -1.4288782
-1.2700131 -1.9871050
-0.5933990 -2.7966173
0.6274896 -3.1313634
2.3657484 -4.1499767
4.3857613 -1.7368414
4.8751302 0.9585789
3.3301136 2.8813498
1.2138215 3.5699728
-0.4091335 3.0650911
-0.9180308 2.2980573
-1.1567751 1.5350419
-1.1926743 0.9804666
-1.1248711 0.6182260
-1.0218054 0.3834721
-0.9229696 0.2310153
-0.8298043 0.1303214
-0.6629988 0.0589737
0.0000000 0.0000000
0.0000000 0.0000000
-0.6437738 -0.0663805
-0.7800190 -0.1572642
-0.8382317 -0.2754958
-0.8882099 -0.4355189
-0.9261162 -0.6533671
-0.9217625 -0.9415152
-0.8251586 -1.2955616
-0.5582362 -1.6831921
-0.0073190 -2.0786281
0.6731225 -2.1900747
1.6953400 -2.2017152
2.6858826 -0.9392958
3.0939693 0.5633082
2.3709490 1.6205298
1.2024767 2.1446092
0.2116294 2.1070633
-0.3591164 1.7786895
-0.6521974 1.3526844
-0.7939606 0.9667217
-0.8358161 0.6653118
-0.8220706 0.4454283
-0.7852917 0.2864998
-0.7322732 0.1688901
-0.5943319 0.0764420
0.0000000 0.0000000
0.0000000 0.0000000
-0.5712402 -0.0813886
-0.6787102 -0.1818642
-0.7055077 -0.3023055
-0.7124854 -0.4510081
-0.6932314 -0.6344240
-0.6232743 -0.8530927
-0.4654410 -1.0964756
-0.1743351 -1.3299824
0.2684487 -1.5046020
0.7998489 -1.4973850
1.3950347 -1.2439518
1.8594211 -0.5170072
1.9920870 0.3156491
1.6374357 0.9655219
1.0160139 1.3536732
0.4000511 1.4456944
-0.0617049 1.3279208
-0.3424694 1.1051047
-0.5126146 0.8587211
-0.6024591 0.6352199
-0.6407057 0.4505457
-0.6453938 0.3027658
-0.6232101 0.1836656
-0.5137831 0.0834617
0.0000000 0.0000000
0.0000000 0.0000000
-0.4923293 -0.0860930
-0.5753583 -0.1858848
-0.5802124 -0.2983230
-0.5593281 -0.4272516
-0.5095782 -0.5739477
-0.4132248 -0.7336004
-0.2478239 -0.8919997
0.0029640 -1.0209708
0.3266263 -1.0812849
0.6893241 -1.0168986
1.0448269 -0.7742364
1.2988273 -0.3244479
1.3525463 0.1825526
1.1601861 0.6046418
0.8066958 0.8876809
0.4179903 1.0039189
0.0846737 0.9811995
-0.1582589 0.8717256
-0.3223946 0.7213064
-0.4265316 0.5643958
-0.4874395 0.4193375
-0.5172917 0.2920372
-0.5150238 0.1809240
-0.4304705 0.0826471
0.0000000 0.0000000
0.0000000 0.0000000
-0.4150250 -0.0837289
-0.4776976 -0.1764994
-0.4691914 -0.2761997
-0.4339837 -0.3835478
-0.3709976 -0.4969982
-0.2712553 -0.6103942
-0.1223947 -0.7103226
0.0767653 -0.7762619
0.3111774 -0.7828208
0.5564684 -0.7017614
0.7783490 -0.5102882
0.9260664 -0.2173205
0.9518167 0.1082373
0.8395919 0.3930225
0.6281369 0.5997774
0.3774951 0.7082293
0.1406530 0.7255318
-0.0523104 0.6760098
-0.1959096 0.5869362
-0.2980657 0.4799761
-0.3648802 0.3699697
-0.4054375 0.2651125
-0.4157598 0.1673714
-0.3511068 0.0767502
0.0000000 0.0000000
0.0000000 0.0000000
-0.3437027 -0.0771377
-0.3908868 -0.1597296
-0.3744044 -0.2449721
-0.3341601 -0.3322453
-0.2700350 -0.4184267
-0.1771333 -0.4974047
-0.0525593 -0.5590686
0.1002968 -0.5893431
0.2703182 -0.5727552
0.4378812 -0.4966520
0.5820527 -0.3521066
0.6732149 -0.1525102
0.6879314 0.0657200
0.6195252 0.2631601
0.4863046 0.4155057
0.3214457 0.5069450
0.1535965 0.5386873
0.0048616 0.5209274
-0.1132955 0.4687915
-0.2044605 0.3968027
-0.2698051 0.3152820
-0.3117785 0.2310067
-0.3280702 0.1481078
-0.2798108 0.0683295
0.0000000 0.0000000
0.0000000 0.0000000
-0.2804824 -0.0683706
-0.3160139 -0.1397825
-0.2967172 -0.2110210
-0.2557276 -0.2805930
-0.1967177 -0.3456266
-0.1165085 -0.4004410
-0.0148403 -0.4374993
0.1010190 -0.4488229
0.2244998 -0.4245044
0.3418930 -0.3590938
0.4386106 -0.2515683
0.4980379 -0.1112929
0.5072315 0.0407645
0.4642062 0.1805958
0.3777186 0.2936300
0.2654630 0.3682936
0.1470496 0.4020797
0.0346477 0.4005708
-0.0610425 0.3710724
-0.1370936 0.3222536
-0.1956825 0.2622332
-0.2358062 0.1960203
-0.2532295 0.1271082
-0.2178033 0.0590015
0.0000000 0.0000000
0.0000000 0.0000000
-0.2266400 -0.0590075
-0.2527326 -0.1192567
-0.2335779 -0.1779774
-0.1960170 -0.2330161
-0.1432620 -0.2816117
-0.0768214 -0.3199738
0.0035459 -0.3422059
0.0924900 -0.3431818
0.1825259 -0.3186662
0.2661602 -0.2649910
0.3332570 -0.1839297
0.3736674 -0.0834225
0.3804095 0.0251394
0.3518803 0.1270073
0.2946497 0.2111139
0.2171992 0.2708671
0.1316996 0.3027631
0.0486518 0.3081449
-0.0269541 0.2922342
-0.0895700 0.2594670
-0.1385462 0.2148681
-0.1742114 0.1631869
-0.1912314 0.1071092
-0.1652949 0.0499322
0.0000000 0.0000000
0.0000000 0.0000000
-0.1814757 -0.0499179
-0.2010832 -0.1000071
-0.1824908 -0.1476315
-0.1499840 -0.1911865
-0.1055607 -0.2277414
-0.0503067 -0.2543153
0.0122315 -0.2678997
0.0797942 -0.2642974
0.1472040 -0.2413789
0.2073828 -0.1989962
0.2550459 -0.1375491
0.2834989 -0.0631885
0.2889050 0.0155078
0.2700787 0.0907492
0.2305479 0.1548053
0.1770601 0.2016180
0.1152127 0.2297476
0.0528842 0.2385278
-0.0045336 0.2299333
-0.0549273 0.2079127
-0.0953401 0.1750736
-0.1248067 0.1344671
-0.1401867 0.0891784
-0.1218486 0.0419032
0.0000000 0.0000000
0.0000000 0.0000000
-0.1440179 -0.0415219
-0.1588922 -0.0827990
-0.1426592 -0.1212681
-0.1141160 -0.1553010
-0.0779293 -0.1832401
-0.0337902 -0.2021167
0.0160885 -0.2097799
0.0671081 -0.2048910
0.1174153 -0.1850235
0.1621663 -0.1508493
0.1965380 -0.1046110
0.2171495 -0.0489317
0.2214177 0.0101488
0.2092147 0.0660666
0.1817938 0.1151524
0.1436327 0.1526768
0.0996345 0.1760484
0.0530722 0.1858258
0.0091693 0.1821648
-0.0294618 0.1667794
-0.0619611 0.1424462
-0.0858747 0.1108145
-0.0984223 0.0740471
-0.0860668 0.0350873
0.0000000 0.0000000
0.0000000 0.0000000
-0.1137916 -0.0342256
-0.1244234 -0.0677838
-0.1109143 -0.0989019
-0.0875116 -0.1257295
-0.0571057 -0.1467379
-0.0225933 -0.1606857
0.0159738 -0.1651888
0.0559333 -0.1593601
0.0933162 -0.1432719
0.1265212 -0.1160534
0.1522297 -0.0799264
0.1675179 -0.0382280
0.1710170 0.0065405
0.1627895 0.0497106
0.1441962 0.0872025
0.1168500 0.1172394
0.0848673 0.1372776
0.0512795 0.1463580
0.0179913 0.1455991
-0.0114509 0.1352926
-0.0359666 0.1167388
-0.0547881 0.0919136
-0.0646357 0.0621129
-0.0565060 0.0296627
0.0000000 0.0000000
0.0000000 0.0000000
-0.0891467 -0.0280085
-0.0972309 -0.0552942
-0.0853039 -0.0801437
-0.0667742 -0.1016068
-0.0427247 -0.1178053
-0.0145416 -0.1276847
0.0147813 -0.1307156
0.0451120 -0.1251965
0.0741434 -0.1113783
0.0986887 -0.0903234
0.1177476 -0.0620896
0.1295407 -0.0293953
0.1327147 0.0045435
0.1270859 0.0380896
0.1141366 0.0680393
0.0952496 0.0917768
0.0719101 0.1088087
0.0475211 0.1177348
0.0236715 0.1182889
0.0016165 0.1115353
-0.0162649 0.0977125
-0.0296116 0.0777732
-0.0368703 0.0532337
-0.0319026 0.0257975
0.0000000 0.0000000
0.0000000 0.0000000
-0.0689535 -0.0227668
-0.0751403 -0.0450655
-0.0656896 -0.0651437
-0.0500922 -0.0819811
-0.0317076 -0.0949203
-0.0100839 -0.1023304
0.0134044 -0.1037387
0.0360316 -0.0992602
0.0577362 -0.0878380
0.0767560 -0.0704850
0.0908993 -0.0487151
0.0996293 -0.0230084
0.1025571 0.0041281
0.0991933 0.0301755
0.0899344 0.0542555
0.0767618 0.0741423
0.0606779 0.0883258
0.0429435 0.0968729
0.0262250 0.0989682
0.0112290 0.0945750
-0.0011230 0.0844078
-0.0093565 0.0685237
-0.0132531 0.0476713
-0.0106260 0.0235500
0.0000000 0.0000000
0.0000000 0.0000000
-0.0527649 -0.0186093
-0.0568268 -0.0367268
-0.0496842 -0.0532366
-0.0378119 -0.0668373
-0.0227879 -0.0767910
-0.0067469 -0.0827865
0.0107500 -0.0835866
0.0285427 -0.0792021
0.0444314 -0.0701988
0.0583901 -0.0560741
0.0693760 -0.0381291
0.0760042 -0.0179985
0.0781471 0.0038274
0.0762476 0.0253285
0.0702700 0.0447131
0.0608216 0.0615407
0.0498721 0.0743404
0.0380724 0.0823204
0.0265315 0.0856673
0.0172965 0.0838180
0.0106797 0.0766209
0.0072617 0.0641296
0.0073500 0.0460234
0.0089997 0.0233032
0.0000000 0.0000000
0.0000000 0.0000000
-0.0392363 -0.0153410
-0.0422142 -0.0303998
-0.0361911 -0.0438612
-0.0276130 -0.0552171
-0.0166583 -0.0633140
-0.0040239 -0.0677157
0.0085241 -0.0684517
0.0213235 -0.0646451
0.0334885 -0.0566931
0.0434778 -0.0454025
0.0512428 -0.0306257
0.0564658 -0.0136932
0.0583044 0.0039354
0.0568975 0.0218722
0.0531339 0.0386040
0.0470719 0.0529256
0.0394328 0.0646771
0.0319871 0.0729682
0.0252019 0.0773839
0.0202420 0.0780446
0.0188251 0.0743350
0.0211309 0.0653787
0.0263575 0.0496125
0.0285665 0.0259185
0.0000000 0.0000000
0.0000000 0.0000000
-0.0276657 -0.0128234
-0.0296683 -0.0256555
-0.0254529 -0.0370517
-0.0187914 -0.0463790
-0.0113255 -0.0533117
-0.0026674 -0.0569075
0.0066612 -0.0570549
0.0153445 -0.0539883
0.0235797 -0.0471806
0.0308836 -0.0372496
0.0362263 -0.0250662
0.0396215 -0.0107309
0.0412063 0.0045734
0.0405321 0.0197027
0.0378263 0.0343484
0.0341484 0.0474614
0.0295521 0.0583435
0.0248214 0.0669989
0.0214859 0.0730089
0.0202497 0.0762449
0.0228220 0.0767187
0.0313809 0.0733098
0.0455653 0.0624677
0.0534171 0.0364684
0.0000000 0.0000000
0.0000000 0.0000000
-0.0178183 -0.0110677
-0.0185029 -0.0219931
-0.0158255 -0.0318302
-0.0117021 -0.0397776
-0.0065508 -0.0453917
-0.0012697 -0.0485049
0.0044146 -0.0485095
0.0101762 -0.0454790
0.0151955 -0.0397443
0.0195385 -0.0311635
0.0230656 -0.0203888
0.0251931 -0.0082336
0.0259465 0.0050272
0.0256914 0.0184732
0.0242316 0.0312912
0.0218288 0.0432355
0.0193556 0.0537177
0.0169873 0.0624917
0.0155069 0.0697738
0.0163585 0.0756863
0.0212066 0.0807517
0.0347030 0.0861302
0.0660492 0.0927190
0.1127452 0.0902747
0.0000000 0.0000000
0.0000000 0.0000000
-0.0088800 -0.0092685
-0.0086867 -0.0174651
-0.0070741 -0.0248395
-0.0051478 -0.0308740
-0.0027876 -0.0350291
-0.0000955 -0.0370514
0.0025076 -0.0369202
0.0050854 -0.0343934
0.0075373 -0.0296224
0.0095073 -0.0229597
0.0109691 -0.0145514
0.0119743 -0.0049474
0.0123137 0.0052740
0.0120056 0.0157817
0.0113579 0.0259921
0.0103169 0.0354675
0.0091219 0.0441085
0.0082485 0.0518046
0.0079570 0.0587495
0.0088903 0.0655159
0.0122109 0.0730361
0.0232700 0.0862883
0.0779835 0.1345245
0.2868793 0.2967995
0.0000000 0.0000000
0.0000000 0.0000000
0.0000000 0.0000000
0.0000000 0.0000000
0.0000000 0.0000000
0.0000000 0.0000000
0.0000000 0.0000000
0.0000000 0.0000000
0.0000000 0.0000000
0.0000000 0.0000000
0.0000000 0.0000000
0.0000000 0.0000000
0.0000000 0.0000000
0.0000000 0.0000000
0.0000000 0.0000000
0.0000000 0.0000000
0.0000000 0.0000000
0.0000000 0.0000000
0.0000000 0.0000000
0.0000000 0.0000000
0.0000000 0.0000000
0.0000000 0.0000000
0.0000000 0.0000000
0.0000000 0.0000000
0.0000000 0.0000000
0.0000000 0.0000000
0.0000000 0.0000000
0.0000000 0.0000000
-0.1056768 0.0821315
0.0000000 0.0000000
-0.2653582 0.0538744
-0.0691245 0.2816752
-0.1041125 0.4013418
0.0000000 0.0000000
-0.2367277 0.2865927
-0.1040878 0.6068966
-0.1261472 0.7451392
0.0000000 0.0000000
-0.2678515 0.5451245
-0.1338147 1.0047662
-0.1681528 1.1772039
0.0000000 0.0000000
-0.3381383 0.8637186
-0.1803473 1.5260946
-0.2384026 1.7674428
0.0000000 0.0000000
-0.4638422 1.2867516
-0.2579297 2.2493007
-0.3526244 2.6257532
0.0000000 0.0000000
-0.6833156 1.8836231
-0.3883932 3.2977219
-0.5285848 3.9318316
0.0000000 0.0000000
-1.0712026 2.7793841
-0.5993659 4.8774223
-0.7694975 5.9335117
0.0000000 0.0000000
-1.7613375 4.1980410
-0.8779357 7.3109903
-1.0646100 8.8631334
0.0000000 0.0000000
-2.8594453 6.3535962
-1.1833762 10.9077291
-1.4114871 12.9785786
0.0000000 0.0000000
-4.0470052 9.6060410
-1.7470762 15.8382626
-1.8421413 18.8508530
0.0000000 0.0000000
-5.7384515 15.8774471
-0.2850837 22.4606647
-2.5584729 22.9432335
0.0000000 0.0000000
7.8672600 10.3495102
2.5726504 18.0659904
15.7247820 1.1611850
0.0000000 0.0000000
21.8241882 6.5121055
9.0735292 -17.3534622
-1.0692393 -18.0468674
0.0000000 0.0000000
10.3491516 -9.6091185
-1.8527613 -19.9671803
-0.3846310 -20.6242657
0.0000000 0.0000000
-7.8117356 -16.1583729
-1.5106822 -15.1276035
-1.9087861 -12.3384361
0.0000000 0.0000000
-2.5772450 -11.3399677
-1.5726820 -10.3553448
-1.0356901 -8.4447956
0.0000000 0.0000000
-2.4280901 -6.5401750
-0.8636954 -7.2349854
-0.6326255 -5.7420669
0.0000000 0.0000000
-1.9991615 -4.5001216
-0.5341096 -4.9513907
-0.4345764 -3.8893507
0.0000000 0.0000000
-1.3559279 -3.1019967
-0.3585169 -3.3368571
-0.3028880 -2.6873970
0.0000000 0.0000000
-0.9211515 -2.1425872
-0.2351069 -2.2535939
-0.2103596 -1.8546182
0.0000000 0.0000000
-0.6379603 -1.4818727
-0.1590517 -1.5217806
-0.1499475 -1.2523184
0.0000000 0.0000000
-0.4552467 -1.0071259
-0.1157387 -0.9996772
-0.1134267 -0.7994063
0.0000000 0.0000000
-0.3401093 -0.6507630
-0.0923740 -0.5976371
-0.0941170 -0.4366903
0.0000000 0.0000000
-0.2705583 -0.3661626
-0.0830187 -0.2632722
-0.0892009 -0.1119034
0.0000000 0.0000000
-0.2405282 -0.1055701
0.0000000 0.0000000
0.0000000 0.0000000
-0.4054730 0.0798708
-0.5234811 0.0590580
-0.3215227 0.2330838
-0.4028817 0.3239199
-0.4968464 0.2751993
-0.4135977 0.4983980
-0.4838481 0.5972503
-0.5743657 0.5124027
-0.5234585 0.8158848
-0.6316932 0.9340225
-0.7301728 0.7930250
-0.7024927 1.2221718
-0.8762740 1.3749231
-0.9937187 1.1478003
-0.9926608 1.7694570
-1.2755201 1.9800767
-1.4273790 1.6219056
-1.4618971 2.5326586
-1.9360404 2.8442073
-2.1453052 2.2950981
-2.2424254 3.6080720
-2.9340107 4.2024093
-3.3627102 3.3403425
-3.5102551 5.1271629
-3.8436239 6.5264783
-5.5506697 5.1206007
-4.7611094 7.8213902
-5.6320682 9.1844473
-8.3972731 7.9628592
-7.3031106 12.4542046
-8.5351772 11.6364098
-9.2355127 8.0046339
1.9546438 10.0631914
10.9633617 9.7128429
18.4353275 7.0823116
15.1173439 9.3857670
31.0607128 -11.0695276
35.8472443 -4.4665723
19.0432262 -14.3780222
15.0089846 -8.9662046
15.8086853 -7.9356399
0.8050784 -11.8151979
-8.6477365 -11.4713898
-7.3090615 -9.3303051
-6.0078049 -10.4039631
-6.0740056 -12.0808153
-10.3638783 -9.6354542
-4.8562942 -8.7665367
-3.7821949 -6.6385126
-4.6791816 -5.9446173
-3.5509655 -5.8010855
-2.6670833 -4.2638831
-3.3871279 -3.4710498
-2.2092192 -3.8445716
-1.7730938 -3.0135641
-2.3699422 -2.4918454
-1.4367282 -2.6103952
-1.1988958 -2.1183889
-1.6285968 -1.8121971
-0.9711457 -1.7825589
-0.8373546 -1.4793622
-1.1399187 -1.2994239
-0.6830322 -1.2146251
-0.6096376 -1.0110214
-0.8291003 -0.9075817
-0.5070796 -0.8026442
-0.4704444 -0.6523774
-0.6357178 -0.5977166
-0.4045128 -0.4808419
-0.3951782 -0.3605975
-0.5255491 -0.3394281
-0.3342187 -0.2080649
-0.4019224 -0.0940293
-0.5124604 -0.0916788
0.0000000 0.0000000
0.0000000 0.0000000
-0.6493772 0.0595832
-0.7333534 0.0441780
-0.5155615 0.1965738
-0.6360356 0.2467828
-0.7069503 0.2021243
-0.6477811 0.4038298
-0.7489044 0.4517271
-0.8118113 0.3713567
-0.8032166 0.6447916
-0.9581976 0.6862072
-1.0170622 0.5551431
-1.0536008 0.9398930
-1.3006123 0.9674300
-1.3560983 0.7573427
-1.4575664 1.3183554
-1.8497034 1.3155673
-1.9022311 0.9757128
-2.1089373 1.8261515
-2.7377594 1.7518858
-2.7867575 1.2002385
-3.1717689 2.5571818
-4.2540140 2.2885497
-4.2394462 1.4704441
-5.0792718 3.5643928
-6.6421552 3.5387716
-7.0565410 2.3680031
-8.2840643 4.8545361
-7.2244616 6.5764842
-9.7872381 4.7498870
-6.0638409 5.9469709
-7.6450558 8.4586935
-6.3189325 2.0467687
-2.9629524 4.8164883
18.9587440 1.5065075
20.9676037 -5.2928939
31.5054321 7.2239256
31.6213036 8.8603811
40.7249603 1.7486345
24.9745903 -7.5403676
20.0598068 -1.9116199
27.9446297 6.6971369
-5.7536464 -6.1274157
-5.8044481 -6.8546090
-5.7590694 -2.5494485
-4.3883920 -2.8293691
-10.3037558 -6.1848154
-9.2242327 -3.6662886
-8.8501101 -4.0424638
-6.1766777 -5.0365934
-8.7216454 -3.1392257
-4.8570342 -3.7516124
-3.9148948 -2.9184570
-4.8785353 -2.1229699
-3.2139726 -2.4100592
-2.6533945 -2.0549529
-3.0607934 -1.5463568
-2.1681023 -1.6673982
-1.8339479 -1.4948041
-2.0614667 -1.1674526
-1.5010940 -1.1983265
-1.3031316 -1.0874414
-1.4582727 -0.8825888
-1.0789287 -0.8554018
-0.9638057 -0.7714465
-1.0841266 -0.6455499
-0.8152339 -0.5843384
-0.7541649 -0.5130678
-0.8531703 -0.4403721
-0.6539041 -0.3555021
-0.6416759 -0.2913731
-0.7235681 -0.2567638
-0.5280669 -0.1501808
-0.6513413 -0.0785337
-0.7317637 -0.0710073
0.0000000 0.0000000
0.0000000 0.0000000
-0.8329489 0.0383194
-0.8801505 0.0236441
-0.6555840 0.1480898
-0.8054094 0.1608036
-0.8504148 0.1134777
-0.8127922 0.2876154
-0.9280452 0.2905798
-0.9621231 0.2035282
-0.9877638 0.4410702
-1.1552024 0.4210360
-1.1783744 0.2802860
-1.2611508 0.6131415
-1.5202510 0.5435593
-1.5242555 0.3249684
-1.6881893 0.8123076
-2.0973797 0.6306319
-2.0597248 0.2923161
-2.3582675 1.0602264
-3.0348070 0.6189622
-2.9029219 0.0645345
-3.4260983 1.4298794
-4.6760988 0.3975976
-4.2742381 -0.7850230
-5.2651539 2.1486883
-8.3528824 -0.5995352
-6.5543728 -2.6147182
-10.1983118 2.2692285
-10.1082983 -0.2921858
-6.5225916 -4.9801178
-4.6090441 -4.8481770
0.7278797 -3.0905788
2.2095716 -4.0590878
2.1515310 -5.6556344
12.2131300 -5.9678612
10.7023039 -6.6278539
24.1081448 4.0025125
32.3849716 3.8723269
29.9148140 -0.5593504
25.5496407 -2.1713588
19.2542419 7.0798240
13.8173904 11.3680782
9.2734289 3.7111034
-3.4899249 2.3542202
0.8799403 6.5089993
-7.5872526 2.2512455
-6.7338109 -0.6704398
-6.9188781 2.9677901
-9.6476469 0.8298659
-7.7966976 -0.3562790
-6.8959155 1.3819915
-5.7809715 -0.2567277
-4.7130828 -0.8256130
-4.4615555 0.0926691
-3.6957495 -0.4961652
-3.0880811 -0.8685281
-3.0037110 -0.3275577
-2.5001628 -0.5866522
-2.1441050 -0.7700743
-2.1184080 -0.4261180
-1.7695321 -0.5540497
-1.5548702 -0.6341147
-1.5621742 -0.4104143
-1.3072391 -0.4600423
-1.1788673 -0.4875800
-1.2025927 -0.3447323
-1.0134957 -0.3414964
-0.9431909 -0.3428142
-0.9757943 -0.2564962
-0.8270363 -0.2151623
-0.8172418 -0.2029791
-0.8511162 -0.1590746
-0.6629289 -0.0877684
-0.8339330 -0.0576202
-0.8803216 -0.0466491
0.0000000 0.0000000
0.0000000 0.0000000
-0.9474674 0.0173763
-0.9588419 0.0033155
-0.7372246 0.0917974
-0.9043835 0.0740606
-0.9229082 0.0280384
-0.9031988 0.1605055
-1.0176146 0.1281814
-1.0237494 0.0435476
-1.0712080 0.2231993
-1.2274839 0.1589198
-1.2165304 0.0250100
-1.3228905 0.2692716
-1.5543092 0.1400850
-1.5114918 -0.0615137
-1.6979234 0.2807277
-2.0470476 0.0130641
-1.9351269 -0.2797549
-2.2550046 0.2156955
-2.7722430 -0.3428569
-2.5023601 -0.7096464
-3.0920923 -0.1589759
-3.6408498 -1.0866768
-3.1764014 -1.5012082
-3.9334011 -1.5653379
-5.3957710 -3.3881459
-4.1522155 -4.2012620
-6.8642530 -1.3879780
-9.3019934 -8.1113024
-5.2881050 -8.0445995
-3.0930569 -12.9284477
3.1187685 -10.7882786
-0.4625508 -12.3215857
6.3068290 -9.8756514
8.2971516 -9.3223743
5.4256043 -5.4572821
21.5020294 -2.3770669
24.3829327 0.6020229
23.4797268 1.5218974
17.9816837 4.1942501
15.3778038 8.6708012
14.1312351 6.2118926
10.6864128 8.1169748
2.0818553 9.1849117
2.1090498 11.2367935
-3.4815753 8.8238564
-9.1982002 5.1599727
-3.3106964 8.2907457
-6.7952070 5.6213007
-6.0866284 1.9283586
-3.7585871 3.6532412
-4.6623869 2.0240884
-4.1461740 0.7512987
-3.1994953 1.5984174
-3.3198347 0.7871696
-2.9021513 0.1468506
-2.4764736 0.6503708
-2.3966243 0.2229039
-2.1117668 -0.1069001
-1.8984872 0.2084648
-1.7844828 -0.0114735
-1.5943426 -0.1975829
-1.4845531 0.0103645
-1.3723969 -0.0981579
-1.2516890 -0.2044390
-1.1980380 -0.0669936
-1.0974420 -0.1109136
-1.0321659 -0.1678316
-1.0086200 -0.0823422
-0.9154583 -0.0800884
-0.9146285 -0.1097866
-0.9056380 -0.0650145
-0.7359220 -0.0290504
-0.9417535 -0.0341626
-0.9544716 -0.0217300
0.0000000 0.0000000
0.0000000 0.0000000
-0.9929590 -0.0016353
-0.9734129 -0.0141455
-0.7642691 0.0351565
-0.9351338 -0.0029422
-0.9293806 -0.0426220
-0.9239671 0.0388326
-1.0237507 -0.0143150
-1.0069803 -0.0863194
-1.0646865 0.0191930
-1.1873088 -0.0632814
-1.1532047 -0.1715292
-1.2608708 -0.0510732
-1.4241360 -0.1822764
-1.3610276 -0.3309666
-1.5312068 -0.2144675
-1.7376778 -0.4336256
-1.6291277 -0.6227112
-1.8707559 -0.5286813
-2.1407478 -0.9367313
-1.9535640 -1.1648355
-2.2932336 -1.0222554
-2.5091708 -1.7066497
-2.2961211 -1.8121383
-2.4191871 -2.8032682
-2.0698471 -3.1578729
-2.4597719 -3.1554909
-1.2092525 -3.9614360
-0.2338870 -4.6681609
-2.3958852 -4.5129194
-0.0710790 -5.6706982
-0.0457468 -6.9364996
-1.8458402 -4.8983021
2.2715070 -7.6033444
4.2161884 -5.7093306
2.4850323 -7.2817392
10.0223112 -1.3134086
17.6944447 0.6621754
9.0661230 -1.3573538
14.4372759 2.5967195
11.2964602 7.3492265
7.2887874 6.9001718
5.4865623 9.7997389
2.3719881 8.6892719
3.0126965 7.7067442
-0.8056183 8.6508417
-2.6573832 6.2720065
-0.7728418 5.9449587
-3.0156598 5.4012637
-3.4154193 3.1876144
-1.6474758 3.7865710
-2.9966629 2.8311789
-2.8769767 1.6450731
-1.9053530 2.1568677
-2.5307763 1.4495152
-2.3071728 0.8380252
-1.7788677 1.1835645
-2.0217946 0.7397190
-1.8298311 0.3882490
-1.5320554 0.6299946
-1.6089035 0.3615213
-1.4678962 0.1519971
-1.2930317 0.3208638
-1.3035356 0.1660678
-1.2065483 0.0353828
-1.1038592 0.1513688
-1.0859660 0.0700317
-1.0310713 -0.0134885
-0.9698616 0.0610895
-0.9296557 0.0295369
-0.9378200 -0.0249598
-0.8963473 0.0151850
-0.7574332 0.0191130
-0.9761253 -0.0123095
-0.9614150 -0.0009913
0.0000000 0.0000000
0.0000000 0.0000000
-0.9765648 -0.0168006
-0.9348809 -0.0263816
-0.7496596 -0.0145470
-0.9066095 -0.0625420
-0.8831189 -0.0919130
-0.8897840 -0.0636736
-0.9631922 -0.1222705
-0.9319341 -0.1738495
-0.9907222 -0.1450611
-1.0677273 -0.2217280
-1.0250051 -0.2949078
-1.1163391 -0.2828225
-1.2051147 -0.3896331
-1.1437409 -0.4793022
-1.2666420 -0.5139381
-1.3507532 -0.6647284
-1.2684408 -0.7542565
-1.4052486 -0.9019898
-1.4394125 -1.1179031
-1.3583747 -1.1769209
-1.4219699 -1.4292578
-1.4006883 -1.7634907
-1.3418088 -1.7336979
-1.2995082 -2.2996893
-0.8661144 -2.7840288
-1.0035468 -2.2618890
-0.1687259 -3.7249694
0.3856598 -3.6650879
0.1129294 -3.1110058
0.8204278 -3.5805414
1.5045038 -3.9040129
1.3690553 -3.2278974
1.8805338 -6.0176201
4.3682160 -5.3998652
4.0062122 -3.6357346
6.5615234 -2.4428978
7.6248465 -1.3616698
5.0684228 -1.2693175
7.7844877 1.2734561
6.8070693 3.2329066
4.3438649 2.0372391
5.0280819 4.0852523
3.0359602 5.4112606
2.2602303 3.8284445
1.1377020 4.6669407
0.2793331 4.7575059
0.2239223 3.6842668
-0.8540761 3.7306118
-1.2461352 3.1378212
-0.6491086 2.9489784
-1.5663610 2.5322030
-1.6384473 1.9689052
-1.0435635 2.0444386
-1.6763595 1.5932280
-1.6016184 1.1701146
-1.1720823 1.3290362
-1.5329686 0.9715412
-1.4321727 0.6857356
-1.1455956 0.8300145
-1.3333447 0.5822142
-1.2439353 0.3894303
-1.0568857 0.5039148
-1.1487676 0.3422743
-1.0830878 0.2116187
-0.9593439 0.2959916
-1.0024632 0.1974016
-0.9634638 0.1058636
-0.8815506 0.1631688
-0.8868135 0.1094811
-0.9008236 0.0431013
-0.8403053 0.0750954
-0.7344240 0.0536090
-0.9501489 0.0054234
-0.9156896 0.0144635
0.0000000 0.0000000
0.0000000 0.0000000
-0.9137463 -0.0267399
-0.8595179 -0.0326127
-0.7049421 -0.0511695
-0.8365482 -0.1022122
-0.8029630 -0.1210422
-0.8171510 -0.1340235
-0.8640532 -0.1911316
-0.8254576 -0.2224388
-0.8777078 -0.2469930
-0.9166934 -0.3145206
-0.8700467 -0.3541910
-0.9408985 -0.4090208
-0.9731667 -0.4926220
-0.9157549 -0.5322561
-0.9965131 -0.6430506
-1.0069327 -0.7487732
-0.9357238 -0.7697678
-1.0139624 -0.9775937
-0.9628107 -1.1145873
-0.8865979 -1.0778679
-0.9104985 -1.4094473
-0.7802875 -1.5914518
-0.7058439 -1.4586908
-0.6452631 -1.8694389
-0.4230485 -2.0834727
-0.3269318 -1.8275410
-0.1491432 -2.5161262
0.3155540 -2.5883086
0.3326485 -2.1613588
0.7749766 -2.6381006
1.3558084 -2.6698816
1.1734600 -2.0441587
1.7388867 -3.0626655
2.6775761 -2.6998820
2.4862285 -1.7888404
3.8644853 -1.0860170
3.9425097 -0.8677818
3.1453152 -0.6423492
4.4228840 0.8417131
3.8084428 1.4683310
2.8178763 0.9243577
3.3423409 2.2311685
2.4715912 2.9601715
1.7301785 2.0147531
1.5408162 2.7505937
0.8794690 3.0208380
0.6165949 2.3049157
0.1510105 2.5342171
-0.1904134 2.4789531
-0.1396952 2.0931840
-0.6375648 1.9973644
-0.7790414 1.7992077
-0.5292422 1.6716330
-0.9775500 1.4468371
-0.9985802 1.2309828
-0.7385201 1.2288151
-1.0642819 0.9971881
-1.0344509 0.8065926
-0.8175701 0.8574495
-1.0304714 0.6663331
-0.9875767 0.5159653
-0.8247799 0.5749983
-0.9558937 0.4337387
-0.9178213 0.3194198
-0.7992214 0.3702835
-0.8767672 0.2723913
-0.8552535 0.1855964
-0.7674338 0.2229010
-0.8031168 0.1593609
-0.8227032 0.0908898
-0.7537705 0.1130927
-0.6780390 0.0747790
-0.8799486 0.0181168
-0.8340285 0.0245760
0.0000000 0.0000000
0.0000000 0.0000000
-0.8235428 -0.0317298
-0.7641123 -0.0346571
-0.6376919 -0.0738163
-0.7446158 -0.1235739
-0.7053864 -0.1328625
-0.7235185 -0.1730140
-0.7486490 -0.2256905
-0.7072123 -0.2398712
-0.7518157 -0.2957179
-0.7627046 -0.3538094
-0.7159679 -0.3674449
-0.7678727 -0.4539113
-0.7649213 -0.5205403
-0.7103228 -0.5243421
-0.7632290 -0.6587030
-0.7330806 -0.7367089
-0.6693212 -0.7154989
-0.7114028 -0.9158910
-0.6351902 -1.0073351
-0.5592616 -0.9364231
-0.5729348 -1.2198595
-0.4257742 -1.3196532
-0.3381855 -1.1693947
-0.2884024 -1.5364035
-0.0419603 -1.6122186
0.0319559 -1.3661447
0.1630834 -1.8149235
0.5348582 -1.8330593
0.5493129 -1.4744512
0.8352442 -1.8092500
1.2141025 -1.7758189
1.1505551 -1.3536718
1.4909115 -1.5965148
1.8741543 -1.4513092
1.7514045 -1.0371138
2.3562818 -0.6048339
2.4089236 -0.4739553
2.0316429 -0.3580446
2.6669943 0.4773248
2.3477135 0.7408968
1.8595812 0.5004877
2.2287905 1.2892779
1.7508607 1.6438624
1.3069079 1.1653016
1.3367000 1.7058676
0.9181061 1.9334838
0.6588967 1.4710482
0.4756809 1.7294387
0.1972099 1.7945911
0.1211811 1.4671177
-0.1441039 1.5106460
-0.2977231 1.4656205
-0.2288889 1.2872214
-0.5104479 1.2074568
-0.5764975 1.1112379
-0.4454113 1.0366035
-0.6916680 0.9104034
-0.7056889 0.8002958
-0.5681691 0.7856010
-0.7551962 0.6574515
-0.7480873 0.5535170
-0.6242220 0.5666510
-0.7588447 0.4575348
-0.7442873 0.3673693
-0.6440552 0.3886024
-0.7359093 0.3030225
-0.7272868 0.2277459
-0.6466859 0.2468294
-0.6976153 0.1824127
-0.7214206 0.1188982
-0.6522816 0.1313482
-0.6004285 0.0840696
-0.7823689 0.0258793
-0.7318417 0.0298322
0.0000000 0.0000000
0.0000000 0.0000000
-0.7201888 -0.0331687
-0.6611678 -0.0339272
-0.5596012 -0.0844402
-0.6442788 -0.1303620
-0.6037459 -0.1323233
-0.6226377 -0.1870732
-0.6328030 -0.2341223
-0.5907848 -0.2354293
-0.6282914 -0.3058275
-0.6206387 -0.3550514
-0.5763110 -0.3510147
-0.6144805 -0.4467612
-0.5913480 -0.4997433
-0.5416003 -0.4821816
-0.5744567 -0.6137419
-0.5267110 -0.6706952
-0.4698888 -0.6284540
-0.4917263 -0.8047807
-0.4059603 -0.8633287
-0.3421902 -0.7822340
-0.3414765 -1.0062795
-0.2047239 -1.0609194
-0.1339223 -0.9251665
-0.0972440 -1.1838450
0.0969035 -1.2180967
0.1596016 -1.0234226
0.2471091 -1.2839125
0.4909650 -1.2858223
0.5216243 -1.0347399
0.6894374 -1.2150970
0.9197196 -1.1769391
0.9067864 -0.9079350
1.1414175 -0.9440824
1.3204305 -0.8623303
1.2353598 -0.6453109
1.5753624 -0.3672149
1.5858622 -0.2791722
1.3826121 -0.2169616
1.7360735 0.2753557
1.5613424 0.4222240
1.2819438 0.2939845
1.5176740 0.7870001
1.2493194 0.9815513
0.9768628 0.7201749
1.0472909 1.1006309
0.7815806 1.2568535
0.5874578 0.9671666
0.5220876 1.1944830
0.3162528 1.2727903
0.2217244 1.0330873
0.0798562 1.1245515
-0.0554365 1.1335731
-0.0624631 0.9700986
-0.2320877 0.9662942
-0.3116055 0.9303566
-0.2555017 0.8346761
-0.4275307 0.7791708
-0.4647734 0.7197820
-0.3854050 0.6736409
-0.5345652 0.5976707
-0.5471949 0.5303103
-0.4640002 0.5142761
-0.5818567 0.4368915
-0.5851786 0.3710693
-0.5064109 0.3698702
-0.5964274 0.3009003
-0.5980747 0.2398550
-0.5297697 0.2444235
-0.5864113 0.1853500
-0.6107882 0.1299553
-0.5483370 0.1345136
-0.5135341 0.0843771
-0.6721538 0.0294737
-0.6220844 0.0312278
0.0000000 0.0000000
0.0000000 0.0000000
-0.6149755 -0.0322398
-0.5598398 -0.0314472
-0.4791026 -0.0861100
-0.5448964 -0.1268626
-0.5059912 -0.1238479
-0.5248969 -0.1839883
-0.5246952 -0.2248991
-0.4851197 -0.2179033
-0.5150828 -0.2913690
-0.4980423 -0.3326036
-0.4564685 -0.3177352
-0.4850429 -0.4108244
-0.4517505 -0.4523892
-0.4084176 -0.4242120
-0.4289095 -0.5415563
-0.3755219 -0.5830652
-0.3279411 -0.5336416
-0.3359905 -0.6780095
-0.2551892 -0.7166163
-0.2035560 -0.6379703
-0.1946907 -0.8065751
-0.0792513 -0.8369873
-0.0275498 -0.7227566
0.0081834 -0.8985562
0.1534512 -0.9136755
0.1951165 -0.7649983
0.2688980 -0.9181682
0.4287674 -0.9123909
0.4478078 -0.7396223
0.5674921 -0.8261862
0.7075601 -0.7951201
0.6940182 -0.6264778
0.8581445 -0.6036965
0.9508110 -0.5495926
0.8879273 -0.4257875
1.0964446 -0.2399461
1.0965499 -0.1746385
0.9708524 -0.1403672
1.1844529 0.1621009
1.0831577 0.2565668
0.9126872 0.1833181
1.0672936 0.5016569
0.9075933 0.6196760
0.7334248 0.4668680
0.7990977 0.7339360
0.6285741 0.8382251
0.4893607 0.6549515
0.4732981 0.8376732
0.3246725 0.9043292
0.2422451 0.7346233
0.1671926 0.8336123
0.0561677 0.8580942
0.0267438 0.7258254
-0.0787917 0.7568096
-0.1529402 0.7481520
-0.1378829 0.6572261
-0.2532006 0.6422298
-0.2996278 0.6124717
-0.2559869 0.5558424
-0.3681289 0.5161988
-0.3920655 0.4740435
-0.3386170 0.4434453
-0.4363009 0.3927814
-0.4480912 0.3459439
-0.3916056 0.3314400
-0.4704289 0.2783919
-0.4795493 0.2314313
-0.4239298 0.2256690
-0.4786448 0.1746372
-0.5023702 0.1286027
-0.4489558 0.1274156
-0.4267879 0.0790486
-0.5603796 0.0298220
-0.5145054 0.0300585
0.0000000 0.0000000
0.0000000 0.0000000
-0.5152374 -0.0298279
-0.4661162 -0.0281485
-0.4020154 -0.0817900
-0.4530933 -0.1170748
-0.4169186 -0.1109922
-0.4349734 -0.1705257
-0.4282080 -0.2052424
-0.3927013 -0.1937196
-0.4173584 -0.2636313
-0.3954442 -0.2977070
-0.3588130 -0.2776287
-0.3786759 -0.3613372
-0.3437909 -0.3942090
-0.3055768 -0.3618744
-0.3187556 -0.4614415
-0.2665249 -0.4917055
-0.2283313 -0.4430768
-0.2291329 -0.5568406
-0.1584780 -0.5829318
-0.1189352 -0.5131528
-0.1044034 -0.6356764
-0.0138888 -0.6538371
0.0236027 -0.5615306
0.0568860 -0.6790629
0.1627564 -0.6849859
0.1888900 -0.5748877
0.2498856 -0.6650376
0.3562463 -0.6571604
0.3655162 -0.5380396
0.4560905 -0.5762433
0.5433409 -0.5519580
0.5282490 -0.4431846
0.6451578 -0.4081166
0.6974598 -0.3679061
0.6494526 -0.2937841
0.7870331 -0.1661881
0.7843347 -0.1165385
0.7000303 -0.0966525
0.8363705 0.0985853
0.7755527 0.1633711
0.6646037 0.1197031
0.7696437 0.3306705
0.6694551 0.4082254
0.5549318 0.3135923
0.6085825 0.5024019
0.4957953 0.5734524
0.3975700 0.4545643
0.3989314 0.5969318
0.2938554 0.6480203
0.2263690 0.5294126
0.1881565 0.6187394
0.1002593 0.6452245
0.0686627 0.5428878
0.0026493 0.5860366
-0.0617173 0.5889922
-0.0644908 0.5112326
-0.1435955 0.5180758
-0.1877142 0.5037181
-0.1676466 0.4491182
-0.2484823 0.4314086
-0.2776592 0.4059270
-0.2430291 0.3701224
-0.3202308 0.3387628
-0.3365315 0.3060442
-0.2971086 0.2851608
-0.3638533 0.2461492
-0.3753931 0.2104129
-0.3329640 0.1991950
-0.3810941 0.1563796
-0.4033858 0.1195271
-0.3588748 0.1145636
-0.3454134 0.0705234
-0.4551055 0.0281095
-0.4150037 0.0274100
0.0000000 0.0000000
0.0000000 0.0000000
-0.4249715 -0.0266789
-0.3826043 -0.0245610
-0.3323566 -0.0742017
-0.3714615 -0.1041202
-0.3395733 -0.0965998
-0.3551721 -0.1516345
-0.3460690 -0.1808096
-0.3141163 -0.1670852
-0.3346672 -0.2302688
-0.3110006 -0.2579764
-0.2799692 -0.2365408
-0.2947580 -0.3086131
-0.2609910 -0.3345944
-0.2292580 -0.3026003
-0.2357192 -0.3837336
-0.1903001 -0.4066015
-0.1584563 -0.3619387
-0.1562720 -0.4500256
-0.0968042 -0.4677974
-0.0676197 -0.4093623
-0.0518844 -0.4973119
0.0179306 -0.5086999
0.0438092 -0.4361789
0.0753606 -0.5138902
0.1507963 -0.5161479
0.1676180 -0.4345244
0.2169963 -0.4886566
0.2896757 -0.4799181
0.2919682 -0.3976845
0.3612156 -0.4125900
0.4178732 -0.3933161
0.4027559 -0.3211281
0.4876785 -0.2865271
0.5193248 -0.2564839
0.4822291 -0.2090540
0.5771866 -0.1201629
0.5739120 -0.0814949
0.5151665 -0.0700867
0.6071503 0.0608039
0.5686082 0.1073641
0.4935346 0.0802140
0.5655942 0.2246829
0.5015740 0.2775445
0.4225155 0.2173997
0.4651493 0.3514649
0.3880514 0.4018553
0.3191833 0.3220166
0.3273855 0.4310124
0.2520270 0.4694022
0.1999262 0.3859984
0.1791748 0.4619575
0.1131251 0.4848411
0.0826983 0.4083113
0.0425380 0.4515618
-0.0117922 0.4593441
-0.0200202 0.3954352
-0.0741297 0.4121541
-0.1134640 0.4060231
-0.1057422 0.3579037
-0.1652894 0.3535443
-0.1927248 0.3376323
-0.1724310 0.3033233
-0.2307793 0.2841812
-0.2494780 0.2618919
-0.2210266 0.2388515
-0.2754039 0.2106461
-0.2877037 0.1837663
-0.2559267 0.1702686
-0.2972000 0.1355426
-0.3162813 0.1062326
-0.2807855 0.0996269
-0.2728256 0.0608787
-0.3608624 0.0253715
-0.3267348 0.0241107
0.0000000 0.0000000
0.0000000 0.0000000
-0.3463463 -0.0232817
-0.3105055 -0.0209586
-0.2712327 -0.0651412
-0.3007748 -0.0900071
-0.2735880 -0.0822086
-0.2875402 -0.1310579
-0.2771431 -0.1552430
-0.2499846 -0.1412938
-0.2655739 -0.1958906
-0.2440433 -0.2186470
-0.2167856 -0.1975664
-0.2284551 -0.2582200
-0.1972585 -0.2784917
-0.1718843 -0.2494637
-0.1754322 -0.3143415
-0.1365239 -0.3318248
-0.1115431 -0.2930891
-0.1059236 -0.3597155
-0.0592146 -0.3728079
-0.0361093 -0.3245459
-0.0218196 -0.3882014
0.0321671 -0.3949816
0.0492823 -0.3393708
0.0766933 -0.3912980
0.1314521 -0.3917795
0.1415010 -0.3313491
0.1823097 -0.3634343
0.2320444 -0.3559644
0.2314751 -0.2973237
0.2842090 -0.3020852
0.3224877 -0.2857395
0.3084043 -0.2373892
0.3711181 -0.2077652
0.3914582 -0.1847074
0.3627740 -0.1530833
0.4300304 -0.0887825
0.4276867 -0.0597326
0.3849839 -0.0518550
0.4496531 0.0378332
0.4238488 0.0729637
0.3718994 0.0546240
0.4233686 0.1557712
0.3807125 0.1934557
0.3251969 0.1539937
0.3569762 0.2512873
0.3046888 0.2870196
0.2541134 0.2331226
0.2650822 0.3150641
0.2098270 0.3445548
0.1713592 0.2846524
0.1607817 0.3466645
0.1108398 0.3654857
0.0849620 0.3085532
0.0586885 0.3482670
0.0162297 0.3563800
0.0049889 0.3063985
-0.0309926 0.3253367
-0.0654726 0.3240752
-0.0626491 0.2831269
-0.1061796 0.2857535
-0.1305888 0.2758427
-0.1189326 0.2453742
-0.1638047 0.2346050
-0.1808717 0.2187474
-0.1615541 0.1971524
-0.2039164 0.1763278
-0.2164261 0.1564982
-0.1919772 0.1425233
-0.2263561 0.1146871
-0.2422096 0.0915963
-0.2143510 0.0845858
-0.2105758 0.0515767
-0.2792256 0.0221854
-0.2509858 0.0208160
0.0000000 0.0000000
0.0000000 0.0000000
-0.2795606 -0.0199195
-0.2499048 -0.0176602
-0.2188789 -0.0557084
-0.2417694 -0.0762930
-0.2183117 -0.0686731
-0.2306216 -0.1109452
-0.2198112 -0.1306255
-0.1974562 -0.1176684
-0.2103189 -0.1638077
-0.1906964 -0.1823236
-0.1683523 -0.1630881
-0.1758130 -0.2125928
-0.1500497 -0.2289908
-0.1282136 -0.2031737
-0.1307269 -0.2549464
-0.0976421 -0.2680086
-0.0788557 -0.2359091
-0.0729893 -0.2863038
-0.0357584 -0.2960602
-0.0187310 -0.2571661
-0.0042810 -0.3025937
0.0356142 -0.3075285
0.0484659 -0.2641693
0.0708029 -0.3000486
0.1115345 -0.2988446
0.1167216 -0.2546590
0.1493632 -0.2740467
0.1847173 -0.2677131
0.1823349 -0.2254307
0.2234336 -0.2244574
0.2495138 -0.2119188
0.2376477 -0.1776049
0.2843224 -0.1543238
0.2979473 -0.1354692
0.2757348 -0.1145863
0.3248135 -0.0676375
0.3232527 -0.0453384
0.2917230 -0.0397058
0.3378392 0.0245071
0.3209309 0.0503052
0.2831219 0.0386271
0.3212387 0.1100093
0.2914660 0.1384669
0.2523635 0.1110673
0.2768280 0.1822469
0.2403697 0.2084872
0.2031544 0.1713495
0.2128263 0.2338857
0.1735745 0.2557136
0.1434978 0.2133527
0.1397119 0.2619564
0.1011291 0.2777635
0.0812862 0.2347681
0.0642440 0.2688411
0.0312572 0.2764173
0.0200414 0.2378592
-0.0053342 0.2567053
-0.0328044 0.2570339
-0.0338776 0.2242824
-0.0643546 0.2292500
-0.0860797 0.2235551
-0.0784003 0.1972672
-0.1126099 0.1914329
-0.1274133 0.1800905
-0.1144306 0.1611577
-0.1477001 0.1460192
-0.1584893 0.1308405
-0.1403175 0.1181724
-0.1677617 0.0956289
-0.1809713 0.0776082
-0.1587611 0.0707448
-0.1581500 0.0431444
-0.2103703 0.0190764
-0.1873204 0.0177542
0.0000000 0.0000000
0.0000000 0.0000000
-0.2236393 -0.0167482
-0.1993868 -0.0146577
-0.1754797 -0.0468472
-0.1928336 -0.0637238
-0.1734768 -0.0567778
-0.1831513 -0.0922760
-0.1740095 -0.1084786
-0.1546270 -0.0966320
-0.1655550 -0.1352190
-0.1478270 -0.1499308
-0.1301454 -0.1334048
-0.1360452 -0.1734762
-0.1141508 -0.1866376
-0.0968847 -0.1646738
-0.0967543 -0.2049602
-0.0711052 -0.2155297
-0.0551814 -0.1886867
-0.0504372 -0.2273950
-0.0202955 -0.2341932
-0.0084631 -0.2038457
0.0039174 -0.2367597
0.0344889 -0.2402887
0.0431796 -0.2068034
0.0628618 -0.2309703
0.0919875 -0.2300592
0.0956423 -0.1964715
0.1210262 -0.2091309
0.1470624 -0.2029186
0.1434869 -0.1728719
0.1752224 -0.1698121
0.1939144 -0.1598636
0.1837327 -0.1351196
0.2192589 -0.1159001
0.2286098 -0.1017158
0.2114392 -0.0863591
0.2479345 -0.0525319
0.2467473 -0.0343535
0.2233683 -0.0310041
0.2573869 0.0155322
0.2460240 0.0351919
0.2179708 0.0275781
0.2460042 0.0799895
0.2257834 0.1008063
0.1966371 0.0824776
0.2163976 0.1342168
0.1898474 0.1547239
0.1630084 0.1279598
0.1716359 0.1754680
0.1434179 0.1921507
0.1199913 0.1618087
0.1187114 0.2004275
0.0904398 0.2126055
0.0738559 0.1811954
0.0641252 0.2085601
0.0377599 0.2158779
0.0288325 0.1858024
0.0110148 0.2026567
-0.0104073 0.2038553
-0.0134137 0.1780982
-0.0355101 0.1841773
-0.0529195 0.1803674
-0.0487817 0.1592298
-0.0735742 0.1555927
-0.0866811 0.1477234
-0.0769990 0.1314211
-0.1029644 0.1201394
-0.1117835 0.1084019
-0.0984228 0.0975066
-0.1203465 0.0794746
-0.1306559 0.0649802
-0.1131873 0.0589982
-0.1146143 0.0359683
-0.1533269 0.0162945
-0.1343839 0.0150559
0.0000000 0.0000000
0.0000000 0.0000000
-0.1777641 -0.0139062
-0.1578430 -0.0119903
-0.1395301 -0.0388644
-0.1523872 -0.0524879
-0.1367143 -0.0465382
-0.1451885 -0.0760029
-0.1369277 -0.0892134
-0.1212120 -0.0789781
-0.1290659 -0.1103322
-0.1151381 -0.1225080
-0.0996449 -0.1081411
-0.1049326 -0.1406917
-0.0860849 -0.1508550
-0.0730477 -0.1329894
-0.0728398 -0.1645027
-0.0519645 -0.1729113
-0.0398560 -0.1510987
-0.0341207 -0.1800473
-0.0118034 -0.1856980
-0.0017639 -0.1611982
0.0078035 -0.1859592
0.0319542 -0.1878124
0.0371812 -0.1626330
0.0530574 -0.1794679
0.0750693 -0.1785539
0.0767659 -0.1531121
0.0978740 -0.1604773
0.1161813 -0.1558668
0.1132474 -0.1330507
0.1375468 -0.1301679
0.1514056 -0.1213033
0.1425730 -0.1040602
0.1697013 -0.0888010
0.1767576 -0.0776543
0.1629749 -0.0663202
0.1907220 -0.0403428
0.1899801 -0.0266964
0.1721212 -0.0235038
0.1980299 0.0099146
0.1898819 0.0259782
0.1691896 0.0201445
0.1904695 0.0588382
0.1766395 0.0747768
0.1543504 0.0622265
0.1697280 0.1013161
0.1511283 0.1165687
0.1304322 0.0981066
0.1389751 0.1334373
0.1177517 0.1471595
0.1004066 0.1246242
0.1007229 0.1547752
0.0801578 0.1645668
0.0661793 0.1415264
0.0603194 0.1638830
0.0406653 0.1698049
0.0325181 0.1474460
0.0213779 0.1610012
0.0040505 0.1631341
0.0013683 0.1427212
-0.0146420 0.1484684
-0.0279367 0.1460402
-0.0263579 0.1293963
-0.0444287 0.1272659
-0.0548098 0.1212074
-0.0480722 0.1082198
-0.0672565 0.0990756
-0.0747794 0.0900533
-0.0642477 0.0808689
-0.0817884 0.0662219
-0.0894112 0.0543536
-0.0756970 0.0493452
-0.0788273 0.0303198
-0.1062508 0.0138821
-0.0905361 0.0127988
0.0000000 0.0000000
0.0000000 0.0000000
-0.1403059 -0.0114394
-0.1240853 -0.0097750
-0.1098982 -0.0318345
-0.1200497 -0.0430221
-0.1066178 -0.0378072
-0.1141612 -0.0621699
-0.1065774 -0.0727198
-0.0941704 -0.0642932
-0.1009922 -0.0897572
-0.0892642 -0.0996624
-0.0769341 -0.0876909
-0.0800022 -0.1133316
-0.0658693 -0.1218580
-0.0542316 -0.1068596
-0.0547604 -0.1319408
-0.0373139 -0.1381499
-0.0287015 -0.1211315
-0.0242051 -0.1431623
-0.0064935 -0.1476107
0.0007159 -0.1282997
0.0099152 -0.1460688
0.0272171 -0.1478998
0.0318900 -0.1279570
0.0439699 -0.1404968
0.0611890 -0.1388472
0.0612246 -0.1202373
0.0777421 -0.1247636
0.0916924 -0.1209990
0.0884704 -0.1038316
0.1081832 -0.1001427
0.1178254 -0.0935660
0.1109477 -0.0801974
0.1317995 -0.0688890
0.1371544 -0.0591443
0.1260279 -0.0514609
0.1472558 -0.0317163
0.1472920 -0.0209096
0.1329704 -0.0182160
0.1530775 0.0073521
0.1474535 0.0194582
0.1314662 0.0160905
0.1485519 0.0442299
0.1384057 0.0574896
0.1217064 0.0481125
0.1339616 0.0775475
0.1211665 0.0895358
0.1045217 0.0766076
0.1121192 0.1039420
0.0969353 0.1144643
0.0829771 0.0986609
0.0854076 0.1213430
0.0696883 0.1299949
0.0589401 0.1125887
0.0556543 0.1302470
0.0415669 0.1354152
0.0337312 0.1189136
0.0268708 0.1300392
0.0139682 0.1320274
0.0108694 0.1169111
0.0006717 0.1211164
-0.0098523 0.1200689
-0.0090339 0.1069979
-0.0220661 0.1052277
-0.0295253 0.1006301
-0.0253602 0.0906655
-0.0391787 0.0830985
-0.0448906 0.0755869
-0.0366879 0.0684874
-0.0500062 0.0560248
-0.0557043 0.0460310
-0.0443274 0.0418970
-0.0490711 0.0260326
-0.0671647 0.0119011
-0.0538176 0.0109816
0.0000000 0.0000000
0.0000000 0.0000000
-0.1095501 -0.0092714
-0.0963083 -0.0078800
-0.0861067 -0.0259737
-0.0937066 -0.0351583
-0.0827493 -0.0308365
-0.0885796 -0.0504483
-0.0830251 -0.0592754
-0.0719942 -0.0521159
-0.0783265 -0.0728670
-0.0681507 -0.0806474
-0.0587020 -0.0712089
-0.0617448 -0.0915611
-0.0501765 -0.0985345
-0.0410916 -0.0864508
-0.0403975 -0.1055767
-0.0278829 -0.1109696
-0.0199023 -0.0970292
-0.0171469 -0.1143292
-0.0026226 -0.1173027
0.0020963 -0.1027449
0.0090720 -0.1159196
0.0226783 -0.1173211
0.0256281 -0.1018689
0.0363202 -0.1102619
0.0483308 -0.1093300
0.0488057 -0.0946030
0.0613685 -0.0980253
0.0722787 -0.0941226
0.0688095 -0.0818256
0.0840335 -0.0783891
0.0916535 -0.0730043
0.0854318 -0.0628274
0.1022870 -0.0532163
0.1059176 -0.0458900
0.0972386 -0.0394955
0.1138965 -0.0250440
0.1140718 -0.0155469
0.1027043 -0.0139780
0.1183109 0.0054252
0.1149311 0.0151940
0.1017443 0.0131620
0.1156324 0.0349728
0.1084729 0.0451362
0.0952662 0.0390765
0.1060549 0.0607886
0.0965450 0.0711501
0.0837151 0.0614548
0.0903420 0.0824001
0.0800304 0.0910601
0.0679952 0.0798697
0.0714189 0.0977105
0.0601272 0.1047043
0.0510072 0.0924786
0.0507209 0.1056558
0.0400807 0.1108511
0.0335922 0.0984465
0.0296136 0.1070174
0.0209412 0.1092639
0.0169358 0.0983336
0.0110612 0.1014160
0.0036411 0.1009610
0.0034445 0.0916328
-0.0045037 0.0892017
-0.0098419 0.0860402
-0.0069804 0.0785854
-0.0164940 0.0715852
-0.0199995 0.0652521
-0.0140099 0.0601420
-0.0235560 0.0491532
-0.0273896 0.0400323
-0.0176339 0.0370457
-0.0235350 0.0233466
-0.0339347 0.0104521
-0.0218370 0.0096013
0.0000000 0.0000000
0.0000000 0.0000000
-0.0845554 -0.0075054
-0.0734018 -0.0063294
-0.0665250 -0.0211519
-0.0718567 -0.0286415
-0.0629645 -0.0252912
-0.0684883 -0.0411364
-0.0638509 -0.0484849
-0.0548594 -0.0427295
-0.0595250 -0.0590461
-0.0523679 -0.0657743
-0.0435654 -0.0579388
-0.0470418 -0.0743177
-0.0372735 -0.0796650
-0.0305099 -0.0704533
-0.0307532 -0.0853145
-0.0206886 -0.0897398
-0.0146176 -0.0787827
-0.0115423 -0.0915074
-0.0014979 -0.0943219
0.0032078 -0.0825674
0.0079102 -0.0928246
0.0188416 -0.0932814
0.0203172 -0.0819416
0.0282797 -0.0878655
0.0377598 -0.0870136
0.0374405 -0.0757525
0.0481131 -0.0772394
0.0555247 -0.0744406
0.0530629 -0.0646203
0.0647720 -0.0620535
0.0707509 -0.0568704
0.0651908 -0.0497877
0.0782017 -0.0420176
0.0814469 -0.0359156
0.0737727 -0.0309220
0.0874207 -0.0190830
0.0873883 -0.0117350
0.0783445 -0.0098759
0.0911101 0.0044606
0.0887142 0.0131801
0.0781854 0.0114115
0.0892684 0.0281559
0.0848373 0.0366092
0.0734472 0.0325828
0.0829606 0.0496657
0.0761897 0.0579225
0.0657173 0.0515322
0.0725343 0.0671283
0.0649270 0.0750681
0.0552510 0.0667735
0.0588874 0.0805418
0.0515795 0.0867864
0.0429571 0.0782670
0.0446532 0.0886048
0.0372891 0.0932949
0.0313647 0.0848537
0.0306326 0.0907652
0.0246706 0.0938257
0.0207374 0.0860629
0.0179452 0.0876546
0.0140003 0.0882269
0.0121730 0.0821431
0.0086641 0.0789405
0.0059199 0.0768856
0.0072433 0.0723237
0.0025566 0.0647405
0.0009873 0.0595419
0.0054134 0.0563365
-0.0004981 0.0457325
-0.0022669 0.0367988
0.0062978 0.0348949
-0.0005336 0.0225548
-0.0042515 0.0095880
0.0080168 0.0089673
0.0000000 0.0000000
0.0000000 0.0000000
-0.0639021 -0.0061291
-0.0544414 -0.0051825
-0.0501327 -0.0172191
-0.0543279 -0.0236680
-0.0463053 -0.0208956
-0.0517297 -0.0337735
-0.0476365 -0.0398189
-0.0404019 -0.0355088
-0.0451338 -0.0484913
-0.0393813 -0.0541906
-0.0322121 -0.0480733
-0.0346901 -0.0605745
-0.0281694 -0.0654008
-0.0215291 -0.0579365
-0.0228624 -0.0697108
-0.0146373 -0.0730068
-0.0101936 -0.0649558
-0.0087372 -0.0745539
-0.0007957 -0.0768319
0.0026275 -0.0678104
0.0068387 -0.0748567
0.0141408 -0.0756086
0.0160788 -0.0665849
0.0216263 -0.0710898
0.0290799 -0.0697190
0.0281794 -0.0616849
0.0360106 -0.0622850
0.0419268 -0.0598022
0.0392783 -0.0523455
0.0490405 -0.0493370
0.0529585 -0.0453375
0.0486537 -0.0395283
0.0588985 -0.0336006
0.0614381 -0.0277716
0.0548338 -0.0244170
0.0654645 -0.0149901
0.0660767 -0.0086828
0.0579737 -0.0070411
0.0687879 0.0046677
0.0669566 0.0117096
0.0583429 0.0110552
0.0680159 0.0236282
0.0648023 0.0314131
0.0554825 0.0283331
0.0634507 0.0416345
0.0593776 0.0488368
0.0498512 0.0445550
0.0566485 0.0570307
0.0513158 0.0637760
0.0430814 0.0583480
0.0477946 0.0686835
0.0426644 0.0749095
0.0352893 0.0688238
0.0378741 0.0767479
0.0337643 0.0815753
0.0274480 0.0761025
0.0291422 0.0804320
0.0258011 0.0840303
0.0215994 0.0794454
0.0221520 0.0793821
0.0208384 0.0816168
0.0179951 0.0783568
0.0181167 0.0737901
0.0189081 0.0736758
0.0177234 0.0720858
0.0183562 0.0630354
0.0197777 0.0592266
0.0217272 0.0584603
0.0214288 0.0466195
0.0216274 0.0370598
0.0291976 0.0361950
0.0225398 0.0244524
0.0238926 0.0089329
0.0394982 0.0086518
0.0000000 0.0000000
0.0000000 0.0000000
-0.0463166 -0.0050000
-0.0381134 -0.0043022
-0.0367118 -0.0142337
-0.0395054 -0.0199078
-0.0326122 -0.0178300
-0.0373477 -0.0279764
-0.0348090 -0.0334795
-0.0278542 -0.0300400
-0.0328074 -0.0404747
-0.0281440 -0.0452365
-0.0223039 -0.0407994
-0.0255417 -0.0505711
-0.0204483 -0.0547778
-0.0149988 -0.0490818
-0.0160864 -0.0577654
-0.0108784 -0.0609297
-0.0062726 -0.0544823
-0.0062849 -0.0619643
-0.0001082 -0.0635106
0.0023533 -0.0570120
0.0046247 -0.0621323
0.0102776 -0.0626616
0.0114907 -0.0557774
0.0160092 -0.0583832
0.0207506 -0.0574750
0.0204595 -0.0510135
0.0260704 -0.0513600
0.0305711 -0.0486182
0.0279561 -0.0433632
0.0351302 -0.0405679
0.0383631 -0.0369108
0.0341481 -0.0324137
0.0426796 -0.0269460
0.0441974 -0.0221495
0.0388077 -0.0191802
0.0475545 -0.0118652
0.0480405 -0.0057671
0.0410742 -0.0047506
0.0497054 0.0046460
0.0490079 0.0109685
0.0410339 0.0107542
0.0496864 0.0211409
0.0473884 0.0277594
0.0395185 0.0260066
0.0470965 0.0362808
0.0441993 0.0431901
0.0360870 0.0400204
0.0422307 0.0499881
0.0392605 0.0562677
0.0313567 0.0526689
0.0367544 0.0612048
0.0334134 0.0669902
0.0268152 0.0631255
0.0308034 0.0692703
0.0284182 0.0746384
0.0225392 0.0710494
0.0254360 0.0743840
0.0247544 0.0789790
0.0196847 0.0767170
0.0227237 0.0760465
0.0240338 0.0801684
0.0200336 0.0797280
0.0237426 0.0737432
0.0283788 0.0771710
0.0244371 0.0789029
0.0305938 0.0668311
0.0379073 0.0671294
0.0342450 0.0699070
0.0438160 0.0537032
0.0485218 0.0439297
0.0504635 0.0435131
0.0524596 0.0321871
0.0525306 0.0051181
0.0744892 -0.0003292
0.0000000 0.0000000
0.0000000 0.0000000
-0.0312763 -0.0042207
-0.0237236 -0.0037269
-0.0250019 -0.0120201
-0.0264215 -0.0171438
-0.0203375 -0.0157197
-0.0254856 -0.0239433
-0.0235520 -0.0290357
-0.0174367 -0.0262852
-0.0219396 -0.0345550
-0.0192622 -0.0391471
-0.0134008 -0.0353321
-0.0173093 -0.0434365
-0.0135308 -0.0470466
-0.0089534 -0.0425566
-0.0112708 -0.0496351
-0.0074686 -0.0524870
-0.0036398 -0.0471099
-0.0040894 -0.0528683
-0.0004519 -0.0545467
0.0022700 -0.0488122
0.0029689 -0.0532074
0.0070300 -0.0532798
0.0077754 -0.0477845
0.0102901 -0.0499536
0.0138070 -0.0489832
0.0131863 -0.0435202
0.0175228 -0.0434902
0.0201721 -0.0412169
0.0181464 -0.0364149
0.0234983 -0.0344860
0.0257732 -0.0306719
0.0218840 -0.0270831
0.0282992 -0.0227874
0.0297325 -0.0182319
0.0245045 -0.0155210
0.0319384 -0.0093516
0.0320784 -0.0039661
0.0260563 -0.0026042
0.0336164 0.0047300
0.0331464 0.0109492
0.0261397 0.0107454
0.0334443 0.0192350
0.0324188 0.0254893
0.0248818 0.0243043
0.0321214 0.0331571
0.0301648 0.0394368
0.0230235 0.0371787
0.0294072 0.0455884
0.0274600 0.0518280
0.0204551 0.0487164
0.0257649 0.0564641
0.0242192 0.0622109
0.0176393 0.0590352
0.0225001 0.0653051
0.0213324 0.0707747
0.0158182 0.0678910
0.0199421 0.0718750
0.0203928 0.0774339
0.0153355 0.0755796
0.0193370 0.0764258
0.0226780 0.0826357
0.0177715 0.0831959
0.0231885 0.0785353
0.0317210 0.0870158
0.0255545 0.0916841
0.0353018 0.0769138
0.0533977 0.0885345
0.0405319 0.0971822
0.0632859 0.0687743
0.0889093 0.0727133
0.0615733 0.0700719
0.1019667 0.0504778
0.1130077 0.0048540
0.0752593 -0.0647198
0.0000000 0.0000000
0.0000000 0.0000000
-0.0177417 -0.0037412
-0.0107845 -0.0034782
-0.0144055 -0.0104526
-0.0150582 -0.0155827
-0.0091273 -0.0134563
-0.0146347 -0.0213689
-0.0132629 -0.0263012
-0.0077375 -0.0220983
-0.0127945 -0.0310954
-0.0110737 -0.0356603
-0.0058126 -0.0294209
-0.0098276 -0.0390343
-0.0079822 -0.0428270
-0.0033917 -0.0350057
-0.0066041 -0.0448308
-0.0042409 -0.0474675
-0.0009598 -0.0386286
-0.0027941 -0.0478420
-0.0004924 -0.0494442
0.0017140 -0.0398278
0.0015230 -0.0478973
0.0035865 -0.0482109
0.0044747 -0.0385608
0.0055693 -0.0451566
0.0077182 -0.0439443
0.0068786 -0.0349687
0.0094579 -0.0393586
0.0112257 -0.0370026
0.0089739 -0.0289578
0.0130952 -0.0309073
0.0142453 -0.0273542
0.0107332 -0.0209386
0.0159008 -0.0204845
0.0167542 -0.0157113
0.0118351 -0.0114577
0.0177771 -0.0082657
0.0181624 -0.0028454
0.0122459 -0.0007573
0.0189729 0.0049284
0.0186263 0.0108939
0.0122487 0.0104837
0.0191207 0.0182301
0.0184815 0.0246121
0.0116273 0.0216500
0.0182171 0.0313390
0.0174352 0.0375898
0.0105399 0.0324569
0.0169718 0.0435460
0.0158346 0.0496184
0.0094447 0.0424887
0.0151948 0.0544174
0.0143156 0.0602922
0.0083336 0.0515652
0.0133142 0.0640214
0.0130737 0.0696045
0.0076823 0.0599440
0.0122551 0.0723925
0.0128425 0.0781152
0.0081642 0.0681325
0.0124545 0.0800040
0.0150396 0.0868154
0.0107839 0.0777345
0.0150805 0.0875685
0.0228767 0.0990475
0.0187986 0.0947671
0.0231658 0.0940123
0.0519073 0.1247203
0.0370149 0.1315521
0.0505505 0.0905319
0.1527437 0.1738829
0.0288078 0.1318515
0.1156829 0.0435694
0.4414475 0.2231470
-0.1085307 -0.2341915
0.0000000 0.0000000
0.0000000 0.0000000
-0.0046211 -0.0035305
0.0000000 0.0000000
-0.0042486 -0.0098120
-0.0039530 -0.0165722
0.0000000 0.0000000
-0.0038762 -0.0214555
-0.0034663 -0.0279133
0.0000000 0.0000000
-0.0033766 -0.0319938
-0.0027989 -0.0376195
0.0000000 0.0000000
-0.0027151 -0.0406000
-0.0020764 -0.0451956
0.0000000 0.0000000
-0.0017478 -0.0467629
-0.0010991 -0.0500214
0.0000000 0.0000000
-0.0007703 -0.0501985
-0.0000318 -0.0518653
0.0000000 0.0000000
0.0002730 -0.0505459
0.0009574 -0.0505799
0.0000000 0.0000000
0.0014447 -0.0476890
0.0020259 -0.0460029
0.0000000 0.0000000
0.0024883 -0.0418473
0.0030168 -0.0384540
0.0000000 0.0000000
0.0033745 -0.0331748
0.0037691 -0.0283321
0.0000000 0.0000000
0.0041886 -0.0221369
0.0043813 -0.0160128
0.0000000 0.0000000
0.0047563 -0.0093803
0.0048143 -0.0022625
0.0000000 0.0000000
0.0049867 0.0045226
0.0049162 0.0121854
0.0000000 0.0000000
0.0050641 0.0188681
0.0048018 0.0267694
0.0000000 0.0000000
0.0048960 0.0329427
0.0045711 0.0407863
0.0000000 0.0000000
0.0044279 0.0463338
0.0041112 0.0537936
0.0000000 0.0000000
0.0039296 0.0586927
0.0035967 0.0656431
0.0000000 0.0000000
0.0033962 0.0698826
0.0032918 0.0764620
0.0000000 0.0000000
0.0029269 0.0804091
0.0031753 0.0868314
0.0000000 0.0000000
0.0029473 0.0913552
0.0030558 0.0973910
0.0000000 0.0000000
0.0030448 0.1053234
-0.0003637 0.1092794
0.0000000 0.0000000
-0.0055472 0.1233435
-0.0005493 0.1532057
0.0000000 0.0000000
-0.0692104 0.1072349
0.2172222 0.4663273
0.0000000 0.0000000
-0.2383766 -0.0957238
1.3452718 1.3506223
0.0000000 0.0000000
0.0000000 0.0000000
-11.31884
-10.80363
-11.17553
-12.16486
-13.96974
-17.00726
-21.99302
-30.23175
-44.10227
-67.56702
-108.4483
-176.6493
-251.3695
-166.8593
-211.4244
-116.417
-83.98154
-59.56892
-43.77057
-33.96497
-27.5324
-23.11676
-20.06576
-18.04749
-16.88526
-16.48992
-10.55146
-10.54628
-10.94027
-11.89491
-13.62593
-16.52536
-21.30041
-29.30721
-43.28628
-67.84817
-109.9523
-203.6077
-156.5625
-186.0732
-240.3587
-121.7789
-83.59331
-59.48217
-43.25647
-33.33279
-26.99401
-22.7117
-19.76759
-17.8208
-16.70444
-16.36983
-9.774005
-9.805147
-10.17021
-10.99041
-12.46437
-14.95319
-19.15898
-26.60519
-41.12762
-71.50089
-126.7193
-183.7417
-132.6912
-193.7733
-245.9748
-167.6883
-86.42874
-55.19303
-40.12777
-30.96084
-25.1532
-21.27488
-18.62921
-16.88413
-15.88253
-15.59158
-8.699641
-8.710698
-8.974517
-9.573318
-10.65119
-12.46794
-15.55076
-21.21057
-33.25006
-69.35163
-166.2383
-231.3148
-137.3681
-103.3997
-274.8193
-199.1087
-97.49611
-51.76227
-35.23681
-26.97594
-22.10396
-18.91928
-16.75663
-15.32614
-14.49935
-14.24789
-7.335557
-7.317911
-7.441282
-7.760377
-8.354954
-9.360896
-11.01906
-13.78167
-17.88681
-24.05803
-119.7833
-156.2013
-94.18306
-89.85333
-178.8331
-145.9654
-66.91218
-38.11171
-26.94265
-21.34893
-18.04829
-15.84105
-14.30441
-13.26498
-12.64956
-12.44671
-5.752684
-5.700858
-5.671617
-5.693782
-5.786269
-5.969667
-6.23296
-6.865262
-10.36205
-9.15794
-16.46997
-17.94493
-5.783293
-19.37801
-45.76001
-39.94809
-26.13195
-19.92751
-16.95025
-14.92426
-13.45606
-12.34004
-11.48404
-10.85955
-10.46402
-10.31903
-4.045191
-3.956293
-3.784884
-3.534289
-3.184089
-2.688605
-1.951284
-0.500866
1.064027
3.929237
7.636662
14.31353
50.30358
51.51948
33.75366
10.29404
-1.908472
-6.100119
-8.006122
-8.739733
-8.881174
-8.755954
-8.528825
-8.293577
-8.108091
-8.017367
-2.322642
-2.203448
-1.920986
-1.462617
-0.788212
0.1819588
1.566251
3.678084
6.752577
9.956583
16.04205
23.71006
39.15778
42.41581
35.26469
21.01926
9.787549
2.765257
-1.242999
-3.518762
-4.750109
-5.372549
-5.651128
-5.74207
-5.737021
-5.691859
-0.6855212
-0.5486825
-0.1893473
0.4048984
1.271924
2.483148
4.140169
6.379487
9.417867
13.23421
18.63293
24.49555
30.99785
32.75365
28.85874
21.33822
13.52691
7.447455
3.232683
0.4537466
-1.313809
-2.391692
-3.016192
-3.346541
-3.479708
-3.470312
0.7985751
0.945317
1.346554
2.009726
2.959394
4.240738
5.917174
8.060906
10.76064
14.02024
17.91173
21.82168
25.1169
25.98375
23.70743
19.28972
14.17074
9.572204
5.933895
3.250256
1.361294
0.08762052
-0.727435
-1.207032
-1.433019
-1.449522
2.093523
2.245646
2.660611
3.339396
4.292263
5.538624
7.104997
9.017274
11.29592
13.88632
16.63732
19.14278
20.94595
21.32536
19.92103
17.14712
13.73553
10.37726
7.461849
5.123383
3.345385
2.056965
1.174776
0.6227545
0.3440356
0.3089971
3.191882
3.346385
3.754499
4.411615
5.315387
6.466347
7.863715
9.500081
11.34915
13.32404
15.2638
16.9034
17.96099
18.10349
17.16625
15.334
12.99385
10.5465
8.277986
6.336192
4.767837
3.565849
2.699134
2.130731
1.828946
1.778835
4.1081
4.262042
4.648267
5.258874
6.08229
7.106386
8.314193
9.678359
11.15058
12.64272
14.0251
15.12666
15.77701
15.80789
15.14392
13.87905
12.22621
10.42494
8.672631
7.0958
5.75983
4.688969
3.884037
3.334892
3.029504
2.965014
4.87035
5.019373
5.372569
5.920131
6.645914
7.530365
8.548808
9.665694
10.82768
11.95869
12.96063
13.72172
14.13691
14.11667
13.62579
12.71856
11.51804
10.17207
8.814928
7.546219
6.430239
5.502595
4.780911
4.271379
3.974941
3.896853
5.51258
5.650168
5.961237
6.43557
7.055424
7.799013
8.638907
9.539432
10.45115
11.31219
12.05006
12.58925
12.863
12.82095
12.44692
11.77501
10.88084
9.858745
8.80111
7.784067
6.863116
6.075404
5.444863
4.986007
4.70746
4.618763
6.067075
6.185428
6.446801
6.842293
7.354762
7.962991
8.640639
9.354743
10.06393
10.71899
11.26662
11.65426
11.83796
11.78757
11.49576
10.9854
10.30543
9.518733
8.689998
7.876822
7.124781
6.467652
5.929624
5.527823
5.274414
5.180429
6.558504
6.650815
6.857803
7.172648
7.581018
8.063731
8.597364
9.153121
9.697048
10.19121
10.59591
10.87404
10.99554
10.94156
10.70874
10.3132
9.787991
9.176609
8.52549
7.878001
7.270678
6.732191
6.284095
5.942774
5.720818
5.628534
7.001375
7.064425
7.216692
7.453639
7.764558
8.133944
8.541784
8.964158
9.373307
9.739821
10.03414
10.22945
10.30491
10.24816
10.05789
9.745831
9.335218
8.856857
8.344754
7.831723
7.34662
6.912952
6.549019
6.268911
6.083548
6.000857
7.400872
7.436055
7.538398
7.705107
7.928987
8.198599
8.498218
8.808453
9.107376
9.371835
9.57951
9.710709
9.750616
9.690974
9.531475
9.280872
8.956022
8.57935
8.175989
7.771063
7.387311
7.043852
6.755864
6.534796
6.388828
6.322901
7.755909
7.768211
7.829683
7.938092
8.089038
8.274544
8.483185
8.700149
8.908515
9.090545
9.229129
9.309618
9.32119
9.258164
9.120739
8.915586
8.655141
8.356151
8.037574
7.71873
7.417684
7.149938
6.927802
6.760188
6.65254
6.607217
8.063085
8.058926
8.090204
8.154504
8.248955
8.368157
8.503972
8.645795
8.781049
8.896557
8.979547
9.019099
9.007299
8.940113
8.817986
8.646089
8.433854
8.193914
7.940841
7.689664
7.454612
7.24812
7.079921
6.956686
6.881844
6.856149
8.319333
8.304758
8.315709
8.349476
8.403796
8.474787
8.556569
8.641529
8.720723
8.784583
8.823916
8.830819
8.799661
8.727709
8.615555
8.467331
8.29034
8.09432
7.890481
7.690561
7.50573
7.345771
7.218279
7.128136
7.077784
7.067987
8.52322
8.502763
8.501038
8.51529
8.543502
8.582431
8.627587
8.673234
8.712862
8.739648
8.747045
8.729553
8.68333
8.606738
8.500607
8.368374
8.215838
8.050648
7.881565
7.717754
7.568034
7.440182
7.340317
7.272147
7.237432
7.242341
8.675082
8.651405
8.642049
8.644692
8.657356
8.67704
8.699835
8.721132
8.73582
8.738794
8.72531
8.691502
8.634847
8.554522
8.451625
8.329221
8.192102
8.046473
7.899397
7.75824
7.630195
7.521745
7.438236
7.38389
7.359001
7.336282
8.77784
8.750116
8.736194
8.732551
8.737131
8.746884
8.758073
8.766505
8.76782
8.757801
8.732682
8.689559
8.626705
8.543834
8.442204
8.324714
8.195635
8.06028
7.924725
7.795289
7.678291
7.579736
7.504205
7.456902
7.450209
6.690682
8.841622
8.800427
8.782328
8.776625
8.778784
8.785395
8.792754
8.796815
8.793414
8.77862
8.749031
8.702054
8.636287
8.551702
8.449704
8.33314
8.206105
8.073608
7.941307
7.815127
7.701063
7.606084
7.538345
7.460208
6.703033
0
