0.0000000 0.0000000
0.0000000 0.0000000
0.0000000 0.0000000
0.0000000 0.0000000
0.0000000 0.0000000
0.0000000 0.0000000
0.0000000 0.0000000
0.0000000 0.0000000
0.0000000 0.0000000
0.0000000 0.0000000
0.0000000 0.0000000
0.0000000 0.0000000
0.0000000 0.0000000
0.0000000 0.0000000
0.0000000 0.0000000
0.0000000 0.0000000
0.0000000 0.0000000
0.0000000 0.0000000
0.0000000 0.0000000
0.0000000 0.0000000
0.0000000 0.0000000
0.0000000 0.0000000
0.0000000 0.0000000
0.0000000 0.0000000
0.0000000 0.0000000
0.0000000 0.0000000
0.0000000 0.0000000
-0.8608009 0.5407115
-0.7125607 1.3059344
-0.8086097 2.0897417
-0.9189391 2.9547369
-1.0661136 3.9399531
-1.2381113 5.0577259
-1.4334188 6.3214474
-1.6937938 7.7395029
-2.1821113 9.3284702
-3.1885746 11.2744970
-6.5358915 13.4957399
9.9302406 13.1503429
13.9484816 -10.6525631
-4.6998696 -8.9147940
-1.9650226 -7.6962619
-0.9662397 -6.1958637
-0.7478269 -5.3701735
-0.7463464 -4.5480437
-0.7410814 -3.7468586
-0.6973889 -2.9832590
-0.6437289 -2.2837663
-0.5918336 -1.6472404
-0.5454081 -1.0692240
-0.6111887 -0.4705833
0.0000000 0.0000000
0.0000000 0.0000000
-1.6932799 0.5933892
-1.4831568 1.2975866
-1.6399733 2.0580006
-1.8453742 2.8914788
-2.0975707 3.8492537
-2.3843374 4.9508858
-2.7074597 6.2027144
-3.1095867 7.6029644
-3.7094691 8.9936390
-5.2102194 9.8616819
3.0636423 8.7889032
17.6571980 8.8552847
28.0852604 -5.6244054
7.8506961 -6.3671880
-3.0221295 -7.3965764
-1.8539245 -6.2771583
-1.5765841 -5.3346257
-1.5755970 -4.5312104
-1.5616448 -3.6790223
-1.4547993 -2.9082189
-1.3233130 -2.2155969
-1.2087878 -1.5888830
-1.1169136 -1.0316695
-1.2290308 -0.4460774
0.0000000 0.0000000
0.0000000 0.0000000
-2.3239379 0.5576918
-2.1862535 1.1586310
-2.3871090 1.8425200
-2.6954153 2.6061203
-3.0811012 3.5162740
-3.5213630 4.6292562
-3.9462495 5.9746099
-4.3709745 7.4127460
-5.1705918 8.9691095
-5.5809336 9.4563704
-3.4863822 4.5032310
24.5163937 5.4117904
32.9619675 -6.4318576
1.7896451 -4.1573195
-2.1035860 -7.2608914
-2.9504592 -7.2513895
-2.4938195 -5.8607316
-2.6524286 -4.5444484
-2.4410570 -3.5807223
-2.2004282 -2.7694998
-1.9718373 -2.0717680
-1.7861894 -1.4652252
-1.6547066 -0.9336745
-1.7165982 -0.4090236
0.0000000 0.0000000
0.0000000 0.0000000
-2.7670398 0.4960748
-2.7864866 0.9827802
-3.0445385 1.5580527
-3.4659359 2.2086689
-4.0318909 2.9904122
-4.7289839 3.9908507
-5.4189215 5.3980932
-5.8489313 7.5539122
-7.5491629 9.0727081
-1.6401452 6.5378561
7.7875118 -3.8579469
21.9936752 3.0754268
30.2123928 -5.5216317
6.4269667 -3.4632275
-0.3682774 -6.9037528
-3.9432201 -7.5595279
-4.4750924 -6.2352090
-3.9425585 -4.4964590
-3.4179945 -3.3883836
-2.9511397 -2.5224702
-2.5846171 -1.8360149
-2.3122580 -1.2741942
-2.1374757 -0.7930347
-2.0687103 -0.3519207
0.0000000 0.0000000
0.0000000 0.0000000
-3.0293927 0.4103359
-3.2448637 0.7793531
-3.5692127 1.2228053
-4.0820627 1.7388486
-4.8196630 2.3726332
-5.8473754 3.1852701
-7.2741370 4.2524948
-8.9335070 5.6259727
-4.7280884 6.1730332
2.1386034 3.0044751
13.7642879 -5.1838655
24.4238758 1.7518123
26.9956284 -3.8987021
9.5288143 -3.8413379
2.0772145 -5.3122282
-3.9259176 -6.4066267
-6.7329116 -4.5008206
-5.3990898 -3.9421451
-4.3694596 -2.9036546
-3.6404707 -2.0748153
-3.1195562 -1.4685837
-2.7568429 -1.0013827
-2.5256505 -0.6118251
-2.3052776 -0.2736595
0.0000000 0.0000000
0.0000000 0.0000000
-3.1456220 0.2985417
-3.5407240 0.5414771
-3.9276702 0.8343807
-4.5105176 1.1836301
-5.3656011 1.6436750
-6.6304564 2.3178661
-8.7702990 3.0079684
-9.9242134 2.1260705
-1.9932472 3.0268700
3.9981177 2.2309401
17.7607327 -5.3327165
25.3840446 -0.2230258
25.5172215 -3.3003433
10.6852217 -2.4554758
3.9756408 -3.1403759
-2.7014041 -3.7683556
-7.7320266 -2.0668051
-6.7387576 -2.4703867
-5.1096816 -1.9426115
-4.1639824 -1.3703179
-3.5196893 -0.9615642
-3.0829372 -0.6541485
-2.7944298 -0.3983559
-2.4545166 -0.1771245
0.0000000 0.0000000
0.0000000 0.0000000
-3.1617548 0.1668237
-3.6745045 0.2626354
-4.0877080 0.3670526
-4.6920667 0.4771139
-5.5935607 0.5704807
-6.9408956 0.7917243
-9.6948681 0.7846211
-9.1668549 -1.4497968
-1.8111570 0.6328979
4.1752281 0.0961454
20.7239304 -6.5478172
25.3037224 -1.0214415
24.6802940 -2.7282062
9.8581562 -1.7334298
4.3695669 -0.6496990
-3.1644247 -0.7386709
-8.2117672 0.0408331
-7.4167447 -0.5034453
-5.5024033 -0.6216790
-4.4286399 -0.5014617
-3.7290499 -0.3807842
-3.2598839 -0.2745152
-2.9412456 -0.1719684
-2.5430374 -0.0713035
0.0000000 0.0000000
0.0000000 0.0000000
-3.1397219 0.0304232
-3.6645994 -0.0384779
-4.0461435 -0.1355870
-4.5941491 -0.2812636
-5.4148016 -0.5714505
-6.6144209 -1.0249957
-9.0423260 -2.1226285
-8.4627848 -3.8884318
-0.3419164 -4.6004601
9.7124100 -5.3165355
19.7527313 -6.5496325
25.2860413 -1.7175335
22.1902981 -1.9769586
8.6429510 -0.8963339
3.1996217 1.7523569
-3.6012831 2.2169774
-8.0370712 2.8823798
-6.9551907 1.3614587
-5.3817596 0.6717623
-4.3774009 0.3456819
-3.7212603 0.1772303
-3.2802808 0.0886256
-2.9759943 0.0457555
-2.5861528 0.0284169
0.0000000 0.0000000
0.0000000 0.0000000
-3.0550489 -0.0987696
-3.5076027 -0.3019694
-3.8157046 -0.5603193
-4.2421608 -0.9067317
-4.8532209 -1.4566566
-5.6744905 -2.2373555
-7.2116327 -3.9973459
-6.4432898 -6.8952270
0.8588093 -8.6581364
10.1266975 -8.9704695
16.4377785 -7.9543414
25.2395725 -1.3817002
22.5584679 -2.6360953
10.3487711 3.0575995
2.0199020 4.2146173
-3.2154908 5.0226169
-7.4781995 4.4669456
-5.9275250 2.5238314
-4.8301473 1.5839188
-4.0484838 1.0165517
-3.5146229 0.6471236
-3.1500912 0.4037184
-2.8909461 0.2377222
-2.5286219 0.1149203
0.0000000 0.0000000
0.0000000 0.0000000
-2.8578348 -0.2023016
-3.2306468 -0.5034959
-3.4459596 -0.8726320
-3.7205803 -1.3544346
-4.0760775 -2.0780528
-4.5052910 -3.0720434
-5.0430479 -4.9512868
-4.8198919 -7.4745364
-0.5174059 -9.1173983
7.6873136 -7.0701656
13.6257687 -5.9132400
21.2283554 -2.0701764
15.5097532 3.0251870
8.6383085 4.3620772
-1.4671439 7.4207239
-3.0354156 7.0901198
-4.8720212 5.0802693
-4.5099483 3.2017875
-3.9846261 2.1442981
-3.5220084 1.4561725
-3.1631944 0.9830550
-2.9026740 0.6421690
-2.7061989 0.3873775
-2.3823137 0.1817728
0.0000000 0.0000000
0.0000000 0.0000000
-2.5811377 -0.2739056
-2.8762782 -0.6339707
-2.9972575 -1.0605822
-3.1235528 -1.5960859
-3.2493336 -2.3387556
-3.3370113 -3.2894952
-3.3199315 -4.7868552
-3.0124962 -6.1626296
0.4311318 -8.6606216
4.7148838 -7.3484726
10.9588585 -7.5417714
16.2581177 -3.3065464
11.4097023 3.4771872
7.1360621 6.5732565
0.1402283 8.8837585
-2.1312556 6.9837499
-2.7455175 4.9067078
-3.0341778 3.4424407
-3.0311773 2.4051015
-2.8915536 1.6929913
-2.7256017 1.1809860
-2.5800812 0.7936133
-2.4515824 0.4865856
-2.1710827 0.2259027
0.0000000 0.0000000
0.0000000 0.0000000
-2.2600424 -0.3127947
-2.4852734 -0.6942713
-2.5245836 -1.1304318
-2.5266092 -1.6517292
-2.4713125 -2.3080163
-2.3079882 -3.0833514
-1.9153848 -4.0418839
-1.0964020 -5.1268253
0.8315183 -6.0172048
3.7554214 -6.2225037
7.1966791 -3.0984924
9.2275391 0.4199712
7.7352118 5.2214360
3.9237447 7.8369870
1.2576041 6.7280364
-0.4941044 5.4286604
-1.4666729 4.2416792
-1.9652343 3.2284739
-2.1871724 2.4040010
-2.2689881 1.7546473
-2.2625411 1.2586139
-2.2220790 0.8645927
-2.1578712 0.5372123
-1.9206159 0.2481340
0.0000000 0.0000000
0.0000000 0.0000000
-1.9255832 -0.3226662
-2.0927963 -0.6949665
-2.0695994 -1.1042554
-1.9832383 -1.5666205
-1.8089899 -2.0975587
-1.4958775 -2.6784024
-0.9446331 -3.2930171
0.0022045 -3.8594112
1.3813354 -4.1039081
2.8052382 -3.9658170
4.6615653 -2.7593787
5.6644640 0.0229505
5.2234449 2.0261295
3.5321727 3.7168670
1.6617467 4.3066177
0.2517647 4.0300841
-0.6763442 3.4446168
-1.2341058 2.8035460
-1.5465921 2.2061226
-1.7327532 1.6821886
-1.8268287 1.2408381
-1.8638337 0.8694130
-1.8516296 0.5467050
-1.6547606 0.2521197
0.0000000 0.0000000
0.0000000 0.0000000
-1.6018310 -0.3098914
-1.7240579 -0.6526552
-1.6604780 -1.0148950
-1.5223284 -1.4021119
-1.2921276 -1.8131311
-0.9273588 -2.2260463
-0.3645217 -2.6087062
0.4152277 -2.8689218
1.3939899 -2.8873324
2.3601742 -2.4616392
3.2865255 -1.5018979
3.8102770 0.1312057
3.5488660 1.3803899
2.6531186 2.3375254
1.5652754 2.8700900
0.5587146 2.9303226
-0.2212535 2.6939590
-0.7491894 2.3245890
-1.0824060 1.9193944
-1.3054204 1.5224791
-1.4481479 1.1563925
-1.5311117 0.8262392
-1.5542617 0.5254561
-1.3925811 0.2426102
0.0000000 0.0000000
0.0000000 0.0000000
-1.3056866 -0.2825273
-1.3938682 -0.5849423
-1.3103353 -0.8934319
-1.1515119 -1.2066429
-0.9091070 -1.5165304
-0.5554143 -1.8014313
-0.0622864 -2.0218399
0.5334428 -2.1223226
1.2033021 -2.0254095
1.8353915 -1.6374325
2.3792934 -0.9324826
2.6550920 0.0706368
2.5144055 0.9137868
1.9979907 1.5686101
1.3156668 1.9947133
0.6230454 2.1467934
0.0225515 2.0807912
-0.4347811 1.8807547
-0.7512692 1.6163311
-0.9761204 1.3261198
-1.1340290 1.0347159
-1.2373251 0.7535807
-1.2799348 0.4843247
-1.1477336 0.2242367
0.0000000 0.0000000
0.0000000 0.0000000
-1.0457675 -0.2478363
-1.1098543 -0.5065764
-1.0200384 -0.7627191
-0.8626116 -1.0110073
-0.6345120 -1.2405857
-0.3218584 -1.4320143
0.0747084 -1.5544115
0.5196684 -1.5712057
0.9858037 -1.4382079
1.4069158 -1.1179312
1.7429683 -0.6075627
1.9028096 0.0466431
1.8169059 0.6308106
1.5032715 1.1015685
1.0611762 1.4329017
0.5822659 1.5955772
0.1345431 1.6064963
-0.2390790 1.5053960
-0.5174709 1.3357137
-0.7257240 1.1270670
-0.8795360 0.8999283
-0.9860803 0.6668152
-1.0361075 0.4330211
-0.9279666 0.2012792
0.0000000 0.0000000
0.0000000 0.0000000
-0.8247436 -0.2112810
-0.8717092 -0.4281011
-0.7855716 -0.6369957
-0.6411986 -0.8312719
-0.4415691 -1.0001595
-0.1806370 -1.1268450
0.1272244 -1.1906714
0.4567416 -1.1680741
0.7846116 -1.0363353
1.0719461 -0.7808378
1.2887462 -0.4101067
1.3868692 0.0379590
1.3327942 0.4528915
1.1328782 0.7999434
0.8388771 1.0577909
0.5039317 1.2057716
0.1739880 1.2475872
-0.1198757 1.2020341
-0.3541566 1.0941517
-0.5364357 0.9443090
-0.6757412 0.7687473
-0.7749803 0.5781776
-0.8248205 0.3790337
-0.7361776 0.1769997
0.0000000 0.0000000
0.0000000 0.0000000
-0.6412417 -0.1765756
-0.6754892 -0.3555531
-0.5990137 -0.5242284
-0.4738252 -0.6752824
-0.3065675 -0.7993202
-0.0980008 -0.8829476
0.1373121 -0.9126346
0.3808687 -0.8743898
0.6140465 -0.7571427
0.8143400 -0.5565273
0.9594074 -0.2829844
1.0221990 0.0352581
0.9863262 0.3378840
0.8549356 0.5982968
0.6544809 0.7997518
0.4182845 0.9271898
0.1755279 0.9788195
-0.0504103 0.9631746
-0.2403393 0.8947201
-0.3934107 0.7867009
-0.5134332 0.6507592
-0.5997353 0.4959389
-0.6440770 0.3279329
-0.5717880 0.1539804
0.0000000 0.0000000
0.0000000 0.0000000
-0.4910141 -0.1458228
-0.5159047 -0.2924534
-0.4509310 -0.4280092
-0.3478305 -0.5455065
-0.2127069 -0.6368483
-0.0500325 -0.6924502
0.1267146 -0.7030639
0.3063776 -0.6607776
0.4739000 -0.5607883
0.6143870 -0.4034402
0.7142810 -0.1978697
0.7565212 0.0353765
0.7311839 0.2611668
0.6426194 0.4603552
0.5041584 0.6191030
0.3360170 0.7262702
0.1587633 0.7784460
-0.0121820 0.7789041
-0.1618645 0.7353761
-0.2853064 0.6567586
-0.3836209 0.5509826
-0.4549880 0.4249738
-0.4904130 0.2836339
-0.4314585 0.1341133
0.0000000 0.0000000
0.0000000 0.0000000
-0.3686697 -0.1199863
-0.3866143 -0.2400941
-0.3338467 -0.3493113
-0.2516974 -0.4413626
-0.1469872 -0.5094761
-0.0232576 -0.5465748
0.1078887 -0.5470661
0.2382664 -0.5059990
0.3588853 -0.4221404
0.4577798 -0.2973754
0.5263704 -0.1395484
0.5554153 0.0367843
0.5382207 0.2092870
0.4765995 0.3646010
0.3807448 0.4915800
0.2615365 0.5814001
0.1327067 0.6303673
0.0065552 0.6391982
-0.1075661 0.6120292
-0.2034996 0.5542184
-0.2796332 0.4713147
-0.3343790 0.3681523
-0.3594437 0.2486785
-0.3108335 0.1188097
0.0000000 0.0000000
0.0000000 0.0000000
-0.2690510 -0.0992713
-0.2809928 -0.1985397
-0.2403242 -0.2876106
-0.1776480 -0.3608167
-0.0992268 -0.4127558
-0.0089967 -0.4379797
0.0859972 -0.4330545
0.1790696 -0.3952541
0.2633138 -0.3245543
0.3325315 -0.2240378
0.3793956 -0.0994767
0.3981430 0.0381915
0.3867642 0.1741100
0.3446526 0.2981442
0.2778513 0.4018232
0.1950598 0.4779063
0.1037808 0.5228489
0.0128528 0.5360764
-0.0700390 0.5197440
-0.1404690 0.4771987
-0.1959780 0.4120045
-0.2334247 0.3273342
-0.2460799 0.2254808
-0.2041946 0.1098882
0.0000000 0.0000000
0.0000000 0.0000000
-0.1868092 -0.0834697
-0.1937766 -0.1671785
-0.1638810 -0.2414170
-0.1192008 -0.3011702
-0.0636114 -0.3419606
-0.0007788 -0.3597277
0.0637833 -0.3520182
0.1274169 -0.3176185
0.1841230 -0.2571336
0.2295277 -0.1736734
0.2606770 -0.0721860
0.2726175 0.0392344
0.2639003 0.1502208
0.2363641 0.2526293
0.1917460 0.3395673
0.1357051 0.4053538
0.0743901 0.4465591
0.0125067 0.4621964
-0.0444169 0.4532565
-0.0920012 0.4221392
-0.1281401 0.3714337
-0.1488691 0.3033086
-0.1457357 0.2185417
-0.0985750 0.1173478
0.0000000 0.0000000
0.0000000 0.0000000
-0.1172470 -0.0722512
-0.1198040 -0.1442796
-0.0996322 -0.2073484
-0.0708449 -0.2571905
-0.0360454 -0.2898619
0.0032892 -0.3023187
0.0432812 -0.2934127
0.0816493 -0.2620333
0.1163178 -0.2093871
0.1432993 -0.1382451
0.1608636 -0.0529955
0.1679172 0.0400845
0.1620740 0.1332508
0.1444329 0.2200835
0.1174821 0.2946776
0.0831717 0.3522831
0.0454846 0.3898143
0.0079371 0.4062062
-0.0265534 0.4021232
-0.0549246 0.3797704
-0.0742787 0.3418902
-0.0786955 0.2929487
-0.0460725 0.2433959
0.0701516 0.2067416
0.0000000 0.0000000
0.0000000 0.0000000
-0.0566382 -0.0617533
-0.0542904 -0.1176541
-0.0439557 -0.1665059
-0.0299559 -0.2039897
-0.0134979 -0.2270433
0.0044307 -0.2337829
0.0229469 -0.2249566
0.0403496 -0.1988050
0.0554532 -0.1562946
0.0674842 -0.1000174
0.0746651 -0.0336533
0.0766958 0.0380499
0.0735774 0.1099232
0.0648196 0.1773351
0.0517631 0.2355842
0.0359345 0.2808457
0.0185652 0.3107689
0.0014452 0.3243674
-0.0138227 0.3227547
-0.0259595 0.3081802
-0.0327525 0.2832142
-0.0233830 0.2613508
0.0682728 0.3142139
0.3138218 0.4391637
0.0000000 0.0000000
0.0000000 0.0000000
0.0000000 0.0000000
0.0000000 0.0000000
0.0000000 0.0000000
0.0000000 0.0000000
0.0000000 0.0000000
0.0000000 0.0000000
0.0000000 0.0000000
0.0000000 0.0000000
0.0000000 0.0000000
0.0000000 0.0000000
0.0000000 0.0000000
0.0000000 0.0000000
0.0000000 0.0000000
0.0000000 0.0000000
0.0000000 0.0000000
0.0000000 0.0000000
0.0000000 0.0000000
0.0000000 0.0000000
0.0000000 0.0000000
0.0000000 0.0000000
0.0000000 0.0000000
0.0000000 0.0000000
0.0000000 0.0000000
0.0000000 0.0000000
0.0000000 0.0000000
0.0000000 0.0000000
-0.1976536 0.2117945
0.0000000 0.0000000
-0.7046505 0.1670983
-0.3239670 0.7715804
-0.2752357 1.2807055
0.0000000 0.0000000
-0.7450625 0.9808590
-0.2721161 1.7369418
-0.2917494 2.1844618
0.0000000 0.0000000
-0.7596264 1.7197952
-0.2998983 2.6932938
-0.3145627 3.2019508
0.0000000 0.0000000
-0.8646260 2.5295060
-0.3338053 3.7580709
-0.3523566 4.3394094
0.0000000 0.0000000
-0.9966726 3.4484851
-0.3790556 4.9726315
-0.4018789 5.6355019
0.0000000 0.0000000
-1.1573559 4.4915438
-0.4289213 6.3678041
-0.4596314 7.1241059
0.0000000 0.0000000
-1.3384731 5.6725893
-0.4882192 7.9830594
-0.5405524 8.8393030
0.0000000 0.0000000
-1.5427601 6.9949436
-0.5739979 9.8923149
-0.6881698 10.8651123
0.0000000 0.0000000
-1.8262391 8.4875908
-0.7792085 12.3026419
-1.0177947 13.5521450
0.0000000 0.0000000
-2.3791099 10.3935375
-1.3917497 15.6174183
-1.5649515 17.9846478
0.0000000 0.0000000
-3.8166945 14.1914501
-1.2046081 20.4724483
-2.2052820 23.1310158
0.0000000 0.0000000
2.7147653 13.6103354
4.8454614 15.5407019
7.2628689 10.6100225
0.0000000 0.0000000
12.1359835 9.2005062
12.3113260 -7.6923890
-2.0618725 -8.1032028
0.0000000 0.0000000
13.6168299 -1.5555208
-1.2407039 -12.3402586
-0.6146806 -11.9073381
0.0000000 0.0000000
-5.5666804 -9.1217833
-0.0741559 -9.1476097
-0.3739766 -8.4032259
0.0000000 0.0000000
-1.3250221 -7.1330576
-0.3519629 -7.7009368
-0.3667791 -7.1034532
0.0000000 0.0000000
-0.8338702 -5.9006090
-0.3554538 -6.5361066
-0.3579030 -6.0310044
0.0000000 0.0000000
-0.7333114 -5.0083065
-0.3438682 -5.4906144
-0.3253808 -4.9972224
0.0000000 0.0000000
-0.7516357 -4.1521010
-0.3075452 -4.4929242
-0.2960373 -4.0191789
0.0000000 0.0000000
-0.7191135 -3.3535764
-0.2841170 -3.5617731
-0.2648048 -3.1096978
0.0000000 0.0000000
-0.6680971 -2.6067486
-0.2559587 -2.7105546
-0.2353093 -2.2902350
0.0000000 0.0000000
-0.6130967 -1.9334332
-0.2297384 -1.9395370
-0.2122585 -1.5523039
0.0000000 0.0000000
-0.5636813 -1.3275806
-0.2086781 -1.2322537
-0.1986440 -0.8778480
0.0000000 0.0000000
-0.5494317 -0.7696229
-0.2191399 -0.5334775
-0.2198473 -0.1785123
0.0000000 0.0000000
-0.4990698 -0.1729298
0.0000000 0.0000000
0.0000000 0.0000000
-1.0511980 0.2553983
-1.4699546 0.2033030
-1.2811445 0.6579673
-1.1197363 1.0733800
-1.4981734 0.9514146
-1.0995237 1.4422439
-1.1603856 1.8460119
-1.5572009 1.6788920
-1.2187594 2.2536376
-1.2864244 2.6850832
-1.7348640 2.4603040
-1.3643538 3.1335728
-1.4501306 3.6216013
-1.9761012 3.3426845
-1.5501775 4.1256595
-1.6423641 4.6772456
-2.2680390 4.3498487
-1.7647219 5.2468457
-1.8628129 5.8650117
-2.5897563 5.4980965
-2.0074384 6.5172076
-2.1456306 7.1807404
-2.9488208 6.7704077
-2.3234813 7.9626379
-2.6288679 8.6053667
-3.4060471 8.0189915
-2.8815043 9.6268263
-3.8003104 10.0229979
-4.1665754 8.9809828
-4.8517690 11.5330334
-7.6766763 12.6552181
-7.4199190 10.2037401
-0.8382640 10.7583866
6.8321338 11.6101303
12.4926224 10.8145227
10.9908447 8.7983885
17.4950256 4.6750336
21.4024811 3.9093974
23.0088615 -6.6631489
13.3543453 -4.9089799
17.8934898 -5.7019181
4.4121771 -8.5011578
-5.7326665 -7.6348176
-3.5421529 -6.7142925
-2.5365942 -7.0482244
-2.0879624 -6.9598260
-2.4184067 -7.0338354
-1.5103506 -6.1168699
-1.3904052 -5.8498764
-1.6391259 -5.8544974
-1.3011873 -5.3922920
-1.3146152 -5.0838404
-1.5806366 -4.9695888
-1.2938365 -4.6282668
-1.2628275 -4.2145457
-1.5629938 -4.0881472
-1.2288698 -3.7913306
-1.1661505 -3.3873000
-1.5108383 -3.2379014
-1.1177385 -3.0264037
-1.0512155 -2.6300499
-1.3865840 -2.4970477
-1.0064511 -2.3192737
-0.9464891 -1.9517906
-1.2595084 -1.8451771
-0.9118137 -1.6715063
-0.8598214 -1.3327241
-1.1563413 -1.2582406
-0.8327683 -1.0813122
-0.8224449 -0.7599766
-1.1143715 -0.7255443
-0.9052278 -0.4635929
-0.8045537 -0.1678106
-1.0777175 -0.1638622
0.0000000 0.0000000
0.0000000 0.0000000
-1.8088046 0.2169255
-2.1767347 0.2027685
-2.0046911 0.5887231
-1.8220227 0.9121659
-2.1575503 0.8308896
-1.8364524 1.2506573
-1.9121029 1.6125147
-2.2735913 1.4914936
-2.0094712 1.9793025
-2.1178734 2.3689635
-2.5312793 2.2108901
-2.2619162 2.7773707
-2.3926146 3.2362714
-2.8965569 3.0391362
-2.5836146 3.7037675
-2.7181354 4.2477198
-3.3532448 4.0145979
-2.9544454 4.7910566
-3.0848956 5.4333653
-3.8604276 5.1680837
-3.3606856 6.0410099
-3.4603498 6.8133044
-4.3825054 6.5241203
-3.7576387 7.4366317
-3.8061700 8.2204485
-5.0046639 7.9331646
-4.0425706 8.8807592
-4.7627573 9.3864660
-5.2713528 9.6136627
-4.8994913 10.0843239
-6.8846245 8.8573923
-4.1603279 8.4083586
-6.1595254 7.4885030
9.7822742 7.0998359
14.2114248 3.2375817
19.8465977 7.2269812
25.2113228 4.2059836
36.2800140 -2.1869431
31.1285706 -5.0065198
21.8230610 -4.4903355
25.1157303 -2.3428838
-3.4433157 -4.9116454
-2.8558292 -6.1629891
-0.1013864 -5.1563277
-3.2407730 -7.2830968
-3.2939005 -7.3645716
-2.8325157 -7.4271908
-2.7505903 -6.6566510
-2.4430807 -6.2259636
-2.6477566 -6.6723604
-2.2295604 -5.5179067
-2.1850276 -5.0330262
-2.5970855 -5.0983772
-2.2070000 -4.5515270
-2.1363778 -4.0758257
-2.5211222 -3.9659610
-2.0754981 -3.6545570
-1.9493713 -3.1699858
-2.3166296 -3.0422335
-1.8664646 -2.8560908
-1.7447368 -2.4200304
-2.0791996 -2.3043716
-1.6662564 -2.1568019
-1.5668039 -1.7818635
-1.8684511 -1.6884837
-1.5062954 -1.5358441
-1.4307822 -1.2113599
-1.7107065 -1.1423638
-1.3859706 -0.9886093
-1.3567144 -0.6920747
-1.6246228 -0.6521487
-1.4562613 -0.4273782
-1.3536112 -0.1668810
-1.6268119 -0.1627858
0.0000000 0.0000000
0.0000000 0.0000000
-2.4943719 0.1948552
-2.8147769 0.1803373
-2.5503788 0.5305290
-2.4394078 0.7588927
-2.7297015 0.6740304
-2.4922001 1.0766426
-2.5880368 1.3739883
-2.8943040 1.2339953
-2.7245040 1.7095559
-2.8800931 2.0511882
-3.2405310 1.8516387
-3.0908768 2.4174149
-3.2836006 2.8503959
-3.7414427 2.5838809
-3.5709465 3.2576454
-3.7733958 3.8262081
-4.4028516 3.4963315
-4.1448736 4.2967625
-4.3004732 5.0308695
-5.1957412 4.6551814
-4.7866473 5.6022449
-4.8691106 6.4979682
-5.9478483 6.1392531
-5.4399333 7.0429330
-5.1686440 8.7017784
-7.0517244 8.4845705
-5.5722432 9.5235472
-6.1228938 9.4344244
-4.9498806 8.5245533
-3.7457616 8.3239183
-2.1198082 6.8804317
-1.9193649 5.6923823
3.4230995 -2.9229255
10.8460722 1.5335459
12.4167919 -0.1312019
20.6846104 2.6694379
32.3001556 -0.9959231
36.0913620 -6.8637762
34.7367516 -5.1292405
18.0294571 -1.8289537
17.0258389 -1.3746978
4.1247349 -3.3882754
1.5158607 -4.9607887
3.1449182 -4.3197770
-1.3253393 -7.0591331
-2.9474640 -7.5493479
-2.4296091 -7.3359199
-3.6585693 -7.5683260
-3.8941636 -7.2962513
-4.5284233 -7.3125529
-3.7025003 -6.2313175
-3.4952240 -5.3333292
-4.2215843 -5.4487228
-3.3841274 -4.5382767
-3.1302676 -3.9032152
-3.6429513 -3.6809487
-2.9843123 -3.5264099
-2.7596896 -2.9175315
-3.1767955 -2.7246916
-2.6052716 -2.6703649
-2.4188550 -2.1852272
-2.7558873 -2.0263593
-2.2914066 -1.9669883
-2.1478860 -1.5917139
-2.4358151 -1.4676195
-2.0536563 -1.3772882
-1.9552522 -1.0748099
-2.2120621 -0.9879116
-1.8946886 -0.8689849
-1.8455905 -0.6088998
-2.0862126 -0.5590095
-1.8789190 -0.3816763
-1.8846207 -0.1600219
-2.1389737 -0.1508047
0.0000000 0.0000000
0.0000000 0.0000000
-3.0904143 0.1633541
-3.3488643 0.1425324
-2.9116461 0.4564651
-2.9701309 0.5822099
-3.2037826 0.4882482
-3.0284185 0.8853924
-3.1625793 1.0764347
-3.3979497 0.9107550
-3.3273377 1.3986733
-3.5485070 1.6224314
-3.8184519 1.3764627
-3.8043249 1.9837528
-4.0998640 2.2837794
-4.4504013 1.9399614
-4.4694943 2.6831713
-4.8093877 3.1660311
-5.3418975 2.7030334
-5.3266392 3.5624115
-5.5860734 4.4307289
-6.5130382 3.8208573
-6.2866397 4.8036332
-6.5502491 6.1749115
-8.0859451 5.7576885
-7.6366243 6.7777023
-8.0527916 7.9805584
-7.6134210 7.1656260
-5.9794230 8.4955473
-1.8486809 6.3220234
-1.0681648 3.7159121
1.6098216 4.3964682
1.5507666 5.1104555
1.3425967 2.1586027
11.7706099 -4.2529826
15.6743298 -1.5016432
17.9863682 -2.7535489
24.5631256 1.2096456
37.1298676 -5.9716907
37.1109276 -6.0489302
30.3458691 -3.4538925
17.3834438 -1.5304594
17.2318592 -2.3125858
8.9659119 -3.7397609
5.1910701 -4.7179079
6.0262198 -4.0474830
1.3820952 -6.3486919
-1.5062765 -6.7936497
-1.4288175 -5.8420987
-3.6409340 -7.0644960
-5.2375956 -6.9647641
-6.0540810 -6.3245349
-5.6804986 -5.6057734
-5.4114156 -5.4376979
-6.4594884 -5.0418229
-4.7991114 -4.3460407
-4.2349601 -3.4619033
-4.8332868 -3.1201870
-3.9320543 -3.1989944
-3.5744410 -2.4972978
-3.9992721 -2.2142675
-3.3102415 -2.3255656
-3.0530050 -1.8465406
-3.3703992 -1.6311957
-2.8589430 -1.6669186
-2.6734910 -1.3321779
-2.9282360 -1.1745077
-2.5368965 -1.1455994
-2.4154966 -0.8963354
-2.6341572 -0.7910689
-2.3300872 -0.7075327
-2.2772226 -0.5048565
-2.4828854 -0.4468810
-2.1742902 -0.3148150
-2.3659546 -0.1394293
-2.5824375 -0.1245206
0.0000000 0.0000000
0.0000000 0.0000000
-3.5618539 0.1191553
-3.7371967 0.0919839
-3.1069844 0.3584870
-3.3912232 0.3859679
-3.5523002 0.2879865
-3.4105842 0.6660682
-3.6049323 0.7241806
-3.7550752 0.5435052
-3.7755759 1.0379800
-4.0609274 1.0924232
-4.2229881 0.8162084
-4.3385777 1.4786084
-4.7558942 1.5278989
-4.9497766 1.1303968
-5.1644583 2.0371726
-5.7507477 2.1183159
-6.0310774 1.5684023
-6.3561630 2.7729354
-7.0489340 3.1203115
-7.6399627 2.3531585
-8.0926609 3.6645415
-8.8957891 5.3312984
-10.0632105 4.2834454
-9.3024645 4.2061057
-7.1090651 5.7306380
-6.8376274 4.5282936
-2.5817475 4.1382823
1.1833512 3.0316951
-0.0758938 2.3280210
4.3627238 2.9000735
4.0711570 1.9333705
5.6238174 1.2608790
16.1596584 -5.4051909
20.0104828 -4.2775302
21.3100033 -4.2396359
25.6122723 -0.1640283
36.9817619 -4.4319940
34.0872498 -4.6119876
26.5072384 -3.6523418
17.8064919 -2.3611400
17.5113869 -2.1086123
10.5953369 -3.1234255
7.2616911 -2.5452621
7.2887220 -2.2890818
3.4401362 -4.4371433
-0.5226623 -4.2890120
-0.2303679 -3.0759501
-2.9316750 -5.1076555
-6.0802960 -5.1743574
-6.3108072 -4.0000978
-7.0877242 -3.2113745
-7.2765675 -4.4047832
-8.1105633 -3.4607277
-6.1455469 -3.4178355
-5.3240113 -2.6753416
-5.8943062 -2.1253459
-4.7755294 -2.4995821
-4.2957101 -1.8642395
-4.6349692 -1.4779221
-3.9136219 -1.7503023
-3.5904670 -1.3768618
-3.8375647 -1.0980252
-3.3232396 -1.2291547
-3.1041996 -0.9949743
-3.2970395 -0.8022253
-2.9211843 -0.8355783
-2.7856412 -0.6732333
-2.9463232 -0.5491112
-2.6602571 -0.5097343
-2.6324441 -0.3816785
-2.7841971 -0.3143716
-2.3727770 -0.2275996
-2.7584743 -0.1052130
-2.9189146 -0.0873472
0.0000000 0.0000000
0.0000000 0.0000000
-3.8754005 0.0624633
-3.9472568 0.0325390
-3.1841938 0.2378259
-3.6669204 0.1812235
-3.7351539 0.0818658
-3.6306717 0.4082422
-3.8832951 0.3418230
-3.9271142 0.1532713
-4.0419345 0.6129742
-4.3736305 0.4971502
-4.3982639 0.1987522
-4.6557431 0.8532304
-5.1427565 0.6532272
-5.1444755 0.2019124
-5.5738873 1.1587170
-6.3312531 0.8237494
-6.2831178 0.1340721
-7.0032330 1.6480134
-8.1236877 1.2076367
-8.1720085 0.1890119
-9.6633186 1.9530571
-10.4670095 2.5945766
-10.4139891 0.6145522
-9.2931852 0.6535597
-5.5577087 2.6571341
-5.5205035 -0.0169151
-0.7087760 2.0750554
2.4513948 0.7038778
1.6312217 1.0048543
5.1497021 1.3250353
8.3791647 -0.1458608
11.9626484 -2.3951781
19.4519768 -5.9217877
23.3775902 -4.8549805
22.7130489 -6.1427522
25.8349609 -1.1263692
33.7176018 -4.1994100
31.4430199 -4.5214458
25.2863178 -3.1190572
17.6273785 -1.5742904
17.7189884 -1.4416976
10.6649628 -1.8682010
6.8459358 -1.9908872
6.7412887 -1.6871688
4.8532577 -1.8102469
0.7010425 -2.3527961
-0.5155430 -1.5808718
-2.4879949 -2.4729345
-5.9756894 -2.5293410
-5.7565460 -1.1285614
-7.7261066 -1.0642204
-8.4200468 -2.1680715
-8.7776871 -0.8877684
-7.1086907 -1.5644385
-6.1092706 -1.4044818
-6.4179382 -0.7309452
-5.3121376 -1.3131415
-4.7715492 -1.0213082
-4.9662123 -0.5862530
-4.2928433 -0.9466451
-3.9399254 -0.7800586
-4.0791430 -0.4779813
-3.6217186 -0.6759505
-3.3876066 -0.5838589
-3.4948301 -0.3784665
-3.1713452 -0.4667939
-3.0344238 -0.4092482
-3.1220608 -0.2777866
-2.8700960 -0.2861116
-2.8822138 -0.2415926
-2.9607215 -0.1706191
-2.5041232 -0.1268167
-3.0318315 -0.0643115
-3.1220686 -0.0451541
0.0000000 0.0000000
0.0000000 0.0000000
-4.0042038 -0.0010596
-3.9699881 -0.0291964
-3.1912756 0.0998833
-3.7676711 -0.0168921
-3.7350299 -0.1085319
-3.6980851 0.1173526
-3.9606311 -0.0397867
-3.8952577 -0.2089625
-4.1051612 0.1179536
-4.4306316 -0.1105822
-4.3192520 -0.3736800
-4.7021627 0.0890229
-5.1671119 -0.2521145
-4.9844708 -0.6339089
-5.5942693 -0.0317644
-6.2863612 -0.5372965
-5.9683805 -1.0893482
-6.9403763 -0.1117214
-8.3139601 -1.0118864
-7.6169720 -1.8966777
-9.7566319 -0.5003518
-10.5621662 -1.2840025
-9.7183781 -2.6613755
-9.0659552 -2.7772472
-4.9464636 -2.1998587
-2.9682724 -3.4115179
-2.0381527 -2.2984650
0.6002644 -2.3688383
3.0611010 -4.3144927
6.9301596 -2.4300635
16.0073624 -4.4401293
16.7456207 -6.5637765
21.5571423 -7.6939406
21.0642548 -7.4766421
20.9034786 -5.6484323
25.3193626 -1.5539495
29.6445923 -3.6537297
25.5504951 -2.5768864
23.9566269 -2.8499379
18.5605659 -0.9148089
18.5449295 -0.1582073
9.9115162 -1.2506127
6.8396492 -1.3687088
6.1993985 -0.9159887
4.4565258 0.4651806
-0.2007104 0.2526782
-0.9778482 1.1286952
-3.3199873 0.1720617
-5.4768829 0.3832216
-6.1757655 1.9630567
-8.2917356 1.1961393
-8.3058949 0.6213230
-8.1147842 1.5483875
-7.1859236 0.3851437
-6.2357030 0.1296463
-6.0976338 0.7801599
-5.4285965 0.0169387
-4.8989053 -0.0486223
-4.8399496 0.3903387
-4.4001594 -0.0769435
-4.0529056 -0.1206992
-4.0298476 0.1777889
-3.7227178 -0.0991263
-3.4947402 -0.1402185
-3.4919779 0.0633440
-3.2705746 -0.0910699
-3.1405652 -0.1261570
-3.1473267 0.0048856
-2.9624462 -0.0617610
-3.0004232 -0.0893517
-3.0059986 -0.0187219
-2.5838611 -0.0207364
-3.1674759 -0.0260138
-3.1904123 -0.0073945
0.0000000 0.0000000
0.0000000 0.0000000
-3.9428504 -0.0513688
-3.8304417 -0.0724124
-3.1518972 -0.0336748
-3.6836925 -0.2003649
-3.5820906 -0.2778545
-3.6148951 -0.1733942
-3.8381097 -0.3768395
-3.6962967 -0.5180008
-3.9608049 -0.3581246
-4.2338662 -0.6373687
-4.0288019 -0.8531359
-4.4603038 -0.6129787
-4.8582468 -1.0332488
-4.5440307 -1.3430129
-5.2032728 -1.0517129
-5.7755775 -1.6706797
-5.2785974 -2.1092196
-6.2570148 -1.7246631
-7.2166667 -2.7327049
-6.3450155 -3.3672738
-8.4057083 -3.1556892
-9.1741409 -4.3669343
-7.3565950 -5.6150460
-8.8660965 -5.5657315
-5.5356183 -6.1169209
-4.4997520 -7.4790497
-1.2475102 -6.7413273
4.1076250 -7.2154536
4.4460926 -9.1005592
9.5366077 -8.7801838
15.3232107 -7.5308352
13.6152849 -8.5624723
18.3528996 -5.5522532
20.8955917 -3.4795566
20.5697689 -4.7006841
23.8729839 -1.5493188
24.4555035 -1.6683633
23.5765457 -1.9617190
20.9542980 -1.2206607
19.3656158 0.3681852
16.8938751 1.6201956
9.7939138 -0.0230258
6.0439134 1.8462275
4.6268001 4.1824417
1.5454099 3.4309852
-1.5660380 2.9965029
-1.4665468 4.5132322
-4.0779796 3.7206368
-5.2356100 3.4356139
-6.1085987 4.6387806
-8.0541544 3.6464896
-7.4266152 2.5892727
-6.4805007 3.3786755
-6.2857032 2.1209862
-5.7612882 1.4023046
-5.2240057 1.9952340
-5.0271916 1.2215242
-4.6485462 0.8216586
-4.3564320 1.2168460
-4.1856160 0.7168216
-3.9136071 0.4862484
-3.7433617 0.7538732
-3.6101482 0.4292611
-3.4207568 0.2776416
-3.3149226 0.4592296
-3.2144153 0.2556837
-3.1054809 0.1448013
-3.0351486 0.2629980
-2.9386702 0.1472339
-2.9899762 0.0591068
-2.9320970 0.1240314
-2.5817065 0.0762319
-3.1741037 0.0087797
-3.1392436 0.0259254
0.0000000 0.0000000
0.0000000 0.0000000
-3.7375081 -0.0864044
-3.5671639 -0.1011322
-3.0044055 -0.1496214
-3.4645181 -0.3480173
-3.3149755 -0.4059507
-3.3884873 -0.4083750
-3.5617881 -0.6430479
-3.3717878 -0.7461761
-3.6447368 -0.7309312
-3.8420839 -1.0377803
-3.5878208 -1.1877401
-3.9927094 -1.1598778
-4.2589288 -1.5954325
-3.9002471 -1.7960193
-4.4648638 -1.8127959
-4.8241806 -2.4562261
-4.2927265 -2.7239208
-5.0547180 -2.6883488
-5.6238723 -3.7719827
-4.7762957 -4.1473536
-6.0861526 -4.4659748
-6.5386000 -6.2422271
-5.3685818 -6.2170615
-5.5436683 -7.3401070
-3.7635684 -8.2083454
-2.9054859 -8.4306574
0.3540326 -9.0532837
4.7910333 -8.7336359
3.8500812 -8.2187052
8.6732788 -7.5722256
12.5010691 -6.5916581
10.8325233 -6.0445309
14.7891827 -7.1034770
17.2851887 -6.1438146
17.0446339 -4.7569060
20.9649525 -2.1956997
23.2905159 -2.5646710
17.7290821 1.2065320
18.0220966 0.1072695
13.1746292 5.4643807
13.1979485 4.0875196
9.4133921 4.2024574
4.9640050 4.6230326
5.5152140 5.2659273
0.3212732 5.5898986
-3.0980268 5.8040886
-1.4796486 6.2661490
-3.2274632 5.5436716
-6.1236000 5.9076991
-4.8839679 6.2172289
-6.0730042 5.0218763
-5.6698728 3.6377347
-4.5159540 4.0750732
-5.0212746 3.1901312
-4.8120360 2.2519593
-4.0992794 2.6943133
-4.2985435 2.0442073
-4.0919161 1.4658643
-3.6709471 1.7718593
-3.7378411 1.3178688
-3.5646117 0.9609285
-3.2997839 1.1709543
-3.3230884 0.8511314
-3.1916757 0.6173643
-3.0132921 0.7620943
-3.0239935 0.5411676
-2.9482262 0.3724901
-2.8180573 0.4681141
-2.8044577 0.3227260
-2.8729720 0.1879550
-2.7615585 0.2413937
-2.4841552 0.1558146
-3.0690644 0.0389124
-2.9859893 0.0540837
0.0000000 0.0000000
0.0000000 0.0000000
-3.4256766 -0.1087627
-3.2186513 -0.1182186
-2.7609248 -0.2376545
-3.1462426 -0.4488707
-2.9707177 -0.4844538
-3.0601375 -0.5756693
-3.1785274 -0.8198206
-2.9696391 -0.8812085
-3.2151895 -0.9809923
-3.3311925 -1.2901957
-3.0717790 -1.3729382
-3.3981545 -1.4983227
-3.5355077 -1.9204406
-3.2045238 -2.0143309
-3.5943549 -2.2451334
-3.7223544 -2.8235517
-3.3282571 -2.9135435
-3.7148035 -3.2246425
-3.7532709 -4.0832939
-3.4049802 -4.0735188
-3.6145492 -4.9324169
-3.6391697 -5.9560528
-3.2654896 -5.7448812
-3.3230455 -7.2329202
-1.7645972 -8.5745401
-1.9908750 -7.3663969
0.2057111 -9.5033140
3.6290793 -8.5282688
2.5756774 -8.3696251
6.6307464 -6.9336677
10.0094404 -6.2453809
7.3289757 -7.6840310
13.4801579 -4.8108225
16.0708542 -2.9318345
14.5881538 -5.7521071
17.0893173 -0.8928859
15.8228922 0.0902995
14.7737598 0.2909878
14.5089750 0.7734182
10.8002129 4.0672326
9.2490997 5.8050933
8.0525570 5.0262156
2.6489332 7.3927608
2.5696175 8.3442488
-0.6997905 7.5198469
-2.0183663 8.0100908
-1.5259972 8.3478756
-3.9832764 7.5552049
-4.2121229 5.8424206
-2.3084614 5.9470463
-3.8543811 5.2150302
-3.9539237 3.9712389
-2.8570745 4.1484213
-3.7151661 3.5549357
-3.6987391 2.7031314
-2.9832017 2.9210954
-3.4535525 2.4386826
-3.3770185 1.8557153
-2.9139535 2.0455902
-3.1750662 1.6687387
-3.0871785 1.2745701
-2.7780833 1.4152814
-2.9311101 1.1299709
-2.8565855 0.8558926
-2.6367807 0.9562932
-2.7393665 0.7421850
-2.6991634 0.5398127
-2.5311966 0.6079811
-2.5859251 0.4502243
-2.6702647 0.2861846
-2.5214348 0.3250997
-2.3101020 0.2129283
-2.8723109 0.0628307
-2.7550783 0.0748981
0.0000000 0.0000000
0.0000000 0.0000000
-3.0453999 -0.1200519
-2.8224785 -0.1245696
-2.4556274 -0.2936881
-2.7683649 -0.5007365
-2.5871792 -0.5151314
-2.6751533 -0.6715535
-2.7399697 -0.9042306
-2.5369887 -0.9257772
-2.7340157 -1.1103622
-2.7697263 -1.3892653
-2.5403805 -1.4074461
-2.7634795 -1.6481535
-2.7745216 -1.9994318
-2.5207491 -1.9926239
-2.7246273 -2.3669968
-2.6588573 -2.8038976
-2.4194553 -2.7327189
-2.5093870 -3.2431026
-2.3203294 -3.8211858
-2.1607358 -3.5800056
-1.9852719 -4.5412254
-1.5290788 -5.1494541
-1.5849843 -4.6535416
-1.0632288 -5.6883392
-0.3175800 -6.5351896
-0.3281842 -5.5911455
0.8849455 -7.7982454
2.9697778 -7.5617213
2.3038533 -6.5132489
5.3657708 -6.5424490
7.3366370 -4.9500222
5.5638151 -5.6487060
9.6274195 -2.6428823
11.7556152 -1.0245646
8.4388924 -1.9570241
12.5075073 1.6566244
11.5964041 4.7142644
9.1865492 3.3214324
10.2464333 5.0685716
8.2459803 6.8884697
5.8416429 8.0372095
4.7197757 8.6378670
1.5703887 9.0765362
2.5062480 7.6370420
0.1532697 8.2643852
-0.7095766 6.9689035
0.3096524 6.1929860
-1.3980348 6.1314502
-1.8994306 5.2148786
-0.9849216 4.9221416
-2.2261055 4.6266427
-2.4881973 3.8368742
-1.7075154 3.7740614
-2.5582516 3.4329996
-2.6650114 2.7940350
-2.0648670 2.8299503
-2.6289566 2.5000832
-2.6493547 2.0084746
-2.2145419 2.0854156
-2.5839269 1.7970457
-2.5635505 1.4316717
-2.2526457 1.5032719
-2.4947357 1.2644832
-2.4667823 0.9919527
-2.2346857 1.0480553
-2.4033139 0.8540260
-2.3940089 0.6431016
-2.2086072 0.6834552
-2.3136375 0.5258659
-2.4090829 0.3503137
-2.2392681 0.3743367
-2.0842917 0.2462596
-2.6098921 0.0795770
-2.4733694 0.0877409
0.0000000 0.0000000
0.0000000 0.0000000
-2.6347291 -0.1217291
-2.4130931 -0.1217524
-2.1224117 -0.3189818
-2.3695061 -0.5091861
-2.1965356 -0.5056198
-2.2748652 -0.7020074
-2.2947035 -0.9086908
-2.1109929 -0.8974456
-2.2587042 -1.1309856
-2.2339203 -1.3640352
-2.0404701 -1.3318986
-2.1807201 -1.6300650
-2.1102593 -1.9006793
-1.9137946 -1.8243284
-2.0071287 -2.2365746
-1.8508464 -2.5460019
-1.6751699 -2.3861759
-1.6542255 -2.9246683
-1.3902048 -3.2769220
-1.2531945 -2.9814081
-1.0722455 -3.7478585
-0.5821071 -4.1162453
-0.5330036 -3.5714061
0.0196603 -4.5839105
0.7357985 -4.7857790
0.6692879 -4.0912290
1.4007055 -4.9960690
2.4133260 -5.0107355
2.1298988 -4.0077991
3.5800257 -5.2202411
4.8522844 -4.4763155
4.0484076 -3.5313473
6.5003977 -2.8722918
7.0886765 -1.3664422
5.4171977 -1.9112543
7.7083631 1.0674286
7.2198625 2.2307799
5.7030296 0.8641918
6.8383231 3.5650196
5.8829327 4.9988232
4.4942732 3.2765284
4.2338200 5.1194282
3.0149863 5.7274837
2.5510809 4.4446592
1.5653812 5.3286996
0.6936446 5.0940251
0.9378733 4.4091811
-0.0764031 4.7122350
-0.6306309 4.2464056
-0.2272659 3.8595910
-1.0717793 3.8617618
-1.3976600 3.3928576
-0.9687954 3.1865840
-1.6357306 3.0501242
-1.8082951 2.6211052
-1.3939259 2.5373230
-1.9091703 2.3439097
-1.9919411 1.9794930
-1.6421690 1.9609398
-2.0276515 1.7593740
-2.0570693 1.4580460
-1.7798564 1.4693749
-2.0596173 1.2807794
-2.0669725 1.0382651
-1.8461003 1.0547477
-2.0513661 0.8870654
-2.0653949 0.6881282
-1.8802881 0.7033748
-2.0163269 0.5541863
-2.1161807 0.3821055
-1.9402912 0.3926471
-1.8309797 0.2579765
-2.3093395 0.0892571
-2.1664631 0.0933700
0.0000000 0.0000000
0.0000000 0.0000000
-2.2260799 -0.1160296
-2.0180237 -0.1122908
-1.7904392 -0.3181799
-1.9817915 -0.4850224
-1.8242166 -0.4682512
-1.8912917 -0.6801824
-1.8802402 -0.8562156
-1.7183601 -0.8222321
-1.8276037 -1.0699650
-1.7669499 -1.2582493
-1.6038011 -1.1948192
-1.6907054 -1.4988722
-1.5823522 -1.7023877
-1.4211043 -1.5908543
-1.4584534 -1.9758724
-1.2780194 -2.1897221
-1.1276819 -2.0032787
-1.0795445 -2.4797199
-0.8037794 -2.6943910
-0.6701811 -2.3991952
-0.5084144 -2.9899271
-0.0924198 -3.1597207
-0.0006217 -2.7313349
0.3339905 -3.4083645
0.9317787 -3.4594529
0.9026105 -2.8861456
1.5333338 -3.4988344
2.1703389 -3.3636830
1.9664077 -2.7090914
2.7874124 -3.0162697
3.3771484 -2.7031479
2.9920409 -2.0641041
4.1482563 -1.9092380
4.5230460 -1.2848638
3.7220869 -1.0171313
4.9179301 0.2443832
4.6685476 0.7817233
3.7402091 0.5270975
4.5068755 1.7594621
3.9524224 2.5639987
3.1430860 1.9095151
3.3156970 2.9505239
2.6127114 3.5663130
2.1029692 2.7715607
1.7758393 3.4829485
1.1731937 3.6725292
1.0353304 3.0551398
0.5052278 3.4312766
0.0621265 3.3303328
0.1477858 2.9194813
-0.3880186 3.0595095
-0.6928456 2.8357706
-0.5053995 2.5769701
-0.9794590 2.5700071
-1.1687944 2.3114145
-0.9257887 2.1632981
-1.3380241 2.0730767
-1.4514757 1.8229439
-1.2017004 1.7460035
-1.5462208 1.6178319
-1.6064862 1.3899261
-1.3839849 1.3546481
-1.6582204 1.2145822
-1.6890583 1.0148650
-1.4962140 0.9996759
-1.7097814 0.8603184
-1.7396846 0.6860139
-1.5680753 0.6808589
-1.7168670 0.5447894
-1.8147677 0.3869403
-1.6451191 0.3864996
-1.5711025 0.2526565
-1.9952983 0.0926398
-1.8559414 0.0931710
0.0000000 0.0000000
0.0000000 0.0000000
-1.8431981 -0.1054121
-1.6557986 -0.0990389
-1.4800792 -0.2984583
-1.6257765 -0.4403004
-1.4866233 -0.4153146
-1.5441924 -0.6238388
-1.5151030 -0.7701166
-1.3745642 -0.7230378
-1.4559295 -0.9614154
-1.3793437 -1.1108055
-1.2409955 -1.0326031
-1.2959311 -1.3136402
-1.1754842 -1.4647714
-1.0414219 -1.3425418
-1.0509150 -1.6767089
-0.8733532 -1.8224128
-0.7459983 -1.6396351
-0.6925639 -2.0288279
-0.4413694 -2.1550243
-0.3242443 -1.8937641
-0.1904946 -2.3357456
0.1526399 -2.4099522
0.2265585 -2.0660284
0.4721720 -2.4915524
0.8916247 -2.4876001
0.8757814 -2.0746486
1.2896527 -2.4139931
1.7000437 -2.3053343
1.5877628 -1.8493046
2.1407285 -1.9517235
2.4672544 -1.7174822
2.2029831 -1.3523046
2.8767748 -1.1439506
3.0584867 -0.7950305
2.6108894 -0.6324329
3.3352528 0.1327830
3.1820724 0.4401590
2.6189291 0.3142157
3.1333656 1.1379318
2.7791154 1.5674816
2.2654755 1.2134068
2.4623084 1.9165508
2.0314751 2.3105712
1.6528895 1.8446810
1.5651941 2.3823693
1.1506414 2.5976236
0.9517966 2.1546056
0.6900036 2.5007751
0.3492385 2.5389206
0.3030778 2.1872723
-0.0216935 2.3694510
-0.2802597 2.2901137
-0.2276381 2.0359621
-0.5498833 2.0961864
-0.7294567 1.9566376
-0.6062903 1.7877969
-0.9151251 1.7650936
-1.0347633 1.6040958
-0.8735777 1.4984831
-1.1555146 1.4257586
-1.2309246 1.2628871
-1.0644900 1.1989769
-1.3080599 1.0998970
-1.3524927 0.9441884
-1.1954966 0.9072875
-1.3967203 0.7951159
-1.4348400 0.6499797
-1.2852645 0.6300091
-1.4318386 0.5094846
-1.5229565 0.3717750
-1.3681955 0.3630780
-1.3200440 0.2356725
-1.6873342 0.0909084
-1.5579396 0.0886531
0.0000000 0.0000000
0.0000000 0.0000000
-1.4999269 -0.0922855
-1.3363427 -0.0843511
-1.2026440 -0.2675869
-1.3123630 -0.3855222
-1.1917628 -0.3566762
-1.2422249 -0.5496443
-1.2040826 -0.6689083
-1.0840838 -0.6168091
-1.1460762 -0.8329175
-1.0660259 -0.9502079
-0.9493304 -0.8689731
-0.9847957 -1.1144263
-0.8674978 -1.2262670
-0.7565243 -1.1078178
-0.7533028 -1.3850937
-0.5915232 -1.4841526
-0.4880916 -1.3191848
-0.4357285 -1.6241188
-0.2221352 -1.6979837
-0.1295907 -1.4795314
-0.0225891 -1.7935591
0.2432728 -1.8239360
0.2967004 -1.5570047
0.4872141 -1.8326483
0.7822676 -1.8071649
0.7677302 -1.5079087
1.0578806 -1.6868687
1.3226609 -1.5993310
1.2422647 -1.2954279
1.6182238 -1.3115113
1.8127189 -1.1451881
1.6337477 -0.9196739
2.0649490 -0.7238939
2.1555612 -0.5067456
1.8743869 -0.4095631
2.3266509 0.0802505
2.2332795 0.2826950
1.8830171 0.2140714
2.2289133 0.7712891
2.0061991 1.0311096
1.6644366 0.8204994
1.8324775 1.3181844
1.5526520 1.5759704
1.2776679 1.2832887
1.2754500 1.6877513
0.9884464 1.8631372
0.8103573 1.5562216
0.6823581 1.8464366
0.4266098 1.9201169
0.3432335 1.6473075
0.1480619 1.8269538
-0.0604523 1.8151366
-0.0694295 1.5960315
-0.2860943 1.6828513
-0.4444771 1.6146637
-0.3910182 1.4527470
-0.6156150 1.4682778
-0.7286970 1.3690145
-0.6316598 1.2563977
-0.8523183 1.2214601
-0.9297434 1.1081095
-0.8125796 1.0324415
-1.0155168 0.9648672
-1.0660089 0.8474024
-0.9436460 0.7982756
-1.1209337 0.7099645
-1.1616302 0.5929279
-1.0372145 0.5637615
-1.1720445 0.4595460
-1.2527133 0.3434095
-1.1180816 0.3293369
-1.0877837 0.2120753
-1.3990614 0.0853733
-1.2830064 0.0813409
0.0000000 0.0000000
0.0000000 0.0000000
-1.2017245 -0.0784481
-1.0624971 -0.0700011
-0.9627315 -0.2319857
-1.0446689 -0.3284898
-0.9414583 -0.2991641
-0.9865456 -0.4702882
-0.9458910 -0.5665271
-0.8442951 -0.5149533
-0.8933251 -0.7029937
-0.8166893 -0.7946672
-0.7198054 -0.7173753
-0.7437595 -0.9243450
-0.6376135 -1.0073367
-0.5467229 -0.9001153
-0.5380861 -1.1233445
-0.3989728 -1.1915232
-0.3167394 -1.0501435
-0.2699203 -1.2818700
-0.0964917 -1.3261769
-0.0270992 -1.1494043
0.0605835 -1.3696768
0.2601475 -1.3799012
0.2959462 -1.1767894
0.4432493 -1.3528379
0.6492367 -1.3238142
0.6367424 -1.1080003
0.8470305 -1.2014065
1.0219678 -1.1312417
0.9595187 -0.9266316
1.2221625 -0.9060622
1.3432370 -0.7872829
1.2181867 -0.6413661
1.5101250 -0.4792716
1.5586576 -0.3331666
1.3697748 -0.2714972
1.6660849 0.0571577
1.6074423 0.2002961
1.3761005 0.1596600
1.6146901 0.5436252
1.4706950 0.7152936
1.2374017 0.5829754
1.3713980 0.9426490
1.1833798 1.1170509
0.9829116 0.9250340
1.0102419 1.2309183
0.8089744 1.3642100
0.6631699 1.1500816
0.6039593 1.3849282
0.4130991 1.4589723
0.3285084 1.2539105
0.2108357 1.4136964
0.0466472 1.4296330
0.0146434 1.2524606
-0.1319199 1.3436186
-0.2639874 1.3140831
-0.2487932 1.1727049
-0.4092735 1.2060918
-0.5101978 1.1461997
-0.4541309 1.0399934
-0.6222538 1.0280861
-0.6950538 0.9501055
-0.6152145 0.8738089
-0.7786123 0.8286404
-0.8283783 0.7409063
-0.7363391 0.6881437
-0.8850783 0.6188530
-0.9249741 0.5262556
-0.8244101 0.4929487
-0.9423172 0.4041740
-1.0108875 0.3080772
-0.8976465 0.2911135
-0.8798199 0.1861701
-1.1380696 0.0774274
-1.0365337 0.0725046
0.0000000 0.0000000
0.0000000 0.0000000
-0.9487050 -0.0653464
-0.8324144 -0.0572914
-0.7600300 -0.1962360
-0.8204653 -0.2745899
-0.7332168 -0.2469849
-0.7740829 -0.3941134
-0.7352039 -0.4712230
-0.6497567 -0.4236495
-0.6899388 -0.5824981
-0.6213353 -0.6541236
-0.5409108 -0.5849240
-0.5591875 -0.7546714
-0.4670435 -0.8169698
-0.3938336 -0.7242278
-0.3841385 -0.9004546
-0.2692656 -0.9483202
-0.2047388 -0.8311684
-0.1646423 -1.0042658
-0.0284690 -1.0317687
0.0223272 -0.8919355
0.0939683 -1.0455180
0.2423745 -1.0469624
0.2644630 -0.8935304
0.3797807 -1.0056733
0.5239703 -0.9786009
0.5116470 -0.8231616
0.6679728 -0.8702574
0.7865233 -0.8146963
0.7365714 -0.6740987
0.9244956 -0.6397984
1.0039560 -0.5535155
0.9112820 -0.4554508
1.1175103 -0.3266163
1.1443278 -0.2225447
1.0122727 -0.1820508
1.2163327 0.0470919
1.1774018 0.1528129
1.0168034 0.1275110
1.1850953 0.3981258
1.0902359 0.5188366
0.9246098 0.4322078
1.0311612 0.6954025
0.9013084 0.8182245
0.7539229 0.6880235
0.7903670 0.9203997
0.6468229 1.0206143
0.5310479 0.8693790
0.5067236 1.0563216
0.3657595 1.1203587
0.2887344 0.9679562
0.2199183 1.1031963
0.0917939 1.1282076
0.0540746 0.9890822
-0.0441960 1.0737946
-0.1516932 1.0643502
-0.1550352 0.9469396
-0.2697262 0.9861190
-0.3547035 0.9501487
-0.3253038 0.8571869
-0.4503071 0.8576468
-0.5152714 0.8037285
-0.4611764 0.7333428
-0.5891871 0.7029164
-0.6349607 0.6371727
-0.5666043 0.5865901
-0.6880412 0.5318078
-0.7237450 0.4585330
-0.6443213 0.4251601
-0.7434025 0.3498580
-0.7999993 0.2708843
-0.7064766 0.2532446
-0.6973971 0.1610375
-0.9073426 0.0683816
-0.8195643 0.0633098
0.0000000 0.0000000
0.0000000 0.0000000
-0.7374349 -0.0538416
-0.6415840 -0.0467619
-0.5913082 -0.1632665
-0.6354213 -0.2268341
-0.5619822 -0.2024907
-0.5996605 -0.3256558
-0.5645952 -0.3876277
-0.4933679 -0.3459750
-0.5277426 -0.4771410
-0.4692608 -0.5334780
-0.4024867 -0.4742245
-0.4178507 -0.6106259
-0.3415126 -0.6580240
-0.2819740 -0.5806878
-0.2746602 -0.7172469
-0.1821281 -0.7517991
-0.1320854 -0.6571041
-0.0997211 -0.7852411
0.0048685 -0.8028317
0.0420046 -0.6941921
0.0997467 -0.8010466
0.2092883 -0.7987246
0.2227535 -0.6834508
0.3117683 -0.7544957
0.4146001 -0.7310416
0.4010183 -0.6182208
0.5196769 -0.6398311
0.6007273 -0.5955610
0.5605987 -0.4974408
0.6991959 -0.4603837
0.7527037 -0.3957652
0.6815114 -0.3279050
0.8303199 -0.2263322
0.8474295 -0.1493134
0.7494183 -0.1214494
0.8970348 0.0431405
0.8693156 0.1240478
0.7536199 0.1072542
0.8773340 0.3021212
0.8127618 0.3912742
0.6910819 0.3328922
0.7751681 0.5277793
0.6853504 0.6175333
0.5727881 0.5273909
0.6123646 0.7044156
0.5084362 0.7806334
0.4171239 0.6723935
0.4127384 0.8197832
0.3079142 0.8727875
0.2416884 0.7598714
0.2023659 0.8711377
0.1049576 0.8971503
0.0660338 0.7900835
0.0026752 0.8636668
-0.0832680 0.8640510
-0.0944197 0.7696556
-0.1750217 0.8076152
-0.2447211 0.7862449
-0.2307788 0.7086112
-0.3230547 0.7144437
-0.3771108 0.6764537
-0.3418188 0.6157925
-0.4391336 0.5940750
-0.4792602 0.5441334
-0.4278860 0.4991775
-0.5244160 0.4545639
-0.5547079 0.3959914
-0.4921104 0.3656020
-0.5737365 0.3012814
-0.6182849 0.2358016
-0.5418858 0.2192960
-0.5392473 0.1388617
-0.7060767 0.0595062
-0.6301234 0.0548503
0.0000000 0.0000000
0.0000000 0.0000000
-0.5627015 -0.0443611
-0.4841644 -0.0384324
-0.4521526 -0.1346700
-0.4838108 -0.1867534
-0.4221089 -0.1663216
-0.4568198 -0.2674491
-0.4272243 -0.3177432
-0.3674398 -0.2830009
-0.3983765 -0.3889438
-0.3501294 -0.4339986
-0.2948944 -0.3851188
-0.3097675 -0.4928614
-0.2487344 -0.5296238
-0.1998405 -0.4672898
-0.1960826 -0.5714715
-0.1240424 -0.5971969
-0.0843580 -0.5225988
-0.0606296 -0.6161556
0.0186080 -0.6279252
0.0455356 -0.5445530
0.0905184 -0.6186160
0.1702422 -0.6144031
0.1789889 -0.5285123
0.2469586 -0.5729912
0.3205857 -0.5528659
0.3075551 -0.4707983
0.3961662 -0.4775569
0.4537992 -0.4419413
0.4194586 -0.3720918
0.5239778 -0.3366697
0.5596640 -0.2862685
0.5045261 -0.2387916
0.6154509 -0.1587143
0.6264562 -0.0991534
0.5512535 -0.0793960
0.6599624 0.0422628
0.6415956 0.1057141
0.5532774 0.0945828
0.6485507 0.2376030
0.6029845 0.3063739
0.5112657 0.2660347
0.5799396 0.4117577
0.5165192 0.4801251
0.4289592 0.4168946
0.4669162 0.5522077
0.3930247 0.6113527
0.3183987 0.5336323
0.3267808 0.6488817
0.2487803 0.6924618
0.1932762 0.6090431
0.1740595 0.6985741
0.1002628 0.7229694
0.0641025 0.6416656
0.0241453 0.7029280
-0.0415848 0.7078014
-0.0572103 0.6342542
-0.1114635 0.6672601
-0.1672259 0.6547021
-0.1612842 0.5923752
-0.2277197 0.5989910
-0.2710558 0.5717935
-0.2477948 0.5221788
-0.3208360 0.5049447
-0.3527510 0.4661117
-0.3147948 0.4290299
-0.3889557 0.3908579
-0.4133569 0.3430714
-0.3631021 0.3175548
-0.4286036 0.2613773
-0.4623280 0.2057343
-0.3990809 0.1916225
-0.4023334 0.1211438
-0.5307236 0.0518750
-0.4640150 0.0480935
0.0000000 0.0000000
0.0000000 0.0000000
-0.4186505 -0.0368701
-0.3538825 -0.0321770
-0.3375494 -0.1109622
-0.3593232 -0.1545820
-0.3072739 -0.1380969
-0.3401275 -0.2200591
-0.3162001 -0.2617998
-0.2656990 -0.2340192
-0.2942524 -0.3182821
-0.2564953 -0.3552466
-0.2100169 -0.3165716
-0.2258073 -0.3999428
-0.1786108 -0.4295086
-0.1383558 -0.3807535
-0.1389309 -0.4589919
-0.0848130 -0.4787056
-0.0524653 -0.4216744
-0.0371327 -0.4888035
0.0213184 -0.4969194
0.0419304 -0.4343941
0.0739231 -0.4842148
0.1320117 -0.4794823
0.1369185 -0.4160635
0.1879645 -0.4425484
0.2394636 -0.4246994
0.2283214 -0.3655651
0.2944380 -0.3633896
0.3350235 -0.3336210
0.3062724 -0.2838634
0.3836986 -0.2507943
0.4090734 -0.2101441
0.3639734 -0.1762195
0.4485147 -0.1123015
0.4549077 -0.0638753
0.3964249 -0.0499145
0.4793656 0.0419535
0.4666889 0.0939216
0.3975052 0.0865672
0.4713063 0.1938185
0.4406908 0.2489425
0.3677478 0.2210709
0.4260766 0.3310184
0.3807942 0.3855193
0.3118182 0.3409196
0.3484448 0.4443958
0.2956447 0.4920620
0.2345805 0.4364420
0.2494292 0.5260184
0.1936494 0.5622643
0.1456941 0.5014405
0.1410197 0.5719962
0.0859267 0.5941934
0.0542393 0.5335268
0.0317338 0.5825853
-0.0175065 0.5897042
-0.0339008 0.5338590
-0.0694745 0.5605367
-0.1110119 0.5533088
-0.1106436 0.5054621
-0.1561026 0.5101588
-0.1893672 0.4904100
-0.1734242 0.4521021
-0.2259800 0.4362460
-0.2496624 0.4055749
-0.2212213 0.3773625
-0.2763488 0.3426259
-0.2933463 0.3024704
-0.2533292 0.2836450
-0.3032155 0.2323524
-0.3270210 0.1830514
-0.2737211 0.1721395
-0.2814716 0.1093751
-0.3768527 0.0456265
-0.3144259 0.0422919
0.0000000 0.0000000
0.0000000 0.0000000
-0.2992181 -0.0312339
-0.2446459 -0.0276523
-0.2425320 -0.0922490
-0.2566434 -0.1300244
-0.2116582 -0.1173970
-0.2437135 -0.1831259
-0.2251853 -0.2191595
-0.1818763 -0.1977530
-0.2096242 -0.2641210
-0.1815929 -0.2955849
-0.1415649 -0.2660904
-0.1593416 -0.3298184
-0.1246710 -0.3546660
-0.0905412 -0.3178152
-0.0963337 -0.3753164
-0.0569525 -0.3915153
-0.0307020 -0.3487872
-0.0229097 -0.3960729
0.0181161 -0.4018818
0.0347754 -0.3558968
0.0559131 -0.3883026
0.0965375 -0.3832147
0.0997178 -0.3370681
0.1351563 -0.3506811
0.1714225 -0.3346569
0.1605331 -0.2919906
0.2095285 -0.2841966
0.2368234 -0.2579226
0.2130860 -0.2227342
0.2709619 -0.1922517
0.2883475 -0.1573942
0.2509104 -0.1331135
0.3144860 -0.0806632
0.3194950 -0.0395121
0.2710431 -0.0292575
0.3366828 0.0418205
0.3272024 0.0866695
0.2720622 0.0818136
0.3317395 0.1636113
0.3110013 0.2104097
0.2516890 0.1912902
0.3010857 0.2754529
0.2709031 0.3209665
0.2134724 0.2897801
0.2498577 0.3692688
0.2126262 0.4095124
0.1623584 0.3698226
0.1823640 0.4392070
0.1432523 0.4705141
0.1021140 0.4265511
0.1068392 0.4817033
0.0684209 0.5018336
0.0395397 0.4573804
0.0309252 0.4957533
-0.0047640 0.5039341
-0.0200109 0.4623164
-0.0405615 0.4828961
-0.0702527 0.4792367
-0.0724735 0.4434474
-0.1022436 0.4458576
-0.1249750 0.4314545
-0.1147468 0.4033703
-0.1500729 0.3877269
-0.1653915 0.3637165
-0.1443364 0.3444665
-0.1816761 0.3111278
-0.1902007 0.2776735
-0.1598205 0.2668512
-0.1928701 0.2167993
-0.2042245 0.1721361
-0.1626541 0.1649007
-0.1674914 0.1065844
-0.2371191 0.0378597
-0.1791662 0.0250749
0.0000000 0.0000000
0.0000000 0.0000000
-0.1983570 -0.0272980
-0.1503503 -0.0248016
-0.1625735 -0.0781963
-0.1702210 -0.1125255
-0.1299172 -0.1033125
-0.1625974 -0.1561420
-0.1492581 -0.1889011
-0.1106761 -0.1723366
-0.1394471 -0.2249783
-0.1199339 -0.2535484
-0.0847218 -0.2302399
-0.1052334 -0.2800502
-0.0820132 -0.3023392
-0.0518208 -0.2731307
-0.0629537 -0.3169734
-0.0366302 -0.3313861
-0.0141049 -0.2972799
-0.0146820 -0.3321660
0.0130398 -0.3371287
0.0258485 -0.3004645
0.0376052 -0.3232785
0.0638767 -0.3180651
0.0660914 -0.2819106
0.0894702 -0.2894178
0.1131906 -0.2744352
0.1029017 -0.2413193
0.1372360 -0.2318690
0.1555755 -0.2077885
0.1336244 -0.1805594
0.1776607 -0.1540684
0.1881576 -0.1221556
0.1564330 -0.1034842
0.2057072 -0.0607514
0.2092022 -0.0232463
0.1674713 -0.0149186
0.2194215 0.0415006
0.2143317 0.0822393
0.1664866 0.0791439
0.2178348 0.1434153
0.2038737 0.1857340
0.1541883 0.1715450
0.1989011 0.2381745
0.1794514 0.2788801
0.1301683 0.2552817
0.1660287 0.3193090
0.1424161 0.3550530
0.0982440 0.3242582
0.1236240 0.3812633
0.0975533 0.4094290
0.0618930 0.3742118
0.0749715 0.4210343
0.0496009 0.4397151
0.0235042 0.4031264
0.0251677 0.4374455
0.0019962 0.4458706
-0.0128820 0.4105865
-0.0210929 0.4309827
-0.0407955 0.4293815
-0.0440341 0.3983681
-0.0609466 0.4037288
-0.0751120 0.3933607
-0.0682710 0.3691227
-0.0905145 0.3585341
-0.0973923 0.3409701
-0.0827323 0.3257368
-0.1047517 0.2973686
-0.1022261 0.2735340
-0.0857312 0.2662041
-0.0983841 0.2170027
-0.0823676 0.1899068
-0.0846176 0.1634617
-0.0603660 0.1068819
-0.0457789 0.0795634
-0.0966136 -0.0691662
0.0000000 0.0000000
0.0000000 0.0000000
-0.1101088 -0.0251193
-0.0660953 -0.0237423
-0.0929824 -0.0686112
-0.0948431 -0.1023321
-0.0575095 -0.0900389
-0.0919149 -0.1389361
-0.0838144 -0.1713686
-0.0477093 -0.1466085
-0.0787810 -0.2008241
-0.0672896 -0.2296015
-0.0348406 -0.1930567
-0.0598730 -0.2499829
-0.0461389 -0.2728342
-0.0193279 -0.2260674
-0.0360768 -0.2825178
-0.0212990 -0.2976891
-0.0015050 -0.2431858
-0.0092064 -0.2952731
0.0064657 -0.3011825
0.0169858 -0.2438017
0.0193129 -0.2861611
0.0345319 -0.2821126
0.0348586 -0.2266819
0.0482809 -0.2550854
0.0613698 -0.2410508
0.0513834 -0.1918474
0.0746363 -0.2031737
0.0853036 -0.1799938
0.0643407 -0.1407541
0.0965451 -0.1334260
0.1032148 -0.1024769
0.0730792 -0.0765408
0.1129277 -0.0504865
0.1144260 -0.0137109
0.0772088 -0.0035130
0.1209842 0.0401461
0.1184528 0.0802542
0.0752145 0.0736065
0.1201380 0.1314739
0.1132377 0.1727045
0.0678899 0.1490576
0.1111052 0.2171686
0.1000893 0.2564880
0.0563100 0.2170688
0.0938057 0.2916586
0.0807490 0.3257760
0.0409424 0.2731614
0.0707573 0.3500112
0.0565326 0.3765030
0.0238702 0.3140511
0.0446537 0.3889960
0.0301876 0.4063612
0.0066827 0.3379688
0.0174462 0.4073286
0.0043409 0.4149722
-0.0094309 0.3450270
-0.0081586 0.4053203
-0.0190853 0.4036024
-0.0228556 0.3373063
-0.0299803 0.3848463
-0.0376639 0.3757635
-0.0319958 0.3169081
-0.0457528 0.3492751
-0.0471091 0.3371949
-0.0347055 0.2904037
-0.0509087 0.3017695
-0.0312583 0.3007008
-0.0374528 0.2604404
-0.0449466 0.2252774
0.0811501 0.3083031
-0.1057521 0.1781160
-0.0079070 0.0487575
0.4288968 0.3617578
-0.2210961 -0.2430747
0.0000000 0.0000000
0.0000000 0.0000000
-0.0261606 -0.0255580
0.0000000 0.0000000
-0.0253648 -0.0653499
-0.0233267 -0.1076558
0.0000000 0.0000000
-0.0234004 -0.1398455
-0.0208899 -0.1793253
0.0000000 0.0000000
-0.0200768 -0.2059858
-0.0170972 -0.2391629
0.0000000 0.0000000
-0.0155813 -0.2583832
-0.0119661 -0.2831810
0.0000000 0.0000000
-0.0099838 -0.2932176
-0.0059136 -0.3077940
0.0000000 0.0000000
-0.0031852 -0.3071195
0.0007989 -0.3100146
0.0000000 0.0000000
0.0039150 -0.2982202
0.0077556 -0.2889893
0.0000000 0.0000000
0.0107826 -0.2663066
0.0141398 -0.2452973
0.0000000 0.0000000
0.0173731 -0.2128418
0.0198414 -0.1811736
0.0000000 0.0000000
0.0228472 -0.1409739
0.0245499 -0.1003419
0.0000000 0.0000000
0.0267235 -0.0552181
0.0271990 -0.0079588
0.0000000 0.0000000
0.0292599 0.0385453
0.0281812 0.0897084
0.0000000 0.0000000
0.0294880 0.1338418
0.0273206 0.1855538
0.0000000 0.0000000
0.0274385 0.2241048
0.0242749 0.2727513
0.0000000 0.0000000
0.0237163 0.3031121
0.0197326 0.3453383
0.0000000 0.0000000
0.0183989 0.3657940
0.0140907 0.3990214
0.0000000 0.0000000
0.0120989 0.4087279
0.0077930 0.4313184
0.0000000 0.0000000
0.0055547 0.4303502
0.0014588 0.4417114
0.0000000 0.0000000
-0.0008589 0.4309318
-0.0042343 0.4313779
0.0000000 0.0000000
-0.0063015 0.4128653
-0.0092097 0.4035601
0.0000000 0.0000000
-0.0111039 0.3806911
-0.0151038 0.3642233
0.0000000 0.0000000
-0.0247050 0.3362767
0.0105854 0.3710162
0.0000000 0.0000000
-0.1075269 0.2353732
0.2689155 0.6831160
0.0000000 0.0000000
-0.2845174 -0.1206447
1.3245410 1.3636779
0.0000000 0.0000000
0.0000000 0.0000000
-41.68813
-41.72829
-43.22786
-45.53634
-48.99209
-53.70794
-59.91579
-68.06628
-78.86869
-94.07253
-119.2831
-167.2946
-230.2671
-20.16299
-68.51192
-31.72483
-27.77927
-26.14461
-24.75915
-23.18188
-21.75502
-20.53894
-19.59437
-18.92896
-18.52658
-18.50414
-41.60472
-41.7866
-43.19292
-45.57023
-49.05854
-53.85722
-60.21019
-68.49442
-79.20902
-93.31466
-114.8863
-172.0151
-172.6456
16.18432
-55.1795
-32.09299
-28.09603
-26.71342
-25.31207
-23.71456
-22.14869
-20.83194
-19.82571
-19.12318
-18.6897
-18.64368
-41.5558
-41.81768
-43.24319
-45.74246
-49.44838
-54.61356
-61.5074
-70.35883
-81.1938
-92.99891
-99.93585
-97.37337
-99.65654
19.02448
-11.61937
-27.04864
-29.83484
-29.73829
-27.74153
-25.65072
-23.55522
-21.85341
-20.59692
-19.76082
-19.23493
-19.14482
-41.30136
-41.65182
-43.14465
-45.83649
-49.91125
-55.7194
-63.65969
-74.07115
-86.82532
-99.75526
-103.2402
-93.22646
-43.44607
33.8237
-6.747066
-31.23471
-36.2949
-35.54096
-32.61531
-28.90508
-25.76608
-23.42393
-21.76362
-20.68147
-20.03638
-19.88393
-40.65743
-41.08112
-42.64827
-45.55359
-50.09956
-56.84815
-66.51108
-79.61228
-96.6982
-122.1455
-119.4154
-93.6793
-57.59033
-16.86458
-34.47257
-57.72174
-58.47763
-45.97354
-39.9675
-33.35633
-28.55021
-25.29239
-23.09487
-21.6859
-20.88825
-20.65979
-39.39468
-39.87157
-41.47168
-44.50485
-49.42608
-57.16081
-69.35698
-88.35143
-115.6677
-154.9913
-149.1891
-129.3922
-96.48396
-96.41745
-83.65721
-96.59227
-91.98166
-66.48171
-48.99068
-38.24667
-31.43876
-27.08256
-24.26621
-22.50114
-21.53934
-21.23223
-37.27817
-37.79015
-39.34688
-42.32915
-47.30146
-55.4141
-69.21902
-94.10823
-140.9199
-177.1323
-179.0411
-161.2271
-126.2561
-124.9193
-122.2213
-127.3013
-118.6473
-87.28676
-57.30583
-42.16859
-33.54545
-28.21483
-24.86347
-22.8076
-21.70925
-21.35177
-34.16658
-34.66079
-36.0665
-38.74849
-43.28528
-50.80966
-63.66952
-89.40346
-147.1306
-189.7751
-203.2929
-181.0319
-140.937
-133.8657
-140.9399
-140.7386
-129.0917
-96.09448
-60.99845
-43.59979
-33.95068
-28.14154
-24.53582
-22.34058
-21.16132
-20.80384
-30.09579
-30.46104
-31.61831
-33.77971
-37.37789
-43.44958
-54.0175
-73.77281
-118.1164
-169.57
-184.5489
-167.3167
-139.9415
-135.6634
-155.3664
-149.7071
-122.0728
-87.50001
-57.27798
-41.12194
-31.9899
-26.50605
-23.09289
-20.99505
-19.84543
-19.51768
-25.34458
-25.58087
-26.37823
-27.82579
-30.16629
-33.9585
-40.14467
-52.01496
-76.76224
-103.004
-93.76163
-89.67457
-78.70813
-96.63
-116.5349
-122.4557
-97.39341
-67.66887
-46.83882
-34.97435
-27.84101
-23.41483
-20.60538
-18.84795
-17.86444
-17.57822
-20.21428
-20.33821
-20.71539
-21.36627
-22.36949
-24.01368
-26.41077
-30.69625
-34.03317
-43.96842
-29.43055
-38.22916
-19.6273
-35.12597
-64.60454
-70.93935
-63.7946
-43.66469
-33.39584
-26.7661
-22.30846
-19.32696
-17.34965
-16.0753
-15.34284
-15.12063
-15.04239
-15.05935
-15.03954
-14.95724
-14.72942
-14.28867
-13.11654
-11.26662
-6.353072
-2.697275
13.62125
24.6388
26.67993
1.978849
-23.20806
-27.68856
-26.10713
-23.69554
-20.66302
-18.22104
-16.26938
-14.77065
-13.67893
-12.92965
-12.47728
-12.33012
-10.11966
-10.04458
-9.701807
-9.045065
-7.91854
-6.112948
-3.128814
1.128792
7.9764
16.01842
27.53226
46.5384
50.38259
43.24319
23.27303
3.844721
-4.448495
-8.395584
-10.03846
-10.50719
-10.47375
-10.22409
-9.925925
-9.663659
-9.477785
-9.405051
-5.656736
-5.516739
-4.961239
-3.948822
-2.339115
0.06098351
3.553419
8.337016
14.74334
23.15132
31.82317
41.19808
46.02994
40.01651
29.68702
17.06294
7.482209
1.486942
-2.118503
-4.217154
-5.401618
-6.041823
-6.355343
-6.48882
-6.527207
-6.520382
-1.771891
-1.599888
-0.944521
0.2173759
1.980735
4.475866
7.863662
12.26537
17.74576
24.00288
30.4486
35.71673
38.16921
34.93952
28.42394
20.42965
13.03403
7.335308
3.297498
0.5550289
-1.25638
-2.423546
-3.142114
-3.557243
-3.762784
-3.807906
1.500584
1.674377
2.33912
3.500627
5.210419
7.538409
10.55241
14.27479
18.6246
23.2447
27.56505
30.72186
31.8825
29.99699
25.85073
20.54134
15.16276
10.48344
6.766521
3.980227
1.966949
0.5621937
-0.3748053
-0.9591668
-1.271858
-1.351947
4.184054
4.3403
4.955416
6.024468
7.566397
9.606825
12.15308
15.16447
18.48578
21.82309
24.72969
26.70487
27.28872
26.05311
23.30336
19.64816
15.72658
12.04578
8.886936
6.343118
4.384093
2.93957
1.927268
1.267788
0.9020549
0.804182
6.332946
6.465659
7.004057
7.935971
9.260173
10.97323
13.04982
15.41785
17.91826
20.31972
22.31003
23.58725
23.88708
23.01127
21.10119
18.49916
15.59499
12.72775
10.1316
7.928093
6.150785
4.785031
3.792644
3.126028
2.748405
2.646918
8.015324
8.128498
8.587045
9.373299
10.47354
11.86812
13.51721
15.34145
17.20655
18.93682
20.31919
21.16265
21.30744
20.65015
19.26677
17.35777
15.16833
12.9309
10.82702
8.972005
7.422875
6.194043
5.274916
4.642636
4.278669
4.181851
9.304632
9.404825
9.792324
10.44624
11.34457
12.45926
13.74603
15.13182
16.51163
17.75592
18.71978
19.27674
19.32581
18.80842
17.76814
16.32885
14.64995
12.89283
11.19532
9.656451
8.335621
7.259754
6.434673
5.855036
5.516041
5.42572
10.27339
10.36383
10.69103
11.23324
11.96455
12.85248
13.85292
14.90278
15.92143
16.81484
17.48372
17.8428
17.82564
17.39821
16.58699
15.47103
14.15803
12.76194
11.38593
10.11084
8.99129
8.057802
7.325522
6.800783
6.488394
6.401846
10.98714
11.0665
11.34105
11.79087
12.38983
13.10458
13.89262
14.69977
15.46238
16.11122
16.57647
16.79951
16.73624
16.36588
15.70701
14.81236
13.75649
12.62197
11.4867
10.41532
9.455923
8.63986
7.987448
7.512127
7.224609
7.138085
11.49891
11.56397
11.79134
12.16465
12.66036
13.24711
13.88518
14.52674
15.11912
15.60808
15.94185
16.07766
15.98546
15.65238
15.09238
14.34366
13.46042
12.50445
11.5365
10.60974
9.766909
9.039171
8.449991
8.016663
7.74972
7.664942
11.84594
11.89505
12.08203
12.39423
12.81206
13.30753
13.84484
14.38025
14.86774
15.26132
15.51858
15.60525
15.49843
15.18993
14.69123
14.03213
13.25545
12.41077
11.54829
10.71412
9.9484
9.281641
8.73861
8.339174
8.090056
7.950781
12.05079
12.08449
12.24181
12.51168
12.87807
13.31629
13.79417
14.27025
14.70223
15.04781
15.26832
15.33285
15.22133
14.92726
14.4612
13.8488
13.12722
12.34013
11.53264
10.74785
10.02497
9.393729
8.877069
8.485586
8.140152
7.280325
12.12951
12.14173
12.28156
12.53321
12.87955
13.29738
13.75555
14.21509
14.63402
14.97007
15.18466
15.2468
15.13654
14.84753
14.38996
13.78853
13.0792
12.30463
11.50932
10.73608
10.02334
9.401073
8.889467
8.444326
7.258964
0
