0.0000000 0.0000000
0.0000000 0.0000000
0.0000000 0.0000000
0.0000000 0.0000000
0.0000000 0.0000000
0.0000000 0.0000000
0.0000000 0.0000000
0.0000000 0.0000000
0.0000000 0.0000000
0.0000000 0.0000000
0.0000000 0.0000000
0.0000000 0.0000000
0.0000000 0.0000000
0.0000000 0.0000000
0.0000000 0.0000000
0.0000000 0.0000000
0.0000000 0.0000000
0.0000000 0.0000000
0.0000000 0.0000000
0.0000000 0.0000000
0.0000000 0.0000000
0.0000000 0.0000000
0.0000000 0.0000000
0.0000000 0.0000000
0.0000000 0.0000000
0.0000000 0.0000000
0.0000000 0.0000000
-0.1602883 0.2008497
-1.7753333 1.1593019
-1.6381421 2.4559567
-0.9730897 3.5271940
-0.7400422 4.2304635
-0.7679073 5.0026169
-0.9467854 5.8934708
-1.3044384 6.9877286
-2.0709405 8.4189920
-3.7464592 10.5813532
-8.6143913 13.1911154
9.1885223 19.1559849
17.8727627 -11.7013254
-7.9271965 -9.4951496
-2.2781403 -7.4590664
-2.1119277 -4.8596392
-1.3494211 -3.5434239
-0.8654092 -2.6048861
-0.5902538 -1.9628397
-0.4263806 -1.4949919
-0.3293318 -1.1343473
-0.3193673 -0.8308997
-0.4191567 -0.4435348
-0.3112744 -0.1122204
0.0000000 0.0000000
0.0000000 0.0000000
-1.0225343 0.4111359
-3.2431953 1.6753612
-2.4126823 2.4670801
-1.6645088 3.1794705
-1.5547594 3.9495142
-1.6750753 4.8141389
-1.9307554 5.6388550
-2.4443977 6.4692736
-3.5192192 7.3227859
-5.6673508 7.7464771
0.3419197 8.1655788
17.4747944 10.1810350
31.2617779 -7.0185585
-0.0662937 -2.6736844
-5.5245390 -4.9254885
-2.7804439 -4.2369642
-2.1240253 -2.9753897
-1.4649279 -2.1688528
-1.0388173 -1.6691362
-0.7842038 -1.3040040
-0.6296949 -0.9887781
-0.5806748 -0.7291250
-0.7449012 -0.4433012
-0.6602701 -0.1581999
0.0000000 0.0000000
0.0000000 0.0000000
-2.3348954 0.6754324
-4.1974549 1.9402221
-2.8960295 2.3728609
-2.4353957 3.1099942
-2.4084980 3.9013162
-2.4599373 4.6750607
-2.6457076 5.3423314
-3.0570447 5.8361483
-3.9078064 5.9496160
-5.8907661 5.3491197
-2.9857197 -0.9208928
21.1097145 7.1665406
35.0081520 -2.0949004
-5.5164638 -2.6989498
-10.1431398 1.9830003
-5.1501493 -0.6239890
-2.7818682 -1.4843546
-1.8407844 -1.4699379
-1.3328177 -1.3000971
-1.0470936 -1.0976341
-0.8841912 -0.8749092
-0.8113563 -0.6536399
-0.9715374 -0.4501173
-1.0235801 -0.1836736
0.0000000 0.0000000
0.0000000 0.0000000
-3.9375324 0.8620265
-4.7470469 2.0201585
-3.4538264 2.3508902
-3.2541728 3.1576028
-3.1811759 3.9341159
-3.1452868 4.6576710
-3.1522257 5.2506366
-3.2575955 5.5833759
-3.5384066 5.4933591
-4.2076511 4.2548070
3.7711582 -3.5550373
13.9419575 4.0192447
36.1286850 -3.7282190
13.2567310 1.2006900
-4.5079966 0.4328790
-3.7425849 -0.1946595
-2.4189148 -0.6575704
-1.8010370 -0.9281192
-1.4218912 -0.9776983
-1.1971474 -0.9082155
-1.0708649 -0.7754153
-1.0095087 -0.5944815
-1.1437191 -0.4407543
-1.3755649 -0.1956319
0.0000000 0.0000000
0.0000000 0.0000000
-5.5434594 0.9586267
-5.0950489 1.9885296
-4.1562400 2.4092035
-4.0523834 3.2432141
-3.9465060 4.0310259
-3.7964108 4.8211093
-3.6770804 5.5221963
-3.4850380 6.0328279
-2.9682486 5.9410625
-2.1033478 4.5788236
6.1199636 -2.7865520
13.1148901 1.9910849
36.8630066 11.4122171
3.2245004 1.2704010
-2.3222308 0.5204821
-2.4056680 0.0926963
-1.8102024 -0.3029146
-1.5628740 -0.6485419
-1.3798157 -0.7893210
-1.2627145 -0.7914638
-1.2021222 -0.7137312
-1.1799284 -0.5635698
-1.2916244 -0.4311614
-1.6964697 -0.2063914
0.0000000 0.0000000
0.0000000 0.0000000
-6.9603500 0.9795477
-5.4697022 1.9095051
-4.9596124 2.4997272
-4.8599715 3.3478973
-4.7545624 4.2036748
-4.6554093 5.1622882
-4.5173578 6.1388268
-3.8681853 6.7288170
-2.1294026 6.3220167
0.2359878 4.3861718
8.7162838 -1.2096251
11.2625866 0.3564751
35.2512131 -1.9173857
0.9091561 -0.3020697
-1.9763123 -0.2639042
-1.7312762 -0.1351247
-1.3010172 -0.3093375
-1.2892021 -0.6072888
-1.2909360 -0.7583309
-1.2912354 -0.7763691
-1.3064495 -0.7119776
-1.3359088 -0.5717114
-1.4382277 -0.4366142
-1.9877144 -0.2215279
0.0000000 0.0000000
0.0000000 0.0000000
-8.1227131 0.9585283
-6.0137658 1.8285539
-5.8145900 2.5783529
-5.7254314 3.4612739
-5.7255597 4.4413953
-5.8178096 5.6112132
-5.5105572 6.6191926
-3.7043178 6.7615242
-0.6993880 5.6728334
2.8611679 3.7820454
11.2619848 -1.3884848
13.4343338 0.1025633
34.3496971 1.0279188
0.4555211 -1.1399435
-1.8412616 -0.5919857
-1.3921312 -0.3523513
-0.9455036 -0.5134928
-1.0665410 -0.7669504
-1.2196085 -0.8803079
-1.3286319 -0.8675964
-1.4174533 -0.7782958
-1.4972848 -0.6225704
-1.6013880 -0.4641999
-2.2610681 -0.2434628
0.0000000 0.0000000
0.0000000 0.0000000
-9.0466928 0.9207804
-6.7437048 1.7542282
-6.7073817 2.6181092
-6.6799459 3.5568733
-6.9070487 4.6721916
-7.0907679 5.9665732
-5.9408221 6.5313911
-2.6845770 5.9114809
1.0672535 4.5061383
5.1159892 2.8246150
13.5823936 -1.8315513
14.5021868 -1.6241618
36.3820572 -1.7903137
-0.0074189 -1.6086980
-0.9911587 -0.5098310
-0.9823597 -0.6861579
-0.6511946 -0.9476460
-0.9254139 -1.1106652
-1.2104961 -1.1374177
-1.4138757 -1.0534605
-1.5647254 -0.9071690
-1.6851736 -0.7122652
-1.7960773 -0.5137528
-2.5306683 -0.2714126
0.0000000 0.0000000
0.0000000 0.0000000
-9.7733383 0.8799534
-7.6015568 1.6795416
-7.6342788 2.5994828
-7.7246847 3.5908501
-8.2912884 4.8347826
-8.0416393 5.9550714
-5.4117236 5.7145371
-1.2073333 4.5341811
2.7928884 2.8844721
6.8879223 1.4971554
15.6981325 -1.6943978
16.3182240 -1.5736008
35.2112846 -3.9967756
1.5571028 -1.4540882
1.1766917 -0.8585535
-0.0600436 -1.5326005
-0.3633304 -1.6383121
-0.8850180 -1.6288573
-1.2999828 -1.5098678
-1.5802461 -1.3142322
-1.7732264 -1.0833553
-1.9170799 -0.8295197
-2.0343094 -0.5787598
-2.8058548 -0.3029457
0.0000000 0.0000000
0.0000000 0.0000000
-10.3295879 0.8331023
-8.5075788 1.5906913
-8.5765915 2.5106461
-8.8356256 3.5096457
-9.6912622 4.7697964
-8.1805553 5.2836609
-4.0859790 4.3189931
0.3580908 2.8657413
4.1943932 1.2183207
7.8694034 -0.0299349
16.3910198 -2.1944652
17.6418476 -5.2212052
35.2474594 -2.8972666
7.3959928 -0.9784564
1.3579104 -3.1404808
0.0971234 -2.9295318
-0.4347317 -2.5904195
-1.0602055 -2.2827511
-1.5443430 -1.9576463
-1.8577627 -1.6184536
-2.0623109 -1.2841660
-2.2058518 -0.9579419
-2.3228383 -0.6487461
-3.0881193 -0.3342403
0.0000000 0.0000000
0.0000000 0.0000000
-10.7379169 0.7794589
-9.3886213 1.4771209
-9.4979248 2.3447285
-10.0002260 3.2998743
-10.5888605 4.3001776
-7.5824904 4.1435118
-2.3881390 2.6947548
1.7792933 1.4367768
5.6570759 -0.0932618
8.6683474 -1.7007169
14.6889229 -1.7279949
28.0126190 -10.7314768
7.4362392 -5.6965981
3.7139530 -5.6487732
0.7676384 -5.3640981
-0.5705364 -4.5939159
-1.0114198 -3.6859584
-1.5192239 -2.9968059
-1.9834526 -2.4281528
-2.2668526 -1.9267983
-2.4416263 -1.4808103
-2.5566080 -1.0782307
-2.6619124 -0.7110645
-3.3712182 -0.3600110
0.0000000 0.0000000
0.0000000 0.0000000
-11.0138245 0.7111834
-10.1873140 1.3394386
-10.3538361 2.1157665
-11.0992298 2.9172375
-10.6757889 3.5272183
-6.4366593 2.8863397
-0.9815863 1.3361205
3.2068615 -0.0608520
7.4203100 -1.5199889
10.5838823 -4.1903958
17.2797031 -4.6380343
34.4057541 -13.1193714
8.2406359 -6.5488582
3.8589625 -7.0289369
0.1618487 -7.0612659
-1.8026284 -6.0940814
-2.1087658 -4.7371464
-2.2846947 -3.6655958
-2.6293728 -2.8519099
-2.8120968 -2.1924279
-2.9099290 -1.6397474
-2.9650931 -1.1674984
-3.0423050 -0.7518844
-3.6434374 -0.3740569
0.0000000 0.0000000
0.0000000 0.0000000
-11.1917171 0.6316288
-10.8823471 1.1752174
-11.1278162 1.8530154
-11.9959526 2.4276900
-10.1498642 2.7217588
-4.9790249 1.9005811
0.0869574 0.6316794
4.7979426 -1.4795017
8.9220181 -2.6833451
12.9160385 -5.6643200
28.6439171 -13.4791603
29.8549595 -11.2108870
10.4800749 -6.4246254
4.5352287 -7.5324459
-0.2825042 -7.9052987
-3.2315395 -7.1031766
-3.6398163 -5.5819383
-3.3515248 -4.1600113
-3.4625487 -3.1490414
-3.4756083 -2.3626130
-3.4492595 -1.7244056
-3.4159832 -1.2008967
-3.4445806 -0.7563969
-3.8898950 -0.3698299
0.0000000 0.0000000
0.0000000 0.0000000
-11.3113699 0.5398674
-11.4645090 0.9841891
-11.8324833 1.5608648
-12.6987562 1.9741684
-9.2915373 2.0516624
-3.5403185 1.2158427
1.4502075 -0.2175169
6.5204105 -2.5216644
10.5832376 -3.5314989
16.8525105 -6.2275290
32.7877808 -13.4712658
15.7875042 -7.5575891
10.5593309 -6.8581634
5.3000784 -7.2323003
-0.4513878 -7.6784949
-4.4424496 -7.3643188
-5.4455452 -6.0019317
-4.6664543 -4.3903351
-4.4414535 -3.2573111
-4.2183714 -2.3865025
-4.0297675 -1.6980540
-3.8840718 -1.1541568
-3.8409920 -0.7101035
-4.0943913 -0.3416689
0.0000000 0.0000000
0.0000000 0.0000000
-11.4129572 0.4282720
-11.9514160 0.7541236
-12.4971867 1.2339629
-13.1487846 1.3983634
-8.1706438 1.3638401
-2.1373394 0.6907480
3.0559614 -0.7233429
7.9146023 -2.6829872
13.3400154 -4.6430588
23.0559139 -7.9789863
33.6153908 -12.4724102
14.3552799 -5.5120745
10.8005352 -5.9033384
5.8399253 -5.9478979
0.1692060 -6.4040813
-5.0604367 -6.7033939
-7.1420255 -5.6613255
-6.2234302 -4.2271662
-5.4920878 -3.1194415
-4.9923191 -2.2135236
-4.6066599 -1.5245540
-4.3297348 -1.0051755
-4.1936541 -0.6017946
-4.2500691 -0.2844698
0.0000000 0.0000000
0.0000000 0.0000000
-11.4850216 0.2915157
-12.3239069 0.4724913
-13.1251020 0.8630785
-13.2718287 0.7968677
-7.0891814 0.7528067
-0.8895599 0.1620827
4.4900112 -1.1293961
9.1813927 -2.5036187
15.5002232 -4.4355440
29.6473293 -10.7527218
27.2814045 -7.1381326
15.1216030 -4.7363272
10.7223234 -4.4578605
6.0067787 -4.2508783
1.2637299 -4.5395808
-4.7570081 -5.3550143
-8.3067904 -4.1596198
-7.8300366 -3.6369328
-6.5253739 -2.6591396
-5.7123532 -1.8036380
-5.1236515 -1.1814936
-4.7094178 -0.7409290
-4.4665718 -0.4242568
-4.3439369 -0.1955449
0.0000000 0.0000000
0.0000000 0.0000000
-11.5778198 0.1025048
-12.5755424 0.0588750
-13.6778049 0.3114094
-13.3561535 0.1944939
-6.2095895 0.2171723
-0.0146888 -0.2332501
5.8894167 -1.8772141
10.9140778 -3.1956706
17.5491276 -4.2743955
30.4509983 -11.2120180
19.8343391 -5.7560019
14.9074650 -4.3594713
10.1635895 -3.3047273
5.8476601 -2.7886255
1.3631786 -2.7971692
-3.9590571 -3.3453128
-8.4165506 -2.4736292
-9.4845972 -2.3505177
-7.3835621 -1.8387861
-6.3126235 -1.1212094
-5.5213675 -0.6471798
-4.9705892 -0.3554855
-4.6251588 -0.1786450
-4.3797364 -0.0715042
0.0000000 0.0000000
0.0000000 0.0000000
-11.4800072 -0.1630655
-12.5945549 -0.5046165
-14.0760918 -0.5207462
-13.1407166 -1.1520542
-5.4002967 -0.8116699
0.3351498 -1.0233674
6.7632360 -1.8548893
11.8469925 -3.1217544
20.0565357 -4.4298730
34.4086914 -6.7179136
14.5173588 -5.2386670
13.2269497 -3.3766396
9.1038408 -1.9714158
5.8520942 -1.4810500
0.7716278 -1.2808921
-3.2547936 -1.0530875
-8.5120773 -0.6341444
-10.5598555 -0.9806597
-8.0781860 -0.5144424
-6.6825290 -0.1420469
-5.7227435 0.0577050
-5.0660148 0.1295110
-4.6484551 0.1243370
-4.3524828 0.0744261
0.0000000 0.0000000
0.0000000 0.0000000
-11.0322628 -0.5222497
-12.2296667 -1.2868464
-14.0146990 -1.7709945
-12.9642544 -2.5253561
-5.6756845 -1.4617007
1.2233478 -2.6085258
7.1557574 -1.9592638
11.5966787 -2.6537921
21.6708603 -4.0178742
36.7007103 -12.3428383
13.2315016 -4.0774045
11.4271526 -2.3688464
7.6592131 -0.4575257
5.9490323 -0.2777076
0.8996390 0.2956770
-3.1708617 0.8904306
-8.3836098 1.7769821
-11.1967134 1.5525020
-8.2725182 1.0591656
-6.7251549 1.0091654
-5.6704388 0.8626531
-4.9557247 0.6751326
-4.4989424 0.4618162
-4.1755695 0.2341174
0.0000000 0.0000000
0.0000000 0.0000000
-10.1604309 -0.9415712
-11.3419027 -2.2239749
-13.3237286 -3.4167809
-13.0616436 -4.6011176
-5.2478991 -4.1870823
1.1407702 -3.4805982
8.1085806 -3.5917819
12.2581320 -3.3667371
36.0678902 -8.1703768
25.3343925 -5.2905192
11.1387997 -2.6845682
9.2151470 -1.1933112
6.9217405 0.2817988
4.1735787 1.0893527
-0.3140841 2.3342822
-4.0769506 2.8701134
-8.7354965 3.7651107
-10.3365946 4.1736093
-7.9050231 2.8321033
-6.3719301 2.2242663
-5.3230276 1.7072238
-4.6110344 1.2423433
-4.1568522 0.8118537
-3.8362515 0.3930173
0.0000000 0.0000000
0.0000000 0.0000000
-8.8177137 -1.3721988
-9.8856659 -3.1189728
-11.5881100 -5.1339583
-12.4681082 -7.9374614
-5.4219861 -7.4540429
0.2583609 -4.8386421
6.7022705 -4.7608619
16.5214558 -5.8907251
34.5356750 -7.9947028
24.2712669 -5.5271101
10.4897738 -1.1831428
7.6705961 0.6901191
5.2095895 1.9969635
3.1977212 3.7074404
-0.9090874 5.3546319
-3.8741326 6.3267779
-9.3517513 8.0163078
-9.1189299 5.8861141
-6.9518728 4.3694220
-5.6269908 3.3318019
-4.6912398 2.4907455
-4.0460248 1.7781699
-3.6216395 1.1450654
-3.3226416 0.5587194
0.0000000 0.0000000
0.0000000 0.0000000
-7.0688453 -1.7918465
-7.8695560 -3.9739821
-8.9530401 -6.4298415
-9.7310143 -9.7479887
-5.4688692 -12.0214853
1.2113441 -10.3120031
8.7110710 -9.5500803
22.5400944 -11.3481741
32.0931015 -5.1868963
16.9086399 -2.1972196
9.6358337 2.7671893
4.7581582 4.0381751
2.6839423 5.3264465
1.7082304 8.6281080
-2.5447469 9.7915773
-6.5236597 11.9968891
-8.2771044 11.1573696
-6.7289844 7.6534152
-5.3997264 5.7014623
-4.4500608 4.2673330
-3.7446554 3.1496246
-3.2410069 2.2160559
-2.9124632 1.4015512
-2.6279793 0.6845448
0.0000000 0.0000000
0.0000000 0.0000000
-4.8619604 -2.3123803
-5.4866195 -4.9176440
-6.1455741 -7.5690889
-6.6444559 -10.9821815
-5.2629728 -14.7179279
0.2493611 -17.7988853
10.6849251 -15.3515253
18.6103344 -12.0282125
25.3424473 -7.4629445
9.9936829 4.0664206
9.4346123 7.9213252
3.8081908 9.7865705
-1.9870629 13.1856279
1.0002276 12.8965063
-2.6442609 16.0485229
-5.0102482 14.8402481
-4.9720187 11.2733316
-4.5178614 8.8991365
-3.8259161 7.1992207
-3.1334889 5.6279664
-2.5956216 4.2132940
-2.2302017 2.9731209
-2.0154040 1.8659632
-1.9268726 0.8590803
0.0000000 0.0000000
0.0000000 0.0000000
-2.1841755 -2.9005587
-2.6008863 -6.3953180
-3.2037642 -10.0285864
-3.6806629 -13.4792404
-3.6423321 -15.6636686
-1.3674996 -14.6315508
2.7707360 -13.1045456
6.6743102 -5.9878888
8.4700689 4.9865928
7.0615497 9.9110327
4.9516559 14.9425201
1.8416421 18.9487057
0.4184197 18.2592278
-0.8731772 19.1603241
-2.0866914 19.1615868
-2.4994893 17.6574841
-2.4016891 15.8249159
-2.0569301 13.1039171
-1.6174310 10.1289968
-1.2392318 7.6390319
-0.9974021 5.5978150
-0.8547762 3.8965781
-0.7771515 2.4034696
-0.8891306 0.7216454
0.0000000 0.0000000
0.0000000 0.0000000
0.0000000 0.0000000
0.0000000 0.0000000
0.0000000 0.0000000
0.0000000 0.0000000
0.0000000 0.0000000
0.0000000 0.0000000
0.0000000 0.0000000
0.0000000 0.0000000
0.0000000 0.0000000
0.0000000 0.0000000
0.0000000 0.0000000
0.0000000 0.0000000
0.0000000 0.0000000
0.0000000 0.0000000
0.0000000 0.0000000
0.0000000 0.0000000
0.0000000 0.0000000
0.0000000 0.0000000
0.0000000 0.0000000
0.0000000 0.0000000
0.0000000 0.0000000
0.0000000 0.0000000
0.0000000 0.0000000
0.0000000 0.0000000
0.0000000 0.0000000
0.0000000 0.0000000
0.2261076 -0.2581908
0.0000000 0.0000000
0.4171360 -0.1479014
-0.2060052 -0.2297275
-0.2264334 -0.0632016
0.0000000 0.0000000
-1.3135384 0.2729070
-0.5628958 0.9328119
-0.5756868 1.9872307
0.0000000 0.0000000
-1.7356387 1.8705329
-0.5243333 2.9466431
-0.4778533 3.7845390
0.0000000 0.0000000
-1.2315534 3.1178052
-0.3657254 4.4711704
-0.3230586 4.9993362
0.0000000 0.0000000
-0.8184278 3.8988531
-0.2901738 5.4960570
-0.2942667 5.9683414
0.0000000 0.0000000
-0.7327265 4.6141987
-0.3094941 6.4689140
-0.3496971 6.9715071
0.0000000 0.0000000
-0.8299641 5.4225726
-0.3812615 7.5990729
-0.4614581 8.2279587
0.0000000 0.0000000
-1.0677240 6.3785405
-0.5242532 9.1162081
-0.6893078 9.9634571
0.0000000 0.0000000
-1.5369732 7.5814352
-0.8450261 11.4224033
-1.1787260 12.7406454
0.0000000 0.0000000
-2.5535743 9.4712667
-1.6847279 15.2145176
-1.9772162 18.0184326
0.0000000 0.0000000
-4.8498693 13.9707651
-1.7815980 21.1926537
-2.5125554 24.9365425
0.0000000 0.0000000
2.8771858 13.4296923
4.1944394 17.3071671
8.9210386 11.1432753
0.0000000 0.0000000
19.7244072 3.8651686
11.0232134 -10.4313173
-2.3923655 -9.4196291
0.0000000 0.0000000
9.0623989 -5.6334991
-0.0992832 -12.4651709
-0.3210368 -13.5357676
0.0000000 0.0000000
-7.7514710 -10.8125849
-0.6188244 -9.0336351
-0.5563195 -7.0980620
0.0000000 0.0000000
-2.0701618 -5.9667773
-0.6731635 -6.4609041
-0.4604884 -5.2324634
0.0000000 0.0000000
-1.7905062 -4.0011435
-0.4159647 -4.5424228
-0.3475500 -3.7131579
0.0000000 0.0000000
-1.0850514 -2.9701564
-0.2989066 -3.2543306
-0.2437335 -2.7175112
0.0000000 0.0000000
-0.7110500 -2.2219596
-0.2048477 -2.3888483
-0.1735887 -2.0331254
0.0000000 0.0000000
-0.4987126 -1.7012662
-0.1478687 -1.7825613
-0.1302340 -1.5272446
0.0000000 0.0000000
-0.3716188 -1.3018012
-0.1141920 -1.3346010
-0.1020290 -1.1271189
0.0000000 0.0000000
-0.3133996 -0.9789929
-0.1042407 -0.9478922
-0.1196243 -0.7527274
0.0000000 0.0000000
-0.3589726 -0.6657042
-0.1415441 -0.5099929
-0.1424606 -0.2673743
0.0000000 0.0000000
-0.4152188 -0.2566241
-0.0816832 -0.0982905
-0.0128781 0.0751537
0.0000000 0.0000000
0.0110351 0.0312881
0.0000000 0.0000000
0.0000000 0.0000000
0.6835960 -0.1210234
0.5684347 -0.0050819
-0.6918887 0.1676721
-1.7193974 0.6522769
-2.6144559 0.9162672
-2.3834589 1.4418918
-2.4095683 2.0950081
-2.8411660 2.1344936
-1.9139323 2.6375945
-1.5465622 3.0753934
-1.9536884 2.8062823
-1.2814656 3.3973951
-1.1618438 3.7689719
-1.5729561 3.5308335
-1.1430596 4.1396275
-1.1872905 4.5569258
-1.5931616 4.3755703
-1.2601619 5.0182724
-1.3866193 5.4302454
-1.7634631 5.1936049
-1.5124036 5.9616990
-1.7509695 6.3741927
-2.1097534 5.9605293
-1.9978964 7.0410514
-2.4929769 7.4524570
-2.8434188 6.6307387
-3.0016782 8.4393644
-4.2346306 8.7263222
-4.4155779 6.8857527
-5.6778564 10.2351255
-8.9949102 11.4381800
-10.1863594 7.5007668
-1.7338010 8.6116562
6.6639690 11.3093691
10.9073811 11.0045366
11.3368921 8.7286215
21.8844395 7.6695104
30.0032253 6.2097292
19.9041882 -9.9615726
18.0063419 -2.5133758
18.2156849 -3.4018519
0.8279190 -7.1475177
-10.1485167 -8.1116295
-7.8784652 -5.7997046
-3.6340246 -7.0201750
-3.2850971 -6.1544542
-3.5715227 -5.8447976
-3.1167200 -4.7519917
-2.2304103 -3.4553397
-2.2885029 -2.9898589
-1.8060863 -3.2198446
-1.4192430 -2.6447864
-1.7350746 -2.3033817
-1.1351279 -2.3812480
-0.9414089 -2.0286551
-1.2200007 -1.8629391
-0.7850416 -1.7966095
-0.6751134 -1.5665414
-0.8947639 -1.4813926
-0.5824754 -1.3719672
-0.5196750 -1.2024418
-0.6975939 -1.1533512
-0.4634628 -1.0373070
-0.4347029 -0.8938755
-0.5895607 -0.8596298
-0.4320852 -0.7583315
-0.4801471 -0.6103163
-0.6328090 -0.6079575
-0.5710538 -0.4175031
-0.6121426 -0.2693603
-0.7838962 -0.3039543
-0.4783291 -0.1204098
0.0477525 -0.0033753
-0.0151802 -0.0320531
0.0000000 0.0000000
0.0000000 0.0000000
0.4109900 0.0555506
0.1487601 0.1481706
-1.7038772 0.5028245
-3.2511983 1.1828680
-3.9153049 1.3615553
-3.7021616 1.8492825
-3.2531340 2.1531794
-3.4980533 2.1436751
-2.6229444 2.4396074
-2.2106225 2.7578046
-2.5831988 2.6925991
-2.0167310 3.1110203
-1.9711416 3.5054021
-2.4032793 3.4765761
-1.9787165 3.9243464
-2.0345371 4.3327904
-2.4128242 4.2776599
-2.0841393 4.7557158
-2.1997952 5.0906010
-2.5167170 4.9788909
-2.3083591 5.5126114
-2.5480008 5.7568965
-2.7806277 5.5451903
-2.7691376 6.2027121
-3.2299743 6.2891216
-3.3259647 5.9069080
-3.6290581 6.6737518
-4.3424549 6.6705456
-4.3448858 6.0375867
-4.4974265 6.8535752
-9.4537230 7.6343489
-9.5320110 7.1417036
-8.8129387 6.0982270
7.6421542 6.3412733
12.7976503 1.8370590
18.0919838 7.6655717
23.9076252 8.0082397
31.5614491 3.3235271
33.1897240 -3.7781010
24.2582626 0.4838624
32.6618919 6.2223239
-3.8743756 -3.9353633
-6.7411585 -3.6661634
-5.6882138 -0.2795912
-7.4979596 -0.6349840
-5.7878819 -4.9650140
-8.9708176 -2.3116899
-3.3391631 -3.2325573
-2.8548455 -2.8346007
-4.0306501 -2.1685443
-2.3616817 -2.3649049
-1.9545118 -2.0543914
-2.3050818 -1.7027624
-1.6173120 -1.8128765
-1.3756704 -1.6660488
-1.5649940 -1.4523495
-1.1661282 -1.4750185
-1.0263364 -1.3536777
-1.1734912 -1.2335141
-0.9023910 -1.1932405
-0.8225381 -1.0782419
-0.9552765 -1.0133207
-0.7496134 -0.9249145
-0.7152570 -0.8166604
-0.8370981 -0.7798589
-0.6925013 -0.6876139
-0.7406381 -0.5814005
-0.8526154 -0.5670046
-0.8514475 -0.4405168
-0.9307114 -0.3279077
-1.0689027 -0.3401737
-0.8322796 -0.1743076
-0.0731957 -0.0464654
-0.1626203 -0.0592889
0.0000000 0.0000000
0.0000000 0.0000000
-0.2600647 0.2075900
-0.7241381 0.2872842
-3.1506836 0.7556776
-4.5020294 1.5127934
-4.9882402 1.6008564
-4.4797912 2.0147898
-3.7301371 2.1149168
-3.9468508 2.0990982
-3.1617429 2.3483038
-2.9112613 2.7156610
-3.3059082 2.7269590
-2.8235788 3.1122534
-2.8115387 3.5070403
-3.2158062 3.5180326
-2.7847214 3.8998384
-2.7914069 4.2785187
-3.1597459 4.2718086
-2.8011703 4.6383257
-2.8524394 4.9472799
-3.1538949 4.9216447
-2.9026594 5.2560992
-3.0231516 5.4479833
-3.1843326 5.3640389
-3.1331077 5.6342793
-3.4257102 5.6136742
-3.3253224 5.3926082
-3.7034512 5.6434278
-4.3921499 5.0927052
-3.8314281 4.5850673
-5.1259274 5.0897908
-10.3475208 4.2526793
-7.7241373 3.4210305
0.8198670 -4.5807757
9.3628054 0.4604149
8.4328451 0.5909598
16.1823730 4.7805667
20.5764217 6.1343064
25.0419827 5.3952274
30.7953854 0.4118798
35.6358986 1.1999605
25.6188984 12.7597847
-2.4508617 -0.4853758
-2.8189538 2.6563070
6.4813709 5.4679971
-8.5928717 1.9544466
-6.7726140 0.6612005
-3.2331135 2.6271079
-4.5397749 0.2552671
-3.5523894 -0.8316908
-2.6694517 0.0414728
-2.6517804 -0.9318292
-2.2097952 -1.1599109
-1.9965676 -0.7832330
-1.8424301 -1.1539423
-1.5947595 -1.1948106
-1.5777121 -0.9928010
-1.3801513 -1.1164186
-1.2446581 -1.0961440
-1.2929133 -0.9820291
-1.1204865 -0.9915314
-1.0458486 -0.9371471
-1.1240206 -0.8743141
-0.9754624 -0.8181216
-0.9422998 -0.7431439
-1.0337497 -0.7102416
-0.9111468 -0.6215467
-0.9475731 -0.5435213
-1.0380312 -0.5267171
-1.0536283 -0.4425884
-1.1808677 -0.3461399
-1.2940190 -0.3474415
-1.1896199 -0.1913351
-0.2653323 -0.0666957
-0.3742711 -0.0736896
0.0000000 0.0000000
0.0000000 0.0000000
-1.2963948 0.3439345
-1.9331814 0.4024464
-4.7461996 0.9112851
-5.4339228 1.6554710
-5.7730231 1.6736929
-4.9299631 2.0278001
-4.1626434 2.0791340
-4.4417229 2.0830052
-3.7882941 2.3630927
-3.6922314 2.7828460
-4.0968485 2.8218708
-3.6411278 3.1842124
-3.5965979 3.5821457
-4.0079880 3.6150775
-3.5511096 3.9547353
-3.5069792 4.3455048
-3.9131637 4.3815312
-3.4812477 4.6728296
-3.4008539 5.0368681
-3.8056600 5.1063180
-3.3899455 5.2837920
-3.3292143 5.5299220
-3.6155641 5.7501545
-3.2601376 5.7000632
-3.2334492 5.6656775
-3.2738221 6.0713105
-3.1420732 5.5632887
-3.0093114 5.2172208
-2.5745118 5.4755836
-2.4801846 3.7682638
-4.6493864 4.4039240
-3.9677701 4.5884275
4.6088500 -3.4362297
8.3568830 0.0303789
9.1051388 1.4319977
12.5747118 1.5323207
16.3394661 2.4484360
17.4922600 0.5983878
35.6585922 3.4514720
31.0116806 5.3565793
29.5920544 3.5970120
-1.9357975 0.4079388
-1.4740248 5.1935735
-2.0489278 1.3729880
-3.2060020 0.7087219
-3.2700326 1.4421047
-2.8180254 1.0627047
-2.8518059 0.3256240
-2.5246966 -0.0019391
-2.0572798 0.1517203
-2.0535131 -0.3311632
-1.8760928 -0.6177735
-1.6320448 -0.4681145
-1.6785650 -0.7325211
-1.5460068 -0.8535172
-1.4571433 -0.7530648
-1.4037982 -0.8557019
-1.3196650 -0.8924900
-1.3120292 -0.8291098
-1.2329279 -0.8345738
-1.1862278 -0.8207279
-1.2258970 -0.7835822
-1.1378980 -0.7354935
-1.1187181 -0.6839452
-1.1867994 -0.6651142
-1.0967416 -0.5745702
-1.1250914 -0.5108992
-1.2032102 -0.5006391
-1.2164059 -0.4334903
-1.3837181 -0.3456582
-1.4796706 -0.3436743
-1.5239558 -0.2012315
-0.4966175 -0.0779732
-0.6176096 -0.0819936
0.0000000 0.0000000
0.0000000 0.0000000
-2.6172910 0.4433725
-3.3490882 0.4740222
-6.2496390 0.9759791
-6.0959630 1.6613070
-6.3562336 1.6361855
-5.2864099 1.9591192
-4.7238927 2.0896611
-5.0817099 2.1090534
-4.5405569 2.4424419
-4.5005760 2.8848307
-4.9196486 2.9263198
-4.4492693 3.2822556
-4.3876038 3.6969461
-4.8262434 3.7538178
-4.3444061 4.0780101
-4.2380610 4.5465693
-4.7685051 4.6248865
-4.2413239 4.8957176
-4.0929594 5.4087486
-4.6806965 5.6092577
-4.0479908 5.7556562
-3.8698277 6.1903515
-4.2746725 6.5346327
-3.5626309 6.4439044
-3.1264307 6.4927120
-3.0759795 6.6741953
-2.4339566 6.2190890
-1.5233079 5.6763873
-0.9254462 5.4255261
-0.6115689 4.3326516
-2.4001923 4.4672489
-0.9350565 3.3622491
7.8530750 -1.3960166
9.6004696 2.2199667
9.4920588 1.5072898
12.6036224 1.8482167
16.6926174 1.8086361
20.1671009 0.9610167
31.4713345 -2.8699670
33.9363060 -0.8893580
25.7017193 2.0264454
1.6230223 0.4565634
-0.5478561 1.5458270
0.0176100 1.4595176
-2.3863258 -0.1693078
-2.3170326 0.9281474
-2.1239624 0.6737050
-2.0582705 0.0123678
-1.7930012 0.0949186
-1.5224930 -0.0095555
-1.5364680 -0.2475244
-1.4736940 -0.4500284
-1.2609417 -0.4749212
-1.4264160 -0.5898910
-1.3975087 -0.7178253
-1.2904633 -0.7215120
-1.3408090 -0.7484837
-1.3185203 -0.8024641
-1.2878649 -0.8019543
-1.2832968 -0.7680178
-1.2737874 -0.7678692
-1.2955823 -0.7685769
-1.2587782 -0.7030810
-1.2612187 -0.6590249
-1.3179271 -0.6617162
-1.2607001 -0.5619814
-1.2881856 -0.4979658
-1.3624237 -0.4999460
-1.3653438 -0.4312593
-1.5584730 -0.3428843
-1.6465365 -0.3433855
-1.8284171 -0.2135209
-0.7532484 -0.0849416
-0.8834513 -0.0875019
0.0000000 0.0000000
0.0000000 0.0000000
-4.0840011 0.4897842
-4.8360724 0.4948730
-7.5308847 0.9759336
-6.6241374 1.5909657
-6.8788404 1.5471530
-5.7415762 1.8694944
-5.4399548 2.1329217
-5.8554316 2.1523581
-5.3738351 2.5330453
-5.3304391 2.9857504
-5.7758417 3.0217001
-5.2848005 3.3922741
-5.2290945 3.8588243
-5.7317963 3.9312670
-5.2290611 4.2864628
-5.1835184 4.8523479
-5.8244762 5.0008416
-5.2323785 5.3284316
-5.1149516 5.9819818
-5.7595072 6.1986289
-4.9454112 6.4367781
-4.5752220 6.7970805
-4.7301779 6.9421563
-3.7292793 6.9502983
-2.5956807 6.6784968
-2.2336662 6.2879305
-1.1647736 6.1146150
0.4433828 5.1752143
0.9742244 4.6522212
1.9541270 4.1629562
0.5106840 3.2401762
1.6099420 3.1698339
10.1123991 -1.3166440
9.8472643 0.8169500
12.1639576 0.6939166
11.2226171 0.1487607
18.8650246 0.5642534
17.0250378 -0.6696662
33.7517586 -1.8119445
33.8564377 0.1413222
22.4259472 1.5921192
0.7344843 -1.0076085
0.3292857 0.8495178
-1.5649725 0.0371729
-1.6128622 -0.5924691
-1.8249100 0.4154519
-1.9690733 -0.1241945
-1.5061349 -0.2649846
-1.3443729 -0.1838177
-1.1886106 -0.4375329
-1.1130260 -0.3765702
-1.1461310 -0.5768036
-0.9687001 -0.7097915
-1.1890796 -0.6563811
-1.2482585 -0.7802798
-1.1499475 -0.8642099
-1.2675555 -0.7973677
-1.3026307 -0.8409579
-1.2750330 -0.8986816
-1.3200599 -0.8074786
-1.3484474 -0.7964481
-1.3718772 -0.8359950
-1.3693230 -0.7361030
-1.3948325 -0.6815192
-1.4541247 -0.7080927
-1.4206243 -0.5915584
-1.4525537 -0.5134783
-1.5322796 -0.5294873
-1.5209450 -0.4478641
-1.7250053 -0.3483976
-1.8152870 -0.3544253
-2.1091361 -0.2320241
-1.0308230 -0.0906315
-1.1712899 -0.0931590
0.0000000 0.0000000
0.0000000 0.0000000
-5.5674438 0.4906173
-6.2951517 0.4802179
-8.5687876 0.9446487
-7.1522760 1.4917744
-7.4410586 1.4412144
-6.3764148 1.7877419
-6.2663617 2.1697507
-6.7149091 2.1751432
-6.2529836 2.5957198
-6.2062874 3.0651557
-6.6843114 3.0861979
-6.1964078 3.5011914
-6.1988559 4.0353193
-6.7769866 4.0998521
-6.3057518 4.5360599
-6.3726563 5.2200112
-7.0857139 5.3673196
-6.4310150 5.7904992
-6.2707286 6.3967834
-6.6806808 6.4924812
-5.6663465 6.7510014
-4.7103477 6.7144971
-4.4002595 6.4996061
-3.1638122 6.4716783
-1.3764248 5.8556714
-0.7919212 5.2071948
0.4752863 5.1392527
2.3063965 4.1990623
3.0585303 3.6245658
4.2136593 3.2984197
3.0323033 2.8767643
4.0018673 2.2105250
12.1037941 -1.9454019
12.5648432 -0.2630285
13.6208496 -0.8736523
14.8268166 -0.5625328
15.7864952 -1.8729913
17.7222176 -3.0370798
35.3332367 -2.8302155
32.9578819 -1.1208395
30.4173508 -1.3034415
-1.7820399 -2.1582236
-1.1374930 1.1821138
-0.8225859 1.7320225
-1.4759349 -0.2626991
-1.7455806 -0.0668815
-1.2803895 -0.0578683
-1.1987911 -0.3763724
-1.0515827 -0.6220938
-0.7991152 -0.8171642
-0.8234911 -0.6713830
-0.9142730 -0.8901842
-0.7543385 -1.0811228
-1.0245798 -0.9125107
-1.1516027 -1.0010689
-1.0797507 -1.1485727
-1.2369334 -0.9912201
-1.3194823 -0.9976670
-1.3165073 -1.1040095
-1.3861632 -0.9488675
-1.4467192 -0.9052976
-1.4900447 -0.9778724
-1.5010151 -0.8355619
-1.5463917 -0.7538128
-1.6213151 -0.8012935
-1.5965239 -0.6629857
-1.6347693 -0.5587863
-1.7291840 -0.5873259
-1.7000675 -0.4871417
-1.9025908 -0.3668380
-2.0043440 -0.3785189
-2.3792245 -0.2573771
-1.3317178 -0.0974389
-1.4857916 -0.1008793
0.0000000 0.0000000
0.0000000 0.0000000
-6.9926071 0.4654044
-7.6766944 0.4488592
-9.3924913 0.9031223
-7.7494473 1.3867366
-8.0815439 1.3341876
-7.1704006 1.7149869
-7.1550083 2.1727126
-7.6159110 2.1525860
-7.1685147 2.6115260
-7.1446519 3.0996404
-7.6471233 3.0887520
-7.2005033 3.5731671
-7.3312492 4.1727290
-7.9928713 4.2122855
-7.5861988 4.7557926
-7.7343988 5.5297642
-8.3720379 5.5748630
-7.5711074 6.0640960
-6.9815316 6.3772883
-6.9565864 6.1404591
-5.6549230 6.3554783
-3.9082067 5.8500500
-3.2567594 5.2928362
-1.9173881 5.2084312
0.0656366 4.4377851
0.8208878 3.8891916
1.9433298 3.6045582
4.0188479 2.9054501
4.9012294 2.2933736
6.1155357 2.1387246
5.4328403 1.6048256
6.6727018 0.9137411
15.1199322 -1.9595864
14.8489914 -1.2236143
15.7229891 -1.7004713
15.6706085 -1.7364868
19.2555676 -3.4877138
18.9490051 -4.0307102
29.3282623 -2.9552155
26.5188065 -1.4020126
20.3064785 -2.1999230
-1.3310912 -1.8081276
-1.2030946 2.1514387
2.5206997 3.0586286
-1.0961174 0.0215060
-0.8841849 -0.3224607
0.7283068 -0.0928430
-0.9231218 -0.9958404
-0.7538443 -1.0423071
-0.1474153 -1.2672139
-0.6785705 -1.2414398
-0.7936121 -1.3292586
-0.5862605 -1.5651218
-0.9782334 -1.3454825
-1.1472867 -1.3501168
-1.1027060 -1.5431055
-1.2921432 -1.3100238
-1.4095358 -1.2514501
-1.4451611 -1.3919808
-1.5175915 -1.1758887
-1.6002191 -1.0800723
-1.6782078 -1.1753991
-1.6814715 -0.9909927
-1.7391534 -0.8677551
-1.8412925 -0.9289142
-1.8074322 -0.7684758
-1.8504732 -0.6285993
-1.9672914 -0.6648175
-1.9161206 -0.5457447
-2.1071663 -0.3967352
-2.2267928 -0.4121454
-2.6509058 -0.2877731
-1.6618711 -0.1066151
-1.8336651 -0.1112709
0.0000000 0.0000000
0.0000000 0.0000000
-8.3300295 0.4309101
-8.9651308 0.4127042
-10.0361738 0.8585805
-8.4255772 1.2768195
-8.7881823 1.2205319
-8.0531836 1.6340939
-8.0641947 2.1196253
-8.5205469 2.0731947
-8.1092634 2.5600178
-8.1316919 3.0579739
-8.6361399 3.0039470
-8.2878017 3.5553958
-8.6469946 4.2232361
-9.3595181 4.2048607
-8.9933167 4.8299680
-8.9131002 5.5023613
-9.2230883 5.3263831
-8.1470871 5.7500138
-6.8104773 5.5828261
-6.3373337 5.0301900
-4.7786241 5.1874366
-2.5258934 4.4318495
-1.7373497 3.5828867
-0.4873857 3.6365938
1.5148829 2.9697468
2.2822473 2.0896294
3.4343174 2.0162432
5.5716033 1.4811215
6.3210831 0.7337097
7.3910446 0.7453198
8.0750198 0.0646759
9.7343721 -0.4251543
16.2961369 -2.4648628
17.3354912 -1.5433627
17.4613857 -0.5964232
18.1478329 -2.5799510
22.5795918 -7.0203404
32.5262947 -9.1820459
35.1767273 -4.6171093
-0.3819547 -3.4674611
-0.3417286 -3.3525343
6.4511485 -0.4016451
4.4328032 -0.5791894
1.6258909 -4.3948927
1.3194463 -2.1325192
0.3495378 -1.8682147
0.4726315 -2.9508824
-0.1552496 -2.2034802
-0.3439271 -2.0560181
-0.2136894 -2.6447098
-0.5341514 -2.1032972
-0.7597794 -1.9994309
-0.7401586 -2.3644319
-1.0436022 -1.9466907
-1.2590208 -1.8229544
-1.3189392 -2.0678306
-1.4615808 -1.7287496
-1.6027930 -1.5791959
-1.7074417 -1.7426918
-1.7414237 -1.4636984
-1.8338877 -1.2989974
-1.9616334 -1.4046434
-1.9313383 -1.1834357
-1.9912844 -1.0068959
-2.1300259 -1.0724549
-2.0683944 -0.8940288
-2.1115975 -0.7117389
-2.2562385 -0.7493250
-2.1788347 -0.6148860
-2.3486505 -0.4330545
-2.4894722 -0.4490337
-2.9294350 -0.3200715
-2.0278869 -0.1181699
-2.2202876 -0.1236332
0.0000000 0.0000000
0.0000000 0.0000000
-9.5692806 0.3923901
-10.1504526 0.3731614
-10.5203590 0.8066908
-9.1574125 1.1599838
-9.5318966 1.0982746
-8.9497147 1.5359056
-8.9616833 2.0079694
-9.3962641 1.9302086
-9.0453157 2.4351990
-9.1278553 2.9252269
-9.6276217 2.8360989
-9.4326591 3.4240804
-10.0695324 4.1435046
-10.6765804 4.0011468
-10.1843910 4.6174951
-9.4033699 4.9545074
-9.2989950 4.4964767
-7.9098706 4.8314638
-5.7949333 4.2570214
-5.0410209 3.5400941
-3.3007689 3.5532472
-0.9782528 2.7835579
-0.2798844 1.9709650
1.0251181 2.1226602
3.0119357 1.2826672
3.7086368 0.5487547
4.8420558 0.5144926
6.9333687 -0.1685185
7.5978918 -1.0397077
8.1907654 -0.6627057
10.4204950 -1.7005696
11.3737268 -2.3938673
15.6776056 -2.1752322
15.4853897 -0.7650998
17.5048447 -2.1826620
27.9351463 -10.1392860
34.8835526 -11.7697296
33.4742317 -10.9577208
20.6045551 -6.3635335
4.2876244 -3.1047635
4.5958204 -5.4080420
3.7492099 -5.0579581
2.2863092 -4.6461811
1.9103801 -5.8473330
1.0545144 -4.2629642
0.0888824 -4.0604134
-0.0840261 -5.0340705
-0.3805691 -3.8010697
-0.6326756 -3.4216824
-0.8576797 -4.0842590
-0.8357013 -3.1575756
-1.0613453 -2.8434534
-1.2497628 -3.2500207
-1.3534323 -2.6457250
-1.5734992 -2.3754046
-1.7635096 -2.6349425
-1.7990832 -2.1974089
-1.9379282 -1.9436624
-2.1293232 -2.1073859
-2.0842037 -1.7767073
-2.1676896 -1.5319734
-2.3552063 -1.6314275
-2.2652364 -1.3867905
-2.3149364 -1.1497432
-2.4949188 -1.2081797
-2.3880818 -1.0215697
-2.4244039 -0.7940838
-2.5982597 -0.8258057
-2.4918268 -0.6830227
-2.6307254 -0.4683921
-2.7932222 -0.4812105
-3.2122474 -0.3494993
-2.4334221 -0.1306743
-2.6464684 -0.1358756
0.0000000 0.0000000
0.0000000 0.0000000
-10.7013750 0.3530993
-11.2264738 0.3318741
-10.8659582 0.7471937
-9.9047174 1.0305241
-10.2733564 0.9665367
-9.7911215 1.4092366
-9.8127623 1.8375714
-10.2125196 1.7408719
-9.9394751 2.2373116
-10.1150608 2.7085311
-10.5744047 2.5762627
-10.5719156 3.1172721
-11.2690220 3.7993104
-11.6608324 3.5809326
-10.6853552 3.9567957
-9.1033916 3.8903387
-8.6643391 3.3404181
-7.0750551 3.5489287
-4.2565160 2.7336524
-3.3750830 1.9961971
-1.7804881 1.9390461
0.4260035 1.2666354
1.2576935 0.6212670
2.4531395 0.6869254
4.4240494 -0.1752464
5.2722278 -0.8722292
6.4249845 -0.8319078
8.4255495 -1.7712095
9.1954260 -2.3830338
9.7678051 -3.0260255
11.9533081 -3.2480910
12.8423119 -4.6648245
15.3766508 -1.6889797
23.7907238 -8.7335081
29.8435364 -14.8236103
35.6783295 -12.3743954
34.9058571 -10.3742619
21.8685188 -9.4150496
7.2284837 -5.8175545
5.4644589 -5.7826118
6.8477216 -5.5857639
3.5020027 -6.2337403
1.7751746 -6.4501667
1.8981376 -6.9655447
0.3903930 -6.1754785
-0.7256302 -5.9591856
-0.9912296 -6.6625257
-1.2859900 -5.3944411
-1.5650418 -4.8108563
-2.0976541 -5.3886080
-1.6455874 -4.2434845
-1.7579505 -3.7181616
-2.1700158 -4.0897088
-1.9573253 -3.3518574
-2.1277163 -2.9273698
-2.4505756 -3.1562634
-2.3353798 -2.6531894
-2.4370232 -2.2916019
-2.7205701 -2.4236083
-2.5591149 -2.0715418
-2.6111565 -1.7409872
-2.8607991 -1.8144051
-2.6875887 -1.5696878
-2.7126801 -1.2705775
-2.9332120 -1.3087842
-2.7669923 -1.1295607
-2.7875397 -0.8596678
-2.9874048 -0.8773548
-2.8507164 -0.7367796
-2.9514241 -0.4943959
-3.1329148 -0.4998083
-3.4902673 -0.3702776
-2.8756711 -0.1413526
-3.1053309 -0.1449700
0.0000000 0.0000000
0.0000000 0.0000000
-11.7158060 0.3089610
-12.1774263 0.2851661
-11.0922146 0.6715549
-10.6342115 0.9001217
-10.9811420 0.8316801
-10.5383015 1.2581770
-10.5880175 1.6359521
-10.9516115 1.5274571
-10.7423973 1.9837998
-11.0323954 2.4568136
-11.4582977 2.3254523
-11.5771370 2.6971846
-11.9806995 3.2961590
-12.0780668 2.9986920
-10.4354925 3.1441808
-8.2438574 2.7677829
-7.6673059 2.2959466
-5.7908249 2.3550158
-2.6370335 1.2884861
-1.7135611 0.7646742
-0.7185054 0.7851288
1.8745250 -0.0753529
2.8505642 -0.7059233
3.9060309 -0.8032408
6.0597324 -1.6959578
6.9725680 -2.4018111
8.0540037 -2.0890136
9.7558689 -3.1291757
10.6545439 -3.8597577
11.0596933 -5.1697683
15.4603844 -5.7011423
18.3853474 -6.4759159
27.6003819 -13.7893162
33.7030602 -16.3475208
35.2410622 -14.4606104
29.2759724 -10.2385511
16.3388557 -7.9680824
12.8398008 -8.4539289
10.4081011 -6.4347100
7.5123868 -6.6718502
7.3188291 -7.5353098
4.6058407 -7.4118466
2.2220140 -7.4881034
1.8343821 -7.8979774
0.1130711 -7.5263157
-1.5710322 -7.3268428
-2.0029671 -7.7186465
-2.5678430 -6.6523223
-2.9518809 -5.9979901
-3.6832383 -6.4657540
-2.9215746 -5.2036119
-2.8470111 -4.4912906
-3.5073225 -4.7816238
-2.8537219 -3.9513376
-2.9240556 -3.3921525
-3.3713882 -3.5409765
-3.0709760 -3.0230386
-3.0976367 -2.5563383
-3.4654796 -2.6233358
-3.1609426 -2.2972858
-3.1587219 -1.8825862
-3.4620960 -1.9077411
-3.1897187 -1.6965706
-3.1760511 -1.3410499
-3.4283509 -1.3452973
-3.1960769 -1.1941732
-3.1905758 -0.8908584
-3.4079816 -0.8862367
-3.2419379 -0.7613358
-3.3028257 -0.5022955
-3.4964266 -0.4957983
-3.7502196 -0.3761646
-3.3434873 -0.1472994
-3.5803232 -0.1475049
0.0000000 0.0000000
0.0000000 0.0000000
-12.5936680 0.2618531
-12.9930029 0.2356221
-11.2430620 0.5874086
-11.3057575 0.7622404
-11.6185846 0.6898884
-11.1740408 1.0809860
-11.2860165 1.4177254
-11.6141644 1.2963753
-11.4833145 1.7108213
-11.8539944 2.1907201
-12.2366533 2.0444021
-12.3427124 2.1885512
-12.1195316 2.7534633
-12.0770235 2.5407028
-9.7387228 2.3833599
-7.1098948 1.8820316
-6.4770985 1.5063916
-4.2996778 1.5282302
-1.0566412 0.2886751
-0.2540402 -0.1145183
0.5040068 0.1105513
3.6180899 -1.2322377
4.5002422 -1.6704381
5.6039376 -2.1346424
7.7733898 -2.9012702
8.4956188 -3.1670554
9.6658230 -3.1736977
11.8152952 -4.4191871
12.7553272 -5.3257341
14.4238825 -5.7056627
23.5529480 -9.9940853
26.2001534 -10.5582104
32.9306793 -12.8698273
34.5357208 -12.5681000
30.8973579 -10.3538961
21.6247082 -9.2701740
10.9159460 -7.1027637
12.1338215 -6.3701186
10.8892536 -6.7556157
7.7897959 -7.3576689
8.0655975 -7.1570487
5.2932096 -7.4851818
2.6834230 -7.7692261
2.2636838 -7.6074066
0.0495637 -7.8689618
-2.2223256 -7.8792057
-2.6048393 -7.8474760
-3.7650716 -7.3558750
-4.5466962 -6.8453231
-5.3298063 -6.9926791
-4.5852437 -5.8781085
-4.3284130 -5.0590959
-5.1904869 -5.2682428
-4.0364480 -4.3072634
-3.9348195 -3.6719649
-4.4804573 -3.7073181
-3.9707997 -3.2388654
-3.8933303 -2.6708336
-4.3284688 -2.6414881
-3.8635244 -2.4021251
-3.7865152 -1.9127936
-4.1251764 -1.8708794
-3.7488904 -1.7299238
-3.6837738 -1.3331538
-3.9527664 -1.2907274
-3.6548696 -1.1904014
-3.6142445 -0.8703962
-3.8364124 -0.8356187
-3.6411774 -0.7420188
-3.6693518 -0.4826067
-3.8643234 -0.4604439
-3.9770405 -0.3602993
-3.8162174 -0.1456113
-4.0448489 -0.1408338
0.0000000 0.0000000
0.0000000 0.0000000
-13.3229351 0.2095351
-13.6417198 0.1764202
-11.3500023 0.4831391
-11.8887758 0.6218587
-12.1577702 0.5321847
-11.7064600 0.8670322
-11.8924990 1.1817585
-12.1900883 1.0438100
-12.1478958 1.3943080
-12.5996227 1.9297465
-12.9573689 1.7758598
-12.9470196 1.7369241
-11.9732008 2.3518529
-11.8152952 2.0162508
-8.6819687 1.7422422
-5.8231354 1.1314334
-5.2023644 0.7448408
-2.7915187 0.9068019
0.4948317 -0.3798028
1.1092331 -0.8113501
2.2647834 -0.5280091
5.2616682 -1.8061956
5.8526850 -1.8897256
7.2047448 -2.7025256
9.3486156 -3.2346632
10.2716846 -3.1768928
11.9104853 -4.2201405
14.2947092 -5.7777681
16.2795086 -5.6887116
20.6007614 -7.5330386
27.7465763 -9.6324797
31.9893341 -12.4394903
33.5874825 -11.9313459
31.1777172 -10.2676525
23.0137768 -7.5732465
13.9821625 -6.3453116
12.2363396 -5.8919964
13.2161369 -5.2753882
10.7401390 -6.3209658
8.1501017 -6.5712814
8.4632978 -5.6670418
5.6737208 -6.6224356
3.0286849 -6.8677263
3.2224739 -6.1479888
0.3089209 -7.1659932
-2.3580496 -7.3313942
-2.5066833 -6.7288027
-4.6045389 -7.0736547
-5.9200664 -6.9063897
-6.4896593 -6.7000022
-6.3168025 -5.9343834
-6.1239696 -5.3730764
-7.0805254 -5.4049067
-5.4552755 -4.3748245
-5.1110749 -3.6966498
-5.7513952 -3.5457976
-4.9908085 -3.2334998
-4.7761521 -2.5685894
-5.2465901 -2.4226158
-4.6187701 -2.3333163
-4.4542637 -1.7910699
-4.8025780 -1.6656761
-4.3262157 -1.6330991
-4.2013011 -1.2211545
-4.4648333 -1.1211785
-4.1124315 -1.0946267
-4.0305123 -0.7829208
-4.2382183 -0.7116280
-4.0175586 -0.6658444
-4.0250864 -0.4278189
-4.2056217 -0.3872008
-4.1583147 -0.3180904
-4.2623582 -0.1321068
-4.4662018 -0.1207824
0.0000000 0.0000000
0.0000000 0.0000000
-13.8691320 0.1359975
-14.0758171 0.0936338
-11.4482355 0.3597936
-12.3531981 0.4357184
-12.5404911 0.3152987
-12.1469107 0.6194870
-12.4303436 0.8946500
-12.6921625 0.6895589
-12.8058977 1.0610482
-13.2431574 1.6062411
-13.5541611 1.3600134
-13.1676779 1.0863345
-11.5192137 1.6270294
-11.1992340 1.3557509
-7.5672398 1.0283008
-4.5270362 0.4026115
-3.9109457 0.0595236
-1.4401489 0.4046813
1.8023555 -0.8862115
2.2864738 -1.2233263
3.8520420 -0.9394243
6.4395347 -1.9827942
6.9211264 -2.1798854
8.5463610 -2.5398054
11.1005630 -3.3271534
12.0918112 -3.7802393
14.4367123 -4.6247334
17.6855316 -5.9085240
19.7496681 -6.2584257
28.1051540 -10.8035803
33.4322662 -11.3249540
33.5657310 -8.1196318
27.7665462 -7.3242221
20.0527725 -6.1033325
17.3963337 -5.3767776
14.9917431 -4.9972925
13.4057188 -4.9571848
13.1107159 -4.6720963
10.8351669 -5.1664176
8.3879604 -4.9150519
8.3087120 -4.1589665
5.9427462 -5.0988641
3.3919506 -5.1243043
3.7541637 -4.1841660
0.8800856 -5.5243998
-1.8821084 -5.7761631
-1.5863316 -4.8352203
-4.7319794 -6.0855794
-6.6078057 -6.1285100
-6.9266019 -5.4072723
-7.6703296 -5.0556011
-7.9917541 -5.2487249
-8.9197550 -4.8955784
-7.0640664 -4.0198236
-6.3894334 -3.3421540
-7.0353479 -3.0522206
-6.0375896 -2.9515271
-5.6748695 -2.2068639
-6.1355891 -1.9213680
-5.3655009 -2.0459044
-5.1035304 -1.4898586
-5.4231086 -1.2738630
-4.8753743 -1.3768409
-4.6842356 -0.9859538
-4.9132161 -0.8238241
-4.5272923 -0.8888028
-4.4023819 -0.6174464
-4.5728450 -0.5059372
-4.3336320 -0.5232207
-4.3384752 -0.3329031
-4.4804263 -0.2709959
-4.2863851 -0.2447131
-4.6424594 -0.1033942
-4.7988906 -0.0860950
0.0000000 0.0000000
0.0000000 0.0000000
-14.1732645 0.0431027
-14.2318420 -0.0142088
-11.5588522 0.1899164
-12.6375637 0.1869114
-12.7131891 0.0114832
-12.4766645 0.2708895
-12.8510294 0.4845333
-13.0445213 0.2128904
-13.3922882 0.5973332
-13.7736597 1.1422714
-14.0765438 0.8131921
-13.2165623 0.5906364
-10.8972664 1.0969362
-10.5654325 0.7097757
-6.5704398 0.5557250
-3.2965953 -0.2085712
-2.8873055 -0.4588760
-0.2311260 -0.1378539
2.9391704 -1.3113470
3.2681866 -1.5482231
5.2246113 -1.6000006
7.6275783 -2.3671212
8.2350283 -2.5212743
10.0645485 -2.9185069
13.2485409 -3.9319050
13.8816261 -4.1687374
16.7860146 -4.2934484
23.8122158 -7.0793719
23.6738930 -6.1975985
30.2822876 -9.3765831
32.2000427 -11.0907202
31.3446159 -11.7577410
24.2223873 -8.2530050
15.6893473 -4.7295084
16.0159626 -4.6128888
14.7227917 -4.2931061
12.8475780 -4.1328468
12.6064167 -3.4684238
10.4139519 -3.7965994
8.1441870 -3.4632704
7.9817190 -2.7686470
5.9278917 -3.4630609
3.6761539 -3.3271344
3.7990828 -2.5794716
1.4231857 -3.6400571
-1.0953449 -3.7563591
-0.8136929 -2.6801412
-4.2866373 -4.3775949
-6.7428117 -4.4283037
-6.6215038 -3.6458673
-8.2220573 -3.1984921
-9.5177727 -4.2445731
-9.9834604 -3.4897907
-8.6647482 -3.1201422
-7.6571493 -2.6376207
-8.2764263 -2.0587969
-7.0207710 -2.3189218
-6.4950347 -1.5521013
-6.8526540 -1.1439024
-6.0335064 -1.4964663
-5.6680961 -0.9914196
-5.9165606 -0.6745642
-5.3345957 -0.9379653
-5.0773234 -0.6173798
-5.2427797 -0.3895143
-4.8504224 -0.5637308
-4.6858044 -0.3672960
-4.7926779 -0.2162786
-4.5551095 -0.3102069
-4.5659475 -0.1975843
-4.6400580 -0.1140563
-4.3620000 -0.1405632
-4.9148202 -0.0598780
-4.9944825 -0.0376851
0.0000000 0.0000000
0.0000000 0.0000000
-14.1584034 -0.0743743
-14.0340929 -0.1372579
-11.6116848 -0.0291550
-12.6994190 -0.2046305
-12.6277056 -0.4581958
-12.6432371 -0.2124993
-13.1387539 -0.1091762
-13.2267122 -0.5328361
-13.9281044 -0.0844078
-14.2331400 0.4244547
-14.4113655 -0.1952744
-13.1637897 -0.2905318
-10.1775780 0.2435438
-9.9380178 -0.5940829
-5.5455985 -0.2558115
-2.2780135 -0.9025613
-2.2556596 -1.4172721
0.8513995 -0.5546218
3.9514418 -1.6773345
3.9064579 -2.0565295
6.3949437 -1.9013784
8.9002695 -2.5950098
9.5236158 -2.6376410
11.4747858 -3.2709804
14.8325748 -3.7525098
15.1745148 -2.8722327
19.7626133 -4.5762520
27.8429356 -6.9491825
34.0894127 -7.7061567
32.5312843 -5.9616661
29.1451759 -5.2281661
21.8367596 -4.9347806
18.9423561 -5.5817943
14.5606470 -4.5902033
13.3526850 -4.6845059
14.1051807 -4.0249958
11.9988737 -3.1510143
11.0226545 -2.7094493
9.6461239 -2.7238383
7.6760235 -2.0926406
7.3027749 -1.2367872
5.8162708 -2.1108279
3.8064671 -1.8481603
4.1133690 -1.0817772
1.2225548 -1.9450371
-0.7855728 -1.7707521
-0.6043146 -1.0050893
-3.5194614 -2.2341204
-6.4304018 -2.7265205
-6.1568961 -1.5665115
-8.2751694 -1.6989815
-10.2527723 -2.7051725
-10.6485739 -1.7358841
-10.1132803 -1.6798428
-8.7631474 -1.3464973
-9.1750441 -0.5931532
-7.7717953 -1.2775007
-7.1125503 -0.6408153
-7.3795795 -0.0907652
-6.5196805 -0.6738762
-6.0568805 -0.2979694
-6.1926394 0.0949248
-5.6424446 -0.3140699
-5.3193388 -0.1180189
-5.3842235 0.1619027
-5.0348330 -0.1237712
-4.8311381 -0.0344521
-4.8522635 0.1512936
-4.6507959 -0.0337067
-4.6583719 -0.0130894
-4.6498942 0.0903675
-4.3842978 -0.0028333
-5.0290403 -0.0111509
-5.0222292 0.0147168
0.0000000 0.0000000
0.0000000 0.0000000
-13.7724094 -0.2156021
-13.3977079 -0.2877720
-11.3725538 -0.3362741
-12.4590826 -0.7600174
-12.1516676 -1.0704257
-12.5246763 -0.8747058
-13.1708632 -1.0445718
-13.0014734 -1.6176026
-14.2195988 -1.1072319
-14.3860922 -0.9461696
-14.3925686 -1.7564816
-12.8202267 -1.8410118
-9.5662985 -1.0688810
-9.8899174 -1.6602395
-5.0909486 -1.1641959
-1.6125159 -1.5283917
-2.0177193 -2.1548126
1.8043914 -1.2291377
4.5724268 -2.1395264
4.4730177 -2.8268759
7.1558609 -1.8015997
9.7941608 -3.0159683
10.0138063 -3.5528243
11.5497637 -2.8537085
15.4644194 -2.4963446
15.2411718 -2.7052255
25.3035336 -6.8361187
31.8979397 -10.5196676
34.6250153 -9.1440907
33.5999870 -10.6059628
28.7452278 -11.2175646
21.5674858 -6.1802607
13.8639536 -5.0364208
12.2485113 -3.6839600
12.4485245 -2.9840353
12.0863619 -2.7546418
10.1978207 -2.0195196
9.4066477 -1.3849225
8.3002634 -1.1580662
6.6373649 -0.4075045
6.1703920 -0.0074137
5.9488029 -0.8585249
4.2481270 -0.2774921
4.1445026 0.5897179
0.8501028 -0.5831470
-1.1959262 -0.0208159
-0.6156528 0.9746705
-3.2555778 -0.0416257
-5.8307786 -0.1876196
-5.6819506 1.1204793
-8.4224653 0.8281977
-10.8661346 -0.2582713
-10.7235613 1.2614545
-10.9017324 0.0135206
-9.3530865 0.2670307
-9.6219158 1.1703533
-8.2247467 0.2170119
-7.4359426 0.5465821
-7.4683323 1.1748103
-6.7436810 0.4219994
-6.1986165 0.5503031
-6.1754189 1.0078752
-5.7233930 0.4529234
-5.3547630 0.4838342
-5.2960486 0.8022082
-5.0319390 0.3974399
-4.8020468 0.3646828
-4.7214007 0.5730496
-4.5916095 0.2902255
-4.5896354 0.2104662
-4.4913855 0.3274378
-4.2876463 0.1532534
-4.9659963 0.0445536
-4.8626752 0.0734719
0.0000000 0.0000000
0.0000000 0.0000000
-12.9133759 -0.3768929
-12.2419643 -0.4552670
-10.7446299 -0.7249028
-11.7860346 -1.4322686
-11.1886072 -1.7631342
-11.9418859 -1.7358311
-12.7156668 -2.3006601
-12.1446247 -2.9067857
-13.9219074 -2.5407538
-14.2495222 -2.6537588
-14.0582294 -3.7270987
-13.0400286 -3.4779408
-9.5694542 -2.5473030
-9.6603003 -3.6629853
-5.0459428 -2.4656804
-1.3555804 -2.8647389
-2.1795096 -4.2811365
2.5521250 -2.8258252
5.4492850 -3.0177217
5.1965733 -4.0313215
8.0755596 -2.8779581
10.1979208 -3.9250052
9.9796238 -3.7422197
11.2058973 -2.5869234
18.6096535 -5.3475103
21.8871174 -6.8471899
33.4536362 -8.8125105
38.3900871 -7.5746560
34.4789200 -5.1830730
27.0222015 -4.7628384
17.7940254 -4.3972697
16.8602772 -4.7755685
12.9659023 -3.4321730
11.4328899 -2.7642975
10.1167765 -2.4239240
10.3859425 -1.9243606
8.6309233 -1.0022868
7.6906991 -0.6164364
7.1960697 -0.0417169
5.6603942 0.0478875
5.2675829 0.4335056
5.6200681 0.3740740
3.6258402 1.1605340
1.7276866 1.9751414
0.9888921 1.2301867
-1.3750011 1.6887861
-1.7747248 2.6415370
-3.4243789 1.7651187
-6.2384057 1.7689841
-6.7659144 3.2458439
-8.3090582 2.4437475
-10.5685091 2.7379632
-10.6949682 3.9761560
-11.1183195 2.8378580
-9.3399343 2.3408079
-9.0439873 3.3479109
-8.1194305 1.9437336
-7.3124318 1.9086004
-7.0764432 2.5751231
-6.5848212 1.6173511
-6.0229878 1.5124520
-5.8101077 1.9875551
-5.5269694 1.2870792
-5.1467390 1.1507906
-4.9417281 1.4816403
-4.8093276 0.9605278
-4.5743003 0.8010085
-4.3752542 1.0185226
-4.3524623 0.6378207
-4.3461132 0.4574087
-4.1466665 0.5781405
-4.0372534 0.3163430
-4.7072582 0.1044176
-4.5033574 0.1327657
0.0000000 0.0000000
0.0000000 0.0000000
-11.5187206 -0.5460345
-10.5469503 -0.6219128
-9.6507330 -1.1492640
-10.6024027 -2.1468053
-9.7079897 -2.4704854
-10.7772007 -2.6590509
-11.5833855 -3.6670105
-10.5628004 -4.2611027
-12.7409286 -4.2146173
-13.6023312 -5.2457695
-12.3526268 -6.2614112
-13.7544689 -6.2226191
-9.6638670 -5.5510321
-9.8692455 -8.1002131
-4.5153956 -5.5127215
-1.0868902 -5.2183833
-2.3037438 -5.7357993
1.6758821 -4.9247479
4.5980539 -4.3713555
4.0810184 -4.3305883
7.9235902 -3.3572292
10.1699972 -3.5736799
10.2760420 -4.5406470
15.6212692 -4.2913451
20.0842247 -6.0063648
26.6526909 -8.1789732
34.2312584 -10.4876242
35.4644012 -9.6888142
33.1337280 -10.1252003
25.8305225 -7.7619505
14.1559286 -2.7416039
13.9802694 -1.4533383
10.8150873 -1.8126159
9.5595970 -1.5130876
8.8100605 -0.5591950
8.5835180 -0.3593726
6.9013577 0.0022718
5.8653173 0.9364981
6.5895190 0.7361786
5.1660900 1.5046149
4.4530425 3.2516367
4.2207956 2.2440777
2.2057722 2.8883076
1.1432663 4.4233575
0.2930934 3.5991731
-2.1360116 4.4535499
-2.1822512 5.9246020
-4.2772651 5.2253766
-6.6018109 5.1825142
-7.3715467 7.1286025
-9.7960358 5.3573637
-10.1918097 5.7661610
-10.4462442 6.7348981
-9.9393492 4.8982329
-8.4685698 4.3427711
-7.6874528 5.1990952
-7.4126596 3.6647522
-6.7179523 3.2556477
-6.1736183 3.9266024
-6.0100851 2.8284123
-5.5086722 2.4707642
-5.0924196 2.9518855
-5.0259056 2.1270080
-4.6772285 1.8184321
-4.3306999 2.1528010
-4.3507199 1.5258158
-4.1359515 1.2406707
-3.8246713 1.4556764
-3.9171858 0.9872074
-3.9196382 0.6992927
-3.6147926 0.8151841
-3.6226213 0.4778393
-4.2451625 0.1647916
-3.9477522 0.1857613
0.0000000 0.0000000
0.0000000 0.0000000
-9.5942650 -0.6875316
-8.3448210 -0.7594190
-8.0968361 -1.5825320
-8.8461466 -2.7757871
-7.7328744 -3.0690303
-9.0080738 -3.5720973
-9.7010880 -4.8701181
-8.4155540 -5.4185009
-10.4721861 -5.8056302
-11.4447165 -7.4863997
-9.7388144 -8.2302475
-11.6073103 -8.9000378
-9.8740959 -9.7722425
-8.8663397 -10.3339214
-6.8076496 -10.0819626
-3.7809660 -7.6359115
-0.3150146 -9.7679272
-0.8745499 -6.9057140
3.2325683 -7.7557278
4.5519104 -9.3444567
7.9186578 -6.7571788
11.0051451 -7.5802312
12.0609331 -10.8450441
20.3161430 -10.5364532
26.5190582 -11.1104031
30.5553818 -8.5949764
30.1349411 -6.3850675
27.0352325 -2.7873161
21.1913471 -0.3726847
18.8787632 -0.8938279
13.9963408 -1.2077494
10.6180849 0.5499123
10.2565851 0.4683406
8.3749208 0.0872442
6.8162913 1.5947917
7.2222977 2.1172090
5.1821728 2.2792463
3.7316461 4.1555996
3.9669027 3.4628882
3.3454478 5.0247011
2.3484681 7.4079900
2.3053708 6.2760911
0.6233158 7.0512667
0.1650133 9.1725092
-1.1558158 7.0456800
-2.9713185 6.7888765
-5.6369634 10.2747049
-5.0047665 8.0805521
-7.3378072 9.5722046
-7.8565001 11.5218182
-9.4468517 9.5178986
-9.3787937 8.2597980
-7.7138848 9.1615229
-7.8006911 6.9149008
-6.9876604 5.9330716
-5.9191756 6.6416965
-6.1802850 5.1666589
-5.6485515 4.4661961
-4.8518124 5.0104771
-5.0692034 3.8910906
-4.6589594 3.3402610
-4.0520315 3.7545261
-4.2481246 2.8830841
-3.9567409 2.4264662
-3.4596393 2.7218485
-3.6725204 2.0348756
-3.4853735 1.6402335
-3.0625620 1.8325053
-3.2913344 1.2961433
-3.3133245 0.9123741
-2.9218762 1.0239236
-3.0240662 0.6410301
-3.6293080 0.1752911
-3.2065027 0.2259208
0.0000000 0.0000000
0.0000000 0.0000000
-7.1741476 -0.8399242
-5.6096416 -0.9393341
-6.1459479 -2.0287590
-6.6344452 -3.3647017
-5.2891889 -3.7493212
-6.7438893 -4.4111691
-7.1564870 -5.8377042
-5.7983460 -6.3721948
-7.5207133 -6.9303923
-8.2697935 -8.8441706
-6.4280772 -9.3708277
-8.6181011 -10.2710962
-9.0948238 -12.0807743
-6.2762790 -13.0557861
-8.4366245 -14.4339924
-5.0182886 -15.2311516
-3.7843564 -16.3183708
0.1903123 -15.0671005
3.5340669 -13.6746836
5.0752583 -17.1491375
8.2878723 -13.8181334
12.6528149 -13.3196573
13.1599569 -14.5286407
16.3873615 -12.5631676
19.5305634 -11.5039215
23.4063835 -9.7229738
24.4424343 -9.0593424
23.9679585 -4.7385516
19.3003006 1.9622138
13.8320284 -0.7474697
9.6688089 4.9006162
8.5501757 8.7465343
9.3035221 5.8027015
6.6483812 5.3356867
5.5804129 8.5900497
4.8718009 7.2509508
2.9534395 7.2515230
1.8738068 10.2262173
-0.0167868 8.8514271
0.7243354 10.3654490
-0.6416494 12.8840036
1.0485901 10.7928333
0.5098404 11.3142242
0.6884096 13.8755360
-2.4281623 13.3013573
-5.8316402 14.2781763
-5.0184798 15.9272346
-6.7895832 13.8355885
-6.9523387 12.9402542
-5.2340870 13.2526188
-6.7753882 11.5633917
-6.1707516 9.5581398
-4.5743213 10.0273714
-5.4523215 8.3502941
-5.0573850 7.1445642
-4.2011757 8.0353746
-4.5613012 6.3326268
-4.2083173 5.5210786
-3.4559639 6.4047503
-3.8344536 4.8325577
-3.5313067 4.1961079
-2.8257241 4.9306312
-3.2332203 3.6154954
-3.0162160 3.0483928
-2.3762360 3.6180112
-2.7970698 2.5607858
-2.6664679 2.0544708
-2.0996976 2.4633300
-2.5209351 1.6096898
-2.5225611 1.2031716
-2.0621972 1.4499260
-2.3037977 0.7616022
-2.7792528 0.3469183
-2.3170202 0.4746488
0.0000000 0.0000000
0.0000000 0.0000000
-4.1611171 -1.0070235
-2.3520601 -1.0837494
-3.6610460 -2.6247606
-3.9524429 -4.2274866
-2.3872747 -4.6780572
-4.1341109 -5.5898113
-4.4396372 -7.1682491
-2.9070995 -8.2629194
-4.5998268 -8.4342585
-4.9415765 -10.0742579
-3.5308082 -11.8900366
-4.7618222 -11.5849133
-4.5203047 -13.2626581
-3.9193895 -15.0440779
-3.2591588 -14.8843613
-2.1876299 -16.3077793
-3.1804750 -16.0460892
-0.1164168 -17.0807877
2.2991621 -17.3699875
0.2694862 -15.3685064
5.7122078 -15.5601559
10.6818380 -13.6825352
4.5136290 -12.2202005
12.6759796 -8.8258801
13.6691904 -4.3017931
7.9117632 -1.2330403
13.6616163 -0.0264923
11.6980639 5.5257106
7.8936820 9.1737576
7.9469934 6.0324097
9.1027193 7.7857857
6.0721765 14.6041832
7.2554326 10.4653111
3.3844175 13.4195223
3.7187505 18.4392757
2.5059655 14.9198885
-0.3277932 17.1700630
0.7402912 19.8285751
-2.3168473 18.3717270
-1.1739659 17.2485638
0.3771852 18.1770725
-0.3110962 17.5323277
-2.1749363 18.4063988
-1.7775749 19.5192890
-4.1018596 18.0423870
-4.1806345 16.5226898
-2.4210396 18.3822479
-4.1655469 15.0220385
-4.0703659 13.5014458
-2.4046252 16.8902168
-3.7676873 12.5330124
-3.6925290 11.6921434
-2.2916698 14.6507349
-3.5869589 10.8580542
-3.3001258 9.8167248
-1.8048067 11.5308590
-2.9053314 8.8250017
-2.6130116 7.7797489
-1.3885717 8.8192091
-2.3043385 6.8064198
-2.0866475 5.8971128
-1.0895171 6.5703368
-1.8876535 5.0335927
-1.7439915 4.2728319
-0.9075753 4.7142315
-1.6247010 3.5249405
-1.5513728 2.8754737
-0.8045576 3.1261268
-1.4981004 2.2066138
-1.5656362 1.6508023
-0.7602096 1.7699819
-1.4811556 0.9421467
-1.5862349 0.5002989
-0.7680078 0.4121170
0.0000000 0.0000000
0.0000000 0.0000000
-0.6637154 -0.9616129
0.0000000 0.0000000
-0.6785746 -2.0599093
-0.7656298 -3.4366844
0.0000000 0.0000000
-0.8195286 -4.7644510
-0.9496935 -6.3676252
0.0000000 0.0000000
-1.0125643 -8.1008186
-1.1244681 -10.0121632
0.0000000 0.0000000
-0.9874455 -12.0921068
-1.0026768 -14.0018072
0.0000000 0.0000000
-0.6976842 -16.1294613
-0.2718584 -17.8039169
0.0000000 0.0000000
0.4794273 -18.1830883
1.4039192 -18.1559086
0.0000000 0.0000000
2.1158872 -15.4758329
2.7883725 -12.6892185
0.0000000 0.0000000
3.2312424 -8.0098019
3.0658021 -2.9197421
0.0000000 0.0000000
3.5740058 2.4444067
3.2908130 8.4260387
0.0000000 0.0000000
2.5882504 12.4925680
1.9924418 17.4269276
0.0000000 0.0000000
1.0891918 20.0196934
0.5235518 22.3754673
0.0000000 0.0000000
-0.4579053 23.4808521
-0.4303723 22.6740398
0.0000000 0.0000000
-0.2786933 23.0970688
-0.6053449 22.2986317
0.0000000 0.0000000
-0.6754539 22.2542801
-1.0236243 20.6394348
0.0000000 0.0000000
-1.3617011 19.1543598
-1.3717325 17.1010056
0.0000000 0.0000000
-1.3586099 15.1519947
-1.3108289 13.1646051
0.0000000 0.0000000
-1.1385467 11.2836418
-0.9103695 9.5092783
0.0000000 0.0000000
-0.7362145 8.1492949
-0.6154243 6.9364648
0.0000000 0.0000000
-0.5025171 5.9200363
-0.4063172 5.0769968
0.0000000 0.0000000
-0.3465962 4.3657470
-0.3008956 3.7539845
0.0000000 0.0000000
-0.2757874 3.2009873
-0.2524563 2.7073522
0.0000000 0.0000000
-0.2422131 2.2377191
-0.2281222 1.7830110
0.0000000 0.0000000
-0.2113592 1.3953975
-0.3750676 0.6359650
0.0000000 0.0000000
0.0064493 0.7593281
-1.1228596 -0.8551353
0.0000000 0.0000000
0.0000000 0.0000000
11.88037
13.0084
15.33455
15.37001
13.24374
11.03753
8.657771
5.801317
1.026237
-8.41633
-30.75263
-85.5409
-166.8263
21.75053
-26.20128
4.021201
9.052174
13.44705
15.42291
16.29508
16.70441
16.9516
17.20031
17.4321
17.53645
17.6884
12.02405
12.53237
14.43749
14.30367
12.35473
10.5123
8.423339
5.759185
1.496224
-6.432136
-24.46486
-88.95035
-118.2785
55.53774
-58.11058
-1.954339
7.674895
13.16755
15.36093
16.17866
16.54525
16.76617
16.96361
17.17857
17.23281
17.32716
10.44621
10.79154
11.82518
11.29095
10.17015
8.926526
7.16526
5.018446
2.185762
-1.87861
-6.811747
-13.83269
-29.73699
-16.71456
-49.64307
-6.730135
11.03596
13.69694
15.11139
15.75641
16.06287
16.25563
16.39623
16.55909
16.61929
16.71804
8.353637
8.651725
8.581934
8.077784
7.262091
6.24017
4.820183
3.411214
2.290755
1.809534
0.9368224
-13.02866
26.44432
79.13088
-45.22418
-34.78418
4.022556
12.43542
14.42405
15.06978
15.32422
15.46871
15.56996
15.68336
15.77272
15.86795
5.756487
5.925584
4.881324
4.393566
3.504948
2.471144
1.347964
0.620714
1.160323
4.344057
11.96724
31.58994
34.16372
68.56552
7.833398
6.10351
10.53165
13.21003
14.09893
14.36281
14.43565
14.47255
14.51883
14.58203
14.68061
14.77269
2.385641
2.375761
0.6344555
-0.02587033
-1.18684
-2.449538
-3.586844
-4.049145
-2.703294
2.583302
13.2323
33.88308
18.27635
23.10129
7.638982
9.993743
12.25385
13.48249
13.73001
13.59286
13.41157
13.29024
13.25241
13.26135
13.34641
13.43274
-1.912492
-2.155227
-4.270983
-5.331773
-6.941979
-8.724973
-10.47124
-11.76984
-11.29375
-6.309006
4.200951
18.77928
11.14291
15.03349
16.32202
15.31691
14.48774
14.0605
13.4148
12.72638
12.21149
11.89448
11.75271
11.7067
11.76835
11.84589
-7.176752
-7.643402
-9.904542
-11.55379
-13.85832
-16.64814
-20.01514
-23.62915
-25.53859
-21.72788
-12.37871
2.361629
8.178425
9.331326
3.460495
16.23545
16.53082
14.66399
12.92073
11.58624
10.71483
10.20825
9.973233
9.887409
9.93244
10.00142
-13.27108
-13.90077
-16.23257
-18.59728
-21.86945
-26.21606
-32.28537
-38.87054
-42.6511
-40.54365
-32.72441
-18.02518
-2.761144
37.07159
46.9691
27.60626
19.15009
14.57168
11.72837
9.858916
8.730401
8.115739
7.846657
7.762477
7.815939
7.881945
-19.90296
-20.63986
-23.08039
-26.22236
-30.6541
-36.97561
-46.38586
-54.95312
-58.97238
-57.83333
-53.40315
-45.50677
-22.95261
20.4244
48.11887
29.20783
19.05218
12.84747
9.309226
7.208904
6.048943
5.492103
5.303356
5.294097
5.397749
5.471643
-26.69412
-27.51757
-30.12645
-34.04276
-39.68857
-48.24618
-60.10507
-68.64904
-71.67511
-70.82005
-67.95274
-65.75022
-76.89882
2.876504
15.91319
18.17459
12.38921
7.778378
4.899085
3.26002
2.473613
2.236313
2.295919
2.464218
2.67289
2.770061
-33.20632
-34.11839
-36.94515
-41.54893
-48.21367
-58.71597
-71.05659
-77.82034
-79.67549
-78.73878
-76.23811
-67.09583
-53.60348
-6.575276
1.023733
3.863722
1.830891
-0.3762949
-1.677595
-2.163233
-2.086784
-1.681357
-1.171435
-0.7060909
-0.3326312
-0.1929043
-38.97818
-39.99583
-43.05128
-48.27333
-55.72828
-66.89489
-77.36504
-82.21161
-83.10515
-81.60211
-83.51116
-73.46532
-23.22396
-8.065078
-14.34654
-14.25094
-12.83701
-11.69409
-10.40945
-9.053486
-7.579484
-6.18836
-5.021037
-4.139064
-3.545653
-3.343041
-43.43549
-44.57797
-47.91673
-53.69753
-61.75663
-72.54881
-80.06059
-82.75249
-82.62678
-78.56127
-77.54294
-79.5742
-77.60365
-51.05748
-44.91298
-40.92368
-33.04206
-26.20485
-21.19663
-17.20077
-13.77661
-11.08668
-9.081571
-7.683681
-6.826619
-6.543127
-45.92173
-47.2608
-50.99416
-57.55066
-66.44189
-76.7435
-82.06778
-82.19895
-80.0641
-74.58288
-72.74934
-79.49406
-84.17063
-80.63563
-77.8215
-72.43074
-58.69895
-43.07687
-33.63011
-26.11304
-20.26335
-16.04359
-13.07915
-11.10754
-9.961015
-9.574285
-45.44191
-47.2206
-51.67326
-59.5219
-70.23227
-81.44462
-84.88321
-83.07471
-79.69877
-75.37422
-74.63181
-81.18144
-89.3449
-100.0606
-104.6211
-100.7023
-86.27428
-62.42599
-46.77653
-34.963
-26.44075
-20.60333
-16.64616
-14.09441
-12.67205
-12.16872
-41.10669
-43.11474
-48.99412
-59.11944
-73.28522
-85.30174
-88.40709
-86.25343
-82.17148
-75.60318
-69.70859
-91.81103
-107.0528
-115.6851
-121.8276
-121.0912
-109.373
-83.05848
-59.13929
-42.57896
-31.57917
-24.22589
-19.35098
-16.2704
-14.5965
-14.01255
-32.01423
-34.19638
-42.19775
-55.90811
-75.86957
-90.2257
-93.00217
-90.29646
-86.73115
-82.0317
-89.83774
-94.06435
-110.2672
-124.4528
-132.2404
-133.6382
-124.8908
-99.76271
-69.09051
-47.89279
-34.88589
-26.35645
-20.77416
-17.28189
-15.37031
-14.77823
-17.70475
-20.25119
-30.12812
-48.05317
-77.40029
-95.39036
-97.75613
-93.56079
-90.31308
-95.36051
-104.0108
-116.2836
-120.1019
-129.6898
-138.5113
-141.3728
-134.6893
-110.5719
-75.22837
-50.32521
-35.819
-26.54271
-20.61669
-16.95312
-14.93703
-14.35033
2.021326
-0.6619043
-11.49292
-32.68128
-71.43694
-97.74293
-102.64
-95.24087
-84.65238
-90.42762
-95.97063
-95.92976
-115.3778
-127.7348
-138.8348
-144.8173
-137.6044
-116.7651
-75.97031
-48.83795
-33.96651
-24.68507
-18.85958
-15.30422
-13.35441
-12.79162
26.33175
23.85756
13.55542
-7.372885
-52.46909
-98.8884
-100.3987
-95.33346
-83.25967
-61.7732
-108.4403
-113.7742
-118.9618
-129.7669
-139.9203
-145.5882
-138.1034
-109.0561
-67.8182
-43.7975
-29.67068
-21.02534
-15.70698
-12.51686
-10.80258
-10.30776
52.94518
51.01536
42.77715
25.29645
-13.09264
-78.03243
-83.83999
-89.50669
-86.79634
-61.51245
-72.53171
-93.30316
-112.6123
-124.6839
-139.7942
-143.3646
-132.5664
-98.48017
-56.39223
-35.50878
-23.47571
-16.15206
-11.68607
-9.03879
-7.631457
-7.330005
79.04895
77.6331
71.81339
60.71458
37.50616
-15.41848
-51.5573
-40.16659
-3.28876
-1.452738
-52.49852
-82.84245
-105.3793
-112.527
-127.9199
-138.5614
-112.4806
-73.35261
-42.97777
-26.36135
-16.62116
-10.78861
-7.349029
-5.429671
-4.353327
-3.787295
100.8766
100.2424
96.28598
88.56084
75.02217
58.08616
51.48426
98.1784
152.1392
140.3895
54.02959
-43.09271
-101.544
-89.02475
-103.2526
-104.3427
-76.89846
-51.36584
-32.65932
-19.16392
-10.77604
-6.057475
-3.504653
-2.237792
-1.777447
-1.29784
114.5773
114.2262
112.912
110.8253
108.4226
108.1445
135.8848
204.0624
270.8438
263.4117
191.3382
74.7757
-21.95408
-60.79248
-78.56471
-76.55939
-57.77354
-38.90897
-23.61994
-14.21636
-7.792988
-3.819204
-1.548675
-0.4344651
-0.3701195
-0.9756541
116.2349
116.4506
116.3271
116.1619
118.0619
121.6647
156.2424
225.0585
290.4168
283.4117
213.8967
105.6738
6.947206
-46.64557
-66.36583
-65.31894
-51.86269
-36.76809
-23.82846
-14.5013
-8.082553
-3.986465
-1.577625
-0.3494027
-0.4242524
0
