0.0000000 0.0000000
0.0000000 0.0000000
0.0000000 0.0000000
0.0000000 0.0000000
0.0000000 0.0000000
0.0000000 0.0000000
0.0000000 0.0000000
0.0000000 0.0000000
0.0000000 0.0000000
0.0000000 0.0000000
0.0000000 0.0000000
0.0000000 0.0000000
0.0000000 0.0000000
0.0000000 0.0000000
0.0000000 0.0000000
0.0000000 0.0000000
0.0000000 0.0000000
0.0000000 0.0000000
0.0000000 0.0000000
0.0000000 0.0000000
0.0000000 0.0000000
0.0000000 0.0000000
0.0000000 0.0000000
0.0000000 0.0000000
0.0000000 0.0000000
0.0000000 0.0000000
0.0000000 0.0000000
0.2215435 -0.0097477
-1.7617803 0.8125107
-2.0626876 2.2802548
-1.2881927 3.6150126
-0.8582603 4.4082489
-0.7810214 5.1355267
-0.9349465 5.9837933
-1.3303388 7.1062236
-2.1575201 8.6339035
-3.8429363 10.9418879
-8.4957457 13.7939034
9.1781759 19.9164333
14.1180286 -12.0130186
-7.4047523 -11.0146112
-1.8769703 -8.0993214
-1.9254867 -4.9685655
-1.4122897 -3.6179602
-0.9431571 -2.5551047
-0.6436114 -1.8336906
-0.4485847 -1.3370132
-0.3313440 -0.9816201
-0.3193523 -0.6955751
-0.4102458 -0.3244331
-0.2433778 -0.0546968
0.0000000 0.0000000
0.0000000 0.0000000
-0.0372698 0.2322990
-3.4611678 1.5283585
-3.0877385 2.5360620
-1.9512190 3.2518566
-1.5655254 3.9094696
-1.6543201 4.7525520
-1.9780604 5.6336403
-2.5875800 6.5482249
-3.7671373 7.5277362
-5.9697618 8.1893263
-0.4652047 9.2271051
16.8406734 11.2453909
31.9773045 -5.9104857
2.2377520 -7.7891273
-5.7199464 -3.4051161
-3.7177978 -4.4377017
-2.4870994 -3.0454602
-1.6585319 -2.0997467
-1.1447595 -1.5144982
-0.8197542 -1.1148973
-0.6145390 -0.8036619
-0.5495712 -0.5787002
-0.7067981 -0.3224511
-0.5112433 -0.0992349
0.0000000 0.0000000
0.0000000 0.0000000
-1.0962991 0.5470008
-4.7318954 1.9950991
-3.5414987 2.5047591
-2.5329092 3.0680966
-2.3841281 3.7767637
-2.4740484 4.5610576
-2.7418880 5.2357726
-3.2944162 5.7821708
-4.3390050 6.0324941
-6.5710087 5.6150441
-1.5494459 -1.1580613
19.5752048 6.0877738
35.0645676 0.7269070
12.0774126 -3.9686353
-9.9150095 0.4822354
-5.6784759 -0.9902246
-3.2553229 -1.4397404
-2.1505065 -1.2504056
-1.4816421 -1.0254681
-1.0812167 -0.8223777
-0.8398919 -0.6277705
-0.7289194 -0.4623694
-0.8901421 -0.3119389
-0.8026326 -0.1145290
0.0000000 0.0000000
0.0000000 0.0000000
-2.7390716 0.8142868
-5.5455871 2.2255840
-3.8533654 2.4672167
-3.2263312 3.1054411
-3.1389363 3.8119833
-3.1199744 4.4733405
-3.2353404 4.9961157
-3.5550113 5.3177567
-4.1338134 5.3232603
-5.1176362 4.4490237
3.3252556 -2.5252903
12.7266684 4.7669396
35.8444138 -3.6326880
26.6752186 6.2855649
-6.3790469 1.0567428
-5.5580058 0.3609624
-3.1158483 -0.2008772
-2.1699769 -0.4325200
-1.5637563 -0.5161136
-1.1913722 -0.5105249
-0.9707187 -0.4496937
-0.8564663 -0.3505902
-0.9966554 -0.2769155
-1.0791700 -0.1139772
0.0000000 0.0000000
0.0000000 0.0000000
-4.6243954 0.9906499
-6.0067987 2.2860291
-4.2871470 2.5058172
-3.9557409 3.2445188
-3.8052387 3.9374099
-3.6590343 4.5809774
-3.6407363 5.1042600
-3.6919162 5.4418588
-3.6474588 5.2845469
-3.3504071 4.1884398
5.2329183 -2.2270575
11.3430347 1.8363516
33.6006927 7.9168839
26.0216122 4.6898117
-3.5045524 3.6750703
-4.7058458 2.0251012
-2.6081204 0.7439156
-1.8629529 0.1746376
-1.4342462 -0.1305912
-1.1652672 -0.2678681
-1.0111983 -0.3092924
-0.9343491 -0.2688507
-1.0577313 -0.2407806
-1.3149083 -0.1128435
0.0000000 0.0000000
0.0000000 0.0000000
-6.4757233 1.0719192
-6.3238215 2.2533798
-4.9078407 2.6066999
-4.7043052 3.4307084
-4.4771848 4.1726203
-4.2789516 4.9248447
-4.1835451 5.6550107
-3.8949919 6.1028442
-2.9917223 5.8431110
-1.2677027 4.4109325
7.3303761 -1.2760611
10.5346127 1.4494354
27.6846237 -2.3542075
17.0813332 4.2054558
-0.8980701 4.5673871
-2.9769080 2.3070979
-1.8585405 1.1585227
-1.3806798 0.4692412
-1.1702559 0.0682302
-1.0465803 -0.1472981
-0.9898447 -0.2434618
-0.9765362 -0.2376804
-1.1000171 -0.2253351
-1.5131658 -0.1196031
0.0000000 0.0000000
0.0000000 0.0000000
-8.1464462 1.0924876
-6.6855688 2.1944358
-5.6932626 2.7431331
-5.5099835 3.6475523
-5.2656779 4.5085435
-5.1664715 5.5345640
-5.0416474 6.5660686
-3.9316890 6.8690338
-1.8562520 6.0563374
1.0007142 4.0462046
9.1493464 -1.0936713
12.0221214 0.6556236
35.1954613 0.9150481
3.0415277 -0.0483245
-0.2079850 2.4731121
-1.0879017 1.7071593
-0.8722674 1.1641703
-0.8057707 0.4734876
-0.8416702 0.0521822
-0.8868555 -0.1725833
-0.9435140 -0.2721757
-1.0070227 -0.2685045
-1.1470279 -0.2434535
-1.6930774 -0.1388461
0.0000000 0.0000000
0.0000000 0.0000000
-9.6066504 1.0899832
-7.2037444 2.1500542
-6.6060700 2.8958097
-6.4104929 3.8787422
-6.3012176 4.9428082
-6.5125537 6.3226180
-5.7742758 7.1762862
-3.2967575 6.8389163
-0.1728792 5.3224096
3.3751330 3.2022293
10.7771683 -1.1813493
11.0817451 -0.2200174
31.0741653 -3.0448573
-0.2742986 -0.0518065
-2.0264099 4.4290628
-0.1994115 1.5406494
0.0849385 0.7748445
-0.2683844 0.1684843
-0.5391546 -0.1692503
-0.7471154 -0.3401129
-0.9145554 -0.3971633
-1.0541465 -0.3621040
-1.2205567 -0.2989885
-1.8786533 -0.1722668
0.0000000 0.0000000
0.0000000 0.0000000
-10.8812017 1.0817547
-7.9182100 2.1376464
-7.6098738 3.0489485
-7.4478235 4.1216779
-7.7067513 5.4368305
-7.8138638 6.7541809
-5.5257668 6.7799644
-1.9577185 5.7666621
1.7872355 3.9428926
5.5874591 1.8262316
12.0805006 -1.8261424
11.1892586 -1.6721828
27.2140522 -0.1071243
1.3145645 0.0542146
1.7886312 5.9880795
1.3022066 0.5721053
0.8893108 0.1069807
0.2188255 -0.3320627
-0.3055777 -0.5623666
-0.6708927 -0.6346293
-0.9399255 -0.6099536
-1.1466447 -0.5118057
-1.3399645 -0.3889837
-2.0908940 -0.2195898
0.0000000 0.0000000
0.0000000 0.0000000
-12.0388470 1.0748969
-8.8100357 2.1517582
-8.6810083 3.1882608
-8.6759195 4.3632698
-9.2373543 5.8018117
-8.1923647 6.4877863
-4.3491187 5.5438209
-0.1853688 4.0750270
3.8980598 2.2069039
7.4898348 0.3420290
13.7422171 -2.6703737
13.4565783 -6.7482886
34.9095650 -1.3025769
6.6481247 0.6838999
3.1552348 -0.3124607
2.1032310 -0.6627286
1.3025383 -0.9237354
0.4459930 -1.0801104
-0.2308398 -1.1103363
-0.7090503 -1.0340099
-1.0537008 -0.8937513
-1.3102099 -0.7065503
-1.5222278 -0.5067907
-2.3456438 -0.2779452
0.0000000 0.0000000
0.0000000 0.0000000
-13.1064844 1.0794936
-9.8408365 2.1556411
-9.8138790 3.2975264
-10.0942669 4.5868659
-10.3552799 5.8261118
-7.4568810 5.5906243
-2.6459229 4.0114136
1.8386737 2.1341858
5.6344519 0.5369480
8.9858532 -0.9614400
15.0235558 -3.6906404
20.4305325 -7.9399352
19.1830273 -3.5088916
4.2577281 -3.2453713
3.0704978 -2.6571455
2.2635410 -2.3181593
1.3433610 -2.1398065
0.3864641 -1.9818667
-0.3651700 -1.7686590
-0.9011700 -1.5083683
-1.2845807 -1.2260872
-1.5642647 -0.9306108
-1.7802185 -0.6425160
-2.6516466 -0.3421946
0.0000000 0.0000000
0.0000000 0.0000000
-14.0181313 1.0765026
-10.9813414 2.1509345
-11.0133810 3.3773289
-11.5908308 4.7305508
-10.6075287 5.4873405
-5.8291626 4.2652411
-0.6499524 2.4371166
3.3730516 0.7263701
7.4101229 -1.1211970
10.3470755 -2.6172633
15.6361437 -3.6868589
23.9805946 -10.0301542
5.3114810 -4.5688930
3.7839520 -4.9621935
2.7939909 -4.5487099
2.0029590 -3.9486289
1.0488631 -3.4096768
0.0366352 -2.9504156
-0.7265927 -2.4833684
-1.2689921 -2.0188580
-1.6504362 -1.5788649
-1.9207081 -1.1638434
-2.1218235 -0.7819459
-3.0075967 -0.4053132
0.0000000 0.0000000
0.0000000 0.0000000
-14.7998142 1.0728005
-12.2100029 2.1412904
-12.3118429 3.4487758
-12.9073782 4.8160715
-9.8613777 4.7326183
-3.8172390 2.8384326
0.9825590 1.1621679
4.9466152 -0.4935937
9.0344248 -2.3549163
12.9119406 -5.2474756
20.0179367 -8.1403723
24.3448696 -9.2463589
6.7606287 -6.6581635
3.7564514 -7.3160038
2.1913807 -6.8378181
1.2008400 -5.8032246
0.3407495 -4.7656832
-0.5968136 -3.9456422
-1.3310572 -3.2080405
-1.8278210 -2.5207458
-2.1584361 -1.9170151
-2.3815751 -1.3813798
-2.5478554 -0.9073324
-3.3990655 -0.4591561
0.0000000 0.0000000
0.0000000 0.0000000
-15.4526253 1.0615139
-13.4719200 2.1033688
-13.7532215 3.4331772
-13.3608055 4.4357185
-8.4516191 3.4510369
-2.0893183 1.5520667
1.9847810 0.0766734
6.6719117 -1.7762717
10.2969446 -2.7359576
15.3908911 -5.3158255
30.6451969 -13.1672020
10.4795265 -8.9776125
7.4932752 -8.9483395
3.5500133 -9.4790325
1.0308855 -9.2363558
-0.5120692 -8.0221939
-0.9764621 -6.2942414
-1.5448626 -4.9417424
-2.1945937 -3.8800144
-2.5843186 -2.9631555
-2.8069201 -2.2009943
-2.9392624 -1.5541010
-3.0489631 -0.9984556
-3.7985723 -0.4946693
0.0000000 0.0000000
0.0000000 0.0000000
-15.9572172 1.0264785
-14.7424793 2.0538502
-15.1412973 3.3501978
-12.7091131 3.9267752
-6.7064795 2.2707539
-0.7628592 0.6394823
3.7416773 -1.1134413
8.4749670 -3.4202411
12.6091652 -5.0149331
20.2896214 -7.6085658
31.1619205 -16.2851696
11.7367735 -8.9965591
8.1724806 -9.5221930
3.7925024 -9.8545532
0.4907550 -10.2465849
-2.3473408 -9.7097225
-3.1362131 -7.9339280
-2.9727626 -5.9244013
-3.3653269 -4.4107099
-3.5239830 -3.2823970
-3.5732460 -2.3862655
-3.5710738 -1.6493984
-3.6002941 -1.0352148
-4.1712308 -0.5027730
0.0000000 0.0000000
0.0000000 0.0000000
-16.3464394 0.9585871
-16.1245594 1.9193302
-15.9580278 2.6439064
-11.3902903 2.7724485
-4.7969856 1.1416342
0.0647438 0.0603659
5.3106251 -1.8966885
9.6376457 -3.3397770
14.2895060 -4.7884378
34.0478096 -14.1208401
19.2650299 -10.6769266
13.0496168 -8.0708256
8.5466433 -8.4836626
4.5149817 -8.6378679
0.7170019 -8.8694239
-2.8666697 -9.0893831
-5.4402361 -8.4189434
-5.0458236 -6.5450897
-4.7998552 -4.6653008
-4.6229100 -3.4135833
-4.4204116 -2.4271665
-4.2447090 -1.6331097
-4.1618614 -0.9954217
-4.4807568 -0.4735349
0.0000000 0.0000000
0.0000000 0.0000000
-16.5429478 0.8098423
-17.2458134 1.5645158
-15.7069530 1.6124297
-9.1262379 0.2352716
-3.2250531 0.1551622
1.7912984 -1.5577141
6.4830322 -2.8400688
10.8141737 -3.2254398
16.6128769 -4.2042208
35.3906860 -16.2094326
16.1606045 -7.6555381
12.4576406 -7.2059650
8.6462231 -6.5711942
4.9678154 -6.2766290
1.1085000 -6.1821189
-2.0841041 -6.8924856
-6.1577396 -7.4632130
-7.3428926 -6.2406878
-6.4907622 -4.5395904
-5.8288474 -3.2846313
-5.2956343 -2.2524385
-4.9042106 -1.4610225
-4.6763501 -0.8573876
-4.7122126 -0.3970134
0.0000000 0.0000000
0.0000000 0.0000000
-16.7301216 0.6239970
-18.1273689 1.1801229
-14.2737093 0.4294443
-7.2385979 -1.3936174
-1.9859072 -1.8591909
3.2579415 -3.0306532
6.3101592 -3.3358867
11.4967136 -3.0387862
30.4907227 -12.2076263
29.9780483 -9.7174234
15.5688362 -6.8753710
11.8106775 -5.2507930
7.8966479 -4.0444880
4.6957722 -3.4171691
1.7454134 -3.4185643
-1.3533648 -3.8420165
-5.2157369 -4.7144890
-8.1920347 -3.8882475
-8.4318104 -3.7183034
-6.9226708 -2.7938588
-6.1039824 -1.8202138
-5.4840136 -1.0981230
-5.0758429 -0.5962377
-4.8375959 -0.2579935
0.0000000 0.0000000
0.0000000 0.0000000
-17.1252632 0.2794856
-18.4700584 0.4743165
-12.0647202 -1.4513772
-5.9779220 -2.5270097
-0.5153369 -4.0807309
3.8223906 -4.4747128
6.2301583 -5.0850983
18.1653900 -8.7279902
35.2823219 -15.4528875
21.8760529 -9.6085253
12.5191441 -4.9532928
10.0664320 -3.1046250
6.7894354 -1.5093530
4.1390624 -0.7598934
1.5907931 -0.3730484
-0.8540648 -0.9084517
-3.7708180 -1.4914960
-7.9079943 -1.3343158
-10.1967478 -2.0529697
-7.9016056 -1.7279571
-6.7764425 -1.0281132
-5.9200692 -0.4902864
-5.3117266 -0.1793162
-4.8731627 -0.0422194
0.0000000 0.0000000
0.0000000 0.0000000
-17.5298557 -0.4484556
-17.4476833 -1.0403959
-10.0398149 -3.4281013
-4.8660092 -4.5180082
0.1651882 -5.3904409
4.1226721 -5.8532820
7.7386823 -6.4634132
22.2884560 -9.3100462
33.7767830 -8.6998110
18.9552898 -6.0269008
9.8949099 -1.9333236
8.2583551 -0.4855245
5.4899001 1.2092386
3.3128626 1.9443482
2.4566541 2.5424795
-0.4308980 2.4569173
-3.2827556 1.8471701
-6.4265761 2.0319617
-10.5714350 0.4511037
-8.3933249 -0.3545448
-7.1737666 0.0559778
-6.1011672 0.3151116
-5.3023295 0.3683313
-4.7516212 0.2357612
0.0000000 0.0000000
0.0000000 0.0000000
-17.1433544 -2.0863512
-14.8875542 -4.4498668
-8.2692327 -5.1043777
-4.0655155 -6.3710847
0.7889116 -7.4814653
4.2314253 -7.4251075
8.7284412 -7.3737130
23.7666416 -9.6554375
31.1805439 -5.5389085
17.7294941 -3.5827901
7.0702209 1.1812534
6.3054886 2.7270617
4.3620563 4.2546082
2.4960394 5.1021180
2.1760340 5.3876419
0.1680655 5.3860488
-2.9101975 5.5761018
-5.5785966 5.0122333
-8.7937078 3.9067450
-8.7096329 1.8339061
-7.3679986 2.0420308
-5.9526434 1.6790283
-4.9102445 1.1780537
-4.2760406 0.5911284
0.0000000 0.0000000
0.0000000 0.0000000
-14.7355070 -5.5655088
-12.0261068 -9.0575962
-7.7812018 -8.2530603
-3.0407753 -8.8704519
0.7758967 -9.3755836
3.7850187 -8.6997004
7.9719162 -8.3468580
21.7780056 -7.6314497
25.8765011 -5.6350121
13.9393101 0.2925848
5.4079556 3.9846203
4.8600483 5.4274173
3.2560546 6.9864573
2.2822070 7.2607212
1.5888103 7.8606424
-0.5953299 8.2302790
-3.2544813 8.4038677
-4.6969733 8.3757963
-7.2131381 8.6404047
-7.6646810 7.7675939
-6.1911874 5.9853320
-4.8092351 3.9680233
-3.9449959 2.3525476
-3.3854985 1.1060646
0.0000000 0.0000000
0.0000000 0.0000000
-9.8212757 -7.4214568
-9.6795578 -14.4785271
-8.4946423 -14.1919622
-3.3007596 -12.7775202
0.2264857 -11.4593916
2.6006021 -10.2396669
8.5486679 -9.6746063
19.4497013 -7.2822027
19.0962830 -1.4350030
8.0142307 3.6648607
3.4920044 5.8475733
3.2426367 7.4256115
2.2185891 9.4343472
1.7658509 10.3969269
1.0827864 11.3684988
0.2472900 12.2386999
-3.6642449 15.1381302
-5.3357940 15.2648506
-7.7764878 16.3121872
-6.7981281 14.8217649
-3.3811574 10.2397089
-1.9388200 6.3327441
-1.8473487 3.6943483
-1.7835500 1.7222320
0.0000000 0.0000000
0.0000000 0.0000000
-3.1990733 -3.0120363
-6.3938475 -11.2903442
-2.2789025 -18.8333359
-0.7666591 -16.9634800
1.1457124 -16.2860661
3.2056346 -15.2210979
9.6680422 -13.0316429
13.8872595 -6.3197131
9.5465612 3.9153500
6.8119659 7.2552409
2.0213990 10.8741875
0.9535794 12.6858864
0.8963248 14.7687817
0.0402611 15.9697199
0.0857986 17.4140186
-1.3971959 17.8123207
-1.7764124 18.5300503
-4.1065054 19.3712292
-3.7372322 13.4531021
-1.5253835 7.1749578
-0.5417209 4.7892356
-0.3895752 3.7709765
-0.4706950 2.6669800
-0.4183706 1.1165550
0.0000000 0.0000000
0.0000000 0.0000000
0.0000000 0.0000000
0.0000000 0.0000000
0.0000000 0.0000000
0.0000000 0.0000000
0.0000000 0.0000000
0.0000000 0.0000000
0.0000000 0.0000000
0.0000000 0.0000000
0.0000000 0.0000000
0.0000000 0.0000000
0.0000000 0.0000000
0.0000000 0.0000000
0.0000000 0.0000000
0.0000000 0.0000000
0.0000000 0.0000000
0.0000000 0.0000000
0.0000000 0.0000000
0.0000000 0.0000000
0.0000000 0.0000000
0.0000000 0.0000000
0.0000000 0.0000000
0.0000000 0.0000000
0.0000000 0.0000000
0.0000000 0.0000000
0.0000000 0.0000000
0.0000000 0.0000000
0.3671942 -0.3521727
0.0000000 0.0000000
0.7886501 -0.2607636
0.0156313 -0.6273767
-0.1840553 -0.7094041
0.0000000 0.0000000
-1.1385225 -0.1667721
-0.5658051 0.3541819
-0.5819862 1.3636308
0.0000000 0.0000000
-1.9888415 1.4864547
-0.5933954 2.4881744
-0.5815634 3.5849686
0.0000000 0.0000000
-1.6007504 3.1336253
-0.4608869 4.4625950
-0.4006510 5.1271553
0.0000000 0.0000000
-1.0152745 4.0796609
-0.3276665 5.7304006
-0.3120209 6.2490377
0.0000000 0.0000000
-0.7874170 4.7867913
-0.3151941 6.7743549
-0.3506019 7.2868438
0.0000000 0.0000000
-0.8241645 5.5392218
-0.3864745 7.9183278
-0.4708858 8.5592871
0.0000000 0.0000000
-1.0724125 6.4861612
-0.5441112 9.4691982
-0.7143042 10.3499584
0.0000000 0.0000000
-1.5980569 7.7611523
-0.8839008 11.8461418
-1.1991527 13.2465639
0.0000000 0.0000000
-2.6682665 9.8028297
-1.7257130 15.6619005
-1.9011803 18.6440277
0.0000000 0.0000000
-4.9298658 14.4171171
-1.7130723 21.6136971
-2.3208425 25.2634163
0.0000000 0.0000000
2.7245002 13.7002325
4.7926922 19.1442738
11.1445084 6.5931325
0.0000000 0.0000000
13.3820105 12.9450445
12.3530626 -9.6072865
-1.6474071 -12.2466812
0.0000000 0.0000000
13.7186098 -2.8017054
-2.2381394 -14.8323784
-1.3375098 -13.2862816
0.0000000 0.0000000
-7.5353985 -10.5137186
-0.9052828 -9.1789789
-0.9721995 -7.2927079
0.0000000 0.0000000
-1.5853781 -6.4600539
-0.7854509 -6.4332676
-0.5326332 -5.3862271
0.0000000 0.0000000
-1.6213795 -3.9339886
-0.4777960 -4.5993876
-0.3857027 -3.7326663
0.0000000 0.0000000
-1.1335542 -2.8630478
-0.3446294 -3.2364562
-0.2711159 -2.6223760
0.0000000 0.0000000
-0.7754236 -2.0838151
-0.2306021 -2.2850630
-0.1885755 -1.8821591
0.0000000 0.0000000
-0.5371915 -1.5403849
-0.1575206 -1.6344119
-0.1333228 -1.3610461
0.0000000 0.0000000
-0.3836451 -1.1411716
-0.1130671 -1.1807636
-0.0982963 -0.9728429
0.0000000 0.0000000
-0.3134828 -0.8364348
-0.1002232 -0.8034464
-0.1186490 -0.6166084
0.0000000 0.0000000
-0.3572804 -0.5426594
-0.1365788 -0.3813326
-0.1318619 -0.1543750
0.0000000 0.0000000
-0.3853534 -0.1610968
-0.0525168 -0.0273306
0.0121972 0.1045304
0.0000000 0.0000000
0.0669354 0.0614698
0.0000000 0.0000000
0.0000000 0.0000000
1.2376077 -0.1398196
1.2108769 -0.0791707
-0.0414623 -0.0722432
-1.3442550 0.2581713
-2.2795942 0.6230520
-2.5290358 1.1377568
-2.7321684 1.9185880
-3.4356508 2.0687206
-2.3811812 2.6188722
-2.0060446 3.1602778
-2.4205992 2.9259439
-1.5617468 3.5447938
-1.3085521 3.9131699
-1.6928718 3.5333748
-1.1892571 4.2289443
-1.1785394 4.6188745
-1.5729624 4.3108172
-1.2390190 5.0512142
-1.3764945 5.4628606
-1.7706022 5.1595469
-1.5353129 6.0140691
-1.8083962 6.4626069
-2.2005820 6.0022502
-2.0964437 7.1773524
-2.6212120 7.6547742
-3.0319500 6.7828670
-3.1601636 8.6983633
-4.3895178 9.0864010
-4.6704278 7.2523732
-5.8387747 10.6492958
-8.9855394 11.9861650
-10.2027922 8.2516499
-1.8692204 9.1439219
6.4504228 11.9446640
9.8755817 12.4845800
12.2360497 10.3322334
19.8186245 6.8190751
24.1870022 7.4002776
24.6830235 -4.3622599
19.0744267 -1.5120124
26.0088005 -1.0523096
1.2624615 -10.0540543
-11.4905157 -7.3401303
-9.6216516 -5.8236318
-3.0432968 -6.2058291
-3.3667452 -7.5461202
-5.0570397 -5.9874506
-2.9773483 -5.1562700
-2.2070644 -3.8492064
-2.9313061 -3.2977445
-1.9149979 -3.3893139
-1.5240549 -2.6503344
-2.0430133 -2.3063619
-1.2514653 -2.3664815
-1.0278746 -1.9051623
-1.3803800 -1.7233722
-0.8551242 -1.6810449
-0.7164221 -1.3966923
-0.9684346 -1.2929068
-0.6011883 -1.2123083
-0.5188796 -1.0254292
-0.7070366 -0.9603112
-0.4468817 -0.8748600
-0.4114571 -0.7351598
-0.5628741 -0.6906607
-0.4072120 -0.6173491
-0.4590533 -0.4832703
-0.6007178 -0.4786054
-0.5413746 -0.2991467
-0.5572348 -0.1748756
-0.7107068 -0.2110972
-0.3654271 -0.0609011
0.1517703 0.0273744
0.1233206 -0.0080871
0.0000000 0.0000000
0.0000000 0.0000000
1.1687077 0.0350446
0.9989895 0.1041924
-0.6934486 0.3110456
-2.8709309 0.9813200
-3.6787176 1.2462461
-4.1004844 1.7818145
-3.9447563 2.2220426
-4.2673936 2.2855122
-3.2694101 2.5852180
-2.6478641 2.8334846
-2.9128952 2.7343500
-2.1993842 3.1170974
-2.0048254 3.4446774
-2.4059181 3.3626833
-1.9554496 3.8197906
-2.0114470 4.2277026
-2.3933516 4.1585431
-2.0815127 4.6742764
-2.2390332 5.0213413
-2.5570076 4.8671322
-2.3883510 5.4718604
-2.6846640 5.7373457
-2.9328637 5.4558678
-2.9645441 6.2284718
-3.4968193 6.3613968
-3.6478019 5.9011374
-3.9608378 6.8428402
-4.7818942 6.9126024
-4.8497624 6.1841545
-4.9810629 7.3275433
-9.9702730 8.1482639
-10.2859612 7.7440233
-9.2722807 6.5495744
7.6803503 6.8058639
11.8913012 2.2683520
17.1882019 11.1660872
21.1255054 6.9154882
32.0477676 5.6114454
31.2307701 -1.8029372
31.2132645 4.1193213
33.3420639 11.0355091
2.0737109 -5.0285163
-6.2224579 -5.4109526
-8.0926285 -3.8841646
-5.7356439 -1.8407038
-5.8039894 -4.6213241
-9.0960131 -3.6929150
-4.2169094 -3.2640419
-3.2335520 -2.7535546
-4.4422708 -2.2572219
-2.7852774 -2.3998654
-2.2609529 -1.9022303
-2.7090068 -1.5115055
-1.8566735 -1.7044322
-1.5495869 -1.4584774
-1.7965226 -1.1925278
-1.2837850 -1.2775329
-1.0976321 -1.1194957
-1.2643807 -0.9567965
-0.9282418 -0.9680949
-0.8181578 -0.8516256
-0.9475887 -0.7559459
-0.7129161 -0.7118448
-0.6644017 -0.6223919
-0.7689264 -0.5640473
-0.6303293 -0.5180089
-0.6825977 -0.4390714
-0.7701368 -0.4123200
-0.7894099 -0.3113524
-0.8387724 -0.2319464
-0.9516808 -0.2402426
-0.6493654 -0.1106072
0.1033051 -0.0197541
0.0526628 -0.0320897
0.0000000 0.0000000
0.0000000 0.0000000
0.6783664 0.1645233
0.3444996 0.2256908
-1.9951644 0.6430398
-4.3786831 1.4917729
-5.0540624 1.6550347
-5.1664376 2.1409783
-4.5221767 2.3107266
-4.6719384 2.3221803
-3.6898012 2.4962103
-3.1263511 2.7219169
-3.4233012 2.7315073
-2.8518200 3.0496647
-2.7837796 3.3955543
-3.1556418 3.4197497
-2.7429869 3.7795637
-2.7811909 4.1398811
-3.1006401 4.1257997
-2.7965977 4.4998541
-2.8990951 4.7722044
-3.1504288 4.6997223
-2.9950521 5.0851536
-3.2065046 5.2634249
-3.3481514 5.0975418
-3.4099424 5.4845099
-3.8164458 5.5030031
-3.7507617 5.1583686
-4.1940241 5.6124334
-5.0431662 5.1067019
-4.5430894 4.4936490
-5.7589397 5.3220644
-11.4603682 4.9071865
-9.1401625 3.6743255
-0.0358389 -3.6079559
7.5925503 1.4619275
7.2060804 1.0135106
12.5946417 4.4388967
19.4694195 7.3476458
19.1053829 4.4427638
34.6756363 -0.1683540
33.3331451 5.3873796
29.0629539 11.3466749
19.4058800 4.4133220
-3.4925632 0.2255563
5.8932972 3.9271145
-8.7135353 1.3512113
-7.9571767 -1.0284674
-6.0845380 0.5052964
-5.5710545 0.0824277
-4.2867775 -0.9497630
-3.8955307 -0.1694037
-3.1538706 -0.7304449
-2.6388342 -0.8896310
-2.5592740 -0.4493515
-2.1346972 -0.8099244
-1.8212891 -0.8495447
-1.8359196 -0.5791798
-1.5077574 -0.7539098
-1.3179718 -0.7532923
-1.3568521 -0.5833920
-1.1268353 -0.6559622
-1.0141647 -0.6337761
-1.0670472 -0.5308266
-0.8983611 -0.5308046
-0.8449659 -0.4960823
-0.9024097 -0.4361693
-0.7905656 -0.4030608
-0.8303520 -0.3688413
-0.8828609 -0.3354436
-0.9383693 -0.2906730
-1.0379353 -0.2381421
-1.1170624 -0.2325120
-0.9352942 -0.1148575
-0.0094179 -0.0368800
-0.0737211 -0.0431027
0.0000000 0.0000000
0.0000000 0.0000000
-0.1947787 0.2842895
-0.7337261 0.3567572
-3.7151508 0.8933227
-5.6758723 1.7862833
-6.1929436 1.8606697
-5.7995310 2.2858527
-4.8225193 2.3069525
-4.9715118 2.3121042
-4.0611053 2.4794106
-3.7160621 2.7861052
-4.0553312 2.8502836
-3.5726748 3.1550417
-3.5287673 3.5006032
-3.8784609 3.5672858
-3.4539435 3.8515680
-3.4248390 4.1785464
-3.7329025 4.2273083
-3.3895435 4.4724383
-3.3866024 4.7442074
-3.6650407 4.7879539
-3.4227676 4.9665303
-3.4929895 5.1316509
-3.6710305 5.2306027
-3.5593472 5.2873526
-3.7007403 5.2251921
-3.6895800 5.4069290
-3.8010001 5.1418095
-3.8711815 4.9534535
-3.5644660 5.0149784
-3.6247005 3.4652410
-6.3359509 4.7174001
-5.7649584 4.2702613
3.8497941 -2.9330080
7.3177171 0.5335384
8.1432161 1.8277067
12.0925102 3.2729163
14.3885040 4.5643597
14.9067993 1.8239231
31.0956268 6.4006929
30.1259899 8.9406872
30.4670353 2.7508302
25.1270638 4.0036602
2.9307082 4.3582320
2.2434640 4.4074550
-5.4425054 2.4410610
-6.1758661 1.1829447
-5.6831989 2.2630692
-5.0836973 1.2843167
-3.8709285 0.3051080
-3.3722746 0.9296830
-2.8639719 0.3764766
-2.4679291 -0.0475063
-2.0979884 0.3190705
-2.0260072 -0.0481680
-1.7849399 -0.3076465
-1.6127282 -0.0762826
-1.4997537 -0.2822635
-1.3507353 -0.4128125
-1.2778430 -0.2729621
-1.1795717 -0.3670103
-1.0916071 -0.4260283
-1.0744507 -0.3423015
-0.9915546 -0.3658224
-0.9491176 -0.3783574
-0.9645693 -0.3310472
-0.8970590 -0.3021170
-0.9279476 -0.2996567
-0.9547685 -0.2721884
-1.0260667 -0.2544276
-1.1733506 -0.2209945
-1.2261325 -0.2110675
-1.1905259 -0.1116162
-0.1502352 -0.0442103
-0.2196306 -0.0465453
0.0000000 0.0000000
0.0000000 0.0000000
-1.4003907 0.4075574
-2.1071272 0.4576991
-5.5626884 1.0345721
-6.6783462 1.9006020
-7.0691929 1.9128333
-6.1796074 2.2912254
-5.1476254 2.3041708
-5.3782425 2.3213003
-4.5830107 2.5459337
-4.4136267 2.9363649
-4.7926989 3.0175700
-4.3182197 3.3236661
-4.2334003 3.6789072
-4.6039824 3.7819223
-4.1293507 4.0219650
-4.0227394 4.3838983
-4.4041791 4.5027590
-3.9751894 4.6718707
-3.8925445 5.0245152
-4.2935371 5.2308779
-3.8871999 5.2751756
-3.8293285 5.5606494
-4.0918689 5.8960004
-3.7245247 5.6977592
-3.5683017 5.7421727
-3.5207889 6.0635414
-3.2814231 5.5242414
-2.7329028 5.2020926
-2.2399073 5.1784220
-2.1650765 4.0761795
-4.5642161 4.2569652
-2.8429196 3.3133135
6.3762374 -1.3308420
7.5338621 1.6394897
8.2543983 1.4395220
9.3160620 0.7672759
13.8414688 2.3735609
11.8564711 2.6168981
34.4406166 -4.7611051
30.1501617 -0.4411686
35.2046776 0.1852766
18.5328445 4.6354542
3.1542192 4.8559432
6.3074384 4.8948727
-3.3788335 4.8923588
-4.5031357 2.7373662
-2.7979081 3.6878266
-3.9410987 2.6754353
-3.0109608 1.1840141
-2.3306363 1.7154557
-2.1962881 1.1083766
-1.9199723 0.5043715
-1.4876115 0.7249380
-1.6419189 0.3965048
-1.5051496 0.0702356
-1.2514114 0.2026101
-1.3171904 0.0165163
-1.2301502 -0.1760356
-1.0923398 -0.0982477
-1.1162322 -0.1790057
-1.0699508 -0.2825904
-1.0071529 -0.2388835
-1.0073034 -0.2590916
-0.9897130 -0.2987222
-0.9766026 -0.2765380
-0.9604519 -0.2429430
-0.9909092 -0.2540286
-1.0033634 -0.2420728
-1.0807853 -0.2275316
-1.2651873 -0.2020862
-1.3034954 -0.1959438
-1.4060307 -0.1131842
-0.3037792 -0.0461557
-0.3753090 -0.0462317
0.0000000 0.0000000
0.0000000 0.0000000
-2.8608027 0.4907753
-3.6504440 0.5167322
-7.3084831 1.0889236
-7.4501958 1.8992205
-7.7786164 1.8800402
-6.5119634 2.2335975
-5.6391196 2.3366041
-5.9721384 2.3671274
-5.2831998 2.6637738
-5.1935234 3.1191299
-5.6187863 3.2056668
-5.0976233 3.5262208
-4.9728432 3.9282334
-5.4022126 4.0528498
-4.8627996 4.3044987
-4.7355089 4.7529044
-5.2619390 4.9512701
-4.7291393 5.1305866
-4.6148319 5.6667628
-5.2082691 6.0317392
-4.5565839 6.0411949
-4.3568645 6.4026804
-4.5636702 6.8605747
-3.8913345 6.5696664
-3.2676148 6.4067645
-2.9626076 6.5889106
-2.3827698 6.0087523
-1.2383096 5.2638946
-0.5028499 5.1942835
-0.0072181 4.1349468
-1.3201652 3.5206118
-0.1246986 3.6672196
8.4924545 -1.0423418
9.0874615 1.1196791
9.9586916 1.2667074
11.3746901 1.3442416
10.3183346 0.3848372
10.4578381 -0.3825165
33.3956757 2.6790104
25.9218349 3.8463562
33.4090424 -3.0224903
12.1296549 0.5716570
3.7708063 5.1406536
1.2440168 3.7750964
-0.8188835 3.6842966
-2.1906569 2.9143958
-0.6723847 2.7737603
-2.3910728 2.2684546
-1.8537208 1.6630236
-1.1152623 1.9260629
-1.4086559 1.3473049
-1.2459693 0.7258397
-0.7602799 0.7960971
-1.1368238 0.5434020
-1.1091112 0.2179104
-0.8097762 0.2351544
-1.0401957 0.1061397
-1.0240307 -0.0893243
-0.8538034 -0.0889425
-0.9886140 -0.1313746
-0.9905553 -0.2380693
-0.9085383 -0.2460772
-0.9798545 -0.2399581
-0.9942511 -0.2807566
-0.9703072 -0.2915439
-0.9995890 -0.2420673
-1.0385853 -0.2475152
-1.0487725 -0.2564768
-1.1277624 -0.2285321
-1.3381939 -0.1968515
-1.3765821 -0.1999019
-1.5930030 -0.1258789
-0.4655768 -0.0467608
-0.5420489 -0.0467563
0.0000000 0.0000000
0.0000000 0.0000000
-4.4480095 0.5315298
-5.2647500 0.5413401
-8.8638849 1.0972313
-8.1096983 1.8490874
-8.4296064 1.8220345
-6.9464126 2.1725299
-6.3271775 2.4056895
-6.7526302 2.4468987
-6.1324959 2.8091302
-6.0557551 3.3137867
-6.5303445 3.3990669
-5.9513326 3.7503586
-5.8174138 4.2253394
-6.3457990 4.3694096
-5.7674303 4.6825619
-5.7263341 5.3017101
-6.4692373 5.5856662
-5.8235073 5.8660340
-5.7403226 6.5702071
-6.2895279 6.9149537
-5.3383861 7.0100508
-4.7146292 7.1149683
-4.5711064 7.2319522
-3.6079063 7.0542207
-2.3743279 6.5297279
-1.7322376 6.1278172
-0.8927594 5.8134880
0.6950426 4.8152652
1.6595784 4.2743645
2.2896807 3.6725471
0.9903486 3.2264073
2.1182139 2.6953256
10.2612400 -0.9261453
10.5414333 1.4053000
10.8062420 1.1001661
11.7105112 0.4800485
12.6812334 -1.2261951
16.0557728 -1.1026012
30.5608902 -2.7549636
30.4297619 0.9433382
26.6902485 -0.7950612
4.9565597 -0.4808643
3.1773119 2.8913102
-2.8283343 2.6523600
0.9847571 2.7247570
-0.5684000 2.6487713
-1.0400019 2.4142985
-1.0928910 1.3984765
-0.7589755 1.6862630
0.0567149 1.5992541
-0.5885768 1.1390002
-0.5554404 0.6230705
-0.0499357 0.5993102
-0.6113356 0.3915045
-0.6881235 0.1207601
-0.4091158 0.0364275
-0.7354643 -0.0220154
-0.7988276 -0.1735863
-0.6434776 -0.2527096
-0.8461919 -0.2331984
-0.9011711 -0.3086104
-0.8296393 -0.3718310
-0.9475200 -0.3195397
-0.9958048 -0.3369382
-0.9820585 -0.3837242
-1.0406673 -0.3053747
-1.0935467 -0.2878826
-1.1153526 -0.3188695
-1.1889714 -0.2659323
-1.4193275 -0.2138322
-1.4705471 -0.2282081
-1.7737978 -0.1526517
-0.6416603 -0.0500273
-0.7304000 -0.0519591
0.0000000 0.0000000
0.0000000 0.0000000
-6.0772357 0.5453664
-6.8942189 0.5460824
-10.2253895 1.0900111
-8.7567816 1.7930605
-9.1042395 1.7720942
-7.5579433 2.1375694
-7.1889200 2.5006962
-7.6834006 2.5485692
-7.0939279 2.9642248
-7.0025582 3.5042226
-7.5278640 3.5884113
-6.9183517 3.9838948
-6.8541641 4.5681572
-7.5221553 4.7423806
-6.9809270 5.1600175
-7.1438422 5.9735441
-7.9338474 6.2102633
-7.1518278 6.6246915
-6.7627335 7.0892377
-6.8387356 7.0729928
-5.6028867 7.2634368
-4.2303457 6.8608799
-3.7329657 6.4050479
-2.5503962 6.3865056
-0.8108799 5.5511236
-0.1037797 4.8116989
1.0132563 4.6807609
2.8313479 3.5277233
3.7923734 2.7536647
4.5478721 2.5676396
3.1218050 1.8385084
4.3281026 0.8668335
11.4565029 -1.2407836
11.5029230 0.7233109
11.2005577 -1.1932209
12.0617619 -0.7593589
16.5936203 -1.0430728
18.0726280 -2.9024260
28.7154350 -0.8852506
30.3208008 -1.3759624
25.9150677 -2.3318622
0.8462838 0.0073071
-2.0024235 4.0485935
2.2587245 5.5642734
-0.6041666 6.4248557
0.2542647 2.4979599
1.5666732 2.4574854
0.6846267 1.1008822
0.5574549 1.2049551
1.1564250 0.7843218
0.2435879 0.3834261
0.1107765 0.2764904
0.5720090 0.0219257
-0.1647726 -0.0602067
-0.3238640 -0.1875148
-0.0606817 -0.3854127
-0.4914642 -0.3421889
-0.6214551 -0.4170020
-0.4967360 -0.5699202
-0.7472909 -0.4702380
-0.8505367 -0.4916006
-0.8087904 -0.6048242
-0.9497848 -0.4922109
-1.0299953 -0.4673528
-1.0429035 -0.5472195
-1.1127183 -0.4295509
-1.1800772 -0.3741717
-1.2270468 -0.4254177
-1.2857976 -0.3397825
-1.5317056 -0.2555236
-1.6053221 -0.2809565
-1.9709674 -0.1939242
-0.8466799 -0.0588993
-0.9570962 -0.0639036
0.0000000 0.0000000
0.0000000 0.0000000
-7.7049737 0.5408345
-8.5014410 0.5304788
-11.4330730 1.0788788
-9.4644880 1.7574654
-9.8552980 1.7480690
-8.3619270 2.1410196
-8.1791677 2.6050847
-8.7152185 2.6518097
-8.1352892 3.1137590
-8.0481977 3.6859174
-8.6388102 3.7657588
-8.0503979 4.2323246
-8.1773357 4.9474778
-8.9401951 5.1125603
-8.4617977 5.6320257
-8.6042280 6.3774495
-9.0658875 6.4267197
-8.0247841 6.7639756
-6.7897906 6.6877279
-6.3479228 6.2926335
-4.9449902 6.3863716
-2.9914989 5.6577635
-2.2602279 4.8652225
-0.9461719 4.9109879
1.0570058 3.9272201
1.9308059 3.0380578
3.0032835 3.0592403
4.8797712 1.9765981
5.8038507 1.1841047
6.6374865 1.0623049
5.8476310 0.0791077
7.2231369 -0.6379535
13.1204176 -2.2897055
12.3388062 -1.9847841
13.4680414 -2.3253846
12.2161303 -4.2930093
22.0592308 -5.5566401
23.5741444 -6.8942142
34.7147408 -1.3555576
-0.8777026 -1.1789982
-1.1347269 0.1968871
5.6523752 1.5348046
5.1198149 4.7298508
3.1566541 -0.5722187
2.0218425 1.0111567
2.1273992 0.5948671
2.5523837 -0.2991922
1.7643943 0.1364964
1.3582799 -0.0895404
1.7281854 -0.6831121
0.9506510 -0.4087612
0.5781135 -0.5230498
0.8670309 -0.9326004
0.1940797 -0.7052729
-0.0795821 -0.7417010
0.0800082 -1.0430465
-0.3421429 -0.8256371
-0.5400304 -0.8135600
-0.4860618 -1.0335027
-0.7322906 -0.8243787
-0.8773615 -0.7758327
-0.8894736 -0.9320132
-1.0213139 -0.7446482
-1.1281477 -0.6637534
-1.1832510 -0.7702433
-1.2417326 -0.6046904
-1.3216680 -0.5001677
-1.4047738 -0.5674254
-1.4367331 -0.4452986
-1.6918758 -0.3200582
-1.7949202 -0.3546968
-2.2030735 -0.2480153
-1.0993809 -0.0744974
-1.2412041 -0.0826479
0.0000000 0.0000000
0.0000000 0.0000000
-9.2927647 0.5218302
-10.0789127 0.5195475
-12.5758467 1.0792687
-10.2595921 1.7324753
-10.7048883 1.7119009
-9.3185587 2.1528869
-9.2465143 2.6947486
-9.8152008 2.7243202
-9.2384768 3.2404411
-9.2285423 3.8513486
-9.8961792 3.9327512
-9.3712816 4.4717031
-9.6905680 5.2822943
-10.3838997 5.3775859
-9.8287897 5.8935285
-9.3882637 6.2834520
-9.3406277 6.0231590
-7.8790851 6.1953597
-5.7737608 5.5838962
-4.9975200 4.9369850
-3.5686378 4.8746724
-1.3562564 4.0439725
-0.3111528 3.0207129
0.8274688 3.0451629
2.8910315 2.1163671
3.7327282 1.2657434
4.8067532 1.3486832
6.6910782 0.4092008
7.4855247 -0.4307992
8.3700285 -0.2885679
8.4604435 -1.5193634
10.0016356 -2.4704273
14.1992435 -3.0413671
14.3939266 -3.1898298
15.9441166 -3.6293609
15.5589905 -8.5767937
26.3273125 -8.8629789
27.3180180 -8.3285608
25.2985096 -3.9060683
0.8962346 1.1179043
1.2814807 -1.6971542
2.9939480 -2.8021605
3.5605993 -2.0400832
3.5912590 -2.8759272
3.1512353 -1.4104992
2.5720291 -1.5285358
2.6725678 -2.4588852
2.1166925 -1.5213833
1.6450266 -1.5452151
1.8173324 -2.1985517
1.1712140 -1.5533525
0.7218521 -1.5392100
0.8498545 -2.0263326
0.2845315 -1.5408546
-0.0542788 -1.4674127
-0.0239737 -1.8308876
-0.3693636 -1.4370915
-0.6129075 -1.3303337
-0.6531789 -1.5938251
-0.8464932 -1.2675253
-1.0201350 -1.1389774
-1.1034124 -1.3233606
-1.1937442 -1.0572706
-1.3164989 -0.9098790
-1.4268062 -1.0331576
-1.4506199 -0.8172084
-1.5374777 -0.6554182
-1.6650447 -0.7318171
-1.6561816 -0.5740232
-1.9112146 -0.4018040
-2.0479438 -0.4416723
-2.4825907 -0.3109171
-1.4178872 -0.0960191
-1.5988522 -0.1067222
0.0000000 0.0000000
0.0000000 0.0000000
-10.8744984 0.5213626
-11.6635399 0.5223880
-13.5834274 1.0791752
-11.1446161 1.6919425
-11.6266642 1.6740298
-10.4002981 2.1485002
-10.3753786 2.7502871
-10.9707718 2.7733917
-10.4091330 3.3319972
-10.5826435 4.0032778
-11.3243809 4.0711503
-10.8328743 4.6566973
-11.0177536 5.4172039
-11.4607468 5.4179692
-10.5346317 5.7235384
-9.1125736 5.5762048
-8.5181236 5.1165442
-6.7383389 5.0312357
-4.1285048 4.0912952
-3.1884871 3.3683057
-1.7500547 3.1421459
0.5887122 2.2025306
1.4403490 1.5667938
2.5473528 1.3379356
4.5489450 0.5502977
5.3471394 -0.1249459
6.5035849 -0.3701772
8.4575882 -1.1129153
9.1824646 -1.7976931
9.8185873 -1.7141845
11.2497253 -2.9317307
12.4271650 -4.0731778
15.3132238 -3.1119463
17.1683559 -4.6990638
19.8698273 -6.9639158
22.9646988 -10.5105038
23.9591465 -9.7829390
22.9112263 -8.0059090
6.0462847 -2.9430628
4.7598352 -2.6945610
4.2693658 -4.2214313
3.0840111 -4.4803386
2.8932273 -3.8284290
3.2824256 -4.5856533
2.5626900 -3.6463590
2.1600406 -3.4482501
2.4154119 -4.1812010
1.8336378 -3.1886609
1.4193987 -3.0028369
1.5429057 -3.6330714
0.9724724 -2.8151660
0.5284029 -2.6289430
0.5245375 -3.1387239
0.0818223 -2.4791112
-0.2794729 -2.2783051
-0.3760928 -2.6658945
-0.6153085 -2.1291606
-0.8741953 -1.9152036
-1.0184491 -2.1950576
-1.1243222 -1.7651306
-1.3067030 -1.5474503
-1.4699287 -1.7400888
-1.4909369 -1.4042494
-1.6149848 -1.1821167
-1.7877432 -1.3079894
-1.7556250 -1.0494769
-1.8399855 -0.8242222
-2.0170939 -0.9006636
-1.9548097 -0.7139776
-2.1962817 -0.4910537
-2.3687763 -0.5301974
-2.8132064 -0.3762726
-1.8151692 -0.1214339
-2.0392826 -0.1332622
0.0000000 0.0000000
0.0000000 0.0000000
-12.4623880 0.5236188
-13.2553959 0.5240865
-14.4313869 1.0726427
-12.1059837 1.6642497
-12.6191654 1.6523203
-11.5846863 2.1441619
-11.5521641 2.8065586
-12.1744070 2.8292267
-11.6501751 3.4114361
-12.0949211 4.1704197
-12.8828993 4.2450404
-12.2593546 4.8161020
-11.7660599 5.3434157
-11.7443972 5.1191831
-10.3066978 5.2383485
-7.7754283 4.4783502
-6.8356810 3.8562520
-4.9060898 3.5885966
-2.1773896 2.5598855
-1.1179372 1.8542556
0.1709695 1.4685605
2.2280593 0.7273486
3.0047750 0.2834658
4.1145215 0.1254629
6.1551318 -0.7384688
6.9916673 -1.3207394
8.1838713 -1.8072326
10.0337029 -2.3318684
10.9267530 -2.6350985
11.5991564 -4.0771179
14.1903181 -4.5372701
15.1510506 -4.8182697
18.2286396 -4.7335434
22.0653629 -9.2474155
26.7368908 -12.0950403
25.4922752 -9.8108015
14.0846167 -7.1040621
9.1885509 -7.0619526
6.5597110 -5.0603113
5.0114141 -5.6402130
5.1984215 -6.9299893
3.8089414 -5.9096866
2.7551119 -5.9421654
2.9036233 -7.0706673
2.0711882 -5.7194533
1.5402151 -5.3978186
1.6671872 -6.3213201
1.1659024 -4.9380307
0.8128712 -4.5051494
0.7779818 -5.2029991
0.4274610 -4.1168060
0.0392498 -3.7447448
-0.1265772 -4.2623949
-0.3986022 -3.4576211
-0.7557497 -3.1180406
-0.9871359 -3.4999485
-1.0936774 -2.8535450
-1.3395487 -2.5168095
-1.5990405 -2.7861965
-1.5834640 -2.2771125
-1.7519813 -1.9609848
-2.0007586 -2.1393163
-1.9270513 -1.7548767
-2.0338407 -1.4503361
-2.2712920 -1.5615808
-2.1638198 -1.2788099
-2.2344749 -0.9863375
-2.4607949 -1.0511889
-2.3375049 -0.8492526
-2.5483792 -0.5744041
-2.7558334 -0.6062126
-3.1870987 -0.4362063
-2.2954938 -0.1475383
-2.5616465 -0.1585536
0.0000000 0.0000000
0.0000000 0.0000000
-14.0505190 0.5262579
-14.8584185 0.5281240
-15.1541243 1.0659263
-13.1329269 1.6406958
-13.6746483 1.6205270
-12.8434658 2.1205049
-12.7783289 2.8482478
-13.4386139 2.8554244
-13.0259628 3.4418223
-13.6578903 4.2890778
-14.3304434 4.2746873
-13.2208509 4.7024713
-11.4554777 4.5933332
-10.8121901 4.0285850
-9.2210770 4.1870537
-5.8150244 3.0969374
-4.8255477 2.3556213
-2.9449735 2.1734400
-0.1506586 1.1691755
0.7385364 0.5902437
1.4586067 0.4582477
3.7977962 -0.3838808
4.7389278 -1.0260495
5.7746239 -1.1234821
7.7252579 -2.0265863
8.3678770 -2.8304844
9.5887299 -2.4869931
11.7615519 -3.3923385
12.6960297 -4.7326360
13.9534101 -5.4982271
15.8127441 -5.6988063
18.7645378 -7.6253834
27.9786606 -13.5147190
31.0628128 -13.9366732
26.2344913 -10.2508926
16.7508030 -8.3936872
8.7097521 -7.9277782
9.5126114 -8.5582905
7.6797018 -7.8525181
5.7158699 -8.1655607
5.5050941 -9.3096142
4.1341090 -8.3974152
2.6231794 -8.3732872
2.1664360 -9.5164890
1.4733325 -8.1349373
0.6018114 -7.7028141
0.1447374 -8.7951241
0.0618034 -6.9753275
-0.2864226 -6.2728767
-0.8046302 -7.1626596
-0.5289266 -5.5478778
-0.7887506 -4.9203095
-1.2122858 -5.4756460
-1.1739991 -4.4597888
-1.4957529 -3.9425743
-1.8830686 -4.2898736
-1.8237938 -3.5618935
-2.0234020 -3.0818176
-2.3981025 -3.3150625
-2.2366726 -2.7545543
-2.3622966 -2.3318284
-2.6993062 -2.4683118
-2.5040615 -2.0722675
-2.5725884 -1.6785468
-2.8738029 -1.7563177
-2.6722002 -1.4780058
-2.7162633 -1.1180943
-2.9868553 -1.1588948
-2.7997940 -0.9607593
-2.9631543 -0.6374208
-3.2013896 -0.6545826
-3.5836148 -0.4819631
-2.8516171 -0.1698790
-3.1527359 -0.1780709
0.0000000 0.0000000
0.0000000 0.0000000
-15.6397667 0.5300736
-16.4554138 0.5241907
-15.7289896 1.0405992
-14.2233849 1.6067322
-14.8147182 1.5960528
-14.1027679 2.0819669
-14.1015711 2.8961205
-14.8274012 2.9643846
-14.4657965 3.4420614
-14.8509045 4.2252350
-15.0581570 4.0440164
-13.0638313 4.2640610
-10.0932131 3.4198694
-9.3086720 2.8443832
-7.6530652 2.8675070
-3.7639489 1.6139647
-2.7006979 0.9175181
-1.4747989 1.0383565
1.5021539 -0.0014338
2.3043811 -0.6077074
2.7888055 -0.5355961
5.7399645 -1.6065439
6.6913271 -2.1963022
7.5823679 -2.7620885
9.4051771 -3.3216488
10.3032837 -3.4985359
11.4024467 -4.1466422
14.2472839 -5.2444186
15.2583332 -5.2553015
17.3600426 -5.5637970
21.7098618 -9.0824604
31.3260803 -17.1659985
32.1608963 -15.7403593
29.2900925 -15.0788517
14.5310602 -9.9606838
11.5788193 -9.0701580
9.6120749 -9.0841904
10.3329887 -8.9410114
8.0540161 -9.2994061
6.1342187 -9.7596989
6.2278976 -9.7286272
4.4619966 -9.8494806
2.6428282 -9.9231796
2.0227883 -10.1350126
1.0543413 -9.8861904
-0.3824202 -9.6827049
-0.9804440 -10.2612610
-1.4279056 -9.0082512
-2.0278716 -8.2609606
-3.0183253 -9.0944738
-2.1487606 -7.1687446
-2.1865137 -6.2270689
-3.0320745 -6.9074874
-2.3488152 -5.4403381
-2.5348587 -4.6911674
-3.1514030 -5.0115967
-2.8147941 -4.1795697
-2.9381406 -3.5594552
-3.4329720 -3.7119637
-3.0843496 -3.1438677
-3.1314211 -2.6057007
-3.5499980 -2.6706007
-3.2113945 -2.3142276
-3.2193551 -1.8268187
-3.5733192 -1.8507745
-3.2668619 -1.6164916
-3.2697096 -1.1932577
-3.5723107 -1.1979164
-3.3260102 -1.0274384
-3.4291630 -0.6664817
-3.6884847 -0.6629260
-3.9712877 -0.5049742
-3.4644246 -0.1846129
-3.7852106 -0.1871363
0.0000000 0.0000000
0.0000000 0.0000000
-17.1981945 0.5201029
-18.0099640 0.5027414
-16.1758022 0.9950673
-15.3945074 1.5681769
-16.0270176 1.4977226
-15.4229918 1.9964714
-15.5529099 3.0359085
-16.3119183 2.9743404
-15.6426649 3.1261168
-14.9268332 3.6851964
-14.5301332 3.1173615
-12.0104942 3.5393384
-8.4343405 2.1529245
-7.6877112 1.4135820
-5.7033954 1.6929427
-1.7246845 0.1501183
-1.0050693 -0.5162573
-0.3734198 0.2563089
3.1680269 -1.3340365
3.7626145 -1.9304783
4.5643463 -1.5487889
7.3189211 -2.7156451
7.7298045 -3.1755712
8.9991817 -3.4421906
10.8950396 -3.9824531
11.6954689 -4.6315446
13.1383295 -5.1452417
15.4909630 -5.5739369
17.2649860 -5.5117245
31.2972813 -14.4814224
35.2975044 -15.6649084
31.5253487 -10.3909893
25.7280197 -9.9775743
14.6392641 -9.8104620
14.4119825 -8.1288462
12.8700972 -8.3040142
10.6112976 -8.9123936
10.8009262 -8.5518131
8.7698221 -9.1278725
6.4903026 -9.2570925
6.7135258 -8.6068382
4.7652359 -9.3961582
3.0181217 -9.6469555
2.5058968 -8.7080832
1.2637297 -9.8596897
-0.6753982 -9.8985643
-1.0621483 -9.0551424
-2.4560487 -9.6338377
-3.7585940 -9.3327360
-4.3609571 -9.1807528
-4.2663822 -8.3494816
-4.2921586 -7.5072098
-5.5184445 -7.8359623
-4.0567842 -6.3462491
-4.0054288 -5.3400183
-4.9204435 -5.5929255
-4.1142054 -4.5737624
-4.0786624 -3.8552361
-4.6707048 -3.8743505
-4.1084495 -3.3851454
-4.0400419 -2.7181721
-4.5221014 -2.6781566
-4.0222721 -2.4353044
-3.9476972 -1.8541813
-4.3340516 -1.8046174
-3.9202440 -1.6602197
-3.8671231 -1.1869229
-4.1842470 -1.1428853
-3.8825243 -1.0286440
-3.9251711 -0.6484004
-4.1923127 -0.6180367
-4.3150144 -0.4946801
-4.1013541 -0.1872208
-4.4167538 -0.1814013
0.0000000 0.0000000
0.0000000 0.0000000
-18.6617680 0.4812008
-19.4257965 0.4450803
-16.4592876 0.8867395
-16.5844593 1.3908474
-17.1693325 1.2756777
-16.7175236 1.7608061
-16.9488983 2.7594826
-17.4788761 2.4560237
-15.8864536 2.1791964
-13.7808561 2.3654745
-12.9305172 1.6126634
-10.3646669 1.6029545
-6.8403420 0.4772983
-6.1384640 -0.4090056
-3.8703167 0.6015632
-0.1961497 -1.2493433
0.0543910 -1.7846767
1.2380190 -1.0537012
4.7337270 -2.3007772
5.1151209 -2.6844301
6.0341196 -2.5486445
8.4338884 -3.0386746
8.6542645 -2.7511146
10.4647350 -3.4881103
12.7650185 -4.4356384
13.5679893 -3.4491029
15.4030561 -4.1254306
20.2469864 -6.1305265
35.0385094 -17.3908291
36.6818581 -15.0664501
36.8489532 -14.8798647
23.4932098 -9.9901447
16.1682148 -8.6141090
14.4004478 -7.4143391
14.8347263 -6.7436442
12.7207756 -7.7113872
10.4853573 -7.7619567
10.6416864 -6.4683914
8.7519474 -7.5673866
6.7155418 -7.5629134
6.6905403 -6.2333269
4.8121786 -7.4589744
3.2097123 -7.5762258
3.1130686 -6.2896047
1.4005373 -7.6987238
-0.4873197 -7.7844396
-0.5700883 -6.4163556
-2.2326691 -8.1648350
-4.0065470 -8.4413691
-3.9404321 -7.3872156
-5.6204305 -8.1269989
-6.4261756 -7.8282080
-7.2163811 -7.4695182
-6.2340364 -6.5758700
-6.0157752 -5.8255587
-7.2455931 -6.0827260
-5.6785722 -4.6434121
-5.3853354 -3.8476763
-6.0744481 -3.6845272
-5.2496848 -3.4034390
-5.0371609 -2.5962484
-5.5762606 -2.4211693
-4.8771553 -2.3789544
-4.7095232 -1.7206652
-5.1061625 -1.5804355
-4.5878048 -1.5714766
-4.4678311 -1.0737497
-4.7742829 -0.9705024
-4.4233823 -0.9423702
-4.4159532 -0.5710447
-4.6709628 -0.5100112
-4.5854387 -0.4427059
-4.7099676 -0.1694383
-4.9949679 -0.1520340
0.0000000 0.0000000
0.0000000 0.0000000
-19.9246674 0.4072126
-20.5889091 0.3440012
-16.6426487 0.7059046
-17.6099777 1.2067006
-18.1540909 1.1310414
-17.6443996 1.3984472
-17.6818275 2.1239016
-17.6049843 1.6919510
-15.0350914 1.1619091
-12.1386671 0.9299468
-11.1803226 0.3293608
-8.1320105 -0.7801503
-5.3669477 -1.0725237
-4.5870304 -1.8042091
-2.5628505 -0.7229507
0.6095955 -2.4937546
1.1903442 -3.3552034
2.4915016 -2.1273143
5.2965269 -3.0956342
5.2142811 -3.5435231
6.3147240 -2.9944968
8.5746880 -2.6912401
7.7429056 -3.0873127
11.1652966 -2.3539689
13.6437950 -3.2668438
15.6599159 -3.8693771
29.8066998 -14.1899481
36.2698593 -16.4692154
37.6374664 -10.0633011
28.2122746 -10.9583549
19.9348202 -8.9259958
18.0750275 -8.3709173
16.5487289 -7.0599680
14.4853811 -6.6081519
13.5872688 -6.1825910
12.2979984 -6.1856332
10.3528261 -5.5174322
9.7613564 -4.5085936
8.2489185 -5.3113728
6.4827828 -4.8838034
6.1593132 -3.5550187
4.7673345 -4.9036345
3.1638277 -4.6231608
3.2014055 -3.2088938
1.5109558 -4.8304448
0.0372092 -5.0375433
0.2717012 -3.5612729
-1.4873890 -5.5291491
-3.3169296 -5.7329984
-3.1316910 -3.9713054
-5.5734329 -6.1510506
-7.0871305 -6.3308625
-6.9564986 -5.2528896
-7.7604890 -5.1312766
-8.4604836 -5.8214517
-9.5200014 -5.1306038
-7.4737420 -4.3126245
-6.7972732 -3.5160418
-7.5419497 -3.1656129
-6.4388037 -3.1173401
-6.0507579 -2.1783774
-6.5317988 -1.8575312
-5.7310338 -2.0797071
-5.4496837 -1.3865691
-5.7985554 -1.1373061
-5.2138538 -1.3070068
-5.0197535 -0.8307760
-5.2771459 -0.6542691
-4.8865342 -0.7452921
-4.8560634 -0.4257532
-5.0547471 -0.3244156
-4.7709002 -0.3361615
-5.2250881 -0.1232927
-5.4334102 -0.0969678
0.0000000 0.0000000
0.0000000 0.0000000
-20.8655624 0.2952552
-21.4130917 0.1844407
-16.9662266 0.4452567
-18.4847488 1.0503210
-18.8668346 0.8240718
-18.2825909 0.9696411
-17.0968037 1.1258330
-16.2844067 0.2538268
-13.1276073 -0.3886051
-10.5911541 -0.6722865
-9.4493799 -1.9475359
-6.4971609 -1.9173526
-3.7587988 -2.6342642
-3.0880668 -3.6116595
-1.1039141 -2.9718122
1.3463606 -3.5411808
1.8284547 -4.3640032
3.4855037 -3.7791967
5.2549486 -4.2958508
5.5430560 -4.7331271
5.8699884 -4.0873160
8.2460928 -4.0869226
8.8809566 -5.4015656
15.0788069 -5.0423284
20.8642216 -7.0871797
29.0110416 -13.2590761
34.5279694 -11.5345783
37.7303200 -12.2915926
29.8683662 -11.1430597
25.8780804 -10.7684460
16.5413895 -8.0782509
14.6329470 -6.8967161
14.1041927 -6.1142006
12.5198202 -5.3485150
11.1572990 -4.3107023
10.9872637 -4.2853818
9.1462831 -3.3735697
8.3680286 -2.1846581
7.3724694 -2.8040640
5.8060746 -2.2318716
5.3381653 -0.9542089
4.3360109 -2.0855725
3.1865985 -1.7174066
3.2419727 -0.2876444
1.7645727 -1.8389181
0.4932416 -2.0050404
0.7026540 -0.6947131
-1.0585363 -2.3231506
-2.8351684 -2.4080596
-2.5045388 -0.9608004
-4.4449096 -3.1439552
-6.2424102 -3.9045386
-5.7769957 -2.4463711
-7.7702403 -2.6809492
-9.8871756 -4.2305932
-10.1985750 -3.1105022
-9.3341208 -2.9745786
-8.2544355 -2.6038597
-8.8527527 -1.9572482
-7.5054450 -2.3637412
-6.9483089 -1.4408844
-7.3665910 -0.9494378
-6.4651742 -1.4696838
-6.0675855 -0.8224624
-6.3568745 -0.4569975
-5.7200174 -0.8287380
-5.4482236 -0.4267254
-5.6363583 -0.1698329
-5.2074771 -0.4094343
-5.1699419 -0.1989519
-5.2648573 -0.0587938
-4.8637767 -0.1645565
-5.5694876 -0.0568148
-5.6433344 -0.0225123
0.0000000 0.0000000
0.0000000 0.0000000
-21.2888298 0.1387418
-21.5780602 -0.0278596
-17.5117149 -0.0826174
-18.9287186 0.5001546
-18.9593391 -0.0247653
-17.8364086 -0.0006587
-15.2099342 -0.7193834
-13.8107939 -1.9289589
-10.9656963 -2.4870615
-8.4861298 -3.0196719
-7.6628742 -4.1315923
-5.3928604 -3.4268379
-2.6097143 -4.4771681
-2.1942246 -5.2279916
-0.1491823 -4.7761183
2.0149903 -5.1588297
2.3385592 -6.0082536
3.9736505 -5.1908245
5.4384756 -5.5978284
5.8183455 -6.4136419
6.6883812 -5.7251749
8.8896637 -6.8419485
10.6572866 -7.6052008
20.4273109 -11.0080013
28.6500626 -10.5873795
33.0034523 -9.5461550
33.3917770 -9.6771507
32.5290947 -8.2285738
27.6508560 -6.9945703
21.4303398 -7.2195716
13.3362770 -5.0668416
13.0078316 -3.8628275
11.2854500 -3.6343627
9.9933977 -2.9425132
8.6841383 -1.6140043
9.1660500 -1.8738276
7.6156907 -0.8323783
6.8333406 0.4993127
6.1386786 -0.1839363
4.8983240 0.4285848
4.3650689 1.8201501
3.5853500 0.4276671
3.1701944 1.0888145
3.1919279 2.5786254
1.9972020 1.1361103
0.6125764 1.0245657
0.9803536 2.6551130
-0.6892526 0.8026257
-2.0258744 0.5499642
-1.6785790 2.2585964
-3.3730044 0.0876542
-5.3359995 -0.5857382
-4.8721552 1.6506903
-7.0736971 0.2409861
-9.7527380 -1.4397795
-9.0420084 0.4023508
-10.5665894 -0.9490966
-9.2932138 -1.2578498
-9.5795822 -0.5096388
-8.2433195 -1.1248473
-7.5959821 -0.4195843
-7.7917886 0.1620025
-7.0415168 -0.5231166
-6.5011144 -0.0401210
-6.6534185 0.4088505
-6.0556250 -0.1174628
-5.6782451 0.1583611
-5.7233248 0.4846750
-5.3347435 0.0789629
-5.2560205 0.1322256
-5.2105765 0.3169371
-4.8524046 0.0894350
-5.6407967 0.0252268
-5.5697083 0.0681348
0.0000000 0.0000000
0.0000000 0.0000000
-20.9193230 -0.1942969
-20.1885338 -0.4863498
-17.8864880 -1.1902703
-18.5987549 -0.6909297
-17.8547039 -2.0037777
-15.7783756 -2.0754550
-12.4894133 -3.0279708
-11.5171814 -4.4291129
-9.1866484 -4.2667098
-6.9274793 -5.1015019
-5.9828653 -6.0577407
-4.2100277 -5.4581599
-1.7954369 -6.2155948
-1.7981969 -7.1917944
0.7633140 -6.3891172
2.6430480 -6.7924981
2.7919736 -7.5036759
3.9963615 -6.7459984
6.1119599 -6.7158875
5.9630213 -7.3709502
8.4493027 -6.8312030
13.0949144 -8.0277567
14.4308414 -8.0850439
19.6060944 -8.6858454
27.7935066 -9.3315687
29.6883907 -8.2521152
29.6842480 -6.0465665
27.9704704 -3.5087378
24.5660877 -2.2430916
18.0903149 -3.5013695
12.4506264 -2.2115972
10.6931105 -0.4571863
8.4084692 -0.4543465
7.6431127 0.1530797
6.5027146 1.7763871
7.3008370 1.0399659
6.0912385 1.9663852
5.3150926 3.3930132
4.9180865 2.7548590
3.7622769 3.3395226
3.2215538 4.6862578
2.7451797 3.6136825
2.7195239 4.0618486
2.5235250 5.4038339
2.1715400 4.0326242
0.7984481 4.1990657
1.2062567 5.5094438
-0.2875474 4.0885410
-1.7751058 3.8387678
-1.3668135 5.5502472
-3.2151120 3.8814092
-4.6770768 3.8089232
-4.3298416 5.3627367
-5.9737043 3.5900898
-7.9891853 2.3293223
-6.7491736 3.9400635
-9.5918522 2.1644537
-9.5386114 0.5507824
-9.4366922 2.1738858
-8.5739679 0.4783407
-7.9196734 0.9781590
-8.0687675 2.1422446
-7.3494921 0.8246689
-6.6961775 1.0709983
-6.8061728 1.9258035
-6.0959010 0.8711105
-5.6301842 0.9510357
-5.4772964 1.4624828
-5.1741366 0.7302337
-5.0585756 0.5770128
-4.7715898 0.8480980
-4.5962143 0.4099205
-5.4049940 0.1299969
-5.1095753 0.1971228
0.0000000 0.0000000
0.0000000 0.0000000
-18.7470932 -1.1835451
-15.1706753 -1.8400401
-17.2662029 -3.5165234
-16.7611923 -4.6054292
-15.4790564 -5.2455463
-13.8100576 -5.3543172
-10.9737759 -5.3339891
-10.4129601 -8.3399820
-7.6800432 -6.0826435
-5.2037401 -7.1102238
-5.4019241 -8.8639135
-2.7184327 -7.3076768
-0.8380555 -8.2056580
-1.0533898 -9.7657461
1.1164025 -8.2789059
2.6085253 -8.4968262
2.2958717 -9.4068470
4.0664468 -8.1670361
5.6681952 -8.1669893
5.4139876 -8.2202225
8.2337942 -8.1691837
15.1824398 -7.9951959
14.6116800 -7.9915495
21.2038517 -7.7361207
23.4431858 -7.2123451
23.3186188 -7.2845116
25.5607891 -6.1128001
24.6055431 -3.7868123
21.5045376 -2.7278371
14.9963713 -1.5386076
9.8199787 1.3014009
7.6148019 3.1119030
5.8750911 2.7194808
5.7811856 3.5529919
5.4519262 4.9219275
5.4459853 4.2573991
4.5741196 4.9244280
3.9994876 6.2675166
3.7338583 5.7028289
2.7893267 5.9866819
2.5817909 7.0912132
2.3324149 6.2249289
2.2739191 6.4448233
2.1708374 7.5546484
1.8635747 6.5065417
0.9470978 6.8005166
0.5457516 8.5460176
-0.2911662 7.0434260
-1.5872457 6.7708769
-1.5797334 8.0278044
-2.8278356 6.3302107
-4.0998945 6.3155499
-4.3697324 8.1321831
-4.9106770 6.0026608
-6.0389962 5.4952331
-5.8125081 8.0842648
-7.6798730 6.0970287
-8.8002253 4.8170586
-7.9049063 8.0569143
-8.5867224 3.9440014
-7.8178945 4.2030339
-7.1133618 6.9030299
-7.2978749 3.6913869
-6.3986387 3.4559309
-5.4578238 5.3125539
-5.6727176 2.7590866
-5.0944700 2.3104644
-4.3046789 3.3516285
-4.5722976 1.7660807
-4.4306183 1.2522651
-3.7906411 1.7812704
-3.9589474 0.8443652
-4.7201424 0.3054672
-4.1213274 0.4522067
0.0000000 0.0000000
0.0000000 0.0000000
-12.3817205 -2.9730048
-6.7712517 -3.1256468
-13.8373089 -6.5787711
-13.8448648 -11.2130213
-10.4074917 -11.2929878
-13.1601868 -11.3305464
-9.2499781 -10.9127998
-9.1234970 -13.2762175
-7.5705028 -11.3728514
-4.8278317 -10.9987488
-6.2660613 -13.8893690
-1.7038434 -10.3296652
-0.4522916 -10.8359919
-1.0824441 -12.9049196
0.6305806 -10.2695799
1.9316674 -9.6414948
1.4563826 -10.7332039
3.2576447 -8.9236050
4.7811580 -9.1122189
5.3281827 -9.5610924
8.1579704 -8.3877497
14.0917091 -8.6663599
13.7435274 -9.5600586
20.6343937 -6.9006686
21.7490807 -2.7980652
19.7066097 -2.1536386
19.4418983 -0.9496145
17.7434692 1.6228994
16.6250515 -0.6277820
11.1907005 2.1058750
5.7092628 4.1024461
3.9993896 4.2257314
4.8863840 4.9432292
4.7420669 5.6663404
3.5385268 6.5353074
3.9160624 6.4744220
3.1461353 7.3964558
2.6770644 8.6987228
2.6531157 8.2600584
2.2810376 8.4471684
1.9204286 9.8938675
1.9790902 8.8202629
1.5181377 9.2082500
1.4016355 10.9320221
0.9611754 9.7373810
0.2662609 10.0867825
0.8044738 11.6062717
-0.2955107 10.4182062
-1.2997477 11.5408297
-1.4767525 13.9488277
-4.0067291 12.5813894
-4.6833615 12.5444221
-4.9354777 15.7538147
-4.5854206 12.5451632
-5.6049190 12.5370922
-6.3029351 15.6620970
-7.1289654 12.3760462
-7.5982909 11.8244381
-8.2956095 15.4314909
-7.2458906 11.4045410
-6.4291730 10.1477842
-4.9520788 12.3826342
-5.1926479 8.3504906
-4.4012871 6.9705014
-2.3186762 8.2068720
-3.7551777 5.3827858
-3.4122903 4.1840606
-1.8248981 5.0994449
-3.1698194 3.1368575
-3.0783291 2.2585754
-1.9370556 2.7816315
-2.8119111 1.4518974
-3.3630772 0.5522452
-2.2614899 0.6648259
0.0000000 0.0000000
0.0000000 0.0000000
-2.5281982 -2.4126170
-1.0623505 -0.7455463
-5.7481384 -5.5117865
-8.0896454 -10.1110449
-4.8866191 -6.3208447
-10.0923681 -15.0169230
-8.5367985 -16.2902832
-5.1430244 -15.0192614
-8.3490400 -16.9062672
-6.0651965 -15.1545420
-1.9367019 -17.6603642
-4.0701137 -14.1599436
-3.2576222 -15.6119232
0.2311046 -17.9979115
-1.7730469 -14.0759640
0.0195794 -13.5266685
2.3887079 -16.0290337
1.8851070 -12.9080801
3.8601534 -13.3692122
4.7874937 -14.5188065
8.3063955 -11.9687128
11.4526777 -11.5646839
11.8118505 -9.8840733
12.5427551 -11.1701298
15.9863377 -8.8542242
11.7441769 -0.8424422
17.2462826 -5.8195686
10.8127728 5.2111430
8.9824333 7.2655382
6.8426456 6.9610076
2.9986720 7.0218244
2.7016172 9.9531708
2.3964646 9.8776550
2.3895245 9.6635714
1.2926112 11.3866758
2.4170554 10.5107107
1.8226125 11.4445848
0.8573571 13.3787384
1.2377256 12.3286209
1.1476971 13.4025154
0.9812347 15.9597559
0.8303356 13.8778868
0.5066940 14.2518291
-0.5734895 16.2922230
0.0880750 15.4144878
-1.3658279 15.9116278
-0.1173033 17.6811943
-2.7568393 16.3604546
-3.5383732 16.2725716
-1.7435883 18.0472813
-4.4315643 16.2065144
-5.2027326 16.2894230
-3.2574775 19.6987152
-5.7375002 16.4949150
-6.1211524 18.5190144
-4.4788823 17.7373867
-6.9430132 18.1798038
-6.1361027 16.2406883
-2.2268734 9.7752113
-3.7447882 13.6662378
-2.3496723 10.8254614
-0.8163146 5.4336433
-1.0750600 8.6923666
-0.6681216 6.9905353
-0.4302318 4.1389036
-0.6896726 5.5240040
-0.7779451 4.5543852
-0.4715995 3.2719331
-0.9716467 3.3870676
-1.0176541 2.6501753
-0.5710030 2.2289443
-1.0247285 1.5319660
-0.9537754 0.6343114
-0.6167354 0.2561673
0.0000000 0.0000000
0.0000000 0.0000000
1.0973077 0.1257606
0.0000000 0.0000000
0.6612064 -0.0319209
-1.2536378 -1.3159943
0.0000000 0.0000000
-3.4987566 -2.2697895
-3.9300969 -7.0864811
0.0000000 0.0000000
-4.5943713 -13.7999563
-4.1522760 -17.6457291
0.0000000 0.0000000
-1.9270231 -22.4388638
-1.3181440 -19.3435001
0.0000000 0.0000000
-0.1355920 -29.8337440
-0.9169363 -24.1189899
0.0000000 0.0000000
0.7516792 -25.1795025
1.1660378 -24.0637703
0.0000000 0.0000000
2.2546351 -18.6985741
4.6344533 -14.0779123
0.0000000 0.0000000
2.9983916 -6.5614691
4.9720788 4.3477364
0.0000000 0.0000000
5.8731732 2.3711758
2.0165086 14.3149958
0.0000000 0.0000000
0.5097861 20.1413975
1.3209318 19.8835773
0.0000000 0.0000000
1.7382526 21.6560688
-0.0324140 22.6110039
0.0000000 0.0000000
-1.0157869 25.0093098
0.4942181 25.4185810
0.0000000 0.0000000
1.1410190 21.5065765
0.0963609 24.6306820
0.0000000 0.0000000
-2.0857639 26.1579285
1.2253215 26.0517273
0.0000000 0.0000000
0.7349150 21.3152046
-1.9787897 24.4562016
0.0000000 0.0000000
-2.7739313 23.5043888
-1.3451223 19.9259472
0.0000000 0.0000000
-3.5601685 17.4105930
-3.5910454 13.4401331
0.0000000 0.0000000
-2.5791554 8.5768108
-1.6058954 4.7621903
0.0000000 0.0000000
-0.8992895 2.4244878
-0.3849049 0.7430049
0.0000000 0.0000000
-0.0554978 0.4429130
0.1702300 -0.1959306
0.0000000 0.0000000
0.4145907 0.2633054
0.3087065 0.4163646
0.0000000 0.0000000
0.2611550 0.5535631
0.1410124 0.8699860
0.0000000 0.0000000
-0.0160226 0.6208101
0.0943715 0.8812535
0.0000000 0.0000000
-0.2315397 0.2562369
1.3596014 1.5203859
0.0000000 0.0000000
0.0000000 0.0000000
12.08068
12.42973
14.11085
13.93658
9.620906
4.444684
-1.396827
-8.046463
-17.15416
-31.7736
-60.262
-119.9789
-201.6341
-54.46089
-61.33915
-11.87121
-4.37739
2.239985
5.605239
7.45701
8.563528
9.222022
9.640066
9.85682
9.832747
9.727337
11.77798
11.54902
13.04591
12.674
8.622127
3.850041
-1.425351
-7.664685
-16.14261
-29.1928
-53.73327
-126.2951
-165.2443
-33.11491
-57.71445
-6.546743
-4.047951
1.934184
5.625344
7.60282
8.707085
9.327696
9.681946
9.881967
9.843559
9.78514
9.874884
9.647791
10.52379
9.406579
6.280851
2.713427
-1.770757
-7.227757
-14.20674
-23.60731
-35.88727
-54.52019
-97.84604
-31.67555
-57.20365
-29.90693
-5.536655
1.737213
5.845265
7.963499
9.033459
9.559613
9.787013
9.896181
9.839543
9.799764
8.312338
8.128093
7.98544
6.489474
4.068712
1.20731
-2.600081
-6.981008
-11.97032
-17.66966
-25.36246
-46.55294
-32.003
38.4105
-152.8198
-67.11666
-14.49282
1.242758
6.679731
8.820112
9.662751
9.958649
10.001
9.972297
9.897107
9.840714
6.83441
6.752617
5.496625
3.891692
1.718449
-0.8115942
-3.902013
-7.054607
-9.839538
-11.68371
-11.65871
2.795928
8.413138
22.19027
-27.8391
-17.98898
-2.073264
5.956169
9.233036
10.41614
10.64911
10.52895
10.30114
10.08792
9.945872
9.867716
5.103687
4.94867
2.707184
1.060583
-1.108648
-3.448855
-5.920329
-7.96177
-8.865098
-7.382859
-2.919984
7.773783
-20.02037
15.18194
12.60675
5.268835
10.96507
13.08768
13.08099
12.55765
11.86518
11.1829
10.61058
10.18038
9.930374
9.824428
2.508181
2.187291
-0.7032106
-2.442862
-4.730536
-7.037033
-9.184176
-10.65226
-10.44906
-7.130738
-0.8062492
10.77177
2.741202
12.60992
46.96595
30.57828
23.06169
19.39277
16.79391
14.67264
13.02092
11.74715
10.81015
10.1581
9.783981
9.646484
-1.292589
-1.830791
-5.006078
-6.963178
-9.541919
-12.1238
-14.54583
-16.47257
-16.38425
-12.48835
-5.689601
2.887032
2.588476
20.65013
52.34337
36.46248
29.92061
23.58583
19.46152
16.22656
13.79985
12.01958
10.76208
9.917365
9.430178
9.262608
-6.398027
-7.129966
-10.39441
-12.7716
-15.92214
-19.32199
-23.17886
-27.03057
-27.68412
-23.12866
-15.49616
-7.333459
-3.01641
37.52193
33.25798
31.14118
32.24524
25.80486
20.74775
16.83791
13.92351
11.80574
10.33041
9.356605
8.79188
8.601712
-12.70989
-13.58179
-16.9372
-19.99001
-24.07441
-29.12259
-35.83685
-41.69406
-42.03033
-36.04294
-25.66961
-12.16899
-1.043382
36.40789
58.44305
29.76573
30.73363
25.38384
20.3782
16.28671
13.18948
10.94521
9.39602
8.387119
7.801874
7.601972
-20.02652
-20.966
-24.57837
-28.54344
-33.91863
-41.37488
-50.69446
-56.75286
-56.26662
-48.9182
-36.15679
-21.06737
-5.503562
53.32324
34.5185
33.08124
27.80366
22.79589
18.16166
14.33973
11.41565
9.303173
7.862346
6.938427
6.409199
6.216827
-28.26824
-29.29873
-33.1364
-38.10659
-45.02203
-55.16133
-65.32061
-69.86805
-68.0728
-60.41138
-46.26283
-25.57786
-0.7668974
53.19081
31.26253
26.44523
21.94475
17.70839
13.94821
10.83067
8.461689
6.777494
5.662362
4.966695
4.584821
4.421813
-36.89256
-38.05078
-42.20762
-48.29888
-56.94373
-68.94253
-77.98514
-80.44292
-77.55895
-70.7286
-59.65224
-37.63302
5.749767
26.33902
21.40576
16.41148
12.72084
9.909729
7.563892
5.62422
4.22876
3.30893
2.769799
2.46653
2.331263
2.22439
-45.34218
-46.64585
-51.25449
-58.56487
-69.22508
-82.462
-88.69841
-88.86216
-85.47663
-78.92068
-73.10066
-68.70632
-9.445604
6.34141
3.631846
1.025108
-0.1105321
-0.8678841
-1.30961
-1.434577
-1.355997
-1.102853
-0.778827
-0.5083424
-0.2998798
-0.3191988
-53.10756
-54.64391
-59.88087
-68.58368
-81.41283
-93.77116
-97.77243
-95.98615
-91.75048
-83.67959
-74.96724
-59.23416
-40.05141
-28.51145
-25.88888
-23.85937
-19.42646
-15.90525
-13.10951
-10.44558
-8.288208
-6.368205
-4.858776
-3.821776
-3.183831
-3.084358
-59.39006
-61.35007
-67.45689
-77.71109
-92.70014
-101.8115
-104.3345
-101.8324
-96.97049
-92.42394
-96.76166
-84.07733
-64.25857
-65.83639
-64.04529
-60.00587
-49.18667
-36.3658
-27.98834
-21.50518
-16.41186
-12.23662
-9.210784
-7.225305
-6.086555
-5.838688
-62.93486
-65.57967
-73.18851
-85.86511
-103.0944
-109.3902
-109.1403
-104.9426
-97.31793
-88.06369
-88.34061
-96.52999
-98.76707
-102.1831
-102.2362
-98.31189
-86.50259
-65.05455
-45.6905
-34.54373
-25.2984
-18.23508
-13.40575
-10.33337
-8.646214
-8.199549
-61.88754
-65.58736
-74.92696
-91.48722
-107.2546
-112.0286
-111.0619
-108.651
-105.3416
-105.968
-106.8223
-105.1865
-118.112
-127.9547
-131.2361
-127.8621
-117.5165
-97.25653
-66.72242
-48.81877
-34.20496
-23.72314
-16.84743
-12.60472
-10.37903
-9.705425
-53.6734
-58.35192
-70.46365
-89.18056
-103.0817
-107.4031
-106.1677
-106.2124
-113.3648
-92.64941
-122.4326
-123.9187
-131.9803
-140.3582
-145.3327
-144.7489
-138.6079
-123.4593
-92.6875
-62.24107
-41.36369
-27.61849
-18.69027
-13.30737
-10.57376
-9.758459
-35.43666
-40.85945
-59.15582
-82.08909
-93.40043
-96.0391
-92.31798
-92.22481
-112.1073
-102.5368
-124.5226
-127.4162
-133.7396
-142.064
-147.7037
-150.7106
-148.5584
-136.2115
-112.8931
-74.7367
-46.13132
-29.04893
-18.13762
-11.78087
-8.552582
-7.707215
-3.893731
-12.1557
-39.79121
-65.16565
-76.19417
-75.31897
-67.48803
-58.06906
-47.09241
-77.53705
-102.265
-111.5309
-120.5381
-132.0925
-140.4041
-148.4765
-150.0934
-142.6485
-120.9116
-82.79897
-46.39109
-26.30533
-13.9932
-7.572859
-4.463911
-3.685025
47.9968
31.99655
-16.531
-39.52085
-52.57614
-47.29658
-34.87608
-25.59414
-7.944022
-29.6832
-74.78953
-86.63852
-98.90279
-114.5431
-125.2742
-137.3976
-144.372
-137.0351
-118.163
-83.32877
-42.58696
-19.22115
-6.550694
-0.9169026
1.483523
2.068167
122.6335
100.8012
14.71906
-19.8735
-29.20983
-12.22557
8.828174
27.18338
36.43079
35.29302
-5.708387
-38.59744
-65.99344
-91.2875
-108.6493
-124.1791
-133.4043
-132.6165
-110.9318
-76.31303
-29.8081
-5.001699
3.582764
6.355867
7.679809
8.105108
171.9297
162.056
78.0483
26.65088
-0.1272579
27.26623
52.31507
84.73573
116.0999
105.926
34.59393
-1.789029
-33.8509
-68.07897
-93.29686
-109.5116
-118.867
-110.9717
-102.1497
-74.4337
-27.04286
-0.3657171
8.265528
10.76215
11.81442
12.65605
164.4463
150.5908
136.1355
97.37654
42.88699
73.03497
105.1633
185.3088
250.7257
210.8505
85.63743
22.98211
-13.54342
-46.18142
-81.31788
-97.72797
-94.16461
-81.08747
-62.28933
-49.44928
-33.36647
-11.1499
2.425671
8.36279
10.59982
11.01487
155.1953
150.3806
150.3696
124.3803
55.19886
73.40931
174.1994
336.5272
449.237
326.2219
151.6634
44.08411
2.827794
-57.99885
-60.73167
-120.4606
-74.12992
-60.47421
-57.67126
-47.64888
-32.67082
-13.81654
0.05676395
7.134829
9.083304
0
