0.0000000 0.0000000
0.0000000 0.0000000
0.0000000 0.0000000
0.0000000 0.0000000
0.0000000 0.0000000
0.0000000 0.0000000
0.0000000 0.0000000
0.0000000 0.0000000
0.0000000 0.0000000
0.0000000 0.0000000
0.0000000 0.0000000
0.0000000 0.0000000
0.0000000 0.0000000
0.0000000 0.0000000
0.0000000 0.0000000
0.0000000 0.0000000
0.0000000 0.0000000
0.0000000 0.0000000
0.0000000 0.0000000
0.0000000 0.0000000
0.0000000 0.0000000
0.0000000 0.0000000
0.0000000 0.0000000
0.0000000 0.0000000
0.0000000 0.0000000
0.0000000 0.0000000
0.0000000 0.0000000
-0.9873827 0.5823063
-0.7550989 1.4152547
-0.8385474 2.2291603
-0.9356107 3.1131275
-1.0558645 4.0969677
-1.1950046 5.1869998
-1.3586446 6.3997188
-1.5916761 7.7503629
-2.0648446 9.2727242
-3.1607785 11.2186823
-6.6305876 13.4171000
9.4049883 12.6098537
19.1144943 -8.6184855
-5.7372060 -8.6095896
-2.1574194 -7.3416386
-0.9731801 -5.8784719
-0.7329120 -5.0896568
-0.7150161 -4.3267589
-0.6773407 -3.5873172
-0.6392928 -2.8803177
-0.6005142 -2.2240901
-0.5622427 -1.6165804
-0.5277490 -1.0582206
-0.6196405 -0.4609536
0.0000000 0.0000000
0.0000000 0.0000000
-1.9072345 0.6273146
-1.5602431 1.3922522
-1.6979568 2.1963978
-1.8662027 3.0565083
-2.0751820 4.0198379
-2.3174052 5.0953116
-2.5941949 6.2890215
-2.9442105 7.5699897
-3.5374641 8.7741089
-4.8989425 9.1788063
2.7801113 8.6974888
16.9575844 8.4021320
26.3308125 -8.0003777
7.5341287 -5.1848092
-3.1605606 -6.4509010
-1.7232859 -5.7186699
-1.4605939 -5.0036135
-1.4471058 -4.2692966
-1.4220045 -3.5141068
-1.3400264 -2.8096912
-1.2433404 -2.1646526
-1.1576996 -1.5641520
-1.0836189 -1.0257567
-1.2542177 -0.4438038
0.0000000 0.0000000
0.0000000 0.0000000
-2.6163218 0.5985598
-2.3171823 1.2572651
-2.4920404 2.0032640
-2.7470653 2.8229058
-3.0558372 3.7740223
-3.4027827 4.8657165
-3.7557554 6.0863576
-4.1594696 7.3997107
-4.4620333 8.5435209
-5.2162180 8.9612579
-4.5474243 6.2794313
22.4116783 5.6451077
34.1567307 -5.4624310
0.5485991 -3.4450057
-2.0058050 -6.5725970
-2.3277965 -6.5639944
-2.3995838 -5.3155036
-2.2925537 -4.2847128
-2.1934347 -3.4482098
-2.0327995 -2.7134316
-1.8627486 -2.0617173
-1.7216103 -1.4733572
-1.6147131 -0.9503774
-1.7602680 -0.4214940
0.0000000 0.0000000
0.0000000 0.0000000
-3.1266706 0.5463731
-2.9947717 1.0906161
-3.2203524 1.7392203
-3.5901678 2.4667909
-4.0566421 3.3386643
-4.5591984 4.4449801
-4.9366851 5.8730860
-5.5557179 7.4567461
-6.1085129 8.6792336
-2.6967514 7.1524744
6.8973241 -4.1419606
18.2618656 2.4818668
30.4495544 -4.6931648
4.6446142 -3.1965809
-0.1497036 -6.6216068
-3.3126900 -6.9747434
-3.8701704 -5.8223906
-3.3724833 -4.3250651
-3.0666003 -3.3418977
-2.7369301 -2.5551040
-2.4606485 -1.8964493
-2.2478700 -1.3345754
-2.1091709 -0.8421755
-2.1375263 -0.3806724
0.0000000 0.0000000
0.0000000 0.0000000
-3.4416795 0.4695809
-3.5425231 0.8998638
-3.8389521 1.4238070
-4.3210840 2.0312488
-4.9892683 2.7769260
-5.8436728 3.7513702
-6.7716537 5.1636539
-7.7146664 7.4000096
-4.8571348 6.9726796
2.8282182 2.4995494
12.4851103 -4.5698786
19.7565804 0.5438100
29.2202435 -3.7072222
8.6126251 -3.4331048
1.3785216 -5.3462687
-3.7419713 -6.2196550
-5.6435738 -5.2840562
-4.7473016 -4.0704141
-3.9973087 -3.0561664
-3.4322879 -2.2525086
-3.0143497 -1.6287694
-2.7164199 -1.1269480
-2.5319850 -0.6975157
-2.4053202 -0.3178465
0.0000000 0.0000000
0.0000000 0.0000000
-3.5961895 0.3659677
-3.9254382 0.6726760
-4.3033385 1.0526931
-4.8885703 1.5093322
-5.7288871 2.0947413
-6.9450822 2.9066222
-9.0362177 3.7948968
-7.1490474 3.5407274
-2.0357141 4.6407857
5.0474138 1.7529339
16.5406590 -4.4229336
22.8176651 -0.5021886
27.1617775 -3.2405632
11.4556446 -2.9548061
3.5057836 -3.7245102
-3.0103812 -4.7731037
-6.7425303 -3.1642215
-6.1771283 -3.0837142
-4.8118076 -2.3988163
-4.0169272 -1.7290504
-3.4695618 -1.2259082
-3.0929210 -0.8380028
-2.8522074 -0.5132606
-2.5874653 -0.2348635
0.0000000 0.0000000
0.0000000 0.0000000
-3.6369014 0.2332045
-4.1368480 0.3999052
-4.5714364 0.6010352
-5.2234383 0.8472556
-6.1992445 1.1313311
-7.6462927 1.6254441
-10.4973698 1.7017810
-6.5276413 0.8574914
-1.0138016 1.6754204
6.3166046 1.1470171
19.9924088 -5.1579671
22.9705868 -0.8421493
24.0310631 -3.4177806
11.3659220 -2.3340139
4.8408318 -2.4578867
-2.6273656 -2.4991000
-7.1839633 -1.1194322
-7.0710940 -1.5475552
-5.3694296 -1.3641230
-4.4158649 -1.0002650
-3.7769294 -0.7134555
-3.3452995 -0.4910997
-3.0568545 -0.3023899
-2.7006700 -0.1354069
0.0000000 0.0000000
0.0000000 0.0000000
-3.6161778 0.0888359
-4.1895151 0.0778172
-4.6266513 0.0576558
-5.2647862 0.0318330
-6.2456179 -0.0689365
-7.7982459 -0.1837371
-10.4252272 -1.3018152
-6.8327227 -1.7557472
0.3159637 -1.4312373
6.7411780 -0.7173645
20.7382164 -6.8416948
28.4691200 -2.2769945
22.2421818 -3.1383960
10.1549616 -1.4110589
5.3207135 -0.7145005
-3.0836840 -0.0294986
-7.1318817 0.6430807
-7.2679033 0.1652983
-5.5577245 -0.1326676
-4.5538368 -0.1768245
-3.8960502 -0.1604649
-3.4534557 -0.1271115
-3.1518199 -0.0830923
-2.7685454 -0.0321936
0.0000000 0.0000000
0.0000000 0.0000000
-3.5681078 -0.0596419
-4.0844636 -0.2330398
-4.4639587 -0.4500028
-5.0118847 -0.7368264
-5.8275528 -1.2284305
-7.1230574 -1.8836846
-9.2669430 -3.5820558
-5.2427745 -5.4144578
2.5439460 -6.6227860
10.9828539 -6.5778461
19.7033100 -6.5958500
27.8157616 -3.3079445
20.2843246 -1.9207883
8.6758499 -0.0269806
2.9856827 0.5963491
-4.1184478 2.1266298
-7.0247726 2.9629142
-6.6193395 1.6812470
-5.3055320 0.9619911
-4.4116755 0.5804185
-3.8158200 0.3529249
-3.4132726 0.2126724
-3.1351476 0.1235875
-2.7668588 0.0632284
0.0000000 0.0000000
0.0000000 0.0000000
-3.3929930 -0.1877922
-3.8258460 -0.4884826
-4.1137905 -0.8553849
-4.5109215 -1.3292041
-5.0615296 -2.0730784
-5.7905941 -3.1408222
-6.9271126 -5.4395766
-4.6336808 -7.7703543
1.9634202 -9.2437496
11.3468313 -7.5213232
15.5256166 -7.3446736
24.9438820 -2.4242556
19.0800571 -0.7046487
11.3632975 1.9772075
0.9719168 4.4547791
-5.2595944 4.7726927
-7.1238213 4.4339442
-5.6289616 2.6278176
-4.7172532 1.7323680
-4.0374455 1.1617016
-3.5648825 0.7720889
-3.2387598 0.4993336
-3.0069070 0.3009732
-2.6663837 0.1439158
0.0000000 0.0000000
0.0000000 0.0000000
-3.1113501 -0.2842844
-3.4578023 -0.6716868
-3.6399548 -1.1342323
-3.8636808 -1.7171921
-4.1290693 -2.5767925
-4.4184399 -3.7189827
-4.7528563 -5.6516604
-3.5050352 -8.0319195
1.7359343 -8.4078779
7.6440706 -6.6942682
14.5760374 -4.3175139
19.7049580 -0.9288170
15.8404427 0.3913898
8.0372648 6.5035009
1.9815230 6.4307318
-4.5946941 7.5031214
-4.7083335 4.8023820
-4.3403659 3.2030191
-3.8989525 2.2092445
-3.5026975 1.5386479
-3.1915884 1.0646243
-2.9637175 0.7103526
-2.7908411 0.4350856
-2.4860492 0.2043539
0.0000000 0.0000000
0.0000000 0.0000000
-2.7613525 -0.3449849
-3.0269933 -0.7763706
-3.1089113 -1.2770525
-3.1759531 -1.8874525
-3.2105899 -2.7101700
-3.1724143 -3.6983275
-2.9413357 -5.1760159
-2.2273977 -6.5271463
1.2910511 -8.3178520
5.8849521 -6.4032588
12.1265516 -3.2748377
14.2633467 1.2890239
11.1013203 3.6674871
6.3148499 6.6385403
-0.0222944 9.6281719
-2.0848601 6.9032531
-2.7405050 4.7755742
-2.9872658 3.3994431
-2.9936550 2.4259536
-2.8845756 1.7367030
-2.7472522 1.2314250
-2.6248612 0.8399332
-2.5150063 0.5208939
-2.2494469 0.2424200
0.0000000 0.0000000
0.0000000 0.0000000
-2.3803530 -0.3708754
-2.5765245 -0.8078499
-2.5767546 -1.2970747
-2.5224028 -1.8644433
-2.3859196 -2.5506091
-2.1127748 -3.3260894
-1.5815017 -4.2166977
-0.5296136 -5.1274047
1.4959821 -5.8066568
4.3680091 -5.1722341
7.4437032 -1.8584741
8.7029905 2.3341076
7.0471883 5.4670825
3.8083949 7.4653611
1.2086642 6.4740238
-0.5789157 5.3805332
-1.4817281 4.1891794
-1.9645468 3.1970539
-2.1882174 2.4045575
-2.2780833 1.7767618
-2.2850442 1.2894305
-2.2579458 0.8951025
-2.2067299 0.5609002
-1.9807715 0.2596241
0.0000000 0.0000000
0.0000000 0.0000000
-1.9994786 -0.3673398
-2.1403556 -0.7806330
-2.0828097 -1.2254035
-1.9482790 -1.7134413
-1.7107567 -2.2520120
-1.3177084 -2.8180940
-0.6751891 -3.3826783
0.3461941 -3.8548598
1.7070726 -3.9327574
3.1079924 -3.5879669
4.7885509 -2.0385180
5.4881463 0.6276020
4.8124795 2.2466006
3.2825150 3.7130623
1.5528221 4.2364292
0.1684239 3.9829302
-0.7164426 3.4165165
-1.2541660 2.7883334
-1.5662441 2.2059691
-1.7520636 1.6948758
-1.8514638 1.2608089
-1.8948439 0.8899633
-1.8905172 0.5628393
-1.7014495 0.2598030
0.0000000 0.0000000
0.0000000 0.0000000
-1.6417630 -0.3427421
-1.7412198 -0.7142480
-1.6503571 -1.0993330
-1.4753017 -1.4997693
-1.1988989 -1.9096937
-0.7800307 -2.3046741
-0.1697456 -2.6426919
0.6295227 -2.8341265
1.5835750 -2.7489011
2.5101023 -2.2163060
3.3244495 -1.1898664
3.7297833 0.3774653
3.3653660 1.4902587
2.4922929 2.3904164
1.4504403 2.8774545
0.4782978 2.9229722
-0.2731454 2.6881189
-0.7802430 2.3238256
-1.1091723 1.9249161
-1.3298122 1.5342367
-1.4730334 1.1716369
-1.5585054 0.8416277
-1.5855451 0.5369148
-1.4287293 0.2476339
0.0000000 0.0000000
0.0000000 0.0000000
-1.3213786 -0.3059435
-1.3917258 -0.6279744
-1.2870796 -0.9509178
-1.1023359 -1.2705228
-0.8286293 -1.5752096
-0.4391694 -1.8413535
0.0721312 -2.0286014
0.6746387 -2.0783432
1.3206376 -1.9213595
1.9212866 -1.4697993
2.3924050 -0.7361213
2.6085107 0.2386059
2.4100811 1.0105519
1.8893404 1.6350912
1.2229247 2.0312188
0.5508167 2.1654148
-0.0304810 2.0932040
-0.4720753 1.8925693
-0.7802984 1.6289358
-1.0017720 1.3404974
-1.1574157 1.0494558
-1.2607763 0.7666965
-1.3046069 0.4936829
-1.1746304 0.2279874
0.0000000 0.0000000
0.0000000 0.0000000
-1.0446792 -0.2643644
-1.0950303 -0.5366988
-0.9908386 -0.8016824
-0.8156884 -1.0523278
-0.5682364 -1.2758428
-0.2347929 -1.4505011
0.1674177 -1.5475526
0.6106418 -1.5294451
1.0572184 -1.3594344
1.4539485 -1.0014858
1.7486978 -0.4755076
1.8704408 0.1680077
1.7513859 0.7157844
1.4267893 1.1674086
0.9884234 1.4801074
0.5196345 1.6287717
0.0848373 1.6317370
-0.2763602 1.5273132
-0.5470290 1.3559344
-0.7503443 1.1457571
-0.9006326 0.9168408
-1.0045296 0.6804996
-1.0538881 0.4422390
-0.9458733 0.2048865
0.0000000 0.0000000
0.0000000 0.0000000
-0.8123194 -0.2233212
-0.8485169 -0.4496519
-0.7536432 -0.6643699
-0.5987131 -0.8590943
-0.3877461 -1.0220937
-0.1176991 -1.1352998
0.1896115 -1.1796682
0.5138160 -1.1328485
0.8257341 -0.9767214
1.0951544 -0.6978641
1.2865014 -0.3158368
1.3595461 0.1284996
1.2831360 0.5265303
1.0740385 0.8623130
0.7792386 1.1084974
0.4497661 1.2471581
0.1276807 1.2821988
-0.1562391 1.2321756
-0.3821407 1.1213369
-0.5585485 0.9685972
-0.6929529 0.7895406
-0.7876077 0.5947554
-0.8344118 0.3900292
-0.7447897 0.1815945
0.0000000 0.0000000
0.0000000 0.0000000
-0.6209154 -0.1860338
-0.6468243 -0.3724053
-0.5651250 -0.5452846
-0.4354577 -0.6963503
-0.2634583 -0.8151722
-0.0521638 -0.8884956
0.1779767 -0.9036015
0.4140456 -0.8476297
0.6341753 -0.7128379
0.8194443 -0.4960281
0.9471235 -0.2129284
0.9936825 0.1058993
0.9421992 0.4014714
0.8033490 0.6569536
0.6020135 0.8520986
0.3691943 0.9736564
0.1331949 1.0205797
-0.0849328 1.0011353
-0.2659112 0.9291780
-0.4116161 0.8175593
-0.5246922 0.6773649
-0.6051010 0.5172812
-0.6443041 0.3425510
-0.5700334 0.1605781
0.0000000 0.0000000
0.0000000 0.0000000
-0.4647812 -0.1541137
-0.4831241 -0.3073803
-0.4160067 -0.4467830
-0.3117791 -0.5646821
-0.1774608 -0.6522725
-0.0170230 -0.6997145
0.1528355 -0.6994053
0.3225906 -0.6435751
0.4785933 -0.5299116
0.6063416 -0.3594047
0.6921663 -0.1446577
0.7223066 0.0926871
0.6877431 0.3175990
0.5932050 0.5161555
0.4548113 0.6730449
0.2904821 0.7776051
0.1193601 0.8269952
-0.0431089 0.8245502
-0.1833039 0.7780579
-0.2982284 0.6955565
-0.3879854 0.5850357
-0.4513611 0.4528656
-0.4800051 0.3035263
-0.4181258 0.1437618
0.0000000 0.0000000
0.0000000 0.0000000
-0.3377543 -0.1281643
-0.3497217 -0.2551671
-0.2974367 -0.3689067
-0.2173847 -0.4622826
-0.1163888 -0.5282762
0.0006844 -0.5594606
0.1229051 -0.5511430
0.2430571 -0.4991428
0.3511299 -0.4032795
0.4388203 -0.2668320
0.4962711 -0.0989045
0.5149888 0.0842885
0.4915957 0.2609797
0.4276357 0.4193637
0.3324245 0.5479858
0.2184200 0.6381741
0.0970386 0.6863899
-0.0203585 0.6933882
-0.1237526 0.6635997
-0.2096580 0.6021163
-0.2765043 0.5142986
-0.3215525 0.4046919
-0.3368436 0.2764044
-0.2833482 0.1334306
0.0000000 0.0000000
0.0000000 0.0000000
-0.2333024 -0.1081766
-0.2399217 -0.2154316
-0.2013039 -0.3102054
-0.1438560 -0.3861779
-0.0722358 -0.4374397
0.0091760 -0.4585724
0.0922441 -0.4463791
0.1737319 -0.3988301
0.2458929 -0.3168550
0.3028951 -0.2043799
0.3402569 -0.0684046
0.3517513 0.0787876
0.3350922 0.2227103
0.2930864 0.3534738
0.2297673 0.4617755
0.1530675 0.5406731
0.0711598 0.5865155
-0.0092811 0.5988570
-0.0809699 0.5801443
-0.1402197 0.5339735
-0.1851530 0.4642704
-0.2118150 0.3744223
-0.2105362 0.2661559
-0.1526730 0.1406035
0.0000000 0.0000000
0.0000000 0.0000000
-0.1453650 -0.0939062
-0.1472816 -0.1863908
-0.1212560 -0.2669312
-0.0841254 -0.3301284
-0.0391136 -0.3708153
0.0115398 -0.3849113
0.0628557 -0.3711604
0.1119653 -0.3278015
0.1556823 -0.2564807
0.1891699 -0.1610819
0.2101257 -0.0474334
0.2164010 0.0750603
0.2055998 0.1958617
0.1792292 0.3068030
0.1407624 0.4000915
0.0937617 0.4697390
0.0434649 0.5122696
-0.0057371 0.5268719
-0.0497279 0.5154863
-0.0856191 0.4808926
-0.1107643 0.4268040
-0.1191592 0.3587678
-0.0875374 0.2884361
0.0357287 0.2294860
0.0000000 0.0000000
0.0000000 0.0000000
-0.0694077 -0.0805878
-0.0657314 -0.1530739
-0.0524080 -0.2156932
-0.0345091 -0.2630967
-0.0133448 -0.2912759
0.0097211 -0.2981741
0.0332826 -0.2849236
0.0553996 -0.2487584
0.0743648 -0.1910959
0.0890042 -0.1155512
0.0973169 -0.0273084
0.0986840 0.0670096
0.0929118 0.1606424
0.0798816 0.2472561
0.0614125 0.3205325
0.0395997 0.3756088
0.0163630 0.4096843
-0.0060691 0.4218728
-0.0257045 0.4156858
-0.0412379 0.3921964
-0.0504326 0.3544872
-0.0424345 0.3167348
0.0484844 0.3532130
0.2903866 0.4560689
0.0000000 0.0000000
0.0000000 0.0000000
0.0000000 0.0000000
0.0000000 0.0000000
0.0000000 0.0000000
0.0000000 0.0000000
0.0000000 0.0000000
0.0000000 0.0000000
0.0000000 0.0000000
0.0000000 0.0000000
0.0000000 0.0000000
0.0000000 0.0000000
0.0000000 0.0000000
0.0000000 0.0000000
0.0000000 0.0000000
0.0000000 0.0000000
0.0000000 0.0000000
0.0000000 0.0000000
0.0000000 0.0000000
0.0000000 0.0000000
0.0000000 0.0000000
0.0000000 0.0000000
0.0000000 0.0000000
0.0000000 0.0000000
0.0000000 0.0000000
0.0000000 0.0000000
0.0000000 0.0000000
0.0000000 0.0000000
-0.1994896 0.1968710
0.0000000 0.0000000
-0.7216840 0.1707563
-0.3649082 0.7964470
-0.3102254 1.3609877
0.0000000 0.0000000
-0.8252141 1.0590779
-0.2846489 1.8459082
-0.2992302 2.3151419
0.0000000 0.0000000
-0.7938569 1.8384038
-0.3086753 2.8326120
-0.3196429 3.3570156
0.0000000 0.0000000
-0.8903946 2.6781342
-0.3362452 3.9188085
-0.3514982 4.5011492
0.0000000 0.0000000
-0.9989182 3.6066017
-0.3728970 5.1285377
-0.3939939 5.7767377
0.0000000 0.0000000
-1.1283876 4.6367083
-0.4161002 6.4891930
-0.4460015 7.2134356
0.0000000 0.0000000
-1.2730782 5.7798505
-0.4703104 8.0390654
-0.5242932 8.8458595
0.0000000 0.0000000
-1.4417853 7.0428133
-0.5561118 9.8625698
-0.6763065 10.7776785
0.0000000 0.0000000
-1.7003547 8.4626751
-0.7721890 12.2039661
-1.0365647 13.4016542
0.0000000 0.0000000
-2.2949548 10.3246756
-1.4279405 15.5565176
-1.6703292 17.9061050
0.0000000 0.0000000
-3.8392327 14.1547375
-1.4517989 20.5708199
-2.3659024 23.6567707
0.0000000 0.0000000
3.0091615 13.4902601
4.6424761 15.9387999
7.4476480 10.9143028
0.0000000 0.0000000
12.0212965 9.6420679
12.7981730 -6.8864369
-2.4413860 -8.8966999
0.0000000 0.0000000
12.4528065 -4.5808716
-0.5503796 -12.3520994
-0.2520000 -12.0739202
0.0000000 0.0000000
-7.0666795 -9.1750565
0.0782110 -8.9851570
-0.2971587 -7.9724836
0.0000000 0.0000000
-1.4311953 -6.8923965
-0.3602286 -7.3742132
-0.3530656 -6.7454929
0.0000000 0.0000000
-0.8146307 -5.6266475
-0.3352638 -6.2066522
-0.3237168 -5.7284904
0.0000000 0.0000000
-0.7217699 -4.7652097
-0.2999065 -5.2175536
-0.2918074 -4.7653913
0.0000000 0.0000000
-0.7047848 -3.9792516
-0.2740328 -4.2935700
-0.2689981 -3.8588252
0.0000000 0.0000000
-0.6580701 -3.2362916
-0.2587121 -3.4313779
-0.2458104 -3.0163872
0.0000000 0.0000000
-0.6184478 -2.5401933
-0.2373725 -2.6324668
-0.2224063 -2.2403717
0.0000000 0.0000000
-0.5782050 -1.9002830
-0.2174042 -1.8964995
-0.2033445 -1.5261221
0.0000000 0.0000000
-0.5404517 -1.3132856
-0.2015702 -1.2133029
-0.1938907 -0.8634512
0.0000000 0.0000000
-0.5454154 -0.7608302
-0.2210470 -0.5193143
-0.2166579 -0.1629849
0.0000000 0.0000000
-0.4790849 -0.1618472
0.0000000 0.0000000
0.0000000 0.0000000
-1.0740153 0.2604634
-1.5228794 0.2140054
-1.4359270 0.6870947
-1.2281445 1.1455448
-1.6267434 1.0244434
-1.1530405 1.5331570
-1.2006876 1.9530139
-1.6303889 1.7905924
-1.2578269 2.3742526
-1.3111963 2.8202817
-1.7823610 2.6072884
-1.3783951 3.2721424
-1.4455675 3.7652345
-1.9831074 3.5068889
-1.5323821 4.2646022
-1.6075528 4.8062577
-2.2207277 4.5082059
-1.7105174 5.3650589
-1.8040234 5.9521642
-2.4815085 5.6160464
-1.9217788 6.5919104
-2.0724502 7.2018189
-2.7811677 6.7998605
-2.2289164 7.9678750
-2.5629582 8.5372353
-3.2033021 7.9341331
-2.8607962 9.5728951
-3.8292451 9.8927345
-3.9892926 8.5242586
-4.8933682 11.3667040
-7.7431812 12.2518940
-7.7295222 8.8584728
-0.9039789 9.5890236
6.5972772 11.1310024
11.8536339 10.7044487
10.4519243 8.2666893
16.2465611 5.4725461
21.2332630 3.6922932
26.4829960 -4.0757513
13.7806311 -2.5159659
18.4502239 -4.1428614
3.8506811 -7.7605705
-7.0020499 -7.0250549
-4.5368104 -5.6684160
-2.4557383 -6.2465415
-1.9429674 -6.4390888
-2.3315942 -6.2584219
-1.3631611 -5.7203155
-1.3029258 -5.5539002
-1.5152237 -5.5029058
-1.2309840 -5.1059313
-1.2334408 -4.8037705
-1.4578397 -4.6986189
-1.1875437 -4.3621364
-1.1549840 -3.9998264
-1.4380133 -3.8935905
-1.1113945 -3.6106553
-1.0719926 -3.2577627
-1.3820766 -3.1405807
-1.0300503 -2.9084089
-0.9828491 -2.5559437
-1.2898390 -2.4491479
-0.9470410 -2.2491493
-0.9020380 -1.9112769
-1.1959702 -1.8240801
-0.8740285 -1.6325958
-0.8307169 -1.3121390
-1.1151875 -1.2499321
-0.8097004 -1.0650600
-0.8161755 -0.7498381
-1.1048725 -0.7223974
-0.9240613 -0.4542336
-0.7679569 -0.1601030
-1.0334760 -0.1598531
0.0000000 0.0000000
0.0000000 0.0000000
-1.8795440 0.2305104
-2.2853882 0.2223591
-2.2459219 0.6231803
-1.9712833 0.9900665
-2.3266916 0.9143875
-1.9350230 1.3425041
-2.0007048 1.7350385
-2.3994536 1.6259979
-2.0879476 2.1203532
-2.1701543 2.5355153
-2.6209345 2.3943539
-2.2983398 2.9560957
-2.4001377 3.4310651
-2.9279242 3.2595785
-2.5634778 3.9023564
-2.6684606 4.4459782
-3.2927620 4.2444959
-2.8632567 4.9692988
-2.9629133 5.5894270
-3.6912425 5.3648238
-3.1790118 6.1623325
-3.2688015 6.8207607
-4.1387401 6.5843005
-3.5093834 7.4494619
-3.6432655 8.0270615
-4.4768643 7.7721238
-3.7663767 8.5435934
-4.1712799 8.8096066
-4.4931979 8.9687462
-4.1638441 9.1287689
-6.3983831 8.9067993
-5.1513977 8.4611692
-7.1342154 8.4098377
7.0401769 7.6230121
11.8077097 4.0805073
18.8210735 7.3076220
25.6188049 5.0290694
35.0609245 -0.0596421
32.0598564 -5.5146880
22.1487370 -3.5227804
28.0150700 -1.8027307
-4.9227209 -3.8946197
-3.6363409 -5.3715143
-1.0696188 -4.6299624
-3.2378368 -6.3008547
-2.8068287 -6.3933344
-2.1875243 -6.6719255
-2.2429938 -5.9380255
-2.1587665 -5.7196660
-2.3652773 -6.0325413
-2.0680571 -5.1021872
-2.0453560 -4.7167468
-2.3742816 -4.7301540
-1.9766324 -4.2807922
-1.9238238 -3.8807495
-2.2185040 -3.8150966
-1.8754109 -3.4877644
-1.7881298 -3.0934684
-2.1077056 -3.0006239
-1.7236270 -2.7724304
-1.6341691 -2.3909795
-1.9426894 -2.3026927
-1.5732735 -2.1231880
-1.4966427 -1.7745814
-1.7833951 -1.7016699
-1.4508233 -1.5255989
-1.3882213 -1.2121505
-1.6608365 -1.1566591
-1.3508921 -0.9927267
-1.3431426 -0.6952862
-1.6081468 -0.6632673
-1.4915093 -0.4324887
-1.3034381 -0.1659717
-1.5750513 -0.1654272
0.0000000 0.0000000
0.0000000 0.0000000
-2.6336203 0.2175169
-3.0004575 0.2064819
-2.8666852 0.5751002
-2.6297436 0.8494391
-2.9480381 0.7683816
-2.6558745 1.1774620
-2.7366953 1.5273051
-3.0865879 1.3990390
-2.8589475 1.8766048
-2.9831901 2.2678065
-3.3966291 2.0909419
-3.1722336 2.6476884
-3.3210499 3.1208918
-3.8310032 2.8974519
-3.5681188 3.5481257
-3.7154989 4.1166453
-4.3666768 3.8565712
-4.0255280 4.6111240
-4.1309247 5.2961826
-4.9346957 4.9999266
-4.5039225 5.8145576
-4.4606900 6.7434592
-5.5520444 6.4330215
-4.8540936 7.1633177
-4.6338425 8.2775927
-6.1033101 8.3156834
-4.7242250 9.0657978
-5.2892656 8.7705908
-4.4703331 8.1906776
-4.4845662 8.3955145
-3.4026959 7.2409029
-2.3046269 5.4224501
2.5155513 -2.9268861
9.8601084 1.7940573
10.5953007 -0.8704657
17.2047215 4.4316602
31.4647770 0.0848533
35.6815948 -4.8982434
35.8332787 -4.0898890
19.0815792 -1.4830207
22.2020245 -1.0225095
1.8640084 -3.1722925
0.1754746 -4.4565225
1.9032011 -3.9022930
-1.4494299 -6.6782484
-2.4417183 -7.0697207
-1.7907469 -6.9345932
-3.0835488 -6.9157004
-3.4677498 -6.5328660
-3.8952954 -6.6336565
-3.3436842 -5.6061745
-3.0998685 -4.9009085
-3.6689215 -5.0593204
-2.9180202 -4.3051748
-2.7647514 -3.7997198
-3.1698613 -3.6807330
-2.6894071 -3.4218495
-2.5293329 -2.9209006
-2.8924348 -2.7816741
-2.4213867 -2.6525578
-2.2768402 -2.2139683
-2.5893919 -2.0921721
-2.1800439 -1.9900597
-2.0649278 -1.6261786
-2.3423302 -1.5280122
-1.9929749 -1.4102186
-1.9107614 -1.1040304
-2.1660247 -1.0337230
-1.8627497 -0.9012870
-1.8292551 -0.6289570
-2.0712233 -0.5878389
-1.9352975 -0.4024418
-1.8381748 -0.1654747
-2.0985279 -0.1594791
0.0000000 0.0000000
0.0000000 0.0000000
-3.3154194 0.1907298
-3.6261747 0.1711956
-3.2882209 0.5103635
-3.2165644 0.6811027
-3.4872532 0.5882184
-3.2767196 0.9979728
-3.3849657 1.2570804
-3.6710234 1.0978419
-3.5447152 1.5864923
-3.7303960 1.8966373
-4.0706577 1.6682619
-3.9747887 2.2515213
-4.2020106 2.6726041
-4.6524749 2.3700495
-4.5400443 3.0481279
-4.7621684 3.6657338
-5.4298406 3.2973180
-5.1978893 4.0749030
-5.3744049 4.9090128
-6.3183970 4.5558739
-5.9217219 5.4336123
-6.2569180 6.5544267
-7.4904318 6.5233736
-6.7656274 7.4731836
-6.5221376 8.3798685
-6.2421784 7.4030704
-4.7326140 8.4309702
-2.6602759 7.2409692
-0.8730671 4.3977389
0.8922135 4.5925632
1.9737940 4.2691936
2.6101477 2.3903425
10.0037746 -4.7697625
12.6271048 -2.5081787
15.4308090 -2.5834186
18.5638485 0.5936790
35.9821434 -5.0319629
36.2187729 -6.1602378
31.9084682 -3.2154057
20.2855091 -0.9060165
19.7892704 -1.5246631
6.9097180 -3.5052857
4.0231767 -4.0664310
5.3274789 -3.6514971
1.1227185 -6.0756354
-1.3239156 -6.4982657
-1.1362478 -5.6721396
-3.4811308 -6.6731043
-4.6726713 -6.5776405
-5.0845518 -6.1324735
-4.8713431 -5.7511916
-4.6717324 -5.2536917
-5.5868149 -5.1863160
-4.1356936 -4.2773781
-3.7516904 -3.6005487
-4.3023939 -3.3663683
-3.5737700 -3.2460744
-3.3024490 -2.6312890
-3.7082183 -2.4150193
-3.1074302 -2.4309547
-2.9011316 -1.9595333
-3.2136219 -1.7884712
-2.7500849 -1.7767518
-2.5954874 -1.4233193
-2.8544834 -1.2938662
-2.4874361 -1.2383429
-2.3836138 -0.9621127
-2.6117642 -0.8738192
-2.3202000 -0.7751393
-2.2702537 -0.5445260
-2.4879715 -0.4945750
-2.2580276 -0.3516175
-2.3409705 -0.1516804
-2.5722704 -0.1399684
0.0000000 0.0000000
0.0000000 0.0000000
-3.8819537 0.1477555
-4.1163673 0.1207705
-3.5283418 0.4206801
-3.7117150 0.4864839
-3.9160378 0.3844217
-3.7492976 0.7910450
-3.9164817 0.9171086
-4.1220760 0.7315807
-4.0969176 1.2473311
-4.3578424 1.4017031
-4.5967383 1.1210110
-4.6440363 1.7855357
-5.0070343 2.0043550
-5.3181391 1.6065993
-5.4227653 2.4494615
-5.8599625 2.8636305
-6.3639088 2.3051567
-6.4479403 3.3237739
-6.8050423 4.2146482
-7.8426452 3.4947100
-7.8553805 4.5403090
-8.5522814 6.4269996
-9.5069857 5.5827441
-7.4754796 5.7741175
-5.7646246 5.7570338
-4.7392817 4.6043487
-3.1664236 5.8718715
1.6636000 3.3338537
1.1407533 2.2215536
4.8415174 1.8718435
4.4005728 2.1124301
4.9910312 1.7102604
14.6123905 -4.3904719
16.7875137 -3.2726274
19.0802593 -3.5268095
20.7181320 -0.3310762
35.9274940 -6.4312334
34.4110413 -6.0123091
27.8056946 -3.7582741
18.7470837 -2.0756991
17.5323334 -2.3296838
10.7817411 -3.0146589
6.9778786 -3.1482182
7.5391369 -2.9834347
2.7812188 -4.7027140
-0.0988975 -4.7406468
0.0993368 -3.9445002
-3.1878793 -5.5427094
-4.9580321 -5.3819985
-5.0234966 -4.6208940
-6.1187701 -4.3164802
-6.5258088 -4.7934213
-7.3090086 -4.0727215
-5.5592823 -3.7200525
-4.8513308 -3.0510497
-5.4211769 -2.6106944
-4.4460530 -2.7867064
-4.0482192 -2.1464486
-4.4110293 -1.8352698
-3.7403665 -2.0165906
-3.4682255 -1.5874680
-3.7382350 -1.3559783
-3.2506974 -1.4421730
-3.0589435 -1.1480328
-3.2749898 -0.9825785
-2.9090745 -0.9910923
-2.7860646 -0.7763652
-2.9708207 -0.6672094
-2.6922576 -0.6109650
-2.6539819 -0.4388770
-2.8320441 -0.3795826
-2.4849207 -0.2788625
-2.7736142 -0.1247419
-2.9603419 -0.1091621
0.0000000 0.0000000
0.0000000 0.0000000
-4.2948666 0.0909646
-4.4260411 0.0578949
-3.6334341 0.3042719
-4.0727382 0.2732026
-4.1903043 0.1686236
-4.0514936 0.5417046
-4.2935672 0.5236691
-4.3948898 0.3257183
-4.4711590 0.8367062
-4.8021178 0.7954440
-4.9061222 0.4841334
-5.1093245 1.1972449
-5.5860181 1.1250352
-5.7104292 0.6642979
-6.0553598 1.6558410
-6.7458372 1.5923085
-6.9163842 0.9362341
-7.4603128 2.3279676
-8.4506903 2.6055708
-8.9496374 1.6337296
-9.8288603 2.8700831
-9.7380114 4.3391533
-9.9842653 2.8656378
-6.1986709 2.1442888
-3.6817362 3.1150448
-3.5972812 1.7245634
-0.7164615 3.2172203
3.2018485 1.5577660
2.8475513 1.2873263
6.1846843 1.5732763
6.6826320 1.1221555
8.5150557 0.1581016
19.0808468 -4.6889806
21.5034275 -3.9143746
21.6065254 -3.9682612
23.7199936 -0.9261616
34.1326866 -5.7523336
31.2663937 -5.5571923
25.6565342 -3.7346749
17.2388802 -2.3914380
16.7546844 -2.5336223
11.8234262 -2.6651256
7.9456859 -2.3571870
7.7573886 -1.8936489
4.3175702 -3.1010737
0.2710058 -3.4224651
-0.1251742 -2.2919521
-2.5249317 -3.7247837
-4.8298283 -3.6826973
-5.1638870 -2.6745145
-6.8432527 -2.0834944
-7.7365866 -3.1984363
-8.1628418 -2.2208338
-6.6953077 -2.4352384
-5.7710514 -2.0602248
-6.1631732 -1.4828545
-5.1263151 -1.9363383
-4.6390095 -1.4639350
-4.8909698 -1.0696950
-4.2286682 -1.3851782
-3.9079623 -1.0905383
-4.0958252 -0.8114095
-3.6280389 -0.9799978
-3.4120188 -0.7969759
-3.5604067 -0.6050139
-3.2224529 -0.6708371
-3.0911298 -0.5458511
-3.2152491 -0.4219233
-2.9568782 -0.4115616
-2.9532216 -0.3148956
-3.0702507 -0.2470303
-2.6414170 -0.1881197
-3.1054132 -0.0881738
-3.2317462 -0.0708110
0.0000000 0.0000000
0.0000000 0.0000000
-4.5195742 0.0196265
-4.5309443 -0.0127257
-3.6594813 0.1629929
-4.2604074 0.0593399
-4.2681746 -0.0471449
-4.1908388 0.2461853
-4.4719138 0.1143891
-4.4521747 -0.0825077
-4.6382413 0.3447614
-4.9982114 0.1430559
-4.9457455 -0.1641497
-5.3071418 0.4671814
-5.8369236 0.1463294
-5.7384624 -0.3059620
-6.3351908 0.5652178
-7.1240120 0.1349758
-6.9484711 -0.5375792
-7.9662743 0.7529613
-9.3459082 0.4222735
-9.1770592 -0.6702449
-10.7858028 0.4658329
-9.8248186 0.8376713
-9.4985933 -1.0929059
-6.2706008 -0.1547350
-2.3677206 1.1799884
-2.9859290 -0.2093028
0.5285530 -0.0671998
3.1973910 -0.9473491
3.7758579 -1.1865270
6.6073999 0.6132575
10.5547018 -1.8335205
13.8977032 -4.3611331
21.1588497 -5.9616151
23.9991360 -4.1625428
22.7677498 -5.2310319
27.0610981 -2.2471151
31.4198017 -4.5301390
28.0700932 -4.2264352
23.4519482 -3.1407552
16.6180935 -2.3872979
16.3426342 -2.1980929
10.9045238 -1.8314420
7.5668025 -1.5307653
7.3240175 -1.3701065
5.5375242 -1.4399874
0.7747120 -1.3347473
0.1059434 -0.6361533
-2.9918349 -1.3318911
-5.2418308 -1.3015606
-5.2849298 -0.1321315
-7.0048113 -0.3446198
-8.2590370 -1.0865792
-8.4159088 0.0139187
-7.2134809 -0.7449800
-6.2261147 -0.7779296
-6.3564868 -0.1644395
-5.4637613 -0.7609745
-4.9478383 -0.6137616
-5.0493450 -0.2029374
-4.4830823 -0.5937454
-4.1453314 -0.4961157
-4.2234330 -0.2094303
-3.8354928 -0.4391475
-3.6123950 -0.3882537
-3.6746128 -0.1905924
-3.4011061 -0.3101508
-3.2715502 -0.2825610
-3.3239117 -0.1547545
-3.1081030 -0.1931100
-3.1391559 -0.1738394
-3.1847947 -0.1046277
-2.7430658 -0.0861745
-3.3146055 -0.0491199
-3.3713794 -0.0306000
0.0000000 0.0000000
0.0000000 0.0000000
-4.5334430 -0.0437921
-4.4453802 -0.0705171
-3.6424110 0.0135182
-4.2458315 -0.1542840
-4.1604357 -0.2475604
-4.1728139 -0.0800776
-4.4310088 -0.2827210
-4.3096356 -0.4540582
-4.5873408 -0.2054351
-4.9096956 -0.4776884
-4.7321925 -0.7440377
-5.1991701 -0.3709181
-5.6779151 -0.7786869
-5.4011669 -1.1730357
-6.1323805 -0.6659149
-6.8956385 -1.2930716
-6.4155445 -1.8955176
-7.7017674 -1.0192200
-9.0877914 -1.9923934
-8.1880875 -3.0259588
-10.1609068 -2.5712707
-9.3874464 -2.8085570
-8.4254951 -4.1955552
-7.0261898 -3.9590566
-3.4000299 -3.1965404
-0.8014672 -5.3398418
0.3562029 -3.0581896
3.8079753 -3.0426610
5.9287891 -6.1841211
8.3474216 -3.7774658
16.5433464 -6.1296830
16.5554161 -7.4047146
20.4268837 -8.2182837
21.3495369 -7.0332146
22.6331577 -5.2305617
27.2838631 -3.3210015
28.0113716 -3.7388697
24.1285744 -2.3611908
22.3532200 -2.4780676
16.0480900 -1.5584520
15.2517223 -0.8416265
9.8724537 -0.8018472
6.8656092 -1.2706313
6.2238569 -1.2445899
4.7309122 -0.2113447
-0.0744941 0.4061131
-1.1667106 0.7058514
-3.5999780 0.5312141
-5.2087407 1.0643303
-6.0165801 2.0511961
-7.4295106 1.5961548
-7.8909640 1.3321674
-7.6778779 2.0491848
-6.9550571 0.8867693
-6.1156158 0.5779086
-5.9034319 1.1437060
-5.4064832 0.4137085
-4.9353957 0.2780884
-4.8148670 0.6716096
-4.4754639 0.2071852
-4.1614594 0.1198936
-4.0925159 0.3925993
-3.8534987 0.1009871
-3.6439018 0.0325623
-3.6055322 0.2206992
-3.4343512 0.0454150
-3.3144317 -0.0106630
-3.2918453 0.1123264
-3.1485751 0.0216766
-3.1950018 -0.0258966
-3.1760786 0.0418373
-2.7881796 0.0169096
-3.3903067 -0.0128515
-3.3867152 0.0045220
0.0000000 0.0000000
0.0000000 0.0000000
-4.3644738 -0.0900475
-4.2035251 -0.1087221
-3.5298617 -0.1239901
-4.0601139 -0.3384432
-3.9104729 -0.4135509
-3.9824541 -0.3663636
-4.1971135 -0.6195560
-4.0030780 -0.7547017
-4.3175278 -0.6659612
-4.5805283 -1.0010028
-4.3129930 -1.2040701
-4.8009510 -1.0612280
-5.1710858 -1.5404727
-4.7824597 -1.8254323
-5.4909410 -1.7129936
-6.0159869 -2.3937855
-5.4077659 -2.7949674
-6.5147877 -2.5849915
-7.5260334 -3.8162684
-6.3968129 -4.3409252
-8.6703596 -4.5108414
-8.2724209 -5.8668723
-6.5633402 -6.9007092
-6.6194487 -6.6681728
-3.5718546 -7.7368445
-2.2268686 -8.1607447
1.2988250 -9.2479506
7.3703971 -8.9051619
6.4829993 -8.7893391
10.6917324 -8.7847118
14.3028030 -8.6207590
13.8038521 -7.1319213
16.4478970 -7.0641227
20.0335846 -4.2851171
19.7712727 -4.7844667
24.3678493 -2.2958035
24.8161469 -1.7870673
23.9711227 -1.0158796
19.1749039 -1.1913272
16.2334538 0.8263161
15.9455786 2.6698425
9.3943129 0.9352399
6.4222522 0.2509580
4.8711734 2.8867428
1.7064484 2.7308135
-1.4153783 2.5967240
-1.9195049 3.7093704
-4.7333503 3.1593273
-5.6841936 3.3236163
-6.7880573 4.5621028
-7.3377810 3.5465834
-6.9937420 2.8162265
-6.1023817 3.3666050
-5.9618378 2.3150384
-5.5651646 1.6366385
-5.0416427 2.1336505
-4.9254518 1.4477443
-4.6073694 1.0335671
-4.3006196 1.3789568
-4.1916366 0.9115650
-3.9562848 0.6609775
-3.7642319 0.8987955
-3.6801951 0.5814227
-3.5133533 0.4127181
-3.3853006 0.5760273
-3.3250926 0.3664678
-3.2292571 0.2400126
-3.1375952 0.3476108
-3.0763876 0.2183671
-3.1377385 0.1141311
-3.0597749 0.1743714
-2.7400477 0.1083571
-3.3483911 0.0201895
-3.2903111 0.0364071
0.0000000 0.0000000
0.0000000 0.0000000
-4.0614362 -0.1210396
-3.8474433 -0.1336950
-3.2955847 -0.2364532
-3.7467031 -0.4772807
-3.5548506 -0.5283364
-3.6576662 -0.5881225
-3.8157825 -0.8671452
-3.5819716 -0.9571185
-3.8856063 -1.0122811
-4.0625973 -1.3700992
-3.7587857 -1.4988593
-4.1897054 -1.5526006
-4.4242272 -2.0564222
-4.0081525 -2.2250087
-4.5821743 -2.3622208
-4.8672771 -3.0739107
-4.3025169 -3.2872741
-5.0157056 -3.4435422
-5.5086565 -4.6058440
-4.6268144 -4.8286185
-5.6933575 -5.6887541
-5.6665616 -7.2386355
-4.7098308 -6.9088349
-3.9100013 -8.3682003
-1.1096793 -8.5046644
-1.3641067 -8.4369698
1.7257991 -9.1315193
5.4571643 -8.5977249
4.6981459 -7.6720095
9.1188116 -6.6991014
12.7522287 -5.2002692
11.1321211 -5.6652060
13.9580669 -5.6614103
16.5964890 -4.5340481
17.8468037 -2.6525519
19.9357891 -1.5188221
19.6048889 -0.2237218
17.8425694 0.5311232
16.2887707 0.9727191
14.5355167 3.2865846
13.4382887 3.4763572
10.2893353 3.5607505
3.3701940 5.8628488
4.6010003 6.7046223
1.3230730 5.5096583
-2.4439566 5.3639917
-1.9442220 6.7829309
-5.4961438 6.1197400
-6.2415800 5.8426375
-4.9234037 5.9400325
-5.7666550 4.8162990
-5.3612843 3.6246192
-4.3623962 3.9737456
-4.8201680 3.1889977
-4.6523876 2.3472202
-3.9915736 2.7181897
-4.2082582 2.1330955
-4.0361791 1.5840652
-3.6256683 1.8480679
-3.7228997 1.4289616
-3.5773749 1.0741359
-3.3074648 1.2584007
-3.3612847 0.9543421
-3.2490854 0.7132447
-3.0590305 0.8409182
-3.0981212 0.6229433
-3.0353658 0.4446250
-2.8913257 0.5296885
-2.9046659 0.3782116
-2.9829066 0.2318461
-2.8572283 0.2800874
-2.6038375 0.1815160
-3.2029450 0.0484762
-3.1008997 0.0626324
0.0000000 0.0000000
0.0000000 0.0000000
-3.6610899 -0.1389085
-3.4176610 -0.1457955
-2.9728818 -0.3154472
-3.3451767 -0.5619178
-3.1351335 -0.5882784
-3.2444713 -0.7323943
-3.3434329 -1.0133187
-3.1014001 -1.0573506
-3.3606520 -1.2219964
-3.4467294 -1.5691712
-3.1566701 -1.6231180
-3.4796884 -1.8281484
-3.5641677 -2.2883844
-3.2164209 -2.3348601
-3.5602009 -2.6839752
-3.5946963 -3.2802441
-3.2258501 -3.2890747
-3.4836698 -3.7599924
-3.4154801 -4.6126108
-3.1386158 -4.4544148
-3.2199314 -5.4817152
-2.9497247 -6.5099530
-2.6981308 -6.0238857
-2.2703671 -7.6457143
-0.7981566 -8.4411316
-0.9609709 -7.5268455
1.3699222 -8.8937712
4.2271976 -8.0501328
3.2482905 -8.1055202
7.1639199 -6.4046965
9.2882061 -6.2601624
9.1537609 -5.2247190
11.7989731 -5.5720024
14.4137239 -4.0577507
14.0231676 -1.4263914
16.7642479 -0.9990671
15.9749823 0.3049198
12.6295996 4.1900172
13.1510057 2.8145075
9.9370909 6.7196441
9.0515327 5.0841203
7.2042828 6.2452850
4.1331849 6.9620934
3.7104075 8.0004091
0.3488655 7.6646395
-3.5803115 8.5063801
-1.6134660 8.6114922
-4.2606263 7.4567699
-4.1417589 5.5929742
-2.3371973 5.7670846
-3.7770195 5.0058851
-3.8422911 3.9015684
-2.8231051 4.0602465
-3.6250203 3.5000408
-3.6131160 2.7238553
-2.9447095 2.9074790
-3.4012129 2.4624369
-3.3420117 1.9114208
-2.8952625 2.0761015
-3.1639802 1.7250506
-3.0939267 1.3416154
-2.7871230 1.4635894
-2.9561779 1.1936352
-2.8953471 0.9193562
-2.6712990 1.0064491
-2.7915852 0.7985687
-2.7618790 0.5910547
-2.5855701 0.6502689
-2.6592493 0.4908948
-2.7522864 0.3190632
-2.5937274 0.3530887
-2.3997629 0.2322412
-2.9744289 0.0702065
-2.8424704 0.0811784
0.0000000 0.0000000
0.0000000 0.0000000
-3.2059369 -0.1447254
-2.9542677 -0.1461305
-2.6006913 -0.3592718
-2.8987162 -0.5934409
-2.6910713 -0.5974518
-2.7909369 -0.8003964
-2.8345382 -1.0603762
-2.6092143 -1.0633876
-2.8079085 -1.3030035
-2.8119383 -1.6066904
-2.5662165 -1.5952427
-2.7726221 -1.9005548
-2.7351775 -2.2718115
-2.4777310 -2.2182195
-2.6355219 -2.6729650
-2.4996047 -3.1115506
-2.2806745 -2.9728146
-2.2913535 -3.5653102
-2.0242252 -4.1321573
-1.8966358 -3.7967799
-1.6183044 -4.8101110
-1.1004751 -5.3749485
-1.1445079 -4.7912855
-0.5219663 -5.8382931
0.3301551 -6.5862164
0.2605571 -5.6203561
1.5500900 -7.3236609
3.2347133 -7.0877595
2.8678334 -6.1131997
5.0782313 -6.7132225
6.8465786 -6.1149116
6.1062689 -4.1916337
8.8768730 -4.8117700
11.0821247 -3.8980718
8.3551941 -0.1769000
12.1636858 -1.6383110
11.7441607 1.1614420
8.1714487 4.2365942
9.6176071 3.9412572
7.0796986 6.9416857
5.6428232 6.7773695
4.9505367 7.9611549
1.9942778 9.2235994
2.4622166 7.2204185
0.2040894 8.1903868
-0.6988771 6.8958130
0.2181684 6.1440721
-1.4925139 6.0664787
-1.9908028 5.0854440
-1.0200516 4.8784518
-2.2406232 4.5457349
-2.4749885 3.7730701
-1.7152592 3.7259405
-2.5372965 3.3898425
-2.6380060 2.7847865
-2.0663819 2.8123057
-2.6128733 2.5014813
-2.6390831 2.0317028
-2.2197807 2.0955422
-2.5847199 1.8245621
-2.5746992 1.4690291
-2.2685330 1.5292243
-2.5160525 1.3024267
-2.4973991 1.0322523
-2.2642817 1.0789038
-2.4428096 0.8912003
-2.4411504 0.6778871
-2.2512832 0.7113194
-2.3687832 0.5543802
-2.4711659 0.3734455
-2.2950213 0.3933040
-2.1516459 0.2599405
-2.6882634 0.0846319
-2.5405695 0.0917113
0.0000000 0.0000000
0.0000000 0.0000000
-2.7355311 -0.1405613
-2.4922485 -0.1373634
-2.2149506 -0.3709988
-2.4471772 -0.5807469
-2.2548020 -0.5670403
-2.3396025 -0.8018798
-2.3399324 -1.0278239
-2.1411221 -0.9991879
-2.2852402 -1.2748227
-2.2328205 -1.5241007
-2.0304914 -1.4655858
-2.1523771 -1.8088464
-2.0459669 -2.0895762
-1.8479716 -1.9763963
-1.9062344 -2.4327276
-1.7054268 -2.7420180
-1.5372051 -2.5344210
-1.4648963 -3.1127965
-1.1562746 -3.4461052
-1.0300245 -3.1003220
-0.7920741 -3.8742893
-0.2552180 -4.2021875
-0.2253815 -3.6315494
0.3783093 -4.5679870
1.1153306 -4.7153850
1.0091118 -4.0045848
1.8314039 -4.8754687
2.8112051 -4.8152514
2.4945946 -3.7979989
3.9849086 -4.7038584
5.1313567 -3.9522400
4.2677331 -3.0044222
6.3779106 -2.3976336
6.8283658 -1.2011496
5.3734231 -1.1173483
7.2860241 0.9485528
6.8276997 2.3533688
5.2998538 1.2153352
6.2057161 3.3264852
5.3465629 4.8474517
4.1547365 3.2671080
3.9687283 4.9076686
2.8295121 5.4677129
2.4087479 4.3311543
1.5483667 5.2234960
0.6802084 5.0775785
0.8174542 4.3242679
-0.1385344 4.6389132
-0.6753016 4.2082705
-0.2924124 3.8242421
-1.1153034 3.8124869
-1.4221244 3.3570135
-0.9970940 3.1642728
-1.6508294 3.0248673
-1.8166080 2.6105793
-1.4147307 2.5279646
-1.9179701 2.3423769
-2.0013883 1.9885908
-1.6610556 1.9658805
-2.0398052 1.7742040
-2.0741420 1.4791474
-1.8015001 1.4846091
-2.0815189 1.3043621
-2.0941138 1.0635802
-1.8735065 1.0741134
-2.0832887 0.9114912
-2.1029811 0.7112116
-1.9151525 0.7215984
-2.0589623 0.5736036
-2.1643329 0.3975970
-1.9841851 0.4049146
-1.8823740 0.2672399
-2.3700631 0.0920424
-2.2188201 0.0951357
0.0000000 0.0000000
0.0000000 0.0000000
-2.2818565 -0.1296208
-2.0578895 -0.1231709
-1.8438499 -0.3572149
-2.0212836 -0.5376256
-1.8497398 -0.5120186
-1.9209915 -0.7536348
-1.8937973 -0.9428941
-1.7214885 -0.8938889
-1.8258299 -1.1721138
-1.7444081 -1.3708063
-1.5752481 -1.2863873
-1.6471184 -1.6198368
-1.5130137 -1.8281186
-1.3513296 -1.6900568
-1.3633845 -2.0994871
-1.1547039 -2.3095374
-1.0078404 -2.0925760
-0.9264296 -2.5874584
-0.6203070 -2.7833986
-0.4963368 -2.4590511
-0.2978287 -3.0501432
0.1474409 -3.1838377
0.2086058 -2.7380371
0.5950259 -3.3742297
1.1958877 -3.3828936
1.1184931 -2.8125007
1.7799927 -3.3201475
2.3681579 -3.1816471
2.1467123 -2.5322256
3.0132623 -2.7250535
3.5346472 -2.3541024
3.0763619 -1.8124282
4.1791868 -1.5026767
4.4378276 -0.8832303
3.6579742 -0.7068551
4.7213507 0.4909517
4.4503284 1.0146598
3.5917096 0.7427149
4.2290993 1.8602620
3.7140946 2.6307199
2.9663336 1.9992501
3.0817523 2.9807255
2.4186080 3.5106280
1.9730787 2.7855983
1.6639944 3.4711101
1.0752742 3.6339819
0.9378663 3.0367024
0.4406053 3.4084473
0.0055884 3.3117747
0.0787721 2.9044950
-0.4363657 3.0378931
-0.7303559 2.8220761
-0.5458474 2.5699492
-1.0107074 2.5598364
-1.1945946 2.3081439
-0.9550685 2.1634400
-1.3607805 2.0755029
-1.4721000 1.8296872
-1.2273556 1.7529575
-1.5660017 1.6295736
-1.6286581 1.4040518
-1.4077190 1.3666199
-1.6805543 1.2312950
-1.7145224 1.0317916
-1.5218989 1.0136607
-1.7374750 0.8776107
-1.7705768 0.7015406
-1.5971643 0.6932715
-1.7505491 0.5581496
-1.8529940 0.3970426
-1.6797900 0.3942194
-1.6105591 0.2587233
-2.0424731 0.0934258
-1.8965939 0.0929840
0.0000000 0.0000000
0.0000000 0.0000000
-1.8663125 -0.1151000
-1.6675144 -0.1067224
-1.5052149 -0.3266445
-1.6390790 -0.4777271
-1.4896778 -0.4458450
-1.5509759 -0.6757330
-1.5092319 -0.8306253
-1.3613483 -0.7720219
-1.4389534 -1.0315675
-1.3473440 -1.1873380
-1.2047105 -1.0936252
-1.2483687 -1.3932514
-1.1104321 -1.5462079
-0.9760937 -1.4055789
-0.9679917 -1.7529700
-0.7713267 -1.8936135
-0.6479263 -1.6910989
-0.5709405 -2.0872602
-0.3005486 -2.1984196
-0.1941345 -1.9202275
-0.0362603 -2.3507533
0.3185893 -2.4020591
0.3674790 -2.0507736
0.6472049 -2.4456534
1.0618221 -2.4179111
1.0165360 -2.0061755
1.4546940 -2.2817335
1.8304486 -2.1568110
1.6930044 -1.7245933
2.2638474 -1.7535028
2.5490782 -1.4958979
2.2469609 -1.1890351
2.9108982 -0.8990530
3.0379677 -0.5489031
2.5727308 -0.4467351
3.2388971 0.3170163
3.0659642 0.6192613
2.5339928 0.4741707
2.9792552 1.2374636
2.6395936 1.6601607
2.1614668 1.3124381
2.3164024 1.9802245
1.9025000 2.3405008
1.5538409 1.8951294
1.4561622 2.4100511
1.0545188 2.6002119
0.8713961 2.1756153
0.6173741 2.5107017
0.2845657 2.5386519
0.2405844 2.1969416
-0.0741442 2.3723516
-0.3250996 2.2914805
-0.2726709 2.0441432
-0.5876769 2.1008806
-0.7630734 1.9621863
-0.6384896 1.7974281
-0.9434237 1.7742457
-1.0609889 1.6138456
-0.9006993 1.5101576
-1.1794046 1.4389850
-1.2543652 1.2754798
-1.0887320 1.2119855
-1.3302481 1.1148231
-1.3767232 0.9577359
-1.2184920 0.9195935
-1.4205315 0.8089705
-1.4604185 0.6612557
-1.3089862 0.6396194
-1.4587365 0.5194735
-1.5529360 0.3784488
-1.3948849 0.3683287
-1.3498361 0.2397359
-1.7232299 0.0901730
-1.5882422 0.0871510
0.0000000 0.0000000
0.0000000 0.0000000
-1.4998630 -0.0993631
-1.3283857 -0.0901649
-1.2078959 -0.2875250
-1.3078685 -0.4118995
-1.1797521 -0.3782886
-1.2339081 -0.5857517
-1.1868762 -0.7107973
-1.0611200 -0.6505585
-1.1214257 -0.8803887
-1.0307808 -1.0014338
-0.9112440 -0.9092387
-0.9394578 -1.1660875
-0.8107692 -1.2781178
-0.6995530 -1.1473120
-0.6845393 -1.4308137
-0.5111182 -1.5252718
-0.4105966 -1.3482316
-0.3431911 -1.6520007
-0.1195391 -1.7153772
-0.0359114 -1.4877183
0.0875706 -1.7885668
0.3559628 -1.8044049
0.3912131 -1.5355278
0.6033441 -1.7848493
0.8893571 -1.7449756
0.8555329 -1.4505240
1.1617057 -1.5900164
1.4035413 -1.4892278
1.3028886 -1.2041692
1.6897939 -1.1771991
1.8597435 -0.9981590
1.6565810 -0.8058642
2.0877576 -0.5665907
2.1492870 -0.3487909
1.8529338 -0.2836295
2.2819054 0.2158728
2.1727772 0.4184735
1.8279903 0.3324472
2.1391900 0.8603013
1.9193479 1.1230242
1.5941823 0.9098426
1.7366505 1.3851967
1.4639693 1.6295923
1.2041796 1.3434402
1.1897819 1.7314929
0.9114559 1.8923298
0.7431278 1.5949458
0.6154269 1.8743515
0.3660501 1.9382619
0.2883004 1.6735554
0.0969674 1.8463123
-0.1063983 1.8297163
-0.1131982 1.6170518
-0.3255658 1.6997720
-0.4791619 1.6287955
-0.4242081 1.4717504
-0.6453782 1.4849894
-0.7568830 1.3837979
-0.6580759 1.2739670
-0.8763945 1.2382090
-0.9529802 1.1226655
-0.8349720 1.0484927
-1.0368806 0.9807065
-1.0871445 0.8604295
-0.9634144 0.8117309
-1.1406641 0.7230083
-1.1825129 0.6029652
-1.0552539 0.5733926
-1.1923718 0.4685020
-1.2749406 0.3486098
-1.1363469 0.3339413
-1.1090155 0.2154657
-1.4242530 0.0838026
-1.3028893 0.0792995
0.0000000 0.0000000
0.0000000 0.0000000
-1.1856174 -0.0840797
-1.0409493 -0.0749489
-0.9541395 -0.2462252
-1.0277472 -0.3477274
-0.9192880 -0.3153242
-0.9680415 -0.4957671
-0.9217654 -0.5960264
-0.8157814 -0.5393018
-0.8646138 -0.7354849
-0.7817429 -0.8293787
-0.6820010 -0.7453765
-0.7028027 -0.9579580
-0.5894215 -1.0406656
-0.4985137 -0.9258785
-0.4831601 -1.1509159
-0.3378416 -1.2152858
-0.2576305 -1.0670958
-0.2016161 -1.2941264
-0.0244161 -1.3308294
0.0379868 -1.1500969
0.1362787 -1.3573900
0.3349549 -1.3579696
0.3572110 -1.1554879
0.5185422 -1.3110378
0.7153333 -1.2719113
0.6890874 -1.0621927
0.9102888 -1.1297262
1.0698491 -1.0498986
0.9926639 -0.8587235
1.2610687 -0.8109940
1.3682381 -0.6844719
1.2254301 -0.5581135
1.5193790 -0.3702979
1.5502967 -0.2224189
1.3509589 -0.1798871
1.6389036 0.1584289
1.5686259 0.3036551
1.3347156 0.2505696
1.5555832 0.6214769
1.4113811 0.7975727
1.1819024 0.6604854
1.3030437 1.0066004
1.1176026 1.1766813
0.9242858 0.9858271
0.9436789 1.2803339
0.7470530 1.4063332
0.6067856 1.1970167
0.5451204 1.4229825
0.3603570 1.4902021
0.2780305 1.2908678
0.1635194 1.4443035
0.0030935 1.4553400
-0.0261994 1.2831705
-0.1693544 1.3698540
-0.2979684 1.3368074
-0.2802361 1.1998507
-0.4390483 1.2300607
-0.5368187 1.1669399
-0.4796945 1.0641426
-0.6452199 1.0498191
-0.7169432 0.9686732
-0.6344528 0.8944695
-0.7968691 0.8473594
-0.8456045 0.7562137
-0.7510442 0.7049119
-0.9003955 0.6337669
-0.9395701 0.5373037
-0.8356091 0.5047454
-0.9552956 0.4139715
-1.0249512 0.3135873
-0.9066485 0.2969469
-0.8921606 0.1900521
-1.1523304 0.0757544
-1.0449945 0.0707714
0.0000000 0.0000000
0.0000000 0.0000000
-0.9214604 -0.0702783
-0.8013978 -0.0619326
-0.7417504 -0.2069678
-0.7950982 -0.2895949
-0.7037967 -0.2603733
-0.7486449 -0.4129480
-0.7062095 -0.4935532
-0.6176864 -0.4431465
-0.6588882 -0.6062176
-0.5872307 -0.6796358
-0.5044137 -0.6069061
-0.5216625 -0.7784415
-0.4265270 -0.8403437
-0.3523416 -0.7439003
-0.3405033 -0.9184332
-0.2228057 -0.9634385
-0.1598748 -0.8432255
-0.1155384 -1.0100100
0.0205297 -1.0319231
0.0664221 -0.8917009
0.1442746 -1.0334368
0.2894910 -1.0278945
0.3031496 -0.8770220
0.4249102 -0.9726693
0.5622492 -0.9381175
0.5391398 -0.7883734
0.7021043 -0.8171057
0.8089914 -0.7537371
0.7494760 -0.6234716
0.9412371 -0.5709601
1.0109447 -0.4783728
0.9065723 -0.3927726
1.1124057 -0.2468953
1.1300213 -0.1403289
0.9884746 -0.1115289
1.1901575 0.1253151
1.1425873 0.2346121
0.9784192 0.2002062
1.1390115 0.4654327
1.0422291 0.5908414
0.8761553 0.4999582
0.9748361 0.7553536
0.8474872 0.8777672
0.7006812 0.7473866
0.7342334 0.9719000
0.5934219 1.0691575
0.4805824 0.9203144
0.4554815 1.1003067
0.3182108 1.1605437
0.2432453 1.0121642
0.1752945 1.1416897
0.0521360 1.1628330
0.0146692 1.0281539
-0.0797365 1.1080533
-0.1841162 1.0951909
-0.1842685 0.9818594
-0.2970611 1.0168942
-0.3791427 0.9777776
-0.3471194 0.8884619
-0.4710999 0.8852333
-0.5328307 0.8277031
-0.4764101 0.7605974
-0.6029268 0.7265506
-0.6472742 0.6569026
-0.5745257 0.6088117
-0.6963710 0.5504755
-0.7306240 0.4726872
-0.6467205 0.4412405
-0.7480838 0.3624954
-0.8040686 0.2783127
-0.7050187 0.2618009
-0.7000086 0.1664812
-0.9096550 0.0673577
-0.8152381 0.0625799
0.0000000 0.0000000
0.0000000 0.0000000
-0.7021983 -0.0586227
-0.6035011 -0.0514578
-0.5661975 -0.1721651
-0.6040062 -0.2399087
-0.5272503 -0.2148817
-0.5689207 -0.3413209
-0.5323297 -0.4066615
-0.4581840 -0.3639670
-0.4948380 -0.4965679
-0.4352012 -0.5549724
-0.3667197 -0.4944604
-0.3830921 -0.6301860
-0.3064851 -0.6776403
-0.2458071 -0.5994880
-0.2386918 -0.7322587
-0.1466753 -0.7648902
-0.0969781 -0.6701313
-0.0643987 -0.7906787
0.0381880 -0.8043286
0.0713719 -0.6972936
0.1316091 -0.7933747
0.2362086 -0.7854246
0.2447535 -0.6740831
0.3363846 -0.7315325
0.4327659 -0.7018972
0.4125622 -0.5948942
0.5321320 -0.6017063
0.6061451 -0.5510673
0.5577459 -0.4605343
0.6982203 -0.4096823
0.7434093 -0.3389902
0.6655068 -0.2803103
0.8144944 -0.1665301
0.8246873 -0.0854195
0.7201514 -0.0654423
0.8647076 0.1058420
0.8331508 0.1909895
0.7122871 0.1681728
0.8332590 0.3613398
0.7665085 0.4556066
0.6437529 0.3938120
0.7246286 0.5842415
0.6356952 0.6760474
0.5230453 0.5856756
0.5600389 0.7572951
0.4600740 0.8331167
0.3684075 0.7269166
0.3651345 0.8686140
0.2635135 0.9200429
0.1993194 0.8104301
0.1616863 0.9162759
0.0680645 0.9400550
0.0308490 0.8369951
-0.0306946 0.9055588
-0.1116623 0.9030908
-0.1211543 0.8132606
-0.1990666 0.8461488
-0.2655541 0.8217692
-0.2474821 0.7483704
-0.3384884 0.7492374
-0.3891319 0.7077415
-0.3501171 0.6511588
-0.4469177 0.6244900
-0.4835243 0.5701421
-0.4282893 0.5289938
-0.5243143 0.4791707
-0.5525671 0.4154189
-0.4844767 0.3878103
-0.5678287 0.3184060
-0.6108573 0.2465618
-0.5279642 0.2317868
-0.5309947 0.1468138
-0.6946196 0.0598358
-0.6110502 0.0557575
0.0000000 0.0000000
0.0000000 0.0000000
-0.5211974 -0.0492775
-0.4398972 -0.0435094
-0.4216516 -0.1428380
-0.4473086 -0.1994738
-0.3824609 -0.1790131
-0.4222115 -0.2822345
-0.3921755 -0.3362723
-0.3295650 -0.3016548
-0.3635307 -0.4077948
-0.3162080 -0.4554338
-0.2588165 -0.4070614
-0.2763783 -0.5124056
-0.2167728 -0.5501691
-0.1671218 -0.4887789
-0.1653638 -0.5881010
-0.0961141 -0.6127074
-0.0562511 -0.5401793
-0.0343658 -0.6257440
0.0410055 -0.6346065
0.0657267 -0.5546874
0.1093226 -0.6179786
0.1845357 -0.6095491
0.1885854 -0.5281559
0.2570824 -0.5605372
0.3236751 -0.5346991
0.3063730 -0.4586891
0.3948803 -0.4528254
0.4459756 -0.4110688
0.4061005 -0.3478297
0.5090607 -0.3003512
0.5399402 -0.2441253
0.4781263 -0.2031887
0.5893542 -0.1129949
0.5945229 -0.0478479
0.5149643 -0.0341344
0.6229792 0.0933096
0.6013641 0.1626626
0.5089843 0.1473625
0.6017737 0.2910571
0.5568013 0.3654291
0.4615106 0.3230826
0.5302185 0.4664709
0.4676784 0.5386450
0.3797485 0.4755297
0.4180669 0.6068901
0.3470178 0.6678780
0.2723968 0.5923359
0.2814513 0.7028683
0.2085090 0.7465151
0.1528272 0.6666659
0.1367382 0.7509093
0.0669372 0.7743141
0.0330532 0.6971669
-0.0041527 0.7530286
-0.0653787 0.7560178
-0.0783951 0.6871101
-0.1308441 0.7146243
-0.1813756 0.6991945
-0.1727000 0.6418539
-0.2367265 0.6425812
-0.2763827 0.6118990
-0.2488248 0.5670993
-0.3202339 0.5437134
-0.3483617 0.5004295
-0.3062888 0.4680222
-0.3794881 0.4232233
-0.3999442 0.3696417
-0.3451651 0.3483122
-0.4106036 0.2849343
-0.4415039 0.2215230
-0.3713709 0.2096881
-0.3808360 0.1330367
-0.5037587 0.0535903
-0.4259428 0.0497497
0.0000000 0.0000000
0.0000000 0.0000000
-0.3712623 -0.0421728
-0.3030158 -0.0377187
-0.3020136 -0.1193722
-0.3182589 -0.1683253
-0.2622578 -0.1524921
-0.3014318 -0.2357280
-0.2779301 -0.2821214
-0.2242193 -0.2552311
-0.2574899 -0.3391864
-0.2220129 -0.3794896
-0.1727224 -0.3422904
-0.1930136 -0.4229963
-0.1489495 -0.4544468
-0.1071140 -0.4078059
-0.1120260 -0.4806812
-0.0616606 -0.5005749
-0.0297083 -0.4461929
-0.0174773 -0.5058603
0.0354703 -0.5119031
0.0545585 -0.4532120
0.0843082 -0.4934523
0.1366095 -0.4849212
0.1381782 -0.4261064
0.1867165 -0.4414526
0.2329036 -0.4184805
0.2162108 -0.3643371
0.2819663 -0.3510305
0.3160070 -0.3147643
0.2825605 -0.2706671
0.3596458 -0.2271367
0.3802615 -0.1795804
0.3291761 -0.1507522
0.4129325 -0.0774916
0.4167228 -0.0224642
0.3516791 -0.0126275
0.4364780 0.0849509
0.4210737 0.1444129
0.3476959 0.1340904
0.4229283 0.2431330
0.3925564 0.3053991
0.3155828 0.2764719
0.3751572 0.3859457
0.3331900 0.4456172
0.2604270 0.4016996
0.3009490 0.5027690
0.2512969 0.5539451
0.1892780 0.5002971
0.2080017 0.5862866
0.1567413 0.6242173
0.1083096 0.5665264
0.1072720 0.6328422
0.0580930 0.6548892
0.0262415 0.5980793
0.0085513 0.6423607
-0.0360622 0.6480305
-0.0499242 0.5961747
-0.0819711 0.6178462
-0.1187557 0.6080568
-0.1154070 0.5644457
-0.1585963 0.5637895
-0.1867131 0.5405913
-0.1678243 0.5068579
-0.2176319 0.4848811
-0.2368113 0.4501850
-0.2049467 0.4271077
-0.2569347 0.3849523
-0.2684869 0.3396899
-0.2256129 0.3266174
-0.2719610 0.2655372
-0.2880176 0.2085204
-0.2320540 0.2006698
-0.2400041 0.1290803
-0.3303960 0.0452337
-0.2572381 0.0325262
0.0000000 0.0000000
0.0000000 0.0000000
-0.2450109 -0.0371620
-0.1850586 -0.0339908
-0.2016076 -0.1016033
-0.2100267 -0.1460490
-0.1599243 -0.1343533
-0.2001415 -0.2014915
-0.1831447 -0.2434931
-0.1353060 -0.2226558
-0.1701665 -0.2893479
-0.1453901 -0.3257234
-0.1020055 -0.2963511
-0.1262296 -0.3593035
-0.0964534 -0.3873665
-0.0597216 -0.3503349
-0.0717520 -0.4056363
-0.0380056 -0.4232089
-0.0109710 -0.3797659
-0.0093591 -0.4234557
0.0261403 -0.4284162
0.0404669 -0.3817680
0.0579895 -0.4094523
0.0918231 -0.4010484
0.0919602 -0.3552041
0.1247999 -0.3625769
0.1548862 -0.3413261
0.1389327 -0.2997170
0.1859208 -0.2845489
0.2085464 -0.2515242
0.1776001 -0.2178976
0.2365434 -0.1800658
0.2489532 -0.1370610
0.2051735 -0.1150459
0.2707162 -0.0556276
0.2732707 -0.0057812
0.2171787 0.0022902
0.2852444 0.0790921
0.2762830 0.1329211
0.2128897 0.1258865
0.2782919 0.2113695
0.2582926 0.2669981
0.1932025 0.2456720
0.2487265 0.3324603
0.2216291 0.3851666
0.1587750 0.3520799
0.2013885 0.4338139
0.1695555 0.4789092
0.1146042 0.4372986
0.1424876 0.5086403
0.1084061 0.5426124
0.0654617 0.4962713
0.0772645 0.5534811
0.0445089 0.5741236
0.0149509 0.5269179
0.0121664 0.5675884
-0.0173502 0.5741673
-0.0318936 0.5296249
-0.0473171 0.5523338
-0.0721240 0.5455968
-0.0714673 0.5073167
-0.0978561 0.5110446
-0.1160019 0.4930313
-0.1023806 0.4634400
-0.1355573 0.4479404
-0.1454428 0.4207944
-0.1218936 0.4017984
-0.1555278 0.3661846
-0.1555455 0.3313323
-0.1286944 0.3212778
-0.1523729 0.2632366
-0.1396884 0.2251395
-0.1298641 0.1957871
-0.1099311 0.1281892
-0.1056097 0.0936017
-0.1399418 -0.0641589
0.0000000 0.0000000
0.0000000 0.0000000
-0.1348954 -0.0344676
-0.0795700 -0.0325360
-0.1146155 -0.0895153
-0.1159759 -0.1330874
-0.0696364 -0.1173205
-0.1123000 -0.1796055
-0.1018131 -0.2211620
-0.0572216 -0.1899734
-0.0952145 -0.2585015
-0.0806418 -0.2951547
-0.0407489 -0.2490511
-0.0708290 -0.3208181
-0.0533817 -0.3496372
-0.0208167 -0.2902568
-0.0402983 -0.3614181
-0.0213038 -0.3801107
0.0019740 -0.3104510
-0.0057953 -0.3760256
0.0142941 -0.3823314
0.0256601 -0.3095577
0.0310094 -0.3618131
0.0504112 -0.3550180
0.0484852 -0.2853292
0.0680845 -0.3187163
0.0847414 -0.2988821
0.0692760 -0.2378138
0.1017065 -0.2483906
0.1148032 -0.2166854
0.0854039 -0.1690709
0.1292193 -0.1549873
0.1368887 -0.1134372
0.0957879 -0.0834424
0.1489341 -0.0447449
0.1500026 0.0039610
0.0997246 0.0132838
0.1575935 0.0743478
0.1529478 0.1271663
0.0956765 0.1144878
0.1540861 0.1929058
0.1437906 0.2466600
0.0845567 0.2120781
0.1393488 0.3027326
0.1241493 0.3529565
0.0678686 0.2984295
0.1142237 0.3962745
0.0965090 0.4385929
0.0467256 0.3676825
0.0821144 0.4673243
0.0632893 0.4986179
0.0237666 0.4158946
0.0466705 0.5121006
0.0280046 0.5306740
0.0011031 0.4413154
0.0108120 0.5294052
-0.0060128 0.5346496
-0.0197568 0.4453154
-0.0224077 0.5200636
-0.0363799 0.5129230
-0.0369855 0.4302604
-0.0504743 0.4871074
-0.0605236 0.4703057
-0.0490060 0.3983563
-0.0709335 0.4351133
-0.0741283 0.4135523
-0.0539268 0.3566035
-0.0791805 0.3684613
-0.0612248 0.3566245
-0.0591709 0.3087571
-0.0749389 0.2702044
0.0491353 0.3433569
-0.1306710 0.2145596
-0.0319364 0.0673795
0.3945271 0.3699460
-0.2325615 -0.2354091
0.0000000 0.0000000
0.0000000 0.0000000
-0.0292855 -0.0360181
0.0000000 0.0000000
-0.0294610 -0.0863054
-0.0267381 -0.1398716
0.0000000 0.0000000
-0.0268062 -0.1812297
-0.0237165 -0.2312158
0.0000000 0.0000000
-0.0226133 -0.2654125
-0.0189677 -0.3071598
0.0000000 0.0000000
-0.0169778 -0.3317915
-0.0126045 -0.3624607
0.0000000 0.0000000
-0.0099276 -0.3752114
-0.0049605 -0.3924384
0.0000000 0.0000000
-0.0013561 -0.3910312
0.0034636 -0.3928618
0.0000000 0.0000000
0.0074610 -0.3768473
0.0120777 -0.3628715
0.0000000 0.0000000
0.0160194 -0.3324908
0.0200179 -0.3032879
0.0000000 0.0000000
0.0240708 -0.2600234
0.0269727 -0.2171806
0.0000000 0.0000000
0.0306824 -0.1638340
0.0324895 -0.1096928
0.0000000 0.0000000
0.0352638 -0.0501857
0.0354447 0.0122074
0.0000000 0.0000000
0.0378970 0.0728715
0.0361123 0.1398927
0.0000000 0.0000000
0.0374607 0.1966562
0.0342100 0.2636430
0.0000000 0.0000000
0.0340606 0.3122372
0.0295589 0.3742902
0.0000000 0.0000000
0.0284107 0.4114366
0.0229518 0.4641559
0.0000000 0.0000000
0.0208457 0.4878207
0.0150183 0.5279756
0.0000000 0.0000000
0.0121588 0.5373530
0.0063851 0.5631115
0.0000000 0.0000000
0.0032075 0.5584001
-0.0021000 0.5691686
0.0000000 0.0000000
-0.0052489 0.5518651
-0.0095275 0.5483806
0.0000000 0.0000000
-0.0122278 0.5211877
-0.0156365 0.5053437
0.0000000 0.0000000
-0.0179379 0.4721498
-0.0220623 0.4470429
0.0000000 0.0000000
-0.0312885 0.4081772
0.0019619 0.4322072
0.0000000 0.0000000
-0.1139474 0.2847968
0.2486510 0.7208085
0.0000000 0.0000000
-0.2899784 -0.1098855
1.3421421 1.3897505
0.0000000 0.0000000
0.0000000 0.0000000
-37.16651
-37.36953
-38.87377
-41.18655
-44.59313
-49.20649
-55.22067
-63.06738
-73.51222
-88.64308
-115.117
-168.2641
-243.0895
-42.25779
-70.86195
-35.75782
-30.39381
-27.46712
-25.65816
-24.37305
-23.4378
-22.71991
-22.22113
-21.93527
-21.82611
-22.03955
-37.40163
-37.58899
-39.02757
-41.39751
-44.82709
-49.48449
-55.57306
-63.42396
-73.57914
-87.30657
-109.3507
-168.9837
-185.8927
-3.252897
-74.08144
-36.85836
-30.06939
-27.67995
-26.09489
-24.80501
-23.77806
-22.97606
-22.40812
-22.06233
-21.89359
-22.00309
-37.81671
-38.08348
-39.54174
-42.01379
-45.6261
-50.56707
-57.01144
-65.07714
-74.65175
-84.67672
-90.4183
-86.55232
-95.518
18.37934
-17.8304
-29.2516
-29.68693
-28.88592
-27.61756
-26.30743
-24.99092
-23.90592
-23.11769
-22.64185
-22.36356
-22.39917
-38.2625
-38.61857
-40.13892
-42.80229
-46.75041
-52.25977
-59.55314
-68.66375
-78.89811
-88.09073
-86.31379
-74.08521
-29.80168
38.07173
-3.87192
-23.72628
-31.47927
-32.25252
-30.88132
-28.92929
-26.95304
-25.37417
-24.23966
-23.53591
-23.12958
-23.09185
-38.52656
-38.95247
-40.55446
-43.47387
-47.93703
-54.35194
-63.08504
-74.42335
-88.43218
-102.6754
-96.54641
-68.37103
-32.57109
-3.01876
-18.10688
-38.45955
-44.1659
-39.56932
-36.74862
-32.83939
-29.56488
-27.2228
-25.61485
-24.6004
-24.03516
-23.91714
-38.32333
-38.79245
-40.45276
-43.59921
-48.63748
-56.34949
-67.77108
-83.3625
-106.0348
-131.4641
-121.553
-98.53601
-73.36766
-63.51374
-48.47691
-68.15348
-70.35024
-54.24734
-44.81769
-37.63754
-32.57424
-29.21198
-27.00466
-25.62343
-24.8772
-24.6699
-37.33598
-37.82929
-39.48399
-42.72894
-48.15834
-56.95841
-71.60381
-95.46778
-131.4281
-157.0678
-150.9983
-135.3238
-107.2271
-92.31809
-90.24456
-97.32734
-94.50425
-73.62802
-53.55499
-42.29239
-35.3619
-30.91142
-28.06623
-26.31864
-25.39741
-25.11285
-35.27143
-35.76713
-37.3249
-40.43925
-45.80679
-54.81644
-70.66279
-101.9844
-151.4435
-173.1268
-175.5761
-172.7187
-140.5988
-118.2029
-117.2695
-119.8752
-112.0005
-88.35407
-60.3874
-45.61689
-37.07086
-31.75518
-28.4108
-26.3812
-25.31819
-24.99532
-32.03753
-32.40729
-33.76234
-36.48555
-41.20359
-49.26534
-63.74966
-95.29508
-147.3731
-181.8006
-185.1409
-170.4095
-134.803
-130.278
-129.5064
-129.7187
-118.2097
-91.84744
-62.25839
-46.24488
-36.97467
-31.29148
-27.74402
-25.59014
-24.44293
-24.13222
-27.80357
-27.99951
-29.01887
-31.05788
-34.60604
-40.71761
-50.8702
-72.7384
-117.4819
-157.5191
-143.8778
-137.3307
-116.5269
-127.6419
-135.2728
-134.5338
-113.2035
-83.57704
-57.99657
-43.2125
-34.56949
-29.27573
-25.94784
-23.90806
-22.80817
-22.523
-22.8629
-22.93228
-23.50458
-24.69365
-26.74644
-30.34678
-36.40637
-48.13052
-67.41291
-78.6339
-64.67731
-59.86603
-65.64548
-89.73704
-125.7923
-120.3821
-95.92296
-66.35995
-47.80222
-36.89468
-30.14898
-25.87134
-23.12484
-21.41694
-20.48671
-20.24594
-17.58004
-17.53711
-17.65125
-17.97509
-18.55914
-19.6181
-20.92586
-23.45134
-23.95104
-28.15377
-14.92202
-13.24362
-15.15915
-37.1857
-63.47261
-80.55031
-61.5594
-44.07725
-34.88322
-28.69789
-24.43382
-21.51727
-19.56009
-18.31336
-17.62346
-17.44226
-12.31073
-12.17806
-11.89605
-11.46265
-10.77813
-9.733047
-7.740079
-4.86967
0.6613837
4.800095
18.11961
24.82133
28.17748
3.848257
-19.0967
-27.78766
-27.23555
-25.04086
-22.42627
-20.13996
-18.23121
-16.71699
-15.60105
-14.8514
-14.42067
-14.301
-7.347878
-7.158462
-6.591514
-5.613915
-4.08211
-1.794791
1.729865
6.577138
13.90999
23.37829
35.58441
46.42416
44.28795
34.32307
17.6298
2.31223
-6.251363
-10.32403
-11.94307
-12.36925
-12.26512
-11.93511
-11.57303
-11.27928
-11.08749
-11.02214
-2.896219
-2.682994
-1.964003
-0.7021816
1.213102
3.937452
7.736989
12.7968
19.5261
28.03773
36.1388
41.55125
40.84264
34.72638
25.07256
13.87946
5.170801
-0.5852984
-4.012822
-5.956332
-7.000087
-7.514319
-7.731224
-7.803248
-7.806533
-7.783896
0.9354626
1.14935
1.906334
3.232218
5.196729
7.884777
11.41233
15.88355
21.29733
27.25098
32.67378
35.80842
35.51764
31.4854
25.08494
17.54292
10.68245
5.331159
1.545153
-0.9929344
-2.628528
-3.644302
-4.244223
-4.573819
-4.718593
-4.725124
4.123955
4.32589
5.048444
6.298235
8.113224
10.52873
13.56494
17.21168
21.322
25.4648
28.91524
30.80965
30.55351
27.88094
23.52077
18.30651
13.17227
8.753956
5.272915
2.689851
0.8558959
-0.3921623
-1.200822
-1.684283
-1.918027
-1.941796
6.705289
6.88574
7.538101
8.648915
10.22647
12.27617
14.77074
17.62967
20.65657
23.52121
25.7517
26.90466
26.64101
24.80697
21.77124
18.0622
14.23242
10.71307
7.729682
5.356021
3.558519
2.262057
1.376944
0.8227286
0.5420035
0.5080111
8.744831
8.897998
9.465606
10.4228
11.75249
13.43523
15.42542
17.61877
19.8339
21.82553
23.29607
23.99616
23.72692
22.40639
20.22942
17.51997
14.62467
11.83711
9.353097
7.276155
5.63007
4.390145
3.509373
2.938258
2.638717
2.59789
10.3165
10.44431
10.92662
11.73642
12.84325
14.20859
15.77582
17.44609
19.07387
20.47903
21.46836
21.88808
21.62009
20.62147
19.00204
16.96251
14.72867
12.50634
10.45531
8.677061
7.214619
6.071283
5.231516
4.671917
4.370828
4.326165
11.49314
11.60282
12.01065
12.69027
13.60826
14.71883
15.95976
17.2427
18.45527
19.46737
20.14799
20.39536
20.13503
19.34508
18.09249
16.50592
14.73874
12.93977
11.2342
9.710052
8.415521
7.37129
6.583422
6.047475
5.754076
5.707041
12.34337
12.44218
12.79124
13.36548
14.13194
15.04583
16.04698
17.05747
17.98744
18.74059
19.22401
19.36659
19.11855
18.46787
17.45928
16.17961
14.73684
13.24163
11.79181
10.4621
9.302927
8.345864
7.609333
7.100018
6.817175
6.764238
12.92856
13.02093
13.32644
13.822
14.47607
15.24673
16.07937
16.90602
17.65206
18.2413
18.60356
18.68507
18.45074
17.89348
17.04509
15.96819
14.74284
13.45415
12.18142
10.99095
9.933817
9.046426
8.353353
7.867517
7.590258
7.530946
13.29918
13.38713
13.66249
14.10419
14.68316
15.36018
16.08555
16.7978
17.43259
17.92559
18.21891
18.26826
18.04627
17.54873
16.80027
15.84936
14.75984
13.60153
12.44218
11.34327
10.35527
9.515536
8.851822
8.382853
8.110092
7.984452
13.48969
13.57688
13.83481
14.24595
14.78393
15.41187
16.08331
16.73875
17.31938
17.76667
18.02843
18.0649
17.85233
17.38771
16.69251
15.80822
14.7903
13.70074
12.60097
11.55051
10.59821
9.781057
9.126877
8.648389
8.289448
7.413699
13.51332
13.60648
13.86004
14.26464
14.79555
15.41635
16.08001
16.72954
17.30556
17.74997
18.01137
18.05048
17.84429
17.3902
16.70877
15.83995
14.83743
13.76173
12.6736
11.63021
10.67968
9.859073
9.194544
8.648275
7.398385
0
