0.0000000 0.0000000
0.0000000 0.0000000
0.0000000 0.0000000
0.0000000 0.0000000
0.0000000 0.0000000
0.0000000 0.0000000
0.0000000 0.0000000
0.0000000 0.0000000
0.0000000 0.0000000
0.0000000 0.0000000
0.0000000 0.0000000
0.0000000 0.0000000
0.0000000 0.0000000
0.0000000 0.0000000
0.0000000 0.0000000
0.0000000 0.0000000
0.0000000 0.0000000
0.0000000 0.0000000
0.0000000 0.0000000
0.0000000 0.0000000
0.0000000 0.0000000
0.0000000 0.0000000
0.0000000 0.0000000
0.0000000 0.0000000
0.0000000 0.0000000
0.0000000 0.0000000
0.0000000 0.0000000
-1.0942620 0.6216888
-0.8022633 1.5178701
-0.8538896 2.3566642
-0.9428742 3.2582359
-1.0400673 4.2381668
-1.1554707 5.3054309
-1.3000476 6.4770689
-1.5293344 7.7787852
-2.0390711 9.2682867
-3.2630122 11.2288780
-7.0409622 13.5702848
8.9454155 13.1149359
12.1385956 -12.1672325
-6.5295243 -8.2813482
-2.3173907 -7.3473759
-1.0642869 -5.6644368
-0.7985746 -4.8554840
-0.7053156 -4.1272759
-0.6392235 -3.4322634
-0.6020095 -2.7739205
-0.5702571 -2.1559749
-0.5387011 -1.5768268
-0.5137732 -1.0383838
-0.6223689 -0.4470970
0.0000000 0.0000000
0.0000000 0.0000000
-2.0936947 0.6621893
-1.6289062 1.4881629
-1.7390499 2.3267951
-1.8737712 3.2119424
-2.0483234 4.1797090
-2.2502482 5.2349086
-2.4887159 6.3709998
-2.8240764 7.5447130
-3.4920814 8.6403532
-4.9689021 8.8813868
3.0518556 8.0295668
17.0410976 8.1788673
27.6018829 -2.5805180
8.2820377 -4.6522207
-3.0608711 -5.8385611
-1.7697238 -5.3562431
-1.4599560 -4.6806006
-1.3833053 -4.0231895
-1.3277653 -3.3529418
-1.2557690 -2.7051725
-1.1808432 -2.1007290
-1.1131262 -1.5264654
-1.0530913 -1.0084831
-1.2660370 -0.4361097
0.0000000 0.0000000
0.0000000 0.0000000
-2.8830259 0.6431769
-2.4212000 1.3618959
-2.5712810 2.1646352
-2.7727292 3.0296462
-3.0245719 3.9964309
-3.3029606 5.0619884
-3.5977592 6.2238803
-3.8726296 7.3739800
-4.2108302 8.1448841
-4.7879844 8.3752451
-5.4250965 6.4309464
20.6562862 5.8058147
34.1791039 -6.9845715
-0.2830256 -3.2472064
-1.9031650 -5.9755149
-2.3553193 -5.7950306
-2.2115843 -4.8276687
-2.0640891 -4.0261569
-2.0153620 -3.2998426
-1.9014407 -2.6287544
-1.7715544 -2.0218449
-1.6624451 -1.4567074
-1.5725386 -0.9490578
-1.7876562 -0.4246099
0.0000000 0.0000000
0.0000000 0.0000000
-3.4658864 0.6014147
-3.1633663 1.2077655
-3.3553340 1.9301521
-3.6645780 2.7305005
-4.0282340 3.6786377
-4.3851938 4.8258066
-4.7243185 6.1073065
-5.1787329 7.6167870
-5.1988611 8.8139029
-2.6581736 7.1897216
5.6690106 -4.0318074
15.0657835 2.2847981
31.4136276 -4.3170056
3.3875206 -3.1471064
-0.6102158 -6.1444755
-3.0556529 -6.4241529
-3.4240026 -5.4199195
-2.9453104 -4.1267610
-2.7893744 -3.2411325
-2.5591199 -2.5232809
-2.3489351 -1.9037035
-2.1823380 -1.3561616
-2.0693812 -0.8664348
-2.1907830 -0.3962618
0.0000000 0.0000000
0.0000000 0.0000000
-3.8425882 0.5356392
-3.7973621 1.0317103
-4.0566726 1.6390913
-4.4891024 2.3357205
-5.0544300 3.1828012
-5.6814733 4.2959714
-6.2579808 5.8884215
-7.5300522 7.9053326
-3.4658558 6.5373402
1.6420101 3.6331005
11.2994518 -3.6199820
15.6959476 0.9547358
31.9142361 -3.5303726
6.7435985 -3.3752191
0.8950330 -5.1860127
-3.1384451 -6.0473661
-5.1101103 -5.3347239
-4.1633525 -4.0137577
-3.6515009 -3.0638075
-3.2255533 -2.3188055
-2.9002166 -1.7104412
-2.6609669 -1.2011467
-2.5157614 -0.7530705
-2.4908519 -0.3472686
0.0000000 0.0000000
0.0000000 0.0000000
-4.0441880 0.4430991
-4.2714124 0.8218771
-4.6217780 1.2917188
-5.1812453 1.8495400
-5.9670153 2.5446253
-7.0097370 3.4876695
-8.6010122 4.7769604
-6.7025414 5.7797232
-1.1115254 4.5278530
5.4600782 1.0622834
14.3509560 -4.7806392
19.4171104 0.2287943
31.2197304 -3.0171652
9.7988501 -2.8439531
2.7634110 -4.1512332
-2.6258357 -5.0892844
-6.0796065 -4.0023465
-5.4907060 -3.4050884
-4.4774675 -2.6403003
-3.8416772 -1.9475253
-3.3890305 -1.4052833
-3.0732601 -0.9721035
-2.8799074 -0.6009344
-2.7069149 -0.2780569
0.0000000 0.0000000
0.0000000 0.0000000
-4.1189208 0.3173513
-4.5731411 0.5614599
-5.0055051 0.8694652
-5.6657724 1.2639638
-6.6586041 1.7677908
-8.2092218 2.4864545
-10.0752792 2.2335503
-5.1943760 2.8776712
0.1464909 2.7392313
7.2253304 0.7030231
17.3709774 -5.1347880
22.9569035 -2.4546175
28.6998234 -3.1755271
11.6325979 -2.5907621
3.6856716 -3.2428906
-2.6940532 -3.3630669
-6.3032875 -2.3009808
-6.6180763 -2.2539015
-5.1421585 -1.8690692
-4.3193645 -1.3758806
-3.7648692 -0.9825898
-3.3864589 -0.6735718
-3.1412585 -0.4137625
-2.8510334 -0.1906070
0.0000000 0.0000000
0.0000000 0.0000000
-4.1127834 0.1678438
-4.7004924 0.2398447
-5.1782846 0.3263273
-5.8877196 0.4471914
-6.9628730 0.5443109
-8.8355045 0.8885040
-10.5296812 0.0392396
-5.0641232 0.0634730
1.4918995 -0.1626454
7.2574291 0.1439574
19.3504181 -5.4817657
26.8305244 -4.0934272
23.8636761 -3.0686860
11.7207537 -2.1478629
5.0759950 -2.0707002
-2.6554978 -1.5994570
-6.8637471 -0.9227583
-7.1984043 -0.8293757
-5.5207295 -0.8779547
-4.6056104 -0.6647903
-3.9913657 -0.4813175
-3.5751166 -0.3336178
-3.2945430 -0.2057999
-2.9346075 -0.0903633
0.0000000 0.0000000
0.0000000 0.0000000
-4.0815678 0.0081058
-4.6611824 -0.1093024
-5.1087723 -0.2531818
-5.7756414 -0.4274856
-6.7868910 -0.7943206
-8.6941738 -1.2555153
-10.2031775 -2.9381783
-3.3270881 -3.2328618
1.4652184 -2.6447475
9.3110390 -2.2666874
20.2927399 -6.9961367
29.6240368 -5.1845660
20.8440361 -3.0435953
10.3571415 -1.3339444
4.8674498 -1.0031769
-2.8897436 -0.0186260
-7.6050329 0.6614712
-6.9631290 0.4720765
-5.5647655 0.1939153
-4.6550150 0.0852417
-4.0434809 0.0349071
-3.6287470 0.0112585
-3.3462164 0.0049859
-2.9782045 0.0092920
0.0000000 0.0000000
0.0000000 0.0000000
-3.9454756 -0.1436691
-4.4428129 -0.4182228
-4.8101926 -0.7558256
-5.3411322 -1.1850828
-6.1052542 -1.9031794
-7.4607315 -2.8979900
-8.1826506 -5.3011975
-3.2075868 -7.0253968
3.1420038 -7.4331384
13.1737328 -7.3276687
18.8198891 -5.6676736
27.5390587 -4.8073878
17.9627552 -2.1397624
9.3957243 0.6809726
3.1754215 0.5155383
-4.1400018 2.2544558
-7.9923229 3.2152464
-6.4173303 1.7872177
-5.2675166 1.1509259
-4.4642310 0.7653683
-3.9174063 0.5078970
-3.5442200 0.3293725
-3.2865486 0.2009703
-2.9331310 0.1003147
0.0000000 0.0000000
0.0000000 0.0000000
-3.6743388 -0.2670949
-4.0799475 -0.6583495
-4.3376145 -1.1314797
-4.6834893 -1.7291425
-5.1307364 -2.6497548
-5.7521734 -3.9502463
-6.2393689 -6.4964027
-3.3978043 -7.8208871
3.1265776 -9.2115450
10.1956844 -7.9188013
16.5076084 -6.2123890
25.4870224 -3.3088775
16.2488937 -0.1042036
9.4246721 2.9364743
2.2168550 4.3003101
-3.9765422 4.7983017
-7.3582435 4.2285638
-5.6172123 2.7073326
-4.7113571 1.8616334
-4.0771909 1.2950590
-3.6401019 0.8917201
-3.3387861 0.5945272
-3.1249475 0.3663003
-2.7966959 0.1758703
0.0000000 0.0000000
0.0000000 0.0000000
-3.3073761 -0.3536976
-3.6220827 -0.8164933
-3.7632248 -1.3630921
-3.9206336 -2.0370033
-4.0727201 -3.0026484
-4.2046738 -4.2410312
-4.2220392 -6.1320405
-2.4400232 -8.1954041
2.7379358 -7.9467807
7.9422455 -6.0397139
13.1008120 -4.6489239
20.0043468 -0.9619295
13.1077147 2.5199752
8.8453465 5.5878820
0.7609395 7.5916924
-3.8923481 7.9943361
-4.7237577 4.8615952
-4.3517637 3.2976217
-3.9152386 2.3128428
-3.5404587 1.6428692
-3.2518160 1.1591301
-3.0420201 0.7876052
-2.8836010 0.4894044
-2.5877635 0.2313091
0.0000000 0.0000000
0.0000000 0.0000000
-2.8868973 -0.4013277
-3.1199098 -0.8908472
-3.1589205 -1.4511778
-3.1603646 -2.1166489
-3.0970659 -2.9750421
-2.9273119 -3.9600341
-2.5022750 -5.3332152
-1.4854693 -6.6216130
1.7760903 -8.0279741
6.0741277 -6.7440104
10.6001511 -4.9327407
13.5170641 -1.2326242
10.7268095 3.6049831
5.7291951 7.4187951
0.5014601 9.1490059
-1.9095213 7.0006862
-2.7162848 4.9055595
-2.9944112 3.4885616
-3.0145738 2.5150721
-2.9201965 1.8224138
-2.7973690 1.3089045
-2.6873834 0.9034876
-2.5881000 0.5661620
-2.3289220 0.2652282
0.0000000 0.0000000
0.0000000 0.0000000
-2.4512167 -0.4133718
-2.6169732 -0.8916824
-2.5786772 -1.4179229
-2.4683743 -2.0117176
-2.2550392 -2.7006314
-1.8830739 -3.4491901
-1.2423663 -4.2752905
-0.0327157 -5.0517011
1.8622704 -5.5642900
4.2417660 -5.1975503
6.8589616 -3.0465221
8.4020939 0.1545079
6.6943054 4.4042101
3.7206893 6.6536665
1.2706000 6.2137971
-0.5458694 5.3545012
-1.4683983 4.2654128
-1.9668585 3.2758689
-2.2102103 2.4813285
-2.3105605 1.8499475
-2.3275237 1.3552824
-2.3085103 0.9491093
-2.2643182 0.5994515
-2.0425241 0.2793394
0.0000000 0.0000000
0.0000000 0.0000000
-2.0303481 -0.3973043
-2.1449943 -0.8374669
-2.0563581 -1.3029748
-1.8793404 -1.8004552
-1.5879072 -2.3295116
-1.1302539 -2.8634973
-0.4283618 -3.3672643
0.6220990 -3.7324023
1.9190508 -3.7279344
3.3280861 -3.2307777
4.7111645 -1.6999055
5.2777104 0.6673105
4.5575500 2.3127887
3.1153662 3.7043266
1.4965584 4.1955910
0.1583589 3.9843729
-0.7307739 3.4612169
-1.2660123 2.8534126
-1.5884304 2.2739968
-1.7816702 1.7601759
-1.8870802 1.3190168
-1.9355022 0.9379691
-1.9351763 0.5969918
-1.7486199 0.2773675
0.0000000 0.0000000
0.0000000 0.0000000
-1.6448225 -0.3625492
-1.7232218 -0.7504206
-1.6091400 -1.1459435
-1.4047258 -1.5471505
-1.0935380 -1.9432017
-0.6353958 -2.3074956
-0.0049675 -2.5949962
0.7920439 -2.7185121
1.6889238 -2.5716212
2.5728605 -1.9817612
3.2973735 -0.9333001
3.6042550 0.5202383
3.2121136 1.5850657
2.3800535 2.4516723
1.3786707 2.9105842
0.4389846 2.9598334
-0.3006632 2.7383885
-0.8012647 2.3851953
-1.1318336 1.9885590
-1.3564347 1.5951669
-1.5020775 1.2258729
-1.5899314 0.8860340
-1.6188833 0.5688162
-1.4632449 0.2641165
0.0000000 0.0000000
0.0000000 0.0000000
-1.3061483 -0.3182948
-1.3599536 -0.6498879
-1.2396861 -0.9769837
-1.0360197 -1.2931421
-0.7414631 -1.5842819
-0.3309686 -1.8241758
0.1794965 -1.9756365
0.7691219 -1.9811131
1.3760865 -1.7844601
1.9485559 -1.2996736
2.3771145 -0.5567149
2.5408919 0.3701693
2.3156562 1.1091899
1.8050184 1.7154409
1.1581625 2.0949504
0.5041108 2.2242248
-0.0645506 2.1539223
-0.4970696 1.9568154
-0.8031154 1.6929554
-1.0245206 1.4005476
-1.1802083 1.1028004
-1.2830311 0.8102221
-1.3272383 0.5247977
-1.1974638 0.2441275
0.0000000 0.0000000
0.0000000 0.0000000
-1.0181481 -0.2717779
-1.0555019 -0.5492601
-0.9416332 -0.8153735
-0.7555995 -1.0611081
-0.4970171 -1.2726316
-0.1557662 -1.4266884
0.2389241 -1.4972697
0.6685995 -1.4491163
1.0883851 -1.2529287
1.4641064 -0.8731696
1.7306472 -0.3398456
1.8235272 0.2818988
1.6850618 0.8119527
1.3617378 1.2538420
0.9324961 1.5572350
0.4748424 1.7011124
0.0490937 1.7020775
-0.3023815 1.5966556
-0.5675414 1.4229695
-0.7683392 1.2079576
-0.9162320 0.9714818
-1.0177763 0.7251467
-1.0657486 0.4739910
-0.9574865 0.2213808
0.0000000 0.0000000
0.0000000 0.0000000
-0.7789999 -0.2277760
-0.8049756 -0.4570411
-0.7044825 -0.6714677
-0.5447862 -0.8614874
-0.3297474 -1.0142150
-0.0591564 -1.1117409
0.2380673 -1.1366779
0.5489990 -1.0680615
0.8415730 -0.8926002
1.0937687 -0.5976719
1.2653083 -0.2074739
1.3210317 0.2288455
1.2313542 0.6190577
1.0201530 0.9509977
0.7301210 1.1927687
0.4084541 1.3280134
0.0947965 1.3606858
-0.1810083 1.3081746
-0.3991227 1.1933973
-0.5705355 1.0348865
-0.7005005 0.8476105
-0.7913975 0.6420683
-0.8351933 0.4238012
-0.7447680 0.1991453
0.0000000 0.0000000
0.0000000 0.0000000
-0.5832065 -0.1889797
-0.6011302 -0.3775713
-0.5170574 -0.5501043
-0.3865207 -0.6974173
-0.2159156 -0.8083078
-0.0090678 -0.8692291
0.2105509 -0.8696950
0.4332820 -0.7970504
0.6383731 -0.6465908
0.8089208 -0.4155750
0.9216306 -0.1231986
0.9554016 0.1961616
0.8964144 0.4910063
0.7551926 0.7468240
0.5573888 0.9415114
0.3310652 1.0618128
0.1031894 1.1067706
-0.1055576 1.0844004
-0.2782882 1.0080385
-0.4170417 0.8896258
-0.5240614 0.7404104
-0.5988408 0.5687901
-0.6332664 0.3797068
-0.5573321 0.1800863
0.0000000 0.0000000
0.0000000 0.0000000
-0.4237286 -0.1567326
-0.4351959 -0.3126183
-0.3686777 -0.4527378
-0.2671695 -0.5682839
-0.1375910 -0.6501721
0.0142244 -0.6882568
0.1723265 -0.6758838
0.3293931 -0.6062391
0.4708956 -0.4783598
0.5861049 -0.2944061
0.6602813 -0.0682469
0.6804134 0.1750170
0.6407421 0.4051289
0.5461996 0.6079186
0.4113842 0.7674542
0.2544508 0.8730530
0.0921188 0.9215582
-0.0603255 0.9161223
-0.1902151 0.8646628
-0.2966407 0.7748342
-0.3789642 0.6546270
-0.4350412 0.5105016
-0.4557294 0.3465387
-0.3897775 0.1670504
0.0000000 0.0000000
0.0000000 0.0000000
-0.2928069 -0.1314877
-0.2988123 -0.2625744
-0.2492382 -0.3785864
-0.1755349 -0.4715364
-0.0830355 -0.5336577
0.0228205 -0.5576659
0.1308956 -0.5390630
0.2372205 -0.4743899
0.3314324 -0.3646078
0.4059210 -0.2139682
0.4533946 -0.0324460
0.4653546 0.1610861
0.4381420 0.3473395
0.3761868 0.5138621
0.2868193 0.6479842
0.1815233 0.7410798
0.0713840 0.7893583
-0.0342574 0.7934641
-0.1256299 0.7581736
-0.2009006 0.6887456
-0.2585544 0.5911286
-0.2948406 0.4704235
-0.2986983 0.3297915
-0.2295967 0.1716844
0.0000000 0.0000000
0.0000000 0.0000000
-0.1828076 -0.1133507
-0.1838608 -0.2260968
-0.1503146 -0.3241609
-0.1022849 -0.4006370
-0.0435921 -0.4487138
0.0224205 -0.4630597
0.0895139 -0.4419318
0.1539846 -0.3825403
0.2110627 -0.2868511
0.2546544 -0.1598358
0.2813717 -0.0092308
0.2874442 0.1507837
0.2701643 0.3064923
0.2317887 0.4472131
0.1773915 0.5625656
0.1127469 0.6449746
0.0450167 0.6905701
-0.0201599 0.6991296
-0.0771446 0.6747146
-0.1237604 0.6205558
-0.1578854 0.5418700
-0.1739446 0.4454936
-0.1481798 0.3443288
-0.0206857 0.2542346
0.0000000 0.0000000
0.0000000 0.0000000
-0.0873160 -0.0975969
-0.0823650 -0.1865093
-0.0650801 -0.2630411
-0.0418491 -0.3198921
-0.0141012 -0.3518738
0.0162909 -0.3574693
0.0473186 -0.3374118
0.0765802 -0.2876692
0.1016219 -0.2100885
0.1206531 -0.1095425
0.1312549 0.0069089
0.1322001 0.1300056
0.1230587 0.2510827
0.1041824 0.3613171
0.0782125 0.4521797
0.0481072 0.5174460
0.0167090 0.5538644
-0.0130613 0.5615300
-0.0388675 0.5467491
-0.0595134 0.5086230
-0.0728785 0.4510380
-0.0687856 0.3886347
0.0154320 0.3950084
0.2428365 0.4631625
0.0000000 0.0000000
0.0000000 0.0000000
0.0000000 0.0000000
0.0000000 0.0000000
0.0000000 0.0000000
0.0000000 0.0000000
0.0000000 0.0000000
0.0000000 0.0000000
0.0000000 0.0000000
0.0000000 0.0000000
0.0000000 0.0000000
0.0000000 0.0000000
0.0000000 0.0000000
0.0000000 0.0000000
0.0000000 0.0000000
0.0000000 0.0000000
0.0000000 0.0000000
0.0000000 0.0000000
0.0000000 0.0000000
0.0000000 0.0000000
0.0000000 0.0000000
0.0000000 0.0000000
0.0000000 0.0000000
0.0000000 0.0000000
0.0000000 0.0000000
0.0000000 0.0000000
0.0000000 0.0000000
0.0000000 0.0000000
-0.1843949 0.1943043
0.0000000 0.0000000
-0.7213809 0.1711406
-0.3965553 0.8160586
-0.3464246 1.4343505
0.0000000 0.0000000
-0.9096165 1.1328233
-0.2953571 1.9602728
-0.3023075 2.4504774
0.0000000 0.0000000
-0.8175732 1.9522657
-0.3112797 2.9750566
-0.3220247 3.5110517
0.0000000 0.0000000
-0.9038677 2.8183997
-0.3369778 4.0813556
-0.3496187 4.6634722
0.0000000 0.0000000
-0.9939786 3.7536120
-0.3659590 5.2882013
-0.3853814 5.9248152
0.0000000 0.0000000
-1.0985968 4.7721596
-0.4040310 6.6224933
-0.4340032 7.3230619
0.0000000 0.0000000
-1.2183584 5.8821530
-0.4556307 8.1264963
-0.5138913 8.9033012
0.0000000 0.0000000
-1.3729140 7.0964656
-0.5487412 9.8995886
-0.6792643 10.7993870
0.0000000 0.0000000
-1.6475319 8.4709454
-0.7902216 12.2161436
-1.0674357 13.4608231
0.0000000 0.0000000
-2.3071082 10.3239422
-1.5097039 15.6374722
-1.7611089 18.1967869
0.0000000 0.0000000
-4.0632854 14.3691511
-1.6128993 20.9591236
-2.4745307 24.4003544
0.0000000 0.0000000
3.1792560 13.6365700
4.5318880 16.6899414
7.3203950 11.5776834
0.0000000 0.0000000
11.5749788 9.4811716
13.5458126 -7.0252032
-1.9233730 -8.7772083
0.0000000 0.0000000
13.3931112 -1.5094429
-0.8636731 -12.5261278
-0.4102711 -12.6159134
0.0000000 0.0000000
-8.2495661 -8.6537180
0.1896128 -8.8082752
-0.3240713 -7.7394204
0.0000000 0.0000000
-1.5247269 -6.7483330
-0.3730322 -7.1481180
-0.3526571 -6.4645801
0.0000000 0.0000000
-0.9094450 -5.4234881
-0.3285591 -5.9374757
-0.3092022 -5.4591885
0.0000000 0.0000000
-0.7546661 -4.5525336
-0.2788895 -4.9678092
-0.2752503 -4.5432010
0.0000000 0.0000000
-0.6745402 -3.8071635
-0.2598917 -4.1010146
-0.2548088 -3.6970942
0.0000000 0.0000000
-0.6199270 -3.1100128
-0.2449691 -3.2966022
-0.2353775 -2.9119205
0.0000000 0.0000000
-0.5852761 -2.4604740
-0.2270546 -2.5460479
-0.2155790 -2.1791978
0.0000000 0.0000000
-0.5529042 -1.8544105
-0.2100860 -1.8466874
-0.1976217 -1.4952619
0.0000000 0.0000000
-0.5216691 -1.2907298
-0.1963157 -1.1908115
-0.1897360 -0.8486736
0.0000000 0.0000000
-0.5422270 -0.7472855
-0.2192612 -0.5068418
-0.2036216 -0.1541995
0.0000000 0.0000000
-0.4491186 -0.1519929
0.0000000 0.0000000
0.0000000 0.0000000
-1.0691210 0.2647206
-1.5421127 0.2263045
-1.5698067 0.7154115
-1.3461326 1.2147707
-1.7567703 1.0982181
-1.2053349 1.6261185
-1.2279072 2.0561736
-1.6851317 1.8964969
-1.2830573 2.4891334
-1.3274068 2.9513249
-1.8120012 2.7503378
-1.3850795 3.4077985
-1.4371620 3.9041436
-1.9757216 3.6666539
-1.5111468 4.4019065
-1.5755996 4.9340630
-2.1675086 4.6631012
-1.6608925 5.4843912
-1.7525185 6.0463934
-2.3815055 5.7343988
-1.8547759 6.6718554
-2.0173171 7.2401156
-2.6426983 6.8444490
-2.1792138 7.9907331
-2.5459411 8.5135822
-3.0794871 7.8562765
-2.8829436 9.5406675
-3.9301343 9.8324986
-4.0515051 8.2770195
-5.1382895 11.2988939
-8.1322947 12.2274580
-8.1951571 8.2345524
-1.0315250 8.9431419
6.8177671 10.9837132
11.9077654 10.3359203
10.0002155 7.7921529
16.8662453 6.9035053
22.2110958 5.9488621
22.4226551 -8.5514412
18.6902790 -0.8622893
20.2449627 -3.8580568
3.0155113 -8.4650211
-7.9017906 -6.0275064
-4.9017258 -4.7339139
-2.5502145 -5.8084431
-2.0152340 -6.1991868
-2.2063620 -5.7231493
-1.4376910 -5.4482889
-1.3641628 -5.2794199
-1.5580162 -5.1284714
-1.2383742 -4.8133245
-1.1940157 -4.5200806
-1.4074394 -4.4042211
-1.1196207 -4.1140285
-1.0822095 -3.7998586
-1.3586638 -3.7014987
-1.0343608 -3.4389660
-1.0030621 -3.1193333
-1.2914275 -3.0231791
-0.9666314 -2.7884326
-0.9304673 -2.4686613
-1.2165998 -2.3812623
-0.9007708 -2.1711290
-0.8654246 -1.8590515
-1.1442100 -1.7865205
-0.8409242 -1.5856869
-0.8034611 -1.2839350
-1.0772345 -1.2307411
-0.7885429 -1.0410606
-0.8113985 -0.7358667
-1.0962018 -0.7134334
-0.9333166 -0.4412065
-0.7223390 -0.1530188
-0.9779702 -0.1545797
0.0000000 0.0000000
0.0000000 0.0000000
-1.9144857 0.2471317
-2.3533580 0.2456170
-2.4666464 0.6615354
-2.1237128 1.0699461
-2.4892492 1.0022538
-2.0186872 1.4394187
-2.0706544 1.8517159
-2.4989116 1.7562703
-2.1475465 2.2597606
-2.2076139 2.6963308
-2.6817918 2.5704794
-2.3185704 3.1285238
-2.3965576 3.6171925
-2.9319303 3.4692307
-2.5345049 4.0891385
-2.6134284 4.6297388
-3.2230334 4.4628606
-2.7718353 5.1416426
-2.8531501 5.7222080
-3.5458710 5.5451531
-3.0234592 6.2840428
-3.1315644 6.8411412
-3.8546782 6.6415405
-3.3178153 7.4251375
-3.5322306 7.8808365
-4.0851612 7.6719356
-3.6628571 8.3424702
-4.0387306 8.4539509
-4.2347002 8.4182835
-3.8845522 8.6114340
-6.3089304 8.3266706
-5.1536021 7.6721673
-7.5548630 7.8766294
5.8384027 7.6881933
10.4097557 4.2397366
18.9169044 8.0469236
22.2795715 5.3109331
34.6746750 0.7200842
30.8644485 -3.0132942
23.8164616 -3.0749617
29.4456158 -1.7317576
-5.0194497 -2.9576728
-3.6851625 -4.6931801
-1.3283517 -4.2371254
-3.0178440 -5.6745677
-2.6265199 -5.7503147
-2.1524661 -5.8700891
-2.2456331 -5.3818302
-2.1599324 -5.1720257
-2.3136816 -5.3251791
-1.9735446 -4.6848507
-1.8987781 -4.3990483
-2.1214151 -4.3929434
-1.8201946 -4.0184603
-1.7694265 -3.6772213
-2.0300474 -3.6310384
-1.7259055 -3.3264832
-1.6633587 -2.9866328
-1.9542236 -2.9197879
-1.6117691 -2.6739497
-1.5442833 -2.3363121
-1.8326917 -2.2681077
-1.4957868 -2.0688522
-1.4360698 -1.7472342
-1.7099885 -1.6894524
-1.3997229 -1.4970704
-1.3467345 -1.1990587
-1.6118414 -1.1535501
-1.3153483 -0.9823500
-1.3308932 -0.6910520
-1.5909898 -0.6649594
-1.5122955 -0.4300831
-1.2420101 -0.1622818
-1.5098522 -0.1636167
0.0000000 0.0000000
0.0000000 0.0000000
-2.7316029 0.2456412
-3.1415970 0.2386634
-3.1654923 0.6247373
-2.8104949 0.9459476
-3.1475005 0.8714498
-2.7886515 1.2862849
-2.8595736 1.6775838
-3.2442980 1.5659264
-2.9619675 2.0500202
-3.0604863 2.4719212
-3.5087512 2.3215082
-3.2218211 2.8770359
-3.3410065 3.3650470
-3.8704069 3.1817551
-3.5472603 3.8163497
-3.6496375 4.3838673
-4.2913928 4.1724992
-3.9051180 4.8706493
-3.9470260 5.5685039
-4.7364435 5.3424320
-4.2245159 6.0323687
-4.1159577 6.8451190
-5.2153263 6.6806154
-4.4058361 7.2965503
-4.4360805 8.0006065
-5.2884068 8.2931013
-4.3385425 8.6177158
-4.5376463 8.4905033
-3.9904807 8.0076437
-4.1291003 7.9125700
-3.8125622 6.7601743
-2.7920558 6.1643720
1.3527980 -2.8428521
8.3844032 1.1312089
8.4932194 -0.3676618
15.7027311 4.0143409
28.5723763 1.7963446
35.0603867 -3.0530493
36.1531067 -3.2150872
20.7818909 -1.1596534
25.9748230 -0.5705178
0.8839575 -3.0536311
-0.2103538 -4.3223991
1.1624559 -3.9381044
-1.5866362 -6.1661091
-2.4618864 -6.2236705
-2.0627613 -6.2720757
-2.9368806 -6.1334701
-3.0972233 -5.7977023
-3.4133391 -6.1294551
-2.9443917 -5.1120529
-2.7497256 -4.5765939
-3.2320576 -4.7345824
-2.5932057 -4.0786285
-2.4972081 -3.6386762
-2.8278716 -3.5858293
-2.4565063 -3.2824006
-2.3433309 -2.8703194
-2.6641407 -2.7733033
-2.2648740 -2.5878816
-2.1539700 -2.2023942
-2.4468451 -2.1099620
-2.0790615 -1.9712676
-1.9875138 -1.6304568
-2.2552531 -1.5537062
-1.9321585 -1.4112954
-1.8636392 -1.1123506
-2.1156266 -1.0561538
-1.8233471 -0.9119697
-1.8105593 -0.6373770
-2.0504220 -0.6036232
-1.9761693 -0.4117088
-1.7761313 -0.1648631
-2.0399668 -0.1606940
0.0000000 0.0000000
0.0000000 0.0000000
-3.4964299 0.2259354
-3.8568842 0.2090209
-3.6542716 0.5704141
-3.4393718 0.7924072
-3.7404406 0.7041118
-3.4847355 1.1213542
-3.5708354 1.4455272
-3.9014628 1.2992718
-3.7147112 1.7874281
-3.8651576 2.1677873
-4.2641082 1.9644608
-4.0846953 2.5323806
-4.2577963 3.0236454
-4.7738657 2.7658441
-4.5465932 3.4238551
-4.7227092 4.0483260
-5.4041457 3.7617977
-5.0657964 4.5366888
-5.2539716 5.2628226
-6.0466418 5.0098701
-5.6407809 5.8206463
-5.5929499 7.0570221
-7.1241918 6.9811583
-5.9996328 7.8697491
-6.0086575 8.6626825
-5.3473072 7.9558611
-3.9803908 8.4214907
-2.1867950 7.2232985
-1.4183956 5.5033503
0.1507409 5.5356736
1.3888193 5.2415113
2.7933345 3.4749558
9.4065981 -3.5119286
10.6595316 -1.1224244
13.3452263 -1.2543876
14.5691595 1.1574482
33.1684380 -3.6931076
35.5523567 -5.5253348
34.2028351 -3.3162107
22.9077339 -1.2273771
25.6713448 -2.2564368
5.1026306 -3.7246573
3.0563152 -3.8206465
4.1075969 -3.5217888
0.2605586 -5.7394438
-1.6816808 -6.0403514
-1.2532603 -5.5620522
-3.1316357 -6.3605247
-4.0507870 -6.2936869
-4.3643456 -5.9922695
-4.3685460 -5.5388994
-4.1272378 -4.9132752
-4.9220629 -4.9293075
-3.6270287 -4.1243448
-3.3611343 -3.5581651
-3.8255770 -3.4044948
-3.2653823 -3.1857316
-3.0622725 -2.6737020
-3.4285672 -2.5094423
-2.9215281 -2.4436653
-2.7574377 -2.0112779
-3.0540361 -1.8770034
-2.6412809 -1.8197854
-2.5139723 -1.4719408
-2.7696331 -1.3674270
-2.4294264 -1.2856864
-2.3422625 -0.9999734
-2.5739229 -0.9271067
-2.2937858 -0.8149717
-2.2548046 -0.5684099
-2.4771881 -0.5256960
-2.3282843 -0.3737707
-2.2938838 -0.1553329
-2.5364416 -0.1459536
0.0000000 0.0000000
0.0000000 0.0000000
-4.1591983 0.1869948
-4.4501987 0.1614504
-3.9490047 0.4920087
-3.9979725 0.6063253
-4.2422552 0.5051347
-4.0474024 0.9301819
-4.1822872 1.1325438
-4.4396715 0.9520972
-4.3615384 1.4716963
-4.5861659 1.7294501
-4.8976698 1.4615769
-4.8646579 2.0991802
-5.1503606 2.4753330
-5.5738006 2.1100731
-5.5390344 2.8616626
-5.8287878 3.4898219
-6.4948521 3.0195968
-6.3320003 3.8952732
-6.6036291 4.8588939
-7.6475720 4.4152474
-7.4865155 5.3565316
-8.3382292 6.9150620
-8.9936647 6.3311644
-7.1469140 7.4399323
-4.2511950 5.9419894
-3.0664225 4.6726303
-2.0824752 5.3940797
0.2735441 4.3571963
1.3438640 2.4019217
3.8445542 2.1239169
4.0182910 1.8940145
4.9167361 1.0467849
13.1656618 -4.3162932
15.1549664 -2.1251526
16.5285187 -2.6380346
17.0297165 0.7027992
34.0680313 -5.5434093
34.8877907 -5.8139586
31.0038280 -3.7316267
21.8273296 -2.1514108
21.4392471 -2.4666622
8.7065649 -2.9711947
5.5225883 -3.0746040
6.4869385 -2.9649403
2.1716025 -4.6864247
-0.5533680 -5.0388365
-0.2718231 -4.4901261
-2.7174118 -5.5774822
-4.4200206 -5.4688582
-4.5713363 -4.8709979
-5.6178899 -4.7609477
-5.7810402 -4.7827234
-6.5772548 -4.4016948
-4.8959689 -3.8090525
-4.3611040 -3.2292788
-4.8901558 -2.9313905
-4.1040134 -2.9019179
-3.7863197 -2.3198602
-4.1543503 -2.0806415
-3.5512381 -2.1587646
-3.3291531 -1.7239476
-3.6090083 -1.5381908
-3.1556849 -1.5720037
-2.9936566 -1.2520001
-3.2232301 -1.1144848
-2.8729117 -1.0948676
-2.7661235 -0.8484353
-2.9670229 -0.7554364
-2.6984074 -0.6824623
-2.6573017 -0.4794265
-2.8522155 -0.4278087
-2.5871327 -0.3149365
-2.7594883 -0.1348034
-2.9671409 -0.1215540
0.0000000 0.0000000
0.0000000 0.0000000
-4.6751938 0.1325185
-4.8696480 0.0988108
-4.0917377 0.3843932
-4.4430466 0.3945073
-4.6082311 0.2862203
-4.4406362 0.6981283
-4.6555815 0.7490759
-4.8178835 0.5485969
-4.8451223 1.0915482
-5.1559200 1.1516203
-5.3435502 0.8444825
-5.4744143 1.5726473
-5.9076252 1.6707335
-6.1661115 1.2301540
-6.3980489 2.1644971
-6.9231343 2.4741588
-7.3878360 1.8565285
-7.6565862 2.9823053
-8.3436031 4.0194731
-9.2697439 3.2069216
-9.3686619 3.7168627
-9.0441046 5.0210543
-8.7606230 3.8479354
-5.3589091 4.3316016
-2.4556246 3.5673852
-2.1508682 2.9068029
-0.1801583 3.4966898
3.0900238 1.7080554
3.7880619 1.3390367
6.7170048 0.7212867
6.2748175 0.7150810
7.3170238 0.3208519
15.9503765 -4.9786072
17.7887783 -3.2550662
19.2464695 -3.8031299
21.6376038 -1.3929226
33.7332726 -6.2004890
33.6294250 -5.9506574
28.8800945 -3.5474391
19.4342918 -2.4233487
17.6904411 -2.3287239
11.0567894 -2.6008096
7.5179443 -2.6648891
8.0328045 -2.2952600
3.5507145 -3.5861223
0.1658639 -3.7711797
0.1355417 -2.8674412
-2.4017999 -4.3426180
-4.5232644 -4.0841990
-4.6709476 -3.3610759
-6.0256100 -3.1506057
-7.1489062 -3.8084579
-7.6152291 -2.9625568
-6.1158032 -2.9332495
-5.3363585 -2.5390146
-5.7947812 -2.0595663
-4.8437700 -2.3100455
-4.4323335 -1.7831107
-4.7293868 -1.4545437
-4.0950322 -1.6840333
-3.8183730 -1.3220423
-4.0406585 -1.0842232
-3.5852683 -1.2067556
-3.3938720 -0.9600648
-3.5726457 -0.7914987
-3.2352185 -0.8307285
-3.1144018 -0.6526012
-3.2678020 -0.5414127
-3.0124540 -0.5124022
-2.9954240 -0.3706525
-3.1440525 -0.3098631
-2.7714851 -0.2366060
-3.1430302 -0.1045283
-3.3023665 -0.0886613
0.0000000 0.0000000
0.0000000 0.0000000
-5.0050097 0.0605850
-5.0759740 0.0248100
-4.1396613 0.2474827
-4.7243366 0.1660739
-4.7807269 0.0497657
-4.6636829 0.4071244
-4.9455481 0.3235446
-4.9862580 0.1052166
-5.1338429 0.6117526
-5.5014148 0.4888014
-5.5326962 0.1459373
-5.8409524 0.8865774
-6.3920627 0.6898595
-6.4106555 0.1809327
-6.9319744 1.2296000
-7.7648335 1.0140927
-7.8092809 0.2723077
-8.7862730 1.7570360
-9.7590675 2.0729270
-10.1370163 0.9164369
-10.2377110 1.3368598
-8.2479916 2.5911436
-8.2364283 1.0883975
-4.6465793 1.5037562
-1.4846157 1.9667614
-2.3267159 0.1492988
2.0784340 1.1999543
5.2024512 0.1738811
4.8972735 -0.7161773
7.6070437 0.4203939
8.9736109 -0.4169222
11.3827353 -1.4958287
18.8163357 -5.1757889
20.6409702 -4.2540073
21.0059242 -4.4810867
25.2996464 -3.6040714
32.8895721 -6.2635694
30.5431099 -5.4917693
25.9164810 -3.2997282
16.8445263 -2.3390462
16.0194073 -2.4638948
11.9469204 -2.3689799
8.2661333 -1.9229728
8.1841564 -1.5437291
4.4600644 -2.5252335
0.7217607 -2.4407840
0.3178155 -1.9730198
-2.5913274 -2.4710367
-4.5744987 -2.5944579
-4.8953342 -1.8490670
-6.4393716 -1.5454805
-7.7781830 -2.0388775
-7.9087744 -1.1733881
-6.9594378 -1.6090542
-6.0139794 -1.4806920
-6.2687340 -0.9095380
-5.3537889 -1.4034101
-4.8840442 -1.0790333
-5.0581164 -0.7014509
-4.4722137 -1.0329051
-4.1626101 -0.8165556
-4.2994890 -0.5468629
-3.8828177 -0.7388296
-3.6750307 -0.6036353
-3.7845910 -0.4170857
-3.4850199 -0.5078582
-3.3608446 -0.4186722
-3.4524219 -0.2973675
-3.2222023 -0.3121302
-3.2411675 -0.2453540
-3.3259597 -0.1786995
-2.8965225 -0.1433806
-3.4208202 -0.0677194
-3.5178130 -0.0505680
0.0000000 0.0000000
0.0000000 0.0000000
-5.1150579 -0.0156301
-5.0631742 -0.0485095
-4.1313276 0.0875253
-4.7990279 -0.0661279
-4.7387295 -0.1725549
-4.7191186 0.0673769
-5.0089636 -0.1215475
-4.9219799 -0.3205009
-5.1936603 0.0334455
-5.5655136 -0.2184743
-5.4356170 -0.5342956
-5.9118023 -0.0051389
-6.4532456 -0.3651485
-6.2562451 -0.8444805
-7.0074668 -0.1440461
-7.9114237 -0.6244793
-7.5528412 -1.3700258
-9.0595465 -0.1480667
-10.4276981 -0.5674796
-9.7733707 -1.9925307
-10.5217485 -1.3665084
-7.9673467 -0.3049180
-7.8266826 -2.4981871
-4.0194201 -1.1690590
-0.3569358 -0.5894176
0.2461584 -1.5357844
2.1924458 -0.8583207
4.7011361 -1.1315382
4.7049475 -2.0639634
8.0918827 -0.2821129
14.0776529 -3.4066558
16.4287872 -5.6196232
20.2074528 -6.3299565
22.3785534 -5.5525327
22.4458370 -6.3056111
27.6289291 -4.7111392
29.9657097 -5.2716556
28.3584385 -4.7364421
22.1677876 -2.7590873
15.5249691 -2.5399978
14.8648233 -2.6786220
11.2332563 -1.7971014
7.8211732 -1.4092603
7.2075787 -1.5539051
5.5216327 -1.5962638
0.8046205 -1.2566398
-0.1106675 -0.7652546
-2.9367301 -0.7683237
-5.3032103 -1.1163236
-5.5518398 -0.2446228
-7.1076255 -0.3126537
-7.9327984 -0.2463085
-8.0795956 0.5882229
-7.1581869 -0.1820042
-6.2131867 -0.2726433
-6.2185726 0.2571967
-5.5408068 -0.3415472
-5.0618100 -0.2714778
-5.1002283 0.1038158
-4.6283259 -0.2921213
-4.3115001 -0.2457360
-4.3455725 0.0201519
-4.0169463 -0.2245723
-3.8067269 -0.2082057
-3.8352184 -0.0216073
-3.6042080 -0.1616527
-3.4835896 -0.1612929
-3.5076344 -0.0388914
-3.3248348 -0.1002842
-3.3709540 -0.1057431
-3.3895645 -0.0387430
-2.9701324 -0.0417559
-3.5751688 -0.0310375
-3.6062372 -0.0133619
0.0000000 0.0000000
0.0000000 0.0000000
-5.0031991 -0.0746500
-4.8611145 -0.0979337
-4.0668187 -0.0679447
-4.6643610 -0.2838663
-4.5254445 -0.3773434
-4.5872045 -0.2684025
-4.8399043 -0.5215579
-4.6586509 -0.6907403
-4.9993620 -0.5161194
-5.3239059 -0.8516997
-5.0692873 -1.1128439
-5.6166325 -0.8260307
-6.0989661 -1.3278803
-5.7138219 -1.7116588
-6.5343089 -1.3758727
-7.3557649 -2.1073434
-6.7048545 -2.6874878
-8.2958584 -2.1128118
-9.3601093 -3.3176730
-8.2097483 -4.2026691
-9.7422428 -4.2667570
-8.2615461 -4.9118981
-6.6537194 -5.6253109
-4.9436493 -6.4132209
-1.3824127 -5.2896547
0.7504697 -6.6295581
1.3930970 -4.2665558
4.9797630 -4.3773761
7.1119356 -7.6764550
11.5239725 -5.3578119
18.2868862 -6.6550632
16.8192883 -6.6847401
19.9052067 -7.2115502
20.0758514 -6.0340714
21.7686119 -5.4029775
27.2633133 -5.0015202
27.1777859 -4.9321408
24.7528114 -4.1335788
20.1260872 -2.7188108
14.2929173 -2.1622841
13.4131060 -1.2169776
10.2449007 -0.3639700
6.7201576 -1.3624939
5.9967995 -0.9065593
4.8593831 -0.2517543
0.6114361 0.2231449
-1.3077656 0.9579784
-3.1676066 0.7088369
-6.1560020 0.9850200
-6.8762646 2.1191187
-8.2139845 1.6621349
-7.6008101 1.5932927
-7.4728370 2.0509055
-6.6677675 1.0453047
-6.0001078 0.8752481
-5.7957306 1.3410264
-5.3943057 0.6715409
-4.9709191 0.5283573
-4.8270745 0.8785304
-4.5500822 0.4328094
-4.2640452 0.3207136
-4.1702809 0.5697387
-3.9767377 0.2772789
-3.7844369 0.1862462
-3.7217515 0.3601606
-3.5871050 0.1740175
-3.4779086 0.0969514
-3.4328954 0.2119551
-3.3215971 0.1052242
-3.3787663 0.0365749
-3.3386886 0.1008133
-2.9767084 0.0570512
-3.6033411 0.0033332
-3.5776761 0.0196824
0.0000000 0.0000000
0.0000000 0.0000000
-4.7269425 -0.1160515
-4.5135956 -0.1325329
-3.8579044 -0.2056363
-4.3744211 -0.4640896
-4.1753025 -0.5334409
-4.2868352 -0.5459691
-4.4878311 -0.8469878
-4.2416148 -0.9704906
-4.5982819 -0.9616496
-4.8410888 -1.3493097
-4.5135555 -1.5314819
-5.0406590 -1.4928740
-5.3700218 -2.0412679
-4.9103193 -2.2901623
-5.6355667 -2.3388524
-6.1207771 -3.1279540
-5.4056702 -3.4661343
-6.6407633 -3.4591277
-7.4899964 -4.8812723
-6.2038107 -5.2683139
-7.5235538 -5.9154143
-6.7859664 -6.7929273
-5.3370371 -7.5502839
-4.7059994 -7.6460395
-1.4015758 -8.5686369
-0.8317283 -8.2991400
2.3564620 -10.1276808
8.0848408 -9.6459026
6.3291264 -9.2979994
11.3288498 -8.7261572
14.3397722 -7.2702298
13.2816582 -6.6288571
17.5695515 -5.6631174
21.7551174 -4.5704322
21.8010597 -4.4826226
24.8444233 -3.2712281
23.1201172 -2.0942504
21.9104176 -0.2602308
16.8939285 -1.1684817
13.5825567 0.3724743
13.4865665 2.3818507
9.2352600 1.9709457
5.7479210 0.5394582
5.6531515 2.4462075
2.6434245 2.3768947
-1.6284386 3.0429599
-1.7593795 4.0765648
-3.7589951 2.9604957
-6.4137540 3.8787351
-7.7043271 4.8633356
-8.0216789 3.5576837
-6.8449216 2.7660196
-6.1203151 3.3255980
-5.8456664 2.3674440
-5.4893203 1.7830988
-5.0313807 2.2227662
-4.9067659 1.5880735
-4.6212535 1.2020104
-4.3217788 1.5122124
-4.2382650 1.0679901
-4.0253005 0.8122359
-3.8231754 1.0298688
-3.7683015 0.7189332
-3.6165340 0.5358018
-3.4734361 0.6863064
-3.4401300 0.4727928
-3.3554430 0.3300999
-3.2469842 0.4297398
-3.2113690 0.2900916
-3.2834857 0.1683775
-3.1886106 0.2245189
-2.8893826 0.1431770
-3.5205851 0.0345006
-3.4435217 0.0497348
0.0000000 0.0000000
0.0000000 0.0000000
-4.3217053 -0.1432543
-4.0626678 -0.1535120
-3.5319369 -0.3112125
-3.9649065 -0.5882055
-3.7316511 -0.6299700
-3.8627529 -0.7469948
-4.0008750 -1.0656694
-3.7261908 -1.1379355
-4.0516434 -1.2668463
-4.1981196 -1.6676743
-3.8524520 -1.7665949
-4.2892680 -1.9126929
-4.4678879 -2.4646401
-4.0173049 -2.5834274
-4.5503888 -2.8642957
-4.7303352 -3.5970263
-4.1794128 -3.7196035
-4.7959576 -4.1171432
-5.0429993 -5.2788563
-4.2706084 -5.2531657
-5.0400429 -6.5656581
-4.3447485 -7.7198486
-3.7980216 -7.2294044
-2.5358782 -8.3852234
0.1018447 -8.3780937
-0.0427441 -8.3473864
3.1182611 -8.2942924
6.1457262 -7.8811831
5.6711373 -6.8692722
8.7499037 -6.8229856
11.5727444 -6.0621343
10.2070723 -5.7613530
15.0229244 -4.9725447
18.9978313 -3.6304214
16.7840843 -3.4623985
21.5273399 -1.3655107
18.8723831 1.2429144
17.4498653 1.9516406
13.9680061 1.1214807
12.2240810 3.7151983
10.6506262 5.8936896
9.0160952 4.5357800
5.3232245 5.0039253
3.8246322 7.6278062
-0.3172565 6.7318830
-2.2105670 5.6715345
-1.1139582 7.2411671
-4.7677517 6.5344210
-6.8586311 6.0928330
-4.8923464 6.2981935
-5.8401861 4.8692703
-5.4346347 3.6467001
-4.3855639 4.0772204
-4.8327131 3.2726498
-4.6533499 2.4432142
-4.0078797 2.8083270
-4.2201977 2.2392790
-4.0603447 1.7030379
-3.6548035 1.9508806
-3.7644217 1.5439725
-3.6325345 1.1887779
-3.3569164 1.3599272
-3.4297788 1.0606563
-3.3285494 0.8108855
-3.1287620 0.9289277
-3.1874945 0.7091047
-3.1334240 0.5183627
-2.9775288 0.5966893
-3.0101087 0.4380300
-3.0979033 0.2774627
-2.9591355 0.3217995
-2.7206304 0.2109580
-3.3402314 0.0609127
-3.2225714 0.0740792
0.0000000 0.0000000
0.0000000 0.0000000
-3.8324888 -0.1567957
-3.5531585 -0.1611108
-3.1302454 -0.3786288
-3.4826059 -0.6524570
-3.2404890 -0.6680299
-3.3681388 -0.8627630
-3.4437983 -1.1725422
-3.1734354 -1.1962757
-3.4382527 -1.4245263
-3.4877536 -1.7984298
-3.1765852 -1.8191316
-3.4809442 -2.1032674
-3.5048058 -2.5833671
-3.1553276 -2.5758481
-3.4368672 -3.0280800
-3.3767807 -3.6213946
-3.0466771 -3.5415428
-3.1876473 -4.1474023
-3.0232081 -4.9500403
-2.7954199 -4.6716032
-2.7613862 -5.7934527
-2.3114295 -6.7058525
-2.1414669 -6.1037960
-1.5732368 -7.6831675
-0.0519737 -8.2536802
-0.1528275 -7.4694839
1.9305127 -8.4355412
4.6027803 -7.5758648
3.8305717 -7.7455187
7.5377216 -6.3531427
10.1890669 -5.2682295
8.3206244 -6.4777317
12.8860769 -3.5839374
14.8297653 -1.9367189
12.2567892 -3.7069256
16.4686432 0.6208981
14.7148609 3.1086094
13.0252943 1.4770688
11.8050785 3.2877562
10.0168495 4.6291633
7.9128652 7.2145462
6.4400187 7.1262956
3.0695462 8.0232229
3.0471139 8.3494272
0.4524095 7.9052105
-2.4640322 8.6532593
-1.3767366 8.6169758
-4.1721716 7.7195482
-4.0884137 5.7171869
-2.2692518 5.9583507
-3.8065369 5.1452031
-3.8652375 4.0165725
-2.8156962 4.1825199
-3.6581943 3.5913286
-3.6340394 2.8184686
-2.9587080 3.0055051
-3.4304724 2.5552635
-3.3737516 2.0069654
-2.9244468 2.1667733
-3.2047710 1.8177668
-3.1417568 1.4329252
-2.8302050 1.5475981
-3.0125329 1.2786089
-2.9592366 0.9983661
-2.7278323 1.0787307
-2.8624370 0.8684837
-2.8390462 0.6515358
-2.6541657 0.7055764
-2.7423954 0.5403680
-2.8427022 0.3569953
-2.6744156 0.3878709
-2.4906006 0.2569077
-3.0828490 0.0810088
-2.9381642 0.0911762
0.0000000 0.0000000
0.0000000 0.0000000
-3.3052549 -0.1580706
-3.0271540 -0.1571497
-2.6946952 -0.4088370
-2.9728074 -0.6620111
-2.7421150 -0.6555673
-2.8527966 -0.8997622
-2.8737829 -1.1783192
-2.6303580 -1.1617621
-2.8259964 -1.4504260
-2.7963858 -1.7688016
-2.5411327 -1.7262347
-2.7240956 -2.0874481
-2.6393962 -2.4652054
-2.3859451 -2.3658783
-2.4941177 -2.8764625
-2.3009009 -3.3062432
-2.1005194 -3.1054635
-2.0418053 -3.7550058
-1.7112985 -4.2841058
-1.6086293 -3.8826382
-1.2605114 -4.9040771
-0.6820207 -5.4022589
-0.7377978 -4.7562428
-0.0188443 -5.8558564
0.8855115 -6.3791170
0.7841759 -5.4102149
1.9684654 -7.0038791
3.6688552 -6.6062398
3.0995450 -5.6768885
5.6006088 -6.2168612
7.5816412 -4.9640827
5.7431803 -4.5967612
9.5356140 -2.9264553
10.6930523 -0.7746251
7.9587250 -2.1810017
11.0180397 2.2611401
9.9735498 4.4670587
8.0566626 2.7353251
8.8831606 4.7047944
6.9076185 6.5974073
5.1346231 6.6072893
4.3601117 7.9935436
2.3421829 8.4252186
2.4667351 6.8615303
0.5497756 7.9105978
-0.3873861 6.8349023
0.2852609 6.0400567
-1.3141401 6.1171923
-1.8972477 5.1937408
-1.0102315 4.9268384
-2.2088375 4.6378589
-2.4644728 3.8689520
-1.7147416 3.8098121
-2.5487778 3.4698882
-2.6491518 2.8753290
-2.0831542 2.8946233
-2.6397645 2.5814764
-2.6678433 2.1154172
-2.2482452 2.1742132
-2.6214075 1.9021598
-2.6153302 1.5458947
-2.3064954 1.6012406
-2.5636528 1.3730376
-2.5491359 1.0982370
-2.3109670 1.1401389
-2.4995182 0.9491938
-2.5025969 0.7286476
-2.3059278 0.7583854
-2.4342227 0.5958195
-2.5420837 0.4055285
-2.3584197 0.4231156
-2.2221515 0.2809464
-2.7728631 0.0942362
-2.6148791 0.1008083
0.0000000 0.0000000
0.0000000 0.0000000
-2.7802508 -0.1498764
-2.5188968 -0.1448268
-2.2612727 -0.4071877
-2.4752588 -0.6294331
-2.2671764 -0.6068110
-2.3583112 -0.8718857
-2.3399603 -1.1091794
-2.1296856 -1.0639796
-2.2685995 -1.3730466
-2.1910079 -1.6299806
-1.9829974 -1.5467710
-2.0860314 -1.9239603
-1.9480015 -2.2051425
-1.7519584 -2.0596988
-1.7775626 -2.5431671
-1.5427247 -2.8414483
-1.3817904 -2.5968380
-1.2690818 -3.1937718
-0.9240885 -3.4976075
-0.8107840 -3.1138918
-0.5302955 -3.8884006
0.0395052 -4.1481557
0.0552346 -3.5729046
0.6643256 -4.4498734
1.4223068 -4.5002232
1.2718402 -3.7910450
2.1556139 -4.6388083
3.0983808 -4.4270473
2.7201378 -3.5157952
4.1949315 -4.0782967
5.1729383 -3.3254905
4.2645178 -2.6792088
6.1603398 -1.8596984
6.5671101 -0.6838471
5.1985650 -0.9526241
6.8766198 1.2985485
6.3903394 2.3671575
5.0785475 1.4147583
5.8250470 3.3716598
5.0104971 4.4902110
3.9361699 3.2900696
3.7731135 4.7917128
2.7291229 5.2862225
2.2911901 4.2440553
1.5514205 5.1076717
0.7119754 5.0275083
0.7897399 4.2812338
-0.0857303 4.6298304
-0.6261585 4.2678719
-0.3166986 3.8412855
-1.0980158 3.8610973
-1.4139575 3.4311349
-1.0116363 3.2225831
-1.6586703 3.0902917
-1.8281074 2.6880212
-1.4342756 2.5970206
-1.9410399 2.4122419
-2.0257747 2.0629072
-1.6888311 2.0347195
-2.0713916 1.8420309
-2.1089582 1.5466087
-1.8343863 1.5480114
-2.1205609 1.3652874
-2.1359541 1.1208490
-1.9120572 1.1282254
-2.1291392 0.9617293
-2.1512446 0.7552853
-1.9582826 0.7631029
-2.1098409 0.6094666
-2.2195532 0.4256677
-2.0329549 0.4314305
-1.9363384 0.2857086
-2.4348946 0.1008905
-2.2751474 0.1037187
0.0000000 0.0000000
0.0000000 0.0000000
-2.2878919 -0.1358077
-2.0523539 -0.1279031
-1.8563966 -0.3819642
-2.0182498 -0.5702880
-1.8364253 -0.5378159
-1.9116533 -0.7994944
-1.8705498 -0.9954590
-1.6909984 -0.9343180
-1.7905936 -1.2330694
-1.6920565 -1.4351193
-1.5192724 -1.3334090
-1.5778524 -1.6852900
-1.4236554 -1.8912789
-1.2629362 -1.7322438
-1.2539541 -2.1526215
-1.0244342 -2.3527863
-0.8824865 -2.1139429
-0.7745472 -2.6086335
-0.4509308 -2.7824547
-0.3389685 -2.4421332
-0.1146384 -3.0118287
0.3389537 -3.1109009
0.3762756 -2.6627331
0.7922043 -3.2362289
1.3599614 -3.2035825
1.2588236 -2.6602776
1.9078432 -3.0988696
2.4471681 -2.9165270
2.2248533 -2.3144970
3.0659425 -2.4535809
3.5588753 -2.0512872
3.0751612 -1.5808753
4.0989928 -1.1980772
4.3311839 -0.6315619
3.5712042 -0.4974573
4.5793123 0.6816400
4.2694154 1.1923710
3.4530797 0.9030322
4.0215802 1.9597431
3.5185068 2.6696129
2.8363147 2.0796797
2.9254065 3.0127821
2.3020298 3.4918880
1.8787479 2.8105450
1.5940435 3.4776077
1.0258847 3.6306510
0.8853461 3.0566716
0.4236422 3.4325199
-0.0078985 3.3491118
0.0435256 2.9394569
-0.4443210 3.0844896
-0.7396139 2.8830054
-0.5715223 2.6234190
-1.0248941 2.6192393
-1.2116873 2.3761988
-0.9777766 2.2259543
-1.3822302 2.1393459
-1.4950068 1.8966677
-1.2531232 1.8158529
-1.5937603 1.6915102
-1.6574827 1.4650961
-1.4363502 1.4250100
-1.7122658 1.2867442
-1.7484963 1.0838258
-1.5524075 1.0635097
-1.7731920 0.9231351
-1.8075609 0.7413452
-1.6298286 0.7315798
-1.7893329 0.5907714
-1.8946160 0.4225630
-1.7158153 0.4188686
-1.6506348 0.2756805
-2.0905764 0.1019168
-1.9373639 0.1014073
0.0000000 0.0000000
0.0000000 0.0000000
-1.8466684 -0.1190112
-1.6409659 -0.1095889
-1.4953287 -0.3426080
-1.6160580 -0.4985710
-1.4601321 -0.4618513
-1.5242413 -0.7042161
-1.4729171 -0.8630027
-1.3206491 -0.7961504
-1.3946115 -1.0669638
-1.2920653 -1.2237368
-1.1476794 -1.1188284
-1.1823230 -1.4270421
-1.0324332 -1.5765158
-0.8990331 -1.4232193
-0.8776503 -1.7727054
-0.6689910 -1.9044939
-0.5494944 -1.6901631
-0.4558032 -2.0781965
-0.1776505 -2.1736367
-0.0821152 -1.8892447
0.0911356 -2.2936800
0.4427646 -2.3240700
0.4709066 -1.9781172
0.7735217 -2.3331590
1.1655459 -2.2815974
1.0987383 -1.8869438
1.5404843 -2.1171057
1.8844384 -1.9683987
1.7296197 -1.5691557
2.2897143 -1.5677240
2.5556908 -1.2973174
2.2449107 -1.0227137
2.8731780 -0.6929064
2.9760835 -0.3658870
2.5238063 -0.2828503
3.1513517 0.4637134
2.9628041 0.7695373
2.4510827 0.6121981
2.8550978 1.3358785
2.5275350 1.7505214
2.0736587 1.4094989
2.2065566 2.0505679
1.8101515 2.3869925
1.4806020 1.9609762
1.3836296 2.4630008
0.9947738 2.6393507
0.8164799 2.2292817
0.5761823 2.5617223
0.2485539 2.5868387
0.2013128 2.2511544
-0.0990917 2.4289753
-0.3488988 2.3506866
-0.3020655 2.1037695
-0.6095611 2.1625400
-0.7844884 2.0263286
-0.6630758 1.8602624
-0.9650476 1.8369848
-1.0839467 1.6770711
-0.9237825 1.5716138
-1.2030296 1.4986033
-1.2784700 1.3333994
-1.1118084 1.2686753
-1.3558335 1.1680014
-1.4025733 1.0069861
-1.2413131 0.9681209
-1.4467800 0.8524192
-1.4877861 0.6991970
-1.3315958 0.6770399
-1.4863625 0.5507962
-1.5823898 0.4026565
-1.4188336 0.3921982
-1.3779408 0.2561170
-1.7564546 0.0985408
-1.6149205 0.0955437
0.0000000 0.0000000
0.0000000 0.0000000
-1.4642164 -0.1018435
-1.2890112 -0.0920011
-1.1839492 -0.2973723
-1.2727053 -0.4247704
-1.1406375 -0.3878878
-1.1971668 -0.6026250
-1.1439188 -0.7297993
-1.0156391 -0.6643695
-1.0734346 -0.8995723
-0.9764888 -1.0204740
-0.8560729 -0.9219038
-0.8788357 -1.1808524
-0.7435306 -1.2895491
-0.6337020 -1.1519535
-0.6105900 -1.4327502
-0.4317378 -1.5198070
-0.3346346 -1.3374503
-0.2573908 -1.6304636
-0.0322499 -1.6819323
0.0414204 -1.4537514
0.1763935 -1.7327731
0.4392114 -1.7346935
0.4576343 -1.4722400
0.6831409 -1.6921053
0.9518988 -1.6379501
0.9035478 -1.3567623
1.2140939 -1.4659687
1.4356551 -1.3504130
1.3215142 -1.0880582
1.7009846 -1.0369401
1.8581252 -0.8506080
1.6471736 -0.6790043
2.0626431 -0.4148705
2.1081786 -0.2039768
1.8152540 -0.1533873
2.2215002 0.3383158
2.1052260 0.5452021
1.7703133 0.4525324
2.0571675 0.9576364
1.8430997 1.2209766
1.5289880 1.0093571
1.6579694 1.4685545
1.3936250 1.7031758
1.1453010 1.4252939
1.1274871 1.8037884
0.8564349 1.9554844
0.6938488 1.6669662
0.5698984 1.9419395
0.3261709 2.0005007
0.2481753 1.7417502
0.0652214 1.9131309
-0.1364114 1.8944504
-0.1435910 1.6844808
-0.3504209 1.7664106
-0.5027554 1.6942784
-0.4472987 1.5384541
-0.6671123 1.5500087
-0.7775558 1.4469763
-0.6781810 1.3377334
-0.8959256 1.2990148
-0.9727212 1.1804225
-0.8514497 1.1064625
-1.0552198 1.0343320
-1.1050805 0.9095357
-0.9777358 0.8612493
-1.1583171 0.7669131
-1.1998650 0.6407039
-1.0678481 0.6114219
-1.2091660 0.4998413
-1.2930740 0.3725975
-1.1485571 0.3581228
-1.1258879 0.2319359
-1.4437741 0.0921820
-1.3159996 0.0877727
0.0000000 0.0000000
0.0000000 0.0000000
-1.1405191 -0.0857301
-0.9940631 -0.0763003
-0.9217324 -0.2521742
-0.9857983 -0.3556069
-0.8746508 -0.3213598
-0.9261469 -0.5054455
-0.8758572 -0.6070883
-0.7684172 -0.5473796
-0.8160636 -0.7454457
-0.7300962 -0.8389783
-0.6300451 -0.7516553
-0.6476036 -0.9629703
-0.5315705 -1.0427828
-0.4418348 -0.9251145
-0.4224265 -1.1447064
-0.2753358 -1.2032535
-0.1985535 -1.0536088
-0.1373498 -1.2692686
0.0375058 -1.2972054
0.0918100 -1.1190430
0.1976889 -1.3085030
0.3899558 -1.2992349
0.4008412 -1.1033428
0.5686036 -1.2365123
0.7536653 -1.1874470
0.7155755 -0.9880726
0.9399838 -1.0340044
1.0857167 -0.9433396
0.9989615 -0.7682941
1.2646428 -0.7018524
1.3619286 -0.5691860
1.2118009 -0.4568341
1.4972560 -0.2514484
1.5190694 -0.1042978
1.3172181 -0.0721395
1.5938089 0.2645263
1.5181732 0.4154211
1.2883537 0.3568433
1.4956801 0.7156364
1.3536775 0.8952807
1.1297230 0.7582693
1.2413841 1.0942860
1.0615958 1.2614274
0.8728754 1.0746750
0.8905405 1.3619752
0.6984934 1.4834061
0.5627462 1.2793480
0.5027662 1.5006150
0.3219285 1.5636922
0.2414611 1.3693155
0.1303856 1.5195661
-0.0262731 1.5273527
-0.0561812 1.3588858
-0.1939804 1.4427495
-0.3207137 1.4068273
-0.3001378 1.2725339
-0.4575924 1.2993866
-0.5538298 1.2332505
-0.4940559 1.1325709
-0.6599204 1.1140269
-0.7298378 1.0286040
-0.6443796 0.9562904
-0.8074104 0.9037803
-0.8558969 0.8071625
-0.7562011 0.7572396
-0.9083298 0.6795909
-0.9467407 0.5763232
-0.8377290 0.5448670
-0.9617170 0.4466677
-1.0312558 0.3383467
-0.9069594 0.3223214
-0.8979055 0.2071892
-1.1583824 0.0843553
-1.0441513 0.0795264
0.0000000 0.0000000
0.0000000 0.0000000
-0.8708336 -0.0715377
-0.7497188 -0.0630143
-0.7042606 -0.2106659
-0.7493679 -0.2950014
-0.6558360 -0.2649215
-0.7039472 -0.4190280
-0.6594504 -0.5007181
-0.5694184 -0.4490873
-0.6112908 -0.6117364
-0.5384960 -0.6850713
-0.4555463 -0.6111768
-0.4718863 -0.7796871
-0.3768442 -0.8395104
-0.3035254 -0.7427694
-0.2901292 -0.9106019
-0.1736263 -0.9513496
-0.1132401 -0.8322507
-0.0674549 -0.9877725
0.0649541 -1.0032858
0.1038385 -0.8668515
0.1859822 -0.9937211
0.3240986 -0.9804206
0.3299338 -0.8360780
0.4552355 -0.9142435
0.5834717 -0.8717465
0.5518266 -0.7306646
0.7150430 -0.7422360
0.8137138 -0.6706329
0.7448171 -0.5510948
0.9363368 -0.4833637
0.9973413 -0.3846119
0.8871357 -0.3092944
1.0904220 -0.1501050
1.1011320 -0.0404927
0.9552774 -0.0191192
1.1503160 0.2197609
1.1005650 0.3352101
0.9346778 0.2966783
1.0898780 0.5562666
0.9935251 0.6868920
0.8293393 0.5953098
0.9240533 0.8446149
0.7997159 0.9680237
0.6548117 0.8401361
0.6869603 1.0591912
0.5511313 1.1550281
0.4389191 1.0101850
0.4168264 1.1854500
0.2831663 1.2433718
0.2100451 1.0992383
0.1455736 1.2245557
0.0257525 1.2429543
-0.0106844 1.1122553
-0.1018016 1.1879917
-0.2022059 1.1716704
-0.2008361 1.0622721
-0.3108644 1.0925605
-0.3910749 1.0494313
-0.3551066 0.9632660
-0.4786220 0.9546308
-0.5384210 0.8920617
-0.4783111 0.8276578
-0.6056328 0.7873654
-0.6480805 0.7112942
-0.5710211 0.6656248
-0.6943701 0.5998897
-0.7275886 0.5146276
-0.6377575 0.4848267
-0.7430494 0.3977669
-0.7979026 0.3048465
-0.6919793 0.2894049
-0.6942264 0.1849501
-0.9011087 0.0766623
-0.7988608 0.0721846
0.0000000 0.0000000
0.0000000 0.0000000
-0.6477160 -0.0596409
-0.5474654 -0.0523996
-0.5250896 -0.1747526
-0.5555041 -0.2446702
-0.4761695 -0.2195369
-0.5225719 -0.3462468
-0.4853724 -0.4131142
-0.4092055 -0.3705130
-0.4482271 -0.5015705
-0.3894692 -0.5604553
-0.3199725 -0.5005546
-0.3380933 -0.6320223
-0.2632354 -0.6784578
-0.2032403 -0.6016709
-0.1968929 -0.7273503
-0.1083483 -0.7568756
-0.0603555 -0.6649681
-0.0285030 -0.7748801
0.0691670 -0.7836315
0.0973731 -0.6814387
0.1580034 -0.7639670
0.2566803 -0.7499021
0.2577734 -0.6446736
0.3514101 -0.6873896
0.4393474 -0.6504987
0.4123858 -0.5511277
0.5328051 -0.5434817
0.5997916 -0.4852414
0.5436288 -0.4028226
0.6832375 -0.3386094
0.7234206 -0.2615105
0.6375551 -0.2099416
0.7874454 -0.0848774
0.7919212 0.0018230
0.6822980 0.0160712
0.8263280 0.1910726
0.7926694 0.2837434
0.6675032 0.2579861
0.7867876 0.4496047
0.7220125 0.5501475
0.5957193 0.4880446
0.6782380 0.6750599
0.5917001 0.7703950
0.4781365 0.6818684
0.5178235 0.8493499
0.4216436 0.9263173
0.3290119 0.8236563
0.3293248 0.9608913
0.2329160 1.0115399
0.1673330 0.9061857
0.1354935 1.0072396
0.0456322 1.0289038
0.0092813 0.9300252
-0.0475602 0.9935457
-0.1248014 0.9877660
-0.1325378 0.9020447
-0.2077146 0.9294046
-0.2704434 0.9003715
-0.2501085 0.8308511
-0.3388362 0.8253738
-0.3873586 0.7781634
-0.3441986 0.7249340
-0.4405726 0.6911562
-0.4749340 0.6298639
-0.4151710 0.5918746
-0.5121795 0.5338535
-0.5376541 0.4619111
-0.4641397 0.4372084
-0.5500414 0.3581419
-0.5907438 0.2762868
-0.4998579 0.2631650
-0.5116537 0.1679185
-0.6698176 0.0698067
-0.5745623 0.0651440
0.0000000 0.0000000
0.0000000 0.0000000
-0.4625726 -0.0502309
-0.3781349 -0.0444241
-0.3768781 -0.1454194
-0.3959070 -0.2052521
-0.3270949 -0.1854357
-0.3736463 -0.2880833
-0.3441489 -0.3448080
-0.2784917 -0.3112984
-0.3173230 -0.4152685
-0.2726644 -0.4643454
-0.2128848 -0.4177996
-0.2350258 -0.5186322
-0.1790504 -0.5564311
-0.1285733 -0.4976561
-0.1310479 -0.5896921
-0.0663149 -0.6126261
-0.0280386 -0.5433977
-0.0088782 -0.6194440
0.0600998 -0.6244080
0.0811678 -0.5491921
0.1236367 -0.6007742
0.1921772 -0.5867854
0.1904669 -0.5109810
0.2578498 -0.5302780
0.3182682 -0.4976276
0.2929313 -0.4275209
0.3825419 -0.4089283
0.4267098 -0.3592420
0.3795880 -0.3022932
0.4840688 -0.2431241
0.5102448 -0.1789339
0.4398899 -0.1431836
0.5526341 -0.0426700
0.5554593 0.0299054
0.4669901 0.0398173
0.5792465 0.1721769
0.5559305 0.2506205
0.4569695 0.2331678
0.5540771 0.3776640
0.5105364 0.4600742
0.4089077 0.4178087
0.4824827 0.5600430
0.4242327 0.6375819
0.3302817 0.5761963
0.3763471 0.7050000
0.3093978 0.7690138
0.2313901 0.6961832
0.2481081 0.8032811
0.1801020 0.8476354
0.1217263 0.7711687
0.1127957 0.8513593
0.0487217 0.8731978
0.0128933 0.7995580
-0.0168623 0.8507820
-0.0739202 0.8503349
-0.0854634 0.7846677
-0.1332481 0.8069469
-0.1799590 0.7865582
-0.1687647 0.7323362
-0.2303320 0.7270339
-0.2662408 0.6901057
-0.2353939 0.6485378
-0.3051015 0.6181006
-0.3303239 0.5676072
-0.2837315 0.5389273
-0.3561278 0.4856769
-0.3728704 0.4237138
-0.3132707 0.4070023
-0.3786434 0.3323026
-0.4023925 0.2588041
-0.3276578 0.2497919
-0.3407809 0.1609108
-0.4590081 0.0596696
-0.3684786 0.0475150
0.0000000 0.0000000
0.0000000 0.0000000
-0.3063850 -0.0434144
-0.2322156 -0.0392315
-0.2524039 -0.1229002
-0.2621464 -0.1767375
-0.2002214 -0.1620703
-0.2489861 -0.2447362
-0.2274209 -0.2955590
-0.1685313 -0.2696990
-0.2101923 -0.3519534
-0.1787248 -0.3956593
-0.1256768 -0.3591331
-0.1536473 -0.4371077
-0.1153594 -0.4702843
-0.0709621 -0.4238232
-0.0831720 -0.4927685
-0.0394458 -0.5125093
-0.0072633 -0.4574687
-0.0019043 -0.5121595
0.0443838 -0.5155952
0.0598963 -0.4564253
0.0861522 -0.4905189
0.1306807 -0.4769331
0.1273859 -0.4187136
0.1739456 -0.4263111
0.2132853 -0.3963199
0.1892357 -0.3436407
0.2542343 -0.3215193
0.2833337 -0.2766844
0.2399612 -0.2345695
0.3200550 -0.1822553
0.3357872 -0.1249622
0.2753439 -0.0986064
0.3639694 -0.0169890
0.3657127 0.0482829
0.2896720 0.0557880
0.3804879 0.1595093
0.3664552 0.2299083
0.2814218 0.2171833
0.3665463 0.3304527
0.3382427 0.4028163
0.2518666 0.3712969
0.3222897 0.4843627
0.2846743 0.5516858
0.2030480 0.5051185
0.2548528 0.6098221
0.2116178 0.6655455
0.1418731 0.6086292
0.1731566 0.6984121
0.1278862 0.7379143
0.0750209 0.6758614
0.0850366 0.7462618
0.0420591 0.7670687
0.0076946 0.7048917
-0.0010168 0.7534310
-0.0394701 0.7549591
-0.0533617 0.6976286
-0.0786981 0.7226756
-0.1109058 0.7067060
-0.1047413 0.6584298
-0.1442679 0.6593605
-0.1685438 0.6289423
-0.1455107 0.5918049
-0.1940242 0.5696544
-0.2093587 0.5275477
-0.1733541 0.5027483
-0.2238477 0.4583585
-0.2297599 0.4065647
-0.1877293 0.3917948
-0.2289982 0.3240486
-0.2242739 0.2696990
-0.1950260 0.2369089
-0.1863410 0.1554969
-0.1990589 0.1134807
-0.2087181 -0.0484809
0.0000000 0.0000000
0.0000000 0.0000000
-0.1698810 -0.0395939
-0.1017133 -0.0372457
-0.1443043 -0.1073158
-0.1459144 -0.1598908
-0.0878589 -0.1416908
-0.1408211 -0.2165937
-0.1273700 -0.2667780
-0.0717425 -0.2300110
-0.1185911 -0.3121992
-0.0998588 -0.3561479
-0.0504402 -0.3010928
-0.0868112 -0.3872447
-0.0642394 -0.4212653
-0.0244034 -0.3493702
-0.0469653 -0.4350305
-0.0220759 -0.4561695
0.0055274 -0.3710552
-0.0016887 -0.4496937
0.0247688 -0.4548935
0.0368796 -0.3668118
0.0470463 -0.4273912
0.0726530 -0.4159769
0.0672503 -0.3325937
0.0961001 -0.3679392
0.1181411 -0.3400144
0.0948132 -0.2683578
0.1406634 -0.2734502
0.1575979 -0.2305692
0.1162302 -0.1767916
0.1768670 -0.1494226
0.1864117 -0.0944022
0.1297287 -0.0637262
0.2022396 -0.0039540
0.2029793 0.0596166
0.1341215 0.0632860
0.2124147 0.1512231
0.2050462 0.2198875
0.1276436 0.1948805
0.2055359 0.3039538
0.1906775 0.3730157
0.1114835 0.3197874
0.1830762 0.4433640
0.1621077 0.5063843
0.0878385 0.4278612
0.1471099 0.5592235
0.1229989 0.6103812
0.0586763 0.5114859
0.1024581 0.6436776
0.0772439 0.6790308
0.0275508 0.5659931
0.0541501 0.6923302
0.0295996 0.7100700
-0.0027213 0.5898659
0.0063892 0.7043039
-0.0157518 0.7036642
-0.0302986 0.5870566
-0.0375144 0.6811938
-0.0560970 0.6642675
-0.0530824 0.5592759
-0.0746703 0.6278470
-0.0887167 0.5982602
-0.0697953 0.5088856
-0.1026329 0.5504471
-0.1097520 0.5135031
-0.0792637 0.4429740
-0.1171058 0.4550367
-0.1051753 0.4244556
-0.0905653 0.3655849
-0.1189627 0.3262478
-0.0097732 0.3755536
-0.1690987 0.2470327
-0.0819488 0.0881301
0.3111494 0.3733771
-0.2445538 -0.2049377
0.0000000 0.0000000
0.0000000 0.0000000
-0.0399966 -0.0401265
0.0000000 0.0000000
-0.0388314 -0.1017245
-0.0355647 -0.1669422
0.0000000 0.0000000
-0.0353093 -0.2172116
-0.0313847 -0.2769574
0.0000000 0.0000000
-0.0297851 -0.3189023
-0.0249833 -0.3678834
0.0000000 0.0000000
-0.0221837 -0.3982132
-0.0163192 -0.4331484
0.0000000 0.0000000
-0.0124301 -0.4486048
-0.0056303 -0.4666334
0.0000000 0.0000000
-0.0004324 -0.4638689
0.0061627 -0.4624267
0.0000000 0.0000000
0.0118473 -0.4408766
0.0181994 -0.4196565
0.0000000 0.0000000
0.0239117 -0.3793844
0.0294161 -0.3391711
0.0000000 0.0000000
0.0351312 -0.2820320
0.0391612 -0.2248784
0.0000000 0.0000000
0.0443292 -0.1546342
0.0467388 -0.0835862
0.0000000 0.0000000
0.0507597 -0.0055944
0.0508645 0.0756063
0.0000000 0.0000000
0.0542057 0.1542360
0.0516262 0.2408533
0.0000000 0.0000000
0.0532762 0.3132644
0.0486252 0.3988526
0.0000000 0.0000000
0.0482319 0.4593777
0.0419054 0.5372851
0.0000000 0.0000000
0.0400420 0.5818083
0.0325051 0.6462386
0.0000000 0.0000000
0.0293608 0.6723931
0.0213605 0.7192758
0.0000000 0.0000000
0.0172835 0.7263826
0.0093230 0.7537638
0.0000000 0.0000000
0.0047714 0.7420792
-0.0023702 0.7492766
0.0000000 0.0000000
-0.0066925 0.7214848
-0.0125604 0.7099664
0.0000000 0.0000000
-0.0162126 0.6694808
-0.0208640 0.6421560
0.0000000 0.0000000
-0.0238706 0.5933146
-0.0287396 0.5540755
0.0000000 0.0000000
-0.0373282 0.4980992
-0.0084065 0.5031804
0.0000000 0.0000000
-0.1153967 0.3414418
0.2145129 0.7352662
0.0000000 0.0000000
-0.2764207 -0.0883938
1.2187747 1.2799098
0.0000000 0.0000000
0.0000000 0.0000000
-39.63448
-39.45042
-40.76995
-43.08936
-46.47633
-51.06365
-56.99301
-64.59992
-74.68139
-89.51672
-116.0464
-171.1957
-249.7738
-46.13376
-84.78755
-36.91163
-31.48152
-29.08081
-27.69891
-26.82302
-26.12137
-25.53204
-25.09242
-24.8131
-24.66845
-24.80984
-39.50331
-39.5652
-40.92781
-43.26685
-46.69446
-51.32335
-57.29302
-64.85845
-74.55716
-87.83861
-109.8111
-171.9771
-196.4576
-2.089667
-79.64252
-38.61405
-31.203
-29.01641
-27.88709
-27.02217
-26.30285
-25.68869
-25.21873
-24.90836
-24.74752
-24.84628
-39.79719
-40.00228
-41.45882
-43.90096
-47.51889
-52.41455
-58.66252
-66.28179
-75.05986
-84.17898
-89.23619
-86.50869
-96.68365
-29.46445
-12.98132
-28.30693
-29.44613
-29.41614
-28.92305
-28.10293
-27.21889
-26.42947
-25.81434
-25.43294
-25.2025
-25.26028
-40.19243
-40.52701
-42.09558
-44.78108
-48.75319
-54.20426
-61.17929
-69.52429
-78.3355
-84.96533
-83.35953
-72.76679
-38.6032
26.84916
-3.592757
-22.39075
-29.82029
-31.69957
-31.23609
-30.11617
-28.7991
-27.65502
-26.78679
-26.24767
-25.93023
-25.94139
-40.46032
-40.9145
-42.63183
-45.67632
-50.22374
-56.53201
-64.80051
-75.17903
-86.41754
-94.8971
-86.26251
-58.94941
-42.12937
-6.024898
-19.97751
-33.43514
-38.51486
-37.2666
-35.52777
-33.24412
-31.00254
-29.2678
-28.02607
-27.24125
-26.80555
-26.76417
-40.33479
-40.88519
-42.76136
-46.20467
-51.5361
-59.27449
-69.86012
-83.43126
-103.8891
-118.2529
-112.4406
-97.81618
-78.88696
-63.96806
-42.97621
-53.98717
-56.99169
-47.85301
-42.14543
-37.43577
-33.69791
-31.10124
-29.35064
-28.25051
-27.66706
-27.56045
-39.50266
-40.12439
-42.11201
-45.87969
-51.98724
-61.46075
-75.91174
-95.9492
-128.1211
-139.1497
-132.8842
-116.6759
-100.1825
-81.59527
-71.65575
-78.18299
-77.61454
-63.33125
-50.25743
-41.98391
-36.46777
-32.84686
-30.49489
-29.04458
-28.29866
-28.11672
-37.5982
-38.28644
-40.29702
-44.18681
-50.73025
-61.43326
-79.68459
-110.6773
-146.2654
-157.1526
-152.4196
-138.8732
-119.7988
-98.92726
-96.7849
-100.332
-95.50585
-77.97208
-57.55429
-45.77181
-38.62542
-34.03449
-31.10823
-29.33442
-28.43607
-28.19698
-34.40246
-35.06589
-36.95905
-40.66691
-47.01307
-57.65884
-76.68224
-116.7789
-159.6927
-168.5515
-164.0818
-154.7683
-128.9499
-115.3727
-113.5084
-115.6097
-106.1724
-86.33922
-61.89713
-47.81915
-39.42666
-34.16372
-30.84943
-28.85402
-27.8337
-27.57432
-29.94198
-30.42835
-32.12676
-35.32225
-40.70076
-49.85973
-65.98398
-101.2418
-153.3578
-168.9442
-172.3467
-144.7437
-120.6085
-124.1991
-122.5836
-122.5529
-111.8562
-86.73611
-61.42162
-47.07497
-38.32899
-32.89474
-29.50129
-27.45373
-26.37745
-26.1318
-24.5651
-24.92387
-26.20448
-28.59699
-32.56038
-39.16638
-49.62339
-73.77118
-108.8662
-135.2861
-123.2064
-113.9766
-102.1269
-120.6704
-130.8896
-129.3619
-112.3282
-79.49646
-56.20373
-42.88534
-34.97425
-30.09134
-27.03281
-25.17285
-24.17905
-23.94284
-18.63383
-18.87762
-19.66393
-21.09633
-23.38497
-27.209
-32.96986
-42.86402
-54.47808
-59.37471
-46.72144
-51.74792
-51.36049
-82.70963
-112.4577
-116.994
-93.88486
-62.2854
-45.47802
-35.72005
-29.75165
-25.99402
-23.60566
-22.12971
-21.32446
-21.122
-12.58009
-12.71312
-13.01857
-13.52962
-14.23592
-15.2805
-16.21383
-18.02337
-17.89253
-18.60221
-9.306981
-3.938291
-3.821678
-26.73314
-54.92388
-66.19391
-55.55954
-39.3369
-31.89137
-26.86458
-23.4174
-21.08897
-19.54533
-18.56131
-18.00599
-17.85408
-6.79198
-6.829822
-6.731104
-6.473208
-5.906566
-4.888886
-2.846821
0.1782364
5.676919
11.00306
22.75033
36.37135
36.10906
18.52266
-6.728901
-17.44655
-20.16576
-20.07899
-19.03764
-17.89136
-16.8065
-15.90236
-15.22175
-14.74845
-14.45854
-14.36407
-1.560572
-1.526245
-1.139031
-0.3551292
0.9989277
3.123632
6.436309
11.02366
17.8629
26.12913
36.49943
47.0751
50.09677
40.62218
24.07223
8.660583
-0.6564415
-5.935239
-8.642505
-9.997469
-10.64334
-10.90069
-10.96927
-10.95523
-10.91045
-10.87284
2.937766
3.019576
3.569654
4.621594
6.305329
8.777912
12.26114
16.88769
22.91703
29.94416
37.07026
43.47539
45.3627
39.08337
29.30177
18.36668
9.487485
3.162648
-1.004449
-3.670574
-5.35923
-6.413028
-7.042051
-7.392131
-7.549675
-7.563187
6.640152
6.750031
7.361225
8.486666
10.20259
12.60365
15.79348
19.84251
24.68131
29.91592
34.82279
38.29198
38.83842
35.08494
28.69696
21.22684
14.22525
8.505339
4.19427
1.083141
-1.104151
-2.607361
-3.596357
-4.200785
-4.508242
-4.564644
9.576471
9.702284
10.3081
11.38934
12.97885
15.11741
17.83346
21.11229
24.78679
28.48894
31.64477
33.58811
33.56005
31.06783
26.74973
21.49552
16.19086
11.45371
7.544779
4.483093
2.169033
0.4789314
-0.6979733
-1.454957
-1.861427
-1.952099
11.8363
11.96956
12.53217
13.50851
14.90145
16.71372
18.9282
21.47169
24.16718
26.72265
28.74156
29.8232
29.55945
27.74378
24.67376
20.85188
16.81246
12.98594
9.623243
6.828463
4.598824
2.892715
1.654162
0.8263334
0.3640302
0.2469311
13.53665
13.66865
14.16717
15.01226
16.18879
17.6758
19.43073
21.35962
23.30741
25.05385
26.33568
26.90574
26.53398
25.1202
22.82271
19.93775
16.79991
13.70554
10.86402
8.396886
6.347265
4.721091
3.501729
2.661959
2.177569
2.041078
14.79627
14.91712
15.34006
16.04548
17.01061
18.20267
19.56825
21.01467
22.414
23.60287
24.40402
24.65977
24.23267
23.07071
21.26618
19.00225
16.49799
13.96136
11.55919
9.405453
7.562476
6.060028
4.905942
4.093802
3.612439
3.461904
15.71875
15.81878
16.16129
16.72943
17.49989
18.43725
19.48705
20.56644
21.57136
22.37958
22.86589
22.92473
22.46889
21.46971
19.98627
18.1386
16.07668
13.95227
11.89754
10.0135
8.367458
7.000528
5.934326
5.174439
4.715856
4.554361
16.38347
16.45571
16.71959
17.16207
17.76274
18.48911
19.29131
20.09783
20.82354
21.37357
21.65445
21.58945
21.11949
20.22771
18.95484
17.38547
15.62868
13.79998
12.00673
10.33861
8.861725
7.622077
6.649778
5.957482
5.536467
5.374436
16.84366
16.88547
17.0798
17.41744
17.88205
18.44572
19.06543
19.67827
20.21362
20.59389
20.74417
20.60307
20.1265
19.30375
18.16549
16.77579
15.22011
13.59194
11.98156
10.4714
9.124944
7.989911
7.103509
6.490268
6.138707
5.925336
17.13161
17.14154
17.28297
17.54577
17.91736
18.37382
18.87748
19.37062
19.79187
20.07347
20.14979
19.96674
19.48725
18.70319
17.64009
16.35153
14.91049
13.39863
11.89585
10.48262
9.218753
8.152036
7.323305
6.76742
6.475981
5.684173
17.2751
17.23412
17.34056
17.56814
17.89917
18.31062
18.76663
19.21576
19.59823
19.84877
19.90381
19.71003
19.23153
18.46017
17.41956
16.16045
14.75286
13.27597
11.80853
10.42541
9.186649
8.138755
7.31583
6.702949
5.664911
0
