0.0000000 0.0000000
0.0000000 0.0000000
0.0000000 0.0000000
0.0000000 0.0000000
0.0000000 0.0000000
0.0000000 0.0000000
0.0000000 0.0000000
0.0000000 0.0000000
0.0000000 0.0000000
0.0000000 0.0000000
0.0000000 0.0000000
0.0000000 0.0000000
0.0000000 0.0000000
0.0000000 0.0000000
0.0000000 0.0000000
0.0000000 0.0000000
0.0000000 0.0000000
0.0000000 0.0000000
0.0000000 0.0000000
0.0000000 0.0000000
0.0000000 0.0000000
0.0000000 0.0000000
0.0000000 0.0000000
0.0000000 0.0000000
0.0000000 0.0000000
0.0000000 0.0000000
0.0000000 0.0000000
-0.7675004 0.4378155
-1.7015454 1.5359623
-1.1404281 2.6677277
-0.7968718 3.5492980
-0.7782876 4.3361492
-0.8725443 5.2167492
-1.0196407 6.1589475
-1.3124746 7.2422872
-2.0116780 8.6188583
-3.5966022 10.6985273
-8.2787733 13.1578407
12.9346056 11.7716141
14.5791245 -7.3952565
-7.1396899 -8.6542330
-2.2865891 -6.9776454
-1.6091328 -4.8779597
-1.1052874 -3.7358096
-0.7616144 -2.9111974
-0.5608979 -2.3021321
-0.4462628 -1.8220633
-0.3771034 -1.4144297
-0.3609591 -1.0534109
-0.4514382 -0.6324753
-0.4380160 -0.2067310
0.0000000 0.0000000
0.0000000 0.0000000
-2.0126679 0.6200160
-2.7773929 1.7893986
-1.8894618 2.5164924
-1.6532094 3.3733864
-1.6948098 4.2635045
-1.7841458 5.1326742
-1.9768736 5.9667945
-2.4113486 6.7989707
-3.3947928 7.6109600
-5.4773564 7.8806214
1.1416533 7.8718829
18.7551689 9.3668184
23.6681404 -5.4861522
2.2532477 -3.4503965
-4.3026257 -5.1834397
-2.7323856 -4.1233115
-1.8817209 -3.1786280
-1.3395663 -2.5379117
-1.0234008 -2.0712872
-0.8492543 -1.6798790
-0.7488930 -1.3123572
-0.7049401 -0.9717606
-0.8401387 -0.6269508
-0.9188397 -0.2469403
0.0000000 0.0000000
0.0000000 0.0000000
-3.4063756 0.7785760
-3.4895778 1.8668762
-2.6530857 2.4651124
-2.5717375 3.3800054
-2.5583496 4.2436910
-2.5930345 5.0574479
-2.7120512 5.7761574
-3.0114236 6.2850556
-3.7231395 6.3849745
-5.6079321 5.8153524
-1.8944875 -1.7279930
21.5521030 6.2551646
35.0606308 -5.3820443
-4.9953132 -0.2701216
-7.9733825 -1.1043018
-3.9025810 -2.1487265
-2.3357944 -2.1976876
-1.6957989 -2.0634027
-1.3563614 -1.8297405
-1.1774399 -1.5539101
-1.0845186 -1.2523823
-1.0383214 -0.9313004
-1.1496816 -0.6396009
-1.3855194 -0.2787025
0.0000000 0.0000000
0.0000000 0.0000000
-4.7951050 0.8667398
-4.0421562 1.8543379
-3.5095434 2.4963648
-3.4570873 3.4057631
-3.4004929 4.2920208
-3.3477829 5.1257830
-3.2815347 5.8112516
-3.2298682 6.2090893
-3.2494395 6.0309734
-3.7715623 4.5176005
4.3243012 -3.7860258
13.2277136 2.2074547
36.2383881 -3.8282018
5.2269549 1.5958841
-4.4301424 -0.8427872
-3.0966380 -1.2510829
-2.1347289 -1.6209794
-1.7616965 -1.7372326
-1.5486813 -1.6571769
-1.4337349 -1.4634379
-1.3780916 -1.2144709
-1.3542960 -0.9156132
-1.4311260 -0.6462585
-1.8320122 -0.2976307
0.0000000 0.0000000
0.0000000 0.0000000
-6.0241175 0.8955781
-4.6157398 1.7892890
-4.3970494 2.5384266
-4.3520951 3.4446106
-4.3010826 4.3929358
-4.1368814 5.3473306
-3.9450264 6.2645960
-3.5470982 6.9091249
-2.6006460 6.7798133
-1.3952479 5.0948758
7.6230564 -3.3502808
14.1650019 1.3172079
35.6472931 -1.0994986
0.9931095 0.0444436
-2.0938463 -0.9434263
-2.1404490 -1.2454026
-1.7284956 -1.4984161
-1.6822671 -1.6486533
-1.6627264 -1.6106262
-1.6483819 -1.4420940
-1.6465870 -1.2094795
-1.6570860 -0.9219348
-1.7122601 -0.6523378
-2.2442732 -0.3131621
0.0000000 0.0000000
0.0000000 0.0000000
-7.0129514 0.8830118
-5.3148031 1.6939595
-5.2906098 2.5365336
-5.3031383 3.4693098
-5.2915902 4.5036511
-5.2248859 5.7410922
-5.1901050 7.0422096
-3.8747120 7.6015177
-1.5817914 6.9247227
1.1793026 4.7868009
10.7496681 -2.2114370
13.4489384 -0.1101373
33.3752785 -2.2326674
2.2665496 -1.3850082
-1.2891304 -1.7181442
-1.7498145 -1.8096855
-1.5051979 -1.7807018
-1.6344999 -1.8008299
-1.7880563 -1.7047795
-1.8682708 -1.5012038
-1.9174219 -1.2475518
-1.9586964 -0.9514400
-2.0081286 -0.6651994
-2.6194482 -0.3280261
0.0000000 0.0000000
0.0000000 0.0000000
-7.7385316 0.8429745
-6.1309733 1.5830461
-6.1946473 2.4595327
-6.3115678 3.4210296
-6.4974580 4.5717158
-6.8663387 6.0419559
-6.0987148 6.9696655
-3.3144510 6.6652226
0.0915648 5.4580474
4.4863491 3.3845792
13.0267467 -2.0284045
15.8574324 -1.0245278
36.2091904 1.3700590
2.0741999 -2.6557693
-0.6783739 -2.8884037
-1.6985549 -2.8023276
-1.5818460 -2.3854959
-1.7288187 -2.1448679
-1.9971316 -1.9168916
-2.1381512 -1.6308095
-2.2176716 -1.3243401
-2.2749460 -1.0001172
-2.3271093 -0.6852210
-2.9592011 -0.3421871
0.0000000 0.0000000
0.0000000 0.0000000
-8.2265568 0.7860848
-6.9756856 1.4543463
-7.0969000 2.2957649
-7.3653626 3.2414832
-7.8801651 4.4323907
-8.2380800 5.7148418
-5.7957129 5.7634821
-2.1347902 4.9779572
2.3079698 3.3456180
6.8509469 1.3784659
14.7240229 -2.2909532
19.2212486 -1.8864576
36.8815804 -7.8433166
2.4069700 -2.9048796
0.5750680 -3.4906573
-1.7992339 -3.7127419
-2.0096357 -3.1651657
-2.0356617 -2.6209388
-2.3426874 -2.1989946
-2.4877861 -1.8012156
-2.5668573 -1.4220601
-2.6177683 -1.0556097
-2.6726675 -0.7068242
-3.2654800 -0.3533462
0.0000000 0.0000000
0.0000000 0.0000000
-8.5100641 0.7086407
-7.7524686 1.3004272
-7.9468203 2.0528021
-8.4048920 2.9019873
-9.1526699 3.8619969
-8.6506987 4.6653795
-5.0723677 4.2682052
-0.4585113 3.1105580
3.9036746 1.4645876
8.3200150 0.1996488
16.4086132 -2.6336985
22.8017368 -4.2871814
33.3673286 -2.9827001
6.6810112 -2.7691731
1.2148170 -4.6151509
-2.1712234 -4.6756063
-2.8400755 -3.8875237
-2.6015635 -3.0898762
-2.8421845 -2.4788735
-2.9320967 -1.9658239
-2.9718606 -1.5108979
-2.9919446 -1.0998563
-3.0397141 -0.7195793
-3.5399094 -0.3574115
0.0000000 0.0000000
0.0000000 0.0000000
-8.6494312 0.6104313
-8.3973646 1.1097454
-8.6808681 1.7399437
-9.3132582 2.4239924
-10.0976973 3.0338163
-8.3655338 3.4169939
-4.0377712 2.8376043
0.7545905 1.6908312
5.5926867 0.1021880
9.2770033 -0.9115003
16.9240532 -3.0793061
29.9753208 -11.3262787
18.1034184 -5.3693743
8.0621080 -4.8920817
1.5689238 -5.5962815
-2.6778853 -5.3465190
-3.8478422 -4.4477763
-3.4128366 -3.4371152
-3.4791288 -2.6852081
-3.4627619 -2.0750151
-3.4265277 -1.5569348
-3.3923578 -1.1107458
-3.4160736 -0.7114014
-3.7811170 -0.3491288
0.0000000 0.0000000
0.0000000 0.0000000
-8.7061577 0.4908336
-8.8914080 0.8677161
-9.2719679 1.3441585
-10.0632858 1.8540162
-10.7163382 2.1209300
-7.7633677 2.2369592
-2.8998017 1.4519324
1.9536666 0.5574229
7.0123439 -1.2136546
11.1597443 -2.6964710
17.4640503 -4.0145330
36.7696190 -10.8326645
11.9598274 -5.9792137
7.7474546 -5.8795581
1.5205146 -5.9672618
-3.3491793 -5.7252712
-5.0146770 -4.7545013
-4.4217496 -3.6118522
-4.2220278 -2.7686646
-4.0535235 -2.0855989
-3.9099543 -1.5281920
-3.8031461 -1.0675858
-3.7827289 -0.6699859
-3.9840488 -0.3246550
0.0000000 0.0000000
0.0000000 0.0000000
-8.7191725 0.3431619
-9.2352943 0.5804924
-9.7024012 0.8852731
-10.6046839 1.1939965
-11.1116362 1.2444038
-7.0248237 1.1810266
-1.7731870 0.6141675
3.3827469 -0.7674974
7.6074576 -1.3094282
13.4957752 -3.5899584
22.1410446 -6.5947785
39.5240059 -11.1029816
12.4590359 -5.5922589
7.8175507 -5.6957436
1.8164808 -5.7338228
-3.9633162 -5.7031727
-6.2778759 -4.5638881
-5.5568013 -3.5466866
-5.0303617 -2.6673496
-4.6650648 -1.9549737
-4.3904605 -1.3969922
-4.1975384 -0.9542139
-4.1148338 -0.5868870
-4.1460600 -0.2802503
0.0000000 0.0000000
0.0000000 0.0000000
-8.7128582 0.1868269
-9.4253654 0.2410356
-9.9573784 0.3535630
-10.9988155 0.5225771
-11.3089237 0.4261640
-6.2777009 0.2652212
-0.7800531 -0.0793064
4.2311258 -1.6381136
8.9771023 -2.1185782
14.2368145 -2.7424252
32.3185005 -10.4507294
28.9600849 -8.1533356
13.4578810 -5.2525978
7.8819456 -4.9627013
2.3225477 -4.8059244
-4.1968141 -5.0659776
-7.5399323 -3.7415020
-6.7359285 -3.1509495
-5.8161349 -2.3263822
-5.2414985 -1.6527770
-4.8291769 -1.1466188
-4.5442963 -0.7620263
-4.3882709 -0.4574772
-4.2656450 -0.2153880
0.0000000 0.0000000
0.0000000 0.0000000
-8.7015305 0.0068909
-9.4372311 -0.1343999
-10.0219841 -0.2247691
-11.1847382 -0.2680785
-11.2407513 -0.6479313
-5.7738624 -0.6347336
-0.1364775 -0.8905419
4.5813761 -1.5419108
10.2634468 -3.3089871
17.7815132 -3.6703618
38.1770668 -12.8013783
19.9800758 -6.8536587
12.5354071 -5.2422900
7.4264750 -4.2251701
2.1863272 -3.7401237
-3.9159601 -3.8582640
-8.6716890 -2.2977679
-7.7426467 -2.3786378
-6.5009336 -1.7090992
-5.7276392 -1.1625284
-5.1825314 -0.7719518
-4.8087196 -0.4924914
-4.5799375 -0.2850818
-4.3384047 -0.1277318
0.0000000 0.0000000
0.0000000 0.0000000
-8.5086565 -0.1852694
-9.2360334 -0.5357827
-9.8454151 -0.8695017
-11.1079330 -1.1316931
-11.2072334 -1.6169626
-5.4615302 -1.3587681
0.5370350 -1.7437750
5.0945473 -1.6046330
10.8142405 -2.8566682
25.6572590 -7.2501812
40.3084984 -9.8269091
15.2899218 -6.2868853
10.9016294 -4.1310310
6.5837779 -3.1761906
1.2539691 -2.6389098
-3.5220549 -2.1093366
-9.3357449 -0.9156689
-8.4834099 -1.1533277
-6.9580112 -0.8093956
-6.0404782 -0.5025039
-5.3994670 -0.2947465
-4.9586272 -0.1613778
-4.6779122 -0.0771575
-4.3786879 -0.0248284
0.0000000 0.0000000
0.0000000 0.0000000
-8.1120033 -0.3798644
-8.8073950 -0.9411139
-9.4108362 -1.5215144
-10.6926289 -2.1230521
-11.1157131 -3.0258956
-5.5783925 -2.4295793
0.3809041 -2.4492133
5.5646138 -2.4085801
11.6590729 -2.5747199
28.6451740 -8.9069223
38.7108116 -11.2433996
14.3760748 -4.5439429
9.6748562 -3.0167820
6.1946664 -2.0477202
0.2967066 -1.5530503
-4.6143618 -0.4208519
-10.0530519 0.6112795
-8.7083464 0.2607059
-7.1368980 0.2399329
-6.1453414 0.2548337
-5.4515171 0.2445693
-4.9726844 0.2081096
-4.6633954 0.1539765
-4.3424039 0.0861406
0.0000000 0.0000000
0.0000000 0.0000000
-7.5192223 -0.5649990
-8.1500454 -1.3273261
-8.6937666 -2.1411710
-9.7627363 -3.0900192
-10.8481522 -4.3768425
-6.1711922 -4.0800261
0.2357493 -3.1826987
6.1610751 -3.7937081
16.2255497 -5.9790993
36.0295219 -8.6397972
27.1990585 -4.9262795
10.7320900 -3.3922410
7.7877717 -1.3608593
5.2591267 -0.7256972
-0.4219918 -0.0642519
-5.4373598 1.3163698
-10.1780720 2.5450587
-8.3863726 1.7218992
-6.9903769 1.3270099
-6.0129066 1.0387837
-5.3200569 0.8037183
-4.8374438 0.5923998
-4.5212469 0.3940584
-4.1931005 0.1993730
0.0000000 0.0000000
0.0000000 0.0000000
-6.7536716 -0.7261060
-7.2906647 -1.6567094
-7.7192507 -2.6705122
-8.4412374 -3.9314387
-9.9652977 -5.7803264
-6.7941828 -6.3349738
0.2219278 -4.6675143
7.3376045 -5.6910977
21.4285164 -8.1669941
31.8600769 -9.7288361
31.4513664 -6.8283110
12.5767012 -0.1900119
8.7417727 -0.0150437
3.0042865 0.4562713
-1.6816211 1.9022080
-6.2015014 3.9500399
-9.7273550 4.3687539
-7.7377501 2.9575562
-6.5243196 2.2833602
-5.6436763 1.7651534
-5.0038166 1.3337632
-4.5523410 0.9611592
-4.2509565 0.6262436
-3.9304039 0.3075281
0.0000000 0.0000000
0.0000000 0.0000000
-5.8531103 -0.8512664
-6.2759266 -1.9013487
-6.5524697 -3.0566435
-6.9321561 -4.4122353
-7.8375087 -6.3258386
-6.0781116 -8.6331100
0.6813962 -8.2120333
10.6076832 -7.8165531
22.6036434 -10.3202391
27.5802708 -1.3314705
19.0945053 1.7844920
10.6614103 1.8052908
5.9559569 3.0065160
2.2417133 3.3229878
-2.9763072 5.3385057
-7.6826277 7.2897167
-8.3229465 5.4808545
-6.8288651 4.0601101
-5.8220487 3.1036396
-5.0763435 2.3829522
-4.5258317 1.7970414
-4.1295624 1.2905923
-3.8605089 0.8355386
-3.5602772 0.4044199
0.0000000 0.0000000
0.0000000 0.0000000
-4.8667951 -0.9334875
-5.1687913 -2.0457377
-5.2843943 -3.2580292
-5.3795819 -4.6736641
-5.5161419 -6.5942092
-5.1328588 -9.3369274
0.0891753 -10.8057547
9.0939741 -10.0322638
19.2209568 -3.6730034
20.8736572 -4.0292821
23.1141071 -0.5381672
13.2338152 6.1650877
5.0862522 6.6885023
-0.4771708 6.8974171
-4.3546052 8.8527918
-7.7518587 8.8411713
-6.4061060 6.3672147
-5.5995960 4.8723001
-4.9097610 3.7585890
-4.3509903 2.8883357
-3.9190514 2.1721551
-3.5941741 1.5634892
-3.3673642 1.0125037
-3.0966098 0.4869590
0.0000000 0.0000000
0.0000000 0.0000000
-3.8446245 -0.9725375
-4.0410905 -2.0943587
-4.0376124 -3.2849605
-3.9593873 -4.6249599
-3.8000863 -6.1777172
-3.3266013 -7.9950981
-0.7044037 -10.2071781
5.6654248 -8.5424824
11.0473452 -7.4132395
15.9611425 -4.0822787
15.3325443 2.6179445
9.9765749 9.7276516
6.0718803 10.6655560
-0.3505782 12.6245422
-3.9775405 11.9324932
-4.6622972 8.7681952
-4.5979877 6.8022428
-4.2544518 5.3563628
-3.8656967 4.2136908
-3.5057414 3.2703481
-3.2037642 2.4699304
-2.9674926 1.7729491
-2.7916305 1.1501367
-2.5616391 0.5489290
0.0000000 0.0000000
0.0000000 0.0000000
-2.8297999 -0.9747359
-2.9416161 -2.0638990
-2.8672783 -3.1712813
-2.6794398 -4.3149295
-2.2963862 -5.4383984
-1.4758354 -6.5863175
0.3524713 -7.1957073
3.4181862 -7.4120536
6.7199826 -3.5214422
8.7930841 2.3564553
8.9814167 7.9270363
7.1040215 12.0049000
3.5998218 12.5023766
-0.1981762 12.0236320
-1.9494117 10.2018337
-2.7576151 8.4383354
-2.9985051 6.8983269
-2.9627261 5.5953622
-2.8053284 4.4875531
-2.6083779 3.5351150
-2.4217749 2.6959579
-2.2692108 1.9390635
-2.1483419 1.2520779
-1.9574977 0.6035689
0.0000000 0.0000000
0.0000000 0.0000000
-1.8499206 -0.9508871
-1.9063874 -1.9882199
-1.8025122 -3.0018158
-1.5789438 -3.9680576
-1.1786591 -4.7747774
-0.4365473 -5.2844715
0.7822688 -5.3725147
2.2030253 -4.6205964
3.7991045 -2.7566326
4.9178901 0.6462989
4.9384727 3.5163312
3.8256116 6.5198879
2.2792628 8.4955320
0.3366387 9.1667480
-0.9696146 8.7603407
-1.5548158 7.8850646
-1.7771977 6.8212132
-1.8114580 5.7314634
-1.7629335 4.6823010
-1.6788960 3.7175930
-1.5896362 2.8433273
-1.5137435 2.0436230
-1.4608741 1.3013307
-1.3271717 0.6126047
0.0000000 0.0000000
0.0000000 0.0000000
-0.8532667 -1.0129495
-0.8461814 -2.0580606
-0.7857413 -2.9572308
-0.6630723 -3.6273201
-0.4411953 -4.0017357
-0.0357755 -4.1704488
0.5089127 -4.0513649
1.1265240 -3.1929288
1.6088907 -1.6273303
2.0460725 0.7482639
2.0425055 2.9027700
1.5610894 5.0966291
0.8130862 6.6620793
0.0095198 7.3212643
-0.5488758 7.3384700
-0.8072643 7.1474223
-0.8876782 6.6779728
-0.8717389 6.0104098
-0.8223103 5.2060437
-0.7642157 4.3305025
-0.7106575 3.4324040
-0.6718048 2.5417368
-0.6688279 1.6684783
-0.6716537 0.8621644
0.0000000 0.0000000
0.0000000 0.0000000
0.0000000 0.0000000
0.0000000 0.0000000
0.0000000 0.0000000
0.0000000 0.0000000
0.0000000 0.0000000
0.0000000 0.0000000
0.0000000 0.0000000
0.0000000 0.0000000
0.0000000 0.0000000
0.0000000 0.0000000
0.0000000 0.0000000
0.0000000 0.0000000
0.0000000 0.0000000
0.0000000 0.0000000
0.0000000 0.0000000
0.0000000 0.0000000
0.0000000 0.0000000
0.0000000 0.0000000
0.0000000 0.0000000
0.0000000 0.0000000
0.0000000 0.0000000
0.0000000 0.0000000
0.0000000 0.0000000
0.0000000 0.0000000
0.0000000 0.0000000
0.0000000 0.0000000
0.0541017 -0.0762172
0.0000000 0.0000000
-0.0324644 -0.0345920
-0.3323796 0.2216138
-0.4234096 0.7500407
0.0000000 0.0000000
-1.4338877 0.8099896
-0.5110957 1.7009140
-0.4872172 2.6203561
0.0000000 0.0000000
-1.3921893 2.2016339
-0.4059775 3.3659635
-0.3618342 3.9925346
0.0000000 0.0000000
-0.9196423 3.1662412
-0.3080692 4.5317001
-0.2983026 5.0081830
0.0000000 0.0000000
-0.7678964 3.9479482
-0.2980953 5.5027137
-0.3163989 6.0030284
0.0000000 0.0000000
-0.8152105 4.7821918
-0.3344575 6.5585637
-0.3703586 7.1067653
0.0000000 0.0000000
-0.9223655 5.6772566
-0.3932911 7.7776780
-0.4641440 8.4230108
0.0000000 0.0000000
-1.1063986 6.6534653
-0.5173430 9.3262787
-0.6759109 10.1508818
0.0000000 0.0000000
-1.5072805 7.8320966
-0.8270372 11.6027384
-1.1532589 12.8627205
0.0000000 0.0000000
-2.4569948 9.6695948
-1.6607493 15.2721395
-1.9088355 18.0344505
0.0000000 0.0000000
-4.6566076 14.0766811
-1.6433871 21.0103359
-2.4938624 24.6444130
0.0000000 0.0000000
3.4194705 13.0194445
4.2277284 16.3575706
7.3345575 12.5838318
0.0000000 0.0000000
15.0191450 4.0102134
12.5308084 -8.6048965
-0.6847374 -9.1814337
0.0000000 0.0000000
13.8358345 -4.3142281
-1.8765814 -13.7294712
-1.0520489 -12.4003563
0.0000000 0.0000000
-7.7432046 -9.3756266
-0.5592139 -8.4230919
-0.7382816 -7.0521078
0.0000000 0.0000000
-1.6889627 -5.5765719
-0.5919801 -6.1998010
-0.4504118 -5.2112546
0.0000000 0.0000000
-1.3150687 -4.1232667
-0.3873512 -4.6235452
-0.3029311 -3.9433959
0.0000000 0.0000000
-0.9063833 -3.2109358
-0.2679455 -3.5304065
-0.2234024 -3.0681627
0.0000000 0.0000000
-0.6456491 -2.5572679
-0.1993287 -2.7453203
-0.1772917 -2.4112473
0.0000000 0.0000000
-0.4953636 -2.0456684
-0.1613028 -2.1419139
-0.1504649 -1.8758706
0.0000000 0.0000000
-0.4078689 -1.6112970
-0.1395117 -1.6470509
-0.1310681 -1.4129475
0.0000000 0.0000000
-0.3620715 -1.2296426
-0.1308011 -1.2020531
-0.1401913 -0.9778052
0.0000000 0.0000000
-0.3937255 -0.8642390
-0.1626967 -0.7190204
-0.1711686 -0.4495190
0.0000000 0.0000000
-0.4808911 -0.4127783
-0.1406433 -0.2071754
-0.0796257 0.0282721
0.0000000 0.0000000
-0.1271092 -0.0117738
0.0000000 0.0000000
0.0000000 0.0000000
-0.0207171 0.0123844
-0.3067161 0.1043254
-1.4170009 0.4639542
-2.0217316 1.0865279
-2.7335179 1.2038475
-2.0920174 1.7740288
-1.8632282 2.2685432
-2.2617552 2.1576731
-1.4845916 2.6780658
-1.2805269 3.1226161
-1.7268077 2.9229400
-1.2136108 3.5105319
-1.2128859 3.9450297
-1.6658170 3.8118327
-1.2482158 4.3976889
-1.3054364 4.8423028
-1.7242398 4.6921396
-1.3558159 5.3226628
-1.4546950 5.7409372
-1.8437089 5.5160952
-1.5468565 6.2717543
-1.7556714 6.6765246
-2.1189196 6.2973609
-1.9713265 7.3389292
-2.4416854 7.7269406
-2.7644110 6.9582357
-2.9223118 8.7011538
-4.1243591 8.9467316
-4.2490506 7.1721368
-5.5583477 10.4326735
-8.8040009 11.6001415
-9.7293634 7.8337722
-1.4311095 8.2705173
8.4023666 11.1478872
12.9940796 11.9747458
12.2032928 8.4219770
15.7165804 6.2157445
21.6770668 5.0592475
22.2786427 -3.0460491
16.5002899 -4.3323083
19.1827164 -4.6360540
2.6887681 -6.4925098
-9.4961100 -8.3245468
-8.7693300 -6.4731774
-3.3020179 -5.9066539
-2.6123555 -5.5594816
-3.3172612 -4.8366580
-2.2498834 -4.6169262
-1.7134478 -3.7755876
-2.2323587 -3.3395653
-1.4475024 -3.4969335
-1.1855090 -2.9914098
-1.5762110 -2.7687712
-1.0062774 -2.7217598
-0.8713580 -2.4131444
-1.1591711 -2.2994423
-0.7667108 -2.1674132
-0.6956608 -1.9448249
-0.9235303 -1.8855513
-0.6352756 -1.7284547
-0.5961914 -1.5414736
-0.7932045 -1.5082624
-0.5581605 -1.3450023
-0.5358264 -1.1716535
-0.7186916 -1.1456430
-0.5264186 -0.9979990
-0.5585732 -0.8168551
-0.7424852 -0.8110111
-0.6423395 -0.6082040
-0.7154393 -0.4158089
-0.9256744 -0.4433023
-0.6734296 -0.2118337
-0.1777060 -0.0402000
-0.2996318 -0.0639246
0.0000000 0.0000000
0.0000000 0.0000000
-0.6066901 0.1583383
-1.0266466 0.2340476
-2.7047811 0.6885520
-3.3101172 1.3386370
-3.8048577 1.4136826
-3.0981839 1.8711351
-2.6061006 2.1307309
-2.9517245 2.0969937
-2.2545109 2.4683361
-2.1243954 2.9243326
-2.5902522 2.9030142
-2.1057155 3.3681741
-2.1179996 3.8165698
-2.5666900 3.7949395
-2.1308630 4.2570782
-2.1644027 4.6709452
-2.5679786 4.6298413
-2.1974204 5.1010914
-2.2849312 5.4564285
-2.6300426 5.3866215
-2.3611994 5.8945079
-2.5598588 6.1496353
-2.7983682 5.9885817
-2.7304471 6.5951686
-3.1457880 6.6701050
-3.2167130 6.3528900
-3.4949775 7.0434203
-4.1643319 6.9709945
-4.1298294 6.4204388
-4.1832356 7.2591209
-9.1868095 7.5637126
-8.7909594 7.3788724
-9.0410500 6.3769269
7.1415300 6.8134089
12.7471409 1.8269541
17.3492146 8.9393501
25.9249954 8.8310900
30.4231339 2.8225956
35.6995735 -7.5985785
25.7643929 -1.6536889
30.8895092 2.2145967
-6.8008070 -1.4980860
-7.2830133 -3.8521879
-8.9322109 -2.2406406
-5.0809374 -3.8830414
-4.0556145 -4.2160654
-6.5166912 -3.1448915
-2.8842564 -3.4407268
-2.4295201 -3.0118537
-3.1364071 -2.6970570
-1.9972160 -2.7026029
-1.7270651 -2.5214100
-1.9996234 -2.3069375
-1.4765465 -2.2830968
-1.3200542 -2.1469359
-1.5099947 -2.0226698
-1.1735512 -1.9376804
-1.0873271 -1.7990288
-1.2555521 -1.7325391
-1.0064274 -1.6081357
-0.9599423 -1.4621197
-1.1240098 -1.4293612
-0.9152060 -1.2753005
-0.8935112 -1.1236706
-1.0566878 -1.1070509
-0.8737901 -0.9478067
-0.9035445 -0.7936557
-1.0621064 -0.7883693
-0.9922861 -0.6269109
-1.1057049 -0.4634999
-1.2846279 -0.4762873
-1.1420346 -0.2648541
-0.4280555 -0.0802780
-0.5817573 -0.0929693
0.0000000 0.0000000
0.0000000 0.0000000
-1.5048840 0.2874806
-2.0642385 0.3411249
-4.0938993 0.8228149
-4.2645421 1.4671773
-4.6276851 1.4877110
-3.7593100 1.8818574
-3.2681441 2.0876565
-3.6562102 2.0839713
-3.0649052 2.4629817
-3.0299275 2.9417715
-3.4834380 2.9409571
-3.0105608 3.3780556
-2.9852443 3.8232052
-3.4447465 3.8188970
-2.9781492 4.2395525
-2.9666295 4.6644301
-3.4027276 4.6725879
-2.9743862 5.0554414
-2.9810648 5.4162202
-3.3453410 5.4242029
-2.9939351 5.7446756
-3.0573835 5.9711428
-3.2557416 5.9563956
-3.0948021 6.1777196
-3.3187339 6.1390548
-3.1863852 5.9896946
-3.5175834 6.1426139
-4.1671700 5.5857377
-3.5145078 5.0491734
-5.0247078 5.2413673
-9.5229931 5.3214469
-7.3164177 3.4312525
1.1157268 -4.5709739
10.2335768 0.1239295
8.2979078 -0.3227379
16.2851200 4.5505848
18.5349903 5.6571484
20.5358562 1.6455714
38.3702354 -1.7719226
38.8077469 4.7630301
28.6792393 7.7054586
-4.8516192 -1.2382225
-5.4591269 1.3285218
1.4462554 5.0976596
-7.1815734 -0.7222093
-5.5420337 -0.7746793
-3.2181201 0.5590654
-3.6895421 -1.3098251
-2.9660668 -1.7883472
-2.3685040 -1.2166157
-2.2889714 -1.7950833
-2.0043523 -1.9431758
-1.8711941 -1.7052084
-1.7435662 -1.8560574
-1.6009107 -1.8601987
-1.6337126 -1.7496866
-1.4571320 -1.7224931
-1.3845773 -1.6556231
-1.4809453 -1.6012582
-1.3092097 -1.4986745
-1.2718492 -1.3916651
-1.3996898 -1.3651220
-1.2340009 -1.2278278
-1.2183319 -1.0941253
-1.3627676 -1.0831366
-1.2005181 -0.9215630
-1.2189416 -0.7805157
-1.3672438 -0.7761548
-1.2896922 -0.6409323
-1.4369859 -0.4848560
-1.5978383 -0.4886692
-1.5977483 -0.2899396
-0.7535306 -0.1016012
-0.9293950 -0.1087756
0.0000000 0.0000000
0.0000000 0.0000000
-2.6538033 0.3797516
-3.3004079 0.4097695
-5.3998938 0.8863951
-4.9835730 1.4851961
-5.2785439 1.4658977
-4.3271809 1.8306258
-4.0151310 2.0893362
-4.4435625 2.0927896
-3.9363821 2.5074663
-3.9213319 2.9756932
-4.3826065 2.9778910
-3.9004869 3.4058106
-3.8572223 3.8831704
-4.3577533 3.8905249
-3.8522463 4.3026195
-3.7794480 4.7872338
-4.2953501 4.8125143
-3.7609169 5.1562848
-3.6253304 5.6121278
-4.1602812 5.7159362
-3.5790141 5.9137349
-3.4300995 6.2473559
-3.8059120 6.5777426
-3.2368245 6.4454498
-3.0640361 6.4252248
-3.1107445 6.9864893
-2.7810345 6.2648096
-2.4857085 5.8297067
-1.9828974 6.1975265
-1.9018670 4.3174057
-3.7388718 4.3625350
-2.5766702 5.0337715
6.1624346 -3.7963405
9.9401255 0.1776152
10.7288265 0.8915830
14.6677475 2.7540562
17.4603939 2.5322959
20.5512695 -0.6123854
36.3602524 0.3179669
33.3839378 5.9166241
24.6874065 2.3859715
-1.1777085 -0.7934164
-2.2588611 3.6461222
-0.6948212 1.0138185
-3.0490181 -0.2107632
-3.1597991 -0.1782103
-2.2651045 -0.2041230
-2.6292071 -0.9987429
-2.3221879 -1.2121453
-1.8806710 -1.1312953
-1.9703324 -1.4510646
-1.8568720 -1.6166238
-1.6534177 -1.5558871
-1.7506825 -1.6438246
-1.6953261 -1.6894523
-1.6638865 -1.6576989
-1.6214836 -1.6095490
-1.5914614 -1.5696366
-1.6507719 -1.5542220
-1.5515904 -1.4407898
-1.5368857 -1.3498414
-1.6436111 -1.3423033
-1.5191844 -1.2060958
-1.5147533 -1.0787212
-1.6481494 -1.0761919
-1.5105774 -0.9163752
-1.5228478 -0.7748244
-1.6678076 -0.7736659
-1.5729115 -0.6484791
-1.7371538 -0.4905181
-1.8886015 -0.4905814
-2.0255611 -0.3063647
-1.1217389 -0.1144643
-1.3126781 -0.1191856
0.0000000 0.0000000
0.0000000 0.0000000
-3.9455295 0.4285103
-4.6207147 0.4366887
-6.5062003 0.8957002
-5.5793304 1.4285512
-5.8636713 1.3815813
-4.9622312 1.7437887
-4.8450546 2.0989301
-5.2923708 2.0864074
-4.8310761 2.5347025
-4.8178029 3.0015929
-5.3054624 2.9865201
-4.8193712 3.4448516
-4.7993631 3.9579453
-5.3411932 3.9593599
-4.8014159 4.4057484
-4.6755261 4.9912190
-5.3597875 5.0302515
-4.7147694 5.4154525
-4.4980755 6.1316748
-5.3389544 6.3774457
-4.4467640 6.6032405
-4.2008052 7.1449089
-4.6081986 7.5618987
-3.5919135 7.4900146
-2.8543646 7.4261432
-2.7393982 7.3847990
-1.8580058 7.0472698
-0.7657060 6.2969961
-0.3196536 5.9039965
0.3028458 4.9306297
-0.7157546 4.7539029
0.4624010 3.8374963
9.4646425 -2.0053926
11.0470333 1.3932394
11.2744474 0.7615915
13.2964249 -0.1810050
21.3611393 -0.1777480
23.1574345 -1.0900089
29.9090214 -0.4855197
35.5535240 0.0660996
19.0223255 0.0518029
2.3109457 -1.3458000
1.0920902 0.6588386
-0.4438525 -1.3259175
-1.6892700 -1.3738430
-1.9489002 -0.7576657
-1.8121518 -1.4374766
-1.9338685 -1.4594336
-1.8077906 -1.3952118
-1.6648870 -1.6841444
-1.6360914 -1.5763090
-1.6470931 -1.6649233
-1.5319322 -1.7783128
-1.6883070 -1.6904589
-1.7298603 -1.7064157
-1.7160474 -1.7656698
-1.7465646 -1.6384275
-1.7651304 -1.5796940
-1.8292481 -1.6129172
-1.7727869 -1.4613764
-1.7835004 -1.3570323
-1.8909380 -1.3746433
-1.7919070 -1.2234070
-1.7996389 -1.0850658
-1.9333330 -1.0941743
-1.8136517 -0.9342309
-1.8250518 -0.7795990
-1.9731150 -0.7835167
-1.8621603 -0.6586105
-2.0246675 -0.4914226
-2.1737549 -0.4907896
-2.4182384 -0.3213839
-1.5186540 -0.1236586
-1.7215992 -0.1271163
0.0000000 0.0000000
0.0000000 0.0000000
-5.2722964 0.4360940
-5.9283190 0.4260648
-7.3618469 0.8679605
-6.1549377 1.3222625
-6.4633684 1.2579986
-5.7180471 1.6358135
-5.7118077 2.0715773
-6.1600347 2.0310259
-5.7358732 2.4984460
-5.7517715 2.9809258
-6.2547317 2.9331074
-5.8006248 3.4386647
-5.8107810 4.0018945
-6.4162564 3.9718077
-5.8833675 4.5052977
-5.8748169 5.2472444
-6.7342319 5.3005390
-6.0419464 5.8771124
-5.9926066 6.7365274
-6.6540389 6.7705607
-5.5489450 7.2933264
-4.7973371 7.4472175
-4.6963582 7.1406283
-3.4616356 7.4337516
-2.0073826 7.0114174
-1.6226727 6.1859713
-0.3590967 6.4034801
1.4446568 5.3985987
2.2512999 4.3556089
3.2771142 4.1886520
2.4334280 3.2928951
3.7060108 2.2916195
12.7488232 -1.3622891
13.2406464 0.8182698
13.1978559 -0.3271065
13.8264904 -0.1201700
20.2290497 -1.5086225
21.1552067 -3.7715921
35.1796684 -0.7759782
33.7325745 -2.4521255
25.6909847 -3.7560580
1.3702091 -2.2675483
0.3047567 -1.2100946
0.7938277 -1.4614187
-1.1018718 -2.1361988
-1.6451635 -2.0075071
-1.4304594 -2.3604183
-1.7374781 -2.1919677
-1.7161145 -2.0987375
-1.7542853 -2.4916005
-1.5611151 -2.0412104
-1.6029679 -2.0029516
-1.6171837 -2.2420180
-1.7128345 -1.9547607
-1.8252612 -1.8948276
-1.8711410 -2.0261431
-1.9179965 -1.8002493
-1.9712938 -1.6874615
-2.0696778 -1.7613113
-2.0202343 -1.5595832
-2.0483730 -1.4173298
-2.1763718 -1.4555387
-2.0792358 -1.2833277
-2.0943735 -1.1167514
-2.2403932 -1.1357496
-2.1233337 -0.9744801
-2.1359761 -0.7963416
-2.2930095 -0.8044172
-2.1694272 -0.6758956
-2.3130345 -0.4926168
-2.4667280 -0.4923072
-2.7747309 -0.3361320
-1.9382859 -0.1310194
-2.1520047 -0.1337537
0.0000000 0.0000000
0.0000000 0.0000000
-6.5445938 0.4097794
-7.1496587 0.3878348
-7.9675751 0.8173727
-6.7765546 1.1867267
-7.1143947 1.1078026
-6.5507731 1.5185698
-6.5731525 1.9794664
-7.0072331 1.8949046
-6.6449146 2.3827391
-6.7070522 2.8771379
-7.2060909 2.7733119
-6.8380971 3.3366272
-6.9541183 3.9413781
-7.5892453 3.8405380
-7.1964626 4.5067835
-7.4315419 5.3531942
-8.2327461 5.2342916
-7.5425272 5.9958115
-7.1229234 6.5025721
-7.1912966 6.0681443
-5.8687177 6.6449227
-4.4137135 6.2561631
-4.0314126 5.6089926
-2.6859822 5.9271932
-0.7029808 5.3117132
0.0979992 4.1656485
1.3393794 4.3698120
3.5777853 3.2150388
4.5883060 2.2709289
5.8025913 2.2700558
5.2397900 1.5134562
6.2237248 0.8270609
14.3545942 -1.9094870
15.2609701 -0.3308151
15.7608404 -1.0097178
17.7512913 -2.2137556
23.7640324 -4.1334953
27.4605026 -3.6486096
32.3997841 -5.3119402
28.2598362 -4.1202188
16.7877483 -3.0309637
2.1609819 -3.0477688
1.1493644 -1.6459635
1.7111232 -2.0495961
-0.3446866 -3.2321467
-1.2032719 -2.9210076
-0.8166474 -3.6751938
-1.9184901 -3.2964787
-2.0276618 -2.9558642
-2.1129332 -3.4405591
-1.8790128 -2.7622106
-1.8478926 -2.5440016
-1.9783590 -2.8354349
-1.9283592 -2.3768728
-2.0590861 -2.2049623
-2.1848478 -2.3662550
-2.1987901 -2.0568721
-2.2621682 -1.8683434
-2.4129591 -1.9583545
-2.3322437 -1.7154124
-2.3621716 -1.5157628
-2.5245957 -1.5622240
-2.4047341 -1.3741738
-2.4184575 -1.1668838
-2.5856059 -1.1885337
-2.4531658 -1.0287361
-2.4646075 -0.8206707
-2.6348720 -0.8291415
-2.5008614 -0.6978695
-2.6139178 -0.4950585
-2.7773952 -0.4944614
-3.0968885 -0.3493758
-2.3773758 -0.1370203
-2.6002376 -0.1389590
0.0000000 0.0000000
0.0000000 0.0000000
-7.7032905 0.3626941
-8.2378922 0.3329853
-8.3546057 0.7497856
-7.4445057 1.0202230
-7.7887211 0.9304311
-7.3654017 1.3762516
-7.4000998 1.7930242
-7.8023405 1.6681600
-7.5281110 2.1790509
-7.6477075 2.6465952
-8.1174889 2.4790275
-7.8900952 3.0837686
-8.1742783 3.7062716
-8.7718754 3.5022209
-8.5575781 4.2011709
-8.8843069 4.9597125
-9.3332367 4.5761690
-8.4600954 5.3092513
-7.1372313 5.3088737
-6.8822637 4.6279335
-5.3874574 5.1256542
-3.5672061 4.5891948
-2.7933652 3.6849923
-1.2144667 3.7077963
1.0810537 2.8469179
1.7509062 2.2947776
3.0469129 2.1665380
5.3145833 1.4326988
6.1672640 0.9237345
7.5991783 0.7168479
7.3230700 0.1265847
8.5567160 -0.5304915
15.6574354 -2.5000267
16.4976349 -1.6696163
16.7848587 -2.3019326
19.4548149 -2.6619062
27.4634380 -5.0145402
34.3322220 -7.9761443
33.7675018 -4.4473128
22.4436626 -5.3407607
8.7582083 -2.5711846
4.0320339 -2.5510406
2.2376766 -3.4028034
4.0786357 -3.2787757
0.8215603 -3.7332215
-1.0209812 -4.2245626
-0.5250358 -4.5109210
-2.1074119 -4.2042546
-2.5769157 -3.9194148
-2.8047171 -4.2614369
-2.5073299 -3.5534484
-2.4070487 -3.1677160
-2.7074237 -3.4185874
-2.3704464 -2.8661230
-2.4682863 -2.5636902
-2.6968968 -2.7157819
-2.6207998 -2.3452406
-2.6646266 -2.0728538
-2.8819096 -2.1505952
-2.7292137 -1.8902406
-2.7441232 -1.6236237
-2.9482572 -1.6608667
-2.7813962 -1.4716738
-2.7828443 -1.2184316
-2.9752309 -1.2328103
-2.8115284 -1.0813228
-2.8161559 -0.8432621
-3.0003605 -0.8461947
-2.8563974 -0.7167479
-2.9339151 -0.4956827
-3.1085610 -0.4922017
-3.3862123 -0.3574654
-2.8317003 -0.1412878
-3.0610297 -0.1421335
0.0000000 0.0000000
0.0000000 0.0000000
-8.7097559 0.3015075
-9.1577911 0.2670183
-8.5643139 0.6610544
-8.1148968 0.8367947
-8.4351244 0.7409860
-8.0809984 1.2078499
-8.1576986 1.5251876
-8.5048504 1.3709202
-8.3280201 1.9032297
-8.5265875 2.2847028
-8.9281006 2.0658431
-8.8791866 2.6781881
-9.2934427 3.2405214
-9.7727089 2.9530995
-9.6412916 3.4673986
-9.7012396 4.1319203
-9.8801584 3.7046494
-8.5168772 4.0761256
-6.6482797 3.9176354
-6.2876496 3.3063259
-4.5637789 3.5415566
-2.0494649 2.9741642
-1.4908299 2.1700604
0.1050486 2.4543092
2.2406344 1.8386613
2.9287004 1.1195916
4.6607776 0.9221939
6.8331137 0.3006895
7.5251045 -0.4338211
8.8361607 -0.3171251
9.9922934 -1.3943095
11.6020775 -2.4107826
16.9720764 -2.8756411
16.4041729 -2.6211388
19.1033134 -3.6414020
28.4792137 -9.8325968
33.2648468 -12.1437883
37.4340324 -11.5577726
28.9785137 -6.7371111
7.4750881 -3.9566026
8.8195839 -4.8363924
8.2309647 -3.6176198
4.6349416 -4.6820989
4.6889758 -5.4171071
1.8285288 -5.0199447
-0.7020139 -5.1634054
-0.6921797 -5.5005236
-2.4541092 -5.0144954
-3.3094523 -4.6660800
-3.6577277 -4.9452305
-3.3950143 -4.1919813
-3.2281220 -3.7087698
-3.6849854 -3.8987513
-3.0452962 -3.2896552
-3.0684371 -2.8866053
-3.3994966 -2.9847407
-3.1861403 -2.5981002
-3.1832869 -2.2383461
-3.4657538 -2.2751794
-3.2145700 -2.0340014
-3.1972954 -1.7021058
-3.4413562 -1.7115401
-3.2100060 -1.5435234
-3.1887615 -1.2485344
-3.4031794 -1.2437719
-3.1981840 -1.1117263
-3.1881649 -0.8503457
-3.3832762 -0.8408005
-3.2272589 -0.7204910
-3.2731457 -0.4890185
-3.4564977 -0.4794249
-3.6438761 -0.3561902
-3.2935455 -0.1422080
-3.5231383 -0.1408905
0.0000000 0.0000000
0.0000000 0.0000000
-9.5322027 0.2311697
-9.8822174 0.1938022
-8.6653433 0.5518717
-8.7218428 0.6380945
-8.9876633 0.5314883
-8.6548328 0.9904320
-8.8048668 1.1979465
-9.0827761 1.0177189
-8.9960203 1.5475191
-9.2704058 1.8187748
-9.5871649 1.5674728
-9.7055197 2.1479006
-10.1982317 2.6462820
-10.5477037 2.3008015
-10.4211950 2.6170027
-9.9908915 3.2366290
-9.9899664 2.7486911
-8.0563164 2.8422573
-5.9013543 2.6811166
-5.4550915 2.0933368
-3.5061715 2.1328259
-0.9930082 1.6272933
-0.4648418 0.9798447
1.2739754 1.1193286
3.6822450 0.3581970
4.4090810 -0.3934042
6.4092035 -0.7816905
8.3301334 -1.1416445
9.1037245 -1.6056634
10.0636683 -1.8731025
12.7989817 -3.2350340
14.0306625 -3.9707928
16.8882122 -3.2426286
23.0700912 -5.2819924
25.7173672 -6.9852891
34.9518929 -9.7334404
36.2913895 -8.8929892
28.4849548 -6.0064111
14.9062271 -5.7385173
9.2258387 -5.3906388
9.7058210 -5.6574621
8.2426376 -5.6762638
4.9051638 -5.7114968
4.8641710 -6.0800586
2.1431229 -5.7944894
-0.7607958 -5.8062525
-1.0424066 -6.0340257
-2.9899180 -5.5752549
-4.1911993 -5.2463112
-4.6420894 -5.4235883
-4.4717250 -4.6472669
-4.2687492 -4.0940256
-4.8395705 -4.2266774
-3.9357090 -3.5500865
-3.8411932 -3.0855215
-4.2622442 -3.0992935
-3.8725555 -2.7529135
-3.7999051 -2.3075316
-4.1351929 -2.2842760
-3.7722919 -2.0995576
-3.7078316 -1.7127831
-3.9794652 -1.6788760
-3.6770334 -1.5554932
-3.6238220 -1.2325116
-3.8510528 -1.1981760
-3.6027975 -1.0979942
-3.5714574 -0.8272550
-3.7697754 -0.7988265
-3.5983982 -0.6970134
-3.6231396 -0.4675508
-3.8074870 -0.4486195
-3.8663557 -0.3401185
-3.7496734 -0.1387591
-3.9700079 -0.1345291
0.0000000 0.0000000
0.0000000 0.0000000
-10.1465645 0.1552112
-10.3769712 0.1126185
-8.7043304 0.4178806
-9.2028151 0.4239921
-9.3913994 0.3153684
-9.0775213 0.7257930
-9.3083878 0.8267115
-9.5036182 0.6293247
-9.5087538 1.1187363
-9.8568192 1.2957091
-10.0831766 1.0046254
-10.3683376 1.5323036
-10.8272839 1.9199883
-11.0890512 1.5457712
-10.9096155 1.6824013
-9.9366312 2.2502456
-9.8111792 1.7696198
-7.3954720 1.7259675
-5.0162172 1.4996282
-4.4921246 0.9921868
-2.4021046 0.9264417
0.3031997 0.2057225
0.8605927 -0.2158059
2.6472397 -0.2657946
4.9803982 -0.8404344
5.4143391 -1.0650320
7.2939024 -1.2845596
9.7514114 -1.8856583
10.7246675 -2.0622981
12.2363472 -3.4175520
15.5118551 -4.0950055
16.9535027 -3.4676628
19.2015285 -4.5739045
26.8094769 -8.9928665
35.7765045 -12.8469343
37.1627388 -11.7558746
32.8893890 -10.0267706
21.1875420 -7.6612353
12.0903826 -5.9500699
9.9466295 -5.3751616
10.9357157 -5.0349779
7.9914026 -5.6786799
4.8064713 -5.8910012
5.2537451 -5.5030255
2.2165740 -5.8249335
-0.8738478 -5.9394011
-1.1256953 -5.8155537
-3.5102842 -5.7470846
-5.1787262 -5.5197444
-5.7157168 -5.4437804
-5.6805983 -4.7418714
-5.4848409 -4.3209724
-6.1368389 -4.3230300
-5.0051775 -3.6172340
-4.7467403 -3.0866482
-5.2354116 -2.9768260
-4.6453228 -2.7555399
-4.4837837 -2.2331421
-4.8481560 -2.1297777
-4.3701587 -2.0435879
-4.2475958 -1.6238257
-4.5273924 -1.5341603
-4.1579638 -1.4781123
-4.0657344 -1.1492577
-4.2896242 -1.0771960
-4.0053902 -1.0214015
-3.9481556 -0.7612238
-4.1368303 -0.7092784
-3.9482939 -0.6354040
-3.9662564 -0.4249659
-4.1409030 -0.3944683
-4.0504460 -0.3059973
-4.1809902 -0.1285761
-4.3803163 -0.1203133
0.0000000 0.0000000
0.0000000 0.0000000
-10.5251026 0.0643915
-10.6178951 0.0226617
-8.7341585 0.2625022
-9.5115290 0.2014467
-9.5910654 0.0752876
-9.3523798 0.4125446
-9.6369925 0.4253598
-9.7332859 0.2054363
-9.8562384 0.6234456
-10.2385893 0.7036226
-10.3710642 0.3970848
-10.8168325 0.8563465
-11.3032618 1.1884655
-11.4771557 0.7916015
-11.2018061 0.8643131
-9.6473322 1.3314404
-9.5093451 0.8723824
-6.5900702 0.7109795
-4.0257525 0.4267665
-3.5091171 -0.0207169
-1.3745244 0.1776450
1.4034096 -0.5980598
1.7450808 -0.9886793
3.7910070 -1.3788096
5.8486919 -1.4293398
6.3380203 -1.7521044
8.1840858 -1.5137277
11.0202494 -2.5873301
11.3958635 -3.1599567
13.5254517 -3.1090829
17.1553249 -3.9030287
19.8656769 -5.4644814
30.3991318 -11.1692438
37.1008606 -12.3075371
39.1615639 -9.6473751
30.1101131 -8.8850584
17.6720676 -6.7928357
15.8465328 -5.8437119
13.4157372 -5.1318083
11.0596256 -5.1571789
10.7416677 -5.1621943
8.0780106 -5.3540797
5.1436434 -5.1561036
5.2085252 -4.7317295
2.3726797 -5.3019872
-0.6535107 -5.3531737
-0.8003758 -4.8988519
-3.9050403 -5.3981609
-6.0827651 -5.2036457
-6.5172744 -4.9131503
-6.8732729 -4.2254124
-6.8281689 -4.2084179
-7.5044136 -3.9501667
-6.1721439 -3.4150600
-5.7178226 -2.8162282
-6.2294664 -2.5583649
-5.4409356 -2.5419750
-5.1796713 -1.9820997
-5.5332627 -1.7881249
-4.9643850 -1.8295784
-4.7760148 -1.4128484
-5.0361490 -1.2611628
-4.6180220 -1.2882662
-4.4831409 -0.9839720
-4.6836472 -0.8700751
-4.3770609 -0.8691720
-4.2935443 -0.6441416
-4.4566073 -0.5659371
-4.2529902 -0.5293865
-4.2791195 -0.3565562
-4.4284940 -0.3136078
-4.1921477 -0.2511841
-4.5614467 -0.1088357
-4.7278457 -0.0962797
0.0000000 0.0000000
0.0000000 0.0000000
-10.6435413 -0.0198651
-10.6082487 -0.0591146
-8.7547626 0.0923496
-9.6136942 -0.0589411
-9.5796947 -0.1966091
-9.4690218 0.0550807
-9.7768002 -0.0296444
-9.7662315 -0.2723936
-10.0233212 0.0680538
-10.4610825 0.0737330
-10.5001926 -0.2897234
-11.1311426 0.1460800
-11.5768356 0.3502541
-11.6525011 -0.1540904
-11.2593813 -0.0731496
-9.2919178 0.3190972
-9.1007242 -0.2759242
-5.9479771 -0.1559542
-3.0156810 -0.4198773
-2.8409045 -0.8958270
-0.2549558 -0.4607389
2.1882241 -1.1886001
2.1596317 -1.3354354
4.3184686 -1.6754292
7.1512074 -1.9635116
7.7215462 -2.1429701
9.7257013 -3.0197573
12.3396015 -2.8117213
12.5015459 -3.0099745
16.4723377 -2.9384072
22.0172253 -5.0008183
28.8167324 -9.1051197
35.8668213 -11.3043890
38.8290024 -12.0099440
34.2905388 -11.3522158
22.8295612 -8.0530405
14.2438765 -5.6613235
14.9789848 -6.0744972
12.8870897 -5.2846823
10.3340769 -4.9314961
10.0743856 -4.4229703
7.7055635 -4.5619411
5.0406494 -4.2790504
4.9048791 -3.8130157
2.4582491 -4.2846937
-0.4486685 -4.2202287
-0.4849651 -3.5531201
-3.9018369 -4.5135903
-6.6593175 -4.4295039
-6.9749379 -3.8472641
-8.0344458 -3.1058567
-8.1035547 -3.5649738
-8.7064371 -3.0301948
-7.2941780 -2.8577573
-6.6419792 -2.2186379
-7.0719275 -1.8359840
-6.1794419 -2.0594203
-5.8176475 -1.5323135
-6.1155891 -1.2456870
-5.4939504 -1.4305196
-5.2407322 -1.0692043
-5.4565306 -0.8544735
-5.0128322 -0.9749188
-4.8364096 -0.7297286
-4.9945049 -0.5749030
-4.6830354 -0.6375592
-4.5768518 -0.4721092
-4.6970005 -0.3685899
-4.4884467 -0.3776732
-4.5335946 -0.2633984
-4.6369977 -0.2055967
-4.2947607 -0.1756371
-4.8636451 -0.0785870
-4.9789333 -0.0631574
0.0000000 0.0000000
0.0000000 0.0000000
-10.5128555 -0.0970746
-10.3519115 -0.1325326
-8.6637983 -0.0904327
-9.5044565 -0.3480062
-9.3592358 -0.4942541
-9.3830929 -0.3346064
-9.7087307 -0.5332792
-9.5740538 -0.7912055
-9.9854155 -0.5431635
-10.4561768 -0.6861972
-10.3386717 -1.0780292
-11.1896839 -0.6941246
-11.6675720 -0.6504496
-11.6659880 -1.1581028
-11.1683302 -1.1080405
-8.9151182 -0.7451601
-8.8751955 -1.2042288
-5.5346508 -1.0426846
-2.4490988 -1.1931843
-2.4213383 -1.5600210
0.5215998 -1.2864082
2.7519972 -1.6064887
2.9163277 -1.8775322
4.8560667 -1.4578469
7.9144130 -2.2441089
8.1120958 -2.1181428
10.4000616 -3.0171118
13.7372046 -3.1894701
15.1796761 -2.8264353
20.8604279 -5.6459651
31.2629375 -8.8630028
39.2037582 -9.7926893
36.6593895 -8.4538937
32.1862717 -7.5048680
25.0614243 -6.7376490
20.3742332 -7.0048323
12.8403015 -5.5697417
11.4386272 -5.6532335
11.9400864 -4.9586391
9.5978851 -4.1259971
8.6299801 -3.9169772
7.1356592 -3.8117971
4.6000738 -3.3528011
4.4201975 -2.9166801
2.0815895 -3.1712887
-0.5265588 -2.8966146
-0.7264752 -2.2323585
-3.6183779 -2.9644079
-7.1371469 -3.0194213
-7.2789550 -2.1655989
-8.9542007 -1.5317240
-9.1431589 -2.3299513
-9.5602560 -1.5093900
-8.1577787 -1.8543812
-7.3547029 -1.3575392
-7.6683731 -0.8532664
-6.7451563 -1.2985893
-6.3019938 -0.8964218
-6.4968376 -0.5328238
-5.8981786 -0.8545659
-5.5853848 -0.5966587
-5.7168536 -0.3305686
-5.3018560 -0.5466045
-5.0867977 -0.3907173
-5.1762519 -0.2014495
-4.8929729 -0.3350491
-4.7664456 -0.2466860
-4.8270960 -0.1217079
-4.6359696 -0.1853965
-4.6981559 -0.1410147
-4.7407966 -0.0725520
-4.3593254 -0.0808980
-5.0593510 -0.0428009
-5.1084075 -0.0245666
0.0000000 0.0000000
0.0000000 0.0000000
-10.1439819 -0.1706705
-9.8525543 -0.2044175
-8.3764381 -0.2818344
-9.1827984 -0.6528864
-8.9179525 -0.7977477
-9.0771828 -0.7381883
-9.4126139 -1.0715836
-9.1395693 -1.3312439
-9.6923990 -1.1971108
-10.1872625 -1.4817085
-9.9109211 -1.8841794
-10.9985247 -1.6093179
-11.5537205 -1.7106515
-11.3634968 -2.3692465
-11.1636915 -2.2474740
-8.7478085 -1.7701499
-8.8686466 -2.5395005
-5.3331494 -1.8118116
-2.3482680 -1.9011266
-2.6504736 -2.4227700
0.7928706 -1.9613750
3.1733081 -2.1242085
3.1401856 -2.5711255
5.5355401 -1.7579540
8.3371763 -2.4673240
8.6262140 -3.1140854
10.8299751 -2.3798282
15.9995165 -3.5908775
19.1576672 -5.3100505
29.4972725 -9.5081177
34.4247169 -11.1099377
38.0002708 -10.6387739
36.6995850 -11.5021715
32.1900902 -10.8437195
26.0305576 -7.4682193
13.1935892 -4.8742275
10.6666374 -4.5160384
11.4396811 -3.6258581
10.1190195 -3.4697232
7.9816036 -3.1032100
7.5304360 -2.1527753
6.3326850 -2.5603778
4.1853099 -2.2002783
4.4841413 -1.4791138
1.1855115 -2.0685604
-1.2709752 -1.5878133
-1.2165859 -1.0611616
-3.9064014 -1.3924367
-7.4480710 -1.2748016
-7.6725469 -0.3902926
-9.6181593 -0.2837709
-9.7390728 -0.5726672
-9.8697681 0.3117205
-8.6691484 -0.4954180
-7.7659159 -0.2581347
-7.8364534 0.3020530
-7.0746307 -0.2893382
-6.5693173 -0.1153936
-6.6233559 0.2977668
-6.1108146 -0.1295694
-5.7585745 -0.0270860
-5.7886901 0.2718973
-5.4385686 -0.0307069
-5.1966772 0.0144475
-5.2054887 0.2254658
-4.9765491 0.0188080
-4.8341818 0.0222184
-4.8271251 0.1621330
-4.6802325 0.0351274
-4.7430820 0.0076844
-4.7242289 0.0859119
-4.3744135 0.0288778
-5.1231823 -0.0051624
-5.1080751 0.0137142
0.0000000 0.0000000
0.0000000 0.0000000
-9.5352802 -0.2398493
-9.1207933 -0.2701370
-7.8859849 -0.4716303
-8.6362190 -0.9474619
-8.2578325 -1.0766364
-8.5344439 -1.1349562
-8.8653069 -1.6080853
-8.4527721 -1.8470365
-9.1277046 -1.8308026
-9.6205215 -2.3389659
-9.1211090 -2.7206001
-10.3783579 -2.6129155
-11.0996094 -3.0716746
-10.5897465 -3.6518469
-11.1118937 -3.7457132
-8.8420029 -3.2172871
-9.0932074 -4.0404344
-5.5382113 -3.0730901
-2.4292586 -2.8031542
-3.1016750 -3.5504076
0.8577532 -2.7034554
3.3329782 -2.8377442
3.4085171 -3.3074887
6.1443028 -3.1665075
9.4264040 -3.5721438
10.2426958 -4.0743718
13.7097521 -3.7192531
20.2953606 -7.1142187
26.7552776 -9.5794144
35.4965134 -9.7970438
38.7043457 -7.8322191
34.6652908 -5.6606059
29.1906567 -4.4018426
22.2562408 -3.4226105
19.1086559 -3.4011519
13.7545795 -3.7817571
10.5904284 -3.6469824
8.5080442 -3.0515139
8.8883209 -2.2737594
6.1596742 -2.0282969
4.8368211 -2.2203972
6.1796041 -1.4845605
4.2963719 -0.9068585
3.5656033 -0.3303161
0.7803481 -1.0198845
-2.4331219 -0.2191657
-2.1614151 0.7867474
-4.7340693 0.5110818
-8.3504410 0.5527586
-8.8454819 1.8902264
-10.2508030 1.5236841
-9.6792383 1.2448444
-9.6124535 2.0112848
-8.5729036 0.9776045
-7.7409992 0.9322180
-7.6593585 1.4975770
-7.0704532 0.7760573
-6.5562782 0.7521102
-6.4837227 1.1667998
-6.0886197 0.6438379
-5.7270226 0.6005114
-5.6525259 0.9042197
-5.3959045 0.5224029
-5.1464663 0.4583904
-5.0690961 0.6751239
-4.9155898 0.3991794
-4.7687788 0.3171969
-4.6881714 0.4619704
-4.6036978 0.2733134
-4.6686978 0.1734852
-4.5824065 0.2554550
-4.2859535 0.1431284
-5.0551252 0.0346298
-4.9708457 0.0545571
0.0000000 0.0000000
0.0000000 0.0000000
-8.7050867 -0.2997777
-8.1851664 -0.3246782
-7.2062154 -0.6448502
-7.8784847 -1.2040179
-7.4060655 -1.3081359
-7.7694077 -1.4984463
-8.0575933 -2.0806024
-7.5336099 -2.2702622
-8.2644939 -2.4206297
-8.6685610 -3.0878983
-8.0186825 -3.3750947
-9.2475033 -3.4878404
-10.1627560 -4.3147674
-9.2108288 -4.7853823
-10.7811937 -5.0592670
-9.1533194 -4.9326177
-9.0879793 -5.9766240
-6.2270617 -4.9076557
-2.8679051 -4.2733431
-3.1621499 -5.1662369
0.5204479 -3.9486532
3.1471105 -4.1288857
3.3818200 -4.7527061
6.6283336 -4.2520919
11.2001791 -5.1501460
12.9269648 -6.7113080
19.8212032 -8.1443090
24.5396233 -9.1505251
28.2286568 -9.5032043
31.5306301 -9.3823700
32.5436440 -8.7166948
32.1241798 -10.1664896
30.9180355 -9.3439522
20.3633080 -4.2402754
18.0837593 0.0615022
11.9380732 -2.5018253
8.5317574 -1.5216749
9.8845749 -0.9850898
8.3696079 -0.5685277
4.5583835 -1.5069381
4.7144351 -0.1864607
4.3957725 -0.0035643
2.7712107 0.3020788
1.1434443 1.1076260
0.2776803 0.6872568
-3.0152440 1.6447947
-4.0550389 3.0249860
-6.3859525 2.6769741
-8.7789106 3.0529394
-9.7632608 4.0707483
-10.4035759 3.1891551
-9.0585537 2.9353681
-8.5611525 3.4679761
-8.0612555 2.3486178
-7.3946681 2.1086984
-7.0546699 2.6303303
-6.7498035 1.8276253
-6.2856231 1.6110305
-6.0394301 2.0092208
-5.8292513 1.4142028
-5.4938827 1.2297769
-5.2974401 1.5222251
-5.1684275 1.0756599
-4.9321780 0.9065542
-4.7624087 1.1157080
-4.7043834 0.7807825
-4.5649624 0.6164457
-4.4088750 0.7573076
-4.3986192 0.5126590
-4.4683428 0.3433884
-4.3140106 0.4234347
-4.0851707 0.2559255
-4.8490901 0.0756141
-4.6955123 0.0958761
0.0000000 0.0000000
0.0000000 0.0000000
-7.6877542 -0.3451787
-7.0912485 -0.3628759
-6.3658772 -0.7883372
-6.9413176 -1.4017287
-6.4039836 -1.4726342
-6.8159842 -1.7858124
-7.0465417 -2.4469388
-6.4497619 -2.5790758
-7.1726193 -2.8730302
-7.4713268 -3.6457610
-6.7552056 -3.8553581
-7.7345643 -4.1897330
-8.4546070 -5.2796044
-7.3182135 -5.5128365
-9.2750463 -6.1897964
-9.0497990 -7.1489043
-7.6856575 -7.5231237
-7.3403163 -7.7859950
-3.8053775 -7.0716748
-2.4250181 -8.2177696
-0.4996809 -6.5549026
3.0535791 -6.6095448
3.8404274 -7.8617740
9.1532669 -6.9904742
14.3791790 -8.6219883
15.6061506 -9.3484221
21.3152351 -9.5808411
27.1610394 -8.1508026
28.2032833 -7.0193820
27.3919754 -3.4381900
27.2419987 0.0844135
23.1902714 1.4001474
20.0570087 2.0282452
18.4055557 1.7841773
18.1964359 1.2723302
12.5879793 1.3154964
8.7921257 -1.1524074
6.1393561 0.1709293
7.9269624 1.1954813
4.9608407 0.8832425
4.2826123 2.1000049
3.0094106 1.7416333
0.6987873 2.5495965
-0.2566814 4.2009301
-1.7610505 3.5509768
-4.3044710 4.3118262
-5.9823632 5.8290377
-7.6049347 5.1653113
-9.4644890 5.9509425
-9.3783512 6.3161488
-9.0869274 4.7596636
-8.0273857 4.1143112
-7.3654017 4.6886487
-7.2047405 3.5741160
-6.7218637 3.1154122
-6.2026134 3.5795622
-6.1355057 2.7581666
-5.7684112 2.3798521
-5.3748550 2.7394269
-5.3468256 2.1112585
-5.0677271 1.8025455
-4.7598429 2.0717320
-4.7650857 1.5849532
-4.5619760 1.3223726
-4.3048134 1.5158495
-4.3488626 1.1366913
-4.2276134 0.8983281
-3.9995451 1.0281850
-4.0693588 0.7370244
-4.1449194 0.5049793
-3.9252937 0.5793127
-3.7740588 0.3606020
-4.5068698 0.1151771
-4.2887192 0.1344243
0.0000000 0.0000000
0.0000000 0.0000000
-6.5343561 -0.3725913
-5.8945265 -0.3829879
-5.4107680 -0.8925934
-5.8730726 -1.5224272
-5.3084574 -1.5589427
-5.7318764 -1.9860580
-5.8728743 -2.6618445
-5.2631178 -2.7224884
-5.9088588 -3.1804340
-6.0528555 -3.9605742
-5.3438516 -4.0442438
-6.1218071 -4.5728216
-6.4260607 -5.5883384
-5.4458337 -5.7014108
-6.8659496 -6.4183497
-7.3616652 -8.0629520
-5.6316628 -7.9850721
-6.8963041 -9.4918776
-4.2030802 -9.8764696
-3.1416376 -10.3430271
-0.3932426 -9.8707266
3.0193934 -9.7589064
3.1618505 -10.9039898
10.0144548 -9.2462978
16.0993271 -8.2169580
15.5902863 -6.2753234
18.1600342 -9.0077877
19.6558743 -7.5920196
21.2134094 -4.6927743
21.9720669 -4.6556110
21.6548519 -2.6300316
19.4661789 1.4538679
22.7423306 -6.4219432
21.5724125 -0.9349871
16.0766659 9.1835508
9.9553576 4.7185750
6.2422895 3.6971200
6.8549232 6.7238026
5.9535484 5.0627079
3.5499387 4.5377707
2.9522960 6.2473016
1.1459793 5.0339108
-0.5705709 6.0291295
-1.0814285 7.5203190
-3.9341218 7.1140103
-6.2139540 7.5976992
-6.9956937 9.1426754
-8.1034622 7.9224920
-8.3578920 7.0162582
-6.8708081 7.3868217
-7.1255465 6.1550746
-6.7621651 5.0709915
-5.9079390 5.5500941
-6.0767031 4.6111541
-5.7844682 3.8886418
-5.1610346 4.2863574
-5.2960944 3.5230956
-5.0433578 3.0020177
-4.5609498 3.3122127
-4.6839275 2.6945515
-4.4765935 2.2862895
-4.0874648 2.5197973
-4.2140741 2.0201221
-4.0545349 1.6793706
-3.7280431 1.8503677
-3.8659046 1.4457024
-3.7707639 1.1448120
-3.4824591 1.2603519
-3.6273582 0.9339916
-3.7087841 0.6487179
-3.4326904 0.7148780
-3.3623314 0.4519185
-4.0396266 0.1502888
-3.7638662 0.1694870
0.0000000 0.0000000
0.0000000 0.0000000
-5.3011651 -0.3818953
-4.6515446 -0.3862537
-4.3915734 -0.9527721
-4.7350554 -1.5676609
-4.1766138 -1.5756408
-4.5881515 -2.0769522
-4.6516056 -2.7342880
-4.0755148 -2.7410519
-4.6059628 -3.2804017
-4.6285048 -4.0361500
-4.0289531 -4.0209494
-4.5372200 -4.6442585
-4.5063739 -5.5790372
-3.9403737 -5.4811201
-4.2510719 -6.3957415
-4.1915922 -7.5865498
-3.6804769 -7.2612243
-3.8432872 -8.8286686
-2.6699226 -10.2870960
-2.6611891 -9.1188660
-0.0159753 -11.0943737
3.6849422 -10.3967962
2.5715590 -9.8582067
6.4987674 -10.5211973
11.0331001 -9.9703474
8.5511589 -8.1494570
15.9096050 -3.8552897
17.4018211 1.0701491
13.5433578 -7.1173038
16.7671413 4.7325153
16.6664371 6.0382361
16.1674843 -0.3928841
15.8364248 5.7544527
17.1709137 5.3401928
14.1542568 8.2574329
10.7633324 6.5851846
6.1192670 8.5672712
9.6147642 9.1558933
5.6352625 7.9466071
2.1499140 8.0771446
2.2367284 10.5326376
-2.0557013 10.2477407
-1.7175088 10.1504908
-1.7957571 11.7034340
-5.5645857 10.9506598
-6.6483402 10.3986988
-4.5552354 10.1844158
-6.2467957 8.9358387
-5.8477082 7.5418797
-4.5984492 7.7343864
-5.4607339 6.7767243
-5.2558622 5.7943740
-4.3670239 6.0512896
-4.8654170 5.2495499
-4.6704803 4.5025554
-4.0095797 4.7607498
-4.3408146 4.0803690
-4.1762486 3.4873564
-3.6394558 3.7286322
-3.9009635 3.1459134
-3.7622221 2.6646683
-3.3150594 2.8630135
-3.5512488 2.3663828
-3.4379821 1.9681048
-3.0573649 2.1122897
-3.2826045 1.6963588
-3.2154603 1.3464603
-2.8785045 1.4450814
-3.0927546 1.0955255
-3.1768148 0.7700014
-2.8558931 0.8265577
-2.8672092 0.5269794
-3.4602528 0.1829397
-3.1388292 0.1995550
0.0000000 0.0000000
0.0000000 0.0000000
-4.0430193 -0.3769211
-3.4089458 -0.3771012
-3.3572419 -0.9724256
-3.5839148 -1.5513811
-3.0589633 -1.5401503
-3.4465446 -2.0848296
-3.4363360 -2.6808271
-2.9360256 -2.6459632
-3.3388038 -3.2430201
-3.2434092 -3.8756304
-2.8029828 -3.7752986
-3.0468216 -4.5015121
-2.8208184 -5.1772633
-2.5343831 -4.9257736
-2.4609361 -5.8947535
-1.9680377 -6.6257668
-1.9697912 -6.0402322
-1.3360047 -7.4172225
-0.4849287 -8.0343113
-0.7177369 -7.0323229
0.5387059 -9.0059519
2.7068160 -9.0991220
1.7935786 -7.5189338
5.3025937 -8.0367107
7.3535476 -5.7119665
5.2701344 -6.7111278
9.8752327 -2.3004656
11.4648142 -0.5055735
7.9170289 -1.5488515
12.5605221 1.2185625
12.6330290 3.8437464
9.3111534 5.2376695
11.8401594 6.5437074
10.1083927 8.9511509
8.4056244 10.7856522
8.8188457 10.3454895
7.3782778 11.4441442
4.9869585 13.2465029
2.5714071 15.3106127
0.9352755 13.3408051
1.6665956 12.6632938
-0.9091640 12.8864298
-2.8497796 11.9859600
-1.0884790 11.2926445
-3.3769324 10.9772205
-3.7521865 9.4149275
-2.3845193 9.3028870
-3.8353846 8.6481142
-3.9434407 7.5975866
-2.8855493 7.6246872
-3.8418837 6.9262867
-3.7897866 6.1044064
-2.9698946 6.2189074
-3.6228433 5.5510554
-3.5165741 4.8753533
-2.8659105 5.0212331
-3.3343322 4.4143848
-3.2206893 3.8466544
-2.6848183 3.9980073
-3.0522459 3.4538488
-2.9548695 2.9626925
-2.4922106 3.1071994
-2.8096457 2.6248515
-2.7398729 2.1861813
-2.3239365 2.3136220
-2.6225271 1.8871560
-2.5837843 1.5014323
-2.2086961 1.5869579
-2.4867582 1.2198701
-2.5706837 0.8616914
-2.2090189 0.9104496
-2.3075323 0.5815511
-2.7899652 0.2057963
-2.4345672 0.2127106
0.0000000 0.0000000
0.0000000 0.0000000
-2.8009088 -0.3635127
-2.1898887 -0.3614418
-2.3470132 -0.9631323
-2.4618163 -1.4944316
-1.9784894 -1.4700153
-2.3594012 -2.0328782
-2.3063362 -2.5566597
-1.8718928 -2.4988294
-2.2083607 -3.1002727
-2.0796392 -3.6121969
-1.7077162 -3.4883304
-1.9043524 -4.1675110
-1.6672232 -4.6455913
-1.3966082 -4.3880229
-1.3820775 -5.1627288
-0.9740696 -5.5993271
-0.8489051 -5.0571637
-0.4559790 -6.0747523
0.2890005 -6.2956619
0.1427007 -5.4668498
1.0361428 -6.2704458
1.9589348 -6.1339827
1.4820582 -5.1686077
3.0592785 -5.9511299
4.1538987 -5.1655893
3.2625506 -3.9743533
5.7459483 -3.6977053
6.4418545 -2.3545108
4.7005162 -1.6943455
7.2206225 0.5024107
7.0695109 1.5361491
5.1325283 1.8340278
7.3264909 3.6796496
6.9714432 6.0077424
4.5247560 5.2354269
6.1694522 7.3649173
4.9700108 9.2944260
3.1516123 7.8219709
3.3037388 9.9209976
1.9792261 10.7366581
1.2225887 9.1902990
0.4462802 10.3845434
-0.5943778 10.0050831
-0.3782653 9.2153196
-1.3651570 9.5220222
-1.8953629 8.7318249
-1.2798668 8.3871555
-2.1723328 8.1911268
-2.3891342 7.4068179
-1.6740059 7.3521981
-2.4487402 6.8598738
-2.4937649 6.1777587
-1.7919374 6.2637701
-2.4502032 5.6720181
-2.4178147 5.0719318
-1.7811176 5.1925159
-2.3310747 4.6119952
-2.2688847 4.0796685
-1.7111919 4.1890674
-2.1743884 3.6633711
-2.1110210 3.1832547
-1.6233248 3.2741752
-2.0240197 2.8085065
-1.9757651 2.3665190
-1.5409753 2.4402959
-1.9032403 2.0292597
-1.8903439 1.6101469
-1.4886557 1.6723340
-1.8231343 1.3087158
-1.9083047 0.9182808
-1.5212758 0.9567221
-1.6928961 0.6418554
-2.0532310 0.2038168
-1.6893523 0.2826511
0.0000000 0.0000000
0.0000000 0.0000000
-1.5991070 -0.3543425
-0.9721335 -0.3739501
-1.3765682 -0.9568720
-1.4029180 -1.4620043
-0.8720450 -1.5182163
-1.3583713 -1.9906294
-1.3016320 -2.4655838
-0.8138944 -2.5008197
-1.2388752 -2.9673600
-1.1389306 -3.4133852
-0.7228970 -3.2974470
-1.0302037 -3.8810208
-0.8698510 -4.2730250
-0.5528925 -3.8303218
-0.6956958 -4.6571436
-0.4575238 -4.9398346
-0.2574250 -4.1164246
-0.1814786 -5.1613078
0.2510530 -5.2012143
0.2438478 -4.2377586
0.7110037 -5.0653434
1.2489871 -4.7648134
0.8650846 -3.8363156
1.7687899 -4.1255536
2.2543752 -3.4994466
1.5207738 -2.6883993
2.9430687 -2.2745383
3.2691026 -1.2851551
2.0413358 -0.8523857
3.7660003 0.7540393
3.8081970 1.7425700
2.1392190 1.7015898
3.8233683 3.2463810
3.6032166 4.8001394
1.8529345 4.1777797
3.1789014 5.9306016
2.6767573 7.2489128
1.1943631 6.1681304
1.9859077 7.8662744
1.3637428 8.6158466
0.3846242 7.2715702
0.6459958 8.7730436
0.1000939 8.9019423
-0.3074805 7.4708128
-0.3984128 8.6849642
-0.7450009 8.2977285
-0.6963466 7.3237844
-1.0044924 7.9003839
-1.1826253 7.3231645
-0.8473040 6.9396682
-1.2760217 6.8507833
-1.3449916 6.2659354
-0.8722985 6.3548665
-1.3583925 5.7965055
-1.3673234 5.2478499
-0.8378740 5.6082101
-1.3398074 4.8023453
-1.3205994 4.2989187
-0.7836189 4.7604032
-1.2781684 3.8782964
-1.2500104 3.4144335
-0.7278280 3.8678656
-1.2056631 3.0152450
-1.1819575 2.5793834
-0.6833460 2.9663587
-1.1425050 2.2025888
-1.1501570 1.7791458
-0.6750841 2.0727234
-1.1175276 1.4349300
-1.2288113 1.0113363
-0.7546493 1.2114109
-1.1430520 0.6115578
-1.3115981 0.5119717
-0.5329945 0.2930288
0.0000000 0.0000000
0.0000000 0.0000000
-0.3534657 -0.3865265
0.0000000 0.0000000
-0.3370330 -0.9207763
-0.3219576 -1.5050079
0.0000000 0.0000000
-0.3161672 -2.0067632
-0.3152178 -2.5403469
0.0000000 0.0000000
-0.3083154 -3.0408008
-0.2991179 -3.5275288
0.0000000 0.0000000
-0.2792663 -3.9964976
-0.2412811 -4.4000201
0.0000000 0.0000000
-0.1913400 -4.7684641
-0.1019012 -5.0173130
0.0000000 0.0000000
-0.0276613 -5.1304026
0.0789060 -5.0945878
0.0000000 0.0000000
0.1904895 -4.8855948
0.3088116 -4.5030270
0.0000000 0.0000000
0.4538371 -3.8423901
0.5436488 -3.0698812
0.0000000 0.0000000
0.7195542 -1.9938508
0.7297443 -0.9555621
0.0000000 0.0000000
0.9128501 0.6466328
0.9011831 1.9637896
0.0000000 0.0000000
0.9229266 3.3240852
0.8709769 4.8433080
0.0000000 0.0000000
0.7938069 5.9160690
0.6794325 7.1957607
0.0000000 0.0000000
0.5320737 7.8956981
0.3853717 8.6502075
0.0000000 0.0000000
0.2265228 8.9538841
0.0667311 9.1595583
0.0000000 0.0000000
-0.1036024 9.0410862
-0.2025745 8.7655935
0.0000000 0.0000000
-0.2860336 8.3954039
-0.3341136 7.8548913
0.0000000 0.0000000
-0.3532836 7.3513384
-0.3626557 6.7406507
0.0000000 0.0000000
-0.3597079 6.1934137
-0.3509802 5.5983238
0.0000000 0.0000000
-0.3381291 5.0704360
-0.3226447 4.5144758
0.0000000 0.0000000
-0.3070181 4.0279813
-0.2908311 3.5189207
0.0000000 0.0000000
-0.2769007 3.0764103
-0.2639220 2.6090569
0.0000000 0.0000000
-0.2513206 2.2026701
-0.2568787 1.7548994
0.0000000 0.0000000
-0.2271683 1.3660052
-0.3424237 0.9096661
0.0000000 0.0000000
-0.0584669 0.4097017
-0.8956001 -0.5634861
0.0000000 0.0000000
0.0000000 0.0000000
-20.85751
-20.18897
-18.93329
-20.67059
-23.3363
-26.1803
-29.61365
-34.039
-40.74987
-52.59261
-78.0021
-135.2612
-215.6951
-8.880432
-51.29287
-6.16824
2.221693
4.595183
4.730152
4.18933
3.457146
2.748047
2.205876
1.837644
1.508817
1.27225
-20.92938
-20.48198
-19.8589
-21.37454
-23.83267
-26.47951
-29.78933
-34.03725
-40.13516
-50.19507
-70.92742
-139.3533
-166.1633
20.892
-40.60872
-3.409555
1.824572
4.21752
4.561835
4.05099
3.30799
2.594108
2.025933
1.661262
1.319699
1.158737
-22.22229
-21.92616
-22.17997
-23.47894
-25.39072
-27.80098
-30.83093
-34.37754
-38.64654
-44.01105
-50.01542
-59.48126
-94.19232
-4.338326
-31.39434
-7.4763
1.439573
3.777978
4.052246
3.469727
2.678735
1.951717
1.358654
0.9659697
0.6727625
0.5692194
-24.33515
-24.1912
-25.16316
-26.21312
-27.97844
-30.23581
-32.85229
-35.47556
-37.53225
-38.25207
-38.28178
-44.71211
-0.1800102
51.05817
-73.68299
-20.58766
0.1775112
3.646564
3.46165
2.575035
1.640925
0.8555562
0.2549685
-0.1527731
-0.3762375
-0.4486271
-27.26156
-27.29974
-28.75379
-29.8162
-31.63083
-33.85752
-36.21219
-38.05279
-38.11807
-34.12321
-23.33028
5.413806
22.00184
63.25209
10.39246
13.25732
8.031873
5.171016
3.045858
1.428246
0.2142601
-0.6760481
-1.286183
-1.692727
-1.859546
-1.906434
-31.06479
-31.30873
-33.04358
-34.38717
-36.42963
-38.93739
-41.49615
-43.41371
-42.80031
-36.74853
-23.65713
-0.08472504
-9.907892
33.32511
34.44074
18.58257
10.24798
5.280061
1.981937
-0.2369176
-1.707085
-2.678985
-3.285888
-3.666569
-3.788316
-3.813775
-35.73131
-36.18273
-38.07478
-39.93353
-42.53125
-45.79292
-49.4707
-53.35598
-55.02245
-49.54435
-35.20482
-14.85361
-13.25417
-2.1065
10.87624
13.77274
8.67163
3.45788
-0.2564429
-2.71848
-4.268306
-5.224657
-5.773018
-6.089626
-6.160442
-6.16843
-41.08502
-41.71148
-43.77061
-46.34041
-49.896
-54.67221
-61.28901
-69.41535
-73.38271
-69.55643
-57.15927
-38.24451
-19.07172
17.01194
31.86373
14.93796
5.243644
-0.413937
-3.947988
-6.222489
-7.603393
-8.377447
-8.770238
-8.961674
-8.962624
-8.952142
-46.7716
-47.53818
-49.85011
-53.30055
-58.18974
-65.10143
-75.94296
-86.82182
-91.33084
-87.74848
-77.41361
-62.82426
-49.8883
-31.22724
-14.68206
1.787855
-1.444584
-6.195191
-9.194514
-10.906
-11.79643
-12.17041
-12.27014
-12.25883
-12.15199
-12.1218
-52.25365
-53.15151
-55.7901
-60.21065
-66.7061
-75.977
-89.94863
-101.0936
-104.1838
-100.0789
-92.1974
-80.38157
-68.37201
-13.00983
0.3320951
-7.170748
-11.70333
-14.77048
-16.32964
-16.9136
-16.87272
-16.57526
-16.21655
-15.90455
-15.65724
-15.59185
-56.84115
-57.86848
-60.86381
-66.21465
-74.33529
-85.8002
-100.89
-111.348
-114.1284
-110.2384
-101.5828
-91.06663
-71.13877
-28.13886
-25.12436
-26.33744
-27.1487
-26.5646
-25.498
-24.16865
-22.7195
-21.46315
-20.47768
-19.77626
-19.33776
-19.22928
-59.74363
-60.9363
-64.28174
-70.43892
-79.90014
-93.21146
-108.756
-118.273
-120.789
-116.4275
-108.3258
-96.24134
-76.97455
-63.78173
-55.94871
-52.24027
-47.46352
-40.86223
-36.42211
-32.30925
-29.02875
-26.58611
-24.83674
-23.66736
-23.00381
-22.82702
-60.1211
-61.51802
-65.25893
-72.17998
-82.85759
-97.96831
-113.473
-122.0152
-124.2933
-121.0421
-114.8701
-113.9113
-90.89353
-73.82751
-79.97491
-78.81123
-71.11895
-57.12267
-48.1926
-40.69021
-35.33991
-31.57689
-28.98614
-27.31075
-26.39766
-26.12892
-57.4584
-58.78301
-63.07648
-70.86576
-82.87972
-100.1045
-116.1586
-123.6268
-126.8984
-125.258
-114.8018
-93.03613
-100.7149
-104.9504
-105.7945
-103.6899
-94.50948
-74.65039
-59.44727
-48.44711
-41.05034
-35.97896
-32.55349
-30.3771
-29.22025
-28.85966
-51.64285
-52.89268
-57.62582
-66.13951
-79.45357
-99.33866
-116.2202
-124.0258
-127.697
-131.6553
-136.8922
-125.5699
-123.5577
-123.2881
-125.2089
-122.7456
-113.204
-90.46513
-68.66058
-54.68549
-45.52133
-39.31421
-35.1623
-32.53639
-31.13904
-30.72419
-42.8568
-44.10146
-48.90957
-57.74065
-71.96305
-94.39459
-112.9992
-123.0996
-126.772
-130.9173
-143.3906
-159.1166
-166.9656
-148.0592
-142.2581
-136.6326
-126.0471
-101.1867
-74.59415
-58.55454
-48.10405
-41.11872
-36.47361
-33.5296
-31.9119
-31.48871
-31.49642
-32.65872
-37.11306
-45.48392
-59.49619
-84.7165
-108.0742
-119.3793
-125.1714
-123.8099
-124.9316
-128.6667
-135.3136
-144.1281
-146.7341
-143.8941
-131.6494
-104.6116
-76.14917
-59.41815
-48.46693
-41.17574
-36.35213
-33.29711
-31.60482
-31.16086
-18.23051
-19.21252
-22.94703
-29.99166
-41.94938
-65.68595
-96.38238
-109.8604
-119.4075
-124.8883
-103.8931
-147.2963
-166.0523
-155.5781
-149.5491
-145.7887
-132.0559
-99.56164
-73.72005
-57.29553
-46.5612
-39.47109
-34.80342
-31.85443
-30.21855
-29.7807
-3.961948
-4.682636
-7.377039
-12.53413
-21.47521
-37.1236
-71.80711
-91.65667
-99.61928
-94.11035
-93.77374
-106.4829
-119.5119
-141.7566
-147.5502
-142.9421
-123.9637
-88.64754
-66.19811
-51.85572
-42.41985
-36.1383
-31.98502
-29.35138
-27.88398
-27.48853
10.27449
9.853288
8.336285
5.548938
0.9567279
-6.580645
-27.2552
-51.48566
-53.90206
-29.75475
-22.86555
-101.6283
-153.533
-143.1767
-141.3874
-132.6449
-105.9843
-73.78956
-55.51284
-44.1659
-36.66848
-31.60986
-28.22358
-26.05685
-24.84227
-24.5164
23.52433
23.39131
23.00539
22.30182
21.1323
19.04383
16.87344
11.07924
25.77267
39.71943
27.85415
-5.676498
-74.48748
-112.1851
-110.0664
-101.0302
-72.79561
-54.9467
-43.31132
-35.47397
-30.14839
-26.48002
-23.97077
-22.33414
-21.3986
-21.14499
34.99453
35.09812
35.61667
36.6993
38.79356
42.72204
49.99106
61.81797
81.76733
91.04204
91.77467
61.48807
-0.3236599
-57.091
-65.61817
-51.00941
-42.11428
-35.95506
-30.86651
-26.76587
-23.65185
-21.33325
-19.67863
-18.55226
-17.88491
-17.71064
44.16252
44.42982
45.60339
47.90431
51.85906
58.30693
68.02652
82.13075
96.48617
115.8498
121.4081
101.8755
66.59936
28.08329
-2.267303
-16.04715
-20.19659
-20.94366
-20.30466
-19.12307
-17.86554
-16.72604
-15.7781
-15.05439
-14.57785
-14.44444
50.75094
51.10132
52.56639
55.36743
59.88751
66.7734
76.59079
89.92705
104.0937
116.1218
119.483
105.4238
81.47404
51.67972
24.72044
5.100689
-5.392967
-10.28682
-12.48225
-13.27053
-13.34928
-13.08437
-12.65163
-12.14886
-11.70449
-11.61564
54.63958
55.04182
56.6383
59.52464
64.06404
70.83072
80.5686
92.48492
104.9297
114.1763
115.7767
105.2488
85.31709
60.01077
35.37198
15.20379
2.749148
-4.115884
-7.797956
-9.666886
-10.49985
-10.73642
-10.59161
-10.09215
-9.121487
-8.923142
55.60339
55.96739
57.56233
60.51489
65.15963
71.96918
81.46162
92.99099
104.8992
113.2813
114.5156
104.8275
85.81856
61.59904
37.70547
18.30888
5.260175
-2.435576
-6.628239
-8.848825
-9.911656
-10.28597
-10.23463
-9.867244
-8.436383
0
