0.0000000 0.0000000
0.0000000 0.0000000
0.0000000 0.0000000
0.0000000 0.0000000
0.0000000 0.0000000
0.0000000 0.0000000
0.0000000 0.0000000
0.0000000 0.0000000
0.0000000 0.0000000
0.0000000 0.0000000
0.0000000 0.0000000
0.0000000 0.0000000
0.0000000 0.0000000
0.0000000 0.0000000
0.0000000 0.0000000
0.0000000 0.0000000
0.0000000 0.0000000
0.0000000 0.0000000
0.0000000 0.0000000
0.0000000 0.0000000
0.0000000 0.0000000
0.0000000 0.0000000
0.0000000 0.0000000
0.0000000 0.0000000
0.0000000 0.0000000
0.0000000 0.0000000
0.0000000 0.0000000
0.1624141 0.0561034
-1.7594628 0.8901459
-1.9705052 2.3197954
-1.2028099 3.5895588
-0.8189406 4.3478851
-0.7707462 5.0812769
-0.9390450 5.9429731
-1.3382559 7.0713015
-2.1719239 8.5924873
-3.8992889 10.8562469
-8.5914602 13.5899305
4.3567605 14.6874304
12.9773989 -10.4491835
-7.1729965 -9.2671032
-3.6504660 -8.3554564
-2.5525494 -5.1259265
-1.5243233 -3.5511868
-0.9522529 -2.4866824
-0.6327898 -1.7986029
-0.4362794 -1.3249723
-0.3213831 -0.9814639
-0.3104723 -0.7019120
-0.4045812 -0.3349733
-0.2503748 -0.0596338
0.0000000 0.0000000
0.0000000 0.0000000
-0.2566850 0.2728215
-3.4225354 1.5684243
-2.9149539 2.5156753
-1.8548834 3.2175941
-1.5463272 3.8961039
-1.6565633 4.7497077
-1.9770098 5.6216049
-2.5815814 6.5215101
-3.7643940 7.4819965
-5.9999380 8.0948648
-0.5818098 8.8348675
16.2133236 9.7172823
28.7689724 -7.8211083
13.4704866 -5.6680751
-6.1206284 -1.8006400
-3.8265536 -3.8461828
-2.4851551 -2.7165351
-1.6189176 -1.9673048
-1.1049652 -1.4675626
-0.7906445 -1.1033349
-0.5965361 -0.8073506
-0.5371802 -0.5869116
-0.6989447 -0.3335519
-0.5282376 -0.1049539
0.0000000 0.0000000
0.0000000 0.0000000
-1.3810257 0.5799833
-4.6136780 1.9885823
-3.3473122 2.4565692
-2.4750054 3.0557597
-2.3749874 3.7842076
-2.4650531 4.5633812
-2.7271903 5.2319698
-3.2689788 5.7633619
-4.3035817 5.9738455
-6.4990082 5.5474849
-3.6854365 -1.1793106
20.8938179 7.7775602
33.8409119 -1.6763939
11.0119934 5.6582398
-7.5494437 0.7330659
-5.1799726 -0.6606876
-3.0737579 -1.3007131
-2.0340261 -1.1950451
-1.4045103 -1.0142156
-1.0341477 -0.8346324
-0.8150412 -0.6492970
-0.7170371 -0.4827692
-0.8832607 -0.3295091
-0.8277155 -0.1240495
0.0000000 0.0000000
0.0000000 0.0000000
-3.0237091 0.8320389
-5.3403177 2.1799767
-3.6982241 2.4146242
-3.1997685 3.0960493
-3.1258886 3.8131030
-3.1107035 4.4778585
-3.2163267 5.0083814
-3.5050015 5.3239460
-4.0437346 5.2978826
-5.0316005 4.3067508
2.7792637 -3.6373529
13.0230455 3.0669994
33.2841072 -8.4507723
15.3283968 5.7488885
-4.9808536 1.6321306
-4.5219531 0.5656325
-2.7180967 -0.1734974
-1.9700210 -0.4712031
-1.4559555 -0.5671157
-1.1344728 -0.5621047
-0.9452873 -0.4966504
-0.8499557 -0.3881410
-0.9961630 -0.3038307
-1.1139286 -0.1283595
0.0000000 0.0000000
0.0000000 0.0000000
-4.8533063 0.9895925
-5.7393742 2.2138524
-4.1912103 2.4599156
-3.9417577 3.2249026
-3.7985389 3.9276724
-3.6615109 4.5887890
-3.6357794 5.1346407
-3.6396918 5.4858303
-3.4965134 5.3213472
-3.1062002 4.1066051
5.7788582 -3.0168071
12.2602091 1.7893735
35.0625648 0.2668001
10.6832676 3.7495284
-3.8472426 2.6811726
-3.7625661 1.6925393
-2.2312801 0.5835528
-1.6692549 0.0281039
-1.3297228 -0.2475550
-1.1156852 -0.3620943
-0.9956163 -0.3835565
-0.9396673 -0.3243354
-1.0690713 -0.2780692
-1.3630199 -0.1322709
0.0000000 0.0000000
0.0000000 0.0000000
-6.6054831 1.0539227
-6.0369511 2.1662049
-4.8606529 2.5670102
-4.6932817 3.3976219
-4.4847422 4.1551433
-4.3169918 4.9374743
-4.2122898 5.6950288
-3.8533089 6.1405392
-2.7975018 5.8314977
-0.8979026 4.2821517
7.5601926 -1.2890133
11.3516827 0.8990191
32.9212570 -1.9307251
4.8984385 0.9915261
-2.3934786 2.0881183
-2.5648170 1.5635227
-1.5614218 0.8307012
-1.2435601 0.2484113
-1.1011797 -0.1037989
-1.0227612 -0.2785418
-0.9951889 -0.3422299
-1.0005985 -0.3089454
-1.1280131 -0.2720021
-1.5784156 -0.1434999
0.0000000 0.0000000
0.0000000 0.0000000
-8.1526127 1.0609791
-6.4207344 2.0989232
-5.6711984 2.6988814
-5.5041914 3.5980971
-5.3051071 4.4855852
-5.2472978 5.5436406
-5.0517616 6.5474992
-3.8446267 6.7930603
-1.5529778 5.8976641
1.5373268 3.8009298
9.9630079 -1.2602733
10.9676294 1.0985370
27.3035545 0.4390986
1.6981890 -0.1814745
-0.5945780 1.3523688
-1.1023848 1.3378899
-0.7290511 0.7868507
-0.7510395 0.1990818
-0.8299386 -0.1581445
-0.9038405 -0.3308201
-0.9796125 -0.3889156
-1.0559043 -0.3514353
-1.1954800 -0.2970556
-1.7779398 -0.1658306
0.0000000 0.0000000
0.0000000 0.0000000
-9.4770250 1.0470660
-6.9836164 2.0436037
-6.5871687 2.8295901
-6.4165063 3.8031244
-6.3848896 4.8962483
-6.5908513 6.2964244
-5.6812277 7.0630322
-3.1268542 6.6511755
0.2590052 5.0803609
3.9998059 2.9895825
11.6829233 -1.6898917
12.1485205 -0.7890507
38.1049843 0.7288889
-1.9327421 0.0901711
-1.2484158 3.3838928
-0.1506250 1.0460497
0.0399093 0.3680562
-0.3099906 -0.1284182
-0.5943145 -0.4007231
-0.8133832 -0.5140534
-0.9879730 -0.5238974
-1.1320868 -0.4510411
-1.2918394 -0.3561699
-1.9836551 -0.2003836
0.0000000 0.0000000
0.0000000 0.0000000
-10.6024199 1.0295033
-7.7397742 2.0069056
-7.5770769 2.9375226
-7.4607830 3.9880140
-7.8415194 5.3221030
-7.8213539 6.6494765
-5.3713427 6.5804811
-1.7104311 5.5478592
2.1909354 3.7287688
6.1044106 1.7191665
13.1229162 -1.7251668
14.6183767 -1.9328263
31.9318771 -3.9941103
1.7649399 -0.1965056
1.7906250 2.9059255
1.3119621 0.1750287
0.7984319 -0.2974780
0.0770530 -0.6543345
-0.4342709 -0.8035532
-0.7919532 -0.8124920
-1.0542275 -0.7376876
-1.2554380 -0.6000797
-1.4350582 -0.4451265
-2.2136798 -0.2464727
0.0000000 0.0000000
0.0000000 0.0000000
-11.5623837 1.0110285
-8.6582689 1.9884589
-8.6163206 3.0137119
-8.6679058 4.1494985
-9.4044895 5.5357170
-8.0955162 6.1872063
-4.2596965 5.2855029
0.0791841 3.8474741
4.1402159 2.1148942
7.7841020 0.4958996
14.1452332 -2.3934910
19.2905426 -5.2135220
27.2679253 -3.0394769
5.6028600 -0.3044385
2.9690745 -0.8919533
1.9215261 -1.2152469
1.0989375 -1.3368977
0.2167041 -1.3987980
-0.4326285 -1.3437636
-0.8861825 -1.2018946
-1.2094824 -1.0117052
-1.4488676 -0.7865416
-1.6404486 -0.5563049
-2.4796751 -0.3006720
0.0000000 0.0000000
0.0000000 0.0000000
-12.4139833 0.9938262
-9.6752234 1.9683551
-9.6932135 3.0501332
-9.9992743 4.2421298
-10.5383596 5.4631629
-7.2990670 5.2042356
-2.6117489 3.7700841
1.8937308 2.0045290
5.7478061 0.4514007
9.0392294 -0.8932818
14.0077496 -2.5699420
23.3780918 -6.3241587
10.9896345 -3.4801147
3.7605741 -4.1527162
2.5966644 -3.4253113
1.8641998 -2.8837359
0.9989778 -2.5406535
0.0607837 -2.2738612
-0.6387895 -1.9751306
-1.1323558 -1.6509938
-1.4788492 -1.3219310
-1.7285560 -0.9931808
-1.9185662 -0.6791170
-2.7857971 -0.3576998
0.0000000 0.0000000
0.0000000 0.0000000
-13.1535110 0.9769641
-10.7445965 1.9287655
-10.8101950 3.0471113
-11.3576746 4.2544432
-10.8620720 4.9773254
-5.8492947 3.9469957
-0.6570139 2.2297120
3.3478885 0.7176151
7.4224782 -1.0954325
10.3723354 -2.6223145
15.5717163 -3.8396544
29.0206947 -9.6302004
5.1408768 -5.0547128
3.4098957 -5.7704682
2.1615455 -5.3042498
1.3445431 -4.5282664
0.5181689 -3.7942865
-0.3844332 -3.1980526
-1.0717163 -2.6430101
-1.5499971 -2.1182268
-1.8764565 -1.6390374
-2.1028991 -1.1988158
-2.2741153 -0.7986510
-3.1270413 -0.4105273
0.0000000 0.0000000
0.0000000 0.0000000
-13.7634134 0.9504252
-11.8312054 1.8676628
-11.9626169 3.0001192
-12.5189238 4.1802144
-10.2874756 4.3051968
-4.1773753 2.6744297
0.7632034 1.1778839
4.9049459 -0.5405032
8.9791412 -2.3057415
13.5052710 -5.4137568
20.2282181 -8.6533108
26.4315834 -11.0732946
7.4526634 -6.8836126
3.4653189 -7.9206905
1.3587203 -7.5332460
0.1632877 -6.4221201
-0.4077758 -5.1211190
-1.1217058 -4.1215711
-1.7438076 -3.2915292
-2.1504552 -2.5562413
-2.4055393 -1.9262410
-2.5702965 -1.3780853
-2.7034972 -0.8969678
-3.4869497 -0.4509180
0.0000000 0.0000000
0.0000000 0.0000000
-14.2402391 0.9157495
-12.9159546 1.7822653
-13.2110968 2.9184952
-13.1734953 3.9544826
-9.0060768 3.5200546
-2.6105037 1.5769025
1.6542103 0.1981325
6.6822038 -1.8136041
10.4512596 -2.6472712
15.4632301 -5.7074380
32.3098221 -12.8755283
10.7195578 -8.5516310
8.0118179 -8.9581051
3.3779967 -9.4071550
0.4063540 -9.4062843
-1.5987542 -8.3487110
-1.9963554 -6.5282350
-2.1748459 -4.9984632
-2.6721442 -3.8513725
-2.9314125 -2.9137397
-3.0569930 -2.1423886
-3.1179597 -1.4999986
-3.1905861 -0.9545971
-3.8392618 -0.4697063
0.0000000 0.0000000
0.0000000 0.0000000
-14.5944519 0.8658827
-13.9394779 1.6570332
-14.5200949 2.6979699
-12.7228956 3.1423454
-7.4782414 2.4466136
-1.2221539 0.7870919
3.4398873 -0.9223916
8.3213987 -3.0799532
12.9520168 -4.3023610
18.4977989 -6.8235536
33.2089729 -14.6296806
12.9519005 -8.4859486
8.6143122 -8.9459429
3.8761785 -9.2596426
0.0764289 -9.6056166
-3.0083494 -9.4129400
-4.3317313 -7.8157516
-3.6888011 -5.7345128
-3.8602893 -4.2326660
-3.8671689 -3.1226051
-3.7994459 -2.2422097
-3.7183981 -1.5324572
-3.7057812 -0.9513858
-4.1518927 -0.4595701
0.0000000 0.0000000
0.0000000 0.0000000
-14.8252096 0.7734513
-14.9114218 1.4886757
-15.6275644 2.3120103
-11.6951389 2.5492392
-5.5711870 1.3430207
-0.1883035 0.1960240
4.8173366 -1.6893345
8.9088230 -2.5499451
13.6157961 -3.3715730
31.3927193 -12.6399984
19.6902809 -9.4678965
14.1969299 -7.5590620
9.1943769 -7.6831717
4.7886229 -7.8054833
0.3874986 -8.0282249
-3.2123744 -8.4763355
-6.5419536 -7.8517733
-5.7266455 -6.0702314
-5.3176446 -4.3101616
-4.9251208 -3.1224735
-4.5932541 -2.1756015
-4.3328528 -1.4416527
-4.2022095 -0.8681861
-4.3987908 -0.4106137
0.0000000 0.0000000
0.0000000 0.0000000
-15.0286245 0.6380573
-15.9315577 1.2595307
-16.1788120 1.3917975
-10.3343716 1.3770368
-3.5289004 0.3101248
1.1875129 -1.1042638
5.9420366 -2.9906356
8.9973192 -3.5262890
19.3120289 -4.9239001
35.4958534 -15.0748482
16.4244518 -8.5274572
12.8702335 -6.6086297
8.8716183 -5.5878882
5.0191727 -5.2491837
1.1947724 -5.4258413
-2.7740498 -5.8952556
-6.6738749 -6.6131291
-8.0687609 -5.1410165
-6.8932137 -3.9915955
-6.0048351 -2.8228099
-5.3615270 -1.8843607
-4.9008913 -1.1938831
-4.6267586 -0.6879740
-4.5662417 -0.3173566
0.0000000 0.0000000
0.0000000 0.0000000
-15.1155243 0.4065523
-16.6729794 0.7558530
-15.7465277 0.3945521
-8.5246706 -1.0744995
-2.4115522 -1.0182016
3.0513446 -2.6526830
6.8515534 -3.8206589
9.9336176 -5.7430077
32.2746925 -11.5315962
34.0760193 -11.3075914
14.3455896 -5.8845506
11.6785774 -4.4783626
8.0143633 -3.2009356
4.7622232 -2.6430824
1.6333680 -2.7122588
-1.8436537 -3.4401817
-5.8634853 -3.9510043
-9.3612690 -2.9885275
-8.4682236 -3.1638288
-6.9669437 -2.1615794
-6.0332336 -1.3222852
-5.3540559 -0.7543220
-4.9157314 -0.3953129
-4.6402197 -0.1650825
0.0000000 0.0000000
0.0000000 0.0000000
-15.3819571 0.0931176
-17.0930653 0.0708450
-14.5480938 -0.6672839
-6.8107910 -2.2077854
-1.1453882 -3.5507729
4.1783714 -3.8671556
7.9611993 -4.7046318
13.1316175 -6.0526371
33.5490303 -10.8468666
29.3599930 -7.5608940
12.2817326 -3.1336279
10.1651516 -1.9055477
7.0105252 -0.6931555
4.4264665 -0.3053583
1.4834013 -0.0881124
-1.1451135 -0.6318379
-4.7183399 -0.8033131
-9.0251732 -0.9380605
-10.0895166 -1.4352771
-7.7242689 -0.9107764
-6.4906864 -0.4130396
-5.6202068 -0.1105155
-5.0383692 0.0178602
-4.6402369 0.0372906
0.0000000 0.0000000
0.0000000 0.0000000
-15.2917185 -0.4182233
-17.1545258 -0.7725403
-12.4324846 -2.8574769
-5.7171998 -3.3588212
-0.0947385 -4.6387563
4.6969166 -5.4373946
8.5955381 -6.0264859
16.9813671 -6.5422235
28.7923717 -7.6902056
26.0276432 -5.3645172
10.9016867 -0.5774652
8.9839821 0.4210119
6.0046048 1.7764828
3.9551916 2.1447678
2.6516600 2.6614077
-0.7966761 2.4517069
-3.9589450 1.7061758
-8.9226809 1.8765650
-10.7381115 0.7959448
-7.9573188 0.7033572
-6.6165133 0.6975275
-5.5992465 0.6613435
-4.9134402 0.5126556
-4.4510846 0.2782266
0.0000000 0.0000000
0.0000000 0.0000000
-14.6526079 -1.4844431
-16.2776279 -2.5749168
-10.1681376 -5.0463290
-4.9715872 -5.6671910
-0.4265706 -6.4109135
5.3059645 -6.6344185
8.8357048 -6.9147124
17.7873230 -7.4614100
27.5930367 -4.1821566
19.4361343 -3.6203923
9.2901659 1.2896757
7.6509185 2.6806145
5.0974402 4.3102989
3.4971094 4.6628227
2.3033035 4.9943786
-0.5516707 5.5982647
-3.9668951 6.1012988
-6.9599924 5.3146811
-10.3509483 3.4147601
-7.7109022 2.4695137
-6.4449754 2.0580690
-5.2782345 1.6243061
-4.4747658 1.1055565
-3.9756179 0.5543017
0.0000000 0.0000000
0.0000000 0.0000000
-12.8081207 -3.5288820
-14.7131491 -6.4053512
-8.8205624 -7.3119583
-4.6652079 -7.8595562
0.7717087 -8.3844595
4.4078088 -7.8462138
7.9270997 -6.9821272
19.5421791 -7.5678587
25.9950352 -8.5649471
12.6829004 -0.0941402
7.8069005 2.3688323
5.9675756 4.2376742
4.2025423 6.1419339
3.0936141 6.7274604
1.1343901 7.7160025
-0.7262120 7.2722397
-3.2328405 8.1632376
-5.4069967 8.2827768
-8.6514416 7.1798429
-6.6347885 5.6224279
-5.5193744 4.4596925
-4.4186063 3.0996368
-3.6859486 1.9284680
-3.1884139 0.9305871
0.0000000 0.0000000
0.0000000 0.0000000
-8.0904865 -5.8164902
-10.5168772 -13.3858852
-8.4804516 -15.7944155
-4.4752579 -13.4084644
0.7005754 -12.2918873
3.2694130 -10.1585646
7.8428149 -8.9296360
19.9279976 -7.6603403
16.9294472 -0.5931175
7.9761934 1.8300272
4.7032127 4.9907465
3.8022039 6.2453194
3.0071843 8.9340458
2.3486340 10.6249361
1.3303602 12.2546577
-2.0335746 15.5787001
-4.4515004 15.1628933
-7.3422995 15.1474667
-7.1700406 14.6326675
-5.1339812 11.6306858
-3.1448295 8.0906858
-2.3137941 5.2180085
-2.0797005 3.1300697
-1.9139359 1.4757458
0.0000000 0.0000000
0.0000000 0.0000000
-2.8687770 -3.7774754
-5.6950850 -10.4844112
-3.1888213 -22.4494724
-0.7693890 -19.6928673
1.4230100 -19.3873367
3.9185514 -16.6732121
10.1082840 -13.2342434
15.2271147 -6.0636263
8.5201979 3.9923806
7.2712927 5.9263058
2.3818097 11.5222816
0.9467989 12.7242765
0.8476415 14.8686743
0.0021760 17.0463085
0.2812015 17.3197308
-0.7821781 18.0054626
-1.6896799 20.1185894
-4.0435824 19.1937027
-2.8096652 12.8253183
-1.3565030 8.2002954
-0.7693325 5.7969952
-0.6459722 4.2063560
-0.6302823 2.7524726
-0.5731954 0.9745930
0.0000000 0.0000000
0.0000000 0.0000000
0.0000000 0.0000000
0.0000000 0.0000000
0.0000000 0.0000000
0.0000000 0.0000000
0.0000000 0.0000000
0.0000000 0.0000000
0.0000000 0.0000000
0.0000000 0.0000000
0.0000000 0.0000000
0.0000000 0.0000000
0.0000000 0.0000000
0.0000000 0.0000000
0.0000000 0.0000000
0.0000000 0.0000000
0.0000000 0.0000000
0.0000000 0.0000000
0.0000000 0.0000000
0.0000000 0.0000000
0.0000000 0.0000000
0.0000000 0.0000000
0.0000000 0.0000000
0.0000000 0.0000000
0.0000000 0.0000000
0.0000000 0.0000000
0.0000000 0.0000000
0.0000000 0.0000000
0.3513862 -0.3239556
0.0000000 0.0000000
0.7084424 -0.2313922
-0.0402588 -0.5336484
-0.1720587 -0.5704647
0.0000000 0.0000000
-1.1728046 -0.0668908
-0.5665159 0.4742008
-0.5848078 1.5097518
0.0000000 0.0000000
-1.9298710 1.5808650
-0.5776860 2.5998967
-0.5560817 3.6322708
0.0000000 0.0000000
-1.5096751 3.1289284
-0.4333527 4.4658551
-0.3762108 5.0931640
0.0000000 0.0000000
-0.9564434 4.0249963
-0.3139698 5.6682796
-0.3043761 6.1700721
0.0000000 0.0000000
-0.7631462 4.7266078
-0.3114316 6.6936278
-0.3506112 7.1970267
0.0000000 0.0000000
-0.8189433 5.4926128
-0.3860620 7.8410993
-0.4738889 8.4745798
0.0000000 0.0000000
-1.0732791 6.4516110
-0.5462238 9.4076138
-0.7223819 10.2786684
0.0000000 0.0000000
-1.5979848 7.7264471
-0.8927982 11.8185225
-1.2260931 13.2081699
0.0000000 0.0000000
-2.6765451 9.7591848
-1.7703841 15.7243891
-1.9935352 18.7473240
0.0000000 0.0000000
-4.9856286 14.5097895
-1.9038118 21.5946465
-2.2595456 25.9305573
0.0000000 0.0000000
3.0894761 14.5319118
4.9463191 17.0870552
8.8275585 10.8934336
0.0000000 0.0000000
17.8427391 6.6894732
10.2694778 -9.4800959
-0.0527428 -9.6930227
0.0000000 0.0000000
9.4505014 -3.3411117
0.0413652 -14.4273701
-0.0788576 -14.1473732
0.0000000 0.0000000
-9.2673531 -11.2867775
-0.6084581 -9.7686338
-0.5314199 -7.7139559
0.0000000 0.0000000
-2.7993844 -6.4747214
-0.7296323 -6.7730293
-0.5094985 -5.4136577
0.0000000 0.0000000
-1.9777640 -3.9345555
-0.4864728 -4.6263933
-0.3955308 -3.7078836
0.0000000 0.0000000
-1.1988651 -2.8659756
-0.3410622 -3.1913214
-0.2722322 -2.5957289
0.0000000 0.0000000
-0.7765727 -2.0782144
-0.2209215 -2.2485037
-0.1841835 -1.8624107
0.0000000 0.0000000
-0.5262756 -1.5372717
-0.1501871 -1.6153616
-0.1291785 -1.3513042
0.0000000 0.0000000
-0.3728222 -1.1424574
-0.1088873 -1.1739302
-0.0955283 -0.9711567
0.0000000 0.0000000
-0.3042612 -0.8408908
-0.0975805 -0.8056174
-0.1158748 -0.6217306
0.0000000 0.0000000
-0.3494923 -0.5502884
-0.1350009 -0.3900045
-0.1316465 -0.1640785
0.0000000 0.0000000
-0.3842940 -0.1697490
-0.0561794 -0.0332963
0.0093225 0.1029535
0.0000000 0.0000000
0.0631318 0.0586458
0.0000000 0.0000000
0.0000000 0.0000000
1.1283839 -0.1378552
1.0855002 -0.0645102
-0.1725314 -0.0153894
-1.4246241 0.3490990
-2.3586488 0.6928866
-2.5018983 1.2078896
-2.6658061 1.9685661
-3.2918587 2.0913267
-2.2652507 2.6308913
-1.8818119 3.1358821
-2.2863626 2.8838158
-1.4766656 3.4976408
-1.2566427 3.8576708
-1.6409365 3.5091598
-1.1648985 4.1860008
-1.1739203 4.5781045
-1.5668808 4.3043995
-1.2425095 5.0264354
-1.3865875 5.4335880
-1.7702496 5.1487899
-1.5419056 5.9965973
-1.8191948 6.4290104
-2.1939566 5.9744163
-2.1031842 7.1579242
-2.6407146 7.6081920
-3.0248156 6.7317080
-3.1837189 8.6748810
-4.4529414 9.0292063
-4.6917043 7.1390934
-5.9203763 10.6201677
-9.2166338 11.9319868
-10.4603586 7.9969735
-2.2830334 9.1813307
6.6214051 12.1438074
10.2336864 12.4801588
10.7847414 9.1574078
19.9147015 12.8304100
24.0367908 7.0226007
26.1409760 -2.7528400
14.6159163 -2.8046484
21.3807526 -0.4573337
9.8284922 -7.3662605
-9.6223917 -9.8657150
-11.5138645 -9.0511951
-3.4973192 -6.2575507
-3.3434377 -6.8493958
-6.0456147 -6.4619913
-2.8925471 -4.9244766
-2.2430437 -3.6163445
-3.1360404 -3.4554255
-1.9012623 -3.2168136
-1.5264599 -2.5525689
-2.0334299 -2.2895544
-1.2327300 -2.2685533
-1.0147409 -1.8638572
-1.3376586 -1.6956365
-0.8311687 -1.6320567
-0.6999068 -1.3808359
-0.9312398 -1.2833693
-0.5823815 -1.1931792
-0.5062058 -1.0228583
-0.6824883 -0.9635935
-0.4352736 -0.8714964
-0.4028554 -0.7391864
-0.5478255 -0.6989497
-0.3990468 -0.6214181
-0.4513953 -0.4899566
-0.5897853 -0.4873400
-0.5365346 -0.3079333
-0.5580378 -0.1830788
-0.7104779 -0.2197494
-0.3787974 -0.0660187
0.1435059 0.0237562
0.1114187 -0.0103062
0.0000000 0.0000000
0.0000000 0.0000000
1.0218329 0.0377280
0.8433230 0.1116200
-0.9088324 0.3576054
-2.9715705 1.0339234
-3.7455192 1.2805067
-4.0183001 1.8045729
-3.7742434 2.2076252
-4.0629964 2.2477524
-3.0879748 2.5436766
-2.5079777 2.7978146
-2.7935607 2.7003064
-2.1239402 3.0946050
-1.9744141 3.4337859
-2.3809812 3.3649976
-1.9461608 3.8248718
-2.0119164 4.2289953
-2.3869641 4.1604543
-2.0805972 4.6766887
-2.2377484 5.0118141
-2.5467610 4.8598599
-2.3808689 5.4650722
-2.6790481 5.7121406
-2.9134889 5.4370518
-2.9504929 6.2110972
-3.4892802 6.3143034
-3.6129282 5.8611369
-3.9448805 6.7978663
-4.7593317 6.8356571
-4.7878060 6.1358356
-4.9663510 7.1742582
-9.9902925 8.0304213
-10.0986414 7.4461098
-9.5269356 6.7740192
5.7195811 7.9408517
12.5143566 3.0424466
17.2118759 7.5450406
23.1711521 5.6307268
29.4448376 4.9399080
33.1518326 -0.5072006
27.1568718 1.7379385
32.3223152 7.8043003
13.6373310 1.1920738
-10.3674259 -4.9278255
-7.8173027 -0.5721316
-5.9732828 -0.5121139
-6.8197813 -4.0279660
-7.3824925 -1.9935638
-4.5727100 -2.3271430
-3.5110235 -2.5673504
-3.9111605 -1.6553758
-2.7813995 -2.0525603
-2.2561679 -1.8181158
-2.5040591 -1.3419833
-1.7940320 -1.5847751
-1.5032753 -1.4252400
-1.6859974 -1.1537362
-1.2300975 -1.2390714
-1.0584365 -1.1162825
-1.1978562 -0.9603540
-0.8933182 -0.9639475
-0.7931560 -0.8622040
-0.9104012 -0.7737197
-0.6938776 -0.7222921
-0.6509316 -0.6371386
-0.7507770 -0.5848438
-0.6201288 -0.5312858
-0.6734831 -0.4517862
-0.7602587 -0.4290005
-0.7831630 -0.3252064
-0.8389978 -0.2422361
-0.9528196 -0.2521619
-0.6699510 -0.1179876
0.0887616 -0.0230149
0.0338934 -0.0357468
0.0000000 0.0000000
0.0000000 0.0000000
0.4972174 0.1719590
0.1361602 0.2434963
-2.2573953 0.6756281
-4.4234991 1.5058047
-5.0472770 1.6517457
-5.0003839 2.1172409
-4.3003645 2.2532072
-4.4497576 2.2535732
-3.5131500 2.4394825
-3.0287189 2.6951935
-3.3490188 2.7041337
-2.8104148 3.0418077
-2.7681017 3.3970540
-3.1433258 3.4163435
-2.7340100 3.7849329
-2.7709985 4.1413927
-3.0943136 4.1221271
-2.7870412 4.5020270
-2.8876123 4.7723980
-3.1434624 4.7015114
-2.9772086 5.0893602
-3.1823893 5.2571912
-3.3202982 5.0956621
-3.3690975 5.4796381
-3.7767019 5.4624310
-3.6897321 5.1187239
-4.1372209 5.5845418
-4.9967718 5.0018616
-4.4749436 4.3496895
-5.7721705 5.2856774
-11.4774752 4.5556092
-9.1313438 3.5327382
-0.4752285 -4.1459169
7.8028316 0.1731396
6.3338594 -0.0196965
14.5328426 4.3890185
18.4184628 7.0118780
22.3324890 4.1298027
35.6099586 -6.0736246
34.4197350 2.6884396
30.0062237 6.9643631
14.5558472 5.3643937
-6.3847623 1.9136330
0.3203308 5.1580005
-6.9295158 2.4083891
-6.9517922 -0.1089457
-5.2588916 1.2888646
-4.8564239 0.2440482
-3.8781674 -0.6363395
-3.3278637 0.1236268
-2.9407771 -0.6501520
-2.4577601 -0.8093013
-2.2611549 -0.3880775
-2.0062664 -0.7838932
-1.7142172 -0.8454051
-1.6764103 -0.5870705
-1.4248782 -0.7654865
-1.2533813 -0.7779800
-1.2728772 -0.6209140
-1.0789871 -0.6852298
-0.9793299 -0.6661179
-1.0255454 -0.5739273
-0.8757480 -0.5640677
-0.8300848 -0.5270008
-0.8868693 -0.4748628
-0.7830378 -0.4317330
-0.8248112 -0.3921240
-0.8797109 -0.3640587
-0.9357114 -0.3128467
-1.0415503 -0.2533814
-1.1238648 -0.2503977
-0.9642699 -0.1269605
-0.0320640 -0.0418450
-0.1020439 -0.0485212
0.0000000 0.0000000
0.0000000 0.0000000
-0.4113902 0.3022328
-0.9801441 0.3734327
-3.9640312 0.9051365
-5.6224527 1.7645032
-6.0839720 1.8245988
-5.5598283 2.2264485
-4.6034441 2.2335095
-4.7726622 2.2378900
-3.9327254 2.4258990
-3.6641228 2.7622323
-4.0192313 2.8228266
-3.5533426 3.1408837
-3.5142102 3.4935393
-3.8714106 3.5512025
-3.4444861 3.8457460
-3.4161170 4.1772151
-3.7396889 4.2185297
-3.3864360 4.4750919
-3.3762202 4.7575846
-3.6763523 4.7991395
-3.4054668 4.9843993
-3.4562559 5.1544495
-3.6508605 5.2653608
-3.4940150 5.3084412
-3.6013260 5.2395954
-3.5956714 5.4470701
-3.6570709 5.1319337
-3.6913915 4.8747377
-3.3461795 4.9514885
-3.3408020 3.4411340
-6.1932945 4.5373912
-5.3926983 3.9214873
4.7594194 -3.3630922
8.4273720 0.3656399
8.9961967 1.2568336
11.5884342 1.3709779
15.6351862 3.4609888
15.6880360 1.9981824
34.9173508 2.0266366
32.6929550 4.8833561
33.8893318 3.6411271
9.5325069 3.3565137
1.1538870 3.1158671
-0.7809173 2.0273957
-4.4022021 1.2866850
-4.9577389 1.5051209
-5.0627246 1.4580605
-4.0378222 1.1626861
-3.2109106 0.3068728
-2.9072137 0.6555993
-2.4439805 0.2948447
-2.1648364 -0.1085886
-1.8641413 0.1632967
-1.8281509 -0.1578941
-1.6310164 -0.3743785
-1.4729767 -0.1903712
-1.3982662 -0.3702983
-1.2727399 -0.4816249
-1.2043103 -0.3657419
-1.1291438 -0.4408950
-1.0562739 -0.4878073
-1.0433449 -0.4187165
-0.9728559 -0.4270212
-0.9395518 -0.4288872
-0.9601660 -0.3907781
-0.8977556 -0.3490161
-0.9312618 -0.3357957
-0.9642619 -0.3141519
-1.0323404 -0.2867780
-1.1847477 -0.2430084
-1.2433908 -0.2363061
-1.2306930 -0.1290264
-0.1842341 -0.0512508
-0.2613151 -0.0544174
0.0000000 0.0000000
0.0000000 0.0000000
-1.6540954 0.4229648
-2.3745155 0.4685449
-5.7392497 1.0266445
-6.5202374 1.8502390
-6.8648543 1.8513967
-5.8997650 2.2097042
-4.9671535 2.2343063
-5.2255487 2.2541647
-4.5091834 2.5016906
-4.3887615 2.9090104
-4.7758231 2.9845121
-4.3063960 3.2967665
-4.2226009 3.6592729
-4.6033330 3.7548633
-4.1294699 4.0047078
-4.0259967 4.3820963
-4.4357209 4.4954157
-3.9930422 4.6765485
-3.9057677 5.0525193
-4.3357849 5.2581301
-3.8895850 5.3144279
-3.8093474 5.6126294
-4.0934863 5.9372039
-3.6622603 5.7613730
-3.4521511 5.7922235
-3.4152474 6.0808916
-3.0847714 5.5615759
-2.4430370 5.1965432
-1.9406730 5.1394911
-1.7370112 3.9221582
-3.7883346 4.0409961
-2.2074311 3.3306158
6.9806437 -1.7760661
8.8467779 1.3997734
8.7838240 1.4223830
11.8446512 1.7672416
12.6845388 1.5057338
13.1405306 1.0597016
34.9217949 -0.4132916
27.3426323 4.6112776
34.4673233 -1.7756264
16.5625229 1.4146616
-0.9734989 3.7951357
2.1207507 5.7835636
-3.8798127 3.1506069
-4.1493688 2.1145751
-2.7507739 3.0827386
-3.1574194 2.0496871
-2.5346327 0.9139439
-1.9722373 1.2525964
-1.8521293 0.8330981
-1.6740952 0.3063271
-1.3166773 0.4386404
-1.4689915 0.1974285
-1.3732672 -0.0836768
-1.1578043 0.0004977
-1.2303612 -0.1368705
-1.1673379 -0.2960089
-1.0500052 -0.2444243
-1.0808630 -0.2952887
-1.0489707 -0.3766428
-1.0000625 -0.3478516
-1.0032977 -0.3473688
-0.9944390 -0.3695603
-0.9922833 -0.3564973
-0.9758763 -0.3074155
-1.0089517 -0.3030321
-1.0310566 -0.2965680
-1.1010430 -0.2700621
-1.2887914 -0.2314909
-1.3351886 -0.2283824
-1.4613397 -0.1356237
-0.3531511 -0.0557236
-0.4345978 -0.0569499
0.0000000 0.0000000
0.0000000 0.0000000
-3.1285107 0.4975587
-3.9151113 0.5176481
-7.3760633 1.0648942
-7.2069750 1.8280808
-7.5042572 1.8001387
-6.2336349 2.1404500
-5.5094519 2.2746401
-5.8665252 2.3046603
-5.2477660 2.6229177
-5.1778498 3.0815501
-5.6071787 3.1587484
-5.0885472 3.4847913
-4.9715796 3.8992608
-5.4174833 4.0173111
-4.8838172 4.2823005
-4.7742052 4.7537479
-5.3287759 4.9519773
-4.7797904 5.1463962
-4.6634240 5.6983871
-5.2537479 6.0469394
-4.5684710 6.0691900
-4.3294959 6.4163327
-4.5306811 6.8223262
-3.8052258 6.5637493
-3.0999496 6.3743176
-2.7882910 6.4618840
-2.0854061 5.9340563
-0.8197972 5.1238284
-0.0862075 4.9096217
0.5127829 4.0113287
-0.7516577 3.3271105
0.4342247 3.2430003
8.9303732 -1.1637540
9.4177704 1.4880643
10.0607834 1.1333255
11.2494383 0.6308995
15.0632887 2.0122218
12.3868065 1.0624940
32.3282471 0.3406402
30.7691708 2.6044304
27.9595470 -0.7128048
5.5120230 0.3721898
2.7811148 5.0676479
-0.1634353 3.2334671
-2.0513418 1.7402139
-2.2585812 2.5594971
-0.9993953 2.3134763
-2.1200666 1.6114684
-1.6350391 1.2212977
-0.9506178 1.3561448
-1.1964505 0.9447713
-1.1164982 0.4290842
-0.6739928 0.4488181
-1.0420221 0.2861362
-1.0407979 -0.0054393
-0.7805674 -0.0164248
-0.9976051 -0.0919475
-1.0004896 -0.2540571
-0.8593833 -0.2728164
-0.9845747 -0.2801619
-0.9981627 -0.3605611
-0.9367864 -0.3803789
-1.0007911 -0.3498981
-1.0218542 -0.3695273
-1.0136212 -0.3873151
-1.0363269 -0.3205718
-1.0767249 -0.3073625
-1.0995973 -0.3205072
-1.1660680 -0.2795256
-1.3774058 -0.2327564
-1.4252174 -0.2381590
-1.6666610 -0.1522999
-0.5346852 -0.0590162
-0.6230763 -0.0602238
0.0000000 0.0000000
0.0000000 0.0000000
-4.7000895 0.5272367
-5.4990268 0.5308840
-8.8029556 1.0596838
-7.8098097 1.7605193
-8.1111746 1.7252345
-6.7019582 2.0703859
-6.2393150 2.3412013
-6.6786246 2.3743896
-6.1123233 2.7559960
-6.0407948 3.2556043
-6.5186267 3.3249979
-5.9503121 3.6895471
-5.8403001 4.1813540
-6.3872914 4.3118215
-5.8268199 4.6481500
-5.8076501 5.2960272
-6.5704293 5.5718184
-5.8909187 5.8675337
-5.7712049 6.5517330
-6.2733049 6.8645616
-5.2961197 6.9506483
-4.6182170 7.0225587
-4.4533906 7.0936475
-3.4581251 6.9152098
-2.1107979 6.3599377
-1.4515160 5.9115829
-0.4758947 5.5921450
1.2268814 4.5224853
2.1731761 3.9984181
2.9506731 3.4564159
1.5895057 2.8062627
2.7242377 2.2552750
10.8533678 -1.1703966
10.7675467 0.6005130
11.2247744 -0.3056157
11.9457159 0.5825680
12.5532436 -1.8797152
14.2820330 -3.0540419
34.3076630 1.0742158
33.1704674 1.3254961
23.3769398 1.5545554
2.3586726 -0.5231060
1.3118815 3.4481041
-2.2533462 4.1150470
-0.0720691 1.8721447
-1.0088001 2.1370850
-0.7536564 2.2202806
-1.0300888 1.1554159
-0.6877085 1.1371057
0.0423688 1.0645425
-0.4970394 0.7157530
-0.5190950 0.2718406
-0.1032455 0.2006141
-0.5948086 0.0929762
-0.6899116 -0.1434224
-0.4604097 -0.2474513
-0.7524856 -0.2478617
-0.8267504 -0.3681653
-0.7058284 -0.4587027
-0.8855665 -0.4023780
-0.9470515 -0.4507010
-0.9005944 -0.5208114
-1.0012674 -0.4434921
-1.0529903 -0.4379482
-1.0579747 -0.4885007
-1.1037894 -0.3927470
-1.1558120 -0.3549882
-1.1924493 -0.3878941
-1.2484671 -0.3223188
-1.4758410 -0.2541353
-1.5370851 -0.2696102
-1.8672124 -0.1813700
-0.7342451 -0.0646373
-0.8361976 -0.0676065
0.0000000 0.0000000
0.0000000 0.0000000
-6.2850919 0.5302372
-7.0740948 0.5263969
-10.0243473 1.0422336
-8.4223452 1.6873930
-8.7542686 1.6532562
-7.3578725 2.0209663
-7.1210546 2.4149151
-7.6157274 2.4439261
-7.0692973 2.8779271
-6.9863520 3.4078414
-7.5107183 3.4625900
-6.9286752 3.8857470
-6.9098258 4.4845314
-7.5957007 4.6171823
-7.0875082 5.0845981
-7.2537394 5.9270134
-8.0484095 6.1329446
-7.1869264 6.5639334
-6.6867166 6.9823565
-6.7261162 6.9221859
-5.4779625 7.0983448
-4.0838027 6.6820631
-3.5593731 6.2241855
-2.3448050 6.1712823
-0.4660844 5.3293843
0.2131190 4.6343036
1.4401712 4.3872232
3.3810248 3.3648486
4.2563901 2.6740420
5.1900573 2.3008432
4.0991335 1.7716013
5.1724763 1.0188965
12.9068918 -1.6758103
12.2492876 -0.3808575
13.0297194 -1.0218637
13.1127014 -1.4536469
16.2118568 -4.2848206
18.4515324 -4.6936789
30.0253773 -4.7031345
26.1765518 0.4601435
20.9973392 -0.3789765
-0.0439314 0.7358665
-0.9069871 3.8777437
2.2550306 4.7957373
-0.2896999 5.1562862
0.5174158 1.6568644
1.8088701 1.9591924
0.4842581 0.6516185
0.4372713 0.6864008
1.1095015 0.3579488
0.1701411 0.0163217
0.0297219 -0.0985612
0.4483665 -0.3561335
-0.2385010 -0.3695169
-0.4031869 -0.4697088
-0.1970148 -0.6753058
-0.5738626 -0.5810975
-0.7069590 -0.6254610
-0.6221873 -0.7821324
-0.8364832 -0.6486005
-0.9400487 -0.6424084
-0.9269828 -0.7565725
-1.0414872 -0.6215198
-1.1205345 -0.5727391
-1.1541851 -0.6523454
-1.2049819 -0.5197650
-1.2686802 -0.4433323
-1.3314464 -0.4937449
-1.3680342 -0.3975466
-1.6055419 -0.2970680
-1.6890748 -0.3216949
-2.0832076 -0.2226428
-0.9646881 -0.0750879
-1.0886215 -0.0807351
0.0000000 0.0000000
0.0000000 0.0000000
-7.8493509 0.5210670
-8.6156292 0.5126876
-11.0652771 1.0223742
-9.0968914 1.6212473
-9.4733610 1.5951008
-8.1937008 1.9920237
-8.1043940 2.4782958
-8.6290293 2.4974251
-8.0889235 2.9730399
-8.0166187 3.5242569
-8.5900517 3.5702472
-8.0534792 4.0600519
-8.2652493 4.7821465
-9.0337677 4.8863688
-8.6238537 5.4662943
-8.7103119 6.2296963
-9.1288013 6.1628194
-7.9825020 6.5858645
-6.6263332 6.4685535
-6.2315741 5.9944720
-4.7939782 6.1520472
-2.8217409 5.4526381
-2.0743306 4.6396027
-0.7008587 4.6618772
1.3589795 3.7403316
2.1841850 2.9139867
3.2912991 2.8996558
5.2969818 1.9821125
6.1076102 1.2936261
7.0084963 1.0803889
6.5772057 0.3571190
7.8200846 -0.3642236
13.7471533 -2.0149918
14.5540237 -1.4453903
14.8666687 -1.3316202
16.8772182 -3.2709038
20.3539448 -5.6680479
22.7534008 -6.6900883
28.3153496 -2.8306024
0.3903235 -1.7724487
-1.3133984 -2.2275746
5.4438739 0.0019669
4.9219537 3.9996476
2.6644011 -2.1453149
2.6302497 0.0151257
2.1378534 0.1328376
2.2322404 -1.0616603
1.5577477 -0.4744025
1.1867900 -0.5671306
1.5100269 -1.1748821
0.7730154 -0.8391391
0.4154220 -0.8859139
0.6423359 -1.3066480
0.0320748 -1.0261070
-0.2352527 -1.0183924
-0.1385097 -1.3211571
-0.4951512 -1.0650047
-0.6863455 -1.0181512
-0.6753631 -1.2342589
-0.8748886 -0.9997846
-1.0131881 -0.9221395
-1.0554661 -1.0729138
-1.1531109 -0.8694971
-1.2531209 -0.7642941
-1.3296195 -0.8653893
-1.3636864 -0.6904423
-1.4365422 -0.5649067
-1.5352623 -0.6280529
-1.5417484 -0.4994869
-1.7815785 -0.3584687
-1.8934563 -0.3901978
-2.3296328 -0.2740233
-1.2422221 -0.0912076
-1.3965071 -0.0994315
0.0000000 0.0000000
0.0000000 0.0000000
-9.3724985 0.4995159
-10.1055193 0.4858797
-11.9695168 1.0023739
-9.8612804 1.5712813
-10.2746706 1.5494778
-9.1642704 1.9769989
-9.1408367 2.5143764
-9.6735964 2.5221853
-9.1526012 3.0327332
-9.1545172 3.6097615
-9.7727699 3.6371181
-9.3283157 4.1932778
-9.7728424 4.9731617
-10.4799337 5.0177922
-9.9826174 5.5558505
-9.3994627 5.9357886
-9.3141317 5.6694570
-7.7742214 5.8125086
-5.6968946 5.2491550
-4.9826460 4.6041417
-3.5125737 4.6151481
-1.1825821 3.8012993
-0.2260533 2.7783253
0.9923703 2.8434169
3.0121095 2.0050309
3.7945306 1.1969054
4.9329214 1.2802278
6.8130183 0.4768872
7.6079726 -0.3536467
8.5771933 -0.0532755
8.7760878 -1.1490759
10.1677628 -2.0106456
13.8522778 -2.0394804
15.7013083 -1.9053645
17.1083164 -2.7460771
22.3009434 -5.9356127
24.9556828 -6.6438909
27.0368423 -8.2285576
21.9109592 -2.5624559
1.4885943 -0.5272508
1.6030747 -3.3761547
2.9885936 -4.2490649
3.4212520 -2.7953970
3.0319431 -3.9856637
2.7927213 -2.2916641
2.1805418 -2.2126696
2.2060637 -3.1732695
1.7535299 -2.1254952
1.3199674 -2.0193093
1.4332401 -2.6895049
0.8746146 -1.9792900
0.4593036 -1.8824621
0.5080836 -2.3740811
0.0348955 -1.8466489
-0.2886997 -1.7227237
-0.3213001 -2.0786119
-0.5940856 -1.6593738
-0.8207742 -1.5142577
-0.9039845 -1.7647420
-1.0431472 -1.4252667
-1.2018479 -1.2663682
-1.3145692 -1.4381406
-1.3646457 -1.1665140
-1.4742137 -0.9945022
-1.6047109 -1.1069660
-1.5996746 -0.8900818
-1.6758770 -0.7085454
-1.8173722 -0.7769516
-1.7822605 -0.6185449
-2.0135484 -0.4321131
-2.1571190 -0.4669504
-2.6146667 -0.3312494
-1.5818640 -0.1118974
-1.7723718 -0.1220251
0.0000000 0.0000000
0.0000000 0.0000000
-10.8325949 0.4763776
-11.5469608 0.4697241
-12.7992287 0.9872899
-10.7020044 1.5188894
-11.1574659 1.4875106
-10.2052813 1.9485689
-10.1949825 2.5185704
-10.7369957 2.5087621
-10.2482700 3.0486245
-10.3972425 3.6684906
-11.0644436 3.6924374
-10.6846981 4.2632613
-11.1112823 5.0003257
-11.5355892 4.8978519
-10.7434845 5.3173890
-9.0849142 5.2126045
-8.5953808 4.7134385
-6.6386399 4.6567721
-4.1768618 3.8170772
-3.2613263 3.1137846
-1.7448690 2.9181671
0.5973492 2.0247622
1.3961018 1.4560732
2.5486946 1.3214358
4.5391226 0.4947037
5.3396454 -0.1635785
6.5219188 -0.4182800
8.4123173 -1.1493963
9.0983591 -1.8625119
9.7468815 -1.6503413
11.2533598 -3.2415347
12.6253729 -4.8839169
14.3333950 -2.9709883
16.8873539 -5.1181321
19.4524250 -7.9144106
28.0407963 -10.7810526
30.3911190 -9.7012768
22.5798683 -8.0514336
5.2895751 -3.7526908
3.8205976 -3.8423040
4.4231181 -4.4032192
2.6610954 -5.0566506
2.2901757 -4.7344565
2.8159053 -5.3755965
1.9772190 -4.3789825
1.5325044 -4.1245918
1.7449983 -4.8871646
1.2643499 -3.7673738
0.9188831 -3.4678152
0.9513022 -4.1114869
0.5453324 -3.2052596
0.1582967 -2.9419253
0.0567879 -3.4360802
-0.2597418 -2.7469883
-0.5943383 -2.4953699
-0.7548127 -2.8600545
-0.9107985 -2.3153176
-1.1422063 -2.0607634
-1.3277652 -2.3172238
-1.3722460 -1.8886061
-1.5307394 -1.6409551
-1.7211124 -1.8121463
-1.6966419 -1.4848429
-1.8004488 -1.2387310
-1.9903885 -1.3480589
-1.9259404 -1.1000792
-1.9962026 -0.8576100
-2.1834590 -0.9224445
-2.0975344 -0.7420846
-2.3062570 -0.5085501
-2.4826260 -0.5405524
-2.9377265 -0.3877107
-1.9928733 -0.1349768
-2.2214665 -0.1454584
0.0000000 0.0000000
0.0000000 0.0000000
-12.2622175 0.4643193
-12.9645863 0.4595342
-13.4806938 0.9653808
-11.6074133 1.4548985
-12.0804358 1.4224558
-11.2800016 1.8952057
-11.2625217 2.4894180
-11.8038063 2.4709775
-11.3887758 3.0211284
-11.7510433 3.6912007
-12.4295349 3.6950164
-11.9572763 4.2197022
-11.8395481 4.7435412
-11.9333448 4.5727377
-10.6277924 4.6864581
-7.9237008 4.1090775
-7.0686998 3.5245988
-5.0731249 3.3421509
-2.3069191 2.3776484
-1.3042873 1.7502342
-0.0300536 1.3721803
2.0770950 0.6948693
2.9014387 0.2540525
4.1097531 0.1163760
6.1130195 -0.7648550
6.9498453 -1.3408769
8.1243315 -1.7546966
10.1286392 -2.2133877
11.0052710 -2.5495334
12.0605001 -4.4177165
15.2983322 -4.8453255
15.9472523 -4.3748150
17.8279209 -5.2119927
22.9729691 -11.0857248
31.0989647 -15.9306812
29.2399883 -11.8535604
16.0703049 -7.9637942
9.3706207 -7.8076077
7.0525966 -5.6033826
5.1127920 -6.1681237
5.3475351 -7.4406037
3.5633361 -6.6119919
2.2095039 -6.7177382
2.3049376 -7.7316999
1.3848381 -6.4374976
0.7696140 -6.0816388
0.6685783 -7.0247116
0.4276159 -5.5091796
0.1318755 -4.9883342
-0.1391867 -5.7110090
-0.1462349 -4.4784284
-0.4572251 -4.0150280
-0.7421660 -4.5084677
-0.8412024 -3.6713915
-1.1512699 -3.2715986
-1.4503518 -3.6132998
-1.4581623 -2.9794893
-1.6642734 -2.6032569
-1.9594100 -2.8376961
-1.8774178 -2.3476114
-2.0111389 -2.0025835
-2.2834110 -2.1498821
-2.1586304 -1.7922742
-2.2382236 -1.4666135
-2.4880700 -1.5548722
-2.3456678 -1.2963514
-2.3989317 -0.9919889
-2.6295824 -1.0417840
-2.4884531 -0.8539469
-2.6592846 -0.5747079
-2.8664932 -0.5978304
-3.2881465 -0.4354614
-2.4753654 -0.1570583
-2.7386091 -0.1659536
0.0000000 0.0000000
0.0000000 0.0000000
-13.6555719 0.4551136
-14.3471909 0.4470552
-14.0203829 0.9309101
-12.5537920 1.3962917
-13.0423431 1.3624177
-12.3697901 1.8257287
-12.3299313 2.4609876
-12.8884802 2.4401636
-12.5710897 2.9652228
-13.1265526 3.7264774
-13.7648582 3.7255974
-12.9085875 4.1446028
-11.8503103 4.2919097
-11.4731579 3.9073107
-9.6919851 3.9759963
-6.1187391 2.8813443
-5.1262774 2.2451186
-3.4325974 2.1095741
-0.4028778 1.1076448
0.5230896 0.6232085
1.0401597 0.5172195
3.7047064 -0.3739238
4.6632833 -1.0355022
5.8151736 -1.1874019
7.6768060 -2.1226916
8.4100361 -2.8762324
9.5619221 -2.4501896
11.7653418 -3.7730911
12.8060780 -5.0981536
14.0805483 -5.8205523
16.3433590 -5.1692181
20.1225986 -7.5176950
30.6947098 -13.7380352
33.7495117 -14.6329985
25.7795429 -9.0484257
18.0865822 -8.6987629
8.9726372 -8.1307554
10.1631231 -8.6164227
8.4050560 -8.1256380
6.0274386 -8.4592123
5.7621994 -9.3901901
4.0660067 -8.7507143
2.2438517 -8.7287474
1.7440801 -9.6220121
0.8465595 -8.5821028
-0.2169867 -8.2019482
-0.7350358 -9.0854387
-0.8522137 -7.4451461
-1.2031175 -6.7054958
-1.9483476 -7.5243015
-1.3401356 -5.8568478
-1.4755231 -5.1187096
-2.0467651 -5.6240001
-1.7324539 -4.5759139
-1.9685458 -3.9941759
-2.4163880 -4.2942038
-2.2479880 -3.5929511
-2.3967135 -3.0872333
-2.8010781 -3.2654223
-2.5653117 -2.7512352
-2.6434278 -2.3007114
-2.9982207 -2.3956027
-2.7470803 -2.0507548
-2.7824121 -1.6409380
-3.0876665 -1.6902665
-2.8518472 -1.4507403
-2.8753786 -1.0883762
-3.1415172 -1.1108588
-2.9454398 -0.9347740
-3.0657768 -0.6175397
-3.2977784 -0.6247883
-3.6449730 -0.4661083
-3.0178509 -0.1737362
-3.3063388 -0.1789403
0.0000000 0.0000000
0.0000000 0.0000000
-15.0028172 0.4394301
-15.6807661 0.4278932
-14.4391289 0.8891565
-13.5259762 1.3266224
-14.0251226 1.2744893
-13.4429235 1.7215801
-13.4300699 2.4125626
-14.0279760 2.3508677
-13.8728294 2.8263042
-14.3370180 3.6746743
-14.7730751 3.5209556
-13.0410261 3.6001875
-10.9536963 3.2624116
-10.1864529 2.6675515
-8.2829971 3.0370066
-4.1903791 1.5513546
-3.2723997 0.9239388
-2.0096536 1.1302651
1.1679711 0.0390625
2.0075765 -0.5588918
2.4291961 -0.4399965
5.6880593 -1.4674201
6.4475594 -1.9320374
7.6094160 -2.6876316
9.4663324 -3.1337717
10.4092169 -3.1642716
11.7373075 -3.6208491
14.4640083 -5.3755603
15.3685780 -4.6210690
16.5298157 -5.1004391
21.6622391 -9.3972416
33.5831451 -16.8305607
35.8446693 -15.7527332
32.8515701 -14.1202526
16.1846924 -9.2859154
12.0609694 -8.6812611
10.2882118 -8.6934338
11.3203468 -8.1004429
8.5743809 -8.8793755
6.2111912 -9.4010363
6.6391149 -9.0435152
4.4442658 -9.4783783
2.4162750 -9.6614304
1.7325788 -9.4644566
0.5715894 -9.6755304
-1.0463936 -9.5724812
-1.4903336 -9.7499390
-2.2831354 -8.9882221
-3.0531104 -8.3525372
-3.9800696 -8.9882793
-3.2040594 -7.2255774
-3.0831861 -6.2512159
-4.0769472 -6.8015332
-2.9946768 -5.4003549
-3.0698493 -4.6016273
-3.7222133 -4.8188810
-3.2880578 -4.0734606
-3.3412118 -3.4473641
-3.8510003 -3.5333114
-3.4283512 -3.0473289
-3.4159091 -2.4771025
-3.8376088 -2.4914176
-3.4448364 -2.2154176
-3.4154789 -1.7232245
-3.7594256 -1.7139932
-3.4261534 -1.5321301
-3.4054177 -1.1215187
-3.6924400 -1.1054252
-3.4465096 -0.9640955
-3.5115459 -0.6238785
-3.7563128 -0.6099132
-3.9787953 -0.4710012
-3.5974641 -0.1816620
-3.8930752 -0.1808481
0.0000000 0.0000000
0.0000000 0.0000000
-16.2832603 0.4166709
-16.9231739 0.3902784
-14.7266760 0.8193116
-14.4969997 1.2245430
-15.0057096 1.1721333
-14.4188948 1.5752194
-14.5893993 2.3171346
-15.2019787 2.3036821
-15.0785732 2.5668490
-15.0106468 3.3671963
-15.0278578 3.1239095
-12.1948080 2.8850396
-9.4505110 2.1701865
-8.6626692 1.6446482
-6.6003242 1.9112611
-2.4316962 0.2384725
-1.6287062 -0.3076764
-0.7571036 0.4439973
2.7378702 -1.2123735
3.3868532 -1.6806157
4.0712781 -1.2947561
6.9530864 -2.2593644
7.0394278 -2.5808072
8.6727324 -2.8258283
11.0633688 -3.2468338
11.2464008 -3.1772714
12.9002094 -4.2476683
16.2970009 -4.3478150
20.0223293 -5.5251002
31.3834896 -14.8044357
33.9983711 -16.6904697
33.2691269 -10.8099909
28.1973095 -10.0799894
15.7157450 -8.8502522
16.1579494 -8.0691242
14.0318146 -7.6705160
11.5315819 -8.0389614
11.5516634 -7.6968474
9.2955294 -8.3828363
6.7667618 -8.4819880
7.0080981 -7.6190834
4.7531371 -8.5806789
2.7407761 -8.8370581
2.3603516 -7.9010320
0.7977079 -9.0518541
-1.0344926 -9.2274427
-1.2969711 -8.3557005
-2.8777435 -9.2177944
-4.5434766 -9.0543451
-5.0119419 -8.5375805
-5.4022069 -8.0835886
-5.3430581 -7.2706928
-6.6666484 -7.3940039
-4.7647247 -6.0403366
-4.5341582 -5.0845771
-5.3809018 -5.2977695
-4.6135926 -4.3062634
-4.4931431 -3.5811336
-5.1037569 -3.4940681
-4.4259081 -3.1674123
-4.2947655 -2.4732554
-4.7679424 -2.3782988
-4.2127519 -2.2376561
-4.1020899 -1.6760360
-4.4647150 -1.5914271
-4.0335269 -1.5062606
-3.9571764 -1.0686826
-4.2450581 -1.0038502
-3.9533577 -0.9231578
-3.9689851 -0.5827123
-4.2111797 -0.5423411
-4.2607718 -0.4417559
-4.1774220 -0.1757718
-4.4570060 -0.1662067
0.0000000 0.0000000
0.0000000 0.0000000
-17.4329014 0.3605732
-17.9899311 0.3177243
-14.9455547 0.7102759
-15.4559889 1.1028155
-15.9475527 0.9769911
-15.4083509 1.3711709
-15.7461033 2.2926838
-16.3369713 2.1344569
-15.9448214 1.9530576
-14.7872295 2.7467937
-14.3801622 2.0957460
-10.8966331 2.1913710
-7.8041625 0.9907815
-7.0182414 0.3147283
-4.5039797 0.8011827
-0.8728915 -1.0092921
-0.3622315 -1.4917222
0.7384453 -0.6688861
4.1685147 -2.2366893
4.8257227 -2.6167412
5.3618245 -2.3689439
7.5513716 -2.8045547
7.7523189 -2.9218855
8.9648094 -2.8850801
12.1158428 -2.4758015
12.3722363 -2.8817766
15.9756355 -2.6738391
23.9567852 -6.9803653
34.9255981 -17.2061634
37.9136353 -15.0794773
36.4018898 -14.1029301
23.3892670 -10.3480949
18.0152855 -8.8374529
15.4932775 -7.9894795
14.2307959 -7.2461510
13.5154867 -7.3976631
11.2137985 -7.0058684
10.8868217 -5.9731455
9.1094780 -6.7146606
7.0771446 -6.5288706
6.8574514 -5.3366461
4.9164357 -6.6119113
2.9944730 -6.6085000
3.1482491 -5.3646469
1.1380466 -6.8697391
-0.7825571 -7.0498662
-0.8730280 -5.6135168
-2.7405267 -7.2848072
-4.6074328 -7.4279585
-4.5055470 -6.3895984
-6.5227318 -7.2649112
-7.4631901 -7.0461259
-8.0507030 -6.7778549
-6.9435525 -5.7002215
-6.4444337 -5.2828522
-7.5482283 -5.1259904
-6.1237450 -4.2335367
-5.7621851 -3.3674853
-6.4307880 -3.0707076
-5.4978600 -3.0344439
-5.2206759 -2.2258189
-5.7003736 -1.9944917
-4.9954848 -2.0665605
-4.7905817 -1.4635549
-5.1341562 -1.2887459
-4.6284623 -1.3404905
-4.4873219 -0.9092475
-4.7464552 -0.7860833
-4.4177699 -0.7927766
-4.4018130 -0.4836977
-4.6144390 -0.4142880
-4.4681206 -0.3708457
-4.7047453 -0.1487697
-4.9417462 -0.1284624
0.0000000 0.0000000
0.0000000 0.0000000
-18.3428173 0.2545159
-18.7478924 0.1825276
-15.1186447 0.5218932
-16.3085289 0.8046048
-16.6365261 0.5943644
-16.3567009 1.0573175
-16.7988491 1.7946616
-17.0878487 1.3277297
-15.9502153 0.9315660
-13.5334196 1.2056248
-12.5772400 0.3637290
-9.4023685 0.1318048
-6.2056394 -0.5860140
-5.5965552 -1.4715508
-2.7037055 -0.3073680
0.3337243 -2.1679783
0.6579479 -3.0835896
2.2392886 -1.7243392
5.1515837 -3.2329364
5.5245900 -3.8940029
6.2313371 -3.2826948
7.5657778 -4.1365271
8.2277412 -5.0146270
7.8686194 -4.5299997
14.9273605 -5.7511387
18.5068874 -8.1595211
29.8330631 -13.3228731
35.1307983 -14.1435080
36.3401108 -10.5912828
32.1948433 -11.4722490
26.5828972 -10.2870703
20.5453148 -7.9544520
15.2614660 -7.2046008
13.5372715 -6.2626867
12.7074366 -5.2844701
12.3674555 -5.5831428
10.4252472 -4.8718963
9.8340559 -3.7269766
8.4216509 -4.4291897
6.5931106 -4.0299149
6.2654076 -2.8044827
4.8437090 -3.9923921
3.1791985 -3.8261113
3.2312779 -2.5297842
1.4957510 -4.0152731
-0.3689269 -4.2697520
0.0804289 -2.9849451
-2.2936573 -4.7582965
-3.8703673 -5.1182866
-3.6511230 -3.7005768
-6.0525236 -5.4567490
-8.2354069 -5.9604235
-8.3434725 -4.7697773
-8.6737022 -4.2817960
-8.5227556 -4.8903108
-9.6543579 -4.4288268
-7.7311125 -3.6882434
-7.0411854 -2.6933529
-7.6245704 -2.2631867
-6.5489244 -2.5578663
-6.1036472 -1.6829499
-6.5123272 -1.3124712
-5.7194571 -1.6382444
-5.4110823 -1.0558918
-5.6979795 -0.7799417
-5.1412697 -0.9996703
-4.9370375 -0.6262773
-5.1317472 -0.4394898
-4.7813239 -0.5573465
-4.7561665 -0.3253084
-4.8953075 -0.2198242
-4.6008024 -0.2507829
-5.1191092 -0.0952260
-5.2646856 -0.0673712
0.0000000 0.0000000
0.0000000 0.0000000
-18.8662033 0.1245117
-19.0827770 0.0320247
-15.3350391 0.2228727
-16.7622890 0.4114438
-16.9335766 0.1725202
-16.8996296 0.4114270
-17.1837826 0.8500005
-17.0826988 0.4084237
-15.0979872 0.0490656
-11.8539190 -0.2920040
-10.9143286 -0.7641036
-7.7608461 -1.7962385
-4.6866856 -2.1249290
-3.8758640 -3.0056489
-1.5483400 -2.1038005
1.3155957 -3.1595612
1.7996824 -4.1130161
3.6148572 -3.2070596
5.9640903 -4.2100253
6.2132516 -4.7081599
7.5552154 -4.3288302
9.5226192 -5.2878017
10.3910866 -5.6190667
11.6063528 -6.3558388
19.5788555 -8.9546700
23.8842030 -9.9051361
32.5097313 -10.8035507
34.6260605 -9.4017715
34.0004730 -8.1745043
28.7723331 -8.0771732
19.8098831 -6.2267575
17.3506756 -4.5627580
13.5634623 -4.7168508
11.8544788 -4.0094991
10.5907831 -2.7740066
11.0535154 -3.2927830
9.2830849 -2.4769740
8.5398321 -1.3125851
7.5347729 -1.9684362
5.9885654 -1.5236808
5.6637959 -0.2711697
4.5378733 -1.4616401
3.3188562 -1.1700155
3.4900115 0.1578251
1.6504700 -1.2883340
0.2596817 -1.5390424
0.5495917 -0.4355382
-1.3592020 -2.0085831
-3.3714132 -2.1611378
-3.1346545 -0.6884474
-5.0931196 -2.2242391
-7.7314706 -3.2830255
-7.0736036 -2.0623341
-9.0354137 -1.6351076
-10.3550549 -3.3241329
-10.7298527 -2.0203264
-9.3138790 -2.4879422
-8.1873484 -1.7081325
-8.8182993 -0.9411165
-7.3781705 -1.6519356
-6.8047090 -0.8533531
-7.1126237 -0.3403811
-6.2910218 -0.9196764
-5.8720999 -0.4344994
-6.0544767 -0.0588118
-5.5058556 -0.4614957
-5.2343807 -0.2032435
-5.3336186 0.0501281
-4.9923458 -0.2038573
-4.9595256 -0.0890847
-4.9914298 0.0498175
-4.6593275 -0.0730080
-5.3416185 -0.0306312
-5.3628626 0.0027024
0.0000000 0.0000000
0.0000000 0.0000000
-18.9088593 -0.0474176
-18.8584461 -0.1629435
-15.4979954 -0.1481489
-16.9108658 -0.0796246
-16.9499245 -0.5294086
-17.2354202 -0.2909189
-16.7036133 -0.1480163
-16.1191368 -0.9999121
-13.2945633 -1.5920683
-10.3055458 -1.7913641
-9.1342735 -3.0914237
-6.1949348 -2.6357770
-3.2305713 -3.7765541
-2.7508767 -4.4311991
-0.4756989 -4.2104373
2.1766191 -4.5937438
2.5405867 -5.2476182
4.5558968 -4.7851019
6.3909297 -5.2707715
6.6003356 -5.8211722
8.2887487 -5.3895974
11.0513191 -5.7261252
11.0852957 -6.2804718
15.1821566 -6.0686331
24.4595871 -8.0048695
24.9691620 -8.0172701
29.8533230 -7.5424452
31.0060768 -6.9751868
29.6961937 -7.2280154
26.4152966 -6.1151767
16.6171646 -3.1446946
16.0383625 -1.3659515
10.9276667 -1.7911714
10.1112022 -1.0592226
9.9110909 0.3361499
9.5226984 -0.6625460
7.9831438 0.1034655
7.5601244 1.4016330
6.4553022 0.5328519
5.2699442 1.1165532
4.8611770 2.4573421
4.0378351 0.7820222
3.5982270 1.4587532
3.8919559 2.7810862
2.0832090 1.3104585
0.3468650 1.0974635
0.7613696 2.7503941
-1.0357364 0.9678065
-2.7688370 0.7152333
-2.3317866 2.1008811
-4.3642268 0.2556001
-6.4718657 -0.6852377
-6.1331940 1.2755750
-8.8706617 0.1753637
-10.8081741 -0.7930696
-10.7719278 0.6129844
-10.4937963 -0.3943003
-9.0143585 0.0483547
-9.1068764 0.9700492
-7.9478493 -0.1150657
-7.2243161 0.2646165
-7.2883048 0.8746375
-6.6066418 0.1297103
-6.0813379 0.3827702
-6.0977588 0.8223857
-5.6450210 0.2634948
-5.3070283 0.3592900
-5.2587795 0.6577544
-5.0022984 0.2574742
-4.9380779 0.2247248
-4.8411813 0.3899782
-4.5806065 0.1542628
-5.3153443 0.0446694
-5.2043390 0.0830910
0.0000000 0.0000000
0.0000000 0.0000000
-18.3176899 -0.3048248
-17.6456776 -0.4877131
-15.2427320 -0.9023587
-16.6085014 -1.1071916
-16.1998558 -1.9264083
-16.9518528 -1.5007718
-15.5088015 -1.9901309
-14.4307165 -3.2511427
-10.9113884 -3.9518619
-8.0873585 -4.3326287
-7.3277426 -5.4766469
-5.1723762 -4.6003509
-2.3953958 -5.4920893
-2.7751520 -6.2154031
0.6077818 -5.5824280
3.1119778 -6.1574082
2.9126401 -6.9520888
4.9606628 -6.0511985
6.9801626 -6.3710642
7.1460156 -6.9351726
8.7709732 -6.6741290
11.6398697 -7.0937858
11.7224455 -7.0206361
17.4394970 -6.8958158
24.9884548 -7.0148225
26.0263062 -6.9575281
27.8962612 -4.6847692
27.2497845 -2.8852046
24.1856098 -1.9632664
20.4560814 -1.8908510
14.4342003 -0.8879002
11.2252560 0.5058168
9.6938839 0.3584701
9.0924435 1.3969439
8.5959702 2.4190283
8.2441320 1.6675391
6.8737636 2.5697484
6.3208542 3.6994207
5.5156212 3.1384108
4.3068972 3.7096207
4.0034041 4.6710701
3.6453712 3.5395381
3.6112008 3.9721391
3.3151851 5.0435534
2.3080294 3.9663954
0.5965202 3.9549510
1.1183406 5.3153343
-0.6422690 3.9973078
-2.4036469 3.7494094
-2.3242955 6.1098924
-3.6523490 3.9533546
-5.9037156 3.6162722
-5.5163264 5.6372833
-7.7353096 3.7447057
-10.5994272 2.2056918
-10.0084438 3.9918530
-10.7986717 1.9324520
-8.8717213 1.9708829
-8.6715794 2.8460305
-7.8724194 1.5103877
-7.2018681 1.5546021
-7.1709757 2.3035064
-6.5597420 1.3033203
-5.9906650 1.3425596
-5.8982472 1.8806694
-5.4794116 1.1015661
-5.1052003 1.0148224
-4.8906479 1.3684140
-4.7416677 0.7952297
-4.6659431 0.5905474
-4.3844781 0.7858546
-4.2775226 0.4176164
-5.0150342 0.1313750
-4.7360177 0.1759507
0.0000000 0.0000000
0.0000000 0.0000000
-16.5029812 -0.8532535
-14.2364588 -1.2569041
-14.3998814 -2.3754613
-15.4557533 -3.0228119
-14.1627092 -4.6373086
-15.9347858 -3.9250793
-13.4776306 -4.4470735
-12.5361710 -6.7891140
-8.9165573 -5.6280427
-6.5923786 -6.5358014
-7.0511804 -7.7695303
-3.8814273 -6.6722560
-1.5072913 -7.1092596
-1.7473075 -8.6496639
1.0808128 -7.0499816
3.3063500 -7.5733986
2.8606086 -8.3521738
5.0990348 -7.3994842
6.8866897 -7.3133659
6.2608123 -7.1556344
8.3743763 -6.6851492
12.3854351 -6.5429235
12.7207384 -6.7253418
17.3805923 -7.3238525
22.0160007 -8.0485067
22.5964909 -8.7983685
26.6698837 -8.6567383
25.7217426 -7.7487035
20.7341652 -4.1878924
14.8735847 -1.2090484
9.5582294 1.4402314
8.6676607 1.4716673
8.5717783 1.9022959
7.9381166 3.0451701
6.9449682 3.7728605
6.7133365 3.4574609
5.5399098 4.7156062
5.0033679 5.6627779
4.5340486 5.2407923
3.8056650 5.4110308
3.6623249 6.3846216
3.5038373 5.5408163
3.0210748 5.9579821
2.3001571 7.4727364
1.9292567 6.2959328
0.5499714 6.6870809
0.1158481 7.5538821
-1.0820587 6.7427330
-2.5989707 7.0078526
-2.0693371 7.5357747
-4.0531731 7.2455931
-5.0736346 7.0809860
-4.0081301 8.1873083
-6.1595273 6.6923094
-8.8241425 6.1173172
-8.0513535 8.2436743
-9.7369852 4.6636705
-8.2571831 4.1913829
-7.3635678 6.2229881
-7.4511275 3.7361898
-6.8231211 3.5718234
-6.1888561 5.3768654
-6.2120824 3.0902851
-5.5476356 2.7863121
-4.9327030 3.9589670
-4.9778252 2.3051944
-4.5602484 1.9133831
-4.0222678 2.5961089
-4.1551986 1.5019054
-4.0806642 1.0629059
-3.5787406 1.4313762
-3.6714571 0.7371258
-4.3974366 0.2416616
-3.8856993 0.3594975
0.0000000 0.0000000
0.0000000 0.0000000
-12.2047729 -1.9723809
-8.0828457 -2.3406069
-11.6438389 -4.7334280
-12.9599323 -7.2661896
-9.5108643 -9.2603874
-13.4377594 -9.4442844
-11.6253786 -11.0270872
-10.4601898 -11.9237213
-9.5947170 -9.3246365
-6.2183995 -9.2935944
-7.0998683 -14.2393589
-3.0743382 -9.0746527
-1.0828741 -10.2454853
-1.5867401 -14.0692167
1.1440064 -9.7942171
2.7499454 -9.4341679
1.9510198 -11.5407104
4.2650838 -8.3756151
5.2468967 -8.5856276
5.6611099 -8.8841124
7.6781912 -7.6326089
12.6450834 -7.9699464
12.6036549 -8.8275089
20.0275917 -7.5459976
23.6921806 -4.7748957
21.2332039 -2.7130327
18.6906796 -1.5171196
16.8540974 0.1759769
15.1091747 -1.4506954
10.7000494 1.0670735
7.2530460 1.6617333
5.1774426 2.2708943
6.7684855 3.6749196
5.9843850 4.2871623
4.2745762 5.1892638
4.9226480 5.1334729
4.1392870 6.5081830
3.4085391 7.8469501
3.5048530 7.3811274
3.0000939 8.0108795
2.6420951 9.8902807
2.4848294 8.7698765
1.8419886 9.1894140
1.9079616 11.2444992
1.3061702 9.7591858
0.3731837 10.8458843
0.2954889 13.6442537
-2.2775941 11.7221527
-3.4560204 11.0739317
-3.4959688 15.9542007
-3.5323620 10.8483896
-4.7638741 10.5402155
-6.1286979 15.1625862
-6.2880702 11.0737267
-7.0247889 11.5018167
-7.5938969 14.4964428
-7.5136123 10.6735172
-6.9274564 9.4562359
-6.4759488 13.0292273
-6.1831951 8.3639698
-5.5210562 7.6908922
-3.8945241 9.8351755
-4.7531695 6.3152843
-4.1725450 5.2977300
-2.5324371 6.6825504
-3.6760898 4.2404528
-3.3664591 3.3402402
-2.1445706 4.2609458
-3.0894766 2.5675504
-3.0042343 1.8783046
-2.0995870 2.3792524
-2.7171173 1.2182875
-3.2643521 0.4859883
-2.3512046 0.6103925
0.0000000 0.0000000
0.0000000 0.0000000
-4.7627707 -2.2168403
-2.1778963 -1.3438565
-5.0615163 -5.5542521
-7.0456963 -9.9069710
-3.9340773 -7.2306519
-9.7212029 -13.1060429
-8.5505552 -17.4773464
-5.7302318 -15.3898201
-10.3820524 -18.0188961
-5.4526629 -16.8837681
-2.8428190 -21.1830578
-5.0517507 -15.3882551
-3.5298629 -16.9889088
0.6916063 -21.2472687
-1.9789656 -15.1531305
-0.4833253 -13.9804125
3.2730100 -18.2495518
1.4836695 -12.8383656
3.4601614 -13.3669529
6.4375415 -15.6730499
7.0571756 -11.6679840
10.6936970 -11.0579615
12.6653442 -10.2951117
12.0132332 -10.6589708
17.0952225 -7.6636305
15.1383257 -2.4620838
17.9585838 -7.0839300
11.2340870 4.0848331
7.5023260 8.7991905
8.0877743 5.8175173
3.2875612 5.5400891
3.3705645 8.6997547
3.5395679 9.3949671
3.4315522 9.4846869
2.2432764 11.1893578
2.6901491 10.1241589
2.3517165 11.3930025
0.6690502 13.6052074
1.6095386 12.4866762
0.9930681 13.3862257
0.9122315 16.3386478
0.7499459 14.8295574
0.0129495 15.5817099
-0.3437601 17.3184090
-0.9166353 16.3842716
-1.9716693 16.2848415
-0.0807804 17.5514851
-2.9126971 16.7956676
-3.0645425 16.9116497
-1.4447018 19.2982044
-3.5843365 17.2400131
-5.5611176 18.9267521
-3.7908540 21.6765976
-6.9917970 18.1641254
-6.5092378 17.6615181
-3.4814460 16.2355251
-5.2949867 16.5842209
-4.3994150 14.0497255
-1.8394185 10.1631174
-2.9133332 11.8145905
-2.1348715 9.6407337
-0.9654714 6.7603021
-1.5744172 7.8505769
-1.3218960 6.4605274
-0.6920939 4.9562945
-1.3004555 5.1553264
-1.2634391 4.2121935
-0.6579323 3.5167203
-1.3046589 3.1552687
-1.2903752 2.4384487
-0.6597490 2.2227778
-1.2268519 1.3890947
-1.1891067 0.6107699
-0.7198626 0.3124657
0.0000000 0.0000000
0.0000000 0.0000000
0.4896302 -0.7081596
0.0000000 0.0000000
0.1585929 -0.9897017
-0.8429573 -2.3646696
0.0000000 0.0000000
-2.2282135 -3.3149908
-2.8642893 -6.7929945
0.0000000 0.0000000
-4.8322082 -12.7969694
-4.4873195 -16.7088604
0.0000000 0.0000000
-2.4373007 -22.7625446
-1.9941489 -19.6224976
0.0000000 0.0000000
-0.6707743 -30.5417862
-2.5716264 -25.8859310
0.0000000 0.0000000
0.2737767 -26.9450607
0.2324073 -26.2177830
0.0000000 0.0000000
1.4556150 -22.0009499
3.9620047 -17.7260838
0.0000000 0.0000000
3.5570414 -10.7532206
5.7580357 2.1077614
0.0000000 0.0000000
5.0106435 1.3589307
3.1814418 10.8351755
0.0000000 0.0000000
2.3023899 19.0750008
0.9998025 19.4921360
0.0000000 0.0000000
0.7987532 22.5617733
0.7918744 22.1533947
0.0000000 0.0000000
-0.0189205 25.5248508
-0.2631491 25.7343483
0.0000000 0.0000000
0.9758137 23.0969334
-0.0814316 25.7044239
0.0000000 0.0000000
-1.3325696 25.6368923
0.1521100 25.7054234
0.0000000 0.0000000
0.4010779 22.6837635
-2.3052299 24.6528645
0.0000000 0.0000000
-3.2555099 22.2863026
-2.7542062 19.0458145
0.0000000 0.0000000
-3.1860485 14.8586512
-2.5580301 10.8714685
0.0000000 0.0000000
-1.6465251 7.5414910
-0.9989060 4.8011465
0.0000000 0.0000000
-0.5004606 3.2713716
-0.1772769 2.1573162
0.0000000 0.0000000
0.0439448 1.8982075
0.0989360 1.5745336
0.0000000 0.0000000
0.1462968 1.5310192
0.0879615 1.5407426
0.0000000 0.0000000
0.0312436 1.3604442
-0.0256945 1.3546231
0.0000000 0.0000000
-0.1213620 1.0197452
-0.0629847 0.8966361
0.0000000 0.0000000
-0.2082499 0.4889131
0.7674882 0.9530815
0.0000000 0.0000000
0.0000000 0.0000000
10.22633
10.71832
12.43133
12.04178
7.779001
2.633712
-3.340896
-10.55974
-20.92288
-37.80392
-70.16614
-137.8685
-228.9963
-12.24908
-56.88076
-18.58773
-7.001638
2.301521
8.012602
11.59719
13.84916
15.27886
16.25167
16.83848
17.02011
17.01445
10.074
10.00781
11.46762
10.87203
6.879326
2.175977
-3.275642
-10.07147
-19.68145
-34.7542
-62.56022
-140.9173
-194.3346
9.946035
-88.89574
-21.46067
-7.029555
2.722066
8.472383
11.90521
14.03412
15.37976
16.25541
16.81355
16.98916
17.02191
8.453219
8.33628
9.160475
7.921614
4.919881
1.385736
-3.221243
-9.008712
-16.6227
-27.13215
-41.13624
-61.01972
-112.4127
-53.33228
-132.272
-44.16159
-8.500827
3.836421
9.750808
12.86359
14.65477
15.74365
16.40989
16.83976
16.98836
17.04255
7.086612
7.00004
6.798623
5.350776
3.059609
0.2686212
-3.481359
-7.832406
-12.79652
-18.45377
-26.54154
-52.61711
-44.13578
35.73939
-57.82001
-27.89277
-1.668554
8.022931
12.38222
14.54838
15.68561
16.33186
16.70798
16.95499
17.07341
17.12434
5.762454
5.727374
4.441835
3.002015
0.989201
-1.375489
-4.205484
-6.978201
-9.10119
-9.5604
-6.211108
9.699967
9.204889
58.43677
14.42272
7.84344
11.63788
14.79023
16.1779
16.7774
16.98638
17.04731
17.06454
17.08855
17.13414
17.182
4.113485
3.965177
1.77217
0.337745
-1.634683
-3.737887
-5.820659
-7.249946
-7.124288
-3.898123
3.519413
22.30084
7.468993
22.00981
15.46457
18.51951
21.66424
21.53136
20.18799
19.1075
18.29383
17.71581
17.34365
17.13076
17.06857
17.10411
1.553575
1.226252
-1.525609
-3.066017
-5.146765
-7.210601
-8.979081
-9.834306
-8.536309
-3.249587
6.150653
22.12131
20.60004
55.7036
82.11359
42.46255
31.42283
26.82718
23.46698
21.00104
19.27875
18.11777
17.38447
16.95409
16.77612
16.78883
-2.199512
-2.746021
-5.716923
-7.52517
-9.928798
-12.3545
-14.59991
-16.1825
-15.29278
-9.615159
0.3462586
13.09103
15.14612
21.86966
50.74031
44.21518
36.82761
30.17295
25.47188
22.03077
19.63731
18.03661
17.02818
16.4331
16.1601
16.14786
-7.20418
-7.939289
-10.96954
-13.26235
-16.31201
-19.70529
-23.76253
-27.6335
-27.95459
-22.30765
-11.87695
5.155355
15.7744
51.04692
62.2342
46.02263
39.49308
31.39566
25.81804
21.85481
19.11228
17.28135
16.13123
15.456
15.13388
15.10482
-13.30872
-14.18501
-17.30137
-20.33392
-24.41553
-29.6027
-36.96283
-43.04181
-43.68363
-37.6951
-26.78358
-11.6217
20.42756
65.88377
66.77361
43.82706
36.19718
29.47972
24.19848
20.26376
17.52444
15.70709
14.57934
13.93116
13.62835
13.60128
-20.21697
-21.22311
-24.54702
-28.53592
-34.00369
-41.75313
-52.01646
-58.55576
-58.72338
-52.67824
-42.61355
-31.59351
-14.86427
25.35571
37.34217
35.60872
30.05837
24.77142
20.41882
17.0749
14.73446
13.20809
12.29523
11.80143
11.60091
11.60135
-27.62793
-28.68088
-32.36949
-37.42022
-44.46653
-54.86261
-65.63637
-71.20907
-70.36917
-64.67043
-54.07297
-41.47338
-38.94265
28.02052
23.26937
23.79252
20.7205
17.41453
14.52716
12.2295
10.66905
9.730167
9.251044
9.055668
9.045074
9.096239
-35.28168
-36.46869
-40.39078
-46.38201
-54.94237
-67.52666
-77.20093
-80.69389
-79.03738
-73.75221
-65.20722
-39.90551
4.005827
16.67532
12.36687
10.74736
9.114336
7.716995
6.505143
5.698468
5.314674
5.288305
5.479493
5.734636
5.996137
6.116058
-42.50663
-43.80413
-48.0351
-54.95527
-64.86032
-78.01351
-86.13634
-87.96563
-85.76436
-80.20508
-79.78307
-83.57541
-32.32317
-5.248453
-6.834317
-7.336659
-6.198348
-5.023095
-3.885013
-2.566492
-1.290032
-0.02407435
1.084358
1.938813
2.541863
2.749553
-48.68975
-50.1677
-54.82931
-62.65461
-73.92366
-87.0264
-93.10755
-94.09118
-91.19281
-81.60728
-70.9103
-76.15577
-62.95779
-45.68799
-39.89881
-35.87538
-28.51354
-21.75016
-16.86008
-12.55231
-9.008121
-6.017024
-3.74157
-2.149926
-1.151351
-0.8376488
-53.0844
-54.89104
-60.32576
-69.54528
-82.43105
-93.89845
-98.24519
-99.24628
-98.11488
-91.54819
-86.75037
-83.96746
-73.375
-80.49881
-78.83997
-73.49795
-60.03181
-43.48074
-32.39524
-24.23475
-17.49388
-12.33056
-8.668988
-6.235824
-4.806424
-4.363193
-54.53079
-56.98763
-63.51232
-74.49719
-89.02521
-97.79947
-100.5616
-101.2939
-102.4537
-97.10895
-98.29219
-102.2946
-108.5164
-114.7972
-115.8208
-109.9403
-97.16474
-72.17358
-49.68923
-37.04765
-26.16204
-18.44613
-13.23516
-9.901481
-8.042279
-7.435278
-51.21181
-54.66105
-63.13904
-77.99159
-95.03768
-99.87837
-99.13309
-99.56252
-107.8686
-130.1983
-124.2121
-126.6961
-130.4676
-137.9709
-140.9413
-136.6252
-125.2549
-101.3304
-70.44902
-49.80699
-34.04135
-23.6258
-16.82143
-12.60062
-10.34885
-9.600131
-41.24732
-45.12048
-56.61329
-76.83986
-94.36748
-97.10088
-92.48453
-86.3884
-80.85543
-87.08495
-127.1723
-131.8499
-138.2278
-146.784
-151.3831
-150.8823
-142.7989
-126.5353
-91.42462
-60.68917
-39.91536
-27.00477
-18.73237
-13.70761
-11.07864
-10.29972
-22.58366
-27.18136
-43.65419
-68.245
-83.51042
-87.67875
-80.31455
-72.21175
-62.77201
-69.44231
-111.8462
-129.3848
-134.7785
-144.349
-151.5828
-155.6872
-152.8799
-138.2948
-108.1383
-68.59487
-42.89289
-27.66429
-18.28836
-12.75185
-9.871802
-9.124176
6.98566
0.557924
-22.75406
-60.92078
-71.36544
-72.4039
-62.24051
-50.49064
-42.04025
-52.82389
-65.50463
-91.18322
-112.7344
-130.1552
-142.0549
-153.8922
-154.5513
-144.271
-117.698
-69.24757
-41.41461
-24.74133
-14.99284
-9.579748
-6.87427
-6.197448
50.50903
40.92385
8.94745
-41.68621
-54.54935
-50.64167
-35.203
-19.85187
-5.47729
-13.22464
-41.34001
-62.42349
-87.96857
-111.2431
-127.7291
-143.5796
-149.2614
-142.2549
-117.0709
-65.0846
-35.74977
-18.48608
-9.15452
-4.45794
-2.298769
-1.834021
108.5558
96.39384
50.73989
-19.39091
-34.44723
-24.59298
0.7937411
20.46674
31.47354
27.27535
7.80313
-27.72775
-59.47991
-90.12861
-113.4775
-131.0866
-141.1981
-126.2251
-105.8785
-52.34588
-22.105
-7.808331
-1.404537
1.368598
2.782104
3.24909
157.5978
152.5316
107.0961
24.23626
-19.64193
5.033438
43.12156
77.26796
107.8223
80.65601
21.72783
-7.483734
-37.47789
-71.08234
-100.89
-118.9203
-127.3982
-124.889
-92.3293
-47.55335
-13.76958
-0.08224049
4.442481
5.972057
6.691644
7.404147
168.1362
160.0874
138.6156
86.61525
31.13683
59.56138
97.31112
190.2047
263.1866
196.8549
63.77286
1.792293
-26.3159
-54.56353
-88.2336
-103.0162
-99.11528
-86.0781
-57.8882
-38.7653
-19.18921
-5.068188
2.43392
5.635568
6.649505
6.731329
160.2147
155.7787
145.7973
114.6664
47.48433
75.59582
192.2191
351.2742
471.0749
352.219
147.3201
33.14148
-4.200483
-64.98882
-71.36602
-96.15455
-78.17471
-70.66525
-57.33663
-39.14465
-21.25686
-7.27951
1.042626
4.977509
5.944945
0
