0.0000000 0.0000000
0.0000000 0.0000000
0.0000000 0.0000000
0.0000000 0.0000000
0.0000000 0.0000000
0.0000000 0.0000000
0.0000000 0.0000000
0.0000000 0.0000000
0.0000000 0.0000000
0.0000000 0.0000000
0.0000000 0.0000000
0.0000000 0.0000000
0.0000000 0.0000000
0.0000000 0.0000000
0.0000000 0.0000000
0.0000000 0.0000000
0.0000000 0.0000000
0.0000000 0.0000000
0.0000000 0.0000000
0.0000000 0.0000000
0.0000000 0.0000000
0.0000000 0.0000000
0.0000000 0.0000000
0.0000000 0.0000000
0.0000000 0.0000000
0.0000000 0.0000000
0.0000000 0.0000000
-0.1280456 0.1232101
-0.1875705 0.2879538
-0.2424491 0.4885969
-0.3275316 0.7532377
-0.4726501 1.1295969
-0.7278521 1.6995896
-1.1962166 2.6055303
-2.1050293 4.0899587
-3.9724262 6.3895574
-6.0385032 9.7582207
-12.8124514 12.4393015
19.0616531 7.3616085
11.0942698 -21.8131695
-15.2215738 -10.6967945
-4.2015271 -12.0474186
-2.8408952 -7.4408689
-2.2407150 -4.8013077
-1.4484761 -2.9337809
-0.9094617 -1.8212517
-0.5866081 -1.1777436
-0.3946285 -0.7773065
-0.2803642 -0.5056465
-0.2131028 -0.3052246
-0.1666222 -0.1449767
0.0000000 0.0000000
0.0000000 0.0000000
-0.2806126 0.1482736
-0.3892352 0.3196757
-0.4975887 0.5206695
-0.6680617 0.7741849
-0.9537334 1.1122127
-1.4440663 1.5842425
-2.2868621 2.2679176
-3.7102957 3.3216238
-6.2664828 4.9767504
-9.7138462 4.6275697
5.5424676 6.3014879
28.0380993 3.1389551
21.9251709 -5.7537098
12.0932875 -8.3204346
-11.0017109 -1.7833463
-6.7766337 -4.1957040
-3.9959662 -3.0486512
-2.4448137 -2.0528581
-1.5510534 -1.4046700
-1.0249020 -0.9844165
-0.7088355 -0.6874229
-0.5179540 -0.4624130
-0.4020093 -0.2812553
-0.3029061 -0.1260741
0.0000000 0.0000000
0.0000000 0.0000000
-0.4046113 0.1259080
-0.5487530 0.2584060
-0.6886621 0.4060435
-0.9038417 0.5789686
-1.2486222 0.7904728
-1.8021878 1.0647217
-2.6985869 1.4519858
-4.1677222 1.9739122
-6.8220887 3.3782177
-5.7366056 -3.4381080
-1.0199361 -2.0621052
30.4598675 0.2443694
24.1801510 -4.5689392
4.4411573 7.2968607
-8.7545652 6.1192722
-8.7896662 0.3816481
-4.7075353 -0.3158548
-2.8491778 -0.6093736
-1.8478078 -0.6307985
-1.2605182 -0.5431861
-0.9017479 -0.4257490
-0.6790296 -0.3062273
-0.5385382 -0.1916879
-0.4057584 -0.0845349
0.0000000 0.0000000
0.0000000 0.0000000
-0.4879431 0.0864330
-0.6506099 0.1661352
-0.7978494 0.2439618
-1.0141711 0.3161898
-1.3450091 0.3718359
-1.8439819 0.3832913
-2.5960853 0.2830542
-3.7844970 -0.2861999
-5.4982228 -1.6022552
-4.8536129 -10.6298752
7.1093550 -12.4461708
1.9258428 -2.4767478
16.3430824 1.9371628
11.1929932 9.0773048
-3.0962315 11.5558996
-5.7047524 2.6357155
-3.8908973 1.0186143
-2.5881875 0.3266312
-1.7887336 0.0097240
-1.2873273 -0.1231839
-0.9648890 -0.1557110
-0.7554963 -0.1368384
-0.6148595 -0.0933641
-0.4661230 -0.0409183
0.0000000 0.0000000
0.0000000 0.0000000
-0.5292285 0.0430859
-0.6934918 0.0700176
-0.8272896 0.0802994
-1.0111557 0.0585648
-1.2762548 -0.0287089
-1.6485611 -0.2391680
-2.1450706 -0.6869376
-2.7501836 -1.7799014
-3.9432890 -2.6624095
0.3037026 -6.0543680
5.3790746 -10.1633911
10.2698383 -1.5843135
9.7517214 2.6698315
4.0456848 6.7696114
-1.2617825 6.3234487
-2.0136518 3.7480795
-2.2082446 1.7753806
-1.8795401 0.8854300
-1.4813535 0.4245611
-1.1590661 0.1817832
-0.9219110 0.0605060
-0.7559652 0.0081531
-0.6352115 -0.0063372
-0.4859896 -0.0024336
0.0000000 0.0000000
0.0000000 0.0000000
-0.5334077 0.0036298
-0.6863554 -0.0140949
-0.7927487 -0.0573164
-0.9267190 -0.1453423
-1.1007029 -0.3101891
-1.3099624 -0.6038941
-1.5214385 -1.0978334
-1.6232922 -1.9166183
-1.5746137 -2.9300239
-0.4390556 -3.2256761
1.1917791 -3.8144836
3.0500431 -1.7175748
4.5601406 0.7657318
3.3997433 3.2086751
0.3893940 3.4635630
-0.6255900 2.8619304
-1.0663818 1.8497610
-1.1699971 1.1041842
-1.0898876 0.6480934
-0.9480852 0.3728583
-0.8122828 0.2087532
-0.7014324 0.1132606
-0.6111078 0.0593371
-0.4759110 0.0271170
0.0000000 0.0000000
0.0000000 0.0000000
-0.5111964 -0.0272165
-0.6424417 -0.0762495
-0.7161432 -0.1511700
-0.7955406 -0.2683890
-0.8823821 -0.4510737
-0.9540426 -0.7251062
-0.9623674 -1.1050694
-0.7888322 -1.5831859
-0.1879859 -2.0816939
0.8037094 -2.3034201
1.9364712 -2.1576869
2.8533740 -0.7099200
3.0256343 0.6574482
2.0784876 1.6788752
0.8786865 2.1002295
-0.0145296 1.9607037
-0.4559690 1.5254623
-0.6768113 1.0695237
-0.7432160 0.7117385
-0.7245631 0.4617862
-0.6726420 0.2929763
-0.6155468 0.1798249
-0.5559247 0.1028235
-0.4409193 0.0468742
0.0000000 0.0000000
0.0000000 0.0000000
-0.4682643 -0.0474088
-0.5751275 -0.1138552
-0.6191713 -0.2019304
-0.6533735 -0.3222181
-0.6740499 -0.4867803
-0.6574972 -0.7041076
-0.5591857 -0.9685625
-0.3094907 -1.2453464
0.1616182 -1.4663856
0.7185781 -1.4953378
1.3271271 -1.2266425
1.8115253 -0.4641972
1.8959044 0.3497503
1.4642634 0.9755732
0.8212466 1.3065554
0.2445691 1.3340905
-0.1382807 1.1631658
-0.3657510 0.9132091
-0.4847342 0.6726394
-0.5305457 0.4750708
-0.5329956 0.3241413
-0.5164880 0.2116326
-0.4846645 0.1261185
-0.3906128 0.0575020
0.0000000 0.0000000
0.0000000 0.0000000
-0.4139685 -0.0579768
-0.4982954 -0.1308734
-0.5183083 -0.2192353
-0.5210593 -0.3290003
-0.5012690 -0.4643758
-0.4402544 -0.6245679
-0.3107206 -0.7977442
-0.0775362 -0.9517726
0.2517524 -1.0377525
0.6198133 -0.9885080
0.9806165 -0.7432954
1.2329065 -0.2941493
1.2593188 0.1918145
1.0375587 0.5936221
0.6781604 0.8417240
0.3130890 0.9184253
0.0203316 0.8646258
-0.1791605 0.7363902
-0.3052140 0.5849970
-0.3764902 0.4418317
-0.4103349 0.3188455
-0.4188977 0.2170215
-0.4072710 0.1330142
-0.3338069 0.0609803
0.0000000 0.0000000
0.0000000 0.0000000
-0.3557571 -0.0610410
-0.4209285 -0.1329949
-0.4247949 -0.2145967
-0.4074838 -0.3082956
-0.3678247 -0.4145668
-0.2921447 -0.5283511
-0.1656376 -0.6369189
0.0198757 -0.7176437
0.2508098 -0.7392446
0.4950176 -0.6701027
0.7166135 -0.4851635
0.8583328 -0.2004410
0.8710293 0.1082260
0.7486617 0.3751034
0.5379835 0.5586690
0.3026865 0.6420547
0.0932826 0.6387358
-0.0696913 0.5777304
-0.1859342 0.4865002
-0.2613226 0.3867338
-0.3076422 0.2916671
-0.3314553 0.2055777
-0.3320001 0.1285035
-0.2761525 0.0592721
0.0000000 0.0000000
0.0000000 0.0000000
-0.2993746 -0.0591018
-0.3484280 -0.1255387
-0.3427391 -0.1973192
-0.3159495 -0.2743879
-0.2680346 -0.3551698
-0.1937143 -0.4345197
-0.0845570 -0.5011970
0.0578758 -0.5402092
0.2207948 -0.5343638
0.3854474 -0.4671461
0.5267789 -0.3314336
0.6131507 -0.1427095
0.6216605 0.0618741
0.5497265 0.2452260
0.4212780 0.3802276
0.2672873 0.4555232
0.1176574 0.4735365
-0.0079992 0.4473520
-0.1065433 0.3939914
-0.1782469 0.3265420
-0.2257628 0.2546338
-0.2555414 0.1844891
-0.2640372 0.1175279
-0.2219682 0.0543978
0.0000000 0.0000000
0.0000000 0.0000000
-0.2476563 -0.0542176
-0.2846637 -0.1130324
-0.2729992 -0.1738561
-0.2434964 -0.2360357
-0.1961889 -0.2966611
-0.1283707 -0.3510325
-0.0396433 -0.3918205
0.0679067 -0.4085214
0.1852885 -0.3915754
0.2981642 -0.3344889
0.3917539 -0.2348095
0.4476715 -0.1041112
0.4546251 0.0356314
0.4111771 0.1646400
0.3287608 0.2653195
0.2268444 0.3277093
0.1205718 0.3527800
0.0239406 0.3454049
-0.0547655 0.3142552
-0.1173407 0.2690873
-0.1628348 0.2160353
-0.1922424 0.1596656
-0.2043774 0.1032833
-0.1738563 0.0481580
0.0000000 0.0000000
0.0000000 0.0000000
-0.2019827 -0.0478171
-0.2299175 -0.0984374
-0.2164093 -0.1489383
-0.1864830 -0.1980235
-0.1439881 -0.2435918
-0.0863945 -0.2810124
-0.0145473 -0.3051836
0.0662026 -0.3108226
0.1514317 -0.2912026
0.2312597 -0.2439804
0.2951896 -0.1709455
0.3333913 -0.0780027
0.3388999 0.0212682
0.3123230 0.1132434
0.2585543 0.1887185
0.1882823 0.2398518
0.1136062 0.2645023
0.0408648 0.2664502
-0.0224167 0.2493767
-0.0734145 0.2184687
-0.1136203 0.1794340
-0.1413790 0.1352228
-0.1537559 0.0883351
-0.1322643 0.0414864
0.0000000 0.0000000
0.0000000 0.0000000
-0.1633293 -0.0410825
-0.1837635 -0.0835029
-0.1705171 -0.1249720
-0.1434691 -0.1635683
-0.1054560 -0.1972957
-0.0584809 -0.2236311
-0.0019424 -0.2380260
0.0603509 -0.2372959
0.1225177 -0.2192670
0.1799448 -0.1813281
0.2252729 -0.1261074
0.2523739 -0.0593177
0.2573837 0.0125983
0.2400299 0.0805503
0.2048339 0.1367416
0.1561945 0.1778154
0.1018645 0.2007875
0.0486757 0.2060023
-0.0009465 0.1971847
-0.0427931 0.1765483
-0.0756832 0.1471925
-0.1001874 0.1126417
-0.1122114 0.0745020
-0.0972047 0.0351268
0.0000000 0.0000000
0.0000000 0.0000000
-0.1309720 -0.0345767
-0.1464375 -0.0696514
-0.1333099 -0.1029973
-0.1102427 -0.1335158
-0.0784714 -0.1587654
-0.0391505 -0.1768041
0.0045803 -0.1858394
0.0520443 -0.1825039
0.0991371 -0.1659421
0.1407976 -0.1366224
0.1736833 -0.0946829
0.1935306 -0.0445909
0.1982431 0.0076958
0.1871992 0.0584430
0.1628671 0.1018183
0.1296474 0.1337045
0.0902866 0.1537895
0.0502155 0.1609477
0.0130699 0.1561171
-0.0203924 0.1422300
-0.0474002 0.1205712
-0.0672192 0.0931160
-0.0781436 0.0622324
-0.0683653 0.0296164
0.0000000 0.0000000
0.0000000 0.0000000
-0.1041550 -0.0285372
-0.1159877 -0.0573131
-0.1046306 -0.0840906
-0.0841126 -0.1076684
-0.0585314 -0.1270599
-0.0271573 -0.1398039
0.0081601 -0.1446774
0.0439550 -0.1410594
0.0793779 -0.1268817
0.1109231 -0.1030796
0.1350812 -0.0717516
0.1499808 -0.0339229
0.1540553 0.0059592
0.1474634 0.0435945
0.1307328 0.0771363
0.1069933 0.1030120
0.0793910 0.1192760
0.0494443 0.1267657
0.0210653 0.1250451
-0.0040406 0.1150259
-0.0256455 0.0988552
-0.0415428 0.0773561
-0.0502973 0.0520136
-0.0446183 0.0249900
0.0000000 0.0000000
0.0000000 0.0000000
-0.0826461 -0.0233295
-0.0910677 -0.0464880
-0.0817429 -0.0680815
-0.0650230 -0.0865411
-0.0432039 -0.1008668
-0.0188791 -0.1104320
0.0085259 -0.1131756
0.0369940 -0.1087765
0.0633924 -0.0976267
0.0870672 -0.0786509
0.1056188 -0.0537936
0.1170294 -0.0256042
0.1205565 0.0049315
0.1164128 0.0344232
0.1055035 0.0598718
0.0885406 0.0807134
0.0685303 0.0948114
0.0473707 0.1013082
0.0259247 0.1013169
0.0070356 0.0946313
-0.0087606 0.0819893
-0.0211127 0.0649510
-0.0278217 0.0442219
-0.0248846 0.0214052
0.0000000 0.0000000
0.0000000 0.0000000
-0.0650802 -0.0188863
-0.0715928 -0.0375558
-0.0631368 -0.0545511
-0.0500714 -0.0693173
-0.0328654 -0.0802476
-0.0126529 -0.0867598
0.0080639 -0.0887404
0.0297580 -0.0845790
0.0506563 -0.0747442
0.0682735 -0.0602802
0.0822320 -0.0407305
0.0913437 -0.0182337
0.0946324 0.0047845
0.0920012 0.0279090
0.0846082 0.0485670
0.0732848 0.0648325
0.0587373 0.0768586
0.0435924 0.0833168
0.0287319 0.0838636
0.0147912 0.0794726
0.0037439 0.0700057
-0.0044838 0.0560249
-0.0092619 0.0386902
-0.0082847 0.0190484
0.0000000 0.0000000
0.0000000 0.0000000
-0.0506171 -0.0150953
-0.0557104 -0.0302394
-0.0490776 -0.0438375
-0.0378327 -0.0551573
-0.0248462 -0.0639277
-0.0093641 -0.0686902
0.0075537 -0.0693050
0.0236754 -0.0660905
0.0393545 -0.0578902
0.0532991 -0.0456720
0.0637789 -0.0307417
0.0706431 -0.0129018
0.0736985 0.0058532
0.0725281 0.0236740
0.0673232 0.0404279
0.0596651 0.0543113
0.0500526 0.0641605
0.0391782 0.0703633
0.0291995 0.0720709
0.0203614 0.0691152
0.0132060 0.0621159
0.0088697 0.0508467
0.0068214 0.0357341
0.0063937 0.0179841
0.0000000 0.0000000
0.0000000 0.0000000
-0.0390592 -0.0121171
-0.0424086 -0.0242058
-0.0374913 -0.0353240
-0.0289990 -0.0443466
-0.0181403 -0.0508262
-0.0067836 -0.0547399
0.0057951 -0.0549039
0.0187209 -0.0515035
0.0301763 -0.0451555
0.0404468 -0.0351170
0.0487784 -0.0225043
0.0540803 -0.0086428
0.0563735 0.0065943
0.0560777 0.0215924
0.0530424 0.0349860
0.0476069 0.0468614
0.0413931 0.0559746
0.0346429 0.0616891
0.0280682 0.0643515
0.0233715 0.0633283
0.0205529 0.0583623
0.0198879 0.0494214
0.0211252 0.0359726
0.0203635 0.0185881
0.0000000 0.0000000
0.0000000 0.0000000
-0.0293218 -0.0097692
-0.0318653 -0.0196777
-0.0275586 -0.0285291
-0.0215120 -0.0360439
-0.0136491 -0.0412054
-0.0044960 -0.0438088
0.0044423 -0.0440540
0.0137211 -0.0410257
0.0226599 -0.0351670
0.0300160 -0.0272188
0.0359262 -0.0167325
0.0402162 -0.0047979
0.0421788 0.0074439
0.0419407 0.0200833
0.0403066 0.0319003
0.0371239 0.0419767
0.0328812 0.0504876
0.0290724 0.0566616
0.0258489 0.0601300
0.0240932 0.0610920
0.0252507 0.0588749
0.0291962 0.0525701
0.0346867 0.0406041
0.0347241 0.0216259
0.0000000 0.0000000
0.0000000 0.0000000
-0.0209196 -0.0079283
-0.0226994 -0.0162764
-0.0197254 -0.0236653
-0.0148835 -0.0296336
-0.0095861 -0.0340586
-0.0033520 -0.0360858
0.0034468 -0.0357450
0.0096957 -0.0333367
0.0157386 -0.0282449
0.0212303 -0.0210305
0.0253262 -0.0124262
0.0281300 -0.0022264
0.0298365 0.0086269
0.0299935 0.0192649
0.0287655 0.0297269
0.0271011 0.0391819
0.0248543 0.0471123
0.0226210 0.0537150
0.0217097 0.0586079
0.0225790 0.0616604
0.0266764 0.0629034
0.0358010 0.0612446
0.0488806 0.0532108
0.0531789 0.0310331
0.0000000 0.0000000
0.0000000 0.0000000
-0.0137750 -0.0066598
-0.0144138 -0.0136213
-0.0125487 -0.0199586
-0.0095809 -0.0249700
-0.0058148 -0.0283768
-0.0020478 -0.0301484
0.0020826 -0.0297124
0.0063232 -0.0271982
0.0100043 -0.0229354
0.0132731 -0.0166489
0.0160621 -0.0088704
0.0178681 -0.0002452
0.0187490 0.0092298
0.0190659 0.0188494
0.0185705 0.0280141
0.0174495 0.0367295
0.0164751 0.0445518
0.0156728 0.0513288
0.0156794 0.0573506
0.0177571 0.0626916
0.0233074 0.0677497
0.0363629 0.0734832
0.0639800 0.0800959
0.0969687 0.0731255
0.0000000 0.0000000
0.0000000 0.0000000
-0.0070661 -0.0055137
-0.0070654 -0.0105963
-0.0058755 -0.0152788
-0.0044913 -0.0190723
-0.0027747 -0.0215445
-0.0007885 -0.0225596
0.0011039 -0.0221452
0.0030093 -0.0200565
0.0048681 -0.0164415
0.0063790 -0.0115948
0.0075560 -0.0055236
0.0084721 0.0013620
0.0089287 0.0086384
0.0089466 0.0161719
0.0088124 0.0235450
0.0084192 0.0304635
0.0079620 0.0369635
0.0078466 0.0429999
0.0082547 0.0487736
0.0097454 0.0548044
0.0132948 0.0617501
0.0230395 0.0730868
0.0657108 0.1100300
0.2202651 0.2261071
0.0000000 0.0000000
0.0000000 0.0000000
0.0000000 0.0000000
0.0000000 0.0000000
0.0000000 0.0000000
0.0000000 0.0000000
0.0000000 0.0000000
0.0000000 0.0000000
0.0000000 0.0000000
0.0000000 0.0000000
0.0000000 0.0000000
0.0000000 0.0000000
0.0000000 0.0000000
0.0000000 0.0000000
0.0000000 0.0000000
0.0000000 0.0000000
0.0000000 0.0000000
0.0000000 0.0000000
0.0000000 0.0000000
0.0000000 0.0000000
0.0000000 0.0000000
0.0000000 0.0000000
0.0000000 0.0000000
0.0000000 0.0000000
0.0000000 0.0000000
0.0000000 0.0000000
0.0000000 0.0000000
0.0000000 0.0000000
-0.0663060 0.0812284
0.0000000 0.0000000
-0.2010742 0.0419770
-0.0478512 0.2222031
-0.0779817 0.3140002
0.0000000 0.0000000
-0.1764083 0.2213832
-0.0759333 0.4751497
-0.0956659 0.5755004
0.0000000 0.0000000
-0.1994083 0.4179058
-0.1016463 0.7840496
-0.1294074 0.9051580
0.0000000 0.0000000
-0.2520162 0.6602618
-0.1403463 1.1932898
-0.1882380 1.3554964
0.0000000 0.0000000
-0.3463410 0.9824094
-0.2047384 1.7736225
-0.2908222 2.0184250
0.0000000 0.0000000
-0.5130814 1.4385555
-0.3177454 2.6387997
-0.4676900 3.0689094
0.0000000 0.0000000
-0.8148999 2.1331160
-0.5160956 3.9694288
-0.7479830 4.8108730
0.0000000 0.0000000
-1.3830858 3.2696655
-0.8286830 6.0878053
-1.1264160 7.6193480
0.0000000 0.0000000
-2.4492998 5.1708708
-1.2290974 9.5712299
-1.6521037 11.8366404
0.0000000 0.0000000
-4.1639981 8.1944609
-2.0794718 14.5972633
-1.9144819 18.7175293
0.0000000 0.0000000
-6.3137259 14.9163799
-0.9908870 22.4290314
-2.1736939 23.2891521
0.0000000 0.0000000
2.3851063 11.3601427
12.0018444 3.7006321
15.1189518 2.7046509
0.0000000 0.0000000
22.6350079 4.1365762
8.5855150 -24.0071087
-2.7933571 -21.6977749
0.0000000 0.0000000
3.4633007 -7.3745461
-0.9407564 -20.6590824
-0.5261081 -23.2874832
0.0000000 0.0000000
-15.0289564 -13.8371792
-0.8475249 -14.1999760
-1.4145141 -11.0631828
0.0000000 0.0000000
-2.3498156 -10.6039057
-1.9542565 -9.5780010
-1.0431299 -6.9528570
0.0000000 0.0000000
-2.4983556 -5.2973657
-0.8689286 -6.0456376
-0.6256683 -4.5665569
0.0000000 0.0000000
-1.8123667 -3.5189977
-0.4608672 -3.8386869
-0.3892862 -3.0131495
0.0000000 0.0000000
-1.1742126 -2.3761945
-0.2700073 -2.4768136
-0.2467912 -2.0150039
0.0000000 0.0000000
-0.7550453 -1.6040488
-0.1667824 -1.6366960
-0.1610156 -1.3495437
0.0000000 0.0000000
-0.4985424 -1.0811232
-0.1117642 -1.0896361
-0.1113853 -0.8923368
0.0000000 0.0000000
-0.3427245 -0.7192610
-0.0820262 -0.7070854
-0.0832440 -0.5620720
0.0000000 0.0000000
-0.2492636 -0.4576138
-0.0661938 -0.4178487
-0.0686923 -0.3041751
0.0000000 0.0000000
-0.1949126 -0.2547398
-0.0599209 -0.1813512
-0.0661142 -0.0753954
0.0000000 0.0000000
-0.1728594 -0.0727850
0.0000000 0.0000000
0.0000000 0.0000000
-0.3037223 0.0653432
-0.3945204 0.0480371
-0.2313949 0.1844841
-0.3055482 0.2517099
-0.3724982 0.2135048
-0.3099691 0.3904666
-0.3699481 0.4597930
-0.4324376 0.3949461
-0.3999737 0.6383323
-0.4896281 0.7149529
-0.5533337 0.6083667
-0.5447714 0.9592257
-0.6921899 1.0486699
-0.7609732 0.8748882
-0.7831659 1.4005258
-1.0355262 1.5081141
-1.1114000 1.2233666
-1.1818213 2.0355129
-1.6392934 2.1683600
-1.7138880 1.7039641
-1.8777640 2.9596093
-2.6701777 3.2185974
-2.7762144 2.4423604
-3.1230042 4.2512474
-3.9855673 5.0551996
-4.7036228 3.8564484
-4.7778678 6.2966633
-5.3643303 7.8187280
-8.3352261 6.8186126
-7.6191649 9.7840548
-9.9697514 9.5210552
-6.3163910 8.7000885
4.4400501 11.2987614
11.2854576 10.6436586
15.5676117 8.3701773
23.8277740 4.4917407
25.3872051 -2.9892516
29.0921535 6.4718299
21.3371258 -9.3631954
11.6786985 -5.2038693
17.4212837 -2.2777758
6.1909428 -12.0193853
-12.1436806 -10.5215311
-10.3741541 -9.5442705
-9.4768906 -4.7192864
-4.9929070 -10.9689369
-9.7220316 -9.1069002
-4.6910076 -7.2543316
-3.4672532 -5.3291702
-5.2434826 -4.1379910
-2.9722321 -4.4508796
-2.3099420 -3.3982403
-3.1624048 -2.6577351
-1.8020457 -2.7913315
-1.4753318 -2.2716420
-1.9659412 -1.8733855
-1.1261691 -1.8310943
-0.9577671 -1.5493094
-1.2700943 -1.3288288
-0.7311302 -1.2357780
-0.6423050 -1.0596557
-0.8568962 -0.9350523
-0.4991837 -0.8381465
-0.4524242 -0.7130060
-0.6076416 -0.6436002
-0.3636080 -0.5516354
-0.3411788 -0.4549627
-0.4572609 -0.4190633
-0.2867893 -0.3287449
-0.2823362 -0.2493816
-0.3737918 -0.2358610
-0.2330536 -0.1413186
-0.2869247 -0.0636713
-0.3620318 -0.0632216
0.0000000 0.0000000
0.0000000 0.0000000
-0.4908517 0.0485051
-0.5525790 0.0364592
-0.3764341 0.1557717
-0.4834569 0.1916574
-0.5306455 0.1564538
-0.4866573 0.3174280
-0.5725141 0.3476718
-0.6135064 0.2841662
-0.6118632 0.5052188
-0.7392896 0.5250549
-0.7744351 0.4203050
-0.8109704 0.7363764
-1.0156012 0.7349537
-1.0422205 0.5648816
-1.1337388 1.0352941
-1.4675483 0.9873566
-1.4789830 0.7084280
-1.6603599 1.4406328
-2.2211983 1.2799635
-2.1996706 0.8108059
-2.5406456 2.0341365
-3.5586548 1.5488647
-3.4124005 0.7505572
-4.1540213 2.9884758
-6.1376147 1.8842223
-5.5696573 0.6111402
-7.7326922 3.8285296
-9.4047937 6.0164628
-9.9800301 1.3522674
-6.3432970 -0.1273669
-7.6084070 3.7768569
-7.7290792 -1.4909474
-4.2533069 4.1895647
17.0024281 3.3537469
21.0181789 -1.8346831
29.0105038 1.0592570
32.3965454 2.7810631
32.3383827 2.8573794
20.8858795 -6.5006819
19.2417297 1.8492169
23.4396172 6.6867204
-0.3708930 3.4463117
-7.2969089 -5.4945345
-2.5104697 -0.4634821
-7.4116740 1.2401701
-10.3378458 -5.2933502
-12.7844057 -1.4724380
-6.9134903 -2.3794687
-5.3531842 -2.5615640
-6.5391011 -1.6080418
-4.1247792 -1.7904775
-3.3249547 -1.8412871
-3.6576669 -1.2383738
-2.5882478 -1.3371596
-2.1546082 -1.3889010
-2.2752614 -0.9673249
-1.6741108 -1.0172809
-1.4317561 -1.0348995
-1.5117059 -0.7683754
-1.1215899 -0.7670118
-0.9847304 -0.7552805
-1.0550377 -0.5939918
-0.7862835 -0.5600902
-0.7088892 -0.5336410
-0.7750193 -0.4381334
-0.5836223 -0.3862762
-0.5437895 -0.3528724
-0.6039623 -0.2994826
-0.4617563 -0.2351192
-0.4564050 -0.1992870
-0.5088156 -0.1744897
-0.3671659 -0.0984692
-0.4626708 -0.0524182
-0.5126876 -0.0476966
0.0000000 0.0000000
0.0000000 0.0000000
-0.6285152 0.0318173
-0.6614215 0.0200773
-0.4822477 0.1170096
-0.6101102 0.1252971
-0.6371856 0.0874848
-0.6098930 0.2251471
-0.7060497 0.2229462
-0.7262305 0.1531769
-0.7480050 0.3416781
-0.8842665 0.3189454
-0.8955361 0.2048330
-0.9613056 0.4691400
-1.1721010 0.4046360
-1.1666651 0.2247900
-1.2948370 0.6086729
-1.6262226 0.4544482
-1.5864393 0.1737195
-1.8170009 0.7606600
-2.3479114 0.4069736
-2.2287385 -0.0324901
-2.6370232 0.9183465
-3.5266964 0.1021139
-3.2066498 -0.6327556
-3.9086547 1.1715645
-5.9399667 -1.1049715
-4.5845289 -2.4984233
-7.2061772 1.9237355
-8.7953672 -4.7129493
-6.7101078 -5.4393249
-5.2921891 -3.6165960
-5.4697742 -2.2670467
-2.5725977 -10.5803232
-3.9152441 -7.9840403
16.1910267 -6.2643328
13.6563559 -13.8438530
26.2895851 -1.9524615
26.8435555 2.3798265
24.0446701 3.2813926
15.3172026 0.3989694
13.7383070 7.8294601
13.4032326 11.2178993
9.5663099 9.1249447
-1.5167867 4.9810929
4.4580102 10.3029051
-8.1766958 8.5312843
-10.1779795 2.7004390
-4.8573012 6.6618428
-7.2922873 2.6255703
-6.0994539 0.2739763
-4.1244674 2.1290801
-4.3070774 0.7850003
-3.6181924 -0.3092331
-2.9437087 0.5613239
-2.7510438 0.0340749
-2.3416066 -0.4672202
-2.0614076 0.0023196
-1.8472526 -0.2282627
-1.6014059 -0.4717591
-1.4764781 -0.1855788
-1.2903870 -0.2936982
-1.1421487 -0.4085266
-1.0927408 -0.2293551
-0.9393972 -0.2696146
-0.8522360 -0.3207008
-0.8401397 -0.2098770
-0.7191674 -0.2084528
-0.6723527 -0.2273912
-0.6801614 -0.1619337
-0.5805910 -0.1329320
-0.5763069 -0.1349853
-0.5919653 -0.1023066
-0.4598868 -0.0528916
-0.5880635 -0.0370364
-0.6117280 -0.0296117
0.0000000 0.0000000
0.0000000 0.0000000
-0.7115644 0.0156113
-0.7174792 0.0043041
-0.5444995 0.0724059
-0.6805944 0.0591556
-0.6887870 0.0222333
-0.6754484 0.1245325
-0.7676377 0.0990146
-0.7695088 0.0311683
-0.8046409 0.1680777
-0.9275436 0.1190377
-0.9189283 0.0108948
-0.9956875 0.1917995
-1.1745143 0.0978858
-1.1471843 -0.0659479
-1.2782546 0.1724662
-1.5393113 -0.0090261
-1.4739536 -0.2479521
-1.6891998 0.0544500
-2.0637217 -0.2977800
-1.9232996 -0.6330987
-2.2799740 -0.2752614
-2.7837417 -0.9686288
-2.5203111 -1.3902879
-2.9785070 -1.1799582
-3.6113708 -2.4821851
-3.4412296 -3.2326882
-3.3782084 -1.9722719
-4.2370200 -5.6174283
-3.9117508 -4.0942111
-2.3028002 -10.3481255
1.0783752 -10.0796890
3.6357720 -7.9584017
3.5352833 -14.1306067
4.3477049 -10.2581549
9.1284256 -6.5295482
9.6579103 -1.0149461
14.7614651 1.3895460
11.1398630 -1.3621789
12.0974083 3.9401336
11.7140312 9.8723526
7.9163842 4.8102412
7.6427960 9.3664761
1.3904065 11.2000828
0.7114040 8.3802042
-3.2544479 8.8438749
-4.6422420 4.7230253
-1.2876599 6.0714912
-3.9336438 4.3379879
-3.8223751 2.0470674
-2.0152960 3.0958343
-3.1841581 1.8543409
-2.8138676 0.8503218
-1.9367287 1.4670749
-2.3281929 0.7972419
-2.0394540 0.2737442
-1.5982703 0.6576947
-1.6977859 0.3036694
-1.5015367 0.0158501
-1.2674556 0.2625414
-1.2635695 0.0775834
-1.1331676 -0.0880261
-1.0083754 0.0745363
-0.9676325 -0.0179779
-0.8853616 -0.1135312
-0.8204024 -0.0078331
-0.7689113 -0.0465423
-0.7253439 -0.0999981
-0.6926411 -0.0352785
-0.6372655 -0.0376471
-0.6377648 -0.0675384
-0.6228150 -0.0338476
-0.5087923 -0.0111616
-0.6576868 -0.0202665
-0.6576959 -0.0117022
0.0000000 0.0000000
0.0000000 0.0000000
-0.7413284 0.0013685
-0.7250502 -0.0085106
-0.5655087 0.0285048
-0.6984084 0.0013167
-0.6903744 -0.0302675
-0.6878780 0.0302456
-0.7647531 -0.0075573
-0.7525765 -0.0644817
-0.7929759 0.0104172
-0.8851351 -0.0459042
-0.8642778 -0.1319246
-0.9362841 -0.0522109
-1.0558658 -0.1385072
-1.0209829 -0.2577328
-1.1295086 -0.1927335
-1.2744106 -0.3268093
-1.2204442 -0.4792155
-1.3656787 -0.4738603
-1.5155150 -0.6764839
-1.4424661 -0.8438264
-1.5986173 -1.0162941
-1.6546351 -1.2538432
-1.6111451 -1.3553259
-1.6033351 -2.1611252
-1.2242029 -2.4415400
-1.5710139 -2.3179746
-0.9652529 -2.9611535
-0.5695795 -3.9616811
-1.0530499 -3.6303492
0.2834142 -4.1126933
0.7097272 -4.3811584
0.1045196 -3.3306236
1.5771674 -5.8231478
2.9698856 -4.7498097
2.2002120 -3.4038694
6.7164021 -1.6327387
7.2363563 -1.2648245
4.2512097 -0.9157669
8.1868048 0.9863960
6.6019220 2.6902206
4.6772614 2.2386024
5.1372113 4.8609715
3.0594072 6.3052874
1.4117807 3.6893098
0.4301064 4.6652837
-0.4004621 4.5467672
-0.2297898 3.6738124
-1.4975933 3.2605560
-1.6636847 2.6189432
-0.8691708 2.6455436
-1.8577365 1.9570664
-1.7401546 1.3926224
-1.1189129 1.6378794
-1.6660916 1.1052393
-1.5108477 0.7244047
-1.1085874 0.9470062
-1.3700944 0.6040249
-1.2398171 0.3556758
-0.9926187 0.5260451
-1.1046921 0.3174475
-1.0098161 0.1578313
-0.8575031 0.2810107
-0.8993303 0.1600709
-0.8339202 0.0563684
-0.7423151 0.1421069
-0.7495249 0.0773923
-0.7127881 0.0097454
-0.6572652 0.0648666
-0.6400431 0.0378345
-0.6460932 -0.0070484
-0.6096195 0.0225452
-0.5191205 0.0218299
-0.6745567 -0.0049333
-0.6565394 0.0029625
0.0000000 0.0000000
0.0000000 0.0000000
-0.7252766 -0.0096149
-0.6935968 -0.0171078
-0.5538542 -0.0088920
-0.6729414 -0.0428172
-0.6533907 -0.0661511
-0.6589714 -0.0460619
-0.7145479 -0.0867733
-0.6926388 -0.1273527
-0.7330264 -0.1098016
-0.7890006 -0.1610513
-0.7622173 -0.2182872
-0.8224733 -0.2195612
-0.8836485 -0.2863956
-0.8476345 -0.3560174
-0.9251701 -0.4054430
-0.9776594 -0.4909424
-0.9310395 -0.5612806
-1.0174108 -0.7089382
-1.0284129 -0.8177045
-0.9755294 -0.8608500
-1.0406296 -1.1591201
-0.9604952 -1.2990117
-0.9038620 -1.2497468
-0.9134686 -1.8349648
-0.5743568 -2.0167596
-0.5540490 -1.6708922
-0.2636102 -2.6834853
0.4431400 -2.8203213
0.3801372 -2.1452663
1.1200441 -2.8152080
1.7035913 -2.7480097
1.4994899 -2.0554361
2.0625765 -2.9565232
2.9107287 -2.6629777
2.7312310 -1.8354628
3.9331102 -0.9587423
4.1858597 -0.7161284
3.1056325 -0.5983022
4.1628737 0.9272614
3.6477821 1.6880412
2.6253278 1.0464741
3.2183988 2.4093027
2.1053519 2.9745240
1.4234570 2.0117159
1.2695820 2.7317896
0.6395448 3.0047181
0.2893695 2.2001128
-0.1949017 2.2751601
-0.4480555 2.2170091
-0.2938658 1.9123040
-0.8530538 1.6542612
-0.8900394 1.4587591
-0.5987543 1.4187787
-1.0323709 1.1092341
-0.9843119 0.8983966
-0.7177135 0.9657093
-0.9943774 0.7116023
-0.9289032 0.5380300
-0.7284629 0.6241013
-0.8880075 0.4433923
-0.8292609 0.3132150
-0.6891787 0.3891938
-0.7749454 0.2694417
-0.7321680 0.1754485
-0.6353574 0.2338878
-0.6804680 0.1599768
-0.6548919 0.0915115
-0.5899311 0.1321498
-0.6029500 0.0906633
-0.6125096 0.0400423
-0.5655145 0.0629121
-0.4975143 0.0443143
-0.6491797 0.0072678
-0.6191074 0.0135123
0.0000000 0.0000000
0.0000000 0.0000000
-0.6759591 -0.0168181
-0.6355763 -0.0215430
-0.5185274 -0.0359952
-0.6181193 -0.0718001
-0.5918413 -0.0866209
-0.6028275 -0.0973459
-0.6378236 -0.1367090
-0.6104966 -0.1610336
-0.6466042 -0.1827663
-0.6736706 -0.2274025
-0.6424626 -0.2579285
-0.6905938 -0.3068060
-0.7091583 -0.3585241
-0.6725457 -0.3883180
-0.7266882 -0.4866077
-0.7242602 -0.5471431
-0.6784959 -0.5611499
-0.7312146 -0.7390861
-0.6819111 -0.8105364
-0.6256086 -0.7813945
-0.6575271 -1.0668617
-0.5311382 -1.1496880
-0.4597827 -1.0389175
-0.4560668 -1.4448701
-0.2089220 -1.5385343
-0.1024381 -1.2910925
-0.0602967 -1.7969617
0.3383427 -1.8610493
0.4560329 -1.4556233
0.6728956 -1.8133236
1.0471243 -1.7785857
1.0756458 -1.3392265
1.3700920 -1.5819159
1.7648180 -1.4613547
1.7024373 -1.0221980
2.3269200 -0.5118250
2.3257506 -0.4549391
1.9880606 -0.3254856
2.6104662 0.5543023
2.2400165 0.8364783
1.7155474 0.5282128
2.0711262 1.3353965
1.5545278 1.6589458
1.1139531 1.1499883
1.1477379 1.6589396
0.7358394 1.8664587
0.4661975 1.3871807
0.2818682 1.5731986
0.0459579 1.6346942
-0.0010893 1.3351408
-0.2842826 1.2931986
-0.3815486 1.2479594
-0.2838387 1.1162611
-0.5667387 0.9757493
-0.5841922 0.8816833
-0.4432363 0.8518831
-0.6641195 0.6966272
-0.6487355 0.5929971
-0.5122769 0.6113364
-0.6672725 0.4794912
-0.6409391 0.3861679
-0.5305138 0.4194957
-0.6317374 0.3195687
-0.6075932 0.2429806
-0.5230299 0.2751648
-0.5853091 0.2044080
-0.5721281 0.1434591
-0.5074138 0.1681352
-0.5386196 0.1212414
-0.5517796 0.0717134
-0.5016787 0.0868829
-0.4538109 0.0571452
-0.5937194 0.0156598
-0.5579106 0.0200558
0.0000000 0.0000000
0.0000000 0.0000000
-0.6069883 -0.0205671
-0.5633458 -0.0230024
-0.4672265 -0.0524254
-0.5481260 -0.0871641
-0.5180845 -0.0944329
-0.5321692 -0.1250786
-0.5503835 -0.1611890
-0.5208318 -0.1721365
-0.5524684 -0.2160714
-0.5585254 -0.2545093
-0.5261257 -0.2647202
-0.5622020 -0.3341434
-0.5558271 -0.3756713
-0.5184073 -0.3779073
-0.5559811 -0.4874204
-0.5254333 -0.5320752
-0.4819984 -0.5144700
-0.5132289 -0.6783689
-0.4443426 -0.7265307
-0.3900357 -0.6699070
-0.4062441 -0.8974334
-0.2801077 -0.9464637
-0.2113282 -0.8277336
-0.2019389 -1.1143701
-0.0003650 -1.1545171
0.0800981 -0.9549350
0.1334562 -1.2477498
0.3936010 -1.2670380
0.4541601 -0.9959933
0.6047196 -1.1859223
0.8375010 -1.1645347
0.8426898 -0.8864126
1.0637362 -0.9127742
1.2393637 -0.8558438
1.1733500 -0.6314376
1.5001545 -0.3214703
1.4915262 -0.2599376
1.3087273 -0.1997520
1.6548165 0.3043970
1.4547189 0.4476838
1.1734445 0.2965240
1.4028265 0.7900239
1.1202112 0.9744033
0.8463389 0.6932157
0.9118405 1.0490556
0.6549969 1.1920813
0.4637547 0.9013361
0.3966180 1.0872166
0.2142672 1.1589367
0.1317577 0.9339115
-0.0116867 0.9766509
-0.1173429 0.9840224
-0.1031269 0.8465629
-0.2754818 0.8034651
-0.3225170 0.7675307
-0.2586031 0.7016155
-0.4182187 0.6217660
-0.4308160 0.5654122
-0.3506883 0.5444131
-0.4773507 0.4591622
-0.4757518 0.3983995
-0.3962047 0.4001776
-0.4918786 0.3257422
-0.4837025 0.2681116
-0.4163130 0.2790105
-0.4838164 0.2190350
-0.4788612 0.1683090
-0.4228392 0.1796349
-0.4613397 0.1332582
-0.4773892 0.0891229
-0.4289928 0.0968785
-0.3967300 0.0617736
-0.5209196 0.0204710
-0.4838328 0.0230966
0.0000000 0.0000000
0.0000000 0.0000000
-0.5290517 -0.0217383
-0.4861167 -0.0224940
-0.4087520 -0.0599305
-0.4727722 -0.0918953
-0.4422144 -0.0935046
-0.4567364 -0.1344182
-0.4639416 -0.1666636
-0.4334607 -0.1676997
-0.4608879 -0.2213733
-0.4532519 -0.2539293
-0.4220745 -0.2508206
-0.4495728 -0.3247642
-0.4292125 -0.3582074
-0.3941583 -0.3444452
-0.4182115 -0.4468471
-0.3778042 -0.4805039
-0.3374414 -0.4476087
-0.3555769 -0.5846443
-0.2845311 -0.6168860
-0.2387853 -0.5541850
-0.2428402 -0.7243189
-0.1348764 -0.7534336
-0.0805374 -0.6487650
-0.0652576 -0.8368380
0.0804731 -0.8565286
0.1361323 -0.7076159
0.1848624 -0.8750371
0.3497064 -0.8794981
0.3872131 -0.7008604
0.4896670 -0.7926891
0.6302533 -0.7766933
0.6338132 -0.6017154
0.7846617 -0.5746039
0.8735185 -0.5374686
0.8253407 -0.4111883
1.0246484 -0.2153164
1.0140569 -0.1625230
0.8987280 -0.1329209
1.1032771 0.1698155
0.9929624 0.2587670
0.8266345 0.1771153
0.9750288 0.4887056
0.8116283 0.5994325
0.6396381 0.4388917
0.7020572 0.6868100
0.5370770 0.7836487
0.4051319 0.6013049
0.3857306 0.7579991
0.2529765 0.8180599
0.1779243 0.6594729
0.1020922 0.7283916
0.0115482 0.7499324
-0.0071139 0.6349209
-0.1092497 0.6390094
-0.1647788 0.6304008
-0.1401253 0.5583319
-0.2495396 0.5258992
-0.2764737 0.4970157
-0.2325359 0.4594964
-0.3310836 0.4107447
-0.3415031 0.3723696
-0.2904266 0.3566070
-0.3703179 0.3048088
-0.3743681 0.2641635
-0.3227868 0.2599825
-0.3859028 0.2126867
-0.3877004 0.1726215
-0.3418782 0.1740011
-0.3824658 0.1322993
-0.3984450 0.0946981
-0.3561433 0.0969600
-0.3347356 0.0605621
-0.4413147 0.0224444
-0.4058584 0.0235089
0.0000000 0.0000000
0.0000000 0.0000000
-0.4505098 -0.0212394
-0.4106034 -0.0208071
-0.3490652 -0.0609616
-0.3986653 -0.0891919
-0.3697608 -0.0870532
-0.3843044 -0.1314738
-0.3838865 -0.1595356
-0.3551171 -0.1543045
-0.3771760 -0.2091688
-0.3634382 -0.2367184
-0.3334243 -0.2254960
-0.3548766 -0.2956589
-0.3279074 -0.3222244
-0.2971593 -0.3009853
-0.3129751 -0.3893990
-0.2707708 -0.4149348
-0.2364007 -0.3774441
-0.2440651 -0.4852845
-0.1816608 -0.5080800
-0.1437283 -0.4487731
-0.1412410 -0.5715826
-0.0549377 -0.5891290
-0.0160948 -0.5044063
0.0041233 -0.6259697
0.1072067 -0.6361894
0.1424202 -0.5277221
0.1879636 -0.6239392
0.2939896 -0.6230246
0.3147462 -0.5030680
0.3910489 -0.5456895
0.4782952 -0.5302733
0.4745412 -0.4205850
0.5802024 -0.3844734
0.6300596 -0.3560257
0.5926062 -0.2803500
0.7215639 -0.1512081
0.7137864 -0.1100935
0.6371383 -0.0926844
0.7666109 0.0970673
0.7015718 0.1580164
0.5971612 0.1101564
0.6957598 0.3131405
0.5965639 0.3843778
0.4859413 0.2887195
0.5351222 0.4630361
0.4284070 0.5283220
0.3357402 0.4122464
0.3366052 0.5353665
0.2404191 0.5823726
0.1816114 0.4710923
0.1419002 0.5414550
0.0688259 0.5643545
0.0426526 0.4748316
-0.0209443 0.4998988
-0.0710375 0.5019186
-0.0680171 0.4377186
-0.1403080 0.4308059
-0.1730409 0.4177760
-0.1491295 0.3759344
-0.2222778 0.3515099
-0.2394786 0.3278210
-0.2074819 0.3042691
-0.2727939 0.2709993
-0.2816767 0.2423288
-0.2457130 0.2302520
-0.2991786 0.1940854
-0.3060858 0.1638893
-0.2692033 0.1584008
-0.3073044 0.1228529
-0.3226997 0.0920624
-0.2872415 0.0905380
-0.2742070 0.0560091
-0.3622681 0.0222537
-0.3306710 0.0223401
0.0000000 0.0000000
0.0000000 0.0000000
-0.3765905 -0.0197002
-0.3412351 -0.0185890
-0.2922386 -0.0576602
-0.3308403 -0.0820545
-0.3040846 -0.0775993
-0.3179498 -0.1212024
-0.3126333 -0.1449394
-0.2869957 -0.1364760
-0.3054335 -0.1879565
-0.2885615 -0.2109529
-0.2620065 -0.1959812
-0.2769745 -0.2577507
-0.2503240 -0.2793456
-0.2224842 -0.2552487
-0.2334214 -0.3286521
-0.1935099 -0.3477648
-0.1659697 -0.3118163
-0.1682852 -0.3944146
-0.1158145 -0.4108705
-0.0865782 -0.3593765
-0.0785125 -0.4459532
-0.0135497 -0.4575998
0.0147648 -0.3906031
0.0352896 -0.4703898
0.1089216 -0.4748376
0.1301360 -0.3968195
0.1694874 -0.4529907
0.2400206 -0.4499469
0.2502742 -0.3679539
0.3091829 -0.3855080
0.3646313 -0.3724290
0.3575513 -0.3006709
0.4333306 -0.2685182
0.4632465 -0.2448195
0.4339612 -0.1983012
0.5214022 -0.1106323
0.5162880 -0.0788237
0.4636833 -0.0675801
0.5487937 0.0573647
0.5096350 0.0998990
0.4400153 0.0716172
0.5080132 0.2068247
0.4445834 0.2560388
0.3719527 0.1957512
0.4099359 0.3193319
0.3387417 0.3645232
0.2741230 0.2889006
0.2801876 0.3842561
0.2127517 0.4189509
0.1661813 0.3418761
0.1469594 0.4032904
0.0888104 0.4243718
0.0652900 0.3558526
0.0256116 0.3874052
-0.0172475 0.3933537
-0.0226610 0.3402273
-0.0727827 0.3470512
-0.1027063 0.3413523
-0.0927063 0.3029654
-0.1446401 0.2923749
-0.1652539 0.2785596
-0.1442482 0.2525566
-0.1954256 0.2322560
-0.2069480 0.2122253
-0.1821624 0.1967825
-0.2270468 0.1703942
-0.2350767 0.1474241
-0.2074602 0.1388119
-0.2401971 0.1090444
-0.2547269 0.0846815
-0.2253233 0.0806709
-0.2181861 0.0496029
-0.2890716 0.0207828
-0.2619640 0.0202793
0.0000000 0.0000000
0.0000000 0.0000000
-0.3100662 -0.0176008
-0.2797423 -0.0161680
-0.2412844 -0.0520947
-0.2708610 -0.0727395
-0.2475139 -0.0672574
-0.2591709 -0.1071586
-0.2525179 -0.1271800
-0.2292303 -0.1170891
-0.2448207 -0.1631905
-0.2268314 -0.1818788
-0.2045536 -0.1661963
-0.2159427 -0.2186326
-0.1907414 -0.2360623
-0.1675945 -0.2124886
-0.1730995 -0.2711355
-0.1397227 -0.2862445
-0.1162503 -0.2535272
-0.1163330 -0.3165612
-0.0729559 -0.3280358
-0.0516484 -0.2858715
-0.0420617 -0.3470539
0.0072288 -0.3549449
0.0267780 -0.3030212
0.0473759 -0.3551296
0.0990751 -0.3575019
0.1129451 -0.3000645
0.1451000 -0.3343146
0.1937799 -0.3295617
0.1976104 -0.2733907
0.2430611 -0.2792574
0.2798752 -0.2682196
0.2717461 -0.2198711
0.3272763 -0.1925728
0.3463896 -0.1742564
0.3235083 -0.1432442
0.3849010 -0.0831917
0.3813587 -0.0576019
0.3445059 -0.0508763
0.4032702 0.0340066
0.3785202 0.0648148
0.3309384 0.0475972
0.3777521 0.1412537
0.3372823 0.1753705
0.2865681 0.1372640
0.3164083 0.2247456
0.2669585 0.2578537
0.2223751 0.2064692
0.2305139 0.2792646
0.1821854 0.3050019
0.1469482 0.2510872
0.1362824 0.3028634
0.0932433 0.3196459
0.0715702 0.2691384
0.0480518 0.2992077
0.0116180 0.3069310
0.0048496 0.2636702
-0.0294959 0.2763211
-0.0557766 0.2744239
-0.0526841 0.2415064
-0.0912118 0.2395649
-0.1098631 0.2308135
-0.0979434 0.2068444
-0.1360188 0.1942686
-0.1491739 0.1808127
-0.1310617 0.1643130
-0.1674290 0.1452870
-0.1757675 0.1279440
-0.1553216 0.1182281
-0.1832574 0.0942075
-0.1954478 0.0747797
-0.1722421 0.0699096
-0.1687455 0.0426972
-0.2244344 0.0187462
-0.2016001 0.0178464
0.0000000 0.0000000
0.0000000 0.0000000
-0.2525092 -0.0153375
-0.2269065 -0.0137381
-0.1967690 -0.0455634
-0.2190565 -0.0625971
-0.1994099 -0.0569677
-0.2097633 -0.0921623
-0.2022300 -0.1087686
-0.1825638 -0.0985544
-0.1941287 -0.1379487
-0.1783291 -0.1534835
-0.1584259 -0.1380577
-0.1676577 -0.1818927
-0.1444829 -0.1954615
-0.1262572 -0.1744404
-0.1295748 -0.2208295
-0.1013450 -0.2327017
-0.0829882 -0.2045695
-0.0797945 -0.2515724
-0.0465764 -0.2605267
-0.0293891 -0.2258338
-0.0205514 -0.2701474
0.0175613 -0.2747897
0.0302714 -0.2355641
0.0484471 -0.2703826
0.0860711 -0.2714719
0.0944925 -0.2290241
0.1216645 -0.2493223
0.1550769 -0.2452782
0.1564043 -0.2047652
0.1911825 -0.2063661
0.2166581 -0.1960802
0.2085463 -0.1635851
0.2499460 -0.1417968
0.2629543 -0.1273575
0.2450943 -0.1059518
0.2891130 -0.0625285
0.2872935 -0.0434440
0.2601888 -0.0378860
0.3024217 0.0202532
0.2857712 0.0441377
0.2528357 0.0323508
0.2867473 0.0984676
0.2597817 0.1231044
0.2239444 0.0982880
0.2457762 0.1622769
0.2125078 0.1857927
0.1794032 0.1514011
0.1887007 0.2055694
0.1527573 0.2257936
0.1273893 0.1867223
0.1223016 0.2287334
0.0899518 0.2420132
0.0718480 0.2047718
0.0562234 0.2321303
0.0282934 0.2387996
0.0197887 0.2055163
-0.0024177 0.2187274
-0.0257290 0.2194726
-0.0247277 0.1915654
-0.0528698 0.1939699
-0.0691848 0.1884307
-0.0626824 0.1675981
-0.0919853 0.1606063
-0.1036016 0.1507956
-0.0915629 0.1357774
-0.1194494 0.1215172
-0.1280538 0.1087769
-0.1121986 0.0988538
-0.1354495 0.0796592
-0.1454273 0.0642770
-0.1273665 0.0592982
-0.1267955 0.0362497
-0.1689870 0.0164368
-0.1502678 0.0154790
0.0000000 0.0000000
0.0000000 0.0000000
-0.2038746 -0.0130810
-0.1827769 -0.0115064
-0.1587493 -0.0387362
-0.1761880 -0.0527998
-0.1592099 -0.0472735
-0.1683020 -0.0776148
-0.1603533 -0.0909939
-0.1443924 -0.0816523
-0.1539734 -0.1147366
-0.1396414 -0.1274252
-0.1234457 -0.1134010
-0.1291113 -0.1487930
-0.1105142 -0.1599964
-0.0945002 -0.1412467
-0.0970934 -0.1782420
-0.0730074 -0.1869784
-0.0595153 -0.1640166
-0.0559546 -0.1994202
-0.0295229 -0.2062656
-0.0169583 -0.1783872
-0.0072285 -0.2098053
0.0205698 -0.2135125
0.0304058 -0.1827231
0.0452050 -0.2073172
0.0735614 -0.2067070
0.0779158 -0.1759386
0.0998977 -0.1884187
0.1240510 -0.1848351
0.1235073 -0.1553354
0.1511246 -0.1537934
0.1687419 -0.1460011
0.1617495 -0.1222624
0.1928978 -0.1062396
0.2020588 -0.0937178
0.1880664 -0.0795435
0.2207208 -0.0479394
0.2199446 -0.0332643
0.1996884 -0.0288072
0.2302661 0.0133437
0.2196710 0.0306692
0.1952414 0.0237556
0.2210296 0.0701890
0.2019636 0.0894653
0.1767633 0.0719208
0.1937681 0.1189541
0.1706601 0.1363177
0.1460047 0.1127967
0.1536918 0.1543860
0.1284641 0.1691333
0.1082574 0.1418415
0.1075747 0.1741842
0.0822087 0.1855376
0.0687191 0.1571761
0.0587708 0.1804447
0.0372985 0.1861508
0.0288591 0.1607330
0.0132339 0.1737565
-0.0049875 0.1747543
-0.0065322 0.1527996
-0.0256900 0.1562011
-0.0404303 0.1532552
-0.0360036 0.1352538
-0.0582646 0.1314529
-0.0681268 0.1242729
-0.0603221 0.1113276
-0.0821238 0.1009612
-0.0893860 0.0909809
-0.0777390 0.0821957
-0.0961065 0.0665406
-0.1044391 0.0545077
-0.0899638 0.0496336
-0.0916628 0.0304416
-0.1225893 0.0142026
-0.1073952 0.0132775
0.0000000 0.0000000
0.0000000 0.0000000
-0.1633031 -0.0108893
-0.1461105 -0.0094344
-0.1274842 -0.0323843
-0.1407662 -0.0438639
-0.1268675 -0.0388392
-0.1337315 -0.0641075
-0.1272683 -0.0751500
-0.1132379 -0.0665431
-0.1214610 -0.0941764
-0.1083879 -0.1040736
-0.0958277 -0.0922028
-0.1003612 -0.1207313
-0.0845415 -0.1297684
-0.0719783 -0.1138403
-0.0721174 -0.1423659
-0.0538665 -0.1496554
-0.0421248 -0.1302872
-0.0393789 -0.1577355
-0.0177211 -0.1622654
-0.0092563 -0.1407694
-0.0008374 -0.1636301
0.0206525 -0.1663420
0.0272509 -0.1424681
0.0408266 -0.1590032
0.0609949 -0.1587715
0.0642812 -0.1349761
0.0814403 -0.1437624
0.0996416 -0.1396361
0.0977351 -0.1187843
0.1193593 -0.1164002
0.1323687 -0.1101198
0.1260320 -0.0926332
0.1502208 -0.0794745
0.1567836 -0.0702389
0.1457746 -0.0591765
0.1705563 -0.0369577
0.1701453 -0.0244820
0.1549522 -0.0218453
0.1780308 0.0088596
0.1711683 0.0220328
0.1526642 0.0178744
0.1719766 0.0523803
0.1592539 0.0663171
0.1399692 0.0550317
0.1542610 0.0888674
0.1371697 0.1029598
0.1193910 0.0856905
0.1262698 0.1173452
0.1083180 0.1285724
0.0921787 0.1091897
0.0927343 0.1350272
0.0744047 0.1434825
0.0627682 0.1230692
0.0579092 0.1412509
0.0404667 0.1468254
0.0339339 0.1268099
0.0231902 0.1382912
0.0092392 0.1394834
0.0062703 0.1224156
-0.0074121 0.1265188
-0.0190008 0.1243439
-0.0169810 0.1101226
-0.0326076 0.1074318
-0.0414665 0.1024986
-0.0355844 0.0913093
-0.0524990 0.0835048
-0.0582580 0.0756271
-0.0499008 0.0681830
-0.0645184 0.0556529
-0.0708623 0.0457737
-0.0594755 0.0416090
-0.0625503 0.0255653
-0.0843508 0.0122260
-0.0718158 0.0113069
0.0000000 0.0000000
0.0000000 0.0000000
-0.1302040 -0.0089187
-0.1160331 -0.0075541
-0.1016408 -0.0266774
-0.1114732 -0.0358023
-0.1003418 -0.0315463
-0.1063771 -0.0524366
-0.1005114 -0.0613981
-0.0892106 -0.0539700
-0.0948837 -0.0762007
-0.0849053 -0.0844730
-0.0736139 -0.0740497
-0.0778013 -0.0972918
-0.0639871 -0.1040379
-0.0547537 -0.0912719
-0.0548448 -0.1135523
-0.0398999 -0.1193602
-0.0310545 -0.1036011
-0.0270797 -0.1239589
-0.0113342 -0.1279269
-0.0038621 -0.1103140
0.0025167 -0.1279051
0.0198137 -0.1290658
0.0235977 -0.1112899
0.0346122 -0.1229817
0.0501276 -0.1226398
0.0517197 -0.1044257
0.0664434 -0.1095324
0.0792365 -0.1066798
0.0777106 -0.0903632
0.0944203 -0.0888037
0.1043610 -0.0827060
0.0985882 -0.0705854
0.1173612 -0.0603298
0.1226294 -0.0530316
0.1134850 -0.0445586
0.1327589 -0.0272953
0.1327263 -0.0181639
0.1208629 -0.0152211
0.1389646 0.0064525
0.1340589 0.0176466
0.1202466 0.0142215
0.1352808 0.0398085
0.1268133 0.0504816
0.1116145 0.0429845
0.1229955 0.0688424
0.1112067 0.0791341
0.0970634 0.0675783
0.1041956 0.0907361
0.0904651 0.1003544
0.0784785 0.0856949
0.0799553 0.1058394
0.0668864 0.1125575
0.0566689 0.0977430
0.0542101 0.1126553
0.0414217 0.1168980
0.0352156 0.1022810
0.0292504 0.1110852
0.0178232 0.1129789
0.0152994 0.0993372
0.0056505 0.1030719
-0.0029188 0.1015982
-0.0027655 0.0905575
-0.0138378 0.0888469
-0.0206839 0.0848291
-0.0167623 0.0760932
-0.0288633 0.0694945
-0.0337971 0.0633850
-0.0271530 0.0570877
-0.0388409 0.0468328
-0.0432979 0.0385419
-0.0343747 0.0351083
-0.0386366 0.0218330
-0.0527704 0.0104920
-0.0422507 0.0096784
0.0000000 0.0000000
0.0000000 0.0000000
-0.1032377 -0.0071836
-0.0916767 -0.0059867
-0.0803282 -0.0215875
-0.0882493 -0.0290499
-0.0785804 -0.0252784
-0.0840109 -0.0425276
-0.0784892 -0.0495181
-0.0697028 -0.0434998
-0.0747041 -0.0614878
-0.0662643 -0.0681819
-0.0573338 -0.0594882
-0.0595756 -0.0775841
-0.0495070 -0.0833595
-0.0409472 -0.0724851
-0.0417072 -0.0903781
-0.0289766 -0.0943898
-0.0228932 -0.0822725
-0.0198538 -0.0978008
-0.0072066 -0.1009004
-0.0018967 -0.0869427
0.0046374 -0.0994332
0.0168299 -0.1007867
0.0204879 -0.0863969
0.0287618 -0.0955168
0.0411790 -0.0942363
0.0413042 -0.0810701
0.0528836 -0.0843523
0.0628905 -0.0819688
0.0608859 -0.0695061
0.0748037 -0.0671732
0.0817489 -0.0628607
0.0772702 -0.0530372
0.0918864 -0.0459155
0.0960534 -0.0390969
0.0884951 -0.0334500
0.1034875 -0.0203737
0.1041137 -0.0131389
0.0942826 -0.0105049
0.1086807 0.0063426
0.1054181 0.0145512
0.0944892 0.0130636
0.1070012 0.0313161
0.1007352 0.0405957
0.0892363 0.0347730
0.0985053 0.0542729
0.0906592 0.0623695
0.0788417 0.0544748
0.0852726 0.0725647
0.0756133 0.0797660
0.0656644 0.0698022
0.0687987 0.0845656
0.0586818 0.0907901
0.0507904 0.0794390
0.0498926 0.0911035
0.0410701 0.0947484
0.0347991 0.0841535
0.0316877 0.0913337
0.0233966 0.0928705
0.0205261 0.0830282
0.0150831 0.0853364
0.0083243 0.0848837
0.0081273 0.0762118
0.0004547 0.0745721
-0.0041496 0.0714215
-0.0020860 0.0648994
-0.0104143 0.0592608
-0.0140002 0.0539490
-0.0088355 0.0492380
-0.0175113 0.0402634
-0.0206793 0.0331038
-0.0131346 0.0302861
-0.0185762 0.0191122
-0.0263231 0.0090970
-0.0172112 0.0084005
0.0000000 0.0000000
0.0000000 0.0000000
-0.0810541 -0.0056121
-0.0715845 -0.0046116
-0.0633161 -0.0173902
-0.0693137 -0.0234601
-0.0614290 -0.0203265
-0.0654720 -0.0340520
-0.0616103 -0.0399250
-0.0535766 -0.0347233
-0.0583504 -0.0494074
-0.0508600 -0.0544623
-0.0441588 -0.0477353
-0.0464845 -0.0620516
-0.0381713 -0.0667344
-0.0315220 -0.0579558
-0.0310701 -0.0713902
-0.0222066 -0.0750199
-0.0162389 -0.0649037
-0.0146048 -0.0772984
-0.0040081 -0.0790812
-0.0006635 -0.0687305
0.0041819 -0.0780398
0.0139427 -0.0790328
0.0162318 -0.0677921
0.0238351 -0.0737763
0.0323603 -0.0731984
0.0330095 -0.0624569
0.0417426 -0.0653154
0.0497589 -0.0624393
0.0474065 -0.0536451
0.0581784 -0.0515289
0.0638722 -0.0479428
0.0596301 -0.0403029
0.0716959 -0.0340208
0.0745592 -0.0290880
0.0686725 -0.0240432
0.0806101 -0.0148407
0.0812524 -0.0081110
0.0733605 -0.0066192
0.0846628 0.0061812
0.0830069 0.0128156
0.0736999 0.0121910
0.0840920 0.0265722
0.0797591 0.0335068
0.0704888 0.0301136
0.0789185 0.0441760
0.0730295 0.0515216
0.0638702 0.0454291
0.0694738 0.0592580
0.0632442 0.0652058
0.0543056 0.0583429
0.0580426 0.0700273
0.0509422 0.0749393
0.0440827 0.0672724
0.0453848 0.0755872
0.0387489 0.0794916
0.0335464 0.0715012
0.0322448 0.0768217
0.0271215 0.0785314
0.0233930 0.0716672
0.0209914 0.0731319
0.0165117 0.0729750
0.0156042 0.0670839
0.0116810 0.0646322
0.0085924 0.0625412
0.0098528 0.0577647
0.0045641 0.0522821
0.0027397 0.0476628
0.0063414 0.0444523
0.0004325 0.0363001
-0.0013967 0.0294660
0.0052375 0.0275367
-0.0010058 0.0176592
-0.0034359 0.0081629
0.0051440 0.0075079
0.0000000 0.0000000
0.0000000 0.0000000
-0.0630182 -0.0043314
-0.0549427 -0.0034625
-0.0492506 -0.0139285
-0.0534703 -0.0187439
-0.0471127 -0.0163596
-0.0510372 -0.0273875
-0.0477880 -0.0322298
-0.0412488 -0.0280534
-0.0446089 -0.0394059
-0.0395420 -0.0438532
-0.0330347 -0.0381589
-0.0358116 -0.0497352
-0.0286262 -0.0531052
-0.0238011 -0.0465569
-0.0241458 -0.0569558
-0.0169103 -0.0598864
-0.0123969 -0.0519156
-0.0102482 -0.0608250
-0.0031453 -0.0626807
0.0004852 -0.0541187
0.0035673 -0.0615639
0.0115781 -0.0616101
0.0126889 -0.0535218
0.0182326 -0.0577797
0.0251134 -0.0571848
0.0250803 -0.0488910
0.0326769 -0.0501074
0.0380404 -0.0481988
0.0365630 -0.0408960
0.0447894 -0.0396161
0.0493585 -0.0358241
0.0455236 -0.0306283
0.0548049 -0.0255716
0.0574958 -0.0214193
0.0521522 -0.0173788
0.0620711 -0.0096055
0.0624349 -0.0045608
0.0561783 -0.0026689
0.0655433 0.0065073
0.0644097 0.0127376
0.0569749 0.0119456
0.0652653 0.0229918
0.0628822 0.0288007
0.0546429 0.0267428
0.0621436 0.0379824
0.0580307 0.0437169
0.0504888 0.0400108
0.0562732 0.0500243
0.0516805 0.0557725
0.0445015 0.0506044
0.0481224 0.0595466
0.0439369 0.0640033
0.0372009 0.0588900
0.0398150 0.0653856
0.0354511 0.0688676
0.0306611 0.0637605
0.0317034 0.0670033
0.0284341 0.0695259
0.0248429 0.0647915
0.0244888 0.0650540
0.0227712 0.0657160
0.0204987 0.0622278
0.0198836 0.0590225
0.0188312 0.0577266
0.0189431 0.0551852
0.0173943 0.0488652
0.0170767 0.0450576
0.0195736 0.0432617
0.0164741 0.0350350
0.0162415 0.0280554
0.0221703 0.0269739
0.0153356 0.0177841
0.0176723 0.0077514
0.0268106 0.0072826
0.0000000 0.0000000
0.0000000 0.0000000
-0.0480526 -0.0033284
-0.0411435 -0.0026194
-0.0373839 -0.0110617
-0.0408160 -0.0151892
-0.0349488 -0.0131630
-0.0388981 -0.0221189
-0.0359112 -0.0259633
-0.0307073 -0.0229023
-0.0342230 -0.0318801
-0.0300981 -0.0356036
-0.0248121 -0.0311487
-0.0266572 -0.0397909
-0.0220580 -0.0429399
-0.0170578 -0.0375001
-0.0183013 -0.0458173
-0.0122575 -0.0477729
-0.0090218 -0.0420474
-0.0081705 -0.0487350
-0.0024406 -0.0501830
0.0002001 -0.0435947
0.0031277 -0.0485095
0.0083191 -0.0489358
0.0099837 -0.0423173
0.0137038 -0.0457143
0.0192147 -0.0444996
0.0186974 -0.0387370
0.0241529 -0.0392869
0.0285580 -0.0375291
0.0268574 -0.0319349
0.0338117 -0.0300231
0.0367563 -0.0272374
0.0339311 -0.0227688
0.0412038 -0.0191228
0.0433518 -0.0148672
0.0387685 -0.0122505
0.0464088 -0.0060483
0.0472813 -0.0016722
0.0415605 0.0000081
0.0495499 0.0077205
0.0486602 0.0126243
0.0426276 0.0127252
0.0499108 0.0208146
0.0481915 0.0264346
0.0415016 0.0247390
0.0476704 0.0334864
0.0455125 0.0385424
0.0384648 0.0362428
0.0441385 0.0443744
0.0410125 0.0492083
0.0349049 0.0461218
0.0392607 0.0526010
0.0364260 0.0572846
0.0306995 0.0536741
0.0336601 0.0585376
0.0317648 0.0622316
0.0265232 0.0592399
0.0292362 0.0614479
0.0278695 0.0644312
0.0240890 0.0620936
0.0262044 0.0609452
0.0264926 0.0631275
0.0234135 0.0617208
0.0254753 0.0572165
0.0274275 0.0576202
0.0253563 0.0574151
0.0281279 0.0495561
0.0303408 0.0468787
0.0307389 0.0470085
0.0324392 0.0373383
0.0337050 0.0296288
0.0389603 0.0293298
0.0325700 0.0202402
0.0385378 0.0076183
0.0509267 0.0074312
0.0000000 0.0000000
0.0000000 0.0000000
-0.0351899 -0.0024737
-0.0291695 -0.0019591
-0.0276854 -0.0089154
-0.0300185 -0.0124944
-0.0249679 -0.0109716
-0.0283309 -0.0178933
-0.0265965 -0.0214315
-0.0214317 -0.0189222
-0.0251771 -0.0261341
-0.0217346 -0.0290988
-0.0174799 -0.0259521
-0.0199793 -0.0326493
-0.0163100 -0.0353578
-0.0122240 -0.0312078
-0.0131124 -0.0371405
-0.0094382 -0.0391525
-0.0058866 -0.0344517
-0.0061605 -0.0397302
-0.0016185 -0.0404976
0.0002652 -0.0358683
0.0016870 -0.0394101
0.0057931 -0.0396427
0.0068805 -0.0345776
0.0099891 -0.0363877
0.0134046 -0.0356541
0.0134789 -0.0308684
0.0172777 -0.0313261
0.0206754 -0.0291687
0.0189770 -0.0253483
0.0239638 -0.0235220
0.0264814 -0.0209118
0.0236502 -0.0174339
0.0297393 -0.0137929
0.0310167 -0.0104056
0.0273939 -0.0079777
0.0336501 -0.0032716
0.0343250 0.0011823
0.0294653 0.0021499
0.0357146 0.0083976
0.0356626 0.0128564
0.0299735 0.0131696
0.0364730 0.0200720
0.0352395 0.0247607
0.0296555 0.0240149
0.0355008 0.0306861
0.0339764 0.0357521
0.0280412 0.0339657
0.0329630 0.0405225
0.0315537 0.0450889
0.0255614 0.0431855
0.0302816 0.0486931
0.0285801 0.0530402
0.0234905 0.0509987
0.0273786 0.0546747
0.0265629 0.0589765
0.0217134 0.0571769
0.0250282 0.0587999
0.0257237 0.0626962
0.0211672 0.0620526
0.0250251 0.0605342
0.0273917 0.0643950
0.0233632 0.0652085
0.0281549 0.0593492
0.0334333 0.0630218
0.0289129 0.0654825
0.0362203 0.0546428
0.0437518 0.0558008
0.0389358 0.0587798
0.0494738 0.0449341
0.0544724 0.0369683
0.0546678 0.0368325
0.0565647 0.0279227
0.0604702 0.0048312
0.0797853 0.0006974
0.0000000 0.0000000
0.0000000 0.0000000
-0.0241342 -0.0018828
-0.0186118 -0.0015195
-0.0191152 -0.0073083
-0.0203638 -0.0104459
-0.0159151 -0.0094597
-0.0196673 -0.0149894
-0.0183091 -0.0182487
-0.0137573 -0.0162663
-0.0170842 -0.0218106
-0.0151952 -0.0247509
-0.0107689 -0.0220119
-0.0138019 -0.0275386
-0.0110179 -0.0297268
-0.0076064 -0.0265774
-0.0094712 -0.0313378
-0.0067203 -0.0331073
-0.0037660 -0.0292439
-0.0042409 -0.0330772
-0.0016556 -0.0340583
0.0005494 -0.0299465
0.0008047 -0.0329673
0.0038044 -0.0327391
0.0045185 -0.0288818
0.0061084 -0.0302929
0.0087082 -0.0294744
0.0084962 -0.0255203
0.0114471 -0.0254109
0.0133977 -0.0237063
0.0122217 -0.0202150
0.0158666 -0.0189431
0.0176637 -0.0160646
0.0150820 -0.0135057
0.0195325 -0.0105229
0.0207726 -0.0072551
0.0171990 -0.0051777
0.0225024 -0.0009121
0.0227946 0.0029369
0.0186810 0.0040768
0.0241253 0.0090221
0.0240938 0.0135596
0.0191629 0.0135433
0.0244907 0.0193762
0.0241608 0.0238586
0.0187280 0.0232880
0.0242326 0.0293777
0.0232072 0.0339311
0.0180454 0.0326221
0.0230603 0.0383294
0.0221667 0.0430038
0.0169101 0.0410886
0.0212833 0.0464021
0.0208332 0.0507800
0.0156758 0.0489657
0.0200295 0.0532112
0.0199085 0.0575921
0.0154047 0.0560731
0.0194555 0.0585607
0.0208072 0.0633453
0.0163157 0.0627231
0.0205829 0.0627373
0.0245285 0.0684536
0.0197381 0.0699391
0.0255830 0.0652631
0.0342743 0.0735331
0.0278713 0.0785166
0.0378135 0.0648422
0.0553813 0.0766845
0.0422101 0.0848795
0.0643366 0.0592936
0.0879299 0.0637776
0.0619028 0.0622598
0.1002477 0.0464013
0.1069245 0.0015762
0.0837243 -0.0519413
0.0000000 0.0000000
0.0000000 0.0000000
-0.0141302 -0.0014667
-0.0092246 -0.0013372
-0.0112550 -0.0060828
-0.0120166 -0.0092635
-0.0075021 -0.0079997
-0.0116246 -0.0130749
-0.0106284 -0.0162006
-0.0064362 -0.0134809
-0.0103067 -0.0193014
-0.0090559 -0.0222187
-0.0050290 -0.0180737
-0.0081238 -0.0242768
-0.0068091 -0.0266613
-0.0032409 -0.0214810
-0.0058107 -0.0278432
-0.0040628 -0.0293743
-0.0014845 -0.0236028
-0.0030556 -0.0294459
-0.0013765 -0.0303264
0.0004694 -0.0240167
0.0001130 -0.0289937
0.0016032 -0.0290044
0.0025277 -0.0227365
0.0030568 -0.0267270
0.0046710 -0.0256278
0.0043115 -0.0199323
0.0059205 -0.0223065
0.0072689 -0.0204930
0.0059070 -0.0154290
0.0086756 -0.0160581
0.0095751 -0.0134338
0.0073217 -0.0095682
0.0108542 -0.0085603
0.0116009 -0.0050264
0.0082747 -0.0027613
0.0123929 0.0002434
0.0128534 0.0041538
0.0087611 0.0049216
0.0135556 0.0097247
0.0134765 0.0140247
0.0090357 0.0129916
0.0140148 0.0192429
0.0137916 0.0239024
0.0088836 0.0210093
0.0137412 0.0287421
0.0134924 0.0332947
0.0084292 0.0288880
0.0133679 0.0377114
0.0128561 0.0422230
0.0080737 0.0363594
0.0126671 0.0458648
0.0124362 0.0503844
0.0077387 0.0433367
0.0119457 0.0533872
0.0123180 0.0578614
0.0078353 0.0501584
0.0120198 0.0603612
0.0131310 0.0652400
0.0089482 0.0572986
0.0131892 0.0672050
0.0161358 0.0733714
0.0119446 0.0661974
0.0164897 0.0745258
0.0242008 0.0851859
0.0198485 0.0822712
0.0245160 0.0811228
0.0512056 0.1096544
0.0383063 0.1181785
0.0504688 0.0793859
0.1411940 0.1539261
0.0436667 0.1350755
0.1252799 0.0524396
0.3715140 0.1607883
-0.0732490 -0.1973622
0.0000000 0.0000000
0.0000000 0.0000000
-0.0048795 -0.0007929
0.0000000 0.0000000
-0.0040389 -0.0051136
-0.0038914 -0.0097714
0.0000000 0.0000000
-0.0037553 -0.0127951
-0.0034569 -0.0170594
0.0000000 0.0000000
-0.0033789 -0.0196113
-0.0029348 -0.0232174
0.0000000 0.0000000
-0.0028810 -0.0250265
-0.0023898 -0.0279233
0.0000000 0.0000000
-0.0021302 -0.0287316
-0.0016337 -0.0307047
0.0000000 0.0000000
-0.0013852 -0.0305853
-0.0008060 -0.0314509
0.0000000 0.0000000
-0.0005804 -0.0303098
-0.0000355 -0.0300676
0.0000000 0.0000000
0.0003462 -0.0278228
0.0008128 -0.0263971
0.0000000 0.0000000
0.0011804 -0.0233290
0.0016303 -0.0207150
0.0000000 0.0000000
0.0019118 -0.0168912
0.0022776 -0.0132899
0.0000000 0.0000000
0.0026257 -0.0088146
0.0028432 -0.0043331
0.0000000 0.0000000
0.0031781 0.0004047
0.0033223 0.0055887
0.0000000 0.0000000
0.0034880 0.0104424
0.0035545 0.0159995
0.0000000 0.0000000
0.0037262 0.0208333
0.0036550 0.0265688
0.0000000 0.0000000
0.0038113 0.0310700
0.0037165 0.0368217
0.0000000 0.0000000
0.0036755 0.0409752
0.0036071 0.0465220
0.0000000 0.0000000
0.0035475 0.0503668
0.0034699 0.0556698
0.0000000 0.0000000
0.0034082 0.0592203
0.0035389 0.0644556
0.0000000 0.0000000
0.0033156 0.0680644
0.0037790 0.0734749
0.0000000 0.0000000
0.0036435 0.0779079
0.0040720 0.0833809
0.0000000 0.0000000
0.0041162 0.0911465
0.0015718 0.0949559
0.0000000 0.0000000
-0.0023964 0.1095355
-0.0016183 0.1313061
0.0000000 0.0000000
-0.0546894 0.1031300
0.1575327 0.3865632
0.0000000 0.0000000
-0.1998203 -0.0651493
1.2324872 1.2359295
0.0000000 0.0000000
0.0000000 0.0000000
-14.70153
-15.09977
-16.0814
-17.77005
-20.31131
-23.96702
-29.27366
-37.33176
-50.28711
-72.12119
-108.4967
-172.1047
-239.5886
-264.1685
-245.2176
-92.10899
-69.91412
-46.76476
-32.01443
-22.81873
-16.76801
-12.74394
-10.10496
-8.442373
-7.520983
-7.223317
-14.69353
-14.95311
-15.87233
-17.47455
-19.88152
-23.33982
-28.35618
-36.01667
-48.70485
-71.17065
-110.6989
-215.9488
-205.5493
-239.4646
-278.283
-114.9972
-68.4039
-45.26007
-30.87695
-22.02654
-16.25488
-12.39712
-9.846067
-8.23477
-7.348153
-7.094291
-14.03531
-14.26117
-15.0562
-16.44965
-18.53417
-21.51892
-25.86506
-32.64293
-44.66963
-72.09151
-127.7617
-235.6414
-172.2868
-224.6429
-267.3339
-158.1779
-69.4793
-40.24029
-26.81277
-19.09888
-14.1962
-10.93757
-8.76692
-7.383148
-6.617754
-6.40821
-12.90112
-13.09152
-13.72375
-14.82446
-16.44869
-18.72873
-21.98312
-26.99715
-35.65481
-54.7924
-151.4272
-180.4951
-75.46734
-38.80518
-148.2956
-144.5344
-59.83966
-31.26723
-20.02374
-14.37685
-10.92157
-8.606968
-7.027051
-5.995443
-5.41463
-5.253091
-11.39516
-11.53825
-11.97925
-12.72994
-13.79603
-15.20669
-17.06063
-19.67268
-23.78143
-30.43806
-58.12468
-65.00103
60.14409
53.51765
-20.09112
-32.58633
-17.62595
-13.74266
-10.73136
-8.565667
-6.969541
-5.755893
-4.851481
-4.223025
-3.852287
-3.743154
-9.62988
-9.718758
-9.958308
-10.34118
-10.82142
-11.31752
-11.69949
-11.7727
-11.15557
-3.845267
5.669998
-1.923479
28.9681
38.26687
59.40636
21.59072
6.455106
0.2810114
-2.141489
-2.883443
-2.94775
-2.751598
-2.484282
-2.239749
-2.068536
-2.010555
-7.730462
-7.763794
-7.815206
-7.861623
-7.826953
-7.567883
-6.830695
-5.164432
-2.308463
3.670715
14.40562
22.24186
40.57349
47.00905
43.41753
29.67906
16.67723
8.690098
4.211256
1.849781
0.6585328
0.09135013
-0.1457409
-0.2157479
-0.2122221
-0.1931612
-5.820974
-5.804613
-5.703146
-5.486746
-5.075105
-4.325818
-3.011098
-0.7759919
2.697017
7.62387
14.4907
21.37863
30.49131
35.24108
33.77474
26.72021
18.90769
12.53576
8.13318
5.307463
3.582398
2.568839
2.001118
1.71117
1.594265
1.588032
-4.00461
-3.950605
-3.737004
-3.339335
-2.691857
-1.681819
-0.1466256
2.12212
5.327414
9.5768
14.73392
19.89739
24.80169
27.34223
26.64532
22.97822
18.25696
13.78161
10.19611
7.57214
5.766402
4.586193
3.856657
3.443977
3.255888
3.237515
-2.34823
-2.267649
-1.983536
-1.479692
-0.7114656
0.3964237
1.945074
4.044596
6.775744
10.10181
13.81036
17.42532
20.49059
22.08846
21.78178
19.77242
16.86834
13.8231
11.11351
8.931486
7.295148
6.141384
5.380963
4.926662
4.709595
4.689168
-0.8861243
-0.7890983
-0.4700489
0.0791575
0.8844697
1.987762
3.441053
5.289366
7.542243
10.11652
12.8231
15.36078
17.40054
18.49328
18.40978
17.26602
15.44685
13.38266
11.39874
9.683519
8.311527
7.287282
6.578345
6.138046
5.922215
5.905596
0.3736926
0.4782107
0.8043186
1.354532
2.140258
3.179099
4.488416
6.074147
7.908627
9.905654
11.91869
13.74839
15.179
15.97385
16.01063
15.34941
14.19221
12.78919
11.35825
10.05137
8.952725
8.095204
7.478177
7.082964
6.885804
6.874697
1.440987
1.545797
1.85912
2.380592
3.111607
4.053809
5.203892
6.545709
8.037913
9.603982
11.13444
12.49492
13.54611
14.15504
14.25474
13.877
13.13522
12.17996
11.15684
10.18024
9.325665
8.634172
8.120614
7.782828
7.611454
7.604482
2.335671
2.435624
2.724047
3.198732
3.855646
4.68717
5.679359
6.806131
8.023851
9.268738
10.45875
11.50178
12.30673
12.79495
12.92808
12.72476
12.25191
11.60366
10.87786
10.1583
9.506862
8.963157
8.547879
8.267727
8.122615
8.117013
3.08198
3.173778
3.430935
3.850295
4.42514
5.143939
5.98793
6.929024
7.926461
8.928169
9.872487
10.69465
11.33359
11.7403
11.89201
11.80029
11.50676
11.072
10.56259
10.03908
9.550102
9.130044
8.800193
8.571804
8.450246
8.443252
3.704152
3.785939
4.009607
4.372007
4.865224
5.476497
6.186546
6.968587
7.787612
8.60132
9.363048
10.02601
10.54804
10.89705
11.05879
11.04052
10.86908
10.58457
10.23251
9.856646
9.494169
9.173552
8.914645
8.730352
8.628618
8.618349
4.224026
4.294975
4.486067
4.79405
5.210987
5.724359
6.316551
6.963815
7.636954
8.302406
8.924268
9.468048
9.903679
10.20919
10.3748
10.40504
10.31738
10.13883
9.900772
9.634683
9.368855
9.126379
8.924839
8.776949
8.691511
8.677356
4.660183
4.720181
4.881045
5.13935
5.487818
5.915327
6.406164
6.94035
7.494024
8.040675
8.552649
9.00409
9.372902
9.643133
9.807537
9.868688
9.837961
9.73345
9.577096
9.39165
9.198524
9.016332
8.860095
8.741654
8.669855
8.652508
5.027326
5.076577
5.210043
5.424502
5.713627
6.067692
6.473097
6.913346
7.369402
7.820179
8.244397
8.622358
8.9373
9.177189
9.336291
9.415581
9.422334
9.368758
9.270113
9.142961
9.003582
8.866827
8.745567
8.650598
8.5903
8.571144
5.336002
5.374972
5.484369
5.661254
5.900181
6.192539
6.527106
6.89042
7.267102
7.640532
7.994165
8.312716
8.583162
8.796207
8.947022
9.035393
9.065745
9.046343
8.98773
8.901837
8.801146
8.697575
8.602131
8.524773
8.473489
8.453854
5.593203
5.622725
5.711635
5.857086
6.054287
6.296004
6.573002
6.874274
7.187204
7.498674
7.795699
8.066166
8.29986
8.489304
8.630149
8.721499
8.765908
8.768703
8.737077
8.679581
8.60558
8.524508
8.445803
8.379174
8.333488
8.314148
5.803164
5.824364
5.896282
6.016131
6.179758
6.381184
6.612662
6.864918
7.127737
7.390565
7.642973
7.875213
8.079049
8.24827
8.378915
8.469646
8.521731
8.538383
8.524314
8.485468
8.428395
8.359957
8.288054
8.223019
8.177628
8.159977
5.967971
5.982207
6.040598
6.140505
6.278364
6.449008
6.645796
6.860896
7.085842
7.31189
7.53039
7.733322
7.913837
8.066625
8.188095
8.276565
8.332324
8.3572
8.354062
8.326586
8.278675
8.214178
8.138052
8.060119
8.002756
7.99765
6.088279
6.097015
6.145239
6.230613
6.34998
6.498713
6.670964
6.859943
7.058263
7.25836
7.452827
7.634824
7.798495
7.939128
8.053308
8.139192
8.196443
8.225877
8.229079
8.207961
8.164044
8.097637
8.007269
7.893596
7.784984
7.789356
6.164385
6.168246
6.209545
6.285633
6.393565
6.528969
6.686391
6.859589
7.041779
7.22609
7.40591
7.575101
7.728347
7.861293
7.970674
8.054561
8.112248
8.143926
8.150431
8.132654
8.090573
8.022099
7.918504
7.752994
7.51824
6.860936
6.199349
6.19489
6.231646
6.303882
6.40743
6.537787
6.689647
6.856918
7.033033
7.211397
7.385668
7.549996
7.699225
7.829153
7.936657
8.019732
8.077489
8.109956
8.117812
8.101648
8.060984
7.994816
7.904337
7.748726
6.840826
0
