0.0000000 0.0000000
0.0000000 0.0000000
0.0000000 0.0000000
0.0000000 0.0000000
0.0000000 0.0000000
0.0000000 0.0000000
0.0000000 0.0000000
0.0000000 0.0000000
0.0000000 0.0000000
0.0000000 0.0000000
0.0000000 0.0000000
0.0000000 0.0000000
0.0000000 0.0000000
0.0000000 0.0000000
0.0000000 0.0000000
0.0000000 0.0000000
0.0000000 0.0000000
0.0000000 0.0000000
0.0000000 0.0000000
0.0000000 0.0000000
0.0000000 0.0000000
0.0000000 0.0000000
0.0000000 0.0000000
0.0000000 0.0000000
0.0000000 0.0000000
0.0000000 0.0000000
0.0000000 0.0000000
-1.1990286 0.6264852
-1.2938226 1.7070411
-0.8606030 2.6723170
-0.8554817 3.5685487
-0.9288364 4.4764690
-0.9894369 5.4247994
-1.0920949 6.4247599
-1.3315405 7.5372434
-1.9434544 8.8821354
-3.3980255 10.8884296
-7.8724389 13.5089483
9.9362249 16.3813992
9.7275381 -9.6242380
-7.6898780 -8.2985926
-3.0288506 -7.3613191
-1.5234940 -5.2831416
-0.9838383 -4.2316399
-0.7120211 -3.4767346
-0.5748573 -2.8630021
-0.5051864 -2.3242092
-0.4652383 -1.8247572
-0.4415036 -1.3577065
-0.4858519 -0.8787211
-0.5737972 -0.3423598
0.0000000 0.0000000
0.0000000 0.0000000
-2.4989436 0.7234823
-2.1641533 1.7579441
-1.7625376 2.5672171
-1.7997262 3.5312696
-1.8608876 4.4575801
-1.9405416 5.3848777
-2.0912662 6.3058386
-2.4286711 7.1943364
-3.2420282 7.9921021
-5.1389937 8.0782871
2.4618485 7.0910501
17.2517052 9.5058146
28.9829674 -7.8533111
10.3267918 -4.9688454
-4.1659389 -4.9821162
-2.4040427 -4.3322906
-1.6452394 -3.7466109
-1.2966578 -3.2294285
-1.1071310 -2.7274740
-1.0061756 -2.2444983
-0.9501234 -1.7728462
-0.9072325 -1.3077401
-0.9565732 -0.8678682
-1.1853479 -0.3668946
0.0000000 0.0000000
0.0000000 0.0000000
-3.6952779 0.7793574
-2.8830817 1.7147084
-2.7158196 2.5373447
-2.7382221 3.4882135
-2.7741594 4.4411554
-2.8398149 5.3608513
-2.9249799 6.2194290
-3.1018918 6.8778567
-3.5344276 7.0757236
-4.8584752 6.6657901
-5.2930269 -1.0139362
21.6737881 5.8632135
34.1042862 -4.2525430
-5.7585397 -0.8765187
-4.5092306 -3.5428789
-2.9271822 -3.6453359
-2.0291491 -3.3257949
-1.7195221 -3.0062020
-1.5598302 -2.6136525
-1.4653126 -2.1795928
-1.4088863 -1.7392303
-1.3699807 -1.2816615
-1.3832824 -0.8635465
-1.7335262 -0.3915635
0.0000000 0.0000000
0.0000000 0.0000000
-4.7213798 0.7941442
-3.6373703 1.6436925
-3.6410015 2.5092044
-3.6832588 3.4384735
-3.7403519 4.4336333
-3.7226226 5.4530387
-3.6816268 6.3612180
-3.5658123 7.0905910
-3.2892005 7.2890649
-2.9738011 5.9255810
4.0562849 -3.9097440
14.2533541 2.1622689
35.5973701 -7.8953819
0.8424027 -0.0109924
-2.7859087 -3.3307581
-2.9542482 -3.4974413
-2.2511144 -3.2194409
-2.0312161 -2.9238305
-1.9603326 -2.5629864
-1.9005008 -2.1456997
-1.8522329 -1.7175778
-1.8202069 -1.2719234
-1.8049237 -0.8576731
-2.2271726 -0.4021387
0.0000000 0.0000000
0.0000000 0.0000000
-5.5332570 0.7792560
-4.4602261 1.5429497
-4.5360708 2.4194620
-4.6529422 3.3597963
-4.7749662 4.4027767
-4.7888870 5.5714865
-4.5833449 6.8572960
-4.6288104 8.0155678
-2.8535781 8.1640129
-0.0895947 5.8916473
9.1280060 -2.4580903
14.7450581 1.5785657
39.5781021 0.6016672
2.8378165 -1.8997977
-1.5684075 -3.5211980
-3.0264730 -3.7715244
-2.5697181 -3.3816502
-2.3474400 -2.9875345
-2.3685381 -2.5794730
-2.3379786 -2.1432495
-2.2940886 -1.7039222
-2.2586849 -1.2624248
-2.2342589 -0.8430831
-2.6610699 -0.4024929
0.0000000 0.0000000
0.0000000 0.0000000
-6.1183052 0.7391837
-5.2955623 1.4135430
-5.4236617 2.2460680
-5.6583405 3.1890268
-5.9067879 4.2953973
-6.1639390 5.6812191
-6.4949555 7.4217396
-4.9734211 7.8172612
-0.9354725 6.6146436
2.8490534 4.6722407
11.5540257 -1.1413180
13.4506989 1.2192246
37.4363861 -3.8023939
4.0367675 -3.2222044
-0.4088338 -3.8596721
-3.0386369 -4.2515187
-3.1041055 -3.7662907
-2.7765677 -3.1567369
-2.8354046 -2.6485882
-2.8058877 -2.1583645
-2.7463963 -1.6885047
-2.6912775 -1.2404116
-2.6648450 -0.8157094
-3.0315239 -0.3930089
0.0000000 0.0000000
0.0000000 0.0000000
-6.4849758 0.6724706
-6.0515947 1.2460674
-6.2745514 1.9819251
-6.6791267 2.8538756
-7.1881809 3.9593456
-7.9492140 5.5079427
-7.7139812 6.7402153
-3.3075664 5.7534003
0.8088729 4.4355245
5.7467666 2.5691595
13.9778929 -1.7958740
15.6465578 -0.9489130
37.1347084 -2.5845730
5.9158368 -3.4147542
0.6330882 -4.3933835
-3.0506916 -4.8991222
-3.9557354 -4.3176227
-3.4016023 -3.3951042
-3.4133813 -2.7301469
-3.3212304 -2.1622102
-3.2138827 -1.6511250
-3.1209519 -1.1926398
-3.0831640 -0.7697391
-3.3361568 -0.3711503
0.0000000 0.0000000
0.0000000 0.0000000
-6.6602092 0.5722558
-6.6566644 1.0370518
-7.0130305 1.6349165
-7.6120272 2.3744245
-8.5655441 3.2873254
-9.3759441 4.3562293
-7.0411115 4.9224143
-2.0943506 3.2448285
2.9656971 1.8113036
7.6730733 0.4318198
14.9803495 -2.4906330
25.1191025 -4.3131332
37.6962395 -6.1296277
7.4658155 -3.4813490
1.7750651 -4.6936669
-2.7942603 -5.2703576
-5.0130277 -4.7121625
-4.3170757 -3.5564942
-4.1103382 -2.7559178
-3.8850961 -2.1055369
-3.6896915 -1.5607245
-3.5391784 -1.1019168
-3.4719162 -0.6966864
-3.5736852 -0.3345579
0.0000000 0.0000000
0.0000000 0.0000000
-6.7126126 0.4334551
-7.0761709 0.7521423
-7.5650301 1.1699842
-8.3362255 1.7121017
-9.7483044 2.2651918
-9.8977251 2.1525006
-5.2503872 2.5183575
-1.1643533 2.0725350
3.8594699 0.1261801
8.3009939 -1.1888266
14.7043676 -3.6274784
32.5407562 -5.6531768
28.0926266 -4.8342862
8.5472021 -3.1879210
2.7912345 -4.4283099
-2.6680810 -5.0988612
-6.0173926 -4.3706803
-5.5099740 -3.4276376
-4.8951230 -2.6059194
-4.4631968 -1.9210550
-4.1482253 -1.3815516
-3.9255466 -0.9517469
-3.8090839 -0.5895224
-3.7492626 -0.2807610
0.0000000 0.0000000
0.0000000 0.0000000
-6.6788621 0.2548449
-7.3017807 0.3881128
-7.8774786 0.5582196
-8.7493687 0.8098418
-10.3469124 0.9530706
-9.8692217 0.4867085
-4.6029420 0.4149908
0.0811965 -0.3183555
4.8969870 -0.7749031
10.0350113 -2.7971780
16.3832626 -5.0080266
35.9170189 -9.4027977
22.7932606 -4.1529751
10.5464191 -3.3105273
4.0067077 -3.8233390
-2.4965518 -4.3112206
-6.4931145 -3.2040560
-6.7974343 -2.7903535
-5.6277313 -2.1875341
-4.9997997 -1.5593616
-4.5563250 -1.0887640
-4.2536836 -0.7321748
-4.0748296 -0.4443662
-3.8706026 -0.2099950
0.0000000 0.0000000
0.0000000 0.0000000
-6.6362815 0.0622894
-7.3221140 -0.0357593
-7.9106617 -0.1340729
-8.8156157 -0.2466061
-10.4104462 -0.5627104
-9.6516685 -1.1865988
-4.0747733 -1.4114231
0.3997557 -1.5025945
6.2563696 -2.5163414
11.5686245 -3.5046799
20.0212708 -6.3603001
36.6327629 -8.3836555
13.1126928 -3.8695796
9.9993086 -3.5405257
3.9019849 -2.8615031
-2.1465414 -3.0055666
-6.9738898 -1.6783818
-7.7602034 -1.6536461
-6.2025781 -1.4266412
-5.4028649 -1.0062940
-4.8560395 -0.6870298
-4.4877176 -0.4513614
-4.2519889 -0.2679691
-3.9423096 -0.1215129
0.0000000 0.0000000
0.0000000 0.0000000
-6.4941711 -0.1372031
-7.1171389 -0.4465355
-7.6506209 -0.7993209
-8.4842730 -1.2232040
-9.8667154 -2.0032175
-9.2809610 -2.9673603
-4.2287068 -2.7206409
1.2336551 -2.2797813
6.7731743 -2.6151447
12.0174837 -3.3927963
21.2870045 -7.1181812
37.1783142 -12.0549555
13.9840431 -4.2309299
9.1963110 -3.0426354
3.0099628 -2.1083004
-2.2627397 -1.3197161
-7.6513305 -0.3821475
-8.1398773 -0.3329585
-6.4861302 -0.4653299
-5.6116424 -0.3301270
-5.0121164 -0.2151904
-4.6052055 -0.1319361
-4.3381853 -0.0704483
-3.9863086 -0.0244405
0.0000000 0.0000000
0.0000000 0.0000000
-6.1609282 -0.3144494
-6.7041345 -0.8013185
-7.1433554 -1.3601432
-7.7833166 -2.0810244
-9.0054598 -3.0850461
-8.7881918 -4.0654907
-4.1077561 -4.1240554
1.9952531 -3.3120377
7.3662591 -3.2153997
13.0823069 -3.8240271
32.6203575 -5.8285780
26.5515041 -3.6345558
11.1479111 -3.1342335
7.8460846 -1.5327305
2.3776338 -0.7610360
-3.0566211 0.1486822
-8.3805351 1.2163566
-7.8447924 0.8959617
-6.4747100 0.5396433
-5.6051440 0.3765661
-5.0051537 0.2765445
-4.5943146 0.1993969
-4.3211608 0.1344452
-3.9622312 0.0732623
0.0000000 0.0000000
0.0000000 0.0000000
-5.6726818 -0.4573557
-6.1243558 -1.0807654
-6.4422145 -1.7899450
-6.8738084 -2.6646948
-7.7317910 -3.8652346
-7.9391522 -5.4777536
-5.1983128 -5.5471511
1.5678976 -4.9402246
7.7785697 -4.8563056
16.4653034 -4.9202781
28.6763859 -8.2698059
32.8221855 -8.5671883
10.9511786 -1.1930859
7.1450977 -0.5226060
1.4281689 0.4723808
-3.6341350 1.8747059
-8.4607782 3.1331923
-7.2080789 1.9704214
-6.1396985 1.4068187
-5.3740611 1.0239174
-4.8299766 0.7386247
-4.4515676 0.5155721
-4.1938019 0.3311705
-3.8402944 0.1654327
0.0000000 0.0000000
0.0000000 0.0000000
-5.0730424 -0.5589265
-5.4305987 -1.2675263
-5.6177282 -2.0671923
-5.8455334 -3.0218561
-6.2093201 -4.2656217
-6.7131233 -5.9924245
-4.6487594 -7.1286106
0.5680774 -6.2906647
7.5269294 -5.5443168
17.4303055 -6.3995376
28.5137424 -3.6830928
21.8241653 -1.2504355
10.5532818 0.6220669
4.3320384 1.1511551
-0.4171406 1.9863008
-5.4455166 4.6799846
-7.9191332 4.3633232
-6.4652548 2.9008780
-5.5856843 2.1216338
-4.9601436 1.5635881
-4.5083122 1.1340468
-4.1888232 0.7912220
-3.9651787 0.5045403
-3.6279356 0.2456691
0.0000000 0.0000000
0.0000000 0.0000000
-4.4092579 -0.6180698
-4.6761870 -1.3630987
-4.7405252 -2.1907620
-4.7792039 -3.1656661
-4.8135514 -4.3615861
-4.8808894 -6.0437646
-3.9785507 -8.1956596
0.0954941 -8.8596067
7.6712332 -7.4981480
17.2573338 -6.3794017
25.9296284 -4.3594813
22.0849285 -1.2315490
10.8109350 3.5131288
3.4936745 3.9769335
-1.5126362 5.1600823
-6.9124098 7.1926284
-6.2581820 4.9038682
-5.4658570 3.5568910
-4.8667254 2.6342759
-4.4148331 1.9609311
-4.0763927 1.4379379
-3.8305910 1.0097030
-3.6513741 0.6439615
-3.3394639 0.3093708
0.0000000 0.0000000
0.0000000 0.0000000
-3.7259636 -0.6376017
-3.9135461 -1.3761748
-3.8774014 -2.1818309
-3.7763920 -3.0994647
-3.6094289 -4.1941872
-3.3694515 -5.5641098
-2.9305005 -7.3681912
-0.2760882 -9.5994501
5.8582039 -9.1946468
13.8928661 -5.7861385
19.8511543 -1.2274436
15.7992773 2.3898489
9.5969391 7.0626650
3.4506009 8.4898624
-1.6706851 9.7619190
-4.3789144 7.4763455
-4.3948331 5.2393942
-4.2446475 3.9037414
-4.0207086 2.9336815
-3.7803595 2.2124228
-3.5706317 1.6415122
-3.4050097 1.1636249
-3.2738435 0.7446934
-2.9928956 0.3547229
0.0000000 0.0000000
0.0000000 0.0000000
-3.0609577 -0.6228060
-3.1848598 -1.3183514
-3.0769947 -2.0564563
-2.8723106 -2.8590055
-2.5498798 -3.7587428
-2.0712075 -4.7301397
-1.0907643 -5.9538112
0.7269688 -7.0273032
4.4917135 -7.5129051
8.9555750 -4.7985878
11.9921055 0.5938641
11.1536293 4.9189157
6.8505745 9.1974812
1.8673285 10.3274174
-1.0427746 8.6632223
-2.2108991 6.6560106
-2.8473980 5.0958047
-3.1002586 3.9427085
-3.1550043 3.0481162
-3.1110072 2.3345611
-3.0271204 1.7534474
-2.9393191 1.2557801
-2.8545010 0.8078934
-2.6071141 0.3827415
0.0000000 0.0000000
0.0000000 0.0000000
-2.4417722 -0.5817439
-2.5179405 -1.2106076
-2.3662376 -1.8549681
-2.0987861 -2.5209181
-1.6792686 -3.1991191
-1.0540613 -3.8943653
0.0227238 -4.4855199
1.6609631 -4.8470111
3.5085399 -4.4506216
5.9229369 -3.0405414
7.4878511 1.0651354
6.7221437 3.6357048
4.6221018 5.8760467
2.1753275 6.7149525
0.1494335 6.3981547
-1.1038935 5.5470376
-1.8037032 4.6055546
-2.1901324 3.7431548
-2.3888760 2.9956565
-2.4693072 2.3503938
-2.4808929 1.7920195
-2.4584160 1.2967838
-2.4129465 0.8393298
-2.1991081 0.3964849
0.0000000 0.0000000
0.0000000 0.0000000
-1.8849232 -0.5246764
-1.9281998 -1.0766367
-1.7607313 -1.6214496
-1.4762616 -2.1527424
-1.0401284 -2.6478009
-0.4058871 -3.0829666
0.4826696 -3.3423572
1.6459519 -3.3426874
2.8843887 -2.7028341
4.0547819 -1.4232771
4.7391248 0.7618788
4.3754864 2.3962455
3.3044991 3.8644741
1.9073452 4.6957197
0.5536563 4.8424754
-0.4772253 4.5320110
-1.1275892 4.0089693
-1.5211294 3.4201903
-1.7620828 2.8370435
-1.8981255 2.2867653
-1.9632597 1.7756922
-1.9828415 1.3010051
-1.9649901 0.8483781
-1.7837296 0.4000856
0.0000000 0.0000000
0.0000000 0.0000000
-1.3968289 -0.4624853
-1.4191375 -0.9397794
-1.2603627 -1.3941102
-0.9972617 -1.8103753
-0.6058430 -2.1625657
-0.0713440 -2.4089637
0.5940639 -2.4803801
1.3687050 -2.2964034
2.1330225 -1.7081918
2.7960849 -0.6874099
3.1438463 0.6719427
2.9481430 1.8228315
2.3217511 2.8451927
1.4740161 3.5264239
0.5958662 3.8017378
-0.1542473 3.7424271
-0.6920498 3.4687381
-1.0370502 3.0800793
-1.2638172 2.6384375
-1.4079216 2.1814208
-1.4904127 1.7276660
-1.5278219 1.2836052
-1.5223703 0.8460597
-1.3661391 0.4033835
0.0000000 0.0000000
0.0000000 0.0000000
-0.9750543 -0.4048599
-0.9840241 -0.8185236
-0.8509127 -1.1991777
-0.6360225 -1.5271766
-0.3258542 -1.7737197
0.0667104 -1.9018201
0.5251850 -1.8672961
1.0222561 -1.6179790
1.4865887 -1.1013184
1.8635024 -0.3029868
2.0442615 0.6309009
1.9277753 1.4924664
1.5583827 2.2606013
1.0412812 2.8194616
0.4836334 3.1180823
-0.0232181 3.1729772
-0.4170730 3.0411587
-0.6836162 2.7849944
-0.8660685 2.4493628
-0.9889945 2.0695906
-1.0646465 1.6682963
-1.1019948 1.2585630
-1.0952517 0.8431322
-0.9540778 0.4063553
0.0000000 0.0000000
0.0000000 0.0000000
-0.6099787 -0.3592697
-0.6089321 -0.7245495
-0.5116638 -1.0498086
-0.3604945 -1.3128161
-0.1510965 -1.4819258
0.0984484 -1.5362397
0.3801206 -1.4489768
0.6713086 -1.1864560
0.9304194 -0.7380674
1.1324835 -0.0987758
1.2198738 0.6058801
1.1485779 1.2913176
0.9373613 1.9073915
0.6383781 2.3788974
0.3094996 2.6653476
0.0017639 2.7643220
-0.2450164 2.7099817
-0.4180610 2.5443501
-0.5399891 2.2897670
-0.6235378 1.9729501
-0.6768388 1.6163868
-0.7030537 1.2394099
-0.6835304 0.8609144
-0.4999643 0.5075049
0.0000000 0.0000000
0.0000000 0.0000000
-0.2841828 -0.3289095
-0.2678198 -0.6405103
-0.2165339 -0.9015627
-0.1425827 -1.0857213
-0.0434939 -1.1703130
0.0743609 -1.1818647
0.2034602 -1.0840793
0.3314964 -0.8471026
0.4400682 -0.4762742
0.5185888 0.0118201
0.5464549 0.5458110
0.5047997 1.0863701
0.4020123 1.5742176
0.2624044 1.9507344
0.1123108 2.1829226
-0.0261112 2.2655294
-0.1344169 2.2635872
-0.2136906 2.1942348
-0.2674331 2.0393536
-0.3011326 1.8092908
-0.3200179 1.5201068
-0.3239926 1.1937072
-0.2760014 0.8864338
-0.0859514 0.6717631
0.0000000 0.0000000
0.0000000 0.0000000
0.0000000 0.0000000
0.0000000 0.0000000
0.0000000 0.0000000
0.0000000 0.0000000
0.0000000 0.0000000
0.0000000 0.0000000
0.0000000 0.0000000
0.0000000 0.0000000
0.0000000 0.0000000
0.0000000 0.0000000
0.0000000 0.0000000
0.0000000 0.0000000
0.0000000 0.0000000
0.0000000 0.0000000
0.0000000 0.0000000
0.0000000 0.0000000
0.0000000 0.0000000
0.0000000 0.0000000
0.0000000 0.0000000
0.0000000 0.0000000
0.0000000 0.0000000
0.0000000 0.0000000
0.0000000 0.0000000
0.0000000 0.0000000
0.0000000 0.0000000
0.0000000 0.0000000
-0.0830482 0.0781403
0.0000000 0.0000000
-0.4619463 0.0849767
-0.4334096 0.6271057
-0.4888091 1.3453507
0.0000000 0.0000000
-1.3354958 1.1747806
-0.4204410 2.1573527
-0.3676837 2.8409936
0.0000000 0.0000000
-1.0186242 2.2508481
-0.3185697 3.3949833
-0.3124754 3.9325264
0.0000000 0.0000000
-0.8431357 3.1453466
-0.3191778 4.4584546
-0.3296565 4.9873033
0.0000000 0.0000000
-0.8946388 4.0342064
-0.3363811 5.5594010
-0.3485518 6.1285558
0.0000000 0.0000000
-0.9545886 4.9581995
-0.3573591 6.7430325
-0.3839131 7.3449588
0.0000000 0.0000000
-1.0205439 5.9172955
-0.4004885 8.0433168
-0.4626093 8.7121706
0.0000000 0.0000000
-1.1567755 6.9424691
-0.5062023 9.6111717
-0.6521558 10.4280128
0.0000000 0.0000000
-1.4886357 8.1315660
-0.7973025 11.8135014
-1.0961429 13.0551872
0.0000000 0.0000000
-2.3369586 9.9109373
-1.6101855 15.2853155
-1.7972488 18.0282803
0.0000000 0.0000000
-4.4620953 14.1551752
-1.5144283 20.9471073
-2.4070470 24.0522938
0.0000000 0.0000000
3.1278253 12.6618576
4.7344446 18.3002949
11.0100107 5.4884596
0.0000000 0.0000000
11.5568829 10.4608526
10.5392847 -7.7645640
-1.5935415 -10.5089903
0.0000000 0.0000000
6.8462214 -3.0562456
0.8529329 -12.9401522
0.4629531 -12.7629185
0.0000000 0.0000000
-9.4151525 -8.8118582
0.0190487 -9.0425577
-0.4067634 -7.3435583
0.0000000 0.0000000
-2.0348063 -6.1249480
-0.5242251 -6.6983643
-0.4120239 -5.7844338
0.0000000 0.0000000
-1.2073158 -4.7042904
-0.3494040 -5.2041788
-0.2940783 -4.6611223
0.0000000 0.0000000
-0.8277867 -3.8494215
-0.2546675 -4.2015643
-0.2320721 -3.7940445
0.0000000 0.0000000
-0.6326463 -3.1777864
-0.2125024 -3.4215605
-0.2013564 -3.0775774
0.0000000 0.0000000
-0.5345943 -2.6016634
-0.1905126 -2.7521589
-0.1845995 -2.4417470
0.0000000 0.0000000
-0.4830197 -2.0795770
-0.1775287 -2.1448081
-0.1720007 -1.8527626
0.0000000 0.0000000
-0.4509369 -1.5913949
-0.1676538 -1.5770791
-0.1668878 -1.2956190
0.0000000 0.0000000
-0.4519693 -1.1285390
-0.1804353 -1.0087930
-0.1876692 -0.6978223
0.0000000 0.0000000
-0.5379236 -0.6188455
-0.1958146 -0.3778159
-0.1470368 -0.0658025
0.0000000 0.0000000
-0.2970810 -0.0848332
0.0000000 0.0000000
0.0000000 0.0000000
-0.6718692 0.1698639
-1.1251833 0.2034612
-1.8161535 0.6804916
-1.9392813 1.3100442
-2.4343622 1.2943920
-1.6521674 1.8673146
-1.4041467 2.2996743
-1.8927726 2.1216776
-1.2934060 2.6950629
-1.2820268 3.1951456
-1.7841676 3.0490434
-1.3239049 3.6557984
-1.3523546 4.1336098
-1.8364135 3.9857631
-1.3790519 4.6068950
-1.4147015 5.0769572
-1.8957746 4.9021616
-1.4505153 5.5720229
-1.5270373 6.0324278
-1.9922426 5.8100123
-1.6007204 6.5815592
-1.7751788 7.0211759
-2.1971111 6.6700187
-1.9514040 7.6806512
-2.3722403 8.0768394
-2.7058940 7.3638740
-2.8044960 9.0107269
-3.9471002 9.2264423
-3.9985869 7.4954786
-5.3912826 10.6362505
-8.5195627 11.7319803
-9.0760860 7.8997326
-1.0459174 8.3379889
7.4804564 11.0163660
12.5006094 11.1336794
12.4302759 8.7761812
19.5638237 4.8377876
20.9601326 6.1626468
26.8828087 -2.7744997
10.9413881 -5.4374852
20.3924065 -3.5565555
4.8423862 -7.2359495
-8.1405373 -7.1556334
-7.2983356 -6.4094658
-2.8476694 -5.7851019
-2.2999814 -5.5981331
-3.2652280 -5.1521835
-1.8096142 -4.8848686
-1.4999088 -4.4019165
-1.9773082 -4.1577883
-1.2851515 -4.0366755
-1.1207470 -3.6974378
-1.4467024 -3.5403507
-0.9947638 -3.3743255
-0.9148622 -3.1032231
-1.1888139 -3.0100541
-0.8436388 -2.8104117
-0.8030481 -2.5625463
-1.0487547 -2.5036275
-0.7639289 -2.2966139
-0.7404281 -2.0584006
-0.9740370 -2.0180728
-0.7166393 -1.8090134
-0.6976466 -1.5753936
-0.9270548 -1.5416843
-0.6792616 -1.3421977
-0.6783245 -1.1045359
-0.9094973 -1.0828834
-0.7231317 -0.8704057
-0.8057296 -0.6147742
-1.0636805 -0.6227497
-0.8746260 -0.3449711
-0.4650044 -0.1026237
-0.6632832 -0.1178195
0.0000000 0.0000000
0.0000000 0.0000000
-1.5184730 0.2476431
-2.0256472 0.2863217
-3.0771208 0.7561981
-2.9135633 1.3198773
-3.2989147 1.3130074
-2.5023088 1.7546225
-2.2561483 2.1098762
-2.7456851 2.0665925
-2.2177110 2.5403774
-2.2339263 3.0550113
-2.7373290 3.0025983
-2.2691309 3.5071530
-2.2793658 3.9856813
-2.7788281 3.9364154
-2.3151684 4.4431906
-2.3375628 4.9113750
-2.8281944 4.8646173
-2.3820112 5.3741999
-2.4415526 5.8025818
-2.8871396 5.7445693
-2.4979537 6.2732782
-2.6398716 6.6037440
-2.9908750 6.4965544
-2.7511034 7.0728641
-3.0669827 7.1998038
-3.1894038 6.9815006
-3.3059814 7.5381165
-3.8291695 7.4195037
-3.7577586 7.0681434
-3.7133553 7.6516643
-8.3143730 6.9811358
-6.3303852 6.8780646
-9.1078291 6.3403449
6.7058597 6.6719747
12.0033588 1.4404368
18.8141136 9.3720455
23.0218334 6.9491386
28.6980972 2.6552584
34.6235275 -3.4199545
26.9713650 -2.3419807
34.8566170 2.7201447
-9.7454290 -0.2577351
-6.1649904 -4.9447279
-5.4287305 -2.7726812
-4.3483529 -4.1286206
-3.5863333 -4.3731198
-3.7507253 -3.7855089
-2.6056592 -3.8848789
-2.2131898 -3.7998931
-2.4242313 -3.5797634
-1.8334452 -3.5065260
-1.6647412 -3.3551192
-1.8324143 -3.2321663
-1.5183762 -3.1030653
-1.4327797 -2.9203432
-1.6275222 -2.8526807
-1.3445830 -2.6621287
-1.2954359 -2.4581087
-1.5054125 -2.4183168
-1.2452936 -2.2085533
-1.2152250 -1.9928381
-1.4313954 -1.9676114
-1.1872810 -1.7540359
-1.1662700 -1.5292233
-1.3868020 -1.5122987
-1.1460277 -1.2946137
-1.1387635 -1.0679469
-1.3600401 -1.0560615
-1.1709397 -0.8627094
-1.2810405 -0.6276656
-1.5082972 -0.6294384
-1.4487153 -0.3802014
-0.8757836 -0.1326937
-1.1046479 -0.1424393
0.0000000 0.0000000
0.0000000 0.0000000
-2.5149534 0.3169205
-3.0728405 0.3379851
-4.1918759 0.7904350
-3.6781216 1.3012022
-4.0194240 1.2755575
-3.2540030 1.6801242
-3.1530452 2.0633223
-3.6284084 2.0421557
-3.1626790 2.5154366
-3.1738715 3.0034544
-3.6715562 2.9543390
-3.2108610 3.4432502
-3.2002115 3.9594717
-3.7490995 3.9051073
-3.2602663 4.4045229
-3.2507932 4.9101896
-3.8011129 4.8834109
-3.2906272 5.3486829
-3.2626815 5.8342872
-3.7933397 5.8326211
-3.2952764 6.2174482
-3.2676518 6.6040244
-3.7001162 6.6273694
-3.2378199 6.8893795
-3.3409841 6.9687376
-3.4318044 7.0386724
-3.3661628 7.0966835
-3.8445930 6.6657677
-3.3379853 6.4096932
-4.4947271 6.1803360
-6.1819663 5.9910092
-4.6334801 4.7746611
0.4751680 -4.9303055
9.4121714 0.0481393
7.3360953 -0.0973133
16.2381458 3.9372830
18.2222252 5.4384847
23.8614101 0.6081967
38.1091042 -7.5900068
37.2738380 0.8625518
23.4561481 4.1430101
-4.9926972 -0.2059893
-4.0239444 -1.4792258
-1.5746912 -0.4597816
-3.9804654 -3.3222589
-3.6819751 -3.2990000
-3.0043895 -3.2031946
-3.0488164 -3.4706521
-2.6494832 -3.3893087
-2.5953839 -3.3441899
-2.1915121 -3.2064435
-2.0199156 -3.1255891
-2.0723026 -3.0760567
-1.9059812 -2.9365044
-1.8475906 -2.7993059
-1.9852970 -2.7617114
-1.7807688 -2.5769117
-1.7396125 -2.3913186
-1.9230852 -2.3660746
-1.6980802 -2.1576860
-1.6668950 -1.9504085
-1.8711803 -1.9291620
-1.6405004 -1.7271914
-1.6177804 -1.5021310
-1.8310742 -1.4867405
-1.6024303 -1.2768762
-1.5867244 -1.0491616
-1.8039662 -1.0384547
-1.5962669 -0.8609856
-1.7054797 -0.6287925
-1.9186037 -0.6235343
-1.9691780 -0.3987875
-1.3499030 -0.1490759
-1.5964990 -0.1533231
0.0000000 0.0000000
0.0000000 0.0000000
-3.6034231 0.3503461
-4.1726971 0.3536817
-5.1133318 0.7902884
-4.3580256 1.2405591
-4.6963620 1.1922212
-4.0452123 1.5928502
-4.0498004 2.0240717
-4.5032620 1.9803088
-4.0807610 2.4624596
-4.1049938 2.9334047
-4.6040263 2.8727763
-4.1653647 3.3835332
-4.1865864 3.9212954
-4.7546711 3.8568892
-4.2636566 4.3771601
-4.1941066 4.9902987
-4.8855453 4.9295044
-4.2789197 5.4251871
-4.1434879 6.0421643
-4.8843660 6.0738130
-4.1639113 6.4270878
-3.9130516 7.0732775
-4.7025628 7.4339919
-3.7500863 7.4667392
-3.5571194 7.7707229
-3.8656924 8.4629974
-2.9066067 7.8540730
-1.9769375 7.3050838
-1.4535382 7.1938391
-0.5826167 5.6869960
-0.2966105 5.3700194
0.2917207 5.7943487
7.3527622 -3.0659909
9.7978125 0.6593482
11.4618559 1.9510924
14.2327662 1.5633724
20.9122276 2.4039688
25.7511711 -0.7290384
38.2869377 -0.2428909
37.2705612 0.8043063
26.5745029 -1.7513591
-0.1405007 -3.4633694
-0.8222701 -1.1813881
0.2302662 -1.7453396
-2.4643805 -3.1470823
-3.0935931 -3.4088004
-2.5217669 -3.2790673
-3.0954552 -3.5358329
-2.9034400 -3.4556184
-2.9125021 -3.5007746
-2.4751582 -3.2615318
-2.3082130 -3.1236689
-2.3925385 -3.1589005
-2.2332180 -2.9347916
-2.2112653 -2.7713130
-2.3505840 -2.7765269
-2.1908164 -2.5619137
-2.1619258 -2.3657281
-2.3460987 -2.3541429
-2.1374595 -2.1417933
-2.1067536 -1.9212072
-2.3114643 -1.9017764
-2.0855205 -1.7116377
-2.0579913 -1.4758013
-2.2701299 -1.4565458
-2.0464048 -1.2684424
-2.0258620 -1.0313859
-2.2406876 -1.0163382
-2.0220332 -0.8527663
-2.1097081 -0.6159935
-2.3182030 -0.6047956
-2.4327791 -0.4039781
-1.8540022 -0.1560281
-2.1079688 -0.1573117
0.0000000 0.0000000
0.0000000 0.0000000
-4.7013669 0.3493713
-5.2443490 0.3376541
-5.8153195 0.7620769
-5.0255823 1.1349881
-5.3732867 1.0639707
-4.8758245 1.4783970
-4.9104562 1.9300196
-5.3428569 1.8453217
-4.9768534 2.3351376
-5.0423231 2.8196764
-5.5439134 2.7195952
-5.1542020 3.2690024
-5.2247291 3.8344347
-5.8105054 3.7336404
-5.3449187 4.3267055
-5.3489466 5.0104089
-6.1113882 4.9419856
-5.4864225 5.5260029
-5.2574320 6.4700289
-6.4650211 6.5513473
-5.4832840 7.1113715
-5.4664545 7.9839063
-5.9097066 8.1329699
-4.6502185 8.5358620
-3.4285598 8.2845106
-2.8568177 7.4087672
-1.5731040 7.5028372
0.3710934 6.4540358
0.7172658 5.5201969
2.1081586 5.2796264
2.0807590 4.9644723
3.1029327 3.8722012
10.6503429 -1.2703665
11.2323513 1.9424742
11.8628063 1.4088800
12.7976217 1.1467931
26.2320843 -1.2218575
34.9075584 -3.8009109
39.5493011 -4.7196302
30.3021145 -1.6338490
20.2972832 -0.4582217
4.3786645 -2.8578067
1.8067020 -2.0551233
1.7127501 -2.9590926
-1.0408087 -3.7787061
-2.3393266 -3.6344399
-2.0680654 -4.0060225
-3.1212740 -3.9576771
-3.1881669 -3.7812195
-3.3048139 -4.0463881
-2.8857048 -3.5414796
-2.7076805 -3.3091118
-2.9126625 -3.4227874
-2.6070244 -3.0632899
-2.6072710 -2.8368745
-2.7909777 -2.8712246
-2.6296964 -2.6092391
-2.6037228 -2.3723540
-2.8142424 -2.3661480
-2.5910275 -2.1522856
-2.5542498 -1.8959985
-2.7721097 -1.8721100
-2.5330141 -1.6996232
-2.4963536 -1.4414436
-2.7122161 -1.4145025
-2.4822810 -1.2540805
-2.4565880 -1.0039134
-2.6697156 -0.9813133
-2.4517870 -0.8328413
-2.5086267 -0.5920585
-2.7142045 -0.5755081
-2.8353651 -0.3993571
-2.3672712 -0.1579392
-2.6215146 -0.1571535
0.0000000 0.0000000
0.0000000 0.0000000
-5.7351670 0.3197446
-6.2215137 0.2963755
-6.2959418 0.7090152
-5.7006531 0.9812356
-6.0399055 0.8853015
-5.6768513 1.3314083
-5.7241783 1.7421651
-6.1241097 1.6029266
-5.8541341 2.1190598
-5.9743090 2.6045382
-6.4627070 2.4243033
-6.1714840 3.0286431
-6.3092418 3.6208465
-6.9062772 3.4226882
-6.5542536 4.1227126
-6.7196922 4.9313092
-7.5774255 4.7894402
-7.0722265 5.6062541
-7.1972241 6.7141638
-8.1000700 6.4687614
-6.9849405 7.3821602
-6.2454896 7.4027448
-5.6333671 6.7210350
-4.0509429 7.1685753
-1.6612513 6.3276062
-1.2437276 5.1689181
0.3056564 5.5031886
2.3055634 4.5841722
3.2618935 3.5401940
4.5472379 3.5960484
4.8756890 2.8684671
6.1140699 1.7595721
13.2295437 -1.4291276
13.0543232 0.2445662
14.1260786 -1.0293931
14.0453424 0.5557911
32.7036552 -4.4895964
36.3869781 -4.2412748
35.9517899 -2.5973439
29.6636677 -3.3005033
24.2732639 -4.6990376
4.9888139 -3.2272229
2.4577894 -3.0042796
3.7273314 -2.9509981
0.0715361 -3.9563189
-1.7815642 -4.3091936
-1.3448958 -4.5109329
-3.0863645 -4.5652952
-3.6254618 -4.3934522
-3.8204026 -4.6771436
-3.5619378 -4.0274858
-3.3490872 -3.6455669
-3.7557931 -3.8359036
-3.1217434 -3.2755294
-3.1039338 -2.9610534
-3.3678095 -3.0058837
-3.1477747 -2.6950583
-3.1025960 -2.3839107
-3.3609965 -2.3621047
-3.0831416 -2.1684229
-3.0249896 -1.8564781
-3.2643652 -1.8169395
-2.9923730 -1.6764613
-2.9397092 -1.3891768
-3.1608114 -1.3485771
-2.9132404 -1.2209848
-2.8784096 -0.9597162
-3.0881841 -0.9265345
-2.8761945 -0.7969173
-2.9026589 -0.5577307
-3.1045122 -0.5349804
-3.1735430 -0.3840358
-2.8753798 -0.1555443
-3.1228971 -0.1522345
0.0000000 0.0000000
0.0000000 0.0000000
-6.6441264 0.2669560
-7.0475941 0.2333324
-6.5689368 0.6257175
-6.3488598 0.7773933
-6.6495385 0.6648560
-6.3658199 1.1448262
-6.4690146 1.4380804
-6.8066454 1.2500215
-6.6626668 1.8142475
-6.8665485 2.2109652
-7.2916889 1.9433607
-7.1617708 2.6253111
-7.4053216 3.1878238
-7.9916644 2.8524215
-7.8883643 3.6551726
-8.3454628 4.5733685
-9.1192341 4.2276173
-8.7456436 5.0644512
-8.7193413 5.9198232
-8.8601913 5.1934433
-7.3537807 6.1397138
-4.8879328 5.2530103
-3.9528568 3.9332657
-2.5396440 4.5209908
-0.6769719 4.0612745
0.6299804 2.6626587
1.7687377 3.0675640
4.2344999 2.1692104
5.0765386 1.0844522
6.6920142 1.3900460
7.2556114 0.7308614
8.4202442 -0.1329750
14.7770281 -2.2862608
15.1675510 -1.5248015
16.2214012 -1.6086826
20.4559574 -2.5004792
35.5755882 -8.3691339
37.5621033 -7.3366570
35.1169167 -5.0429263
21.5760231 -3.7216017
18.4893837 -3.9734073
7.3029423 -3.1110682
4.4447727 -3.4579110
5.1257639 -3.5721233
1.4796087 -4.4619207
-0.9915911 -4.7690477
-0.6362597 -4.8868613
-2.9659877 -5.0677352
-4.0951200 -5.0186744
-4.2090411 -5.1801534
-4.5231414 -4.5586939
-4.3520312 -4.0639119
-4.9454217 -4.2296743
-3.8869016 -3.4962978
-3.7664056 -3.0714948
-4.1350603 -3.0651050
-3.7867422 -2.7627187
-3.6825423 -2.3469963
-3.9927530 -2.2828844
-3.6217160 -2.1506951
-3.5253513 -1.7751613
-3.7838838 -1.7053326
-3.4630935 -1.6162478
-3.3849826 -1.3046113
-3.6085920 -1.2418733
-3.3364873 -1.1539507
-3.2867553 -0.8911611
-3.4886856 -0.8431479
-3.2793357 -0.7381498
-3.2863803 -0.5104502
-3.4795425 -0.4803870
-3.4459498 -0.3550208
-3.3633018 -0.1481553
-3.5944428 -0.1417455
0.0000000 0.0000000
0.0000000 0.0000000
-7.3699164 0.1958658
-7.6634703 0.1531883
-6.6842294 0.5069248
-6.9081283 0.5403962
-7.1312504 0.4103614
-6.8849092 0.9025248
-7.0900726 1.0295579
-7.3324604 0.7978522
-7.3233809 1.4171616
-7.6389127 1.6159736
-7.9373631 1.2625096
-8.0231905 2.0628846
-8.4688969 2.4369252
-8.9363155 1.9446696
-9.2105484 2.8208387
-9.7433958 3.7275183
-10.2112751 3.0053720
-9.6656904 3.3697112
-8.8973866 4.0948591
-8.4792271 3.0357087
-6.0988522 3.8187351
-3.4034052 2.5755363
-2.8708708 1.7875544
-1.8336312 2.3711808
1.1896490 1.4930847
2.1137280 0.3279133
3.3610048 0.6563698
5.6674476 0.1554648
6.4408064 -0.4010996
8.0341110 -0.4190391
9.3943319 -1.1394945
11.0109653 -2.0524387
14.9679594 -2.5369794
16.9695282 -2.5994620
18.6888466 -4.0793362
30.9681873 -6.5274429
38.6741447 -7.3211098
34.2442780 -4.9835749
30.2551575 -4.1572843
19.6762028 -5.3546333
13.4357443 -3.9767811
8.4632349 -3.6105280
5.7505555 -3.6692021
6.1115394 -3.9157102
2.8513138 -4.5499907
-0.1187928 -4.7786765
-0.1191986 -4.7935176
-2.5528471 -5.2694168
-4.4265628 -5.2061863
-4.6765037 -4.9965796
-5.5554271 -4.6530638
-5.6576500 -4.3604245
-6.3591838 -4.3643775
-4.9442053 -3.5538096
-4.6130657 -3.0470927
-5.0944076 -2.9133420
-4.5258603 -2.7215173
-4.3323994 -2.1973214
-4.6809053 -2.0587320
-4.1890388 -2.0373535
-4.0420961 -1.6198510
-4.3035049 -1.5043489
-3.9299469 -1.4845610
-3.8191049 -1.1692646
-4.0318832 -1.0768609
-3.7397120 -1.0351719
-3.6698401 -0.7891924
-3.8547060 -0.7228284
-3.6426849 -0.6485257
-3.6468067 -0.4470492
-3.8228884 -0.4082713
-3.6539476 -0.3100338
-3.8122373 -0.1341607
-4.0161767 -0.1240663
0.0000000 0.0000000
0.0000000 0.0000000
-7.8656707 0.1063858
-8.0141163 0.0587092
-6.7068381 0.3494652
-7.2969584 0.2679861
-7.4069948 0.1290841
-7.2141390 0.5756219
-7.5158777 0.5404568
-7.6290169 0.2818464
-7.7638750 0.8790502
-8.1685982 0.8563794
-8.2951670 0.4577472
-8.6156902 1.2876123
-9.2930565 1.3473693
-9.4822922 0.7518418
-10.1408949 1.6437573
-10.5280008 2.1387720
-10.6671381 1.2889501
-9.8329544 1.2851565
-8.0492535 1.9668181
-7.7417088 0.9992127
-4.8102331 1.3991266
-2.5435028 1.2118773
-2.2177172 0.1801155
-0.6818181 1.4978268
2.6241267 0.0961256
2.8628955 -0.6847295
4.2360311 -0.1964195
7.1114478 -1.0776659
7.8630223 -1.9396403
9.0270567 -2.0164733
12.1398697 -2.7250650
12.9896765 -3.5820439
15.6021624 -4.2341428
23.5967636 -6.0819654
24.3919163 -6.5455885
34.6059647 -9.3983326
37.0465431 -11.4060860
35.2489700 -9.8852978
30.8926239 -9.6917868
10.7412300 -2.2870538
11.5705986 -2.3641398
9.7603931 -2.8488977
6.7006578 -3.7091036
7.3445072 -3.3577216
3.7340522 -3.9689810
0.7090006 -4.2764983
0.5128074 -3.6570523
-2.3156855 -4.7062707
-4.6622529 -4.5302835
-4.8502879 -4.0810032
-6.1644411 -3.8419163
-7.0261536 -4.1718478
-7.6883531 -3.7363942
-6.1902008 -3.2064669
-5.5784492 -2.7196412
-6.0848637 -2.4357076
-5.2882094 -2.4485242
-4.9894028 -1.8765192
-5.3216228 -1.6532842
-4.7437062 -1.7665586
-4.5368538 -1.3604417
-4.7786160 -1.1888270
-4.3606420 -1.2501615
-4.2157335 -0.9678531
-4.4024715 -0.8407847
-4.0964508 -0.8508979
-4.0075788 -0.6471757
-4.1632075 -0.5606055
-3.9455035 -0.5225184
-3.9642756 -0.3642380
-4.1112838 -0.3165503
-3.8031271 -0.2477219
-4.1982627 -0.1112379
-4.3648486 -0.0974371
0.0000000 0.0000000
0.0000000 0.0000000
-8.0867052 0.0024891
-8.0747585 -0.0422205
-6.6820340 0.1564371
-7.4574800 -0.0106515
-7.4233088 -0.1503249
-7.3525157 0.1803842
-7.6896448 0.0105709
-7.6511812 -0.2465137
-7.9482870 0.2116152
-8.3756151 0.0343986
-8.3285646 -0.3671831
-8.8612738 0.2786688
-9.6065607 0.1239000
-9.5609131 -0.4702477
-10.4897928 0.2411509
-10.6966114 0.3687214
-10.5535841 -0.5840942
-9.7354355 -0.2526547
-7.4636240 0.0360540
-7.3145838 -0.8700475
-4.3074336 -0.5175630
-1.9203335 -0.7004212
-2.0867574 -1.5683984
0.9901580 -0.9941945
3.6715255 -1.5795617
4.1463647 -2.4919038
5.4725194 -1.7828137
8.2938900 -2.6953349
8.6779766 -3.1244106
10.9619532 -3.1992545
14.2088852 -4.0412378
15.6776495 -3.8081992
18.2131119 -6.1945424
29.1517887 -7.8289399
33.2543068 -8.5685949
35.3940849 -7.8854203
32.9279175 -6.7112961
26.4267826 -3.6903710
18.5166607 -3.8044238
11.8824263 -3.3665051
11.2546301 -4.0974221
10.6908960 -3.5625236
7.1688962 -3.4496918
6.6405845 -3.2658589
3.9688454 -3.2019708
1.2153326 -3.2595105
0.8940383 -2.6093991
-2.1326249 -3.7258210
-4.7792149 -3.4399831
-4.8891115 -2.7962472
-6.5399466 -2.4510164
-8.0954466 -3.0709827
-8.4124813 -2.2921271
-7.3330188 -2.3177559
-6.4697556 -2.0342288
-6.8701258 -1.5586039
-5.9450521 -1.8602321
-5.5602055 -1.3611033
-5.8057957 -1.0499424
-5.2134695 -1.3038191
-4.9505353 -0.9792639
-5.1305790 -0.7543300
-4.7147541 -0.9006346
-4.5361385 -0.6917328
-4.6724563 -0.5330226
-4.3778534 -0.5995867
-4.2744122 -0.4621726
-4.3823805 -0.3573572
-4.1692944 -0.3606269
-4.2155266 -0.2640708
-4.3137803 -0.2058215
-3.9057777 -0.1688763
-4.4979200 -0.0789544
-4.6113210 -0.0631777
0.0000000 0.0000000
0.0000000 0.0000000
-8.0157461 -0.0809481
-7.8779764 -0.1147221
-6.6233087 -0.0403703
-7.3587508 -0.2995811
-7.2161369 -0.4323212
-7.2644410 -0.2447530
-7.5866542 -0.5159091
-7.4147968 -0.7544138
-7.8343267 -0.4731979
-8.2567139 -0.7887379
-8.0316076 -1.1593951
-8.7292976 -0.7394060
-9.4739923 -1.1023746
-9.1625051 -1.6703726
-10.2422113 -1.2855531
-10.3778200 -1.5395784
-10.0105438 -2.3266745
-9.5140276 -2.0711293
-7.0965590 -1.6860793
-7.1879663 -2.7119789
-3.7253444 -1.9531980
-0.9501617 -1.9567522
-1.6706372 -2.1322331
1.8099128 -2.5298541
4.4044852 -2.9113064
4.1269693 -2.8706152
6.6131940 -2.6496983
8.8765554 -3.3898115
9.0830326 -3.6021962
11.5931253 -3.3994009
16.1206379 -3.7824268
17.3445702 -4.3642664
24.1126690 -7.5342498
29.9754715 -9.7106590
34.7420692 -10.1175699
34.9946251 -11.1837502
29.1874466 -9.9612417
25.0198860 -6.4257107
14.0959835 -4.8606768
10.8969135 -3.7580295
11.7853346 -3.4193745
9.4773712 -3.1919982
6.3118157 -2.9119229
6.1018820 -2.2561076
3.4491336 -2.3999827
0.7874742 -2.1857395
0.5193527 -1.6119742
-2.1115916 -2.2284253
-5.0060420 -2.0339103
-5.3125610 -1.2586185
-7.2660093 -1.0044173
-8.5362825 -1.4820639
-8.6765280 -0.6874501
-8.0134640 -1.0200242
-7.0370102 -0.9906148
-7.1949944 -0.4589514
-6.3653445 -0.9701315
-5.9250727 -0.6878304
-6.0413609 -0.3268687
-5.5225391 -0.6813214
-5.2210760 -0.4957448
-5.3080339 -0.2377416
-4.9445190 -0.4583334
-4.7425375 -0.3519185
-4.8081636 -0.1722460
-4.5550604 -0.2958082
-4.4417410 -0.2390561
-4.4909573 -0.1219134
-4.3022909 -0.1712196
-4.3735929 -0.1434652
-4.4114604 -0.0796160
-3.9717925 -0.0762897
-4.6882005 -0.0436263
-4.7373390 -0.0263801
0.0000000 0.0000000
0.0000000 0.0000000
-7.7126908 -0.1457246
-7.4643111 -0.1719606
-6.3840876 -0.2277939
-7.0524383 -0.5656738
-6.8135252 -0.6777142
-6.9522610 -0.6314792
-7.2363515 -0.9914244
-6.9555187 -1.1917655
-7.4429865 -1.0966840
-7.8037634 -1.5192510
-7.4434085 -1.8209471
-8.1978741 -1.6704476
-8.8363943 -2.2052557
-8.3298702 -2.6486652
-9.5111074 -2.5525753
-9.6824045 -2.9618967
-9.2333632 -3.5606790
-9.1143322 -3.5724595
-7.1308837 -3.5120342
-7.0875788 -3.9162500
-4.1590395 -3.7897058
-0.9343659 -3.2438276
-0.2542574 -3.4727700
1.7034413 -2.9220684
4.4491143 -2.8118780
4.6423359 -3.0421975
7.3495789 -2.7330842
9.7498608 -3.6277494
10.1402016 -3.8998554
12.6593513 -3.4261556
18.6377277 -5.1361609
20.5981636 -6.0035954
30.8814735 -7.1772752
34.8809700 -6.0063906
32.6439018 -3.9174826
28.1253109 -3.6102796
22.2316570 -3.7368534
19.2849445 -3.8930571
13.2494640 -3.5164673
10.3497152 -3.3126707
8.7823772 -2.4689658
8.5773182 -2.4285965
5.6163907 -1.7747477
5.0628338 -1.2180895
2.8699517 -1.5022568
0.1371497 -0.9596370
-0.3291998 -0.4678978
-2.5000167 -0.6077130
-5.7397733 -0.4912711
-6.0870137 0.4798796
-7.9393077 0.3262007
-8.7433033 0.2366324
-8.8172998 1.0476093
-8.0306282 0.2575970
-7.1263266 0.1186972
-7.1014805 0.6320255
-6.4823465 0.0357689
-6.0319633 0.0725038
-6.0286937 0.4384189
-5.6147003 0.0213883
-5.3026538 0.0458894
-5.2987781 0.3083130
-5.0149169 0.0286771
-4.8055182 0.0267106
-4.7965393 0.2108278
-4.6069775 0.0320615
-4.4897614 0.0094109
-4.4772906 0.1309139
-4.3381381 0.0307340
-4.4160419 -0.0069206
-4.3982720 0.0609037
-3.9932489 0.0239308
-4.7529736 -0.0093512
-4.7444878 0.0071551
0.0000000 0.0000000
0.0000000 0.0000000
-7.2104473 -0.1957355
-6.8747368 -0.2151793
-5.9701157 -0.3880390
-6.5629210 -0.7823789
-6.2500834 -0.8653423
-6.4467950 -0.9502153
-6.6796832 -1.3801279
-6.3165870 -1.5279233
-6.8257475 -1.5917364
-7.1045103 -2.0969958
-6.6567564 -2.3170474
-7.3627396 -2.3929543
-7.8661733 -3.0339890
-7.2419372 -3.3289592
-8.4792509 -3.5151694
-8.7391138 -4.1583986
-8.0229120 -4.6511602
-8.5343828 -4.7670941
-7.2684293 -4.7113543
-6.9235744 -5.4391608
-5.2417932 -4.9617643
-2.1940250 -4.5659723
-2.1785426 -5.1064343
1.4729089 -4.1843214
4.6668897 -3.9238954
4.8675036 -4.6182003
7.6187143 -4.0868936
10.9311552 -4.0277748
11.2211161 -4.4669862
14.4541216 -4.6043773
22.3418522 -6.8636746
22.2331696 -6.8200269
29.1987972 -7.2852526
31.7635708 -7.8198242
32.1493797 -7.5020876
31.2493286 -8.4352369
20.3355579 -4.0948372
17.3002682 -1.0448914
10.8514690 -1.7694520
8.3713694 -1.4675376
7.9699636 -1.0104560
7.5166836 -1.0119683
4.8165541 -0.4413230
4.5321407 0.3279033
2.0580676 -0.0987467
-0.8699337 0.2478869
-1.2539051 1.2558460
-3.5536442 1.1466439
-6.4660025 1.2504219
-7.2442479 2.1999526
-8.7482061 1.9565847
-8.3436785 1.8970577
-8.1175365 2.3356249
-7.5596099 1.4325360
-6.8630962 1.2048690
-6.6264210 1.6477485
-6.2960687 0.9866308
-5.8843312 0.8396200
-5.7300344 1.1761736
-5.4869819 0.7082037
-5.1975975 0.5941982
-5.0869327 0.8382885
-4.9194016 0.5119708
-4.7218390 0.4105280
-4.6337175 0.5842487
-4.5274220 0.3599718
-4.4185963 0.2626960
-4.3415627 0.3787187
-4.2659159 0.2343187
-4.3525200 0.1350547
-4.2775445 0.2007475
-3.9231482 0.1209544
-4.7013679 0.0244427
-4.6349831 0.0407617
0.0000000 0.0000000
0.0000000 0.0000000
-6.5527687 -0.2309725
-6.1576595 -0.2434263
-5.4207492 -0.5099752
-5.9340558 -0.9361879
-5.5741510 -0.9873300
-5.7983227 -1.1848347
-5.9663148 -1.6507204
-5.5595427 -1.7401757
-6.0442266 -1.9477260
-6.2260342 -2.4915817
-5.7381554 -2.6192319
-6.3636246 -2.8678665
-6.6724734 -3.5689387
-6.0016093 -3.7267954
-7.0479584 -4.0875878
-7.5278244 -5.0527143
-6.5305915 -5.1725202
-7.6619573 -5.8452773
-6.7879958 -6.0725389
-6.0012579 -6.5910726
-5.4088469 -6.2660365
-2.8010728 -5.7878509
-2.4923556 -6.5269713
0.6055329 -5.5227275
4.1262350 -5.2885013
3.9958773 -5.6639395
7.5896668 -4.9905477
11.2330246 -5.4281116
11.6033354 -6.0164895
17.5490990 -5.5872741
24.9176502 -5.7081051
24.7228928 -5.4266810
28.2255344 -4.8618155
29.0823822 -2.9211917
25.7593327 -1.0913292
23.9756031 -1.2909160
17.6084385 -1.4802196
16.6309624 -1.3186220
11.1532145 -0.3956448
7.1088896 -0.9725517
6.0072374 -0.5332601
6.2711220 0.2397972
4.0665207 0.7647460
2.6923292 1.2399589
1.3368651 1.0222745
-1.6421752 1.9164704
-3.1455560 3.4286091
-4.9939141 2.9196098
-7.3179798 3.8714221
-8.2315388 4.4543004
-8.6015244 3.4617922
-7.5486259 2.9893949
-7.0320158 3.4102538
-6.7795649 2.4435568
-6.3398776 2.0886366
-5.9342189 2.4781001
-5.8311391 1.8078970
-5.5140376 1.5053862
-5.2223911 1.8035853
-5.1531024 1.3193721
-4.9201164 1.0864578
-4.7071147 1.3036572
-4.6664310 0.9503130
-4.5004659 0.7629594
-4.3362641 0.9167122
-4.3230696 0.6613621
-4.2324624 0.4986721
-4.0949488 0.6019906
-4.0876884 0.4225668
-4.1857204 0.2694039
-4.0564361 0.3282946
-3.7597058 0.2093386
-4.5364485 0.0565863
-4.4164577 0.0719317
0.0000000 0.0000000
0.0000000 0.0000000
-5.7903042 -0.2501262
-5.3653293 -0.2558034
-4.7810783 -0.5899116
-5.2131519 -1.0223339
-4.8343887 -1.0427332
-5.0601015 -1.3250304
-5.1651421 -1.7996147
-4.7459035 -1.8338304
-5.1740980 -2.1452360
-5.2658234 -2.6959891
-4.7754745 -2.7381639
-5.2958980 -3.1144195
-5.4073181 -3.7822199
-4.8103638 -3.8259637
-5.4875102 -4.3318634
-5.7900786 -5.2452412
-4.8302050 -5.2574086
-6.1522946 -6.1307364
-6.0769229 -7.2679143
-4.7677846 -7.0929608
-5.1992569 -8.0851831
-3.3217192 -8.0097294
-2.2289789 -8.6286345
-0.4054375 -7.7778091
3.2959261 -7.1066451
3.5285356 -8.1929750
7.4599290 -6.3597035
11.8671923 -6.5577092
12.1150198 -7.2327142
16.6207123 -6.9468532
21.8919525 -6.3654189
22.1002598 -6.0284996
25.1492348 -4.5806532
25.9779339 -2.4821942
26.1475658 -1.8817781
22.9875622 -2.5800450
15.5482874 1.0400108
14.6947861 3.3120191
10.7773323 2.1586895
6.2439332 1.1472232
6.4505153 3.1347008
4.3355646 2.5575004
2.2489190 2.6188083
0.9654625 4.0578728
-0.5538669 3.6480696
-3.1002097 4.7672057
-4.5807881 6.0377173
-6.4244094 5.3393660
-7.7313447 5.6759357
-6.8666697 5.8944817
-6.9244952 4.7409773
-6.4478478 3.7685618
-5.7035961 4.1808410
-5.8210053 3.3795702
-5.5841713 2.7381220
-5.0604124 3.0704310
-5.1534538 2.4704688
-4.9569592 2.0234694
-4.5793271 2.2688849
-4.6574788 1.8108189
-4.4956050 1.4829880
-4.2121210 1.6623878
-4.2827039 1.3105769
-4.1614175 1.0558170
-3.9375982 1.1831018
-4.0103951 0.9138939
-3.9456220 0.6994978
-3.7581944 0.7852133
-3.8165298 0.5820261
-3.9254816 0.3857334
-3.7500942 0.4347388
-3.5128167 0.2831572
-4.2686372 0.0849075
-4.1034813 0.0985136
0.0000000 0.0000000
0.0000000 0.0000000
-4.9758701 -0.2540171
-4.5482936 -0.2537482
-4.0984478 -0.6285489
-4.4502273 -1.0431607
-4.0790257 -1.0370402
-4.2859654 -1.3773550
-4.3302431 -1.8301487
-3.9335845 -1.8169074
-4.2789693 -2.1986942
-4.2838035 -2.7184062
-3.8466449 -2.6865029
-4.2146792 -3.1427550
-4.1956654 -3.7744939
-3.7176850 -3.7109487
-4.0772324 -4.2761102
-4.0418139 -5.0949974
-3.5452635 -4.9423232
-3.9042685 -5.7721190
-3.9378462 -6.8597522
-3.2294340 -6.6353445
-3.6290879 -7.8842120
-2.6425407 -9.0116272
-2.2159171 -8.5608997
-0.6211984 -9.7234898
2.6246300 -9.4987621
2.3009048 -9.7861118
6.3846126 -9.0201445
11.1881914 -7.8817506
9.6193209 -8.3801203
15.4290714 -5.9147992
18.5068340 -4.4046211
17.4398537 -3.9067273
20.3596802 -2.3207469
20.6915073 0.3289599
20.1100788 1.9484831
17.5425072 1.1908565
13.5435047 4.3051620
12.2284832 6.1359878
10.0672626 5.4595985
6.1163654 5.4422798
6.3217077 7.7374916
3.3304722 6.1412101
-0.2027928 6.7806454
0.2496088 8.9916086
-2.8323662 7.8284321
-5.0977349 8.4374542
-3.8529124 8.7724028
-6.1540675 7.5037079
-5.7492433 6.1100984
-4.2376714 6.2528696
-5.2427645 5.3343763
-5.1162314 4.3349338
-4.2308793 4.5724659
-4.7584915 3.9223073
-4.6637473 3.1821918
-4.0596690 3.4194603
-4.3761148 2.9057024
-4.2787642 2.3815660
-3.8480096 2.5645304
-4.0625515 2.1558998
-3.9687798 1.7698088
-3.6440251 1.9045930
-3.8100843 1.5749205
-3.7333694 1.2749426
-3.4721818 1.3718266
-3.6159649 1.1046793
-3.5798023 0.8547686
-3.3566549 0.9204626
-3.4705462 0.7043455
-3.5884292 0.4777462
-3.3780015 0.5154704
-3.1987307 0.3389891
-3.9147222 0.1078670
-3.7156901 0.1191929
0.0000000 0.0000000
0.0000000 0.0000000
-4.1574969 -0.2448808
-3.7499554 -0.2397759
-3.4151657 -0.6305982
-3.6902745 -1.0082766
-3.3484757 -0.9815221
-3.5240307 -1.3537008
-3.5143538 -1.7601810
-3.1682823 -1.7087997
-3.4186547 -2.1298947
-3.3462107 -2.5819411
-2.9995935 -2.4886315
-3.2025881 -2.9985332
-3.0561221 -3.5181575
-2.7436280 -3.3488357
-2.8183730 -4.0082650
-2.5749245 -4.6156087
-2.3624754 -4.3172197
-2.1803916 -5.2281651
-1.7265084 -5.9846807
-1.6952525 -5.3995008
-1.1504862 -6.6950464
-0.4708693 -7.5695295
-0.3418094 -6.7200308
0.6384844 -8.4872074
2.6681871 -8.9329128
2.1901922 -7.7297635
5.2361703 -9.1825314
8.1830225 -7.9181232
6.9142556 -7.2478371
11.2386770 -5.5770998
13.6849260 -3.9817631
10.6144295 -3.1552815
15.8359585 -0.8233654
16.4532089 2.2637174
12.8882122 3.1804042
13.5085936 3.3125234
10.2097454 6.8186955
9.0987482 8.3025379
7.5063472 8.4723597
4.8010540 9.6488705
4.1862783 10.2523584
1.7370408 10.1993551
-0.7959435 10.3177443
0.1861626 9.7932081
-2.6171639 9.5946512
-3.4892356 7.9037457
-1.5604178 7.6504364
-3.4174111 7.0659904
-3.6864626 5.8904719
-2.5349514 5.8434954
-3.6789029 5.2871118
-3.7501893 4.4778576
-2.9595840 4.5089006
-3.6745420 4.0380344
-3.6763043 3.4057436
-3.1021044 3.4930756
-3.5658224 3.0884662
-3.5424056 2.5835080
-3.1049187 2.6909711
-3.4261601 2.3410208
-3.3874233 1.9468577
-3.0470164 2.0346122
-3.2886841 1.7369113
-3.2500913 1.4197965
-2.9714301 1.4853563
-3.1703737 1.2304037
-3.1587317 0.9620507
-2.9153807 1.0076672
-3.0717838 0.7874920
-3.1947017 0.5435327
-2.9605439 0.5700161
-2.8358321 0.3762178
-3.4953434 0.1249562
-3.2742069 0.1336715
0.0000000 0.0000000
0.0000000 0.0000000
-3.3751462 -0.2261787
-3.0027089 -0.2172646
-2.7658882 -0.6032975
-2.9709187 -0.9316887
-2.6703193 -0.8905646
-2.8145106 -1.2710601
-2.7640681 -1.6142168
-2.4747374 -1.5361319
-2.6463904 -1.9683464
-2.5205858 -2.3287311
-2.2533436 -2.1949260
-2.3486407 -2.7121737
-2.1354485 -3.0939467
-1.9153872 -2.8699729
-1.8624103 -3.5225177
-1.5306810 -3.9184816
-1.3972400 -3.5591536
-1.1435839 -4.3787374
-0.6209285 -4.7862430
-0.6100996 -4.2038970
0.0494665 -5.3502555
0.9037444 -5.6386318
0.7989517 -4.7750401
1.7789353 -5.9760900
3.0035558 -5.9597387
2.5979030 -4.8248658
4.3005838 -6.0784016
6.0555730 -5.4871664
5.0020604 -3.9445152
8.0172033 -4.0733333
9.0478582 -2.4310684
7.1061091 -1.7625816
10.0404053 1.1618205
9.4513378 3.2301190
7.1866226 1.9772844
8.8026686 4.8530259
7.7529273 7.2685232
5.7340627 5.2733965
5.5788593 7.7424054
3.8811507 8.6397972
3.4901841 6.8059835
2.2287772 8.3379669
0.7763899 8.0076332
1.1153773 6.8815632
-0.3858781 7.3839545
-1.1902711 6.6212015
-0.4979380 6.1255183
-1.7293904 6.0967321
-2.1600568 5.3373222
-1.4624432 5.1292171
-2.3925996 4.8928962
-2.6012135 4.2732615
-2.0032933 4.1874914
-2.6875546 3.8951788
-2.7770231 3.3853285
-2.2887397 3.3717284
-2.7886102 3.0748277
-2.8180737 2.6463130
-2.4220042 2.6729996
-2.7924814 2.3901913
-2.7950637 2.0254529
-2.4654915 2.0685229
-2.7528870 1.8059072
-2.7439690 1.4975510
-2.4639130 1.5341980
-2.6997540 1.2957788
-2.7064533 1.0257018
-2.4559774 1.0531545
-2.6422474 0.8346949
-2.7637260 0.5847520
-2.5167983 0.6013363
-2.4423354 0.3968754
-3.0316424 0.1362694
-2.7987189 0.1424164
0.0000000 0.0000000
0.0000000 0.0000000
-2.6580725 -0.2023818
-2.3268626 -0.1910130
-2.1750534 -0.5548080
-2.3209882 -0.8324121
-2.0611136 -0.7840981
-2.1854517 -1.1489393
-2.1138248 -1.4299810
-1.8707954 -1.3400785
-1.9958773 -1.7476162
-1.8520213 -2.0262961
-1.6340503 -1.8786486
-1.6822622 -2.3521178
-1.4596393 -2.6208291
-1.2779529 -2.3924401
-1.2086240 -2.9514489
-0.8780563 -3.2002299
-0.7461090 -2.8495800
-0.5204630 -3.5316057
-0.0390389 -3.7069192
0.0062393 -3.2229638
0.4413171 -3.9572554
1.1376568 -4.0158272
1.0440665 -3.3441248
1.8362615 -4.1385112
2.6458478 -3.9542589
2.3767571 -3.1205497
3.4898674 -3.4094701
4.2588482 -3.0129158
3.6491210 -2.2199755
5.1171207 -2.0520158
5.7078032 -1.2298055
4.6244144 -0.7838217
6.2377248 0.8823229
5.9834223 1.5954466
4.6622725 1.3250443
5.7788887 2.8400447
5.1643295 4.1036673
3.9220903 3.2382755
4.2480235 4.6527543
3.3454123 5.5441818
2.6230059 4.5138412
2.2691469 5.5600019
1.4141791 5.8175621
1.1978226 4.9736857
0.5076194 5.5499563
-0.1229144 5.3672161
0.0069306 4.8216357
-0.7123194 5.0204048
-1.1224096 4.6532235
-0.8231562 4.3445206
-1.4622692 4.3130407
-1.7049447 3.9110839
-1.3355390 3.7490036
-1.8825330 3.5980573
-2.0172906 3.2175729
-1.6491085 3.1428421
-2.1003573 2.9379759
-2.1670971 2.5914679
-1.8323917 2.5663164
-2.1980708 2.3428898
-2.2276900 2.0281389
-1.9301574 2.0316229
-2.2297277 1.8053576
-2.2407591 1.5211781
-1.9732482 1.5342536
-2.2252483 1.3135610
-2.2440293 1.0539778
-1.9958161 1.0668856
-2.1995978 0.8528962
-2.3125269 0.6064029
-2.0618608 0.6153583
-2.0345168 0.4044003
-2.5413949 0.1437518
-2.3059211 0.1472296
0.0000000 0.0000000
0.0000000 0.0000000
-2.0210996 -0.1778817
-1.7303255 -0.1656467
-1.6542628 -0.4952985
-1.7527101 -0.7287875
-1.5268006 -0.6800135
-1.6445378 -1.0116088
-1.5684942 -1.2410227
-1.3593370 -1.1522809
-1.4642149 -1.5129584
-1.3268002 -1.7280140
-1.1401374 -1.5879761
-1.1778412 -1.9898508
-0.9749611 -2.1796870
-0.8155193 -1.9721737
-0.7628530 -2.4185266
-0.4779332 -2.5651004
-0.3525579 -2.2697256
-0.1936356 -2.7688963
0.2020579 -2.8366148
0.2499427 -2.4438388
0.5721731 -2.9097984
1.0633785 -2.8754749
0.9882377 -2.3927824
1.5077982 -2.7738025
2.0187109 -2.6082385
1.8319606 -2.0434153
2.5802603 -2.1086869
3.0075703 -1.7726338
2.5804946 -1.3296548
3.4925869 -0.9619566
3.7469344 -0.4935744
3.0837560 -0.2878808
4.0678463 0.7473379
3.9199607 1.2275907
3.0987132 1.0787303
3.8242264 2.0915322
3.4428320 2.8057022
2.6714790 2.3545845
3.0054293 3.3014712
2.4776299 3.8870604
1.9055107 3.2888052
1.8680816 4.0437684
1.3265777 4.3509641
1.0163964 3.7784660
0.7326127 4.2756143
0.2787765 4.3119702
0.1951005 3.8639734
-0.1903020 4.1157503
-0.5247724 3.9738150
-0.4500210 3.6674306
-0.8469240 3.7325611
-1.0691385 3.4991918
-0.8778597 3.3111689
-1.2698601 3.2496474
-1.4100373 2.9838874
-1.1597500 2.8792934
-1.5246388 2.7418628
-1.6059784 2.4715250
-1.3416184 2.4192772
-1.6658212 2.2423434
-1.7100201 1.9789438
-1.4524208 1.9575460
-1.7365583 1.7616291
-1.7587435 1.5080044
-1.5134411 1.5048991
-1.7627409 1.3005785
-1.7861798 1.0577807
-1.5480624 1.0613989
-1.7568618 0.8529432
-1.8557256 0.6138911
-1.6056958 0.6193269
-1.6245294 0.4040830
-2.0378616 0.1497464
-1.8039182 0.1499187
0.0000000 0.0000000
0.0000000 0.0000000
-1.4645334 -0.1557611
-1.2091274 -0.1443037
-1.2029688 -0.4351373
-1.2635111 -0.6350495
-1.0628185 -0.5914711
-1.1853141 -0.8807665
-1.1162401 -1.0718217
-0.9302296 -0.9937055
-1.0334367 -1.2986383
-0.9166282 -1.4688959
-0.7502818 -1.3492736
-0.7990150 -1.6722097
-0.6323896 -1.8099945
-0.4895325 -1.6378850
-0.4676608 -1.9744984
-0.2428566 -2.0622926
-0.1318585 -1.8276130
-0.0358614 -2.1616066
0.2549636 -2.1774931
0.2943697 -1.8832835
0.5189348 -2.1605418
0.8512704 -2.0931804
0.7916851 -1.7525482
1.1527444 -1.9060831
1.4639541 -1.7510289
1.3076049 -1.3925381
1.8072748 -1.3335408
2.0489824 -1.0709256
1.7455298 -0.8051090
2.3486149 -0.4409281
2.4684668 -0.1248921
2.0154362 -0.0079875
2.6633148 0.6738829
2.5680711 1.0417111
2.0176597 0.9577550
2.5342946 1.6570922
2.2988102 2.1330383
1.7599263 1.8727579
2.0672226 2.5323625
1.7455529 2.9520969
1.3013620 2.5897470
1.3937622 3.1421089
1.0498661 3.4134898
0.7500681 3.0355942
0.6744519 3.4344749
0.3639558 3.5372400
0.2120534 3.2071106
0.0344104 3.4451241
-0.2149320 3.4087110
-0.2430402 3.1531610
-0.4669214 3.2510772
-0.6464182 3.1186886
-0.5628980 2.9442363
-0.8219783 2.9289644
-0.9447666 2.7442117
-0.7831219 2.6372526
-1.0570949 2.5414591
-1.1348953 2.3313041
-0.9335287 2.2715604
-1.2019095 2.1260841
-1.2479508 1.9050131
-1.0310783 1.8752649
-1.2828397 1.7009808
-1.3089792 1.4769270
-1.0888404 1.4659117
-1.3210973 1.2745397
-1.3426347 1.0503836
-1.1220130 1.0504137
-1.3228565 0.8472912
-1.4005228 0.6174549
-1.1590433 0.6230110
-1.2161365 0.4067900
-1.5316776 0.1505976
-1.2903175 0.1510845
0.0000000 0.0000000
0.0000000 0.0000000
-0.9782479 -0.1383470
-0.7477838 -0.1293718
-0.8121493 -0.3826193
-0.8415735 -0.5610631
-0.6562663 -0.5261619
-0.7936150 -0.7723191
-0.7381019 -0.9391153
-0.5659716 -0.8763180
-0.6806777 -1.1263334
-0.5928906 -1.2701705
-0.4382252 -1.1738757
-0.5107405 -1.4252431
-0.3893323 -1.5343318
-0.2579244 -1.3944358
-0.2764937 -1.6409371
-0.1192495 -1.6998078
-0.0217559 -1.5088341
0.0193141 -1.7323639
0.2134100 -1.7247678
0.2447620 -1.5011094
0.3846532 -1.6560112
0.5939100 -1.5790123
0.5435809 -1.3374954
0.7875624 -1.3763949
0.9725702 -1.2300377
0.8362947 -0.9967437
1.1771554 -0.8821245
1.3128109 -0.6640534
1.0751095 -0.4940017
1.4966167 -0.1732583
1.5532563 0.0806713
1.2124232 0.1527742
1.6709137 0.6348720
1.6136081 0.9439546
1.2033113 0.8930486
1.6062120 1.4020422
1.4660920 1.7622687
1.0495836 1.5992177
1.3428707 2.0891454
1.1502941 2.4145579
0.7849909 2.1766942
0.9503480 2.6052580
0.7391651 2.8376048
0.4634084 2.5700307
0.5120683 2.9059353
0.3131782 3.0231166
0.1417502 2.7636173
0.1013018 2.9952888
-0.0670697 3.0035865
-0.1375467 2.7758603
-0.2385602 2.9067376
-0.3671091 2.8246434
-0.3408758 2.6567831
-0.4960770 2.6841824
-0.5891619 2.5452793
-0.4854406 2.4398050
-0.6784042 2.3790593
-0.7416983 2.2066007
-0.5859702 2.1488552
-0.7988537 2.0267382
-0.8380002 1.8342909
-0.6536258 1.8077556
-0.8703487 1.6471715
-0.8929292 1.4445008
-0.6955793 1.4370337
-0.9052032 1.2528622
-0.9209113 1.0457731
-0.7218012 1.0481339
-0.9057672 0.8468647
-0.9466709 0.6347577
-0.7425351 0.6250334
-0.8072158 0.4176240
-1.0086275 0.1681945
-0.7630051 0.0711412
0.0000000 0.0000000
0.0000000 0.0000000
-0.5442745 -0.1291394
-0.3261209 -0.1249423
-0.4666032 -0.3442133
-0.4698234 -0.5162505
-0.2848093 -0.4797450
-0.4507752 -0.6980670
-0.4128704 -0.8587602
-0.2386342 -0.7771618
-0.3827351 -1.0129755
-0.3277476 -1.1520896
-0.1746705 -1.0091193
-0.2826151 -1.2690396
-0.2103566 -1.3747923
-0.0877431 -1.1542230
-0.1494427 -1.4377970
-0.0590017 -1.4940537
0.0232185 -1.2101616
0.0164258 -1.4820193
0.1252388 -1.4739398
0.1511506 -1.1805060
0.2168133 -1.3731117
0.3312719 -1.2983400
0.2858779 -1.0210814
0.4344525 -1.0943307
0.5342773 -0.9527822
0.4109904 -0.7207924
0.6397554 -0.6493980
0.7089211 -0.4493607
0.5059021 -0.2944962
0.8086371 -0.0489191
0.8359439 0.1908981
0.5508736 0.2378862
0.9024966 0.6149094
0.8733829 0.9045067
0.5303059 0.8221546
0.8766413 1.2766068
0.8046576 1.5865726
0.4479488 1.3749481
0.7464464 1.8784688
0.6463650 2.1533253
0.3214557 1.8297855
0.5459466 2.3518474
0.4334503 2.5519876
0.1747524 2.1440806
0.3145807 2.6566813
0.2059042 2.7640011
0.0318145 2.3040242
0.0911589 2.7849932
-0.0035011 2.7983401
-0.0891479 2.3339119
-0.0978792 2.7484863
-0.1731873 2.6751308
-0.1812031 2.2895818
-0.2487252 2.5767064
-0.3056937 2.4456704
-0.2448426 2.1674871
-0.3610075 2.3128335
-0.4018856 2.1462436
-0.2862643 1.9672669
-0.4389169 1.9916409
-0.4660590 1.8031576
-0.3115437 1.7005799
-0.4879986 1.6349486
-0.5045481 1.4357711
-0.3266475 1.3856972
-0.5138402 1.2583276
-0.5197397 1.0643271
-0.3499020 1.0456253
-0.5199844 0.8588220
-0.4761808 0.7293167
-0.4469408 0.6873594
-0.4667142 0.3389114
-0.2324595 0.5010052
-0.3783022 -0.0648546
0.0000000 0.0000000
0.0000000 0.0000000
-0.1228059 -0.1360611
0.0000000 0.0000000
-0.1205737 -0.3310122
-0.1115685 -0.5385239
0.0000000 0.0000000
-0.1091371 -0.7052273
-0.1010607 -0.8901753
0.0000000 0.0000000
-0.0953310 -1.0373441
-0.0839631 -1.1871104
0.0000000 0.0000000
-0.0742137 -1.3020918
-0.0566705 -1.4058681
0.0000000 0.0000000
-0.0412743 -1.4676305
-0.0172858 -1.5109826
0.0000000 0.0000000
0.0034447 -1.4985520
0.0273869 -1.4659959
0.0000000 0.0000000
0.0506314 -1.3727181
0.0755186 -1.2616020
0.0000000 0.0000000
0.1017513 -1.0786901
0.1232400 -0.8899065
0.0000000 0.0000000
0.1496711 -0.6233687
0.1647536 -0.3688699
0.0000000 0.0000000
0.1906122 -0.0329304
0.1957569 0.2795017
0.0000000 0.0000000
0.2170049 0.6325957
0.2078819 0.9915069
0.0000000 0.0000000
0.2152942 1.3111989
0.1941973 1.6744131
0.0000000 0.0000000
0.1879234 1.9313070
0.1591886 2.2496233
0.0000000 0.0000000
0.1424216 2.4276659
0.1102526 2.6656473
0.0000000 0.0000000
0.0875166 2.7593188
0.0550386 2.9015081
0.0000000 0.0000000
0.0294026 2.9118698
-0.0000308 2.9587662
0.0000000 0.0000000
-0.0260676 2.8935096
-0.0480652 2.8516419
0.0000000 0.0000000
-0.0656163 2.7319622
-0.0809503 2.6240952
0.0000000 0.0000000
-0.0923617 2.4663239
-0.1019487 2.3153181
0.0000000 0.0000000
-0.1091841 2.1327238
-0.1147639 1.9540468
0.0000000 0.0000000
-0.1180554 1.7587031
-0.1239208 1.5604987
0.0000000 0.0000000
-0.1247666 1.3619283
-0.1359550 1.1779068
0.0000000 0.0000000
-0.1851632 0.8958935
-0.0092808 1.0595826
0.0000000 0.0000000
-0.2861872 0.0616713
0.9564099 1.1258959
0.0000000 0.0000000
0.0000000 0.0000000
-37.63482
-37.77407
-38.21913
-40.97533
-44.10202
-47.59761
-51.93184
-57.29424
-64.5819
-76.36873
-100.3265
-153.0436
-226.5049
-77.89469
-66.59307
-35.30057
-29.60227
-26.26383
-24.65099
-23.72192
-23.10746
-22.68462
-22.39486
-22.21022
-22.18798
-22.39743
-38.15099
-38.04484
-38.96643
-41.30209
-44.35877
-47.93568
-52.2519
-57.48042
-64.23558
-74.26326
-93.73818
-158.6121
-180.5093
-14.38381
-88.91756
-35.04743
-28.51111
-26.06683
-24.66296
-23.81366
-23.24769
-22.8436
-22.56036
-22.35215
-22.3238
-22.43108
-39.32722
-39.34827
-40.73496
-42.73438
-45.7267
-49.40509
-53.70095
-58.53359
-63.79819
-69.30574
-73.48697
-80.10202
-111.5872
-50.26577
-62.8432
-38.50025
-29.00474
-26.16112
-24.97852
-24.28531
-23.7921
-23.40518
-23.11339
-22.9165
-22.82802
-22.87318
-41.1345
-41.31818
-42.95742
-45.01516
-48.13227
-52.03117
-56.43227
-60.93534
-64.62821
-65.82668
-64.72671
-60.84282
-22.57228
44.61322
-33.06729
-28.85295
-26.60511
-25.77953
-25.39542
-25.05773
-24.69495
-24.33449
-24.00788
-23.79424
-23.63295
-23.6433
-43.44745
-43.80691
-45.63787
-48.04401
-51.50934
-55.91207
-60.88422
-65.60901
-68.65007
-65.53345
-50.7907
-14.18962
-5.451527
42.26691
-16.66392
-19.0762
-23.08964
-25.28909
-26.16147
-26.26636
-26.01594
-25.63171
-25.23396
-24.95616
-24.72422
-24.70938
-46.11256
-46.64928
-48.68573
-51.62833
-55.77264
-61.17555
-67.5759
-74.13523
-79.00798
-77.70418
-64.16007
-41.41463
-59.6672
-29.78988
6.473192
-13.87239
-22.71643
-26.53196
-27.96847
-28.20773
-27.86151
-27.31379
-26.77015
-26.37188
-26.06738
-26.02838
-48.86737
-49.57008
-51.87382
-55.51564
-60.7088
-67.75676
-76.88156
-88.56989
-99.9132
-100.9262
-90.66705
-70.59174
-58.98109
-45.76939
-18.07458
-21.40265
-27.31922
-30.44813
-31.34133
-31.12648
-30.30795
-29.37978
-28.57359
-27.99013
-27.5964
-27.52728
-51.31356
-52.16482
-54.78059
-59.253
-65.91631
-75.22416
-88.59377
-108.7657
-122.664
-124.8832
-119.1275
-105.8294
-89.48261
-43.36201
-24.75857
-33.19662
-36.88401
-37.36305
-36.59229
-35.12312
-33.33621
-31.77156
-30.56072
-29.71946
-29.20839
-29.09907
-52.91578
-53.89095
-56.7983
-62.07862
-70.41426
-82.71587
-100.7869
-125.9518
-137.5828
-141.0162
-138.0133
-133.0938
-119.0245
-58.03799
-52.01029
-51.67155
-51.87352
-47.27203
-43.68596
-40.0366
-36.78058
-34.33549
-32.58327
-31.41511
-30.75154
-30.58642
-52.98211
-54.10543
-57.23274
-63.1194
-72.80085
-88.06687
-111.0517
-134.7927
-143.8606
-146.3326
-146.7962
-145.4752
-123.4252
-111.3598
-86.6823
-76.6889
-72.27438
-60.74434
-52.13935
-45.36816
-40.30908
-36.80508
-34.41095
-32.86802
-32.02814
-31.78546
-50.91465
-52.09873
-55.32315
-61.54058
-71.85684
-88.9219
-115.1519
-136.6651
-145.908
-147.3626
-146.4383
-146.8121
-134.8604
-92.78849
-95.03942
-95.68859
-91.53562
-76.18958
-60.51897
-50.25522
-43.41744
-38.81414
-35.74752
-33.81568
-32.79609
-32.4795
-46.48413
-47.42223
-50.72446
-56.91537
-67.21168
-84.43035
-111.3401
-131.4752
-137.7476
-137.3301
-136.3875
-140.1076
-130.2329
-119.7398
-114.1813
-111.3992
-105.1006
-88.22151
-66.94186
-53.6924
-45.40547
-39.89044
-36.25106
-33.97638
-32.77834
-32.42709
-40.00422
-40.77806
-43.80079
-49.44944
-58.74531
-74.51244
-98.21052
-120.3777
-125.962
-124.2594
-119.2952
-121.2863
-111.0013
-103.4577
-117.9287
-119.1956
-112.0749
-93.74273
-69.69588
-54.99289
-45.72356
-39.6331
-35.64162
-33.14085
-31.78432
-31.43944
-31.87286
-32.49171
-34.96522
-39.62115
-47.32242
-59.98151
-80.79099
-102.4007
-114.7254
-116.7857
-109.8741
-93.67846
-129.5836
-137.2266
-129.4835
-124.7448
-113.9945
-92.19839
-68.33307
-53.5751
-44.06932
-37.85974
-33.81278
-31.28026
-29.89446
-29.53942
-22.67316
-23.11366
-24.89892
-28.25275
-33.7869
-42.63232
-59.91166
-81.18673
-95.5675
-100.8336
-101.143
-104.6452
-102.0299
-117.3855
-122.5468
-121.1246
-109.4599
-82.87329
-62.25737
-48.93239
-40.22337
-34.5058
-30.76763
-28.4183
-27.1223
-26.77962
-13.046
-13.2912
-14.31649
-16.28075
-19.55337
-24.77789
-33.30349
-51.48559
-68.07396
-72.22957
-66.99763
-71.84535
-105.5068
-122.6366
-119.4784
-113.1102
-98.67534
-70.16263
-52.35871
-41.51728
-34.46104
-29.77185
-26.66948
-24.69822
-23.59632
-23.29297
-3.593032
-3.652959
-3.950134
-4.560685
-5.61181
-7.421356
-10.69117
-16.53612
-27.44955
-27.78728
-13.15214
-16.86695
-57.97361
-96.29319
-108.0627
-95.95999
-71.38698
-51.19579
-39.79165
-32.41222
-27.47065
-24.10364
-21.83414
-20.36771
-19.53231
-19.28948
5.188018
5.286732
5.615645
6.171663
7.043053
8.420832
10.65345
14.52656
19.19926
28.99557
48.85949
44.0011
4.600435
-40.29575
-59.69884
-53.09996
-37.24192
-30.77032
-26.13754
-22.6085
-19.95619
-18.01562
-16.64498
-15.73163
-15.19424
-15.02361
12.94347
13.16212
13.96534
15.40438
17.70046
21.20871
26.49051
34.33786
46.38329
60.63863
80.30414
83.40838
63.5074
23.72584
1.025117
-9.650678
-12.81975
-13.64747
-13.64804
-13.19893
-12.59016
-11.9832
-11.47353
-11.09549
-10.85057
-10.7543
19.47079
19.7636
20.84825
22.77445
25.74135
30.02263
36.04259
44.22481
55.15041
67.70278
77.09919
79.25097
67.17142
48.54701
28.5034
13.71337
4.681068
-0.4489835
-3.372892
-5.022011
-5.92927
-6.405808
-6.632891
-6.725485
-6.740467
-6.710302
24.70448
25.03036
26.22172
28.30293
31.39675
35.67169
41.30434
48.53032
56.7238
65.27067
70.79739
70.73716
63.24906
51.39879
37.47887
25.06795
15.57545
8.971616
4.544282
1.61781
-0.3061695
-1.561776
-2.356992
-2.827365
-3.05697
-3.083627
28.69424
29.02679
30.21096
32.24676
35.18862
39.10482
44.01319
49.82518
55.93226
61.36821
64.51651
63.8572
58.68509
50.29433
40.21745
30.34006
21.86685
15.21717
10.27575
6.704131
4.168486
2.400173
1.204984
0.4560892
0.06554602
-0.01715463
31.56088
31.88738
33.01181
34.91708
37.60981
41.08259
45.25847
49.87175
54.39618
58.02259
59.84412
58.94218
54.98098
48.60427
40.8203
32.78203
25.39488
19.14715
14.18065
10.36536
7.511072
5.432642
3.976536
3.035408
2.539155
2.396963
33.44717
33.76391
34.82072
36.58852
39.04783
42.14786
45.75591
49.54121
53.04998
55.65839
56.75162
55.73809
52.43049
47.20891
40.76373
33.89955
27.31478
21.47778
16.64525
12.7866
9.796174
7.551358
5.935804
4.857457
4.274901
4.211504
34.46537
34.7859
35.79782
37.46843
39.77169
42.64668
45.92252
49.2525
52.22666
54.32613
55.05925
53.99204
51.00663
46.36899
40.6122
34.37813
28.24763
22.67491
17.96264
14.12316
11.09133
8.775705
7.081812
5.914783
5.261823
4.760431
34.6522
34.9891
35.98763
37.64242
39.92045
42.74561
45.93529
49.16888
52.03069
54.02262
54.67808
53.60132
50.69369
46.1936
40.59843
34.5184
28.52452
23.04479
18.34845
14.49675
11.44165
9.09589
7.37323
6.190657
4.818853
0
