0.0000000 0.0000000
0.0000000 0.0000000
0.0000000 0.0000000
0.0000000 0.0000000
0.0000000 0.0000000
0.0000000 0.0000000
0.0000000 0.0000000
0.0000000 0.0000000
0.0000000 0.0000000
0.0000000 0.0000000
0.0000000 0.0000000
0.0000000 0.0000000
0.0000000 0.0000000
0.0000000 0.0000000
0.0000000 0.0000000
0.0000000 0.0000000
0.0000000 0.0000000
0.0000000 0.0000000
0.0000000 0.0000000
0.0000000 0.0000000
0.0000000 0.0000000
0.0000000 0.0000000
0.0000000 0.0000000
0.0000000 0.0000000
0.0000000 0.0000000
0.0000000 0.0000000
0.0000000 0.0000000
-1.2150272 0.6548409
-0.9147910 1.6315687
-0.8501931 2.4980812
-0.9348657 3.4121456
-1.0069133 4.3687925
-1.0930303 5.3905182
-1.2172209 6.4947009
-1.4536426 7.7250695
-2.0210371 9.1709003
-3.3599942 11.1875820
-7.5204163 13.6504421
10.0597734 15.8950987
12.4637966 -11.6904573
-7.1571140 -8.1931810
-2.3282092 -7.3050380
-1.2750521 -5.4615488
-0.8772632 -4.5605874
-0.6780198 -3.8339994
-0.5882451 -3.1860573
-0.5474834 -2.5884457
-0.5214178 -2.0242436
-0.4975074 -1.4907198
-0.4943781 -0.9828544
-0.6159943 -0.4108469
0.0000000 0.0000000
0.0000000 0.0000000
-2.3318675 0.6975198
-1.7525498 1.6026714
-1.7689977 2.4580550
-1.8616450 3.3736601
-1.9872279 4.3307080
-2.1332455 5.3382783
-2.3280191 6.3813238
-2.6693532 7.4317408
-3.4180269 8.4006748
-5.1248717 8.6151571
2.8018498 7.8640351
17.6488380 9.0968628
26.7404919 -8.6445827
10.4185581 -5.0850143
-3.9106185 -5.4609108
-2.1402767 -4.8461294
-1.5021176 -4.2281098
-1.2983636 -3.6648049
-1.1946492 -3.0877311
-1.1283516 -2.5184679
-1.0776629 -1.9741608
-1.0313513 -1.4437408
-1.0040768 -0.9600208
-1.2602907 -0.4124747
0.0000000 0.0000000
0.0000000 0.0000000
-3.2570732 0.6979873
-2.5539808 1.4973965
-2.6534076 2.3510382
-2.7784462 3.2509639
-2.9527891 4.2194176
-3.1313148 5.2502360
-3.3132265 6.2897983
-3.5385845 7.1822009
-3.9658425 7.7147198
-4.8678455 7.7539220
-6.4010625 5.3469133
21.0649872 5.6802378
32.6752357 -2.5481002
-1.2724924 -1.5828558
-2.6889660 -4.6962433
-2.4020507 -4.8266063
-1.9698949 -4.1677570
-1.8268826 -3.5974252
-1.7700549 -3.0318458
-1.6945641 -2.4622073
-1.6154921 -1.9253247
-1.5503720 -1.4018958
-1.4937032 -0.9259772
-1.7976999 -0.4186149
0.0000000 0.0000000
0.0000000 0.0000000
-3.9731665 0.6732773
-3.3594658 1.3686147
-3.4990978 2.1833584
-3.7046716 3.0627673
-3.9352152 4.0544863
-4.1765852 5.1355844
-4.3479557 6.3105717
-4.2798972 7.4813328
-4.6269350 8.2781067
-3.0235848 7.2054691
4.7739725 -4.1307764
14.6333132 3.3402307
35.3681221 -9.6886101
1.9664683 -2.3313534
-1.0631130 -5.0889411
-2.7430704 -5.3579826
-2.7840271 -4.5415387
-2.4254036 -3.6763737
-2.3821204 -3.0128610
-2.2687769 -2.4131079
-2.1482210 -1.8656471
-2.0503070 -1.3529552
-1.9763266 -0.8820094
-2.2387443 -0.4095130
0.0000000 0.0000000
0.0000000 0.0000000
-4.4742398 0.6259342
-4.1133447 1.2182189
-4.3029675 1.9453809
-4.6240082 2.7652247
-4.9871936 3.7536948
-5.3346858 4.9624257
-5.6688466 6.4010453
-6.1440492 7.9713669
-3.7243044 7.5868516
0.9835145 4.2912083
9.9333324 -3.1141682
14.4672098 0.7295612
35.9171677 0.6096432
5.3904696 -3.1302493
0.4844377 -4.7223544
-2.8366191 -5.5286140
-4.0764966 -4.8951364
-3.2455792 -3.7774732
-3.0805247 -2.9745965
-2.8618753 -2.3298824
-2.6730781 -1.7706151
-2.5264413 -1.2727394
-2.4381905 -0.8165872
-2.5915284 -0.3833887
0.0000000 0.0000000
0.0000000 0.0000000
-4.7795310 0.5520327
-4.7427487 1.0380690
-5.0215268 1.6484770
-5.4930372 2.3672514
-6.1053987 3.2643304
-6.7613144 4.5413980
-7.6588254 6.3953114
-6.3219495 6.9701352
-0.7141883 4.8815489
4.3932638 2.3225176
13.4145899 -2.8594594
16.7915840 -0.5311870
34.8473206 -3.6394317
8.6466141 -3.1034410
1.8513895 -4.5230598
-2.5541723 -5.1325927
-5.2558126 -4.5419478
-4.3334546 -3.6041701
-3.8370180 -2.8074391
-3.4604897 -2.1556945
-3.1764772 -1.6076328
-2.9695556 -1.1395628
-2.8538094 -0.7199433
-2.8637538 -0.3392607
0.0000000 0.0000000
0.0000000 0.0000000
-4.9251018 0.4463798
-5.2014709 0.8060458
-5.5960746 1.2672766
-6.2271452 1.8439626
-7.1393700 2.5604787
-8.5473680 3.5799243
-8.6616764 4.4670873
-4.7772532 5.0600142
1.1599607 2.7704492
7.1184959 -0.0405505
15.2301989 -3.7223806
20.8849945 -1.8550355
29.7799282 -2.3719828
10.0188751 -3.2542238
2.7927408 -3.9977238
-2.2687571 -4.4958172
-5.8804808 -3.8099551
-5.4850373 -3.0615191
-4.5437512 -2.4553182
-4.0145192 -1.8519064
-3.6307054 -1.3526430
-3.3591197 -0.9422709
-3.1984441 -0.5866719
-3.0638609 -0.2764449
0.0000000 0.0000000
0.0000000 0.0000000
-4.9591627 0.3012375
-5.4765167 0.5136050
-5.9667015 0.7874136
-6.7217999 1.1688217
-7.8710260 1.6225944
-9.9729643 2.1007407
-8.5078411 1.2483952
-2.4974539 2.3282583
2.7102225 1.0479846
8.6917639 -0.7012617
16.7890186 -3.9021502
26.3669453 -4.1164260
29.7026596 -4.2545800
10.8788242 -3.1726749
3.4572484 -3.4553542
-2.1690264 -3.5698252
-6.6897860 -2.5797122
-6.2650242 -2.4817805
-5.1716318 -1.9072104
-4.4802175 -1.3996031
-3.9994464 -0.9978294
-3.6670275 -0.6814768
-3.4549594 -0.4185569
-3.1983314 -0.1961914
0.0000000 0.0000000
0.0000000 0.0000000
-4.9286690 0.1351987
-5.5678544 0.1448233
-6.0998268 0.1609094
-6.9013634 0.2225715
-8.1662683 0.2020938
-10.4230032 0.0592903
-8.3219156 -0.7538762
-2.4419277 -0.2689478
3.8413875 -0.8487107
8.6037645 -0.7141665
17.4293137 -3.9452991
32.6147194 -6.0482545
25.0332413 -3.5161514
10.9684210 -2.4957728
3.9934037 -2.6497977
-2.1940269 -2.1454523
-7.3458610 -1.3169285
-6.9592957 -1.5780959
-5.6189656 -1.1534914
-4.8082538 -0.8038406
-4.2502103 -0.5569407
-3.8686526 -0.3739421
-3.6143715 -0.2262542
-3.2779453 -0.1007644
0.0000000 0.0000000
0.0000000 0.0000000
-4.8714528 -0.0455168
-5.4678254 -0.2380435
-5.9561868 -0.4707376
-6.6868949 -0.7321517
-7.8726912 -1.2093941
-9.8506527 -2.2128754
-8.5669327 -3.9224722
-1.9600261 -1.5342615
3.9826035 -2.3199904
9.5390539 -2.0518565
18.3250904 -4.7477388
32.9276466 -6.7457137
21.3679295 -3.1336257
10.5634747 -1.5297347
4.6618733 -1.6128702
-2.1932383 -0.6889845
-8.0226440 0.1698315
-7.3368559 -0.3258009
-5.8404398 -0.2162897
-4.9576511 -0.1192126
-4.3573742 -0.0706724
-3.9511669 -0.0439411
-3.6792073 -0.0223422
-3.3206904 -0.0025862
0.0000000 0.0000000
0.0000000 0.0000000
-4.6614103 -0.2106854
-5.1696515 -0.5699082
-5.5655503 -1.0079867
-6.1356544 -1.5560446
-7.0000229 -2.4373860
-8.4854555 -3.8763790
-7.5656633 -5.2752643
-0.0206848 -5.9754543
4.2864003 -5.5507240
12.6659021 -6.1459875
20.5884113 -6.8077402
31.6117153 -6.9382133
17.2375965 -1.9316723
10.2087011 -0.3321663
3.7551718 -0.1019935
-3.1010668 1.7096080
-7.7880735 2.2783017
-7.1359873 1.2970874
-5.7478385 0.8410038
-4.8715611 0.5884653
-4.2913556 0.4118284
-3.9009345 0.2791197
-3.6375866 0.1766429
-3.2815893 0.0908877
0.0000000 0.0000000
0.0000000 0.0000000
-4.3062553 -0.3429028
-4.7164941 -0.8256652
-4.9877954 -1.4037837
-5.3527160 -2.1165440
-5.8152094 -3.1783817
-6.6382298 -4.7713075
-5.8495555 -7.1348090
-2.4285111 -8.3423901
5.5502653 -9.3106527
11.6956892 -7.7499022
20.6696987 -6.3127327
26.8047409 -4.4723487
14.1085005 -0.5434019
8.7733049 1.4062989
2.2932892 2.3903117
-4.0166368 4.1752834
-7.8736510 4.5860624
-6.3969364 2.5939233
-5.3018551 1.7317355
-4.5556803 1.2027764
-4.0571280 0.8364739
-3.7208726 0.5656297
-3.4897499 0.3537633
-3.1492865 0.1723805
0.0000000 0.0000000
0.0000000 0.0000000
-3.8507364 -0.4338433
-4.1639833 -0.9902978
-4.3046803 -1.6420372
-4.4584827 -2.4329803
-4.6093569 -3.5239432
-4.7626405 -4.9762783
-4.4777012 -7.1727567
-1.0858184 -8.1182213
3.7453220 -7.6649404
9.3073988 -6.1688194
18.5209446 -4.6082845
24.5363846 -3.4181609
12.7256594 1.9538863
6.3753471 3.8040178
0.9925064 5.7327509
-3.9847050 6.9279180
-6.1920972 4.9359202
-5.1861577 3.3072555
-4.5470338 2.3141112
-4.0502448 1.6403484
-3.6881020 1.1583401
-3.4344902 0.7901275
-3.2522082 0.4945308
-2.9382362 0.2360989
0.0000000 0.0000000
0.0000000 0.0000000
-3.3416600 -0.4819897
-3.5678146 -1.0628623
-3.5953171 -1.7227380
-3.5796483 -2.4983664
-3.4891546 -3.4928551
-3.3115101 -4.6638031
-2.8428590 -6.2243900
-1.1935812 -7.8520479
3.2584124 -8.1118727
8.1522379 -6.2627363
14.2784948 -2.8281624
17.9936237 0.4381886
12.3654642 4.5782261
4.1439886 8.1583271
0.1434512 8.3934364
-3.1754482 7.8768854
-3.6232703 5.1898293
-3.7659533 3.6406801
-3.6342058 2.6138046
-3.4263043 1.8928245
-3.2302344 1.3600338
-3.0746009 0.9398234
-2.9490497 0.5908925
-2.6684561 0.2789020
0.0000000 0.0000000
0.0000000 0.0000000
-2.8214369 -0.4913651
-2.9765325 -1.0552566
-2.9192948 -1.6728681
-2.7827923 -2.3645203
-2.5351284 -3.1679997
-2.1253104 -4.0342493
-1.4050008 -5.0495338
-0.0256133 -6.0571151
2.4412642 -6.5916357
6.1696744 -5.9565201
9.6219683 -1.5530648
11.0328302 3.8824887
8.1285620 6.4608855
3.5734560 8.4932394
0.2245789 7.8576002
-1.2599101 6.1227503
-2.1381526 4.7309632
-2.5664611 3.5728917
-2.7460334 2.6743252
-2.7753899 1.9836923
-2.7348003 1.4501204
-2.6753898 1.0158168
-2.6063576 0.6427037
-2.3620398 0.3011356
0.0000000 0.0000000
0.0000000 0.0000000
-2.3229280 -0.4697613
-2.4246590 -0.9870251
-2.3125546 -1.5315777
-2.1021845 -2.1105669
-1.7628222 -2.7263465
-1.2432370 -3.3468392
-0.4326848 -3.9447806
0.8615960 -4.3825006
2.4234507 -4.3203611
4.3754792 -3.6418352
6.0908141 -1.1879858
6.5160823 1.9334358
5.1817307 3.9364479
3.1150279 5.1558623
1.0999670 5.2802019
-0.3260381 4.7426567
-1.2135837 3.9869618
-1.7226657 3.2216659
-2.0202613 2.5325792
-2.1809030 1.9420873
-2.2502272 1.4494776
-2.2688248 1.0293984
-2.2481315 0.6560469
-2.0396552 0.3059332
0.0000000 0.0000000
0.0000000 0.0000000
-1.8683857 -0.4273592
-1.9329203 -0.8821528
-1.7936068 -1.3434750
-1.5526930 -1.8093383
-1.1873339 -2.2675273
-0.6533204 -2.6881304
0.0846317 -3.0215356
1.0616034 -3.1580441
2.1149621 -2.9356351
3.2680967 -2.1598582
4.1193500 -0.6852204
4.3569245 1.0811682
3.6325674 2.3734574
2.4897482 3.3531053
1.2242683 3.7230942
0.1437059 3.6183646
-0.6428267 3.2457454
-1.1459248 2.7714558
-1.4715195 2.2784302
-1.6837132 1.8095100
-1.8115045 1.3824389
-1.8801919 0.9966547
-1.8942022 0.6400396
-1.7183319 0.2979185
0.0000000 0.0000000
0.0000000 0.0000000
-1.4698228 -0.3744063
-1.5104446 -0.7624503
-1.3655996 -1.1433760
-1.1263973 -1.5091541
-0.7802474 -1.8435370
-0.2969725 -2.1151862
0.3004630 -2.2799566
1.0110515 -2.2615941
1.7275670 -1.9884610
2.4307775 -1.3389478
2.9036984 -0.3339142
3.0181091 0.7744948
2.6135285 1.6518703
1.9160668 2.3454268
1.1006167 2.7146516
0.3270494 2.7749422
-0.3083402 2.6138990
-0.7555811 2.3310387
-1.0659909 1.9900670
-1.2857862 1.6307535
-1.4329132 1.2758319
-1.5250241 0.9346677
-1.5590013 0.6052871
-1.4108959 0.2819830
0.0000000 0.0000000
0.0000000 0.0000000
-1.1307827 -0.3194520
-1.1564950 -0.6442849
-1.0213124 -0.9537929
-0.8041775 -1.2370360
-0.5016578 -1.4770775
-0.1016530 -1.6455635
0.3573324 -1.7115784
0.8637428 -1.6272008
1.3503923 -1.3581725
1.7924732 -0.8520632
2.0761385 -0.1471235
2.1301417 0.5941193
1.8896154 1.2221389
1.4477887 1.7302862
0.9076884 2.0472264
0.3628519 2.1630931
-0.1220027 2.1123893
-0.4960053 1.9484224
-0.7678894 1.7151457
-0.9708890 1.4434166
-1.1149106 1.1542708
-1.2095875 0.8592439
-1.2499609 0.5617685
-1.1252466 0.2627006
0.0000000 0.0000000
0.0000000 0.0000000
-0.8486254 -0.2682485
-0.8648777 -0.5377144
-0.7478263 -0.7875670
-0.5642483 -1.0060343
-0.3156410 -1.1771281
-0.0037271 -1.2781236
0.3356308 -1.2895321
0.6933769 -1.1824826
1.0243230 -0.9421092
1.3086729 -0.5499486
1.4859933 -0.0409977
1.5106548 0.4826533
1.3601471 0.9484161
1.0745690 1.3341461
0.7113729 1.5977623
0.3290563 1.7254728
-0.0274472 1.7296847
-0.3235564 1.6376504
-0.5491636 1.4773966
-0.7216436 1.2710971
-0.8488155 1.0361847
-0.9334626 0.7836521
-0.9696696 0.5180497
-0.8640950 0.2440168
0.0000000 0.0000000
0.0000000 0.0000000
-0.6163280 -0.2242130
-0.6262705 -0.4480757
-0.5311964 -0.6508935
-0.3855708 -0.8205734
-0.1935135 -0.9433489
0.0375250 -1.0022584
0.2805711 -0.9844167
0.5284413 -0.8743410
0.7527177 -0.6670685
0.9362813 -0.3588299
1.0478809 0.0228362
1.0597624 0.4116519
0.9615954 0.7698579
0.7748122 1.0726607
0.5319620 1.2924358
0.2671604 1.4163100
0.0111694 1.4467053
-0.2096789 1.3971527
-0.3854984 1.2853942
-0.5232055 1.1265520
-0.6253628 0.9340891
-0.6929941 0.7176724
-0.7170582 0.4817948
-0.6242945 0.2302538
0.0000000 0.0000000
0.0000000 0.0000000
-0.4247126 -0.1891740
-0.4295017 -0.3779547
-0.3580421 -0.5454330
-0.2503901 -0.6802098
-0.1125781 -0.7701210
0.0480001 -0.8030943
0.2143248 -0.7707400
0.3788897 -0.6650528
0.5251035 -0.4863510
0.6414981 -0.2373145
0.7092609 0.0615940
0.7143775 0.3658490
0.6511011 0.6525288
0.5301219 0.8995165
0.3709471 1.0862073
0.1950008 1.2014596
0.0202270 1.2435195
-0.1351753 1.2189273
-0.2609666 1.1388776
-0.3614431 1.0137333
-0.4361483 0.8540792
-0.4827962 0.6682321
-0.4894037 0.4609467
-0.3973599 0.2328287
0.0000000 0.0000000
0.0000000 0.0000000
-0.2639019 -0.1640067
-0.2635235 -0.3270590
-0.2153051 -0.4684741
-0.1449580 -0.5779956
-0.0567123 -0.6447608
0.0424993 -0.6605973
0.1448583 -0.6220235
0.2443968 -0.5232848
0.3310204 -0.3669906
0.3973056 -0.1597127
0.4350329 0.0838116
0.4352804 0.3335844
0.3962287 0.5719527
0.3234290 0.7802218
0.2268885 0.9419985
0.1192912 1.0469997
0.0126643 1.0918931
-0.0839748 1.0812933
-0.1636013 1.0232401
-0.2266383 0.9233689
-0.2726687 0.7905126
-0.2968871 0.6344434
-0.2747921 0.4701918
-0.1316922 0.3148134
0.0000000 0.0000000
0.0000000 0.0000000
-0.1246311 -0.1434155
-0.1169811 -0.2748087
-0.0922190 -0.3859363
-0.0586968 -0.4660726
-0.0175062 -0.5069770
0.0283365 -0.5096557
0.0750328 -0.4728996
0.1196258 -0.3892091
0.1576394 -0.2615550
0.1852972 -0.0982786
0.1995509 0.0884809
0.1969841 0.2821095
0.1766264 0.4694070
0.1412185 0.6343479
0.0959366 0.7631407
0.0460026 0.8470896
-0.0030593 0.8830829
-0.0465783 0.8811651
-0.0827936 0.8460268
-0.1106014 0.7748190
-0.1287181 0.6735526
-0.1288799 0.5580283
-0.0517733 0.4973752
0.1694120 0.5116108
0.0000000 0.0000000
0.0000000 0.0000000
0.0000000 0.0000000
0.0000000 0.0000000
0.0000000 0.0000000
0.0000000 0.0000000
0.0000000 0.0000000
0.0000000 0.0000000
0.0000000 0.0000000
0.0000000 0.0000000
0.0000000 0.0000000
0.0000000 0.0000000
0.0000000 0.0000000
0.0000000 0.0000000
0.0000000 0.0000000
0.0000000 0.0000000
0.0000000 0.0000000
0.0000000 0.0000000
0.0000000 0.0000000
0.0000000 0.0000000
0.0000000 0.0000000
0.0000000 0.0000000
0.0000000 0.0000000
0.0000000 0.0000000
0.0000000 0.0000000
0.0000000 0.0000000
0.0000000 0.0000000
0.0000000 0.0000000
-0.1561342 0.1666023
0.0000000 0.0000000
-0.6757380 0.1553985
-0.4325564 0.7979847
-0.4080748 1.4827875
0.0000000 0.0000000
-1.0583545 1.2037177
-0.3250752 2.0907152
-0.3095212 2.6221633
0.0000000 0.0000000
-0.8505654 2.0856819
-0.3102896 3.1393118
-0.3218247 3.6794538
0.0000000 0.0000000
-0.8988340 2.9718471
-0.3375544 4.2477026
-0.3468495 4.8174553
0.0000000 0.0000000
-0.9728535 3.8980901
-0.3552126 5.4308276
-0.3711818 6.0421143
0.0000000 0.0000000
-1.0466602 4.8829241
-0.3852445 6.7113142
-0.4150450 7.3726258
0.0000000 0.0000000
-1.1394566 5.9369202
-0.4350302 8.1379814
-0.4952923 8.8709221
0.0000000 0.0000000
-1.2865592 7.0782018
-0.5343871 9.8371830
-0.6738876 10.6985111
0.0000000 0.0000000
-1.5929322 8.3801088
-0.7975894 12.1408081
-1.1012156 13.3596439
0.0000000 0.0000000
-2.3519957 10.2089100
-1.5714350 15.6572161
-1.8150415 18.2547436
0.0000000 0.0000000
-4.2964039 14.3774204
-1.5960782 21.1551151
-2.4579430 24.5181637
0.0000000 0.0000000
3.1017876 13.3967094
4.6241670 17.3380795
8.9136171 9.5320263
0.0000000 0.0000000
11.7977409 10.0846224
12.6050873 -7.7519522
-0.6131391 -10.6803656
0.0000000 0.0000000
11.8376713 -2.6419969
-1.1531590 -13.9914341
-0.4893742 -12.8608274
0.0000000 0.0000000
-9.4674540 -8.7328234
-0.0235099 -8.8556223
-0.5036421 -7.4767318
0.0000000 0.0000000
-1.5570929 -6.3412323
-0.4569001 -6.8818064
-0.3847170 -6.0784121
0.0000000 0.0000000
-1.0314687 -5.0220103
-0.3208790 -5.5555463
-0.2864791 -5.0498500
0.0000000 0.0000000
-0.7595280 -4.2054291
-0.2577703 -4.5974088
-0.2463588 -4.1914587
0.0000000 0.0000000
-0.6240326 -3.5194974
-0.2346452 -3.7922194
-0.2266957 -3.4244900
0.0000000 0.0000000
-0.5646443 -2.8911314
-0.2186774 -3.0609968
-0.2122473 -2.7150271
0.0000000 0.0000000
-0.5328729 -2.3057010
-0.2061975 -2.3785334
-0.1995710 -2.0471945
0.0000000 0.0000000
-0.5084786 -1.7515239
-0.1947176 -1.7363484
-0.1867044 -1.4158343
0.0000000 0.0000000
-0.4894114 -1.2292275
-0.1894671 -1.1235509
-0.1886830 -0.7970091
0.0000000 0.0000000
-0.5389748 -0.7046173
-0.2172990 -0.4603519
-0.1920342 -0.1193519
0.0000000 0.0000000
-0.4040928 -0.1261053
0.0000000 0.0000000
0.0000000 0.0000000
-0.9952930 0.2496742
-1.4855832 0.2308010
-1.7344584 0.7295882
-1.5555278 1.2820824
-1.9765477 1.1869041
-1.3109430 1.7342478
-1.2549816 2.1658478
-1.7439919 2.0059977
-1.2927432 2.5978732
-1.3312532 3.0814731
-1.8257753 2.9049370
-1.3791744 3.5406830
-1.4133536 4.0289817
-1.9368033 3.8274686
-1.4655195 4.5188370
-1.5181642 5.0266180
-2.0682247 4.7993279
-1.5800365 5.5590634
-1.6682998 6.0783906
-2.2226348 5.8083034
-1.7571489 6.6775398
-1.9311590 7.1882467
-2.4536791 6.8135653
-2.0990021 7.9106278
-2.4980981 8.3733549
-2.9371121 7.6853652
-2.8730164 9.3802776
-3.9763210 9.6180086
-4.0801201 7.9825249
-5.2933245 11.1120892
-8.3868113 12.0736008
-8.7306261 8.1776657
-1.0601653 8.9043379
7.1466846 11.0255461
12.3424711 10.7066393
11.6118259 8.0728779
18.5762157 4.2782717
21.0865154 5.2742076
23.3505611 -2.7037303
16.3070812 -2.2369854
21.1692448 -3.4623218
4.5605230 -7.9362063
-9.9697256 -6.5044594
-6.6692433 -4.3578191
-2.5028276 -5.7566757
-2.1042092 -6.0191903
-2.9047761 -5.2499509
-1.5481602 -5.1154056
-1.3891847 -4.8481002
-1.7558388 -4.6183157
-1.1934013 -4.4007697
-1.1017203 -4.1259055
-1.3786293 -4.0008740
-1.0152291 -3.7661180
-0.9726059 -3.4900815
-1.2438765 -3.4038157
-0.9251693 -3.1641545
-0.8970371 -2.8814778
-1.1597540 -2.8103206
-0.8674240 -2.5817494
-0.8426273 -2.3017666
-1.1005872 -2.2405965
-0.8216130 -2.0239880
-0.7980343 -1.7481169
-1.0535814 -1.6964815
-0.7785190 -1.4881753
-0.7528363 -1.2152928
-1.0079862 -1.1769855
-0.7551137 -0.9794613
-0.8064753 -0.6933067
-1.0812299 -0.6824853
-0.9306308 -0.4064822
-0.6413324 -0.1329281
-0.8785333 -0.1400623
0.0000000 0.0000000
0.0000000 0.0000000
-1.8751359 0.2588630
-2.3539715 0.2690653
-2.7677555 0.7054194
-2.3789349 1.1696812
-2.7473819 1.1189471
-2.1438174 1.5607477
-2.1412315 1.9760196
-2.6066637 1.9031467
-2.2012436 2.4089687
-2.2359858 2.8753994
-2.7302709 2.7724590
-2.3178666 3.3117325
-2.3624506 3.8074200
-2.8977542 3.6982536
-2.4619851 4.2759767
-2.5148115 4.7886367
-3.0918205 4.6761508
-2.6194339 5.2890368
-2.6924946 5.7994909
-3.2778471 5.6790328
-2.8069735 6.3240643
-2.9468055 6.7780437
-3.4603512 6.6428061
-3.0891318 7.3146162
-3.3634536 7.6060452
-3.6746395 7.4121156
-3.5405557 8.0295925
-4.0246701 8.0393734
-4.1146994 7.8563151
-3.9424028 8.1966782
-7.2189374 7.8858347
-5.4084449 7.2969661
-8.2136135 7.2001214
5.9967818 7.4333997
10.6527338 3.4371963
19.7650986 8.9754877
23.8738041 5.9961648
31.1418037 3.8528466
32.0744781 -4.0485373
24.5974102 -2.1792150
30.4507046 0.1322230
-7.0556369 -1.1690987
-4.5519414 -3.7322001
-2.1790860 -2.8893449
-3.6918690 -4.8018117
-2.9872928 -4.7366152
-2.5859907 -4.6142640
-2.3689322 -4.5823455
-2.0923512 -4.4663920
-2.1944876 -4.5037537
-1.8094429 -4.1260271
-1.6986675 -3.9191935
-1.8684103 -3.8961637
-1.6156512 -3.6120613
-1.5688211 -3.3575575
-1.7968408 -3.3213153
-1.5192269 -3.0550375
-1.4770267 -2.7791855
-1.7296301 -2.7386708
-1.4373717 -2.4917231
-1.3955153 -2.2117822
-1.6513480 -2.1695995
-1.3637962 -1.9530001
-1.3264883 -1.6728816
-1.5782377 -1.6367630
-1.3028724 -1.4258940
-1.2661500 -1.1551996
-1.5162572 -1.1257801
-1.2520882 -0.9441727
-1.3085458 -0.6700550
-1.5568231 -0.6556484
-1.5163857 -0.4155867
-1.1258200 -0.1514318
-1.3833417 -0.1567513
0.0000000 0.0000000
0.0000000 0.0000000
-2.7775261 0.2783903
-3.2494614 0.2788541
-3.5997057 0.6883889
-3.0895364 1.0765605
-3.4394960 1.0168813
-2.9497674 1.4319242
-3.0007939 1.8549116
-3.4284308 1.7766318
-3.0706182 2.2660229
-3.1344178 2.7099869
-3.6107559 2.6028006
-3.2499189 3.1422672
-3.3166938 3.6503963
-3.8598435 3.5156343
-3.4668093 4.1012850
-3.4979625 4.6798491
-4.1418533 4.5311909
-3.6678057 5.1375175
-3.6599567 5.7499251
-4.3995581 5.6257706
-3.8244455 6.2107930
-3.8080058 6.7769198
-4.5270753 6.6875486
-3.8845005 7.1516285
-3.9313786 7.5835238
-4.4053326 7.7773318
-3.9617360 7.9558091
-4.4190893 7.8657947
-4.1732845 7.8655243
-4.4966230 7.7164235
-4.8217816 6.2215557
-3.2831898 5.8743005
1.0029615 -4.2026463
8.3814745 0.8920332
8.0017548 0.0277390
14.5434446 3.6208622
27.5736103 3.6578655
32.0784760 -2.7057838
38.2750015 -7.9461231
26.7583923 -0.5134082
16.2076626 1.2177043
-1.0777185 -1.7520747
-1.2449101 -3.1450973
0.0269561 -2.6995943
-2.1843319 -5.0111070
-2.5959306 -4.8849754
-2.0706036 -5.2449632
-2.7610798 -5.0891685
-2.7404714 -4.7856326
-2.9476628 -5.0857987
-2.4835052 -4.3227758
-2.3055859 -3.9784818
-2.5932322 -4.0766592
-2.1964560 -3.6293933
-2.1459630 -3.3149035
-2.3866172 -3.2976370
-2.1186299 -3.0235214
-2.0556853 -2.7143536
-2.3157592 -2.6669526
-2.0104222 -2.4418268
-1.9437151 -2.1344221
-2.2032595 -2.0814381
-1.8989584 -1.9004328
-1.8418823 -1.6034418
-2.0909789 -1.5579731
-1.8104905 -1.3804625
-1.7638777 -1.1026952
-2.0069189 -1.0687243
-1.7384845 -0.9070768
-1.7688750 -0.6400150
-2.0015712 -0.6191494
-2.0056880 -0.4158968
-1.6463177 -0.1607276
-1.9103998 -0.1604427
0.0000000 0.0000000
0.0000000 0.0000000
-3.6688552 0.2729148
-4.1072230 0.2610733
-4.2158146 0.6513077
-3.7568252 0.9541921
-4.0921187 0.8774692
-3.7347803 1.2932384
-3.7961504 1.6956422
-4.1852713 1.5813677
-3.9003615 2.0653572
-4.0017920 2.5065413
-4.4615936 2.3563333
-4.1647601 2.9101701
-4.2860336 3.4223483
-4.8274364 3.2527330
-4.4816394 3.8799269
-4.5966372 4.4770036
-5.2370205 4.3106894
-4.8036227 4.9726400
-4.7626505 5.7471037
-5.6522670 5.5841970
-5.0028887 6.1825938
-4.7390127 7.1608262
-6.0582142 7.2861075
-4.9323888 7.8168516
-5.1961603 8.2946110
-5.1316338 8.3653831
-4.1784315 8.5544739
-2.3949883 7.8017693
-1.1856673 5.9947653
0.2253280 5.8489027
1.1794366 5.4763069
1.4531142 4.4325066
8.1324196 -3.3954296
10.3543291 -0.3928780
11.7515554 -0.3249794
14.5790253 1.9055116
31.3865929 -1.9629698
35.7294502 -3.3291883
37.7174797 -0.0371004
24.5805435 0.1884844
26.4500885 -1.3518872
2.8128564 -3.9804060
1.4042513 -2.8371346
2.7727139 -2.9310718
-0.4097920 -4.8076911
-1.8981061 -5.2523880
-1.2148201 -5.1146913
-2.9413188 -5.5154986
-3.5330997 -5.3713031
-3.7183378 -5.4426403
-3.5373166 -4.7861657
-3.2625299 -4.2640228
-3.7824790 -4.3722091
-2.9148564 -3.7400503
-2.7918844 -3.3185420
-3.1070793 -3.2847075
-2.7713339 -3.0052602
-2.6635044 -2.6332545
-2.9580972 -2.5538447
-2.5939782 -2.3841126
-2.4938583 -2.0317512
-2.7601979 -1.9551870
-2.4281337 -1.8268323
-2.3450406 -1.5112550
-2.5906723 -1.4470545
-2.2972422 -1.3182060
-2.2385724 -1.0366051
-2.4704113 -0.9902068
-2.2098005 -0.8541993
-2.2054369 -0.5966249
-2.4287319 -0.5679409
-2.4026861 -0.3987538
-2.1715775 -0.1587919
-2.4276540 -0.1541943
0.0000000 0.0000000
0.0000000 0.0000000
-4.4886804 0.2427491
-4.8683615 0.2199314
-4.6249409 0.5911003
-4.3910546 0.7918775
-4.6937056 0.6969629
-4.4342279 1.1305455
-4.5170517 1.4519784
-4.8538947 1.2949275
-4.6724920 1.8001231
-4.8299861 2.1966131
-5.2472534 1.9806334
-5.0645385 2.5671492
-5.2440109 3.0964575
-5.7946334 2.8332884
-5.5469189 3.5073428
-5.7387433 4.1920357
-6.4462547 3.9342239
-6.0787621 4.7157640
-6.2748122 5.6290431
-7.2921319 5.5325627
-6.6795282 6.3712626
-6.6775165 7.5027051
-7.2144895 7.0789633
-5.9250059 7.9313946
-4.7914200 7.3200402
-3.6075392 6.1506033
-1.9841422 5.9602642
0.9470178 4.5890894
1.8930176 3.7499192
2.9895883 3.2069936
3.2654865 3.2698128
4.8825746 1.8572054
12.4443302 -2.7638462
13.0689249 -1.2753251
14.5461025 -1.8506678
14.9369621 0.2088362
30.6682663 -3.8796155
37.3706627 -6.5921297
35.6045265 -6.7344842
21.2421188 -2.6943173
18.2122059 -2.3897274
7.4222345 -2.7211041
4.3452606 -3.0197492
5.5846052 -3.1386833
1.4266859 -4.5342960
-0.8675557 -5.0234885
-0.3845631 -4.5905213
-2.6670461 -5.3414850
-4.0037169 -5.3357301
-4.1358938 -4.9756999
-4.7231369 -4.8051200
-4.5547328 -4.4240818
-5.1799717 -4.2838368
-3.8507338 -3.7549043
-3.5737331 -3.2666264
-3.9821751 -3.1411707
-3.4992266 -2.9183755
-3.3110318 -2.4708807
-3.6386614 -2.3306565
-3.1842496 -2.2617464
-3.0415189 -1.8735977
-3.3117499 -1.7591892
-2.9395905 -1.7010068
-2.8284826 -1.3783118
-3.0646465 -1.2886082
-2.7559812 -1.2135869
-2.6806269 -0.9414687
-2.8966532 -0.8781338
-2.6472969 -0.7738997
-2.6222668 -0.5369601
-2.8313820 -0.4995409
-2.7159967 -0.3638091
-2.6726139 -0.1489176
-2.9078743 -0.1408262
0.0000000 0.0000000
0.0000000 0.0000000
-5.1817746 0.1928619
-5.4805126 0.1612199
-4.8548002 0.5024475
-4.9557748 0.5896528
-5.1958523 0.4766183
-4.9868684 0.9267570
-5.1384468 1.1104689
-5.3974042 0.9089631
-5.3345242 1.4668367
-5.5824304 1.7212003
-5.9067521 1.4214562
-5.8925362 2.1154761
-6.2011728 2.5255153
-6.6692243 2.1125295
-6.6461158 2.9239261
-6.9425964 3.6605210
-7.7176294 3.1596434
-7.6290636 4.1048994
-8.2581310 5.3960056
-9.1955624 4.9010630
-8.2723494 5.6821322
-7.3479939 6.1986356
-6.9867568 5.2864008
-5.3132443 6.3856444
-2.1874621 4.6043067
-1.2038369 3.2043376
0.6104879 3.4749632
2.9391439 2.5395911
3.7942858 1.6250998
5.6312628 0.9758322
6.3540173 0.4249183
7.6177425 -0.2344431
14.4936523 -3.3740931
16.1144886 -1.9954405
16.5990524 -2.4223955
18.7906628 -1.1471798
35.6772995 -4.6447983
36.6466293 -5.4952807
32.8522339 -2.8887165
17.1805496 -2.9846072
17.0050735 -3.5270355
9.9309464 -3.1196525
6.2520332 -3.5816717
6.6940026 -3.6881351
2.9117334 -4.2407670
0.0264710 -4.4545860
0.0154952 -4.2659225
-2.3373003 -4.8482623
-4.1809125 -4.6591320
-4.3550024 -4.4327707
-5.5307970 -4.1873274
-5.7405686 -4.0713792
-6.2247143 -3.7536874
-4.9480219 -3.3827236
-4.4546609 -2.9752066
-4.9104710 -2.6891870
-4.2257218 -2.6709864
-3.9532013 -2.1763370
-4.2755480 -1.9774394
-3.7554884 -2.0245714
-3.5629375 -1.6301181
-3.8193347 -1.4730558
-3.4137697 -1.4931074
-3.2745681 -1.1891941
-3.4891412 -1.0707252
-3.1702454 -1.0492271
-3.0783215 -0.8087881
-3.2687037 -0.7270501
-3.0272543 -0.6590395
-3.0034618 -0.4583893
-3.1887958 -0.4125530
-2.9534082 -0.3104453
-3.1245203 -0.1312958
-3.3282421 -0.1198062
0.0000000 0.0000000
0.0000000 0.0000000
-5.7012205 0.1264480
-5.8851385 0.0869261
-4.9490709 0.3785685
-5.3888965 0.3546712
-5.5396819 0.2356056
-5.3595057 0.6659730
-5.6064358 0.6840187
-5.7564340 0.4609590
-5.8175993 1.0382358
-6.1673994 1.0717746
-6.3487377 0.7256370
-6.5350747 1.5226929
-7.0228963 1.6066515
-7.2848487 1.0984398
-7.6034174 2.0995250
-8.2549639 2.5612142
-8.8162289 1.8083951
-9.3398170 2.8933740
-9.7032328 4.1594563
-10.1587954 2.9972908
-8.4352674 2.9268217
-6.7528210 3.7682881
-6.1062794 2.4389358
-3.4505312 3.5752523
-0.0544614 2.0598090
0.0846487 0.5225918
2.1925895 1.9107860
5.0304375 0.8768349
6.0159593 -0.2484533
8.1420727 -0.6241580
8.5029650 -0.6158999
9.1746321 -0.9845402
16.0576229 -3.8866918
17.3111534 -2.8620026
18.1925697 -3.1604555
24.4109364 -3.2304819
35.4643898 -6.0716577
35.5593452 -6.2128930
30.8558445 -4.2516680
16.2126999 -2.9457488
15.7786007 -2.8097057
10.7027721 -3.1881955
7.2194171 -3.3934572
7.4653893 -3.1035345
3.4826133 -3.7337966
0.4560393 -3.9214110
0.1435224 -3.5389044
-2.0646434 -4.0623889
-4.5877323 -4.1926355
-4.8886480 -3.7683208
-6.2463112 -3.2631083
-6.6512976 -3.4157884
-7.0545578 -3.0612643
-5.9194531 -2.8101954
-5.2711377 -2.3770468
-5.6545238 -2.0177238
-4.8804140 -2.2204571
-4.5405993 -1.7400261
-4.8250332 -1.4778873
-4.2572017 -1.6455235
-4.0213771 -1.2932147
-4.2415628 -1.0940254
-3.8213110 -1.1877660
-3.6554275 -0.9376630
-3.8330941 -0.7919090
-3.5174091 -0.8201544
-3.4131889 -0.6362298
-3.5641298 -0.5378451
-3.3285458 -0.5080709
-3.3277383 -0.3613109
-3.4729407 -0.3071522
-3.1239073 -0.2387965
-3.5028605 -0.1049023
-3.6634991 -0.0903832
0.0000000 0.0000000
0.0000000 0.0000000
-6.0033126 0.0400244
-6.0446820 -0.0001981
-4.9688387 0.2210743
-5.6338081 0.1064550
-5.6589260 -0.0235917
-5.5537767 0.3371563
-5.8635650 0.2154071
-5.8759265 -0.0260950
-6.0808063 0.4920855
-6.4901409 0.3334543
-6.4927082 -0.0496981
-6.8877287 0.7330470
-7.4890418 0.4948137
-7.4796605 -0.0768855
-8.1617460 0.9786425
-9.1785374 0.8862423
-9.2252684 0.0272608
-10.3913574 1.1572446
-10.2812786 1.6812146
-10.3189678 0.3558552
-8.1444206 0.3842132
-5.3049030 1.1487808
-5.5101891 -0.0006713
-1.8768456 1.0612898
0.7704709 0.3804538
-0.0207547 -0.8191113
3.5390406 0.2582754
6.9164453 -1.0679795
7.0175352 -1.4791445
8.8518267 -0.7409843
10.2221851 -1.4159366
11.9715748 -1.9461728
17.6047993 -3.8820508
19.5694904 -3.7880058
20.5567112 -3.9184234
30.1132603 -5.1468058
34.1490974 -5.8059907
31.1656113 -5.0953641
26.8977757 -3.5179505
15.7660961 -3.1278462
14.8704243 -2.9012313
10.9672146 -2.9138663
7.7542386 -2.6280153
7.8274479 -2.1061633
3.8579450 -3.0672033
0.8103854 -2.8748312
0.3194624 -2.3546109
-1.7531118 -2.8938363
-5.1185975 -3.2041714
-5.3404436 -2.6479068
-6.9707475 -1.9579884
-7.5048079 -2.6667831
-8.0013971 -2.0624402
-6.6425424 -2.1134717
-5.9064436 -1.5980577
-6.2371674 -1.1825408
-5.3962126 -1.5670576
-5.0022659 -1.1717925
-5.2215476 -0.8564495
-4.6492658 -1.1218390
-4.3780737 -0.8642130
-4.5331621 -0.6312495
-4.1295762 -0.7877401
-3.9432468 -0.6257887
-4.0623193 -0.4587761
-3.7727749 -0.5336165
-3.6615846 -0.4276106
-3.7585332 -0.3166814
-3.5387986 -0.3256747
-3.5709636 -0.2487921
-3.6585147 -0.1869370
-3.2403347 -0.1516149
-3.7851050 -0.0708638
-3.8875794 -0.0549611
0.0000000 0.0000000
0.0000000 0.0000000
-6.0516968 -0.0417227
-5.9658427 -0.0757843
-4.9469528 0.0428468
-5.6435509 -0.1557939
-5.5498118 -0.2745908
-5.5617847 -0.0483008
-5.8672085 -0.2756918
-5.7441478 -0.4942373
-6.0826020 -0.1605948
-6.4874196 -0.4517686
-6.3119826 -0.7971010
-6.8799739 -0.2658199
-7.4851074 -0.7013792
-7.2194066 -1.2251996
-8.1727190 -0.5083601
-9.2768736 -0.9665172
-8.8653078 -1.8128191
-10.4262142 -1.0207598
-10.3045540 -1.1362410
-9.8335781 -2.6353061
-8.4678698 -1.9776621
-4.8144746 -0.5072033
-5.3517098 -2.4331260
-1.2243158 -0.6141629
1.3665481 -1.1012913
0.6231460 -1.5946537
4.6024113 -0.9338253
7.0529041 -1.5120341
6.6708655 -2.1719518
8.8782501 -0.8163805
13.4119596 -3.0285854
14.9947147 -4.4606457
17.7599487 -4.3570585
23.8587074 -5.0758195
24.9490051 -5.6731319
31.9646225 -6.5827928
31.5650387 -5.5067682
28.5343304 -4.9131637
23.9759560 -3.4458182
13.7385712 -2.3138084
12.7821150 -2.0439079
10.8342190 -2.0548673
7.6785746 -1.5410328
7.3262815 -1.1787481
4.4063344 -2.0854707
1.1369454 -1.9580524
0.1584830 -0.9861797
-1.9965354 -1.2371109
-5.1622648 -2.0053017
-5.2772908 -1.1166106
-7.5549455 -0.6389623
-8.3267202 -1.2342620
-8.5085716 -0.3453196
-7.2053771 -1.0928831
-6.3513665 -0.6685972
-6.4916110 -0.1826756
-5.7504482 -0.7005262
-5.2981281 -0.4801215
-5.3942480 -0.1186820
-4.8845172 -0.4687967
-4.5870810 -0.3601367
-4.6583695 -0.1030149
-4.3042994 -0.3188262
-4.1068835 -0.2672324
-4.1555233 -0.0884506
-3.9131153 -0.2115020
-3.8006523 -0.1904683
-3.8362718 -0.0731910
-3.6519723 -0.1252639
-3.7092588 -0.1191275
-3.7351544 -0.0548924
-3.3105054 -0.0537384
-3.9513824 -0.0359722
-3.9892151 -0.0189139
0.0000000 0.0000000
0.0000000 0.0000000
-5.8667436 -0.1039822
-5.6831160 -0.1283885
-4.8205271 -0.1292856
-5.4399867 -0.3965877
-5.2593036 -0.4983232
-5.3577080 -0.4106531
-5.6234250 -0.7140651
-5.3976097 -0.8974048
-5.8060870 -0.7560220
-6.1493654 -1.1373910
-5.8419476 -1.4177464
-6.4734368 -1.1717950
-6.9941502 -1.7398275
-6.5297518 -2.1524484
-7.5471177 -1.8347194
-8.5247660 -2.6623797
-7.7271056 -3.2963617
-9.3895903 -3.0599318
-9.4920549 -3.9217300
-8.5005045 -4.6446667
-8.6217022 -5.2601871
-5.5994935 -5.3250747
-4.1567569 -5.5275545
-2.5024319 -5.1867280
0.8636119 -4.1523070
2.1766186 -4.6574636
3.9902880 -3.4079125
6.9101090 -3.8163595
7.8862667 -6.0889816
11.4230595 -4.3191524
16.4863319 -5.5264072
15.6819639 -6.6974645
18.7109680 -6.0839252
23.9431725 -7.2000852
26.7429047 -7.5494900
31.1732483 -7.0278306
29.3659058 -5.9435034
26.2555218 -4.9962664
18.5618763 -2.5823863
12.1730995 -1.7480930
11.8547726 -1.4059300
10.3986359 -0.9336623
6.6936879 -1.0162779
6.0867119 -0.5472805
4.8169198 -0.9089336
1.0574769 -0.2108362
-0.0655075 0.6024796
-2.3740134 0.2896307
-5.9864802 0.1232554
-6.1894946 1.1197425
-7.9918747 0.9994465
-8.3144140 0.6622712
-8.5015917 1.3944157
-7.2983642 0.4337202
-6.4144373 0.4321031
-6.4050193 0.9350511
-5.7915316 0.2822626
-5.3314013 0.3030499
-5.2892213 0.6530966
-4.9138961 0.2307789
-4.6116037 0.1933818
-4.5701060 0.4450350
-4.3240652 0.1711450
-4.1259122 0.1157163
-4.0914726 0.2920018
-3.9279041 0.1181947
-3.8189232 0.0602452
-3.7884650 0.1762896
-3.6644120 0.0775946
-3.7305295 0.0190243
-3.6995053 0.0837759
-3.3217268 0.0453091
-3.9933689 -0.0021473
-3.9746544 0.0139874
0.0000000 0.0000000
0.0000000 0.0000000
-5.5033970 -0.1485951
-5.2430644 -0.1657382
-4.5323424 -0.2782670
-5.0675912 -0.5919954
-4.8217201 -0.6653728
-4.9708281 -0.7070399
-5.1820054 -1.0673764
-4.8845963 -1.1979644
-5.3047261 -1.2251861
-5.5637517 -1.6764665
-5.1752038 -1.8701049
-5.7752733 -1.8740789
-6.1212368 -2.4985957
-5.5901494 -2.7652690
-6.4235311 -2.8710239
-7.0414600 -3.7417524
-6.1903481 -4.0484939
-7.6872740 -4.4411712
-7.8231664 -5.4365654
-6.5857263 -6.0397105
-7.5653439 -6.1030812
-6.2141171 -6.9506931
-4.6473970 -7.5672050
-3.2017996 -8.2428522
0.7662519 -8.4511251
1.3371633 -9.2783241
4.3263774 -8.5171919
9.1035595 -7.8805285
8.5745029 -8.8647032
11.9468632 -7.5826144
14.8619032 -7.1143727
15.1840734 -6.3559599
19.9840431 -6.8962030
24.3135834 -6.0670910
26.3106022 -4.9470763
26.8043232 -4.3294067
23.6990013 -2.6974537
20.8416443 -1.6919717
16.0368958 -1.2622035
11.3628445 -0.9223686
10.4380655 -0.0901215
9.8553514 0.5436801
5.6863708 0.3565187
5.1697326 1.6455878
3.1458735 1.1724063
0.1317411 1.8387955
-0.5695772 2.7721288
-3.3065755 2.3118908
-5.8578706 2.6986248
-7.1801190 4.1293497
-8.3709793 3.0915713
-7.7954516 2.4906428
-7.2276554 3.1499071
-6.6865683 1.9469775
-6.1265788 1.5453405
-5.7479429 2.0453944
-5.4887486 1.3189107
-5.1139364 1.0464294
-4.8669429 1.3912498
-4.7014475 0.9150059
-4.4457145 0.7198671
-4.2748637 0.9562518
-4.1714044 0.6362391
-3.9986241 0.4822264
-3.8755805 0.6439042
-3.8127048 0.4297605
-3.7189143 0.3009703
-3.6223333 0.4069629
-3.5702679 0.2697546
-3.6488187 0.1540174
-3.5607753 0.2134362
-3.2396302 0.1355255
-3.9230313 0.0298031
-3.8501399 0.0453400
0.0000000 0.0000000
0.0000000 0.0000000
-5.0017195 -0.1778636
-4.6927981 -0.1882175
-4.1199131 -0.3903211
-4.5685463 -0.7238492
-4.2864718 -0.7660929
-4.4536710 -0.9195516
-4.5957012 -1.2983958
-4.2681708 -1.3707656
-4.6490226 -1.5461472
-4.7987752 -2.0103176
-4.3921041 -2.1081946
-4.8927093 -2.3072224
-5.0700965 -2.9389195
-4.5499830 -3.0583074
-5.1562424 -3.3695006
-5.4584246 -4.2375717
-4.7112455 -4.3763752
-5.6979122 -4.8807359
-5.8956642 -6.2648039
-4.8742013 -6.1390476
-5.0931191 -7.3711433
-3.6086080 -7.7583747
-3.1918907 -7.9828024
-1.7440873 -8.1571283
1.0956006 -8.2374029
0.8954592 -7.9878755
4.1053796 -8.5096712
7.1231790 -8.3682671
6.6498718 -6.9508429
9.9813128 -7.4165854
13.8358688 -6.5709467
13.0881138 -5.9013963
17.8393478 -5.7965255
22.2144909 -4.6816182
23.8140755 -3.7923057
24.1232834 -3.8197668
20.7711868 -1.3090653
18.4203453 1.6524398
13.2194347 0.7558122
9.8754539 1.2144114
9.2295446 2.6344678
7.7654166 2.5207069
4.4371543 3.1072109
3.8006639 4.6545329
1.4750211 3.9547513
-1.4208288 4.8098216
-1.3565847 6.2343540
-4.7668653 5.4893904
-6.3538790 5.6639438
-6.0101666 6.1850190
-7.0624266 4.9581270
-6.4765744 3.6203001
-5.3229537 4.1931558
-5.6268201 3.2276361
-5.3685627 2.3743615
-4.7273550 2.8196669
-4.8381472 2.1611457
-4.6129656 1.6501641
-4.2248883 1.9406008
-4.2693858 1.4807302
-4.0930724 1.1544894
-3.8299499 1.3515980
-3.8624403 1.0248998
-3.7360764 0.7914704
-3.5430984 0.9256835
-3.5778859 0.6925502
-3.5106413 0.5080273
-3.3591516 0.5961546
-3.3784387 0.4326227
-3.4705586 0.2721902
-3.3342462 0.3217514
-3.0720088 0.2105525
-3.7491856 0.0581976
-3.6303647 0.0721525
0.0000000 0.0000000
0.0000000 0.0000000
-4.4117279 -0.1918243
-4.0826721 -0.1956706
-3.6287065 -0.4598815
-3.9939604 -0.7890387
-3.7034113 -0.8023278
-3.8638375 -1.0368134
-3.9397614 -1.4067224
-3.6169612 -1.4262871
-3.9289796 -1.7007155
-3.9777532 -2.1417687
-3.6057026 -2.1555142
-3.9622686 -2.4909160
-3.9823704 -3.0523782
-3.5643852 -3.0362637
-3.8982527 -3.5435114
-3.8428588 -4.2333684
-3.4385099 -4.1344090
-3.6776011 -4.8607926
-3.5992467 -5.8049574
-3.1402569 -5.4974356
-3.3802178 -6.8345938
-2.5854890 -7.7934632
-2.3465853 -7.1004210
-0.9838894 -8.4103775
1.1125876 -8.3351603
0.8870725 -8.2496347
3.3595212 -7.9700365
5.9640017 -7.2414994
5.5295143 -7.6431837
8.8985920 -6.2311034
11.7584772 -5.8772917
10.8968325 -5.6327281
15.4757719 -3.7787452
18.8997822 -1.6078608
16.8050842 -1.1943753
18.8676872 -0.0992955
16.8636017 3.0361102
16.1725464 4.4927540
12.3138971 3.4389555
7.9523516 4.3393364
7.6529460 6.4245481
5.2339973 5.7251306
2.1455212 6.9042411
2.2020161 7.6080065
0.1243624 7.0464993
-2.5639901 7.7024279
-1.8308656 8.3972616
-4.7178698 7.6164370
-5.3676295 6.2671924
-3.3103652 6.3393025
-4.7463026 5.3680816
-4.6594181 4.2308192
-3.6530044 4.3990703
-4.3851528 3.7152536
-4.3132014 2.8965919
-3.6244659 3.1521189
-4.0285044 2.6207714
-3.9278221 2.0515645
-3.4749260 2.2522526
-3.7045896 1.8516663
-3.6084845 1.4611679
-3.2949674 1.6029196
-3.4467208 1.3001875
-3.3702927 1.0183429
-3.1357617 1.1162843
-3.2529929 0.8855270
-3.2172475 0.6653073
-3.0283384 0.7303475
-3.1082542 0.5540925
-3.2131357 0.3642097
-3.0414600 0.4010392
-2.8355217 0.2654023
-3.4885621 0.0808766
-3.3364587 0.0922194
0.0000000 0.0000000
0.0000000 0.0000000
-3.7844081 -0.1919239
-3.4595594 -0.1900818
-3.1053116 -0.4886201
-3.3935647 -0.7933581
-3.1177282 -0.7824724
-3.2552726 -1.0681212
-3.2719748 -1.4028274
-2.9824135 -1.3784481
-3.2120457 -1.7139121
-3.1746197 -2.0950978
-2.8713045 -2.0404313
-3.0828931 -2.4545815
-2.9830182 -2.9070861
-2.6867957 -2.7888389
-2.8049233 -3.3637969
-2.5958405 -3.8827093
-2.3681221 -3.6499357
-2.2981684 -4.4013486
-1.9325159 -5.0462079
-1.8323909 -4.5854158
-1.4452947 -5.7054448
-0.8684305 -6.3737354
-0.8486123 -5.6639919
-0.1177815 -7.0129433
1.0633386 -7.5513330
0.9343306 -6.5591784
2.7475309 -7.8466897
4.8555908 -7.3047986
4.1680336 -6.6804180
7.2766662 -6.9741030
9.4084806 -5.7580571
8.1730671 -4.8345666
11.6897449 -2.5789053
13.0320139 -1.4561936
10.4254808 0.4823082
14.1396255 0.2113213
13.4938126 3.5168760
9.8718348 5.9390440
9.8354273 6.0020871
6.0955448 8.3315763
5.9092083 7.9669089
3.6945949 8.4538269
1.3557922 8.6911850
1.6869781 8.5097256
-0.4775609 8.6563635
-1.9512320 7.9086890
-0.4843487 6.9820118
-2.3657701 6.8321562
-2.8203359 5.6191158
-1.6987853 5.4709592
-2.9900620 5.0586195
-3.1997752 4.1603336
-2.3434598 4.1555295
-3.1845067 3.7336688
-3.2485960 3.0711827
-2.6430237 3.1282859
-3.1844656 2.7524669
-3.1815877 2.2396281
-2.7390184 2.3355925
-3.0903943 2.0144050
-3.0606763 1.6309389
-2.7362654 1.7105898
-2.9767234 1.4485865
-2.9448380 1.1562742
-2.6948767 1.2148889
-2.8748937 1.0007875
-2.8673198 0.7665691
-2.6599734 0.8068442
-2.7854316 0.6293992
-2.8997030 0.4259872
-2.7065425 0.4493008
-2.5510452 0.2984045
-3.1640763 0.0967837
-2.9924850 0.1048210
0.0000000 0.0000000
0.0000000 0.0000000
-3.1642454 -0.1810596
-2.8611555 -0.1747324
-2.5893626 -0.4827252
-2.8101687 -0.7501625
-2.5630200 -0.7216951
-2.6739273 -1.0289936
-2.6468680 -1.3145307
-2.3995311 -1.2587866
-2.5590727 -1.6157514
-2.4659777 -1.9246080
-2.2250936 -1.8241819
-2.3370066 -2.2570274
-2.1733756 -2.5956371
-1.9550995 -2.4218752
-1.9624958 -2.9794514
-1.6894838 -3.3370671
-1.5284313 -3.0500343
-1.3684400 -3.7365758
-0.9639041 -4.1192932
-0.8850757 -3.6577051
-0.4726083 -4.5787601
0.1920088 -4.9002838
0.1635062 -4.2183242
0.9314130 -5.2711582
1.8320280 -5.3888149
1.6189797 -4.5415874
2.7399299 -5.4671917
3.9418976 -5.2289896
3.4251726 -4.1171837
5.2618403 -5.0281248
6.6478376 -4.1291566
5.5769515 -2.7763417
7.9638915 -2.0558093
8.4604874 -1.0672263
6.5989523 0.0061312
8.9840965 1.4584879
8.2827673 3.9614522
6.0145507 2.8827388
6.7130275 5.1088772
5.1959538 6.9440026
4.1821032 4.9867749
3.3481350 6.6750207
2.0554295 6.8631601
2.0842991 5.5587292
0.8539596 6.3267083
-0.0514652 5.8651619
0.3709755 5.2134299
-0.7796171 5.4212637
-1.3197031 4.8144875
-0.7868375 4.4625740
-1.7127523 4.3831406
-2.0156181 3.8059325
-1.4731441 3.6469510
-2.1928136 3.4431088
-2.3471985 2.9517219
-1.8751422 2.8955278
-2.4135258 2.6561410
-2.4790361 2.2477276
-2.1002955 2.2475758
-2.4920335 2.0124345
-2.5126667 1.6768583
-2.2111061 1.6993459
-2.4979312 1.4841681
-2.5016060 1.2116058
-2.2571301 1.2334877
-2.4759085 1.0429679
-2.4904649 0.8147558
-2.2810838 0.8320313
-2.4362848 0.6612022
-2.5539029 0.4583712
-2.3524408 0.4691571
-2.2401714 0.3112684
-2.8003786 0.1059951
-2.6217792 0.1104797
0.0000000 0.0000000
0.0000000 0.0000000
-2.5853546 -0.1632527
-2.3136826 -0.1538400
-2.1099679 -0.4508272
-2.2752738 -0.6769508
-2.0610328 -0.6377452
-2.1505575 -0.9406772
-2.0979762 -1.1756767
-1.8898109 -1.1023213
-2.0005157 -1.4471338
-1.8836637 -1.6890876
-1.6871606 -1.5679035
-1.7445819 -1.9731231
-1.5623786 -2.2193058
-1.3868722 -2.0307696
-1.3556762 -2.5174489
-1.0834047 -2.7555261
-0.9406034 -2.4722266
-0.7824764 -3.0472329
-0.4029789 -3.2564709
-0.3113536 -2.8536520
0.0029289 -3.5225704
0.5475666 -3.6360183
0.5456976 -3.1017008
1.1057433 -3.8057432
1.7954924 -3.7524023
1.6308337 -3.0883679
2.4856770 -3.5963318
3.1725626 -3.3609796
2.8057048 -2.6144946
3.9445043 -2.8094523
4.5981874 -2.2305803
3.8895776 -1.6475861
5.2431607 -0.9185055
5.4131427 -0.2098085
4.3802271 -0.1216499
5.5824952 1.3086642
5.1646032 2.1748989
4.0697780 1.6349721
4.6615138 2.9589257
3.9376347 3.9178729
3.0983701 3.0279443
2.9940813 4.0902762
2.2067678 4.5712719
1.8423139 3.7313821
1.3170559 4.4166741
0.6662252 4.4280772
0.6594636 3.8204825
0.0089435 4.1500926
-0.4545858 3.9228823
-0.2760665 3.5258780
-0.8820388 3.6150453
-1.1856815 3.2994578
-0.9099867 3.0635753
-1.4460999 3.0071108
-1.6315078 2.6824024
-1.3180358 2.5555654
-1.7740527 2.4237952
-1.8790884 2.1219997
-1.5848697 2.0606153
-1.9548482 1.8990657
-2.0083964 1.6282780
-1.7524371 1.6052302
-2.0447180 1.4364778
-2.0727367 1.2001098
-1.8499635 1.1919185
-2.0819950 1.0273284
-2.1124427 0.8188654
-1.9125673 0.8170658
-2.0822728 0.6573477
-2.1967001 0.4655391
-1.9980444 0.4660444
-1.9221215 0.3078585
-2.4202011 0.1094382
-2.2445102 0.1105412
0.0000000 0.0000000
0.0000000 0.0000000
-2.0683925 -0.1424413
-1.8316076 -0.1312692
-1.6841276 -0.4031702
-1.8058802 -0.5898840
-1.6231685 -0.5462189
-1.6983191 -0.8265902
-1.6350716 -1.0161558
-1.4600282 -0.9371417
-1.5407689 -1.2494340
-1.4198986 -1.4358772
-1.2572576 -1.3122296
-1.2872493 -1.6671318
-1.1114014 -1.8439560
-0.9653069 -1.6632744
-0.9248030 -2.0669334
-0.6779402 -2.2206221
-0.5539162 -1.9673507
-0.4213692 -2.4190619
-0.0917362 -2.5260470
-0.0080154 -2.1904685
0.2322461 -2.6612656
0.6549989 -2.6848264
0.6507818 -2.2744939
1.0526772 -2.6938212
1.5257815 -2.6172674
1.4116966 -2.1341851
1.9890126 -2.3877487
2.4083641 -2.1806908
2.1683755 -1.7111349
2.8983598 -1.6633434
3.2186553 -1.2974545
2.7743981 -0.9944317
3.5901294 -0.4450676
3.6544843 -0.0363966
3.0312238 -0.0039392
3.7698028 0.9257686
3.4968202 1.3899443
2.8453720 1.1181042
3.2688189 1.9868507
2.8326912 2.5335913
2.2830367 2.0469337
2.3443167 2.7897189
1.8480798 3.1625359
1.5028765 2.6241736
1.2917233 3.1674349
0.8343918 3.3062325
0.6951304 2.8369894
0.3423846 3.1660159
-0.0221654 3.1212440
-0.0114991 2.7649953
-0.3956590 2.9183629
-0.6626129 2.7681463
-0.5503841 2.5218465
-0.9253938 2.5477791
-1.1060832 2.3495889
-0.9225294 2.1931388
-1.2767322 2.1354527
-1.3944849 1.9245222
-1.1855385 1.8309269
-1.5009136 1.7263337
-1.5721695 1.5193303
-1.3675555 1.4658990
-1.6370372 1.3373322
-1.6785903 1.1420032
-1.4876531 1.1125312
-1.7120684 0.9729273
-1.7508639 0.7905447
-1.5688026 0.7748815
-1.7389660 0.6283025
-1.8453223 0.4539073
-1.6572599 0.4470468
-1.6114265 0.2933038
-2.0421836 0.1082806
-1.8757851 0.1066310
0.0000000 0.0000000
0.0000000 0.0000000
-1.6212664 -0.1213899
-1.4189984 -0.1097362
-1.3182156 -0.3492524
-1.4059443 -0.5015195
-1.2514348 -0.4583310
-1.3179508 -0.7062975
-1.2540295 -0.8578395
-1.1064544 -0.7813928
-1.1698128 -1.0520352
-1.0566196 -1.1950208
-0.9211795 -1.0798962
-0.9401301 -1.3772888
-0.7823755 -1.5040437
-0.6616868 -1.3430324
-0.6235175 -1.6657946
-0.4135442 -1.7642611
-0.3103037 -1.5501983
-0.2065794 -1.8872225
0.0591291 -1.9396023
0.1247896 -1.6723009
0.3080345 -1.9908744
0.6206606 -1.9808277
0.6157845 -1.6715137
0.9111225 -1.9152530
1.2261837 -1.8373232
1.1435542 -1.5006977
1.5403847 -1.6063435
1.8027923 -1.4429444
1.6305608 -1.1441733
2.1158440 -1.0397403
2.2935460 -0.7934388
1.9960748 -0.6125250
2.5251186 -0.2036878
2.5412326 0.0550559
2.1437361 0.0733203
2.6257181 0.6908678
2.4522936 0.9877188
2.0262063 0.8289197
2.3337133 1.4273632
2.0544901 1.7744497
1.6760744 1.4806472
1.7776511 2.0111151
1.4511361 2.2837343
1.1743830 1.9326468
1.1012563 2.3510659
0.7811261 2.4989302
0.6228203 2.1595697
0.4356391 2.4458914
0.1595668 2.4729197
0.1047404 2.1866343
-0.1339229 2.3501315
-0.3533609 2.2889006
-0.3262837 2.0688252
-0.5810145 2.1314635
-0.7413641 2.0157764
-0.6431869 1.8603019
-0.9061740 1.8466425
-1.0190520 1.7034123
-0.8797025 1.5995030
-1.1326944 1.5344470
-1.2078797 1.3794063
-1.0518540 1.3124973
-1.2829438 1.2149528
-1.3305858 1.0576122
-1.1722594 1.0161047
-1.3758925 0.8981599
-1.4163060 0.7425684
-1.2568616 0.7186053
-1.4174043 0.5854271
-1.5109651 0.4304635
-1.3388456 0.4191113
-1.3170365 0.2728419
-1.6796249 0.1038851
-1.5251658 0.1004748
0.0000000 0.0000000
0.0000000 0.0000000
-1.2428393 -0.1020013
-1.0723526 -0.0909616
-1.0103229 -0.2961208
-1.0716605 -0.4202739
-0.9409288 -0.3807829
-1.0036435 -0.5930128
-0.9444537 -0.7142627
-0.8201134 -0.6455964
-0.8740324 -0.8723606
-0.7754189 -0.9827465
-0.6616402 -0.8821167
-0.6785997 -1.1231387
-0.5448359 -1.2151173
-0.4454881 -1.0791501
-0.4168396 -1.3288491
-0.2461073 -1.3927805
-0.1635427 -1.2190579
-0.0848845 -1.4620227
0.1184713 -1.4864789
0.1670917 -1.2800902
0.3059124 -1.4894739
0.5305861 -1.4669067
0.5234473 -1.2393039
0.7400334 -1.3763964
0.9513817 -1.3052766
0.8864806 -1.0728418
1.1695883 -1.1015661
1.3362269 -0.9743534
1.2059760 -0.7797884
1.5408186 -0.6641217
1.6446388 -0.4898704
1.4349325 -0.3759769
1.7946421 -0.0714097
1.7949884 0.1099812
1.5238774 0.1211368
1.8538318 0.5453558
1.7414237 0.7551921
1.4472671 0.6558343
1.6769128 1.0814190
1.4939221 1.3181008
1.2209226 1.1306605
1.3270975 1.5185604
1.1067133 1.7191443
0.8896291 1.4845976
0.8822467 1.8048966
0.6569679 1.9341993
0.5117684 1.6926556
0.4188429 1.9281644
0.2138186 1.9788045
0.1392723 1.7599823
-0.0051736 1.9094704
-0.1778087 1.8927387
-0.1908216 1.7117742
-0.3601858 1.7840408
-0.4939238 1.7178363
-0.4464726 1.5801055
-0.6355407 1.5880735
-0.7352297 1.4907523
-0.6442434 1.3916110
-0.8399486 1.3507740
-0.9095458 1.2346838
-0.7941703 1.1665008
-0.9831054 1.0907001
-1.0298456 0.9643199
-0.9013692 0.9194690
-1.0763752 0.8185191
-1.1144061 0.6866618
-0.9770557 0.6595526
-1.1222870 0.5385543
-1.1996053 0.4019107
-1.0458646 0.3887897
-1.0439224 0.2511254
-1.3390651 0.0983096
-1.1970518 0.0941683
0.0000000 0.0000000
0.0000000 0.0000000
-0.9260567 -0.0855132
-0.7831641 -0.0758803
-0.7540845 -0.2482580
-0.7953282 -0.3508983
-0.6835069 -0.3169874
-0.7454505 -0.4942231
-0.6943751 -0.5926531
-0.5886196 -0.5345562
-0.6396155 -0.7197149
-0.5580488 -0.8066298
-0.4621362 -0.7233188
-0.4817312 -0.9130714
-0.3748999 -0.9818308
-0.2919009 -0.8721501
-0.2759231 -1.0594270
-0.1434173 -1.1024218
-0.0779236 -0.9668718
-0.0229563 -1.1368898
0.1277321 -1.1470094
0.1624132 -0.9920937
0.2659155 -1.1248069
0.4231594 -1.0984766
0.4145986 -0.9340709
0.5725418 -1.0050346
0.7151337 -0.9421551
0.6606189 -0.7824975
0.8653617 -0.7712630
0.9731234 -0.6701431
0.8706435 -0.5407380
1.1095529 -0.4293317
1.1715103 -0.2986945
1.0167779 -0.2243900
1.2712445 0.0060464
1.2671049 0.1446598
1.0707603 0.1514988
1.3070225 0.4530807
1.2335409 0.6124952
1.0191383 0.5483583
1.1974330 0.8579840
1.0753264 1.0307750
0.8707159 0.9077928
0.9725385 1.1960239
0.8229302 1.3482089
0.6506469 1.1892360
0.6768314 1.4343326
0.5190474 1.5423502
0.3926653 1.3718865
0.3565332 1.5599148
0.2069792 1.6148267
0.1304159 1.4525845
0.0495116 1.5790868
-0.0815100 1.5833596
-0.1106700 1.4417421
-0.2200375 1.5092957
-0.3256302 1.4717290
-0.3068284 1.3583354
-0.4388468 1.3732640
-0.5209125 1.3054492
-0.4620900 1.2200425
-0.6079676 1.1914883
-0.6676746 1.1026385
-0.5817205 1.0414549
-0.7313252 0.9789834
-0.7719126 0.8758902
-0.6687340 0.8346412
-0.8131387 0.7455652
-0.8447343 0.6327859
-0.7280347 0.6075035
-0.8534460 0.4962015
-0.9136040 0.3739789
-0.7765964 0.3617513
-0.7925339 0.2322846
-1.0223812 0.0927585
-0.8883931 0.0873537
0.0000000 0.0000000
0.0000000 0.0000000
-0.6610264 -0.0724693
-0.5401755 -0.0647646
-0.5411362 -0.2081532
-0.5665809 -0.2956411
-0.4692584 -0.2685710
-0.5326284 -0.4135329
-0.4918886 -0.4961818
-0.3996547 -0.4499345
-0.4519387 -0.5977366
-0.3886181 -0.6688572
-0.3058666 -0.6035224
-0.3329792 -0.7491907
-0.2520259 -0.8032231
-0.1818946 -0.7186924
-0.1794791 -0.8548315
-0.0829825 -0.8858204
-0.0294912 -0.7834644
0.0036074 -0.8987346
0.1107281 -0.9014252
0.1355024 -0.7878962
0.2078634 -0.8676457
0.3156286 -0.8406758
0.3054471 -0.7238486
0.4194061 -0.7529329
0.5138212 -0.6968216
0.4668629 -0.5871769
0.6152414 -0.5545979
0.6848343 -0.4704925
0.6008014 -0.3834759
0.7752075 -0.2811709
0.8131594 -0.1756807
0.6916445 -0.1261209
0.8792925 0.0527952
0.8741738 0.1670399
0.7236513 0.1715917
0.9019707 0.3937136
0.8540637 0.5234091
0.6886716 0.4810980
0.8334936 0.7116313
0.7530196 0.8470498
0.5916918 0.7652159
0.6897181 0.9827923
0.5890157 1.1037304
0.4482121 0.9953292
0.4954204 1.1837946
0.3871460 1.2746118
0.2776468 1.1545749
0.2782935 1.3029418
0.1730261 1.3555074
0.1000797 1.2369505
0.0639404 1.3400556
-0.0309886 1.3532670
-0.0661593 1.2456582
-0.1301040 1.3033459
-0.2094928 1.2814215
-0.2051639 1.1921055
-0.2939408 1.2067167
-0.3565674 1.1571000
-0.3181171 1.0878774
-0.4233827 1.0645959
-0.4700953 0.9939938
-0.4051011 0.9437251
-0.5190639 0.8888772
-0.5509836 0.8025904
-0.4674881 0.7692965
-0.5822521 0.6879493
-0.6046371 0.5898303
-0.5068249 0.5710914
-0.6091295 0.4657981
-0.6481834 0.3548934
-0.5307363 0.3465883
-0.5539492 0.2241521
-0.7286717 0.0814167
-0.5960060 0.0724281
0.0000000 0.0000000
0.0000000 0.0000000
-0.4368139 -0.0632557
-0.3304938 -0.0578348
-0.3618585 -0.1770996
-0.3743067 -0.2556370
-0.2865672 -0.2355657
-0.3547222 -0.3528777
-0.3246337 -0.4262756
-0.2415810 -0.3908400
-0.2985395 -0.5075756
-0.2540945 -0.5699621
-0.1795050 -0.5191199
-0.2169404 -0.6305596
-0.1607707 -0.6767114
-0.0992410 -0.6103675
-0.1130189 -0.7102329
-0.0478304 -0.7354760
-0.0030594 -0.6546084
0.0092905 -0.7348188
0.0797999 -0.7344214
0.0989081 -0.6466135
0.1434828 -0.6955430
0.2134849 -0.6689977
0.2021175 -0.5817612
0.2800900 -0.5888170
0.3405606 -0.5371512
0.2980205 -0.4580616
0.4053688 -0.4172749
0.4484236 -0.3429826
0.3760021 -0.2811786
0.5057907 -0.1901720
0.5286288 -0.0976558
0.4269786 -0.0629373
0.5708371 0.0790550
0.5672340 0.1814970
0.4425958 0.1844286
0.5858441 0.3554900
0.5557261 0.4687707
0.4192110 0.4384062
0.5455418 0.6178210
0.4949407 0.7325512
0.3596724 0.6729357
0.4574283 0.8458360
0.3932905 0.9480231
0.2718603 0.8670406
0.3360498 1.0213909
0.2656654 1.0998546
0.1681210 1.0064952
0.1975008 1.1334394
0.1280564 1.1816047
0.0600054 1.0846063
0.0574806 1.1790134
-0.0060639 1.1948478
-0.0428017 1.1020833
-0.0716171 1.1619046
-0.1264714 1.1466421
-0.1294273 1.0673308
-0.1832112 1.0899628
-0.2272548 1.0496173
-0.2002779 0.9872777
-0.2733420 0.9745394
-0.3058763 0.9147299
-0.2550105 0.8695948
-0.3394717 0.8259537
-0.3609662 0.7514432
-0.2929175 0.7226138
-0.3802330 0.6520478
-0.3916645 0.5665047
-0.3153974 0.5497333
-0.3906631 0.4531617
-0.3961307 0.3649280
-0.3272366 0.3306308
-0.3345897 0.2178036
-0.3924049 0.1364579
-0.3388502 -0.0257127
0.0000000 0.0000000
0.0000000 0.0000000
-0.2408860 -0.0588382
-0.1423787 -0.0558219
-0.2063269 -0.1559510
-0.2076013 -0.2324937
-0.1244290 -0.2081875
-0.2003761 -0.3136194
-0.1812524 -0.3857336
-0.1021307 -0.3365707
-0.1685043 -0.4509550
-0.1419510 -0.5132521
-0.0717816 -0.4378054
-0.1223147 -0.5579938
-0.0897685 -0.6050656
-0.0335685 -0.5034576
-0.0641790 -0.6243560
-0.0269682 -0.6513892
0.0107331 -0.5287441
0.0031716 -0.6398845
0.0432092 -0.6419362
0.0582002 -0.5164346
0.0775841 -0.5979804
0.1166906 -0.5745633
0.1048692 -0.4574146
0.1525150 -0.4978904
0.1866238 -0.4493356
0.1466024 -0.3512153
0.2211493 -0.3429774
0.2458280 -0.2720836
0.1789406 -0.2023387
0.2764219 -0.1422053
0.2891004 -0.0538348
0.1981270 -0.0206188
0.3130382 0.0913775
0.3113991 0.1916203
0.2008884 0.1821429
0.3229388 0.3337609
0.3071674 0.4421803
0.1856608 0.3877175
0.3032985 0.5680195
0.2760715 0.6741245
0.1550126 0.5766312
0.2576426 0.7753311
0.2226048 0.8675115
0.1128037 0.7327567
0.1926503 0.9393390
0.1539142 1.0084829
0.0641991 0.8450097
0.1175857 1.0490583
0.0788376 1.0900562
0.0151429 0.9084619
0.0407373 1.1003187
0.0046128 1.1113951
-0.0306205 0.9258675
-0.0314254 1.0938432
-0.0628638 1.0753005
-0.0700592 0.9066330
-0.0947362 1.0351504
-0.1206139 0.9929413
-0.1010285 0.8501852
-0.1465527 0.9342033
-0.1659014 0.8745118
-0.1235853 0.7599054
-0.1849381 0.8012933
-0.1965154 0.7310889
-0.1378794 0.6445972
-0.2067087 0.6454379
-0.2001464 0.5797274
-0.1543890 0.5124933
-0.2117464 0.4537090
-0.1160477 0.4655539
-0.2397449 0.3470298
-0.1667947 0.1447428
0.1925547 0.4009145
-0.2801048 -0.1783868
0.0000000 0.0000000
0.0000000 0.0000000
-0.0530171 -0.0622618
0.0000000 0.0000000
-0.0536048 -0.1501452
-0.0492476 -0.2430129
0.0000000 0.0000000
-0.0490429 -0.3158980
-0.0442788 -0.4001921
0.0000000 0.0000000
-0.0421125 -0.4612659
-0.0359698 -0.5292383
0.0000000 0.0000000
-0.0320748 -0.5735037
-0.0242375 -0.6201630
0.0000000 0.0000000
-0.0182383 -0.6420835
-0.0086511 -0.6630345
0.0000000 0.0000000
-0.0007341 -0.6566164
0.0086444 -0.6476025
0.0000000 0.0000000
0.0171536 -0.6120059
0.0262781 -0.5730027
0.0000000 0.0000000
0.0353296 -0.5077290
0.0431863 -0.4401436
0.0000000 0.0000000
0.0518906 -0.3480503
0.0576809 -0.2552979
0.0000000 0.0000000
0.0654516 -0.1426738
0.0683883 -0.0296638
0.0000000 0.0000000
0.0751287 0.0941621
0.0741581 0.2222739
0.0000000 0.0000000
0.0788087 0.3440169
0.0737824 0.4789809
0.0000000 0.0000000
0.0751468 0.5873291
0.0668273 0.7176156
0.0000000 0.0000000
0.0650446 0.8040382
0.0542695 0.9182911
0.0000000 0.0000000
0.0499901 0.9773598
0.0379354 1.0666337
0.0000000 0.0000000
0.0317668 1.0959656
0.0194222 1.1551920
0.0000000 0.0000000
0.0121463 1.1544740
0.0003547 1.1818337
0.0000000 0.0000000
-0.0073116 1.1526781
-0.0170337 1.1482985
0.0000000 0.0000000
-0.0234429 1.0965099
-0.0310962 1.0648601
0.0000000 0.0000000
-0.0360537 0.9956779
-0.0417599 0.9421803
0.0000000 0.0000000
-0.0453487 0.8616078
-0.0512879 0.7910423
0.0000000 0.0000000
-0.0579482 0.7030047
-0.0402827 0.6678907
0.0000000 0.0000000
-0.1330953 0.4765097
0.1596817 0.8261385
0.0000000 0.0000000
-0.2870220 -0.0555701
1.2007234 1.2882284
0.0000000 0.0000000
0.0000000 0.0000000
-37.28539
-37.35483
-38.53607
-40.99089
-44.20285
-48.44033
-54.01674
-61.23403
-70.89771
-85.45304
-112.6997
-170.3411
-252.5228
-74.61271
-82.5757
-31.70291
-24.90317
-23.44283
-23.49652
-23.74603
-23.87814
-23.91059
-23.90524
-23.89626
-23.91293
-24.13933
-37.54711
-37.56947
-38.90008
-41.21288
-44.49618
-48.81369
-54.36626
-61.42712
-70.56812
-83.37911
-105.6181
-171.8826
-200.2545
-29.26661
-73.35186
-29.40053
-24.40933
-23.68085
-23.84313
-24.06948
-24.17457
-24.17081
-24.12208
-24.06432
-24.05183
-24.17963
-38.29581
-38.44225
-39.90656
-42.17307
-45.5714
-50.07122
-55.71242
-62.48731
-70.24818
-78.47667
-84.00637
-87.23213
-107.8912
-32.63887
-18.69449
-23.58694
-24.15929
-24.92872
-25.34218
-25.42781
-25.3357
-25.14748
-24.93518
-24.7874
-24.67416
-24.72862
-39.38208
-39.65162
-41.19906
-43.65105
-47.29171
-52.18164
-58.23521
-65.08924
-71.67314
-76.14456
-75.3608
-70.34282
-39.89938
31.04678
-18.21651
-20.35151
-25.30924
-27.29894
-27.83752
-27.67362
-27.23255
-26.72044
-26.24497
-25.92359
-25.68567
-25.67644
-40.57694
-40.97058
-42.64163
-45.43568
-49.52546
-55.10234
-62.19628
-70.14058
-77.51024
-78.89041
-68.00989
-34.63891
-20.42976
-7.526915
-32.84005
-26.25463
-30.19565
-31.60734
-31.64368
-30.87196
-29.80578
-28.79093
-27.95251
-27.37543
-26.99232
-26.9249
-41.61362
-42.12116
-43.97487
-47.23254
-52.08237
-58.80274
-67.69615
-78.68589
-91.49561
-97.51994
-87.95281
-64.81466
-62.83036
-65.4965
-27.25506
-37.01371
-41.1931
-38.88287
-37.15568
-35.12068
-32.97435
-31.22752
-29.90881
-29.00753
-28.46393
-28.33917
-42.1601
-42.76216
-44.80824
-48.57641
-54.46892
-63.04698
-74.84992
-91.45142
-113.8308
-118.5587
-111.9122
-96.49004
-72.68273
-44.97357
-38.31951
-52.55264
-56.94498
-50.6768
-44.63365
-40.19841
-36.53225
-33.82242
-31.90409
-30.63228
-29.91086
-29.72107
-41.79838
-42.48913
-44.67701
-48.86711
-55.77571
-66.68557
-83.47676
-107.839
-134.5686
-135.9694
-128.6429
-116.6564
-103.8163
-79.12741
-77.17898
-77.70108
-74.08286
-64.33668
-53.34003
-45.49623
-40.03642
-36.23808
-33.65572
-31.99544
-31.09249
-30.82826
-40.04788
-40.83335
-43.07615
-47.4737
-54.99202
-67.52574
-89.71363
-125.0349
-147.4149
-149.7791
-141.1986
-132.339
-117.1069
-98.77269
-100.8144
-99.41723
-92.52433
-77.07338
-61.10122
-50.06662
-42.86112
-38.02729
-34.81723
-32.79736
-31.72573
-31.4033
-36.68998
-37.37631
-39.55602
-43.82476
-51.19724
-63.87477
-88.17012
-129.499
-150.8424
-154.2649
-148.252
-145.1313
-127.2766
-118.9254
-117.2543
-115.9311
-108.2022
-88.44502
-66.2427
-52.93645
-44.32802
-38.69879
-35.0337
-32.7519
-31.54184
-31.19712
-31.84293
-32.32872
-34.274
-38.00941
-44.39296
-55.42377
-76.6036
-115.0124
-152.3116
-155.9342
-151.7896
-138.5274
-123.0536
-122.9964
-122.8212
-124.7783
-115.9078
-94.34405
-67.23275
-52.83329
-43.7887
-37.88998
-34.06504
-31.68085
-30.38434
-30.05795
-25.85248
-26.19744
-27.64872
-30.46639
-35.30236
-43.46925
-57.56417
-84.32626
-119.4535
-139.5116
-125.8019
-118.7782
-109.848
-114.8793
-123.6185
-125.778
-118.8205
-90.23852
-64.42327
-49.80988
-41.02868
-35.45521
-31.85467
-29.60209
-28.3652
-28.04871
-19.1847
-19.38566
-20.25867
-21.95902
-24.78501
-29.60709
-37.70954
-54.32268
-67.30237
-72.19975
-62.54159
-64.44111
-85.34965
-106.9707
-116.9731
-118.8619
-106.7782
-76.31772
-55.08444
-43.26808
-36.09086
-31.50305
-28.50424
-26.60297
-25.54497
-25.26726
-12.3378
-12.39255
-12.68655
-13.30589
-14.33199
-16.0495
-18.20878
-21.34062
-24.70865
-23.43806
-14.52383
-10.41147
-32.93674
-73.22451
-89.92475
-89.86651
-74.98134
-53.04939
-41.82521
-34.55385
-29.72958
-26.48914
-24.31326
-22.90405
-22.10459
-21.88753
-5.755205
-5.683033
-5.481627
-5.162337
-4.624245
-3.801484
-2.218552
0.103281
3.864029
8.353127
20.11164
35.92107
20.71552
-23.07925
-47.08263
-47.20139
-38.86737
-32.40411
-28.15251
-25.11955
-22.74536
-20.95536
-19.66576
-18.79431
-18.28302
-18.13573
0.2374921
0.4033331
0.9661477
1.952844
3.529252
5.886654
9.468534
14.4233
21.85634
31.15667
40.94815
55.34854
51.11049
30.93842
3.4426
-8.993706
-14.19184
-16.02058
-16.4516
-16.30682
-15.90104
-15.39494
-14.92602
-14.56161
-14.32604
-14.24673
5.447289
5.666464
6.432688
7.772951
9.823583
12.74387
16.79556
22.15553
29.24519
38.39896
46.89215
52.95993
48.51875
38.46683
22.97457
9.865103
1.063994
-4.116409
-7.121113
-8.812538
-9.735471
-10.19481
-10.38731
-10.44741
-10.44754
-10.42798
9.805764
10.03952
10.86737
12.29997
14.42011
17.32592
21.14046
25.98817
31.77209
38.187
43.67455
46.30134
43.49067
36.80689
27.23593
17.5459
9.569093
3.787622
-0.1670188
-2.794447
-4.50312
-5.589933
-6.250609
-6.628242
-6.810532
-6.839498
13.34137
13.56079
14.35156
15.70957
17.67121
20.27735
23.55514
27.49017
31.84302
36.11334
39.38065
40.56907
38.61442
33.94341
27.44797
20.42632
14.00389
8.756643
4.754701
1.828256
-0.2473213
-1.678882
-2.627586
-3.21563
-3.52414
-3.588606
16.13916
16.32698
17.02691
18.22481
19.92562
22.12683
24.79809
27.83002
30.97234
33.78974
35.70616
36.15773
34.62658
31.24302
26.57399
21.35485
16.28047
11.81344
8.143286
5.272378
3.1083
1.534884
0.4407442
-0.2666197
-0.6513445
-0.7373325
18.30304
18.45334
19.04429
20.05592
21.47344
23.26764
25.37517
27.65668
29.88843
31.74222
32.85372
32.9024
31.6122
29.03578
25.51459
21.50136
17.44752
13.69954
10.45634
7.792211
5.6915
4.102476
2.959645
2.200666
1.779185
1.681557
19.93138
20.04782
20.53699
21.37483
22.53529
23.97476
25.61597
27.32247
28.90718
30.13006
30.75022
30.56955
29.4294
27.36128
24.5772
21.37183
18.0531
14.88169
12.03534
9.611312
7.634449
6.093411
4.957346
4.19054
3.762362
3.656423
21.10608
21.19865
21.60871
22.30809
23.26405
24.42645
25.71553
27.00761
28.1496
28.96316
29.27799
28.96214
27.91711
26.16911
23.858
21.18735
18.37896
15.63348
13.10524
10.8954
9.047741
7.574637
6.469456
5.715994
5.298402
5.201046
21.89023
21.97136
22.3315
22.93772
23.75313
24.72471
25.77534
26.79133
27.64671
28.20251
28.32991
27.93134
26.94369
25.38974
23.37082
21.03811
18.56228
16.10481
13.80088
11.75236
10.0096
8.597761
7.525659
6.792338
6.392115
6.277842
22.32507
22.40999
22.74954
23.30892
24.04909
24.91587
25.8344
26.69543
27.39026
27.8022
27.82482
27.37793
26.41733
24.96483
23.1024
20.95428
18.66365
16.36867
14.19539
12.24382
10.56617
9.193735
8.142215
7.408733
6.986392
6.264389
22.42785
22.52939
22.8727
23.43113
24.16219
25.00764
25.88979
26.70886
27.35809
27.72801
27.71894
27.25555
26.29966
24.87246
23.05098
20.95265
18.71404
16.46923
14.33671
12.40992
10.74577
9.377555
8.322052
7.546197
6.282526
0
