0.0000000 0.0000000
0.0000000 0.0000000
0.0000000 0.0000000
0.0000000 0.0000000
0.0000000 0.0000000
0.0000000 0.0000000
0.0000000 0.0000000
0.0000000 0.0000000
0.0000000 0.0000000
0.0000000 0.0000000
0.0000000 0.0000000
0.0000000 0.0000000
0.0000000 0.0000000
0.0000000 0.0000000
0.0000000 0.0000000
0.0000000 0.0000000
0.0000000 0.0000000
0.0000000 0.0000000
0.0000000 0.0000000
0.0000000 0.0000000
0.0000000 0.0000000
0.0000000 0.0000000
0.0000000 0.0000000
0.0000000 0.0000000
0.0000000 0.0000000
0.0000000 0.0000000
0.0000000 0.0000000
-0.5534528 0.3970660
-0.5770184 0.9571884
-0.6729526 1.5910906
-0.8149393 2.3441458
-1.0294166 3.2705302
-1.3356714 4.4329596
-1.7522146 5.9003053
-2.3044267 7.7654557
-3.0934348 10.2145309
-4.0000920 13.4128656
-4.9661279 16.1710720
8.5683155 14.1127930
15.1848755 -12.1608353
-3.0530586 -11.4748869
-2.1430855 -10.1487007
-1.3544712 -7.9507680
-1.1900461 -6.4730911
-1.1270162 -5.2268543
-1.0195650 -4.1006041
-0.8789172 -3.1273463
-0.7438486 -2.3024633
-0.6349471 -1.6050706
-0.5549768 -1.0052484
-0.5433735 -0.4517927
0.0000000 0.0000000
0.0000000 0.0000000
-1.1386271 0.4563482
-1.1922426 0.9791311
-1.3785607 1.5630695
-1.6615645 2.2437863
-2.0583770 3.0690839
-2.5771782 4.1045079
-3.2346153 5.4353156
-3.9850717 7.1407166
-5.8313961 8.9896984
-7.2669220 10.9098072
4.3456788 9.6639795
20.2695370 9.1405096
26.9531059 -7.7061768
9.2365618 -7.9289618
-3.0596967 -9.8976326
-3.3288069 -8.5115099
-2.5476253 -6.5292735
-2.4172144 -5.1119986
-2.0895088 -3.9502437
-1.7621611 -2.9861896
-1.4803835 -2.1901040
-1.2643867 -1.5279064
-1.1170801 -0.9593805
-1.0675173 -0.4153337
0.0000000 0.0000000
0.0000000 0.0000000
-1.5788355 0.4142651
-1.7074419 0.8466352
-1.9487033 1.3368474
-2.3284168 1.8970071
-2.8613982 2.5696578
-3.5826674 3.4121809
-4.5485816 4.4801478
-5.8482461 5.8468900
-8.8178415 7.8058763
-6.3119040 8.1671906
-0.3564219 1.7067338
26.6771755 5.9029708
32.7124138 -7.1764011
3.0830967 -6.8429699
-2.0866144 -8.5547476
-6.4455571 -8.8630438
-4.4404850 -6.6013799
-3.9136653 -4.8298664
-3.1787760 -3.5608215
-2.5857592 -2.6051080
-2.1420782 -1.8791126
-1.8214101 -1.2964181
-1.6111811 -0.8022283
-1.4735321 -0.3443510
0.0000000 0.0000000
0.0000000 0.0000000
-1.8739475 0.3404707
-2.1013165 0.6661317
-2.3902521 1.0403188
-2.8412747 1.4711261
-3.4933445 2.0012195
-4.3936815 2.7017872
-5.6746588 3.7321815
-7.8952789 4.8933339
-8.2721462 3.5806758
-2.8765399 6.1744952
10.7484207 -4.2294874
25.6173801 3.0498643
27.7554951 -4.5104251
7.8715425 -3.7705932
-0.6134062 -6.6518559
-5.2765112 -5.5547013
-7.8963385 -4.6615033
-5.3235421 -3.9507043
-4.1307392 -2.7971532
-3.2792513 -1.9817889
-2.6807396 -1.4084951
-2.2686875 -0.9656012
-2.0005448 -0.5908707
-1.7460341 -0.2542412
0.0000000 0.0000000
0.0000000 0.0000000
-2.0345430 0.2467541
-2.3607242 0.4585572
-2.6819649 0.7014315
-3.1629233 0.9786595
-3.8838553 1.3100017
-4.9248071 1.6822304
-6.4017105 2.2911284
-9.3595762 3.1706636
-8.8653002 1.2832364
-2.9353285 0.6894819
17.0859604 -4.8627276
24.3094063 1.1892868
26.1236877 -4.1632361
14.7346802 0.5372829
0.0342659 -0.6378796
-4.7303963 -2.9558740
-10.0081940 -1.6240687
-6.3746982 -2.3001053
-4.7914639 -1.6191061
-3.7550693 -1.1441885
-3.0478597 -0.8232440
-2.5743222 -0.5728655
-2.2574453 -0.3533170
-1.8990978 -0.1521457
0.0000000 0.0000000
0.0000000 0.0000000
-2.0839643 0.1387438
-2.4845891 0.2309267
-2.8117523 0.3181305
-3.2760348 0.3945112
-3.9629805 0.4772500
-5.0030022 0.4123562
-6.5300322 -0.0322665
-9.8291664 -0.0104044
-8.6457720 -2.7351334
2.1890566 -1.6871343
19.6047363 -8.6130648
30.3316307 -0.5271369
23.7947445 -0.4602816
14.5636168 2.2890806
3.1933320 1.6928256
-5.8154750 1.4827354
-9.6756392 1.6556603
-6.8021221 0.1772646
-4.9901834 -0.1445916
-3.9031608 -0.2263032
-3.1900620 -0.2272772
-2.7126637 -0.1878780
-2.3818786 -0.1246741
-1.9760796 -0.0489746
0.0000000 0.0000000
0.0000000 0.0000000
-2.0782177 0.0309557
-2.4929461 -0.0025690
-2.7860320 -0.0674175
-3.1876531 -0.1964186
-3.7616844 -0.4142647
-4.5774622 -0.7687459
-5.7520633 -1.7082740
-7.9738579 -3.1439400
-6.4408054 -7.2382708
7.9111571 -7.9898930
18.3249207 -9.1985407
25.2178669 -2.8216176
21.7103157 -2.8836594
8.1198683 6.5174241
5.7615213 4.4348173
-3.3948469 5.2602501
-8.5706263 3.7573874
-6.1651688 1.7990025
-4.6700754 1.0118691
-3.7308874 0.5525835
-3.1107092 0.2907317
-2.6906223 0.1491419
-2.3926036 0.0772573
-2.0027218 0.0415160
0.0000000 0.0000000
0.0000000 0.0000000
-2.0328319 -0.0666798
-2.3947625 -0.2022011
-2.6248803 -0.3845186
-2.9248602 -0.6524633
-3.3313704 -1.0730176
-3.8650682 -1.6851337
-4.5376215 -2.9153130
-5.5743484 -4.7059197
-4.6103988 -8.9114227
2.8623102 -7.3933802
15.7949238 -5.6652389
24.4587860 -0.1796824
9.6001720 6.2543511
10.0714188 2.8110094
0.4087937 8.9281607
-3.0743883 8.3169079
-5.2766156 4.9741306
-4.6667261 2.8200333
-3.8954654 1.7487717
-3.2873077 1.1029044
-2.8444047 0.6904940
-2.5277441 0.4217614
-2.2897696 0.2433834
-1.9359227 0.1148938
0.0000000 0.0000000
0.0000000 0.0000000
-1.9066180 -0.1417272
-2.2098143 -0.3482416
-2.3685520 -0.6071143
-2.5552206 -0.9542514
-2.7825871 -1.4559126
-3.0365653 -2.1632409
-3.2726355 -3.2829618
-3.3967142 -4.8219810
-2.7810686 -6.8000422
2.1597502 -8.0167885
9.4225168 -1.1382113
15.5424223 2.5360188
12.7557201 5.2821760
6.0115361 8.8918324
1.6862465 8.7773466
-1.8016489 7.3577242
-2.7015097 4.9536762
-2.9687707 3.2562594
-2.9015081 2.1366966
-2.6829476 1.4247810
-2.4568863 0.9457037
-2.2660995 0.6089506
-2.1015308 0.3619729
-1.7943783 0.1667746
0.0000000 0.0000000
0.0000000 0.0000000
-1.7253865 -0.1913673
-1.9711765 -0.4380864
-2.0612376 -0.7326528
-2.1426795 -1.1040993
-2.2113876 -1.5964819
-2.2292376 -2.2319195
-2.1157718 -3.1073666
-1.7502675 -4.0476537
-0.5703801 -5.2460361
1.7329413 -6.1862574
5.1514821 -4.8579779
8.2382956 0.4424880
8.3087225 3.5046744
5.0465498 6.0330949
2.0427186 6.3713198
-0.1064091 5.3517146
-1.3053949 4.1518750
-1.7979327 3.0772030
-2.0143335 2.2003930
-2.0641518 1.5431944
-2.0240958 1.0664780
-1.9529905 0.7098082
-1.8605664 0.4303830
-1.6037073 0.1967435
0.0000000 0.0000000
0.0000000 0.0000000
-1.5144364 -0.2166519
-1.7083676 -0.4767103
-1.7411460 -0.7735836
-1.7382306 -1.1263329
-1.6884490 -1.5566459
-1.5479742 -2.0641880
-1.2350147 -2.6709464
-0.6392580 -3.2563570
0.4948384 -3.8326278
1.9059373 -3.7825933
3.5220225 -3.3679552
5.0068126 -1.0220890
5.1479831 1.2689246
3.8749075 2.9031076
2.1014178 3.7902575
0.5582254 3.7428644
-0.4907789 3.2393103
-1.0523208 2.6214337
-1.3632765 2.0196705
-1.5371209 1.5001446
-1.6125062 1.0776135
-1.6302719 0.7369693
-1.5979269 0.4541533
-1.3888603 0.2071683
0.0000000 0.0000000
0.0000000 0.0000000
-1.2955499 -0.2218223
-1.4455485 -0.4748021
-1.4362940 -0.7518222
-1.3763425 -1.0623077
-1.2548351 -1.4129231
-1.0354514 -1.7953094
-0.6566785 -2.1933472
-0.0636848 -2.5324934
0.7824077 -2.7425807
1.7191358 -2.5716178
2.6404729 -1.9766011
3.3747969 -0.6168622
3.4726396 0.7771857
2.7918515 1.7728298
1.7926843 2.4278424
0.7765166 2.6096947
-0.0402367 2.4481535
-0.5807506 2.1192024
-0.9095762 1.7345980
-1.1271307 1.3550087
-1.2578404 1.0108743
-1.3286133 0.7095394
-1.3378855 0.4438294
-1.1708554 0.2026184
0.0000000 0.0000000
0.0000000 0.0000000
-1.0847166 -0.2124155
-1.1996083 -0.4452792
-1.1636274 -0.6908396
-1.0721999 -0.9519298
-0.9185296 -1.2267567
-0.6778876 -1.5031042
-0.3127364 -1.7545207
0.1810374 -1.9304360
0.7876580 -1.9650055
1.3999215 -1.7596133
1.9681115 -1.2501148
2.3590832 -0.4021194
2.4075444 0.4795523
2.0368514 1.1508856
1.4331404 1.6289408
0.7677779 1.8451275
0.1708148 1.8326551
-0.2896069 1.6708008
-0.5992336 1.4338539
-0.8193583 1.1673362
-0.9690648 0.9005625
-1.0636849 0.6474000
-1.0968239 0.4106646
-0.9645005 0.1880831
0.0000000 0.0000000
0.0000000 0.0000000
-0.8924299 -0.1939018
-0.9797984 -0.4002248
-0.9301369 -0.6106155
-0.8266250 -0.8238837
-0.6679056 -1.0343401
-0.4390283 -1.2287074
-0.1242909 -1.3825716
0.2594604 -1.4623398
0.6897181 -1.4239521
1.1036279 -1.2262821
1.4644300 -0.8363494
1.6929089 -0.2786371
1.7152919 0.3025807
1.4976454 0.7751809
1.1201319 1.1293105
0.6762314 1.3261617
0.2468618 1.3719224
-0.1184396 1.3020241
-0.3898064 1.1596612
-0.5922511 0.9756746
-0.7396999 0.7740165
-0.8393809 0.5682587
-0.8831882 0.3652019
-0.7787217 0.1679912
0.0000000 0.0000000
0.0000000 0.0000000
-0.7238522 -0.1709957
-0.7900971 -0.3487290
-0.7358236 -0.5248215
-0.6332683 -0.6958610
-0.4849825 -0.8550791
-0.2840030 -0.9899041
-0.0276974 -1.0815216
0.2629856 -1.1089451
0.5702587 -1.0456635
0.8561784 -0.8747098
1.0934957 -0.5836654
1.2355992 -0.2019669
1.2467506 0.1961896
1.1113318 0.5360298
0.8668053 0.8017475
0.5658513 0.9678704
0.2571329 1.0323597
-0.0224539 1.0104786
-0.2492545 0.9262696
-0.4254861 0.8003148
-0.5596607 0.6494425
-0.6537421 0.4854953
-0.6995133 0.3155690
-0.6173965 0.1459023
0.0000000 0.0000000
0.0000000 0.0000000
-0.5800542 -0.1469284
-0.6304427 -0.2969891
-0.5775554 -0.4421442
-0.4832271 -0.5779465
-0.3526629 -0.6976797
-0.1845165 -0.7911572
0.0175381 -0.8446415
0.2366867 -0.8453389
0.4586986 -0.7786235
0.6595154 -0.6378287
0.8209742 -0.4211118
0.9139775 -0.1514180
0.9195092 0.1300034
0.8318647 0.3790136
0.6686834 0.5801973
0.4606416 0.7161756
0.2387273 0.7822082
0.0269188 0.7846422
-0.1557586 0.7357172
-0.3028982 0.6492465
-0.4188067 0.5367131
-0.5023136 0.4073800
-0.5448130 0.2673934
-0.4806504 0.1243270
0.0000000 0.0000000
0.0000000 0.0000000
-0.4601944 -0.1238883
-0.4981110 -0.2488164
-0.4500792 -0.3673010
-0.3677761 -0.4747048
-0.2574761 -0.5648795
-0.1206453 -0.6299963
0.0360818 -0.6610208
0.2011007 -0.6492920
0.3635321 -0.5881147
0.5069231 -0.4746909
0.6188004 -0.3120202
0.6826029 -0.1162031
0.6859411 0.0876025
0.6265746 0.2730937
0.5158340 0.4270343
0.3696505 0.5369712
0.2087793 0.5977992
0.0503140 0.6113216
-0.0933540 0.5841712
-0.2128350 0.5244899
-0.3088821 0.4401738
-0.3797070 0.3383118
-0.4163516 0.2241563
-0.3664149 0.1047601
0.0000000 0.0000000
0.0000000 0.0000000
-0.3613069 -0.1031204
-0.3899423 -0.2062395
-0.3482538 -0.3024515
-0.2789667 -0.3874554
-0.1886428 -0.4560239
-0.0798353 -0.5019246
0.0410343 -0.5195860
0.1651395 -0.5035667
0.2845309 -0.4503857
0.3888389 -0.3604018
0.4678832 -0.2367544
0.5120093 -0.0911014
0.5150432 0.0601272
0.4741915 0.2002694
0.3967411 0.3195180
0.2937591 0.4081005
0.1767948 0.4617191
0.0584428 0.4798525
-0.0517812 0.4657082
-0.1462804 0.4245549
-0.2233324 0.3611109
-0.2804904 0.2805855
-0.3101388 0.1876008
-0.2716339 0.0882465
0.0000000 0.0000000
0.0000000 0.0000000
-0.2801527 -0.0852052
-0.3016412 -0.1701259
-0.2668488 -0.2483668
-0.2103788 -0.3158865
-0.1383095 -0.3686364
-0.0535719 -0.4019458
0.0387291 -0.4116219
0.1321077 -0.3951165
0.2200504 -0.3503470
0.2957290 -0.2785880
0.3529374 -0.1835561
0.3841300 -0.0730844
0.3860479 0.0419178
0.3583553 0.1497215
0.3038158 0.2432136
0.2301200 0.3151894
0.1457329 0.3614289
0.0583134 0.3811666
-0.0246535 0.3752918
-0.0970529 0.3467703
-0.1565046 0.2990019
-0.2003176 0.2351348
-0.2219964 0.1588236
-0.1923604 0.0753879
0.0000000 0.0000000
0.0000000 0.0000000
-0.2135512 -0.0704292
-0.2292315 -0.1405585
-0.2014321 -0.2046473
-0.1569175 -0.2590232
-0.1007218 -0.3001528
-0.0360519 -0.3249137
0.0330154 -0.3303817
0.1023021 -0.3146013
0.1671188 -0.2775414
0.2218427 -0.2199693
0.2627105 -0.1452770
0.2854410 -0.0597131
0.2868077 0.0295057
0.2672155 0.1144754
0.2294016 0.1890329
0.1770099 0.2482350
0.1162777 0.2884122
0.0530880 0.3081233
-0.0076960 0.3078564
-0.0611997 0.2887483
-0.1042190 0.2528348
-0.1348202 0.2021442
-0.1481276 0.1387105
-0.1245867 0.0667434
0.0000000 0.0000000
0.0000000 0.0000000
-0.1583896 -0.0586842
-0.1692942 -0.1173790
-0.1476748 -0.1705101
-0.1140356 -0.2151191
-0.0721610 -0.2481724
-0.0242216 -0.2669979
0.0264403 -0.2701018
0.0764631 -0.2559823
0.1228391 -0.2247290
0.1621236 -0.1780832
0.1907206 -0.1181724
0.2065157 -0.0497422
0.2080829 0.0213186
0.1943730 0.0898314
0.1679254 0.1510597
0.1316968 0.2006188
0.0889557 0.2360564
0.0443714 0.2556601
0.0018231 0.2592731
-0.0353069 0.2476854
-0.0637934 0.2217386
-0.0811926 0.1821156
-0.0842285 0.1289049
-0.0637620 0.0636588
0.0000000 0.0000000
0.0000000 0.0000000
-0.1116547 -0.0497659
-0.1185677 -0.0999446
-0.1028493 -0.1450749
-0.0785971 -0.1824380
-0.0488968 -0.2097932
-0.0154669 -0.2248756
0.0195491 -0.2263720
0.0542649 -0.2138881
0.0858026 -0.1873265
0.1123773 -0.1481712
0.1320272 -0.0988966
0.1422902 -0.0426163
0.1429964 0.0162154
0.1342925 0.0731355
0.1163370 0.1247815
0.0919224 0.1677100
0.0634798 0.1994755
0.0335978 0.2190241
0.0055114 0.2258705
-0.0178985 0.2205520
-0.0335205 0.2038846
-0.0378236 0.1758505
-0.0260789 0.1345095
0.0028173 0.0755652
0.0000000 0.0000000
0.0000000 0.0000000
-0.0712466 -0.0434336
-0.0743453 -0.0869346
-0.0636640 -0.1258148
-0.0482361 -0.1576892
-0.0294683 -0.1804870
-0.0083514 -0.1927285
0.0134179 -0.1933602
0.0347310 -0.1819209
0.0543610 -0.1589809
0.0702493 -0.1255096
0.0818096 -0.0836256
0.0883414 -0.0362241
0.0882814 0.0135316
0.0825293 0.0621759
0.0717528 0.1065737
0.0566151 0.1442640
0.0392825 0.1731216
0.0213474 0.1921706
0.0048793 0.2013220
-0.0078395 0.2012578
-0.0136665 0.1935943
-0.0059548 0.1812773
0.0345647 0.1711969
0.1378014 0.1698257
0.0000000 0.0000000
0.0000000 0.0000000
-0.0350782 -0.0369760
-0.0344481 -0.0703234
-0.0288359 -0.1002732
-0.0212277 -0.1245079
-0.0123464 -0.1413256
-0.0026033 -0.1496112
0.0076016 -0.1492173
0.0172684 -0.1395443
0.0260531 -0.1209338
0.0333849 -0.0945415
0.0382006 -0.0618852
0.0406005 -0.0251629
0.0404608 0.0131359
0.0373329 0.0507856
0.0319993 0.0853735
0.0249453 0.1148608
0.0168324 0.1379497
0.0087213 0.1538290
0.0015457 0.1626528
-0.0034886 0.1654644
-0.0043284 0.1647909
0.0093588 0.1723032
0.1058181 0.2528033
0.4051739 0.4620958
0.0000000 0.0000000
0.0000000 0.0000000
0.0000000 0.0000000
0.0000000 0.0000000
0.0000000 0.0000000
0.0000000 0.0000000
0.0000000 0.0000000
0.0000000 0.0000000
0.0000000 0.0000000
0.0000000 0.0000000
0.0000000 0.0000000
0.0000000 0.0000000
0.0000000 0.0000000
0.0000000 0.0000000
0.0000000 0.0000000
0.0000000 0.0000000
0.0000000 0.0000000
0.0000000 0.0000000
0.0000000 0.0000000
0.0000000 0.0000000
0.0000000 0.0000000
0.0000000 0.0000000
0.0000000 0.0000000
0.0000000 0.0000000
0.0000000 0.0000000
0.0000000 0.0000000
0.0000000 0.0000000
0.0000000 0.0000000
-0.1875537 0.1839265
0.0000000 0.0000000
-0.5800311 0.1311221
-0.2170585 0.6201029
-0.2058319 0.9738044
0.0000000 0.0000000
-0.5537410 0.7207385
-0.2283387 1.3526515
-0.2494146 1.7124295
0.0000000 0.0000000
-0.6108671 1.3076997
-0.2575792 2.1535935
-0.2901594 2.5842128
0.0000000 0.0000000
-0.7303788 1.9793473
-0.3103054 3.0940042
-0.3489038 3.6380250
0.0000000 0.0000000
-0.9174512 2.7954183
-0.3858349 4.2524281
-0.4293294 4.9419122
0.0000000 0.0000000
-1.1871971 3.8091211
-0.4822448 5.7169304
-0.5402325 6.5850635
0.0000000 0.0000000
-1.5531317 5.0761271
-0.6086141 7.6072245
-0.7018170 8.6995468
0.0000000 0.0000000
-2.0377891 6.6815505
-0.8113254 10.1005650
-0.9513420 11.5325203
0.0000000 0.0000000
-2.7248785 8.8304214
-1.0950269 13.4495726
-1.2577770 15.3294621
0.0000000 0.0000000
-3.4886355 11.9485474
-1.3861016 17.6123409
-1.3692464 20.0601006
0.0000000 0.0000000
-3.7938662 16.5955772
-0.5604071 21.9170723
-1.6340289 23.6581001
0.0000000 0.0000000
2.5955925 15.6176872
6.0595450 15.4880095
10.4660530 6.5205445
0.0000000 0.0000000
14.4086819 9.2856140
8.5548534 -10.4576178
-1.2356182 -8.2894068
0.0000000 0.0000000
9.8045273 -5.8121037
0.0590066 -13.2687712
-0.0189273 -14.1390629
0.0000000 0.0000000
-3.4321537 -11.7630539
-0.3338280 -11.9086857
-0.5792567 -10.7966776
0.0000000 0.0000000
-1.7441468 -9.3534317
-0.6234791 -9.7566328
-0.5841182 -8.8032713
0.0000000 0.0000000
-1.2683202 -7.2190557
-0.5573879 -7.9440904
-0.5135379 -7.1416163
0.0000000 0.0000000
-1.1577132 -5.8258214
-0.4808366 -6.3642058
-0.4395860 -5.6367664
0.0000000 0.0000000
-1.0618334 -4.6021705
-0.4151199 -4.9717078
-0.3611550 -4.3106251
0.0000000 0.0000000
-0.9447157 -3.5295258
-0.3388600 -3.7767730
-0.2957208 -3.2023227
0.0000000 0.0000000
-0.8028201 -2.6411235
-0.2791772 -2.7714086
-0.2476521 -2.2909062
0.0000000 0.0000000
-0.6810628 -1.9018972
-0.2350490 -1.9231389
-0.2149681 -1.5248148
0.0000000 0.0000000
-0.5894340 -1.2790196
-0.2052135 -1.1891623
-0.1974944 -0.8520955
0.0000000 0.0000000
-0.5328595 -0.7360602
-0.1982549 -0.5185294
-0.2111490 -0.1912739
0.0000000 0.0000000
-0.5032150 -0.1839336
0.0000000 0.0000000
0.0000000 0.0000000
-0.8734512 0.2012265
-1.1827207 0.1520947
-0.8806790 0.5208386
-0.8622233 0.8064423
-1.1454115 0.7026275
-0.9014505 1.1177276
-0.9732172 1.4278821
-1.2602866 1.2666787
-1.0366987 1.7757900
-1.1446706 2.1339574
-1.4833056 1.8954425
-1.2456863 2.5355794
-1.3913932 2.9694695
-1.8164231 2.6439388
-1.5353702 3.4483848
-1.7233065 3.9801216
-2.2847357 3.5509243
-1.9189624 4.5655670
-2.1538701 5.2221246
-2.9355862 4.6386557
-2.4410691 5.9545941
-2.7543540 6.7652597
-3.8195436 5.8891025
-3.2922585 7.6574850
-3.6654379 8.8286514
-5.0750670 7.4555540
-4.5089211 10.0563803
-5.2736459 11.6486301
-6.8725514 10.0236502
-5.6012630 13.8235016
-7.2214437 15.0420628
-6.4496861 11.7182484
1.0748714 12.6549988
8.9844084 13.0255394
14.6827936 12.0232954
14.5917377 9.3064642
19.5083408 8.9018383
31.9208336 -0.9183885
24.2630844 -7.9576445
12.4243021 -7.4466906
16.7434959 -7.9927998
4.4891376 -10.8000336
-4.0279417 -10.2191944
-1.8520846 -9.1198893
-2.9171352 -9.7337084
-3.2299070 -9.5990744
-3.4957485 -9.8016644
-2.7494411 -8.2236996
-2.3844173 -7.4582138
-2.8105078 -7.5434790
-2.1600664 -6.6314559
-1.9649899 -5.9195390
-2.4555686 -5.5979271
-1.8782083 -5.3282766
-1.7230681 -4.6686568
-2.2335610 -4.3526654
-1.6206348 -4.1894102
-1.4429504 -3.5649745
-1.9170725 -3.2917295
-1.3367052 -3.1958106
-1.1968229 -2.6796670
-1.6098061 -2.4647002
-1.1079888 -2.3615441
-1.0057079 -1.9381380
-1.3611287 -1.7825184
-0.9391592 -1.6532800
-0.8713142 -1.2982724
-1.1819164 -1.2004271
-0.8243970 -1.0345136
-0.7960147 -0.7305378
-1.0742075 -0.6880226
-0.7915230 -0.4452064
-0.8169790 -0.1727322
-1.0800599 -0.1648454
0.0000000 0.0000000
0.0000000 0.0000000
-1.4551145 0.1598093
-1.7092457 0.1377674
-1.3861513 0.4555033
-1.4073546 0.6580243
-1.6532830 0.5794032
-1.4642392 0.9445208
-1.5640494 1.1808522
-1.8071462 1.0532491
-1.6709430 1.4934518
-1.8366729 1.7600111
-2.1084340 1.5771432
-2.0009387 2.1174562
-2.2251430 2.4507394
-2.5603285 2.1950691
-2.4690595 2.8587987
-2.7275217 3.3130844
-3.1929889 2.9641449
-3.0923669 3.7618177
-3.3355353 4.4262142
-4.0646391 3.9669421
-3.8819540 4.8999891
-4.0306797 5.7954788
-5.1655502 5.2190433
-4.8813410 6.3063173
-5.7905321 7.0817041
-7.1885352 7.1776495
-7.3486319 8.2345724
-8.1005249 9.5780878
-7.6995845 8.6879168
-5.9068332 10.6050348
-6.1511364 7.4653659
-2.7979701 5.1785626
-3.7290735 5.8520532
12.1171541 6.6595259
16.1811829 0.9588914
23.6767254 3.8572021
32.5711937 2.5697370
42.8226624 -5.8559961
29.5952415 -7.2139425
22.5898933 -4.7309356
21.1268158 -3.5113716
-0.7334566 -7.8400273
-1.4159466 -8.4181290
1.2768596 -7.0732937
-3.1105442 -9.1515465
-4.6375632 -10.0502338
-4.1619811 -8.8363171
-4.9791722 -9.0353622
-4.5591254 -8.1545477
-6.2785654 -8.3949547
-3.8240607 -6.6778660
-3.3541870 -5.5797958
-3.9409757 -5.4497738
-3.2489796 -5.0131578
-2.8855906 -4.1663404
-3.5489991 -3.8170922
-2.6600633 -3.8168192
-2.3753643 -3.1108227
-2.8656681 -2.8483090
-2.1825740 -2.8287551
-1.9621183 -2.3193562
-2.3478379 -2.1131525
-1.8082374 -2.0551498
-1.6501411 -1.6743010
-1.9696500 -1.5241113
-1.5364014 -1.4253129
-1.4331876 -1.1241034
-1.7074914 -1.0247760
-1.3567370 -0.8882868
-1.3090085 -0.6373410
-1.5517433 -0.5847192
-1.2620631 -0.3781863
-1.3475105 -0.1596778
-1.5927906 -0.1491741
0.0000000 0.0000000
0.0000000 0.0000000
-1.9456574 0.1269724
-2.1430390 0.1075715
-1.7571805 0.3850944
-1.8645954 0.5028845
-2.0608487 0.4231328
-1.9208827 0.7670286
-2.0528367 0.9144474
-2.2366197 0.7755420
-2.1883254 1.2038215
-2.3974540 1.3642286
-2.5977142 1.1552773
-2.6120410 1.7041829
-2.9062862 1.8916080
-3.1488085 1.5918268
-3.2201271 2.3147063
-3.6212044 2.5497918
-3.9368422 2.1336277
-4.0619941 3.1008334
-4.5744176 3.4514871
-5.0746064 2.9300072
-5.1693468 4.1277218
-5.6649280 4.9524236
-6.7987061 4.3435044
-6.6735721 5.5181713
-8.1288853 7.7435594
-9.7210445 7.0640845
-8.5886345 5.9684167
-7.2679515 6.7673340
-6.1483135 5.9506264
-3.7976751 6.4021955
-0.6232328 4.4574118
-3.2932377 5.4911871
4.9185328 -3.1646030
15.6453180 -2.0654254
16.5597916 -2.5628538
23.8444214 2.5791442
42.2414589 -3.8053603
39.1406517 -6.2936673
32.5984230 -4.7970009
16.0446396 -2.9958513
17.0870152 -1.8818763
8.6750746 -4.0737567
2.7107005 -7.0575318
0.1264521 -5.6011419
-0.5603155 -7.7203445
-2.8024254 -7.5935698
-2.8633964 -6.7817678
-5.8326950 -7.1944280
-7.9680758 -7.7910595
-8.8613987 -6.8752093
-6.0893226 -6.0660458
-5.0167618 -5.3701525
-6.1472330 -4.8117013
-4.7216368 -4.5468106
-4.0837898 -3.4305975
-4.7303777 -2.9566305
-3.6602068 -3.2206798
-3.2411308 -2.5390873
-3.6899498 -2.1882069
-2.9296570 -2.3174365
-2.6309466 -1.8839087
-2.9644027 -1.6251919
-2.4050949 -1.6573404
-2.1996989 -1.3586888
-2.4636238 -1.1754450
-2.0383120 -1.1386445
-1.9098963 -0.9129581
-2.1311600 -0.7940240
-1.8017011 -0.7006273
-1.7505014 -0.5174259
-1.9457698 -0.4537711
-1.6087401 -0.2974758
-1.8131913 -0.1387615
-2.0202918 -0.1234721
0.0000000 0.0000000
0.0000000 0.0000000
-2.3306444 0.0908742
-2.4617035 0.0691829
-1.9915295 0.2997005
-2.2188087 0.3354934
-2.3553069 0.2531669
-2.2496092 0.5693541
-2.4208031 0.6150306
-2.5341945 0.4670157
-2.5589967 0.8816451
-2.8145916 0.9046708
-2.9193463 0.6771836
-3.0389383 1.2420205
-3.4138060 1.2197406
-3.5194297 0.8809506
-3.7454672 1.6856606
-4.2892051 1.5866851
-4.4039960 1.0876099
-4.7625422 2.2635939
-5.6208105 2.0783567
-5.7246375 1.3202049
-6.3118591 3.1360714
-7.5387802 2.9760511
-7.8778639 1.8685384
-8.9298553 4.0271792
-10.0826206 5.3573523
-10.8060102 3.3643663
-7.7166252 2.5969808
-4.1423130 6.1819496
-5.7066383 3.8034942
-0.0419975 5.1864018
0.8439456 4.3495860
3.6958413 2.0444753
17.1185131 -4.8751655
18.1580715 -4.4326024
20.8190708 -3.6404583
28.2691917 1.5612813
40.0524330 -4.0216203
32.8721657 -5.3973751
32.1350784 -3.3192549
20.9289875 -0.9359888
24.8605938 -0.4687605
11.5758867 -2.6157873
2.3293047 -3.4002180
2.7298408 -2.2760050
0.7550974 -4.5244322
-2.6374209 -5.4209061
-3.8172822 -3.7417753
-4.2235770 -4.3965302
-8.6200209 -5.4771433
-8.8605471 -3.9365702
-9.0887461 -3.1992824
-6.9615264 -3.9345794
-8.0012178 -2.8744826
-5.9393702 -3.3134003
-5.0929008 -2.3682029
-5.5640655 -1.7937279
-4.4740367 -2.2477410
-3.9365242 -1.7736075
-4.2625465 -1.3363181
-3.5048585 -1.5789679
-3.1513808 -1.3277193
-3.3909426 -1.0221087
-2.8538575 -1.1241510
-2.6205895 -0.9660587
-2.8041251 -0.7584255
-2.4153934 -0.7729053
-2.2759511 -0.6566241
-2.4251039 -0.5244179
-2.1285675 -0.4730509
-2.0983520 -0.3761685
-2.2295246 -0.3055138
-1.8304760 -0.2009939
-2.1853375 -0.1053077
-2.3349824 -0.0854212
0.0000000 0.0000000
0.0000000 0.0000000
-2.5924399 0.0490534
-2.6455376 0.0249203
-2.1035590 0.1990310
-2.4532437 0.1645731
-2.5188391 0.0841719
-2.4429204 0.3508100
-2.6488318 0.3022863
-2.6819692 0.1527854
-2.7711313 0.5198165
-3.0473309 0.4163525
-3.0486567 0.1847126
-3.2566302 0.7058645
-3.6719787 0.4888775
-3.6233819 0.1520483
-3.9879792 0.9258209
-4.5917683 0.5253325
-4.4841361 0.0374736
-5.0681996 1.1071024
-5.9564009 0.4910468
-5.7239504 -0.2453057
-6.6685481 1.3478876
-8.4282999 0.3777228
-7.8326421 -0.7381628
-10.1962986 1.9093182
-11.0667601 1.3158541
-10.5238485 -0.8072998
-8.5673943 -0.1561288
-4.2472391 1.1529331
-0.5322651 -0.1895139
-0.3520165 -0.1820714
7.5973072 -1.6015277
10.9921293 -5.1009560
18.8322945 -5.8149629
22.5683575 -8.3971682
23.6920319 -6.1542401
30.5847549 -0.6468889
33.6767616 -4.8465190
28.6409397 -4.5084386
24.1887188 -1.6724101
20.2388630 1.9559653
18.7607040 2.7375798
15.1965027 2.4748538
4.7654762 0.3120175
5.7754478 2.6977029
2.2889748 0.6823356
-2.0550282 -1.2443902
-2.3822198 0.4978585
-4.3314042 -1.1337743
-8.9325972 -1.6671493
-8.7172222 0.4223810
-9.8510065 -0.2621400
-8.1324158 -1.3713552
-8.5480633 -0.1497871
-6.5193624 -1.1654270
-5.6555176 -0.9864129
-5.8797631 -0.2983700
-4.8710699 -0.9046500
-4.3157501 -0.7997069
-4.4269204 -0.3499679
-3.8172684 -0.6799006
-3.4488230 -0.6592412
-3.5300601 -0.3489062
-3.1101029 -0.5189817
-2.8717299 -0.5167649
-2.9427080 -0.3074837
-2.6398926 -0.3749325
-2.5035594 -0.3729230
-2.5667603 -0.2402259
-2.3226640 -0.2342866
-2.3290002 -0.2250001
-2.3828151 -0.1543504
-1.9575818 -0.0977854
-2.4350119 -0.0627072
-2.5131519 -0.0409503
0.0000000 0.0000000
0.0000000 0.0000000
-2.7132840 0.0025098
-2.6880019 -0.0204289
-2.1314814 0.0883911
-2.5518465 0.0065798
-2.5433841 -0.0658141
-2.5090673 0.1194195
-2.7190917 0.0035566
-2.6745400 -0.1286691
-2.8218033 0.1294186
-3.0762296 -0.0483333
-2.9890862 -0.2499029
-3.2644641 0.0952324
-3.6317976 -0.1925969
-3.4710786 -0.4820463
-3.9157445 0.0146179
-4.4672647 -0.4830516
-4.1723409 -0.8890154
-4.8897638 -0.2299260
-5.6419234 -0.9910511
-5.1536217 -1.5544230
-6.2872186 -0.9520233
-7.7956319 -2.0622401
-6.7040024 -2.9707916
-9.5685806 -1.5913047
-10.7343893 -3.7961090
-8.1877728 -5.4910107
-9.2809343 -5.7377224
-4.5073557 -6.8605375
-3.2522686 -7.3399615
5.4894056 -7.7560873
12.2798939 -7.3219781
14.6796837 -8.9637403
18.3902264 -11.0681562
20.5327682 -8.6065855
22.3580093 -6.7651381
28.2441730 -1.6098816
25.9514694 -3.8804533
21.7114964 -3.8645914
21.3487263 -2.6716204
18.7993603 -0.3916204
15.7991648 1.4876530
11.6950674 2.9555795
6.1078672 4.5084553
7.9929500 6.1919670
4.7334194 3.4243071
-3.2239823 3.0924091
-1.5251243 5.6484818
-5.2745552 3.2279298
-6.6872091 2.7967410
-7.9206195 4.4468307
-9.3553267 2.6164856
-7.8445239 1.3842880
-6.9731016 2.5750887
-6.3310051 1.1485795
-5.6245899 0.5503733
-5.2195086 1.2771826
-4.7746849 0.4842910
-4.3098865 0.1850893
-4.1195006 0.6418014
-3.7992291 0.1834923
-3.4787483 0.0079732
-3.3806686 0.3112623
-3.1441329 0.0442937
-2.9297264 -0.0698203
-2.8807487 0.1331974
-2.7014072 -0.0104834
-2.5792205 -0.0890678
-2.5565374 0.0404276
-2.3940098 -0.0172140
-2.4243417 -0.0716955
-2.4050820 -0.0027265
-2.0271370 0.0026964
-2.5434315 -0.0238316
-2.5584371 -0.0038516
0.0000000 0.0000000
0.0000000 0.0000000
-2.6911440 -0.0353794
-2.6077213 -0.0533559
-2.1103549 -0.0157516
-2.5095756 -0.1309441
-2.4506950 -0.1902869
-2.4611356 -0.1035079
-2.6355727 -0.2489627
-2.5416563 -0.3569460
-2.7172468 -0.2325078
-2.9197245 -0.4335384
-2.7789943 -0.5945274
-3.0686607 -0.4421785
-3.3413570 -0.7348132
-3.1280849 -0.9578773
-3.5546641 -0.7767698
-3.9409328 -1.2444981
-3.6005008 -1.5482948
-4.2295685 -1.2648201
-4.7738328 -2.0539663
-4.2209573 -2.4602885
-5.1192861 -2.3561144
-5.9545560 -3.5296862
-5.0074120 -4.1653275
-6.7317586 -3.9947424
-7.0576401 -6.2003345
-6.0072742 -6.4736466
-5.2825160 -8.1021023
-1.3208042 -7.6400237
-1.9828850 -9.1544962
3.9119225 -7.5336852
13.0852089 -6.9888330
8.3456507 -6.8594255
15.3679390 -8.1931181
19.5969257 -5.0648007
21.8996105 -1.5567889
23.4459877 0.1388958
22.0972347 -1.0956988
19.1747437 2.4758923
15.8187103 2.5087051
8.7455482 7.1724982
9.0432720 5.1587319
9.5056334 6.2123690
9.4974184 4.2652326
6.9832506 5.5462565
2.4339855 6.7717276
-2.6945350 7.2311516
0.1482652 7.5889931
-4.1177936 6.7210546
-7.1739368 5.7621531
-4.9031620 6.6005135
-6.6965303 5.0228405
-6.1744494 2.9912245
-4.7009172 3.9047360
-5.1924844 2.7403998
-4.8321958 1.7008073
-4.0954843 2.2982485
-4.1821623 1.5672392
-3.8924756 0.9933351
-3.4992852 1.3733026
-3.4729061 0.9022201
-3.2475917 0.5756941
-3.0195432 0.8291939
-2.9683721 0.5248055
-2.8044939 0.3221136
-2.6624391 0.4938667
-2.6101208 0.3040612
-2.5156541 0.1661377
-2.4209242 0.2776534
-2.3510668 0.1716658
-2.3958042 0.0687726
-2.3171711 0.1294846
-2.0129743 0.0876373
-2.5290241 0.0099164
-2.4917555 0.0273991
0.0000000 0.0000000
0.0000000 0.0000000
-2.5587592 -0.0613891
-2.4353881 -0.0737277
-2.0176489 -0.1021755
-2.3641739 -0.2365466
-2.2738461 -0.2802088
-2.3095565 -0.2787650
-2.4399042 -0.4384049
-2.3197317 -0.5159153
-2.4913080 -0.5049951
-2.6303675 -0.7138222
-2.4699283 -0.8250751
-2.7228789 -0.8207328
-2.8971987 -1.1121995
-2.6788299 -1.2545180
-3.0142932 -1.2975768
-3.2220812 -1.7200712
-2.9283292 -1.8907769
-3.3379478 -1.9713578
-3.5727215 -2.6286356
-3.1965873 -2.8046219
-3.6017210 -3.1732428
-3.7307515 -4.0837212
-3.4455395 -4.1771755
-3.6938190 -4.8010831
-3.8452735 -6.3167486
-3.3045936 -5.8659883
-3.0210431 -8.8896866
0.2003737 -9.2244711
-1.1870339 -8.4174662
4.1570916 -7.1633101
7.3927898 -6.3135829
5.4861603 -5.6737967
10.6414337 -6.5269938
15.2042904 -4.9546866
13.1205320 0.8148994
19.8510475 -1.2790618
16.7310410 3.6580262
14.9195471 5.4625025
11.8647871 4.0243750
11.4295111 2.6177669
9.3125219 7.8593531
7.8910265 6.7962370
3.0369284 9.1638012
3.8274138 8.1847820
1.8347039 7.5803781
-1.0755028 8.9008150
-0.5859597 8.5320816
-3.5989816 7.9133272
-4.4335642 6.0337405
-2.1054423 6.2106013
-3.9921484 5.3314419
-4.1215940 3.7947555
-2.7891819 4.1069427
-3.7656274 3.3579955
-3.6841679 2.3649964
-2.8739507 2.7124035
-3.3611133 2.1340878
-3.2203541 1.5210325
-2.7416677 1.7776682
-2.9676869 1.3627529
-2.8364816 0.9778668
-2.5367644 1.1593249
-2.6470811 0.8670526
-2.5421364 0.6153318
-2.3428006 0.7427571
-2.4013300 0.5411292
-2.3407040 0.3651787
-2.1975322 0.4501006
-2.2085145 0.3174653
-2.2687476 0.1822945
-2.1458859 0.2296219
-1.9145317 0.1516654
-2.4131932 0.0372791
-2.3358035 0.0513333
0.0000000 0.0000000
0.0000000 0.0000000
-2.3501110 -0.0770378
-2.2025349 -0.0846628
-1.8589174 -0.1655212
-2.1490705 -0.3055500
-2.0421741 -0.3322327
-2.0883615 -0.3981347
-2.1740875 -0.5576665
-2.0454903 -0.6029874
-2.1941783 -0.6810808
-2.2669687 -0.8768723
-2.1128204 -0.9355263
-2.3043149 -1.0486774
-2.3776355 -1.3031492
-2.1916013 -1.3639817
-2.4071369 -1.5608077
-2.4536281 -1.8975774
-2.2439766 -1.9354109
-2.4369457 -2.2546074
-2.4077256 -2.7077487
-2.2113512 -2.6690974
-2.2825327 -3.2914257
-2.0617630 -3.8599308
-1.9830636 -3.6192467
-1.6871873 -4.5701036
-1.2720590 -5.2991176
-1.2942839 -4.7358541
-0.8958404 -6.1743979
0.3640958 -7.1981120
0.3535145 -5.7909212
2.3086462 -8.0059156
4.7112498 -6.8584309
3.6382554 -6.3330498
7.2474089 -5.1004305
9.3228235 -3.3586495
7.0876741 -3.1604433
11.8544312 0.4556260
12.6540070 4.1259403
8.3624620 1.5678552
11.3238125 4.9723196
8.8039637 7.1678143
7.1158772 5.9971852
5.8980732 7.7918358
3.3146050 8.0637341
3.6161480 6.8830748
1.5751680 7.9841056
0.1007476 7.1270852
0.8910406 6.0504727
-0.9047825 6.2585435
-1.6219878 5.3042707
-0.7484432 4.8898983
-2.0805092 4.6326842
-2.3906035 3.7284520
-1.5421448 3.6826098
-2.4589660 3.2816980
-2.5493441 2.5902500
-1.8978447 2.6660166
-2.5002661 2.2776442
-2.4817605 1.7672844
-2.0289879 1.8871076
-2.3960745 1.5619806
-2.3422358 1.2031529
-2.0314026 1.3059137
-2.2523253 1.0528517
-2.2010849 0.7983812
-1.9795331 0.8770755
-2.1196208 0.6859244
-2.0918131 0.4978030
-1.9244095 0.5531663
-1.9973969 0.4114778
-2.0690017 0.2614879
-1.9209092 0.2935339
-1.7533343 0.1919848
-2.2208908 0.0572184
-2.1175838 0.0669271
0.0000000 0.0000000
0.0000000 0.0000000
-2.0943663 -0.0843375
-1.9375899 -0.0877238
-1.6589772 -0.2041998
-1.8949157 -0.3392283
-1.7831782 -0.3500291
-1.8313543 -0.4631207
-1.8774160 -0.6111980
-1.7521228 -0.6271629
-1.8716712 -0.7644060
-1.8899330 -0.9350071
-1.7508526 -0.9475003
-1.8848054 -1.1336523
-1.8797867 -1.3381295
-1.7271039 -1.3315396
-1.8509125 -1.6061671
-1.7956456 -1.8530741
-1.6374898 -1.7994667
-1.7117985 -2.1903131
-1.5666039 -2.4948447
-1.4194527 -2.3387034
-1.3800349 -2.9534202
-1.0838513 -3.2765307
-0.9780509 -2.9562531
-0.7446437 -3.7552738
-0.1889739 -4.1547222
-0.1441777 -3.5328217
0.4436519 -4.6528864
1.2987813 -4.7955289
1.2007580 -3.9774020
2.1322799 -4.8596220
3.2335563 -4.8402433
2.8510399 -3.6108708
4.6420913 -4.5157990
5.6976628 -3.4341860
4.6397324 -2.5385928
6.9373007 -1.3310905
7.1862411 -0.1247737
5.3237624 -0.2900367
7.1936073 1.7490999
6.3155036 3.5469377
4.6761341 2.2410400
4.9062939 4.0053406
3.7509873 5.1361389
2.9901264 3.7754292
2.2230325 4.8149209
1.2945122 4.8945599
1.3137361 4.0601182
0.3574372 4.5146537
-0.2865081 4.1482472
0.0072580 3.6558435
-0.8300296 3.7171400
-1.1835246 3.2584021
-0.7890841 3.0213709
-1.4622351 2.8750198
-1.6331835 2.4480669
-1.2133996 2.3695507
-1.7444845 2.1471109
-1.8081949 1.7912405
-1.4565344 1.7872031
-1.8426766 1.5625601
-1.8485752 1.2747122
-1.5766442 1.3045381
-1.8439043 1.1039424
-1.8336656 0.8795980
-1.6222483 0.9122807
-1.8071916 0.7444308
-1.8066202 0.5666166
-1.6360813 0.5934554
-1.7481613 0.4552124
-1.8260326 0.3063011
-1.6698054 0.3234193
-1.5541779 0.2099551
-1.9795227 0.0692949
-1.8640426 0.0745102
0.0000000 0.0000000
0.0000000 0.0000000
-1.8190765 -0.0850156
-1.6649213 -0.0849834
-1.4414433 -0.2203316
-1.6292957 -0.3437198
-1.5202951 -0.3417509
-1.5666151 -0.4812711
-1.5822338 -0.6121670
-1.4656528 -0.6052412
-1.5594286 -0.7722377
-1.5398892 -0.9152355
-1.4167881 -0.8941628
-1.5077926 -1.1083914
-1.4568015 -1.2683724
-1.3273283 -1.2180649
-1.3962123 -1.5050644
-1.2924756 -1.6832302
-1.1609690 -1.5805017
-1.1809014 -1.9554659
-1.0016203 -2.1502657
-0.8689936 -1.9608297
-0.8087822 -2.4717903
-0.5058560 -2.6568987
-0.3868074 -2.3397341
-0.2098204 -2.9394295
0.2550283 -3.0918753
0.3306397 -2.6152015
0.7143440 -3.3342071
1.3635037 -3.3277633
1.2960880 -2.7001538
1.9851102 -3.1040077
2.5596650 -2.9853363
2.3033774 -2.3064680
3.2680182 -2.4865947
3.7632966 -1.9719393
3.2027638 -1.5227277
4.3528881 -0.7334424
4.3929801 -0.2220662
3.5303357 -0.2402451
4.5137405 1.0515503
4.0206819 1.7029184
3.1688914 1.2042081
3.5685303 2.2802713
2.9067650 2.9732549
2.2935319 2.2301805
2.1267519 3.0076830
1.5120388 3.3293447
1.2592630 2.6763277
0.8164498 3.1253479
0.3417982 3.1161282
0.3380490 2.6502063
-0.1555825 2.8298104
-0.4716893 2.6564219
-0.3407509 2.3655384
-0.7911689 2.3658533
-0.9779710 2.1364181
-0.7573338 1.9802297
-1.1631926 1.8803807
-1.2655110 1.6534773
-1.0299355 1.5791794
-1.3661199 1.4399761
-1.4120942 1.2330165
-1.2012761 1.2053772
-1.4625837 1.0593015
-1.4812018 0.8794254
-1.3007381 0.8743478
-1.4975554 0.7357811
-1.5153607 0.5817090
-1.3586295 0.5846779
-1.4878002 0.4574888
-1.5663124 0.3213016
-1.4156487 0.3256728
-1.3390268 0.2095625
-1.7155188 0.0742611
-1.5987231 0.0755906
0.0000000 0.0000000
0.0000000 0.0000000
-1.5460715 -0.0811168
-1.4025810 -0.0784994
-1.2250791 -0.2188463
-1.3723511 -0.3275723
-1.2708569 -0.3165683
-1.3137941 -0.4648622
-1.3090000 -0.5772029
-1.2033156 -0.5547302
-1.2766765 -0.7287512
-1.2351032 -0.8458580
-1.1271535 -0.8042918
-1.1895542 -1.0169674
-1.1158494 -1.1400719
-1.0053550 -1.0676092
-1.0418230 -1.3325841
-0.9223757 -1.4594486
-0.8106122 -1.3395852
-0.8060582 -1.6642410
-0.6245820 -1.7869421
-0.5125272 -1.5998541
-0.4502786 -1.9953104
-0.1809640 -2.0952330
-0.0784535 -1.8194659
0.0646461 -2.2455409
0.4257239 -2.2960534
0.4781461 -1.9341737
0.7456098 -2.3387103
1.1685209 -2.3108950
1.1354167 -1.8723314
1.5775362 -2.0788412
1.9204662 -1.9600323
1.7661629 -1.5392997
2.3473930 -1.5109276
2.5911498 -1.2313665
2.2647583 -0.9776303
2.9359891 -0.4574363
2.9294150 -0.1766707
2.4434364 -0.1742053
3.0390220 0.6389163
2.7477024 0.9739214
2.2373776 0.7165349
2.5491848 1.4403973
2.1467969 1.8331163
1.7318559 1.4151074
1.7459799 1.9853686
1.3352669 2.2476664
1.0828791 1.8088762
0.8927209 2.1908820
0.5449858 2.2813666
0.4449120 1.9129744
0.1655179 2.1193449
-0.0964568 2.0819468
-0.0856274 1.8113379
-0.3786545 1.8810692
-0.5555909 1.7740904
-0.4596590 1.5975658
-0.7501224 1.5751798
-0.8629876 1.4408082
-0.7218469 1.3340391
-0.9895315 1.2590309
-1.0548806 1.1189569
-0.9055709 1.0581754
-1.1332294 0.9584241
-1.1694849 0.8236006
-1.0270678 0.7918212
-1.2118124 0.6830499
-1.2408198 0.5575414
-1.1069038 0.5427493
-1.2364584 0.4311619
-1.3102725 0.3135603
-1.1747823 0.3081850
-1.1254317 0.1964336
-1.4502929 0.0736098
-1.3399863 0.0721028
0.0000000 0.0000000
0.0000000 0.0000000
-1.2904489 -0.0743398
-1.1623175 -0.0699054
-1.0223149 -0.2053771
-1.1365747 -0.2985790
-1.0450804 -0.2820894
-1.0845557 -0.4267770
-1.0673141 -0.5211353
-0.9739616 -0.4901836
-1.0312799 -0.6560868
-0.9798811 -0.7508292
-0.8859264 -0.6994811
-0.9297490 -0.8945166
-0.8484579 -0.9885861
-0.7551092 -0.9088730
-0.7734942 -1.1382490
-0.6553364 -1.2279754
-0.5628517 -1.1093949
-0.5466892 -1.3740460
-0.3820978 -1.4516912
-0.2920246 -1.2837539
-0.2336060 -1.5773715
-0.0131452 -1.6297375
0.0628832 -1.4059749
0.1806578 -1.6938990
0.4460382 -1.7063493
0.4797691 -1.4362812
0.6811463 -1.6669682
0.9560490 -1.6301062
0.9290732 -1.3321326
1.2278020 -1.4272277
1.4413830 -1.3281975
1.3368416 -1.0660621
1.7099102 -0.9841012
1.8432364 -0.8142396
1.6356759 -0.6598336
2.0525310 -0.3065087
2.0365765 -0.1306762
1.7403505 -0.1256057
2.1179941 0.3990084
1.9421700 0.6030698
1.6182617 0.4546220
1.8461428 0.9544411
1.5915149 1.1942428
1.3064725 0.9399234
1.3661646 1.3585132
1.0902718 1.5468224
0.8858529 1.2547753
0.8110689 1.5626334
0.5576622 1.6628697
0.4445221 1.3897426
0.2876328 1.5835336
0.0815197 1.5999061
0.0456690 1.3766752
-0.1452160 1.4717853
-0.2986712 1.4299322
-0.2697673 1.2651101
-0.4723678 1.2845962
-0.5808294 1.2093823
-0.5024911 1.0956028
-0.7060457 1.0633980
-0.7769420 0.9716991
-0.6772869 0.8974354
-0.8640000 0.8332835
-0.9075626 0.7356528
-0.8013696 0.6895132
-0.9620200 0.6066465
-0.9961780 0.5087198
-0.8872854 0.4827052
-1.0064030 0.3879784
-1.0723667 0.2905797
-0.9565852 0.2787746
-0.9256517 0.1761324
-1.1992458 0.0690556
-1.1001902 0.0658857
0.0000000 0.0000000
0.0000000 0.0000000
-1.0610431 -0.0658714
-0.9502529 -0.0605266
-0.8403343 -0.1848226
-0.9284446 -0.2632827
-0.8477702 -0.2441597
-0.8835844 -0.3778296
-0.8598799 -0.4560638
-0.7790385 -0.4216688
-0.8249003 -0.5716442
-0.7709139 -0.6476648
-0.6910095 -0.5940241
-0.7215312 -0.7640796
-0.6428563 -0.8360060
-0.5646299 -0.7579796
-0.5732352 -0.9489759
-0.4655050 -1.0128851
-0.3906356 -0.9050639
-0.3706169 -1.1130201
-0.2304284 -1.1630281
-0.1608146 -1.0205401
-0.1078376 -1.2333939
0.0641233 -1.2610056
0.1175187 -1.0850406
0.2145557 -1.2766417
0.4054588 -1.2742337
0.4255981 -1.0756348
0.5787604 -1.2090117
0.7609406 -1.1731573
0.7374492 -0.9695006
0.9474223 -1.0060619
1.0852305 -0.9299250
1.0087712 -0.7602404
1.2612114 -0.6736002
1.3380187 -0.5606920
1.1994941 -0.4626377
1.4717381 -0.2182989
1.4575573 -0.0978995
1.2651544 -0.0925779
1.5126408 0.2567224
1.4031475 0.3929794
1.1883527 0.3021563
1.3543603 0.6525227
1.1872293 0.8087615
0.9890082 0.6458085
1.0538336 0.9545737
0.8648534 1.0878178
0.7083887 0.8901585
0.6843002 1.1327652
0.5008281 1.2184778
0.3992106 1.0201511
0.3119614 1.1877074
0.1519690 1.2212253
0.1043210 1.0458437
-0.0203646 1.1436064
-0.1477556 1.1335219
-0.1501618 0.9925671
-0.2915786 1.0314189
-0.3872823 0.9908922
-0.3480751 0.8852791
-0.4989216 0.8783164
-0.5674132 0.8194710
-0.5024167 0.7440059
-0.6501597 0.7047714
-0.6952397 0.6351709
-0.6181287 0.5845200
-0.7518147 0.5225913
-0.7861523 0.4476326
-0.7007525 0.4165995
-0.8041371 0.3377290
-0.8607913 0.2593907
-0.7652801 0.2439781
-0.7465996 0.1530191
-0.9719866 0.0623093
-0.8861330 0.0583664
0.0000000 0.0000000
0.0000000 0.0000000
-0.8613898 -0.0569520
-0.7676479 -0.0512377
-0.6823409 -0.1613754
-0.7495506 -0.2264735
-0.6802263 -0.2069267
-0.7117029 -0.3255620
-0.6864274 -0.3896826
-0.6170852 -0.3552987
-0.6542349 -0.4861966
-0.6024452 -0.5470417
-0.5353734 -0.4958744
-0.5578440 -0.6393769
-0.4860965 -0.6948162
-0.4219515 -0.6237814
-0.4245027 -0.7781956
-0.3318336 -0.8248116
-0.2719876 -0.7313169
-0.2516893 -0.8913292
-0.1373642 -0.9244776
-0.0845450 -0.8079052
-0.0384609 -0.9607748
0.0928249 -0.9757249
0.1296413 -0.8398579
0.2090726 -0.9666443
0.3458557 -0.9594190
0.3567757 -0.8135948
0.4742306 -0.8915804
0.5975353 -0.8600791
0.5773360 -0.7190721
0.7290226 -0.7268862
0.8206233 -0.6694610
0.7630510 -0.5557328
0.9388080 -0.4785146
0.9866098 -0.3994574
0.8892612 -0.3345102
1.0752419 -0.1617790
1.0631406 -0.0745519
0.9334666 -0.0704037
1.1016130 0.1691615
1.0304941 0.2657387
0.8834472 0.2077818
1.0033629 0.4572486
0.8916615 0.5642403
0.7508076 0.4563588
0.8095248 0.6848993
0.6770296 0.7806106
0.5606248 0.6439050
0.5584174 0.8327605
0.4252338 0.9011217
0.3411990 0.7574862
0.2920981 0.8969531
0.1702667 0.9320273
0.1227830 0.7977997
0.0422438 0.8872467
-0.0614907 0.8916269
-0.0752114 0.7762870
-0.1746491 0.8211284
-0.2557650 0.8004727
-0.2384646 0.7090220
-0.3498594 0.7157737
-0.4105923 0.6778041
-0.3696068 0.6087653
-0.4836085 0.5854983
-0.5264779 0.5361759
-0.4707214 0.4868021
-0.5787649 0.4408261
-0.6104411 0.3837608
-0.5449033 0.3520217
-0.6314117 0.2874143
-0.6784706 0.2251340
-0.6016313 0.2087322
-0.5909607 0.1300186
-0.7730615 0.0545718
-0.7002717 0.0504858
0.0000000 0.0000000
0.0000000 0.0000000
-0.6916230 -0.0482013
-0.6134055 -0.0425667
-0.5478610 -0.1377033
-0.5988644 -0.1911622
-0.5399610 -0.1726106
-0.5684432 -0.2750338
-0.5433227 -0.3273818
-0.4850922 -0.2954034
-0.5149463 -0.4064491
-0.4686014 -0.4553739
-0.4124926 -0.4088998
-0.4295265 -0.5276839
-0.3672615 -0.5706993
-0.3150252 -0.5088090
-0.3150512 -0.6317022
-0.2377422 -0.6664691
-0.1907039 -0.5881973
-0.1715222 -0.7094065
-0.0809104 -0.7326666
-0.0411828 -0.6390210
-0.0019644 -0.7489555
0.0972000 -0.7571215
0.1224576 -0.6533062
0.1866485 -0.7379192
0.2854862 -0.7297162
0.2904524 -0.6224475
0.3805618 -0.6676362
0.4663548 -0.6419513
0.4482420 -0.5420099
0.5610328 -0.5367948
0.6224125 -0.4927143
0.5791571 -0.4149073
0.7052193 -0.3507490
0.7363211 -0.2928095
0.6655179 -0.2483466
0.7955648 -0.1228271
0.7871633 -0.0581933
0.6953228 -0.0547743
0.8143862 0.1137347
0.7657098 0.1852139
0.6631232 0.1465089
0.7507216 0.3265176
0.6744462 0.4031655
0.5724648 0.3300290
0.6209075 0.5004005
0.5277457 0.5702336
0.4398998 0.4746215
0.4485546 0.6203451
0.3501054 0.6739891
0.2843365 0.5692766
0.2569503 0.6824493
0.1646871 0.7141790
0.1223881 0.6125527
0.0693670 0.6900682
-0.0119558 0.6996940
-0.0298128 0.6085917
-0.0993267 0.6516932
-0.1665319 0.6423712
-0.1602529 0.5662529
-0.2419709 0.5790139
-0.2936677 0.5543988
-0.2682365 0.4948630
-0.3551996 0.4814892
-0.3929894 0.4458932
-0.3530648 0.4017323
-0.4381819 0.3668800
-0.4662150 0.3235923
-0.4160634 0.2938108
-0.4868262 0.2412393
-0.5245905 0.1917023
-0.4636906 0.1758670
-0.4586322 0.1091388
-0.6028952 0.0467583
-0.5419721 0.0429088
0.0000000 0.0000000
0.0000000 0.0000000
-0.5493678 -0.0401607
-0.4847158 -0.0349767
-0.4351982 -0.1154705
-0.4740862 -0.1593416
-0.4240073 -0.1425204
-0.4495656 -0.2292320
-0.4265151 -0.2717750
-0.3777899 -0.2434302
-0.4030046 -0.3359687
-0.3627143 -0.3753217
-0.3163422 -0.3349492
-0.3297604 -0.4313595
-0.2775973 -0.4654951
-0.2349774 -0.4129574
-0.2342862 -0.5099978
-0.1714017 -0.5363954
-0.1345346 -0.4724937
-0.1179421 -0.5641243
-0.0470438 -0.5809666
-0.0176679 -0.5069719
0.0154821 -0.5857486
0.0898947 -0.5908902
0.1070886 -0.5113388
0.1588270 -0.5686005
0.2304095 -0.5605296
0.2320313 -0.4815860
0.3015014 -0.5077146
0.3627310 -0.4870109
0.3463509 -0.4152054
0.4307230 -0.4039332
0.4737728 -0.3703638
0.4393005 -0.3153174
0.5330660 -0.2635703
0.5530194 -0.2193804
0.5009004 -0.1887554
0.5950620 -0.0960490
0.5891817 -0.0466172
0.5215513 -0.0437814
0.6074439 0.0782566
0.5744716 0.1321564
0.4993014 0.1059859
0.5662200 0.2374982
0.5119556 0.2946914
0.4376969 0.2436012
0.4771844 0.3713422
0.4109911 0.4237867
0.3438340 0.3560079
0.3558002 0.4685922
0.2843109 0.5103054
0.2314998 0.4340787
0.2185695 0.5241077
0.1480809 0.5515258
0.1129203 0.4747184
0.0787266 0.5393919
0.0155815 0.5506858
-0.0026149 0.4799480
-0.0512954 0.5185266
-0.1047158 0.5150126
-0.1050623 0.4539963
-0.1638488 0.4678653
-0.2065269 0.4520083
-0.1906540 0.4024112
-0.2560742 0.3945281
-0.2875743 0.3684621
-0.2593327 0.3310368
-0.3252552 0.3040706
-0.3487675 0.2705050
-0.3103430 0.2445056
-0.3667062 0.2012935
-0.3965937 0.1615623
-0.3481095 0.1472275
-0.3473771 0.0912933
-0.4592527 0.0394442
-0.4083416 0.0359897
0.0000000 0.0000000
0.0000000 0.0000000
-0.4310278 -0.0330816
-0.3776565 -0.0285894
-0.3419217 -0.0957756
-0.3710843 -0.1318408
-0.3288645 -0.1173792
-0.3518017 -0.1893076
-0.3319435 -0.2242917
-0.2908367 -0.1999142
-0.3128639 -0.2760128
-0.2790226 -0.3078468
-0.2406105 -0.2740344
-0.2522709 -0.3515163
-0.2097250 -0.3787867
-0.1750030 -0.3355521
-0.1743929 -0.4111142
-0.1247635 -0.4319658
-0.0951649 -0.3803367
-0.0822512 -0.4497288
-0.0271928 -0.4621932
-0.0052083 -0.4046491
0.0213221 -0.4615309
0.0775718 -0.4648282
0.0889214 -0.4042635
0.1300307 -0.4426799
0.1823688 -0.4359072
0.1815894 -0.3769302
0.2360730 -0.3919663
0.2794645 -0.3748181
0.2656089 -0.3230379
0.3296582 -0.3101238
0.3605430 -0.2838463
0.3322395 -0.2441964
0.4024419 -0.2021056
0.4166564 -0.1681601
0.3758887 -0.1459887
0.4470668 -0.0766817
0.4420211 -0.0376252
0.3914334 -0.0357404
0.4557018 0.0541849
0.4330696 0.0961255
0.3759130 0.0781300
0.4272705 0.1761535
0.3894540 0.2197406
0.3324109 0.1840054
0.3664482 0.2800525
0.3180577 0.3208378
0.2666816 0.2719989
0.2805036 0.3587812
0.2281383 0.3919061
0.1854694 0.3362727
0.1807938 0.4075606
0.1285623 0.4305008
0.0982590 0.3732874
0.0779137 0.4254741
0.0293254 0.4370951
0.0125729 0.3827509
-0.0204171 0.4152898
-0.0618988 0.4151707
-0.0659259 0.3675110
-0.1074140 0.3803179
-0.1410014 0.3698509
-0.1318888 0.3304242
-0.1793204 0.3247080
-0.2047061 0.3054988
-0.1843604 0.2750090
-0.2342705 0.2530465
-0.2528937 0.2263910
-0.2233564 0.2051480
-0.2674646 0.1690014
-0.2901788 0.1361837
-0.2512110 0.1241288
-0.2538003 0.0770719
-0.3383077 0.0331163
-0.2950667 0.0301110
0.0000000 0.0000000
0.0000000 0.0000000
-0.3329639 -0.0272224
-0.2884953 -0.0234058
-0.2645860 -0.0790562
-0.2860659 -0.1090526
-0.2504201 -0.0971594
-0.2714571 -0.1561359
-0.2550787 -0.1851362
-0.2202455 -0.1651414
-0.2398018 -0.2265473
-0.2126939 -0.2529466
-0.1800965 -0.2251823
-0.1916927 -0.2869385
-0.1574665 -0.3089816
-0.1289990 -0.2744592
-0.1302242 -0.3330363
-0.0913946 -0.3497363
-0.0677258 -0.3090729
-0.0579357 -0.3609440
-0.0165141 -0.3708975
0.0007608 -0.3260948
0.0210744 -0.3674837
0.0628893 -0.3693198
0.0709983 -0.3236775
0.1024465 -0.3497043
0.1413520 -0.3438667
0.1390735 -0.2999191
0.1808217 -0.3073913
0.2124172 -0.2936063
0.1999030 -0.2553144
0.2495565 -0.2426605
0.2711630 -0.2210727
0.2483900 -0.1927414
0.3019610 -0.1587340
0.3123297 -0.1316247
0.2794246 -0.1154481
0.3335884 -0.0620054
0.3303481 -0.0309959
0.2903444 -0.0291079
0.3407817 0.0379666
0.3242193 0.0719102
0.2802555 0.0590982
0.3211649 0.1329014
0.2945782 0.1674184
0.2494797 0.1422045
0.2783895 0.2154892
0.2441367 0.2477333
0.2027799 0.2128603
0.2181612 0.2794282
0.1795789 0.3067228
0.1451292 0.2659324
0.1463924 0.3218104
0.1079145 0.3413785
0.0817790 0.2991071
0.0710684 0.3408181
0.0349542 0.3518096
0.0191435 0.3112175
-0.0013819 0.3371462
-0.0329130 0.3394114
-0.0383562 0.3030422
-0.0665004 0.3132877
-0.0915201 0.3067560
-0.0870953 0.2767347
-0.1202464 0.2714319
-0.1388282 0.2570460
-0.1247944 0.2339199
-0.1604521 0.2143480
-0.1741946 0.1927753
-0.1511686 0.1765135
-0.1842422 0.1450127
-0.2006795 0.1166369
-0.1684046 0.1072257
-0.1740066 0.0670331
-0.2352160 0.0280904
-0.1968320 0.0257745
0.0000000 0.0000000
0.0000000 0.0000000
-0.2512223 -0.0225122
-0.2135863 -0.0194869
-0.2000529 -0.0653522
-0.2155198 -0.0909823
-0.1847926 -0.0814221
-0.2050499 -0.1294389
-0.1916638 -0.1540072
-0.1620206 -0.1382335
-0.1804321 -0.1874221
-0.1593275 -0.2097061
-0.1315830 -0.1879059
-0.1428496 -0.2361623
-0.1171321 -0.2548019
-0.0925626 -0.2276386
-0.0962413 -0.2727509
-0.0666427 -0.2862795
-0.0470895 -0.2551683
-0.0418992 -0.2937570
-0.0106023 -0.3016862
0.0029777 -0.2677055
0.0173033 -0.2968757
0.0479799 -0.2983993
0.0540612 -0.2639289
0.0776497 -0.2813254
0.1055760 -0.2757878
0.1033430 -0.2435809
0.1345927 -0.2463845
0.1576412 -0.2346816
0.1464421 -0.2065902
0.1841601 -0.1939403
0.1997730 -0.1763186
0.1806202 -0.1553101
0.2223476 -0.1277819
0.2293165 -0.1048892
0.2028565 -0.0933366
0.2447877 -0.0516991
0.2429987 -0.0259152
0.2102871 -0.0242400
0.2500980 0.0273765
0.2388816 0.0552270
0.2031368 0.0465968
0.2374147 0.1025597
0.2182085 0.1312982
0.1822876 0.1133062
0.2076542 0.1694103
0.1835398 0.1960715
0.1493770 0.1713191
0.1653090 0.2228556
0.1379006 0.2456558
0.1089264 0.2164239
0.1149086 0.2596429
0.0868234 0.2770881
0.0646127 0.2460906
0.0609377 0.2788210
0.0350672 0.2894804
0.0201359 0.2598200
0.0088610 0.2800617
-0.0135127 0.2838196
-0.0201452 0.2574075
-0.0372397 0.2643225
-0.0547536 0.2612615
-0.0533893 0.2397275
-0.0744510 0.2333513
-0.0861914 0.2232294
-0.0772697 0.2074793
-0.1001628 0.1882535
-0.1077637 0.1706869
-0.0908781 0.1601899
-0.1124572 0.1303632
-0.1230118 0.1041763
-0.0958053 0.0975874
-0.1027935 0.0622338
-0.1452743 0.0239534
-0.1068094 0.0221569
0.0000000 0.0000000
0.0000000 0.0000000
-0.1820529 -0.0189233
-0.1493919 -0.0166245
-0.1457244 -0.0546946
-0.1562191 -0.0772793
-0.1292032 -0.0700260
-0.1488252 -0.1087442
-0.1389125 -0.1305207
-0.1126056 -0.1183394
-0.1308057 -0.1575890
-0.1149966 -0.1769817
-0.0907643 -0.1604166
-0.1036065 -0.1980618
-0.0844137 -0.2142420
-0.0632815 -0.1936041
-0.0692671 -0.2276453
-0.0479954 -0.2395025
-0.0310749 -0.2157797
-0.0299269 -0.2443742
-0.0076394 -0.2507809
0.0039380 -0.2254867
0.0123293 -0.2460219
0.0343673 -0.2469765
0.0391021 -0.2213037
0.0551985 -0.2319998
0.0750292 -0.2271630
0.0727189 -0.2030552
0.0957429 -0.2029773
0.1117297 -0.1922754
0.1023977 -0.1718549
0.1303544 -0.1599495
0.1417409 -0.1444951
0.1250502 -0.1289121
0.1570616 -0.1056993
0.1621366 -0.0861173
0.1397149 -0.0771752
0.1735415 -0.0444229
0.1718092 -0.0216588
0.1451705 -0.0202035
0.1771758 0.0198311
0.1699329 0.0440486
0.1398261 0.0384269
0.1687292 0.0819008
0.1558735 0.1064087
0.1256197 0.0941171
0.1492842 0.1372591
0.1322744 0.1605667
0.1038980 0.1429408
0.1201952 0.1829160
0.1015056 0.2029436
0.0763605 0.1822322
0.0856775 0.2160178
0.0663015 0.2317340
0.0466752 0.2096565
0.0488912 0.2350324
0.0308020 0.2457863
0.0172406 0.2244193
0.0131535 0.2400239
-0.0016335 0.2453212
-0.0089768 0.2268015
-0.0176497 0.2312716
-0.0279107 0.2313615
-0.0290986 0.2172866
-0.0401389 0.2094826
-0.0446694 0.2043452
-0.0405610 0.1959452
-0.0510722 0.1751340
-0.0503845 0.1630352
-0.0411937 0.1595777
-0.0479713 0.1272842
-0.0494433 0.1027761
-0.0313496 0.0986664
-0.0307371 0.0657379
-0.0620196 0.0172133
-0.0232316 0.0058894
0.0000000 0.0000000
0.0000000 0.0000000
-0.1222864 -0.0164197
-0.0927862 -0.0148430
-0.0988783 -0.0467319
-0.1048790 -0.0674900
-0.0803192 -0.0622488
-0.1007336 -0.0937941
-0.0934379 -0.1139278
-0.0698079 -0.1042965
-0.0882826 -0.1360459
-0.0776192 -0.1540739
-0.0555504 -0.1405192
-0.0698524 -0.1710147
-0.0570305 -0.1857424
-0.0378421 -0.1689407
-0.0470688 -0.1962420
-0.0326254 -0.2070266
-0.0176162 -0.1874000
-0.0209059 -0.2099172
-0.0057919 -0.2158827
0.0041323 -0.1947188
0.0073699 -0.2110374
0.0219102 -0.2115319
0.0261545 -0.1904327
0.0355905 -0.1987342
0.0490318 -0.1940689
0.0465898 -0.1741163
0.0623340 -0.1735636
0.0729814 -0.1637929
0.0644755 -0.1465545
0.0856154 -0.1372167
0.0926569 -0.1226701
0.0786116 -0.1095815
0.1027974 -0.0914732
0.1067292 -0.0733875
0.0867556 -0.0651576
0.1135246 -0.0394415
0.1129365 -0.0187629
0.0893974 -0.0162744
0.1169690 0.0146657
0.1118198 0.0370626
0.0863953 0.0336650
0.1115858 0.0676433
0.1035699 0.0900632
0.0770013 0.0815757
0.0992350 0.1159302
0.0883432 0.1370127
0.0634611 0.1241239
0.0811179 0.1562373
0.0687269 0.1747851
0.0468488 0.1587923
0.0588183 0.1868254
0.0464452 0.2016310
0.0286034 0.1843109
0.0352210 0.2063372
0.0237799 0.2170098
0.0111755 0.1998311
0.0127042 0.2143729
0.0037754 0.2209920
-0.0036374 0.2058720
-0.0059902 0.2116052
-0.0107171 0.2148085
-0.0133479 0.2040403
-0.0173142 0.1987728
-0.0150140 0.1999505
-0.0148217 0.1961734
-0.0156986 0.1756302
-0.0022594 0.1754055
-0.0055666 0.1782593
0.0063677 0.1378707
0.0339452 0.1317499
0.0084068 0.1150579
0.0491830 0.0762546
0.0753991 0.0421169
0.0033596 -0.0917650
0.0000000 0.0000000
0.0000000 0.0000000
-0.0687258 -0.0149613
-0.0414840 -0.0141377
-0.0570893 -0.0413277
-0.0591960 -0.0618770
-0.0361714 -0.0541832
-0.0574695 -0.0843969
-0.0530936 -0.1043353
-0.0307978 -0.0887717
-0.0506152 -0.1230290
-0.0441870 -0.1411164
-0.0238001 -0.1181708
-0.0403668 -0.1548301
-0.0328241 -0.1698330
-0.0153412 -0.1406371
-0.0275446 -0.1778127
-0.0194123 -0.1887391
-0.0056550 -0.1548950
-0.0129853 -0.1902737
-0.0043219 -0.1964938
0.0044363 -0.1600101
0.0026060 -0.1910885
0.0109774 -0.1920677
0.0144084 -0.1555053
0.0185654 -0.1801628
0.0260434 -0.1756664
0.0238054 -0.1413970
0.0332321 -0.1576785
0.0397846 -0.1481465
0.0313551 -0.1181561
0.0461182 -0.1249550
0.0505152 -0.1108360
0.0370813 -0.0872207
0.0564485 -0.0842369
0.0582154 -0.0662729
0.0405806 -0.0506109
0.0624218 -0.0378213
0.0624414 -0.0173862
0.0408165 -0.0104167
0.0643074 0.0110209
0.0618952 0.0329333
0.0385307 0.0306574
0.0621399 0.0589444
0.0574811 0.0810416
0.0339029 0.0697300
0.0554760 0.1032979
0.0495951 0.1238755
0.0270303 0.1046356
0.0457523 0.1412566
0.0388724 0.1592225
0.0191476 0.1334372
0.0338044 0.1708557
0.0267903 0.1853699
0.0108363 0.1549494
0.0208679 0.1912331
0.0145702 0.2017990
0.0031097 0.1689647
0.0086880 0.2021854
0.0039211 0.2091048
-0.0028226 0.1761849
-0.0012851 0.2045841
-0.0031579 0.2091094
-0.0053832 0.1789288
-0.0067602 0.2001341
-0.0020631 0.2066675
-0.0011598 0.1845903
-0.0032733 0.1895453
0.0266581 0.2149066
0.0078793 0.1995868
0.0162096 0.1561266
0.1600872 0.2679965
-0.0479040 0.1453298
0.0627761 0.0287652
0.5679761 0.3747709
-0.2102052 -0.3041160
0.0000000 0.0000000
0.0000000 0.0000000
-0.0170546 -0.0149219
0.0000000 0.0000000
-0.0161499 -0.0394751
-0.0149946 -0.0657648
0.0000000 0.0000000
-0.0150907 -0.0854892
-0.0136446 -0.1104950
0.0000000 0.0000000
-0.0132483 -0.1271194
-0.0115185 -0.1488602
0.0000000 0.0000000
-0.0108246 -0.1613402
-0.0086884 -0.1787814
0.0000000 0.0000000
-0.0077598 -0.1861716
-0.0054012 -0.1982526
0.0000000 0.0000000
-0.0040844 -0.1999567
-0.0016832 -0.2058491
0.0000000 0.0000000
-0.0001760 -0.2015768
0.0021906 -0.2009059
0.0000000 0.0000000
0.0037294 -0.1906907
0.0057645 -0.1834496
0.0000000 0.0000000
0.0075812 -0.1678674
0.0091398 -0.1544207
0.0000000 0.0000000
0.0107747 -0.1343958
0.0120366 -0.1154423
0.0000000 0.0000000
0.0132021 -0.0922098
0.0137378 -0.0688604
0.0000000 0.0000000
0.0150059 -0.0440860
0.0146876 -0.0176982
0.0000000 0.0000000
0.0155019 0.0068829
0.0146458 0.0347014
0.0000000 0.0000000
0.0148914 0.0574866
0.0134119 0.0850320
0.0000000 0.0000000
0.0133407 0.1045791
0.0113995 0.1301223
0.0000000 0.0000000
0.0108013 0.1454797
0.0086191 0.1676208
0.0000000 0.0000000
0.0077033 0.1781410
0.0054941 0.1959418
0.0000000 0.0000000
0.0043254 0.2014919
0.0023197 0.2145303
0.0000000 0.0000000
0.0010381 0.2156414
-0.0005088 0.2240624
0.0000000 0.0000000
-0.0015945 0.2219948
-0.0031608 0.2259077
0.0000000 0.0000000
-0.0041697 0.2240507
-0.0086040 0.2239450
0.0000000 0.0000000
-0.0184357 0.2217974
0.0121498 0.2747332
0.0000000 0.0000000
-0.1102965 0.1630353
0.3333137 0.6910867
0.0000000 0.0000000
-0.3247547 -0.1591281
1.5822030 1.6024219
0.0000000 0.0000000
0.0000000 0.0000000
-31.97996
-32.2565
-33.74582
-36.11643
-39.65687
-44.58022
-51.1791
-60.01343
-72.52527
-92.44821
-126.6765
-178.3729
-226.8948
-2.162293
-71.87235
-55.27404
-50.57827
-46.77659
-42.54222
-38.61458
-35.28581
-32.76526
-30.96057
-29.75041
-29.06475
-28.95513
-31.95191
-32.25369
-33.64747
-36.0479
-39.6207
-44.63727
-51.45965
-60.64846
-73.36605
-93.28369
-127.5511
-191.5269
-170.3646
39.84661
-83.1791
-60.82468
-53.00444
-48.49797
-43.67978
-39.21577
-35.57561
-32.87487
-30.96852
-29.70964
-28.99693
-28.89105
-31.53102
-31.86326
-33.24572
-35.71358
-39.47714
-44.9683
-52.83871
-63.94205
-79.04168
-99.59379
-135.4779
-146.2198
-141.412
-7.100421
-52.86876
-71.033
-61.94401
-55.04749
-47.94253
-41.30025
-36.59495
-33.32199
-31.09933
-29.67696
-28.87743
-28.73856
-30.64038
-31.00532
-32.36232
-34.86156
-38.80249
-44.8056
-54.01043
-68.39572
-89.60368
-116.3469
-161.5602
-152.3201
-69.97097
-27.06683
-67.1091
-107.4418
-88.10175
-66.34893
-54.30756
-44.27105
-37.93429
-33.84017
-31.16598
-29.49846
-28.59214
-28.3881
-29.19489
-29.56289
-30.83946
-33.24667
-37.14632
-43.28124
-53.10362
-69.82516
-98.98324
-145.3565
-180.3727
-153.5509
-120.6128
-115.5062
-165.9634
-157.951
-129.7809
-84.58862
-60.08078
-46.87116
-38.87843
-33.92537
-30.81667
-28.92564
-27.92465
-27.65474
-27.09829
-27.44164
-28.55939
-30.70384
-34.25257
-39.988
-49.3986
-65.84146
-98.92188
-169.9824
-225.5173
-216.9532
-179.1435
-195.5721
-206.8745
-189.5973
-153.724
-98.83384
-63.55952
-47.44077
-38.41648
-33.00375
-29.68648
-27.70142
-26.6628
-26.35902
-24.31365
-24.60036
-25.47798
-27.17216
-29.99298
-34.5464
-42.06352
-55.22293
-81.11723
-154.9193
-214.7659
-208.5282
-152.6598
-157.1873
-181.1829
-190.4708
-155.4403
-96.52496
-61.48937
-44.75357
-35.87147
-30.69802
-27.55739
-25.67654
-24.67826
-24.39792
-20.92514
-21.10333
-21.68126
-22.78532
-24.61852
-27.52883
-32.13795
-40.48703
-54.62374
-93.04311
-103.5947
-107.8751
-104.0353
-101.7977
-121.4779
-143.1439
-120.3615
-74.74074
-50.36271
-37.99965
-31.07943
-26.97181
-24.43964
-22.89375
-22.0492
-21.81269
-17.15192
-17.21716
-17.4647
-17.92165
-18.65325
-19.7929
-21.39175
-24.13284
-27.17811
-34.38623
-18.15755
-19.46976
-13.26012
-53.4461
-66.72244
-73.62768
-69.272
-45.92786
-35.29842
-28.93186
-24.87152
-22.2698
-20.59737
-19.54085
-18.93922
-18.75686
-13.24291
-13.21951
-13.14408
-12.99483
-12.72025
-12.24128
-11.2423
-9.375846
-4.809905
1.108296
14.62558
29.03762
35.43263
9.20819
-15.17749
-21.93677
-23.82253
-23.17116
-21.15676
-19.55679
-18.20836
-17.15796
-16.39353
-15.86569
-15.5371
-15.41894
-9.433672
-9.337099
-8.993825
-8.357591
-7.316199
-5.681811
-3.060981
0.9836742
7.382828
16.73474
29.11036
40.71975
47.47434
46.25205
29.93234
9.155813
-1.282115
-7.023155
-9.923904
-11.30188
-11.92508
-12.14442
-12.17583
-12.12794
-12.0544
-11.99975
-5.909132
-5.755662
-5.225365
-4.270445
-2.777171
-0.5690503
2.644582
7.128582
13.36925
21.52195
31.56671
39.05145
43.10862
40.9244
32.18731
20.08528
9.814688
2.684237
-1.900244
-4.762632
-6.528483
-7.597187
-8.214792
-8.543413
-8.678588
-8.679165
-2.784917
-2.59185
-1.957131
-0.8470544
0.8216907
3.17036
6.365241
10.53226
15.86551
22.09638
28.78984
33.82811
36.23954
34.64064
29.21105
21.72158
14.20297
7.988799
3.350348
0.07014913
-2.1883
-3.704548
-4.680199
-5.262146
-5.548074
-5.592919
-0.1071744
0.1086649
0.7791232
1.919234
3.575199
5.812067
8.701248
12.27305
16.51967
21.12394
25.57083
28.82701
30.26408
29.17654
25.71402
20.80396
15.48887
10.6166
6.589389
3.474298
1.156379
-0.5065824
-1.64539
-2.366873
-2.747309
-2.826121
2.134744
2.357316
3.012445
4.100136
5.635024
7.638324
10.1201
13.05158
16.3264
19.67165
22.67824
24.80561
25.67121
24.93057
22.64694
19.31149
15.5262
11.82043
8.536438
5.817753
3.672559
2.051522
0.887759
0.1159618
-0.3117166
-0.4155868
3.987896
4.202331
4.806354
5.791944
7.152338
8.879187
10.9472
13.29557
15.79456
18.2289
20.31209
21.73571
22.27034
21.74209
20.18016
17.85025
15.11297
12.30981
9.697213
7.422
5.543173
4.063098
2.959207
2.199778
1.761831
1.641406
5.514764
5.708538
6.239128
7.095328
8.259981
9.708158
11.39737
13.25532
15.16164
16.95265
18.43295
19.41368
19.75495
19.36402
18.25753
16.58747
14.5747
12.44444
10.38389
8.520111
6.925593
5.627239
4.629018
3.922849
3.50273
3.375349
6.777946
6.942156
7.388147
8.104609
9.070981
10.25657
11.61384
13.0721
14.52982
15.86408
16.94013
17.6358
17.86166
17.56583
16.75935
15.53401
14.03044
12.39987
10.77827
9.269815
7.943325
6.835717
5.964567
5.336165
4.954408
4.830699
7.830608
7.960664
8.320381
8.899482
9.678014
10.62578
11.69795
12.83195
13.94623
14.94846
15.74323
16.2476
16.40189
16.17441
15.57401
14.65853
13.52062
12.26479
10.99019
9.779506
8.692893
7.769176
7.031661
6.493657
6.163714
6.05383
8.712329
8.807382
9.086549
9.54023
10.15081
10.89136
11.72331
12.5947
13.44162
14.19491
14.78553
15.15457
15.26067
15.08298
14.62808
13.9347
13.06538
12.09392
11.0936
10.12898
9.250926
8.496023
7.888702
7.444403
7.172777
7.084315
9.449161
9.511323
9.720171
10.06633
10.53479
11.10275
11.73823
12.39984
13.03826
13.6015
14.03896
14.30776
14.37809
14.2356
13.88489
13.35265
12.68266
11.92781
11.14289
10.37842
9.676592
9.070176
8.582178
8.227387
8.01417
7.950825
10.05574
10.08908
10.23987
10.499
10.85363
11.28479
11.7664
12.26561
12.74462
13.16405
13.4862
13.6794
13.72168
13.60267
13.32584
12.90994
12.38647
11.79439
11.17519
10.56878
10.01025
9.528213
9.143652
8.86918
8.709719
8.671461
10.53809
10.5479
10.65339
10.84592
11.11465
11.44348
11.811
12.19078
12.55311
12.86767
13.10574
13.24328
13.2638
13.15958
12.93331
12.59894
12.17984
11.70565
11.20875
10.72128
10.27285
9.888889
9.58939
9.385334
9.273024
9.251946
10.8972
10.88894
10.9612
11.10644
11.31516
11.57337
11.86279
12.16124
12.4444
12.68782
12.86869
12.96805
12.97284
12.87724
12.68347
12.40255
12.05297
11.65838
11.2452
10.84032
10.46942
10.15603
9.921488
9.782817
9.725083
9.614343
11.13431
11.10961
11.15988
11.27565
11.44816
11.66441
11.90797
12.15876
12.39561
12.59745
12.74475
12.82142
12.81644
12.72502
12.54919
12.29851
11.98876
11.64033
11.27624
10.92035
10.59589
10.32481
10.12882
10.03575
9.952782
8.863317
11.26332
11.20717
11.24264
11.34665
11.5057
11.70651
11.93313
12.16671
12.3871
12.57423
12.70972
12.77833
12.76972
12.67943
12.50947
12.26889
11.97268
11.64015
11.29322
10.95474
10.64714
10.39147
10.20255
10.01701
8.877087
0
