0.0000000 0.0000000
0.0000000 0.0000000
0.0000000 0.0000000
0.0000000 0.0000000
0.0000000 0.0000000
0.0000000 0.0000000
0.0000000 0.0000000
0.0000000 0.0000000
0.0000000 0.0000000
0.0000000 0.0000000
0.0000000 0.0000000
0.0000000 0.0000000
0.0000000 0.0000000
0.0000000 0.0000000
0.0000000 0.0000000
0.0000000 0.0000000
0.0000000 0.0000000
0.0000000 0.0000000
0.0000000 0.0000000
0.0000000 0.0000000
0.0000000 0.0000000
0.0000000 0.0000000
0.0000000 0.0000000
0.0000000 0.0000000
0.0000000 0.0000000
0.0000000 0.0000000
0.0000000 0.0000000
-1.0931256 0.5797353
-1.4528416 1.6787308
-0.9093449 2.6975288
-0.8065143 3.5731857
-0.8728634 4.4483275
-0.9431711 5.3714657
-1.0509757 6.3379426
-1.3059498 7.4247899
-1.9580656 8.7643366
-3.5087867 10.7342463
-8.1632318 13.1400747
6.7376633 16.6138325
19.6217747 -8.9719706
-7.5513024 -8.1258020
-3.2550480 -6.8500681
-1.6583524 -4.8980112
-1.0197357 -3.9224601
-0.7076712 -3.2153385
-0.5509428 -2.6407554
-0.4716985 -2.1425583
-0.4263766 -1.6854562
-0.4063528 -1.2612276
-0.4707060 -0.8048412
-0.5302231 -0.3009870
0.0000000 0.0000000
0.0000000 0.0000000
-2.4152052 0.7072219
-2.3577223 1.7881017
-1.7541353 2.5625644
-1.7384398 3.5128584
-1.7911024 4.4302545
-1.8591559 5.3264399
-2.0139341 6.2051945
-2.3804317 7.0527024
-3.2671449 7.8253069
-5.2787108 7.9317970
1.9987941 7.2755632
15.5187368 8.0448484
27.1224289 -11.2219954
9.2513866 -5.8928676
-4.0316172 -4.6791949
-2.4375026 -3.9955778
-1.6554390 -3.4156148
-1.2556449 -2.9325709
-1.0382144 -2.4802005
-0.9263536 -2.0482705
-0.8658185 -1.6224600
-0.8266203 -1.2035874
-0.9119481 -0.7970203
-1.1029279 -0.3329977
0.0000000 0.0000000
0.0000000 0.0000000
-3.7000222 0.7935402
-3.0450132 1.7790170
-2.6779277 2.5436747
-2.6718030 3.5024531
-2.6767037 4.4247260
-2.7169819 5.3052096
-2.7849185 6.1000619
-2.9981132 6.6738195
-3.5179117 6.7900953
-5.0710468 6.2639389
-1.1675099 -1.2700497
22.2240200 4.3700662
32.2906036 -2.9497621
-6.5967450 0.3726157
-4.5872145 -3.0025084
-2.8957725 -3.0892563
-1.9681517 -2.9194794
-1.6182363 -2.6767414
-1.4314039 -2.3501348
-1.3305075 -1.9799197
-1.2783387 -1.5921515
-1.2460768 -1.1801850
-1.2976800 -0.8030679
-1.6322922 -0.3626057
0.0000000 0.0000000
0.0000000 0.0000000
-4.8541689 0.8297036
-3.7309983 1.7302948
-3.6110232 2.5560181
-3.5994806 3.4907467
-3.5967844 4.4623923
-3.5415826 5.4125986
-3.4596598 6.2337909
-3.3076322 6.7886324
-3.1559112 6.7955818
-3.1635749 5.3410339
4.6868997 -4.3330994
14.4933758 1.7606970
34.4342575 -3.9940667
2.2798932 1.1706905
-3.3221207 -2.4340041
-2.7618771 -2.7509809
-2.0194111 -2.6852756
-1.8340673 -2.5441482
-1.7520409 -2.2867858
-1.7013243 -1.9483982
-1.6711805 -1.5801376
-1.6556213 -1.1789656
-1.6742737 -0.8075994
-2.1223574 -0.3787532
0.0000000 0.0000000
0.0000000 0.0000000
-5.8052583 0.8290012
-4.5042462 1.6493999
-4.5210042 2.5289135
-4.5638175 3.4759386
-4.5942788 4.5145974
-4.5073004 5.6239805
-4.2511706 6.7506204
-4.0045424 7.6869531
-2.7764208 7.8399334
-0.4206478 5.8050346
9.3508625 -2.8969965
15.2315302 2.0407007
33.5995331 -1.5965143
1.8147308 -1.3410519
-1.9734546 -2.7232366
-2.5706294 -2.9333379
-2.0784159 -2.7800589
-2.0195484 -2.5893600
-2.0600998 -2.3140082
-2.0682108 -1.9632074
-2.0612357 -1.5860476
-2.0573416 -1.1865040
-2.0619402 -0.8066518
-2.5639489 -0.3870787
0.0000000 0.0000000
0.0000000 0.0000000
-6.5233698 0.8005777
-5.3491783 1.5360988
-5.4305716 2.4196546
-5.5771403 3.3964403
-5.7084732 4.5105271
-5.8174100 5.9035316
-5.7604303 7.4735818
-4.6378880 8.0238752
-1.2178047 7.1659222
2.9055858 4.6041889
11.9446344 -1.5968512
16.4629803 1.2710506
29.4705238 -2.3941045
3.2564054 -2.5407453
-0.9061823 -3.3122206
-2.4957421 -3.6182024
-2.3312924 -3.1947689
-2.2766161 -2.8054562
-2.4204984 -2.4288850
-2.4663758 -2.0189941
-2.4671483 -1.6062688
-2.4598279 -1.1940554
-2.4624767 -0.7996618
-2.9524367 -0.3885172
0.0000000 0.0000000
0.0000000 0.0000000
-7.0056329 0.7458699
-6.1838732 1.3971491
-6.3386283 2.2195098
-6.6348915 3.1762633
-6.9996233 4.3696675
-7.6555524 5.9942698
-6.9604449 7.0833082
-3.5014575 6.5419736
0.9103549 4.8338470
5.4833107 3.1427426
13.9187679 -1.1730592
14.0717344 -1.6012645
37.7836227 -0.2919867
4.2181954 -3.4326451
0.0785259 -4.1728277
-2.5571592 -4.4902987
-2.9744000 -3.8728778
-2.7267330 -3.1506512
-2.8979719 -2.5957937
-2.9255986 -2.0916312
-2.9015234 -1.6251069
-2.8701770 -1.1904426
-2.8693895 -0.7819376
-3.2846184 -0.3810869
0.0000000 0.0000000
0.0000000 0.0000000
-7.2816854 0.6641987
-6.9105635 1.2129571
-7.1828818 1.9256183
-7.6744947 2.7788086
-8.4795246 3.8549805
-8.9633522 5.1347370
-6.7523236 5.3816948
-1.4624821 3.7983048
2.7103231 2.9159806
7.3280520 1.3314352
15.2652636 -2.1234806
20.6577606 -2.3996544
37.1304855 -6.7028251
6.5674849 -3.5012391
1.2727256 -4.7905221
-2.6163082 -5.3086343
-4.0500956 -4.6280899
-3.4776258 -3.5045004
-3.5285432 -2.7388942
-3.4549682 -2.1348968
-3.3656528 -1.6137646
-3.2884772 -1.1583816
-3.2707460 -0.7450895
-3.5584559 -0.3618881
0.0000000 0.0000000
0.0000000 0.0000000
-7.3828678 0.5457116
-7.4714875 0.9750842
-7.8794894 1.5292305
-8.5677824 2.2078302
-9.8023911 2.9135227
-9.2814131 3.3449278
-5.4200706 3.4410186
-0.7978744 2.5058181
4.2287631 0.4610096
8.7268190 -0.4166484
15.5680666 -2.8365605
29.5784073 -5.9817414
33.0704803 -4.5437560
8.8659897 -3.8397779
2.2042468 -5.0217667
-2.4715376 -5.4629316
-5.3302288 -4.8367267
-4.5642576 -3.6446276
-4.2906585 -2.7617488
-4.0398674 -2.0850341
-3.8442926 -1.5350746
-3.7013118 -1.0782851
-3.6475983 -0.6794093
-3.7730851 -0.3279468
0.0000000 0.0000000
0.0000000 0.0000000
-7.3923459 0.3893049
-7.8410597 0.6655309
-8.3628263 1.0206709
-9.2232542 1.4634119
-10.5904198 1.6157486
-9.1632690 1.4416634
-4.2418008 1.3159666
0.4107016 0.6391337
4.9560676 -0.2882130
9.8933973 -1.7212389
16.5752811 -3.9120796
37.5536880 -10.3310108
23.9118671 -5.3362770
9.7412949 -4.4894171
3.0186033 -4.7047410
-2.5352178 -4.9931254
-6.2351236 -4.1823907
-5.8597598 -3.2818203
-5.0784945 -2.5415928
-4.6256595 -1.8825308
-4.3047667 -1.3571161
-4.0849032 -0.9346462
-3.9766595 -0.5782164
-3.9347339 -0.2766332
0.0000000 0.0000000
0.0000000 0.0000000
-7.3555799 0.2079806
-8.0166512 0.2766737
-8.5950661 0.3689581
-9.5346699 0.5127062
-10.8644304 0.3739533
-8.8404875 -0.0702247
-3.5357058 -0.0960777
1.2691520 -0.8692138
5.8321238 -1.3029798
11.4433680 -2.4469216
18.7790623 -4.4245763
38.4152298 -8.6741905
16.7364864 -6.1322637
9.4830809 -4.0939894
3.5127921 -4.0041561
-2.6749976 -4.1192327
-6.8503404 -3.0498948
-6.9716630 -2.5163279
-5.7653780 -2.0628443
-5.1454821 -1.5103532
-4.7076807 -1.0683453
-4.4098988 -0.7215199
-4.2378378 -0.4383665
-4.0512466 -0.2076209
0.0000000 0.0000000
0.0000000 0.0000000
-7.3100328 0.0111278
-7.9925733 -0.1419743
-8.5640802 -0.3004194
-9.5129108 -0.4907094
-10.7184458 -0.9404103
-8.6133595 -1.3147211
-3.2189648 -1.3966687
2.1766515 -2.2371795
6.4255381 -2.8045471
11.7985315 -2.9002328
21.7467384 -6.9486923
38.1536026 -11.3995972
13.4453278 -4.2344117
8.8051386 -3.7431314
3.1247323 -3.1233959
-2.5693681 -2.9537055
-7.6942954 -1.8028408
-7.6361427 -1.6384315
-6.2864680 -1.3468226
-5.5309968 -0.9802628
-5.0043254 -0.6795481
-4.6432705 -0.4482884
-4.4145064 -0.2658712
-4.1238670 -0.1201597
0.0000000 0.0000000
0.0000000 0.0000000
-7.1151476 -0.1827079
-7.7435417 -0.5393980
-8.2658272 -0.9277272
-9.1421528 -1.3927715
-10.2956181 -2.1459072
-8.6773167 -2.5085862
-2.4511058 -2.1993144
2.6226521 -2.3949337
7.5831499 -3.8330317
13.5386992 -4.7818551
33.8564644 -8.2354956
28.3362732 -6.7168503
11.2547894 -3.4116335
7.6721292 -2.7774348
2.5546985 -2.1495924
-2.6720884 -1.4650755
-8.5057077 -0.5421110
-7.9588380 -0.6448632
-6.5679779 -0.5134420
-5.7449908 -0.3514420
-5.1657257 -0.2249564
-4.7649140 -0.1345001
-4.5021238 -0.0696295
-4.1683197 -0.0230512
0.0000000 0.0000000
0.0000000 0.0000000
-6.7346668 -0.3552919
-7.2956657 -0.8854246
-7.7414265 -1.4703878
-8.4369774 -2.1899056
-9.7477303 -3.1116753
-8.6456871 -3.6140869
-2.8841746 -3.2405503
3.2667842 -2.7988005
8.6395874 -3.9947135
17.4916172 -5.5298424
32.2770729 -10.0422506
29.1192036 -6.9534707
11.9562044 -2.5906708
7.2912006 -1.8671308
1.9251459 -1.1124852
-3.5962145 -0.1874711
-9.2122450 0.7628373
-7.9609947 0.4870224
-6.6353250 0.3996530
-5.7773137 0.3239057
-5.1773329 0.2592249
-4.7627892 0.1976938
-4.4877105 0.1381085
-4.1419454 0.0768073
0.0000000 0.0000000
0.0000000 0.0000000
-6.2000065 -0.4983829
-6.6805820 -1.1674396
-7.0262923 -1.9068073
-7.5368595 -2.7827971
-8.6181059 -4.0493832
-8.6021442 -5.2849493
-3.6112332 -4.6645074
3.0979795 -4.0035844
9.4993458 -3.7542391
21.1750145 -7.1252141
32.6357079 -4.3451638
19.9438744 -3.5307584
9.9551411 -1.1760986
6.4793205 -0.7141640
0.6993180 0.0018105
-3.9349201 1.4307584
-9.2126741 2.7269371
-7.5771694 1.6684518
-6.4156756 1.2861952
-5.6032271 0.9829293
-5.0289874 0.7341018
-4.6303172 0.5254887
-4.3623385 0.3435157
-4.0161643 0.1735915
0.0000000 0.0000000
0.0000000 0.0000000
-5.5495195 -0.6050256
-5.9422760 -1.3689578
-6.1696854 -2.2169137
-6.4734845 -3.2070580
-7.1119499 -4.5238066
-7.8553500 -6.3272057
-3.2426586 -6.4955993
2.3659580 -5.5745296
9.8136063 -5.2776980
23.8408718 -7.3352323
29.4936352 -8.5283384
19.3727341 -1.8013563
9.8389378 0.6467052
3.7806923 0.5544775
-0.8930786 1.7138963
-5.6946888 4.3995700
-8.6221972 4.3225055
-6.9607854 2.7944343
-5.9345117 2.0866156
-5.2293887 1.5719723
-4.7264419 1.1621331
-4.3726411 0.8234195
-4.1302958 0.5312935
-3.7956734 0.2610506
0.0000000 0.0000000
0.0000000 0.0000000
-4.8259802 -0.6728457
-5.1274519 -1.4863342
-5.2317834 -2.3818462
-5.3398919 -3.4335692
-5.4868698 -4.7533097
-5.8434162 -6.7097011
-3.4776726 -8.8906498
2.6454995 -8.0495338
10.4583139 -7.5169826
23.2086277 -5.8398829
24.3233280 2.2256134
19.6345234 -2.7033615
8.8782682 3.7489667
2.4841843 3.6721716
-1.8641663 4.9429502
-7.4340081 7.2927136
-7.0365067 5.0551906
-5.9918275 3.6591375
-5.2498713 2.7136931
-4.6996846 2.0408704
-4.2971244 1.5128309
-4.0081301 1.0729861
-3.8040867 0.6900032
-3.4914162 0.3340655
0.0000000 0.0000000
0.0000000 0.0000000
-4.0728664 -0.7022837
-4.2885885 -1.5217311
-4.2811799 -2.4142203
-4.2214327 -3.4450831
-4.1306162 -4.6923890
-3.9941669 -6.4372516
-3.3564644 -8.6370945
1.8310395 -10.1991949
9.4350319 -8.0190811
18.2099991 -3.9224000
23.3078938 -2.4085598
13.5473013 4.3791409
9.3079081 5.8414106
1.8820709 8.1641197
-2.4646599 9.5319214
-5.3428664 7.8587065
-5.1035919 5.5114608
-4.7611389 4.1290040
-4.3939104 3.1235409
-4.0552197 2.3682771
-3.7761593 1.7692369
-3.5623994 1.2630019
-3.4028492 0.8134706
-3.1191020 0.3901691
0.0000000 0.0000000
0.0000000 0.0000000
-3.3292980 -0.6964459
-3.4731147 -1.4819927
-3.3834426 -2.3181555
-3.2015591 -3.2379887
-2.9139476 -4.2959013
-2.4601376 -5.4759994
-1.4201062 -7.0083046
1.2690297 -8.5663013
6.3795586 -7.5809050
11.6249695 -3.0919311
14.9107857 1.3065797
13.5404215 5.4608550
6.2065797 10.0223379
0.8755489 11.1652889
-1.9152281 9.4808187
-2.9161358 7.2026558
-3.4263244 5.5234408
-3.5476406 4.2886395
-3.4857609 3.3311918
-3.3504434 2.5644715
-3.1984413 1.9345005
-3.0620887 1.3925614
-2.9474623 0.9005508
-2.6962829 0.4294586
0.0000000 0.0000000
0.0000000 0.0000000
-2.6259754 -0.6616977
-2.7141049 -1.3849752
-2.5719705 -2.1274302
-2.3093545 -2.8982036
-1.8847926 -3.6936922
-1.2168474 -4.4999847
0.0802225 -5.2403965
2.0201027 -5.5043502
4.5246572 -5.1381688
7.3960066 -2.5214884
8.7383289 1.9940391
7.0437446 5.8296642
4.1594110 8.1261482
1.4697882 8.1417656
-0.4950011 7.3571663
-1.6350533 6.2569671
-2.2374701 5.1699805
-2.5334084 4.2012167
-2.6449420 3.3679008
-2.6485584 2.6503358
-2.5999806 2.0256495
-2.5317569 1.4701067
-2.4571455 0.9561060
-2.2410958 0.4536693
0.0000000 0.0000000
0.0000000 0.0000000
-1.9814819 -0.6084958
-2.0302083 -1.2563163
-1.8682328 -1.8944708
-1.5812976 -2.5150123
-1.1231700 -3.0889060
-0.4317570 -3.5860260
0.6021937 -3.8521736
1.9561105 -3.7484095
3.3726401 -2.8572125
4.6712484 -1.0599140
5.3167057 1.4838504
4.6042285 3.4670880
3.1854074 5.1448493
1.5135700 5.8755021
0.0988694 5.8170009
-0.8716433 5.3319378
-1.4406077 4.6740665
-1.7570442 3.9718797
-1.9274687 3.2892084
-1.9997139 2.6508758
-2.0126953 2.0596681
-1.9928974 1.5100902
-1.9479424 0.9890739
-1.7645905 0.4728863
0.0000000 0.0000000
0.0000000 0.0000000
-1.4030914 -0.5496448
-1.4256382 -1.1249200
-1.2740318 -1.6696296
-1.0144228 -2.1639376
-0.6105146 -2.5704033
-0.0490647 -2.8356695
0.6821389 -2.8660698
1.5229564 -2.5625696
2.3657691 -1.7395573
3.0514297 -0.3216749
3.3393080 1.2509447
2.9615183 2.6583304
2.1614909 3.8448064
1.1878294 4.5440116
0.2676580 4.7476068
-0.4478238 4.5826778
-0.9019938 4.2047911
-1.1703410 3.7088196
-1.3314602 3.1618693
-1.4196346 2.6041355
-1.4575247 2.0563037
-1.4628438 1.5250118
-1.4353695 1.0084274
-1.2762256 0.4807230
0.0000000 0.0000000
0.0000000 0.0000000
-0.8875496 -0.4977843
-0.8923709 -1.0150316
-0.7729785 -1.4875798
-0.5768842 -1.8868814
-0.2858574 -2.1632826
0.0863356 -2.2830505
0.5384982 -2.1910529
1.0284340 -1.8125073
1.4764276 -1.0988605
1.8294088 -0.0013310
1.9496095 1.1203787
1.7442114 2.2033029
1.3042043 3.1270952
0.7543386 3.7486658
0.2118492 4.0305324
-0.2361743 4.0158544
-0.5329614 3.8146417
-0.7152203 3.4735372
-0.8288771 3.0415931
-0.8962795 2.5557852
-0.9322861 2.0463014
-0.9457887 1.5334153
-0.9265946 1.0336024
-0.7382202 0.5801874
0.0000000 0.0000000
0.0000000 0.0000000
-0.4126459 -0.4720319
-0.3934240 -0.9309268
-0.3286552 -1.3178614
-0.2304516 -1.5939043
-0.0888399 -1.7245849
0.0920025 -1.7622378
0.3010418 -1.6332699
0.5151160 -1.2701941
0.6946121 -0.6780353
0.8272417 0.1361728
0.8590599 0.9854313
0.7525043 1.8359133
0.5454948 2.5608504
0.2941804 3.0611892
0.0506178 3.3012612
-0.1453113 3.3315079
-0.2763924 3.2828066
-0.3594918 3.1209879
-0.4050287 2.8497472
-0.4275315 2.4858897
-0.4360958 2.0543814
-0.4358983 1.5818372
-0.4118253 1.1134107
-0.2748844 0.7355947
0.0000000 0.0000000
0.0000000 0.0000000
0.0000000 0.0000000
0.0000000 0.0000000
0.0000000 0.0000000
0.0000000 0.0000000
0.0000000 0.0000000
0.0000000 0.0000000
0.0000000 0.0000000
0.0000000 0.0000000
0.0000000 0.0000000
0.0000000 0.0000000
0.0000000 0.0000000
0.0000000 0.0000000
0.0000000 0.0000000
0.0000000 0.0000000
0.0000000 0.0000000
0.0000000 0.0000000
0.0000000 0.0000000
0.0000000 0.0000000
0.0000000 0.0000000
0.0000000 0.0000000
0.0000000 0.0000000
0.0000000 0.0000000
0.0000000 0.0000000
0.0000000 0.0000000
0.0000000 0.0000000
0.0000000 0.0000000
-0.0370087 0.0365986
0.0000000 0.0000000
-0.3277252 0.0473259
-0.4066607 0.5095198
-0.4839740 1.1934010
0.0000000 0.0000000
-1.3964005 1.0905139
-0.4525276 2.0694046
-0.4008210 2.8304856
0.0000000 0.0000000
-1.1250850 2.2671599
-0.3324008 3.4366484
-0.3117916 3.9841278
0.0000000 0.0000000
-0.8292055 3.1654654
-0.3015063 4.4989891
-0.3094580 5.0004411
0.0000000 0.0000000
-0.8360130 4.0207582
-0.3169464 5.5491805
-0.3325544 6.0915861
0.0000000 0.0000000
-0.9012860 4.9201617
-0.3422179 6.6926270
-0.3717311 7.2687039
0.0000000 0.0000000
-0.9723624 5.8492460
-0.3882218 7.9607310
-0.4561760 8.6061554
0.0000000 0.0000000
-1.1160630 6.8423262
-0.5024478 9.5156937
-0.6616405 10.3151140
0.0000000 0.0000000
-1.4701270 8.0106039
-0.8111475 11.7501612
-1.1355480 12.9913216
0.0000000 0.0000000
-2.3621593 9.7956429
-1.6722878 15.3323860
-1.9084842 18.1777725
0.0000000 0.0000000
-4.5548539 14.2256098
-1.8231548 20.9491138
-2.3314695 25.0183716
0.0000000 0.0000000
3.2117286 13.8693886
4.7541513 16.6234779
8.5813475 10.3897800
0.0000000 0.0000000
12.5285540 10.3845463
13.4259291 -8.1668749
-2.7449234 -10.0212126
0.0000000 0.0000000
14.1937838 -5.2079749
-1.4940469 -13.5619850
-0.4628711 -12.6092062
0.0000000 0.0000000
-9.6444464 -9.3774242
0.1760933 -8.7574186
-0.3597558 -7.2862649
0.0000000 0.0000000
-2.4096749 -6.3368316
-0.4537896 -6.4514003
-0.4049497 -5.5020156
0.0000000 0.0000000
-1.3209983 -4.5682755
-0.3403130 -4.9028525
-0.2948427 -4.3470469
0.0000000 0.0000000
-0.8487464 -3.6073618
-0.2453503 -3.8988781
-0.2238597 -3.4975722
0.0000000 0.0000000
-0.6189446 -2.9398940
-0.2002232 -3.1505282
-0.1886151 -2.8241572
0.0000000 0.0000000
-0.5056397 -2.3974426
-0.1768186 -2.5276942
-0.1703095 -2.2411823
0.0000000 0.0000000
-0.4467460 -1.9164652
-0.1625839 -1.9739301
-0.1560430 -1.7072618
0.0000000 0.0000000
-0.4125339 -1.4722784
-0.1527369 -1.4577755
-0.1547821 -1.1993536
0.0000000 0.0000000
-0.4255692 -1.0480744
-0.1721109 -0.9229860
-0.1799197 -0.6259464
0.0000000 0.0000000
-0.5177562 -0.5577103
-0.1753790 -0.3289765
-0.1169314 -0.0417785
0.0000000 0.0000000
-0.2323211 -0.0642372
0.0000000 0.0000000
0.0000000 0.0000000
-0.4717559 0.1233520
-0.8795578 0.1779634
-1.7359108 0.6264819
-2.0144658 1.2700924
-2.5689137 1.2947583
-1.7988119 1.8718721
-1.5155119 2.3122382
-1.9750305 2.1396370
-1.3133218 2.6970456
-1.2468672 3.1816764
-1.7364084 3.0309539
-1.2691942 3.6295419
-1.2981188 4.0968127
-1.7681127 3.9663503
-1.3261932 4.5698066
-1.3660299 5.0235496
-1.8155200 4.8614426
-1.3980287 5.5123649
-1.4797724 5.9450669
-1.9065900 5.7277431
-1.5545226 6.4895329
-1.7464646 6.8971019
-2.1269662 6.5386162
-1.9350435 7.5666423
-2.3899884 7.9286222
-2.6886015 7.1855540
-2.8469057 8.8983316
-4.0534329 9.0870581
-4.0779090 7.2716036
-5.5193853 10.5412407
-8.8300114 11.6024036
-9.4404955 7.5866480
-1.4523877 8.3481388
6.5336452 10.9969053
11.5691881 10.7531223
10.5756969 8.7481232
17.5564079 6.6302547
19.8962975 2.8243318
25.3045502 -3.6279345
19.1688633 -0.1970580
19.3739910 -3.0374827
2.7093461 -7.5792522
-9.3333445 -7.0974169
-5.5823283 -5.2692976
-3.8558261 -5.1808743
-2.9421790 -5.3321123
-2.9777956 -4.2803135
-2.0294096 -4.4039159
-1.6556045 -4.0998187
-1.9409630 -3.7030463
-1.3137569 -3.6857738
-1.1328001 -3.3938103
-1.4135236 -3.2085388
-0.9641708 -3.0730135
-0.8762715 -2.8322082
-1.1262190 -2.7349727
-0.7899738 -2.5561845
-0.7461381 -2.3364489
-0.9713545 -2.2819543
-0.7023287 -2.0919714
-0.6779352 -1.8806987
-0.8913762 -1.8467864
-0.6522396 -1.6528502
-0.6335953 -1.4447308
-0.8429136 -1.4159479
-0.6188399 -1.2335722
-0.6298909 -1.0173306
-0.8426491 -1.0015676
-0.6921576 -0.7917951
-0.7758270 -0.5573309
-1.0173426 -0.5721114
-0.8117300 -0.3060996
-0.3623310 -0.0864201
-0.5346297 -0.1039069
0.0000000 0.0000000
0.0000000 0.0000000
-1.2528377 0.2273039
-1.7456387 0.2786451
-3.0422742 0.7514942
-3.0791025 1.3500327
-3.4876125 1.3669230
-2.6728923 1.8099099
-2.3182185 2.1265700
-2.7774565 2.0894501
-2.1941915 2.5336635
-2.1856761 3.0449128
-2.6806350 3.0131137
-2.2067893 3.5046084
-2.2132342 3.9724641
-2.6906419 3.9376276
-2.2324367 4.4236197
-2.2514758 4.8667111
-2.7077665 4.8326888
-2.2820776 5.3198061
-2.3476696 5.7115211
-2.7458770 5.6600256
-2.3973458 6.1698899
-2.5585022 6.4499230
-2.8512399 6.3322515
-2.6840858 6.9100204
-3.0457044 6.9824224
-3.1206465 6.7321620
-3.3101485 7.3372364
-3.8865266 7.1628928
-3.8084764 6.7719526
-3.7773764 7.4570160
-8.8983660 7.1394696
-7.7502527 7.3838806
-8.6455059 5.6459594
7.7514434 6.0248260
14.0278168 1.1411576
17.8229485 5.7450571
25.8321457 4.7225566
31.9271946 2.2030694
32.2506485 -6.9812603
22.5363235 -2.7857907
28.3414650 -0.6258810
-6.4889698 2.1856759
-5.6684799 -4.6444554
-6.0624385 -2.6456630
-4.4404006 -3.9461448
-3.6298480 -3.7870789
-3.8033662 -3.1128435
-2.6738098 -3.4575331
-2.2291620 -3.3828235
-2.3358047 -3.0227337
-1.8138790 -3.1055553
-1.6233857 -3.0202918
-1.7419492 -2.8360047
-1.4402378 -2.7743788
-1.3421977 -2.6382389
-1.5066823 -2.5511458
-1.2400033 -2.4004245
-1.1877964 -2.2326398
-1.3716427 -2.1894000
-1.1343302 -2.0071416
-1.1054626 -1.8216385
-1.2983860 -1.7997452
-1.0779848 -1.6029319
-1.0604761 -1.4057194
-1.2596087 -1.3932636
-1.0431017 -1.1904285
-1.0496867 -0.9886699
-1.2492814 -0.9816373
-1.1051106 -0.7957647
-1.2229465 -0.5842896
-1.4340391 -0.5911120
-1.3563849 -0.3494136
-0.7208331 -0.1199179
-0.9265042 -0.1308220
0.0000000 0.0000000
0.0000000 0.0000000
-2.2426977 0.3177466
-2.8158097 0.3490107
-4.2628527 0.8147143
-3.8863771 1.3731961
-4.2259250 1.3621594
-3.3805814 1.7605116
-3.1620305 2.0945964
-3.6310794 2.0873981
-3.1256623 2.5385878
-3.1258655 3.0354033
-3.6151211 3.0068312
-3.1355741 3.4767840
-3.1117022 3.9704254
-3.6309571 3.9428568
-3.1393142 4.4105654
-3.1204200 4.8888960
-3.6292329 4.8843970
-3.1336412 5.3097668
-3.0983908 5.7441058
-3.5675054 5.7608109
-3.1047540 6.1038437
-3.1104140 6.4102602
-3.4290411 6.4334140
-3.0802617 6.6542630
-3.2224350 6.6489377
-3.2141926 6.6245332
-3.3081748 6.7127123
-3.8850553 6.2208915
-3.3516042 5.8871803
-4.6168504 5.7444968
-7.8879004 6.3314376
-5.6397905 3.6319492
1.8495845 -5.1393762
11.5602703 0.3469354
8.6998768 -0.6192222
16.1656246 3.0649877
19.2924938 3.3969138
24.1710320 0.3298955
35.8470993 -4.0723701
34.0303345 1.1801940
22.2435493 3.9721947
-4.8926697 0.8146477
-4.5106006 -0.9399518
-2.5983379 0.1122580
-4.0725961 -2.4308488
-3.6382442 -2.6287100
-3.2192829 -2.2512865
-2.8770225 -2.7804654
-2.4221971 -2.7986889
-2.3506703 -2.6540446
-2.0280757 -2.7330430
-1.8618233 -2.7149162
-1.8756576 -2.6317446
-1.7504402 -2.5779159
-1.6816494 -2.4906852
-1.7839200 -2.4445295
-1.6086055 -2.3031106
-1.5687058 -2.1614387
-1.7206533 -2.1377249
-1.5283953 -1.9572662
-1.5041219 -1.7860968
-1.6816298 -1.7716190
-1.4830804 -1.5833194
-1.4687449 -1.3893552
-1.6596119 -1.3813863
-1.4578091 -1.1790740
-1.4551091 -0.9789277
-1.6511720 -0.9740288
-1.4875256 -0.8050216
-1.6173645 -0.5959144
-1.8147001 -0.5953850
-1.8648533 -0.3729048
-1.1501057 -0.1386136
-1.3768944 -0.1442613
0.0000000 0.0000000
0.0000000 0.0000000
-3.3772564 0.3700028
-3.9854026 0.3812116
-5.3158774 0.8335024
-4.5680933 1.3376992
-4.8925896 1.3010601
-4.1136622 1.6904284
-4.0489879 2.0885537
-4.5128536 2.0693028
-4.0534787 2.5380945
-4.0514312 3.0149026
-4.5525780 2.9826076
-4.0754371 3.4641571
-4.0621152 3.9932785
-4.6234326 3.9665987
-4.1013460 4.4435163
-4.0172744 5.0132890
-4.6511750 5.0030575
-4.0458188 5.4293780
-3.8880169 5.9959435
-4.5493803 6.0817294
-3.8418663 6.3458185
-3.5925369 6.8390336
-4.1979003 7.2062106
-3.3800695 7.1209579
-3.1969995 7.3169818
-3.5010786 8.0300922
-2.7716875 7.3077374
-2.0970964 6.9558229
-1.6537193 7.1215677
-0.8906776 5.2213602
-1.1430134 4.5404530
-0.3168410 5.5624995
8.0312624 -3.5144396
11.4515820 0.5693394
12.3286152 1.7535672
15.4710970 1.6882223
20.6434765 1.8327070
22.0473366 0.2904069
34.4972534 -0.2348019
34.8195343 2.5825119
26.8849277 0.9167860
-1.7808141 -2.4197853
-1.4606733 -0.3168724
-0.4941161 -0.8225782
-2.8552880 -2.5125475
-2.9811139 -2.2923956
-2.5826495 -2.4368250
-2.7361028 -2.7572637
-2.4248681 -2.6837850
-2.3625090 -2.7762349
-2.0953505 -2.6810868
-1.9884830 -2.6422780
-1.9988822 -2.6748021
-1.9613812 -2.5414176
-1.9485154 -2.4492426
-2.0396810 -2.4615273
-1.9293058 -2.2880771
-1.9146944 -2.1420450
-2.0615926 -2.1448543
-1.9004785 -1.9504347
-1.8863726 -1.7726417
-2.0616364 -1.7675914
-1.8772315 -1.5819305
-1.8647404 -1.3804094
-2.0544972 -1.3734459
-1.8630801 -1.1830416
-1.8555923 -0.9738287
-2.0519538 -0.9674737
-1.8701985 -0.8087409
-1.9908031 -0.5932957
-2.1837544 -0.5875919
-2.3297827 -0.3847575
-1.6171335 -0.1485262
-1.8559096 -0.1515425
0.0000000 0.0000000
0.0000000 0.0000000
-4.5637484 0.3844092
-5.1637712 0.3789166
-6.1524830 0.8188257
-5.2186522 1.2532672
-5.5559921 1.1913768
-4.9229679 1.5928085
-4.9352875 2.0452392
-5.3873668 1.9896659
-4.9691901 2.4752762
-4.9980588 2.9643919
-5.5121956 2.9001985
-5.0640173 3.4270616
-5.0859485 3.9947128
-5.6825962 3.9355428
-5.1501727 4.4798784
-5.0860739 5.1451998
-5.8666921 5.1369348
-5.1754084 5.6484418
-4.9336247 6.5029268
-5.9576693 6.6598554
-4.9464421 7.0551410
-4.7207451 7.8004475
-5.2406216 8.1273384
-4.1002712 8.2856493
-3.2721074 8.2402573
-2.9660110 7.9160066
-1.7735565 7.7215838
0.0970594 6.7275014
0.7053832 5.8170400
1.9017897 5.2022333
1.9210823 4.9948239
2.8991117 4.3041654
10.9215355 -1.8775823
12.4020500 1.8222421
12.9194908 1.9478056
15.3598690 1.5143590
21.3729897 2.0899794
24.3131752 0.8371305
33.0053864 -1.2364671
35.8714600 -0.6857029
21.4406624 -2.5097570
2.5389385 -2.9087820
0.7072017 -1.0680064
0.9388316 -2.2345884
-1.6630188 -3.0020761
-2.3381433 -2.7992806
-2.0015016 -3.2428174
-2.5848262 -3.2205935
-2.5030372 -3.0336227
-2.5513024 -3.3586521
-2.2493613 -2.9514589
-2.1765189 -2.8122985
-2.2606063 -2.9678524
-2.1884334 -2.6796210
-2.2253594 -2.5328646
-2.3486171 -2.6018529
-2.2655923 -2.3641956
-2.2728460 -2.1803818
-2.4424179 -2.2053127
-2.2844372 -1.9889715
-2.2758224 -1.7803377
-2.4642494 -1.7812165
-2.2762029 -1.5973033
-2.2617755 -1.3737895
-2.4576604 -1.3654637
-2.2654519 -1.1916215
-2.2549548 -0.9659548
-2.4542325 -0.9561969
-2.2640166 -0.8057817
-2.3599069 -0.5815245
-2.5524414 -0.5719676
-2.7444615 -0.3896512
-2.1040370 -0.1541629
-2.3492136 -0.1553412
0.0000000 0.0000000
0.0000000 0.0000000
-5.7192430 0.3663929
-6.2745447 0.3468127
-6.7553616 0.7763520
-5.8854694 1.1201465
-6.2359080 1.0376543
-5.7653847 1.4662890
-5.7955179 1.9240130
-6.2290411 1.8214041
-5.8833489 2.3231394
-5.9646683 2.8333869
-6.4802723 2.7093484
-6.1038270 3.2891030
-6.1858072 3.8915737
-6.8057070 3.7673347
-6.3564911 4.4194746
-6.4450202 5.2561750
-7.3834291 5.2103047
-6.7068048 5.9445834
-6.6391377 6.9805813
-7.4741178 6.8614597
-6.2612424 7.6264753
-5.7058377 7.7220035
-5.4043694 7.3008199
-3.9772301 7.7742562
-1.8761363 7.0981073
-1.1619397 5.6087914
0.3450625 6.0559587
2.5173123 4.8326702
3.2315431 3.8854234
4.4765964 3.7923973
4.1228576 3.4207578
5.2592564 2.5008445
13.3538055 -1.0555326
13.3967943 1.7471126
13.5533237 0.9339559
14.8381891 0.5411986
26.5894489 -3.2181776
35.3957825 -3.1980534
36.9174728 -0.9145136
29.2646770 -2.7008553
23.2122879 -4.1063709
4.4695249 -2.7619381
1.9246057 -2.6147735
2.2034514 -3.0243325
-0.3982845 -3.7347999
-1.8393971 -3.7793818
-1.4537063 -4.3382502
-2.5930619 -4.0034976
-2.8515615 -3.8205092
-3.0159864 -4.2673845
-2.6959627 -3.5097373
-2.5872099 -3.2250011
-2.8407462 -3.4667003
-2.5425293 -2.9741271
-2.5982332 -2.7212965
-2.7967255 -2.8193843
-2.6842809 -2.5126364
-2.6916854 -2.2585630
-2.9076407 -2.2873054
-2.7138312 -2.0588610
-2.6960819 -1.7961775
-2.9108167 -1.7923881
-2.6962271 -1.6201031
-2.6722388 -1.3628793
-2.8793178 -1.3478607
-2.6718829 -1.1954225
-2.6560476 -0.9502797
-2.8583832 -0.9340455
-2.6673846 -0.7944415
-2.7302589 -0.5621955
-2.9244740 -0.5482229
-3.1047270 -0.3868615
-2.5996220 -0.1561697
-2.8461759 -0.1554786
0.0000000 0.0000000
0.0000000 0.0000000
-6.7721720 0.3212966
-7.2550263 0.2919153
-7.1374712 0.7080296
-6.5678988 0.9433432
-6.9037127 0.8373554
-6.5535383 1.3086007
-6.6106553 1.6953627
-7.0028830 1.5352565
-6.7707024 2.0797367
-6.9190168 2.5588675
-7.4009275 2.3414216
-7.1610742 2.9899356
-7.3423095 3.6150932
-7.9825678 3.3635001
-7.7566876 4.1450152
-8.2004004 5.0934529
-9.0060759 4.8105159
-8.3698349 5.7113004
-7.9029317 6.3065372
-7.9810224 5.5942502
-6.7306223 6.5204434
-5.0493107 5.9491997
-4.1362123 4.8121724
-2.4061155 5.1560936
-0.0982769 4.3924499
0.6301981 3.4764414
1.8501582 3.8496215
4.1353698 2.9494827
5.0102296 2.0174630
6.4430165 2.3011014
6.5730848 1.3838179
7.9248433 0.4393013
14.8276701 -1.7125622
13.8538694 -0.5522088
15.2067070 -1.4841690
15.6108227 -2.0506873
32.1945114 -5.8810434
38.8232193 -8.7671938
37.7896233 -6.9391255
22.8367901 -3.9774685
22.0311413 -4.7323170
4.6374998 -3.6041207
2.5605030 -3.2305131
4.4827991 -2.9350739
0.6296695 -4.1262040
-1.2674116 -4.7533784
-0.6384506 -4.9028168
-2.6824694 -4.8818741
-3.4552000 -4.7488303
-3.6313088 -5.0726280
-3.5602257 -4.2616982
-3.3832791 -3.7950015
-3.8944957 -4.0494370
-3.1406291 -3.3445241
-3.1409919 -2.9516094
-3.4507146 -3.0275385
-3.2352195 -2.6801484
-3.2074871 -2.3313248
-3.4840810 -2.3322604
-3.2085652 -2.1247914
-3.1622045 -1.7938507
-3.4064050 -1.7696787
-3.1450720 -1.6276836
-3.1006653 -1.3339770
-3.3203328 -1.3033826
-3.0856190 -1.1799448
-3.0585055 -0.9188700
-3.2623334 -0.8917268
-3.0708642 -0.7682102
-3.1026709 -0.5336830
-3.2971113 -0.5139148
-3.4078526 -0.3740046
-3.0923066 -0.1539848
-3.3340662 -0.1508349
0.0000000 0.0000000
0.0000000 0.0000000
-7.6673012 0.2577600
-8.0554743 0.2189010
-7.3286905 0.6089119
-7.2080231 0.7173785
-7.4930701 0.5966890
-7.2053533 1.0973361
-7.3411002 1.3446679
-7.6580691 1.1376988
-7.5561318 1.7368307
-7.8002887 2.0760922
-8.1892338 1.7723918
-8.1489544 2.5114372
-8.5215321 3.0471561
-9.0793552 2.6580014
-9.1712017 3.4386876
-9.6794653 4.3884468
-10.1244469 3.8020115
-9.1367922 4.3761263
-8.0502768 4.6474891
-7.7665982 3.7992189
-6.1258340 4.5121965
-3.2363884 3.4394097
-2.6801469 2.5975015
-1.2441239 2.7447131
0.9005399 2.3562644
2.0248830 1.2797906
3.3314843 1.4632895
5.6560168 0.8883710
6.4235992 0.0822927
8.0334129 0.3616849
9.0433950 -0.5306460
10.2832403 -1.5698059
15.6921129 -2.3922231
15.9057312 -1.9263711
16.7737923 -3.1497006
27.3482437 -6.1811857
36.8056870 -8.4967928
37.8785858 -7.1622262
30.7871208 -4.2974973
14.5397816 -3.8848369
12.1651716 -4.0879035
8.8137980 -3.1986501
5.2651815 -3.9916022
5.7154269 -4.4172573
2.3250694 -4.9199195
-0.3522486 -5.1315513
-0.2923377 -5.2098165
-2.5299091 -5.4639263
-3.9464822 -5.3502874
-4.1239748 -5.3609223
-4.7233648 -4.8372674
-4.6456513 -4.2862282
-5.3548942 -4.3840389
-4.0580926 -3.6182799
-3.8919542 -3.1115079
-4.3239989 -3.1124187
-3.9284301 -2.7772152
-3.8240900 -2.3300943
-4.1615405 -2.2697945
-3.7630606 -2.1309545
-3.6713846 -1.7394329
-3.9382374 -1.6778176
-3.6148562 -1.5867606
-3.5413499 -1.2676665
-3.7662530 -1.2119159
-3.5007420 -1.1261598
-3.4549460 -0.8615696
-3.6548748 -0.8185034
-3.4593079 -0.7178994
-3.4714935 -0.4922836
-3.6604087 -0.4649704
-3.6525967 -0.3477536
-3.5684681 -0.1467859
-3.7952328 -0.1404524
0.0000000 0.0000000
0.0000000 0.0000000
-8.3518620 0.1778043
-8.6149797 0.1321442
-7.3831177 0.4716455
-7.7348733 0.4690820
-7.9341316 0.3403413
-7.6757779 0.8271321
-7.9182878 0.9036614
-8.1278734 0.6669416
-8.1585054 1.2881477
-8.5085621 1.4137133
-8.7585897 1.0495249
-8.9497986 1.8530896
-9.5476894 2.1800659
-9.8967113 1.6464028
-10.2743311 2.3105781
-10.3815174 3.0247464
-10.4692059 2.2175107
-9.1861153 2.4146793
-7.4841294 2.8945718
-7.2027297 1.9840554
-4.7451711 2.3385203
-2.2655141 2.0294509
-1.9658585 1.0211794
-0.4535889 2.0047464
2.6639199 0.9357857
3.0069685 0.1839107
4.6657209 -0.0499347
7.1871428 -0.4079750
7.8052607 -0.7782503
9.2229557 -1.1918997
11.7720633 -2.1740944
13.0100069 -2.4340024
16.1493454 -3.4360137
21.1479664 -4.7730231
21.7428684 -4.9421086
34.2560806 -8.9589424
38.7700157 -11.5954247
34.8232231 -8.3555079
27.0807018 -7.0005736
11.5653238 -4.0814943
11.5205832 -4.3078322
9.6483994 -4.1433473
6.1040101 -4.5881033
6.6487875 -4.4823680
3.1824942 -4.8328142
0.1870206 -5.0183148
-0.0668860 -4.7746954
-2.2781398 -5.2740169
-4.2698011 -5.1525660
-4.5627861 -4.7927103
-5.7811570 -4.5957613
-6.0483751 -4.3445082
-6.6822524 -4.1357889
-5.2414932 -3.5523708
-4.8272953 -3.0582464
-5.3385768 -2.8819478
-4.7097945 -2.6938396
-4.5029435 -2.1753931
-4.8532910 -2.0288227
-4.3467135 -2.0087662
-4.1975169 -1.5945481
-4.4629998 -1.4798689
-4.0841694 -1.4610367
-3.9752705 -1.1435895
-4.1892705 -1.0551220
-3.8992403 -1.0158138
-3.8315742 -0.7682227
-4.0157127 -0.7056825
-3.8128202 -0.6348481
-3.8217492 -0.4339341
-3.9963846 -0.3976810
-3.8413506 -0.3053646
-4.0089035 -0.1325620
-4.2099695 -0.1223622
0.0000000 0.0000000
0.0000000 0.0000000
-8.7850475 0.0784002
-8.8910532 0.0313980
-7.3857641 0.3006799
-8.0686522 0.2031020
-8.1446152 0.0628102
-7.9575248 0.4749395
-8.2744551 0.4126287
-8.3490086 0.1568058
-8.5204573 0.7063160
-8.9455032 0.6472091
-9.0233793 0.2545918
-9.4519129 1.0091223
-10.1385031 1.0393234
-10.2399454 0.4664343
-10.7811785 1.0023834
-10.5225077 1.3868303
-10.4595757 0.6229677
-8.9985971 0.6904480
-6.9125056 0.9907783
-6.5285254 0.1959443
-3.9790516 0.4944352
-1.6499546 0.2010327
-1.2598116 -0.4522797
0.9866956 -0.0829563
3.5467672 -0.4689598
3.9571884 -1.0875660
5.3255968 -0.6397005
8.3468170 -1.2005159
8.7909336 -1.7053543
10.7430296 -2.0804536
14.0718470 -2.6554680
15.1927929 -2.3962979
17.8127403 -4.2384434
27.0965424 -6.0933123
34.1193657 -9.4481544
37.5653954 -9.3904104
35.7418251 -8.1192694
28.4960957 -5.6862340
18.7083015 -4.4452910
11.9256630 -5.1570630
10.1137209 -4.5540600
9.8503084 -4.5027452
6.5985093 -4.3519597
6.3025136 -4.1297255
3.4777982 -4.3031974
0.5339079 -4.4205265
0.3341404 -4.0254831
-2.3880196 -4.6084666
-4.6752172 -4.3222375
-5.0721679 -3.9237893
-6.4396424 -3.6548343
-7.1718793 -3.7740071
-7.6543775 -3.2967062
-6.4621706 -2.9545598
-5.7903328 -2.6270597
-6.2505054 -2.2964301
-5.4462757 -2.3466337
-5.1473408 -1.8381970
-5.4594131 -1.6142429
-4.8963795 -1.7196963
-4.6893497 -1.3354098
-4.9262786 -1.1659859
-4.5137134 -1.2275517
-4.3694234 -0.9482918
-4.5559659 -0.8248378
-4.2530065 -0.8376403
-4.1654520 -0.6324776
-4.3204212 -0.5490718
-4.1089253 -0.5144460
-4.1329312 -0.3554653
-4.2790437 -0.3097124
-3.9808769 -0.2450957
-4.3890853 -0.1089587
-4.5535831 -0.0952361
0.0000000 0.0000000
0.0000000 0.0000000
-8.9297333 -0.0196488
-8.8864880 -0.0618288
-7.3659115 0.1053432
-8.1636429 -0.0799650
-8.1057587 -0.2171201
-8.0493898 0.0656666
-8.3756638 -0.1066765
-8.3145027 -0.3563908
-8.6281223 0.0268087
-9.0526524 -0.1469792
-8.9792576 -0.5261875
-9.5818748 0.0075433
-10.2941303 -0.1156019
-10.1965294 -0.6791345
-10.8486319 -0.2445951
-10.3754873 -0.1226357
-10.2479496 -0.8746639
-8.6827431 -0.6826543
-6.2961531 -0.5205193
-6.1251302 -1.1432565
-3.4231186 -0.7485166
-0.9447432 -1.3353420
-1.0513992 -1.8176271
1.9865401 -1.9548781
4.2665787 -2.2166579
4.5137601 -2.8644810
5.9876695 -2.0528333
8.6048956 -2.5571959
8.8997612 -3.4094975
11.4197159 -2.4845490
15.7606430 -2.7253537
16.7328758 -3.6761827
25.6816750 -8.0892353
32.2707939 -10.9485216
36.1189651 -11.0790033
35.6449852 -11.5980740
31.3368416 -10.4887819
26.0094471 -7.6944928
14.3936834 -4.5426817
10.2221518 -4.0887175
10.9398842 -4.0976934
9.2947035 -3.8227448
6.0717402 -3.8087296
5.9370770 -3.3538020
3.4917545 -3.4624586
0.4835608 -3.4999278
0.4811485 -2.9091330
-2.5315182 -3.5483432
-5.2656636 -3.3902936
-5.5107903 -2.8485942
-7.1766200 -2.4279041
-7.9983058 -2.7235231
-8.3167419 -2.1386778
-7.3368859 -2.1142039
-6.5558434 -1.8885595
-6.8800292 -1.4511677
-6.0407085 -1.7402261
-5.6770549 -1.3335123
-5.9119558 -1.0386225
-5.3465352 -1.2643812
-5.0912285 -0.9616491
-5.2688074 -0.7462789
-4.8623681 -0.8865432
-4.6867623 -0.6788980
-4.8236346 -0.5251418
-4.5324807 -0.5931581
-4.4297090 -0.4525788
-4.5388975 -0.3503110
-4.3300519 -0.3571346
-4.3803120 -0.2582825
-4.4785180 -0.2012210
-4.0821853 -0.1674768
-4.6848202 -0.0767346
-4.7970734 -0.0612753
0.0000000 0.0000000
0.0000000 0.0000000
-8.7953482 -0.0979282
-8.6321707 -0.1296594
-7.2689967 -0.0883524
-8.0179968 -0.3634926
-7.8564997 -0.4941564
-7.9116206 -0.3444152
-8.2253094 -0.6166031
-8.0383558 -0.8481848
-8.4644680 -0.6204323
-8.8768969 -0.9136623
-8.6516676 -1.2664415
-9.3950596 -0.9481618
-10.0335054 -1.2390839
-9.7605581 -1.7602484
-10.5295591 -1.5630646
-10.1396847 -1.5691766
-9.9870911 -2.1764071
-8.6240244 -1.9086967
-5.9100456 -1.6251872
-6.0709195 -2.2227786
-2.4904742 -1.7838264
0.2228989 -2.0605998
0.3890249 -2.2209346
2.4788380 -2.5170925
4.7666154 -2.9023104
5.0994201 -2.9459021
6.9732060 -3.5313404
9.4534130 -4.0385566
10.0418510 -4.4219632
11.9724121 -3.5302777
20.4103069 -7.0180812
23.7306900 -8.5255098
32.6676254 -8.6781750
36.3481445 -7.0283809
35.4769211 -7.1801763
29.7754784 -6.0029182
22.9871693 -4.8482742
20.6285839 -5.3625197
12.2114553 -4.0349784
10.3956385 -4.0362277
9.8092442 -3.2816374
8.3320370 -3.3219962
5.4569325 -3.0177627
5.1468697 -2.5656068
3.0237577 -2.6236343
0.2467439 -2.4022305
-0.2000386 -1.9293691
-2.5465448 -2.2408757
-5.7596998 -2.2614255
-6.1087961 -1.6094301
-8.1166553 -1.1884906
-8.5593729 -1.5255710
-8.8117990 -0.8769128
-7.8319411 -1.1922290
-7.0249476 -0.9683419
-7.1784449 -0.5266185
-6.4426723 -0.9454257
-6.0305305 -0.7008404
-6.1511912 -0.3658488
-5.6499000 -0.6777807
-5.3602114 -0.4981635
-5.4525847 -0.2518429
-5.0934100 -0.4600854
-4.8950205 -0.3482956
-4.9642363 -0.1731366
-4.7112951 -0.2963899
-4.5981860 -0.2334529
-4.6499262 -0.1177035
-4.4640398 -0.1704368
-4.5369611 -0.1389893
-4.5766835 -0.0753962
-4.1489077 -0.0752989
-4.8739028 -0.0417229
-4.9229174 -0.0245145
0.0000000 0.0000000
0.0000000 0.0000000
-8.4391718 -0.1607784
-8.1654310 -0.1870351
-6.9823570 -0.2706540
-7.6731572 -0.6259544
-7.4161792 -0.7385114
-7.5615802 -0.7190871
-7.8428516 -1.0804669
-7.5514960 -1.2804772
-8.0483360 -1.2118577
-8.4129114 -1.6159781
-8.0528126 -1.9136119
-8.8514614 -1.8034506
-9.4760361 -2.2363999
-9.0509663 -2.6656244
-10.0947428 -2.6255941
-9.7811089 -2.6585510
-9.6630945 -3.2717056
-8.6018038 -3.0359557
-6.1289506 -2.7824268
-6.3235941 -3.2077465
-2.6088080 -2.8513157
0.4241089 -2.7307298
0.5175310 -3.1563168
3.1310849 -2.4100504
5.6124835 -2.9266107
5.9342332 -3.1784437
8.1001902 -3.9554825
11.2393885 -4.1509600
11.7072964 -4.3550429
16.2980099 -5.5819120
21.9991894 -6.8736277
26.4827766 -8.0844221
33.5329666 -9.9196539
34.5214119 -11.4890070
33.6336937 -9.7477016
29.4027538 -10.1664143
16.5727329 -2.8102345
17.3712845 -2.6463592
11.3596144 -2.8166826
9.4948521 -2.4363022
9.6175022 -1.7028580
7.3620605 -2.2119091
4.9345980 -1.8426741
4.9791141 -1.0224117
2.3903949 -1.5856475
-0.5270156 -1.3272134
-0.6093102 -0.6882168
-2.7943001 -0.8455993
-6.5656099 -0.8185498
-6.8093543 0.0573376
-8.8094606 0.0632742
-8.9574080 -0.1413868
-9.0597849 0.5971707
-7.9892411 -0.1292533
-7.2019868 -0.0203810
-7.2474041 0.4606661
-6.6060400 -0.0638237
-6.1734915 0.0088214
-6.1981821 0.3640902
-5.7675738 -0.0181029
-5.4629645 0.0228275
-5.4723916 0.2822086
-5.1782670 0.0138945
-4.9688640 0.0231621
-4.9670067 0.2074326
-4.7707515 0.0290883
-4.6516538 0.0134741
-4.6422496 0.1361700
-4.5021887 0.0324054
-4.5808678 -0.0020192
-4.5649042 0.0670141
-4.1696224 0.0261430
-4.9393377 -0.0069189
-4.9304028 0.0099427
0.0000000 0.0000000
0.0000000 0.0000000
-7.8837075 -0.2118620
-7.5203443 -0.2324025
-6.5232315 -0.4281358
-7.1479921 -0.8464342
-6.8131723 -0.9334384
-7.0236354 -1.0332509
-7.2649426 -1.4737314
-6.8868246 -1.6295412
-7.4214983 -1.6993512
-7.7185774 -2.1980774
-7.2646980 -2.4335730
-8.0428801 -2.4917872
-8.6376448 -3.1005099
-7.9917855 -3.4440227
-9.3509979 -3.6015840
-9.4427834 -3.9866359
-8.9647598 -4.5864615
-8.6841249 -4.3737617
-6.2921491 -3.8517082
-6.6129131 -4.8681402
-2.9796326 -3.8321054
0.1972569 -3.6881588
-0.3951428 -4.3439803
3.5426354 -3.4939370
6.4788208 -3.6161406
6.2726946 -3.8472452
9.2389030 -3.6713250
12.7211304 -4.8542624
14.4622278 -4.3253708
19.5799160 -6.6326280
28.8577137 -7.7746429
30.4400368 -7.2391262
31.4057560 -4.3136621
29.8484077 -1.9399631
24.8392467 -1.1919051
22.4628925 -2.6555681
17.0272541 -3.6698630
12.7314959 -3.1080754
11.4443846 -2.1445730
8.5086060 -1.8444437
6.9070735 -2.1170027
7.0978179 -1.3948077
4.7557764 -0.5960743
4.3674378 -0.1122318
1.8639910 -0.6589788
-1.3743849 -0.1502084
-1.5374584 0.9294063
-3.8553102 0.8149781
-7.2063670 0.7100425
-7.8923039 1.9093428
-9.4374475 1.5771571
-8.7647839 1.4210132
-8.6501245 1.9651204
-7.7989459 1.0522144
-7.0963020 1.0138752
-6.9653864 1.4778236
-6.5251222 0.8397504
-6.0928388 0.7610972
-5.9913745 1.1076005
-5.6901999 0.6546593
-5.3918953 0.5691252
-5.3041768 0.8220713
-5.1062469 0.4978829
-4.9017429 0.4101817
-4.8233147 0.5910031
-4.7020192 0.3625813
-4.5869217 0.2710643
-4.5132580 0.3922516
-4.4330006 0.2415587
-4.5189042 0.1433624
-4.4441895 0.2120814
-4.0971484 0.1265831
-4.8872876 0.0281001
-4.8184609 0.0451726
0.0000000 0.0000000
0.0000000 0.0000000
-7.1685667 -0.2498687
-6.7400231 -0.2641966
-5.9268332 -0.5525439
-6.4776134 -1.0111712
-6.0893993 -1.0696501
-6.3373103 -1.2765470
-6.5244222 -1.7669244
-6.0908575 -1.8718197
-6.6216025 -2.0762885
-6.8394599 -2.6384590
-6.3232441 -2.7958977
-7.0341825 -3.0135345
-7.4427629 -3.7518132
-6.7223563 -3.9377842
-8.0227995 -4.3038845
-8.6055555 -5.1651449
-7.5750866 -5.4498343
-8.5902529 -5.9038172
-6.5643997 -5.5209603
-6.3204017 -6.3419900
-3.6037753 -5.3928709
-0.3441464 -4.8882079
-0.1246345 -5.4616041
2.8656411 -4.4504972
5.6523747 -4.5930967
5.8110723 -5.3946190
9.5540218 -4.2503352
15.5926371 -4.5927577
16.0931549 -6.0672956
22.8770256 -6.7317858
26.1862144 -8.0510721
28.0667038 -6.9498415
29.4130630 -8.5624552
31.1771889 -9.2981510
30.1008759 -8.5243587
19.9426556 -4.5185485
13.6039495 -1.7646039
15.4813242 -1.2426260
9.7183495 -0.0880091
6.2291389 -1.6250125
5.6718206 -0.9360994
5.6242108 -0.0585883
3.8305769 0.3612602
2.3683221 0.9960908
1.0947953 0.6463550
-1.9288200 1.6076165
-3.5158415 3.2513294
-5.4860263 2.6921184
-7.8334589 3.4912393
-8.6848507 4.1156878
-9.3197803 3.2177649
-8.1149349 2.7984457
-7.6567678 3.3056879
-7.2540474 2.2223144
-6.7152586 1.9958111
-6.3578916 2.4221175
-6.1660323 1.7126933
-5.7954473 1.4748895
-5.5352759 1.7979256
-5.4116178 1.2957329
-5.1489954 1.0903645
-4.9524856 1.3257520
-4.8780961 0.9586866
-4.6957684 0.7822202
-4.5372944 0.9493255
-4.5058680 0.6807344
-4.4047461 0.5200264
-4.2674227 0.6323880
-4.2549567 0.4413365
-4.3497868 0.2849671
-4.2179494 0.3489539
-3.9284077 0.2208624
-4.7176671 0.0622931
-4.5917058 0.0788490
0.0000000 0.0000000
0.0000000 0.0000000
-6.3388009 -0.2728078
-5.8731852 -0.2804838
-5.2325196 -0.6393918
-5.7031693 -1.1136396
-5.2879381 -1.1420332
-5.5471101 -1.4358734
-5.6758432 -1.9504274
-5.2176642 -2.0008485
-5.7048969 -2.3140099
-5.8347864 -2.9079494
-5.2964249 -2.9806390
-5.9073086 -3.3386040
-6.1248899 -4.0585785
-5.4261007 -4.1624975
-6.3559537 -4.6712017
-6.8564878 -5.7641850
-5.6156726 -5.7851262
-7.5265183 -6.7449894
-6.9908648 -7.7508698
-5.3219910 -7.8021183
-4.7123785 -8.2478132
-1.3148426 -7.2249513
0.0704873 -8.1694679
1.9953915 -6.6465297
5.8102808 -6.6211638
6.4185519 -7.6985698
10.0193977 -6.6801882
16.6726151 -7.1528068
15.6559420 -7.6887422
24.1307240 -5.7794514
26.6352081 -2.2097478
26.9376068 -0.4880848
24.6410160 1.8497148
22.8469830 3.8213909
20.6632881 4.0170197
16.9009418 -0.2359238
14.3996906 -0.3002261
12.6024771 1.3432206
9.7667456 1.9731580
5.7682991 0.4046814
5.6327848 2.0714011
3.6236331 1.9955804
1.7980822 2.3715899
0.3475310 3.7791209
-0.8404339 3.4121189
-3.3926327 4.5290689
-5.0891032 5.9419165
-6.7864065 5.0814743
-8.3631191 5.6906881
-7.7450857 6.0090675
-7.7431707 4.7194061
-7.0765285 3.7729838
-6.3345094 4.2839813
-6.3547320 3.3484893
-6.0237064 2.7701993
-5.5141344 3.1536925
-5.5382109 2.4762826
-5.2807937 2.0702167
-4.9102674 2.3518651
-4.9443369 1.8468487
-4.7450213 1.5369842
-4.4633427 1.7424754
-4.5070424 1.3589299
-4.3616662 1.1079396
-4.1351933 1.2535008
-4.1931643 0.9601886
-4.1143098 0.7420064
-3.9206157 0.8398410
-3.9762762 0.6177771
-4.0804739 0.4128366
-3.8975196 0.4687392
-3.6704707 0.3030962
-4.4374471 0.0935294
-4.2613926 0.1087469
0.0000000 0.0000000
0.0000000 0.0000000
-5.4445181 -0.2802984
-4.9694166 -0.2819272
-4.4849992 -0.6876583
-4.8713379 -1.1506366
-4.4566584 -1.1518180
-4.7038317 -1.5117965
-4.7698355 -2.0142105
-4.3237791 -2.0152562
-4.7357507 -2.4122384
-4.7729106 -2.9896116
-4.2697053 -2.9825792
-4.7381701 -3.4496331
-4.7784343 -4.1644831
-4.1941490 -4.1457853
-4.7228446 -4.7116947
-4.8603191 -5.6665039
-4.1181874 -5.6208673
-4.9503436 -6.4976611
-5.1042876 -7.8754830
-3.9306142 -7.6827168
-4.5713410 -9.2506056
-1.8676394 -9.7037153
-1.6131439 -9.8633013
1.6573834 -9.4428587
5.8696198 -8.7632608
5.1427512 -9.4883490
10.4403496 -7.6114011
13.9542751 -7.4383063
13.9978800 -6.0937457
16.7019367 -7.6033692
19.4245262 -6.8309541
21.5582371 -3.2873950
23.9078064 -4.1750984
24.6754875 -1.5344839
21.2876701 2.1537263
17.6463451 -0.8789694
10.2957792 5.4827666
11.0083685 6.4997201
9.1134501 5.2751508
5.2577543 4.7121964
4.8047733 7.4143682
1.9238409 5.9472370
-0.6764856 6.4864826
-0.4787170 8.5376740
-3.2139699 7.5649352
-5.4875927 8.4426899
-4.6959128 8.9723358
-6.8505659 7.7497101
-6.5749493 6.4348435
-5.0442672 6.5973420
-5.9068160 5.5899501
-5.7273793 4.5071154
-4.8218060 4.8314271
-5.2564688 4.0916095
-5.1071978 3.3273370
-4.4952898 3.6247940
-4.7521067 3.0349410
-4.6052904 2.5121310
-4.1681294 2.7344334
-4.3445435 2.2693524
-4.2154989 1.8829436
-3.8802314 2.0471079
-4.0255289 1.6741682
-3.9237938 1.3674653
-3.6505508 1.4858189
-3.7856169 1.1852465
-3.7328246 0.9235370
-3.4963002 1.0035024
-3.6124909 0.7613834
-3.7246232 0.5196287
-3.4999750 0.5654036
-3.3364253 0.3691000
-4.0605502 0.1201268
-3.8443792 0.1333615
0.0000000 0.0000000
0.0000000 0.0000000
-4.5336666 -0.2739415
-4.0736513 -0.2704529
-3.7265306 -0.6990079
-4.0286789 -1.1293526
-3.6395216 -1.1081750
-3.8578491 -1.5076276
-3.8649971 -1.9713280
-3.4672041 -1.9303080
-3.7768176 -2.3755929
-3.7263484 -2.8990829
-3.3202143 -2.8199255
-3.5884190 -3.3590722
-3.4726300 -3.9756997
-3.0957737 -3.8248725
-3.2383957 -4.5209098
-3.0087194 -5.2872872
-2.7627318 -4.9710121
-2.5673296 -6.0398417
-2.1664371 -6.9737334
-2.0639544 -6.3880439
-1.6392286 -7.8271093
-0.6383721 -9.0071440
-0.5001748 -7.9023380
1.3642558 -10.0522404
4.6469631 -9.5487309
3.5809669 -9.0586100
7.9882116 -8.3844023
11.2031517 -7.2279711
9.1375647 -6.1717696
14.4201288 -3.8879292
16.3406925 -0.7216455
13.4087238 -1.4783739
17.2972984 2.7603137
15.9293966 5.7437377
15.4976749 4.6560144
12.8639870 5.2359266
11.2603779 6.1467514
9.4206247 8.9594049
6.7350411 8.3693991
3.2574174 9.5014324
3.2298059 10.7700558
0.5636862 9.9643307
-1.8124517 10.5351524
-0.9889705 10.6198072
-3.6576519 10.0741758
-4.4224772 8.4983406
-2.3555427 8.2478180
-4.2017169 7.5469551
-4.3526001 6.3234000
-3.1743557 6.3145409
-4.2645302 5.6688266
-4.2713223 4.8190098
-3.4618084 4.8925338
-4.1239100 4.3398423
-4.0773702 3.6714039
-3.4807551 3.8068337
-3.9038742 3.3304074
-3.8419528 2.7978683
-3.3824456 2.9461825
-3.6784763 2.5356688
-3.6088817 2.1208475
-3.2468426 2.2396073
-3.4756863 1.8924427
-3.4144797 1.5557971
-3.1142614 1.6441314
-3.3111064 1.3489596
-3.2830868 1.0597631
-3.0189083 1.1208358
-3.1839652 0.8684447
-3.3000300 0.6016636
-3.0449340 0.6369378
-2.9428787 0.4175711
-3.6057973 0.1409807
-3.3600938 0.1520703
0.0000000 0.0000000
0.0000000 0.0000000
-3.6489327 -0.2568327
-3.2212882 -0.2492233
-2.9940729 -0.6794140
-3.2155287 -1.0608226
-2.8680551 -1.0234437
-3.0544107 -1.4401985
-3.0113361 -1.8385701
-2.6775954 -1.7655926
-2.8928816 -2.2367313
-2.7714210 -2.6584158
-2.4649982 -2.5268247
-2.5907891 -3.0962362
-2.3673375 -3.5510173
-2.1272063 -3.3131974
-2.0692286 -4.0486078
-1.7142776 -4.5292697
-1.5925695 -4.1298513
-1.2695888 -5.0844574
-0.6408325 -5.6291184
-0.7004128 -4.9048281
0.1816556 -6.2421656
1.1415578 -6.5990295
0.9827846 -5.6100812
2.1367695 -7.0754175
3.8326778 -7.0020275
3.2535515 -5.5454016
5.7792978 -6.9942365
7.6706514 -5.7124901
6.3384924 -4.3615580
9.5391045 -3.3779316
10.5179272 -1.7952191
8.3476667 -1.0093679
11.5766096 1.4135371
11.9058409 4.3508368
8.1557961 3.9580472
10.1641417 6.3113122
7.7282209 9.2025747
5.7726121 7.9430652
4.7796588 9.9996920
2.5926843 10.2808113
2.8248336 8.6704950
0.9098211 9.8494501
-0.2920653 8.9611568
0.4290452 7.9667335
-1.2384830 8.2379932
-1.9619023 7.3078127
-1.0791452 6.9025583
-2.3821597 6.7297502
-2.7470767 5.8879108
-1.9428413 5.7351832
-2.8899941 5.4030156
-3.0457001 4.7228575
-2.3887632 4.6824002
-3.0670371 4.3073435
-3.1094854 3.7535312
-2.5832384 3.7785800
-3.0697067 3.4092245
-3.0636272 2.9435067
-2.6337380 3.0045524
-2.9946897 2.6592946
-2.9708395 2.2593625
-2.6087379 2.3333819
-2.8953292 2.0167370
-2.8658950 1.6767635
-2.5552223 1.7366930
-2.7972937 1.4530863
-2.7892635 1.1528329
-2.5098050 1.1962730
-2.7118838 0.9401638
-2.8253446 0.6603217
-2.5511265 0.6859640
-2.5076890 0.4495374
-3.0926249 0.1564696
-2.8286097 0.1651532
0.0000000 0.0000000
0.0000000 0.0000000
-2.8226092 -0.2336672
-2.4350348 -0.2233211
-2.3153863 -0.6361594
-2.4666595 -0.9650413
-2.1607583 -0.9192929
-2.3288403 -1.3263063
-2.2586610 -1.6572835
-1.9755956 -1.5695124
-2.1388938 -2.0219703
-1.9914250 -2.3500609
-1.7419621 -2.1991534
-1.8123187 -2.7255003
-1.5745780 -3.0433960
-1.3738781 -2.7968884
-1.2988497 -3.4286914
-0.9327775 -3.7252362
-0.8045796 -3.3283923
-0.5336882 -4.0984578
0.0260066 -4.3139124
0.0412502 -3.7426212
0.6231934 -4.6205602
1.4564712 -4.6621394
1.2748148 -3.8638306
2.2936618 -4.6462255
3.2045445 -4.4039984
2.7967758 -3.4477918
4.2447701 -3.7604003
5.1915565 -3.1262283
4.2620711 -2.2342193
6.1946998 -1.6750053
6.7932911 -0.5901642
5.2431626 -0.2877364
7.2280173 1.7465744
6.7731214 3.0145719
5.1176882 2.3437774
6.3082786 4.3048358
5.3776593 5.8306923
3.9905150 4.5633664
4.0954695 6.2475705
2.9859350 7.0205812
2.3144164 5.8256059
1.6761158 6.8350205
0.7890890 6.8592057
0.7712328 6.0617423
-0.0768990 6.5330372
-0.6964918 6.1641479
-0.4164458 5.6939273
-1.2044365 5.7898188
-1.5806030 5.3079782
-1.1740896 5.0556030
-1.8510666 4.9354777
-2.0578907 4.4547091
-1.6077909 4.3412576
-2.1751955 4.1081753
-2.2719481 3.6687753
-1.8460182 3.6337585
-2.3079765 3.3549101
-2.3424635 2.9601603
-1.9620245 2.9677308
-2.3348868 2.6787703
-2.3404109 2.3213649
-2.0008342 2.3512909
-2.3115110 2.0680676
-2.3052723 1.7418928
-1.9981729 1.7787129
-2.2669563 1.5081329
-2.2722237 1.2096809
-1.9871358 1.2393155
-2.2149348 0.9832236
-2.3194044 0.6987122
-2.0328858 0.7187404
-2.0478232 0.4690600
-2.5372577 0.1702577
-2.2648599 0.1766903
0.0000000 0.0000000
0.0000000 0.0000000
-2.0723984 -0.2096582
-1.7233894 -0.1984731
-1.7048501 -0.5799942
-1.7988452 -0.8648725
-1.5248741 -0.8192208
-1.6938335 -1.1935761
-1.6188900 -1.4705849
-1.3673412 -1.3848166
-1.5160543 -1.7873886
-1.3777760 -2.0453763
-1.1553307 -1.9042933
-1.2255970 -2.3489892
-1.0142514 -2.5745380
-0.8271092 -2.3552818
-0.7898493 -2.8481529
-0.4832948 -3.0200713
-0.3437778 -2.6906888
-0.1716621 -3.2425597
0.2729773 -3.3071463
0.3028643 -2.8610704
0.6893619 -3.3637908
1.2525321 -3.2969642
1.1218642 -2.7354589
1.7876011 -3.1069305
2.3551457 -2.8535395
2.0527182 -2.2202125
3.0132129 -2.1840105
3.4726179 -1.7141339
2.8572464 -1.2558473
4.0048628 -0.5775062
4.2377338 -0.0074557
3.3184583 0.1466210
4.4827957 1.3917749
4.2414956 2.1374822
3.2155366 1.8602293
4.0121279 3.0531175
3.5164897 3.9468193
2.6044714 3.3418362
2.9281917 4.4236140
2.2964797 5.0550785
1.6656069 4.3410325
1.5596873 5.1287899
0.9802471 5.3774304
0.6998878 4.7801967
0.3563258 5.2448235
-0.0953618 5.1836581
-0.1187519 4.7585526
-0.5326864 4.9518347
-0.8447604 4.7151628
-0.6956202 4.4471107
-1.1191618 4.4423566
-1.3128688 4.1278663
-1.0461504 3.9834211
-1.4629017 3.8438537
-1.5730592 3.5108538
-1.2562509 3.4473088
-1.6448523 3.2331953
-1.6986681 2.9048963
-1.3776298 2.8866591
-1.7238038 2.6396592
-1.7458543 2.3239620
-1.4380643 2.3299136
-1.7445638 2.0723593
-1.7524589 1.7695845
-1.4599853 1.7881234
-1.7356421 1.5306132
-1.7481518 1.2406055
-1.4675069 1.2614003
-1.7078743 1.0079566
-1.7973673 0.7242501
-1.5034615 0.7411389
-1.5776157 0.4820445
-1.9517701 0.1828710
-1.6698061 0.1847644
0.0000000 0.0000000
0.0000000 0.0000000
-1.3982848 -0.1890444
-1.0774640 -0.1794655
-1.1616908 -0.5238365
-1.2083454 -0.7786502
-0.9533679 -0.7393700
-1.1413010 -1.0711163
-1.0758263 -1.3119806
-0.8412890 -1.2394642
-1.0003752 -1.5814476
-0.8910456 -1.7954586
-0.6801596 -1.6781460
-0.7800898 -2.0338628
-0.6187367 -2.2055061
-0.4377904 -2.0206368
-0.4586344 -2.3898923
-0.2350695 -2.4944456
-0.0998091 -2.2204883
-0.0277301 -2.5907695
0.2789124 -2.5930004
0.3138778 -2.2501040
0.5557119 -2.5336721
0.9100458 -2.4244826
0.8087097 -2.0330603
1.2348648 -2.1428905
1.5575743 -1.9118692
1.3196510 -1.5145144
1.9333504 -1.3524672
2.1753962 -0.9874877
1.7407917 -0.7128260
2.5003583 -0.1120628
2.5845580 0.2884710
1.9549984 0.3740080
2.7458959 1.2057288
2.6046238 1.7630297
1.8795886 1.6092050
2.5028141 2.4361362
2.2225838 3.0571575
1.5379888 2.7116556
1.9192809 3.4760773
1.5610090 3.9639955
1.0222955 3.5247819
1.1578292 4.1407022
0.8015773 4.4113755
0.4635604 3.9803314
0.4132583 4.4073267
0.1152895 4.4640903
-0.0340370 4.0971785
-0.1898978 4.3444881
-0.4146674 4.2351031
-0.4006324 3.9626427
-0.6257029 4.0454969
-0.7755909 3.8334582
-0.6322839 3.6730461
-0.9078131 3.6062882
-1.0031196 3.3485503
-0.7759992 3.2768750
-1.0779493 3.1072433
-1.1321175 2.8299897
-0.8641429 2.8105636
-1.1676748 2.5857706
-1.1947685 2.3027084
-0.9146522 2.3083389
-1.2057606 2.0605712
-1.2188553 1.7781280
-0.9406651 1.7937324
-1.2139463 1.5405568
-1.2284690 1.2607719
-0.9580381 1.2786671
-1.2009342 1.0269090
-1.2650608 0.7445219
-0.9860381 0.7533657
-1.0912182 0.5089323
-1.3567067 0.1773299
-1.0354569 0.1391830
0.0000000 0.0000000
0.0000000 0.0000000
-0.7851707 -0.1772021
-0.4761953 -0.1747508
-0.6722849 -0.4803569
-0.6798977 -0.7245870
-0.4165685 -0.6923723
-0.6520538 -0.9835567
-0.6045673 -1.2122397
-0.3577938 -1.1270561
-0.5632188 -1.4404923
-0.4918085 -1.6420853
-0.2752098 -1.4687666
-0.4291002 -1.8279072
-0.3309713 -1.9863356
-0.1561705 -1.6851153
-0.2424195 -2.1035442
-0.1113917 -2.1925309
0.0078338 -1.7790868
0.0021979 -2.2037616
0.1752622 -2.1937985
0.2105598 -1.7587610
0.3230906 -2.0651801
0.5149984 -1.9501319
0.4356414 -1.5306237
0.6881159 -1.6446110
0.8572488 -1.4212668
0.6504858 -1.0643516
1.0432231 -0.9384925
1.1593351 -0.6190773
0.8131511 -0.3869584
1.3400807 0.0709605
1.3725365 0.4378424
0.8752894 0.4892911
1.4694495 1.1155978
1.3975745 1.5994747
0.8120573 1.4316773
1.3610996 2.1479836
1.2198235 2.6494467
0.6411397 2.2776935
1.0765135 3.0415401
0.8944858 3.4474993
0.4046154 2.9156649
0.6943076 3.6760111
0.5051995 3.9267075
0.1556309 3.2898543
0.2996120 4.0075765
0.1348205 4.0944810
-0.0601121 3.4058993
-0.0335341 4.0566630
-0.1648300 3.9877512
-0.2204354 3.3794732
-0.2889017 3.8627594
-0.3807561 3.6863389
-0.3235390 3.2546837
-0.4659352 3.5062180
-0.5291395 3.2749186
-0.3834487 3.0269191
-0.5824457 3.0650818
-0.6223401 2.8048396
-0.4151987 2.6999288
-0.6513423 2.5807166
-0.6745045 2.3070571
-0.4298284 2.2936473
-0.6864821 2.0763092
-0.7003694 1.7983634
-0.4370623 1.8330436
-0.7008328 1.5662895
-0.7159609 1.2921883
-0.4612241 1.3440112
-0.7065920 1.0521002
-0.7178883 0.8203450
-0.5638848 0.8478854
-0.6796887 0.4279972
-0.5730708 0.5294248
-0.4160866 0.0506520
0.0000000 0.0000000
0.0000000 0.0000000
-0.1830696 -0.1857510
0.0000000 0.0000000
-0.1752843 -0.4609713
-0.1637353 -0.7553459
0.0000000 0.0000000
-0.1591500 -0.9956574
-0.1502221 -1.2571590
0.0000000 0.0000000
-0.1423200 -1.4778732
-0.1283918 -1.6941117
0.0000000 0.0000000
-0.1146603 -1.8774819
-0.0897349 -2.0332227
0.0000000 0.0000000
-0.0667885 -2.1439934
-0.0292686 -2.2145624
0.0000000 0.0000000
0.0027840 -2.2125971
0.0413257 -2.1679084
0.0000000 0.0000000
0.0791999 -2.0383756
0.1204702 -1.8697628
0.0000000 0.0000000
0.1658618 -1.5891299
0.2009570 -1.2939355
0.0000000 0.0000000
0.2484042 -0.8701878
0.2712261 -0.4748376
0.0000000 0.0000000
0.3208390 0.0840422
0.3249651 0.5762566
0.0000000 0.0000000
0.3588196 1.1375507
0.3374361 1.7082989
0.0000000 0.0000000
0.3403648 2.1894324
0.3005571 2.7435086
0.0000000 0.0000000
0.2780119 3.1063557
0.2284444 3.5526643
0.0000000 0.0000000
0.1900395 3.7797649
0.1381659 4.0684443
0.0000000 0.0000000
0.0936411 4.1601939
0.0434247 4.2863927
0.0000000 0.0000000
-0.0039117 4.2461791
-0.0420316 4.2194114
0.0000000 0.0000000
-0.0781373 4.0829697
-0.1040648 3.9374182
0.0000000 0.0000000
-0.1236117 3.7371259
-0.1380093 3.5208094
0.0000000 0.0000000
-0.1489222 3.2799485
-0.1557313 3.0270669
0.0000000 0.0000000
-0.1608855 2.7657778
-0.1631725 2.4938488
0.0000000 0.0000000
-0.1638116 2.2261558
-0.1659918 1.9439217
0.0000000 0.0000000
-0.1627253 1.6777524
-0.1798462 1.4031953
0.0000000 0.0000000
-0.1982324 1.0789685
-0.1278104 1.0554440
0.0000000 0.0000000
-0.2171960 0.1496429
0.4000683 0.6179687
0.0000000 0.0000000
0.0000000 0.0000000
-40.13933
-39.71773
-39.45451
-41.93506
-45.00366
-48.55741
-53.17148
-59.19971
-67.78734
-81.9305
-110.1344
-171.5683
-256.512
-42.48248
-77.71354
-25.90548
-16.01206
-11.53383
-9.972155
-9.702293
-9.823766
-9.978156
-10.02491
-9.953406
-9.898087
-9.903847
-40.21545
-39.91838
-40.29181
-42.40085
-45.35394
-48.91729
-53.45809
-59.23424
-67.06242
-79.07175
-102.0626
-172.9906
-215.802
-30.74519
-82.96239
-28.46961
-14.61137
-10.79518
-9.770597
-9.700138
-9.899149
-10.08957
-10.17854
-10.13324
-10.14494
-10.18054
-41.30457
-41.1672
-42.20238
-43.95127
-46.68847
-50.20799
-54.49887
-59.49691
-65.21489
-71.70592
-77.86914
-86.76563
-122.8678
19.16692
-5.648908
-9.995509
-9.320078
-9.116326
-9.498846
-10.00764
-10.43085
-10.69632
-10.82341
-10.83278
-10.82595
-10.84282
-43.12326
-43.15511
-44.5894
-46.28206
-49.0334
-52.55111
-56.58178
-60.72812
-64.0457
-65.14128
-64.422
-63.40734
-15.50355
53.11777
0.3806298
-0.2990373
-4.558082
-7.736853
-9.668916
-10.80701
-11.46082
-11.79885
-11.92338
-11.94775
-11.88589
-11.87881
-45.57038
-45.7938
-47.49343
-49.44392
-52.39652
-56.14306
-60.29278
-64.0074
-65.6944
-61.2696
-45.4202
-3.063882
12.45547
68.65339
20.65199
4.471765
-3.415427
-8.145698
-10.85331
-12.3345
-13.09116
-13.42266
-13.49002
-13.46946
-13.34043
-13.30515
-48.5709
-48.99747
-50.91312
-53.355
-56.82879
-61.28132
-66.30959
-71.06567
-73.36878
-68.90706
-53.57098
-24.83051
-38.64956
7.935704
2.020729
0.581997
-5.95723
-10.58563
-13.32363
-14.76989
-15.41579
-15.59793
-15.52598
-15.39394
-15.18654
-15.11979
-51.94958
-52.57526
-54.74124
-57.86938
-62.28299
-68.15979
-75.42422
-83.98642
-90.73585
-89.55442
-76.63136
-55.51785
-57.43801
-57.43973
-10.47893
-7.036731
-11.15774
-15.00168
-17.2422
-18.25033
-18.49852
-18.33739
-18.01369
-17.69901
-17.39202
-17.28902
-55.36678
-56.17523
-58.67455
-62.68109
-68.4807
-76.47576
-88.13697
-103.9107
-114.3838
-113.2153
-102.8917
-87.1943
-75.9936
-29.60607
-15.15558
-14.07313
-18.9048
-21.72588
-22.80535
-22.8734
-22.34705
-21.61084
-20.89824
-20.32368
-19.88935
-19.74312
-58.32967
-59.2968
-62.16364
-67.15245
-74.75442
-85.61745
-102.2264
-122.7204
-131.9179
-132.1247
-124.3733
-110.6347
-88.85894
-33.88283
-16.92079
-26.97629
-31.51981
-31.29525
-30.18089
-28.64413
-26.87394
-25.31558
-24.06839
-23.15567
-22.56226
-22.36607
-60.18432
-61.30285
-64.48811
-70.35129
-79.71572
-93.83169
-114.5648
-134.2747
-141.719
-142.1065
-136.8456
-125.4003
-101.1308
-63.56963
-55.09974
-53.11717
-51.55306
-44.55646
-39.3669
-35.3494
-31.85854
-29.2408
-27.33041
-26.01616
-25.23174
-24.97355
-60.09237
-61.41669
-64.85375
-71.34815
-81.92434
-98.54627
-121.5603
-140.3182
-148.4957
-148.5949
-145.8378
-142.8885
-132.603
-82.79615
-78.52341
-77.44163
-73.27885
-60.79356
-49.62699
-42.28444
-36.86658
-33.05063
-30.39983
-28.65246
-27.66535
-27.32905
-57.53
-58.80068
-62.4649
-69.36291
-80.52203
-98.53541
-121.8309
-138.1567
-147.5096
-150.035
-150.0615
-153.4286
-142.8757
-119.995
-107.1839
-100.4951
-91.73055
-75.86048
-59.2928
-48.53604
-41.28448
-36.30243
-32.92436
-30.75492
-29.57614
-29.17661
-52.38062
-53.40857
-57.2045
-64.16588
-75.42576
-93.27508
-116.2731
-131.2671
-137.5131
-139.6605
-135.9666
-136.6572
-115.1896
-112.5356
-115.4563
-113.0453
-104.6332
-86.58927
-66.30204
-53.12363
-44.4047
-38.48883
-34.52346
-32.00578
-30.65111
-30.23304
-44.95313
-45.86895
-49.39908
-55.89512
-66.42243
-83.71843
-105.2068
-121.4633
-126.6149
-129.6988
-125.3696
-100.9153
-123.3607
-133.0703
-128.3708
-123.0108
-113.2885
-93.029
-69.69658
-55.23758
-45.63586
-39.18661
-34.89199
-32.16599
-30.66761
-30.27753
-35.68311
-36.45306
-39.44723
-45.01648
-54.10896
-69.14434
-92.88429
-110.5716
-117.2833
-118.8002
-122.9468
-127.3705
-95.27797
-117.0809
-127.3148
-126.6344
-116.5752
-93.47532
-69.27476
-54.56735
-44.7615
-38.22832
-33.91402
-31.18877
-29.69007
-29.31386
-25.1757
-25.75736
-28.0296
-32.26326
-39.21281
-50.56887
-72.76638
-96.4477
-103.3981
-107.6226
-106.234
-107.9345
-133.3204
-130.7654
-128.2211
-126.1449
-114.5533
-86.37238
-64.47558
-50.71927
-41.62303
-35.57938
-31.59898
-29.0905
-27.71334
-27.37519
-14.1181
-14.48037
-15.9084
-18.60752
-23.04594
-30.24876
-42.50025
-71.4608
-82.13529
-82.30461
-80.79349
-70.657
-100.1935
-123.5359
-125.4371
-120.3941
-105.1541
-74.64746
-55.49641
-43.92184
-36.42106
-31.42184
-28.10994
-26.01385
-24.86091
-24.58461
-3.19093
-3.337514
-3.918603
-5.034325
-6.874206
-10.0036
-15.89361
-28.46707
-42.36704
-34.97949
-24.97261
-32.6244
-90.65425
-116.8304
-118.8798
-106.0321
-81.04989
-56.73418
-43.51066
-35.27355
-29.86106
-26.21052
-23.76983
-22.2136
-21.35329
-21.15406
7.01751
7.061464
7.232883
7.521601
7.979362
8.74937
10.0441
12.82502
12.75201
29.17963
39.69988
25.68419
-19.16871
-65.28561
-75.23962
-65.94253
-45.76931
-36.44458
-30.25097
-25.82328
-22.69172
-20.494
-18.98614
-18.01146
-17.46845
-17.35187
16.0629
16.25316
17.01264
18.42031
20.75608
24.52151
30.34514
39.4461
51.50128
68.09195
81.25217
76.43864
46.53421
0.5527324
-16.03318
-20.1444
-20.10757
-18.89194
-17.72681
-16.59557
-15.58883
-14.76971
-14.15589
-13.73761
-13.49673
-13.45643
23.67574
23.95932
25.09093
27.16155
30.45306
35.34737
42.39212
52.16828
65.33455
78.40045
87.86316
85.51519
70.95897
45.3587
20.80769
6.731195
-0.9581698
-5.064287
-7.275666
-8.483214
-9.127311
-9.457465
-9.614804
-9.68302
-9.707607
-9.728012
29.73838
30.06306
31.3499
33.65904
37.18057
42.15464
48.86154
57.51889
67.49038
77.0563
82.22747
79.75931
69.33092
53.19149
35.70612
21.57392
11.64081
5.105322
0.8712002
-1.884514
-3.689694
-4.870476
-5.626675
-6.080161
-6.316588
-6.394371
34.26814
34.59772
35.8982
38.19502
41.59238
46.21771
52.14171
59.21227
66.56737
72.74808
75.75773
73.49728
65.81169
54.17524
41.09252
29.00654
19.23409
11.96356
6.772278
3.112849
0.5567892
-1.204875
-2.380663
-3.103471
-3.476146
-3.646009
37.36499
37.68084
38.93202
41.11763
44.28811
48.4876
53.66898
59.42506
65.02104
69.28773
71.01437
68.86869
62.73058
53.57124
42.98676
32.5785
23.46015
16.16944
10.64871
6.551966
3.569449
1.449523
0.007134311
-0.8846414
-1.317212
-1.369762
39.13151
39.44222
40.64752
42.72349
45.70299
49.60756
54.30897
59.2947
63.91578
67.21716
68.27842
66.1713
60.81255
52.89011
43.58979
34.15673
25.49512
18.34636
12.75664
8.49601
5.32076
3.023838
1.446867
0.4889289
0.1698988
-0.0124094
39.60515
39.89083
41.06992
43.12928
46.07796
49.90499
54.441
59.23303
63.61631
66.67926
67.56824
65.46206
60.29125
52.66848
43.68636
34.52501
26.0996
18.99766
13.34721
9.015169
5.766588
3.401398
1.766081
0.7601241
0.1681823
0
