0.0000000 0.0000000
0.0000000 0.0000000
0.0000000 0.0000000
0.0000000 0.0000000
0.0000000 0.0000000
0.0000000 0.0000000
0.0000000 0.0000000
0.0000000 0.0000000
0.0000000 0.0000000
0.0000000 0.0000000
0.0000000 0.0000000
0.0000000 0.0000000
0.0000000 0.0000000
0.0000000 0.0000000
0.0000000 0.0000000
0.0000000 0.0000000
0.0000000 0.0000000
0.0000000 0.0000000
0.0000000 0.0000000
0.0000000 0.0000000
0.0000000 0.0000000
0.0000000 0.0000000
0.0000000 0.0000000
0.0000000 0.0000000
0.0000000 0.0000000
0.0000000 0.0000000
0.0000000 0.0000000
0.0470423 0.1248152
-1.7633314 1.0013492
-1.8283674 2.3702469
-1.0881146 3.5465832
-0.7682490 4.2636647
-0.7530365 5.0017352
-0.9266321 5.8658953
-1.3075880 6.9660916
-2.1045294 8.4260178
-3.7710652 10.6272116
-8.4232702 13.2641544
4.4696016 13.8605976
18.0734310 -10.0818348
-7.0941010 -9.6762972
-4.0240293 -7.7822552
-2.7652895 -4.3850985
-1.4215635 -3.1641312
-0.8422444 -2.2986917
-0.5568608 -1.7109392
-0.3898359 -1.2868148
-0.2936519 -0.9686006
-0.2910522 -0.7036953
-0.3929408 -0.3469831
-0.2601921 -0.0647121
0.0000000 0.0000000
0.0000000 0.0000000
-0.5872934 0.3289782
-3.3537130 1.6142334
-2.6777656 2.4812198
-1.7401592 3.1734900
-1.5239456 3.8843200
-1.6408633 4.7389030
-1.9281385 5.5789142
-2.4841809 6.4310155
-3.6098244 7.3241282
-5.7867222 7.8219810
0.4318497 8.5003481
16.3630486 8.9117622
27.5510864 -2.1783025
7.7058945 -2.3697164
-5.7836423 -0.9808512
-2.7061853 -3.5695662
-2.0695550 -2.5125840
-1.3923999 -1.8406379
-0.9647577 -1.4020041
-0.7073481 -1.0787958
-0.5509085 -0.8055682
-0.5100964 -0.5931495
-0.6831334 -0.3460490
-0.5548480 -0.1112044
0.0000000 0.0000000
0.0000000 0.0000000
-1.8018163 0.6222527
-4.4353657 1.9670285
-3.1083565 2.3993711
-2.4213297 3.0546112
-2.3612015 3.8089490
-2.4282990 4.5793753
-2.6483681 5.2378626
-3.1202483 5.7428503
-4.0596704 5.8998656
-6.2312346 5.3309646
-0.3949375 -0.9614868
20.7499084 6.6543756
34.4430428 -4.9829302
-5.8400946 1.7151984
-4.5730581 1.2578388
-4.3790698 -0.3222187
-2.5835216 -1.2622763
-1.7322378 -1.1933794
-1.2238135 -1.0326942
-0.9314928 -0.8655491
-0.7635307 -0.6844974
-0.6941276 -0.5126247
-0.8713436 -0.3536941
-0.8712149 -0.1363129
0.0000000 0.0000000
0.0000000 0.0000000
-3.4392426 0.8485468
-5.0640769 2.1073923
-3.5390625 2.3639901
-3.1898892 3.1048729
-3.1149948 3.8435528
-3.0843887 4.5282707
-3.1369793 5.0839491
-3.3277881 5.4014387
-3.7195640 5.3285899
-4.5370636 4.1299362
3.6699746 -3.8270497
13.2824907 2.7305100
32.9105339 -1.2747399
-2.4309015 1.6366377
-5.0848331 2.1790447
-3.6449256 0.3691437
-2.2363062 -0.3005627
-1.6574787 -0.6083599
-1.2745104 -0.6895497
-1.0394909 -0.6632828
-0.9061310 -0.5773000
-0.8441832 -0.4473184
-1.0001292 -0.3435153
-1.1791078 -0.1477884
0.0000000 0.0000000
0.0000000 0.0000000
-5.1802578 0.9797453
-5.4138393 2.1096814
-4.1271362 2.4201314
-3.9561369 3.2208171
-3.8201399 3.9546669
-3.6765666 4.6663299
-3.6019280 5.2788634
-3.4966350 5.6989818
-3.1506782 5.5594659
-2.4414806 4.2800136
6.3350620 -2.8827758
12.6810207 1.3305354
36.8766899 0.8991018
3.8117394 1.8833399
-3.4696395 1.0286131
-2.8312926 0.6807488
-1.7870271 0.1486469
-1.4176788 -0.2741148
-1.1940049 -0.4731677
-1.0584821 -0.5311952
-0.9893274 -0.5081323
-0.9648926 -0.4115387
-1.1007533 -0.3328364
-1.4568757 -0.1583907
0.0000000 0.0000000
0.0000000 0.0000000
-6.7884545 1.0239122
-5.7241812 2.0488114
-4.8654866 2.5318255
-4.7274857 3.3722446
-4.5540128 4.1699319
-4.4192700 5.0228424
-4.2868986 5.8634071
-3.7972298 6.3779192
-2.4069741 6.0781755
-0.0716754 4.4896889
8.6775846 -1.1196970
13.4746704 2.0891869
32.6898842 -2.6589613
2.5647242 -0.3160383
-1.9697644 0.3900009
-1.8241199 0.5183253
-1.2191710 0.2117241
-1.0993612 -0.1866056
-1.0502585 -0.4152066
-1.0307363 -0.5027277
-1.0403508 -0.5014147
-1.0695063 -0.4180228
-1.1975992 -0.3387264
-1.7069687 -0.1743549
0.0000000 0.0000000
0.0000000 0.0000000
-8.1646786 1.0163580
-6.1699624 1.9758885
-5.7069182 2.6522582
-5.5607338 3.5470941
-5.4391160 4.4807911
-5.4402580 5.5907912
-5.1725469 6.5853148
-3.7751837 6.7995348
-1.0815473 5.8385944
2.2571709 3.8856871
10.3638277 -0.7559398
12.1113968 0.9421030
27.4287453 0.0432320
1.2853520 -0.8541920
-0.9025509 0.0902425
-0.9940750 0.3267876
-0.6641116 0.0595807
-0.7709545 -0.3101116
-0.8968932 -0.5189468
-0.9987894 -0.5878586
-1.0912828 -0.5685967
-1.1782025 -0.4724785
-1.3103937 -0.3701913
-1.9441789 -0.1987445
0.0000000 0.0000000
0.0000000 0.0000000
-9.3089495 0.9905611
-6.8135214 1.9127312
-6.6223683 2.7492783
-6.5000043 3.7152374
-6.5798221 4.8373232
-6.7523208 6.2204323
-5.7342391 6.9013319
-2.9591122 6.4230633
0.6982414 4.8385220
4.4983706 3.0063689
11.6452503 -1.1495919
13.2394571 -1.1556724
27.2650509 0.9399980
-2.0099976 -1.1345177
-1.1008707 1.0237825
-0.5457759 0.1349352
-0.2197490 -0.3266279
-0.5150653 -0.6337402
-0.7918692 -0.7699899
-1.0056144 -0.7781798
-1.1743805 -0.7074978
-1.3132675 -0.5730054
-1.4558183 -0.4285154
-2.1865451 -0.2318044
0.0000000 0.0000000
0.0000000 0.0000000
-10.2504025 0.9604412
-7.6334357 1.8571362
-7.5946240 2.8009033
-7.5584669 3.8371556
-8.0574884 5.1770720
-7.8499107 6.4472957
-5.3789487 6.2972670
-1.4729115 5.2160778
2.5093570 3.5065079
6.3465743 1.7800039
13.2999659 -1.2883006
14.2990170 -3.8757319
37.6498260 0.8033541
0.7443076 -0.6077391
1.1333202 0.1788688
0.7126435 -0.6059730
0.3089782 -0.9501216
-0.3132628 -1.1375028
-0.7647275 -1.1541687
-1.0843424 -1.0605611
-1.3168883 -0.9072273
-1.4957156 -0.7110101
-1.6485363 -0.5089949
-2.4471660 -0.2722076
0.0000000 0.0000000
0.0000000 0.0000000
-11.0156937 0.9287277
-8.5670900 1.7969203
-8.5997086 2.7903006
-8.7458115 3.8680496
-9.6281452 5.2502213
-8.0191851 5.8528724
-4.2320428 4.9630766
0.2988556 3.4875152
4.2615371 1.8167564
8.1277189 0.2889324
14.6047983 -2.7813184
20.3089199 -5.3582287
34.4045410 -5.2859249
5.1450486 0.2278176
2.0315526 -1.8129277
1.1747792 -1.9354765
0.4656301 -1.9049519
-0.3184656 -1.8214653
-0.8831682 -1.6471590
-1.2728224 -1.4116986
-1.5439823 -1.1500931
-1.7428811 -0.8733128
-1.8998615 -0.6031554
-2.7318959 -0.3166901
0.0000000 0.0000000
0.0000000 0.0000000
-11.6231251 0.8905038
-9.5459652 1.7283664
-9.6049833 2.7219284
-10.0106430 3.8050144
-10.6977797 4.8948855
-7.3243299 4.6702900
-2.5129106 3.3807909
1.8333517 1.8653585
5.8027611 0.1909413
9.1172094 -1.1005931
16.0741024 -3.7646201
27.2641335 -8.9154749
6.1735711 -3.8058813
3.4707205 -4.7258420
1.7100310 -4.2113757
0.8877630 -3.5842335
0.1768246 -3.0425389
-0.6015323 -2.6204934
-1.1976223 -2.2081199
-1.6019597 -1.7995049
-1.8743685 -1.4114308
-2.0656433 -1.0428927
-2.2155068 -0.6996533
-3.0389564 -0.3600069
0.0000000 0.0000000
0.0000000 0.0000000
-12.1081333 0.8477542
-10.5036812 1.6410413
-10.6016502 2.6038010
-11.2106686 3.6141808
-10.9489279 4.3638773
-6.1469450 3.4199021
-0.7888313 1.8664896
3.2431951 0.5927697
7.4634552 -1.0145230
11.2619028 -2.9396322
17.3187466 -4.1522112
32.8686752 -12.0368757
6.6881123 -5.8793197
3.4760206 -6.5593190
1.1282123 -6.2380481
-0.0399531 -5.2830200
-0.5392129 -4.2497911
-1.1804925 -3.4514115
-1.7323726 -2.7763290
-2.0885532 -2.1812608
-2.3165274 -1.6601473
-2.4671726 -1.1979642
-2.5944555 -0.7843064
-3.3589599 -0.3954290
0.0000000 0.0000000
0.0000000 0.0000000
-12.4913998 0.7967978
-11.4083986 1.5297979
-11.5767689 2.4421668
-12.2479563 3.3394539
-10.4917450 3.7384646
-4.7056665 2.3920276
0.3196710 1.0390465
4.6487851 -0.7282010
8.7816343 -1.9660294
14.0913267 -4.9129996
24.1372166 -9.9329853
28.3254967 -10.4113321
9.1477118 -7.1724367
3.6097393 -8.1924915
0.2997195 -8.0910826
-1.4460917 -6.9838161
-1.7698094 -5.4505787
-2.0632575 -4.2275214
-2.4938171 -3.2826858
-2.7351968 -2.5063925
-2.8662686 -1.8595691
-2.9399617 -1.3126200
-3.0253849 -0.8398963
-3.6744254 -0.4152600
0.0000000 0.0000000
0.0000000 0.0000000
-12.7898016 0.7390172
-12.2404699 1.3967825
-12.5650978 2.2526784
-12.8868685 2.9256141
-9.3534193 2.9052112
-3.2517521 1.4856576
1.2770678 0.0765986
6.2477818 -2.1516597
9.6686201 -2.6319923
14.9579649 -3.1964996
32.5335312 -15.4591618
12.0037708 -9.2307863
9.1453247 -8.5612402
3.7338197 -8.8830843
-0.3839249 -9.0270786
-3.0281067 -8.3113756
-3.6264851 -6.5550404
-3.2742183 -4.8474855
-3.4697685 -3.6494844
-3.5231304 -2.7190485
-3.5032868 -1.9679033
-3.4647901 -1.3575805
-3.4853790 -0.8489489
-3.9632502 -0.4116042
0.0000000 0.0000000
0.0000000 0.0000000
-12.9972706 0.6591694
-12.9950228 1.2233638
-13.5561762 2.0079408
-13.0626144 2.5086720
-7.7940860 2.2365141
-1.7927413 0.7661480
3.0158103 -0.9611992
7.4861608 -3.2299509
11.3714552 -5.0202527
29.6711788 -11.8660984
34.2666817 -14.2171469
13.2253666 -7.7070603
9.3001356 -7.9747281
4.5327697 -8.0954742
-0.4333008 -8.4581261
-4.0822186 -8.3176775
-5.8427582 -7.1175985
-4.8345308 -5.2015700
-4.6666284 -3.7936966
-4.4145627 -2.7628896
-4.1902080 -1.9427702
-4.0098176 -1.3035594
-3.9390147 -0.7938325
-4.2006364 -0.3777137
0.0000000 0.0000000
0.0000000 0.0000000
-13.1461658 0.5552491
-13.6789169 1.0063791
-14.6290169 1.6684316
-12.4606028 1.4790576
-6.2611117 1.4285182
-0.4007815 0.1600443
4.6654420 -1.6323581
8.6193838 -3.3939691
13.4034805 -6.1178570
34.5807190 -14.9617720
26.1025543 -10.0212622
13.3385344 -6.1824427
9.4809227 -6.0799084
5.0901284 -6.0892568
0.1950004 -6.5011487
-4.1181593 -7.1439648
-7.3810792 -6.7499852
-6.8750944 -5.0009766
-5.9685335 -3.6627283
-5.3503757 -2.5666692
-4.8758330 -1.7351350
-4.5276465 -1.1217952
-4.3396692 -0.6603468
-4.3742394 -0.3084753
0.0000000 0.0000000
0.0000000 0.0000000
-13.2563896 0.3956645
-14.2420073 0.6764868
-15.4444962 1.1216938
-11.5973749 0.8752829
-4.4251013 0.3487718
0.7434821 -0.5719296
6.2746377 -2.6187015
10.5962696 -4.2439151
19.3313885 -6.7765827
34.2057648 -12.4669113
19.6945515 -6.3642850
13.1690435 -4.6158400
9.1314049 -3.9688468
5.2046428 -3.7551503
1.2946528 -4.0612807
-3.5171235 -5.0011916
-7.5911002 -4.5060534
-9.0491409 -3.8286393
-7.2566528 -3.1072874
-6.2309146 -2.0682299
-5.4865084 -1.3145183
-4.9626303 -0.7937226
-4.6403255 -0.4388796
-4.4691367 -0.1957522
0.0000000 0.0000000
0.0000000 0.0000000
-13.4120321 0.1649752
-14.7052145 0.2216341
-16.0997772 0.3082461
-10.6375008 0.2062907
-3.1608424 -0.3908618
2.2129774 -1.8357708
7.3317080 -3.3011706
12.2178555 -4.6613636
24.2476330 -8.1883593
33.3485489 -7.4971085
15.2219381 -3.8243930
12.4008141 -2.7266774
8.5147934 -1.9467117
5.1082888 -1.6870425
1.3459251 -1.7844664
-2.6776090 -2.3864217
-6.6671700 -2.4671555
-10.4915590 -1.7901332
-8.4304857 -2.0233200
-6.9572420 -1.1725693
-5.9426675 -0.6271877
-5.2448568 -0.3029279
-4.7992311 -0.1280934
-4.5019083 -0.0406870
0.0000000 0.0000000
0.0000000 0.0000000
-13.3680611 -0.1906261
-14.9131622 -0.4730490
-16.0968494 -1.1062716
-9.4267340 -2.0329020
-2.3845148 -2.1395907
3.9145794 -2.8641722
8.3443842 -3.6084154
13.6395111 -4.8178587
26.0746288 -8.2003698
32.1192360 -9.1976643
14.1017599 -2.0502124
11.6810474 -1.1954693
7.8455014 -0.1783905
5.2092209 -0.0333726
1.3562796 0.1194391
-1.8504165 -0.1434764
-6.4487119 0.1068868
-11.0149202 -0.0228599
-9.2924709 -0.2665553
-7.3358908 0.1022092
-6.1391234 0.2760799
-5.3150501 0.3145844
-4.7841029 0.2554116
-4.4219799 0.1421929
0.0000000 0.0000000
0.0000000 0.0000000
-12.8402605 -0.7073439
-14.5046558 -1.6491307
-15.5308638 -2.6088238
-8.1820049 -3.2190778
-1.6144341 -3.9661620
4.5698719 -3.9249294
9.4345684 -4.6150527
14.0327168 -4.1632671
29.9671631 -6.8282824
22.1971626 -4.0886440
12.3299932 -1.4641021
10.2656374 0.0609359
6.8103786 1.6387222
5.1401896 1.6036403
1.6095971 2.6710918
-1.7871599 2.5085292
-6.0053830 2.2176735
-11.0345221 2.9736149
-9.4602327 1.9127425
-7.2957597 1.6375335
-5.9899149 1.3178972
-5.1072941 1.0114303
-4.5376697 0.6851335
-4.1514611 0.3414011
0.0000000 0.0000000
0.0000000 0.0000000
-11.7435980 -1.3294022
-13.3257847 -3.0433872
-14.8850698 -5.0898228
-8.1512671 -4.8015852
-2.3529584 -4.7891574
4.2981052 -4.8827815
9.1803665 -5.1478915
16.0431194 -4.8107004
29.7125053 -8.4403553
17.4870777 -3.1787069
10.6431341 -0.9245220
8.4948616 1.1764637
6.0601802 2.7109103
4.2442665 3.4304760
1.6607008 4.6666689
-2.3088391 5.3991714
-6.2275348 5.7581897
-10.3789101 6.3109236
-8.5858850 4.1799297
-6.7644935 3.0834408
-5.5107760 2.3555610
-4.6224589 1.7186724
-4.0363393 1.1230308
-3.6550062 0.5552090
0.0000000 0.0000000
0.0000000 0.0000000
-9.8921890 -2.2898598
-11.4771757 -4.7183313
-12.7880201 -7.4870262
-7.3452725 -9.6887197
-2.4908619 -8.2600365
3.5936809 -6.1917491
8.2272902 -5.6585512
18.4162083 -6.6559882
28.3226604 -3.1290972
12.8848324 -3.3539286
7.6602936 1.4523249
6.5580444 3.0958550
4.3679824 4.8301373
2.2120283 6.0751929
0.8084967 7.6770282
-1.6392590 9.8522224
-5.1811705 9.9558296
-9.2779398 8.7793016
-6.5946665 6.0246730
-5.5366893 4.6076150
-4.5771847 3.5048685
-3.8275111 2.4926093
-3.3107438 1.5900348
-2.9216366 0.7764818
0.0000000 0.0000000
0.0000000 0.0000000
-6.7536502 -3.6786592
-8.4861622 -7.6318793
-9.7420959 -11.0452623
-6.5080881 -14.0720644
-1.8814983 -11.7347202
2.8576736 -12.9293814
8.4967833 -10.3373222
19.8041153 -10.1897821
28.6766205 -9.4139681
11.2608519 1.3742570
4.6702833 5.4218588
4.1841888 6.4799213
3.3508801 9.5842361
1.4977689 11.5270090
-4.1268120 13.8869677
-3.3086593 13.0958843
-5.6609015 14.9514351
-6.7029133 12.1037683
-5.1796489 10.2314148
-4.0092545 8.1129322
-2.9668722 5.8559642
-2.4272141 3.9817874
-2.1404774 2.4644845
-1.9775133 1.1671818
0.0000000 0.0000000
0.0000000 0.0000000
-2.8587840 -3.8482573
-3.8027844 -9.3819284
-4.8948264 -16.1753044
-4.5025725 -21.5586624
-2.3177569 -23.1557159
3.6163473 -20.0998745
8.9851475 -17.6561775
12.9965515 -13.4159813
15.6880264 -7.1140480
9.8163576 7.3996902
3.9844198 12.2294054
0.8921855 15.1870670
1.8447322 16.4057007
1.8985089 17.4592285
-0.3572643 21.4727859
-2.3195312 21.0324097
-2.9798830 20.7348843
-3.0106854 16.7013569
-2.0987685 12.0536499
-1.3376377 8.5099249
-0.9814196 6.1227517
-0.8241598 4.2628455
-0.7397825 2.6665299
-0.7432047 0.8244238
0.0000000 0.0000000
0.0000000 0.0000000
0.0000000 0.0000000
0.0000000 0.0000000
0.0000000 0.0000000
0.0000000 0.0000000
0.0000000 0.0000000
0.0000000 0.0000000
0.0000000 0.0000000
0.0000000 0.0000000
0.0000000 0.0000000
0.0000000 0.0000000
0.0000000 0.0000000
0.0000000 0.0000000
0.0000000 0.0000000
0.0000000 0.0000000
0.0000000 0.0000000
0.0000000 0.0000000
0.0000000 0.0000000
0.0000000 0.0000000
0.0000000 0.0000000
0.0000000 0.0000000
0.0000000 0.0000000
0.0000000 0.0000000
0.0000000 0.0000000
0.0000000 0.0000000
0.0000000 0.0000000
0.0000000 0.0000000
0.3049320 -0.2972564
0.0000000 0.0000000
0.5866334 -0.1944401
-0.1202330 -0.4038184
-0.1763596 -0.3636332
0.0000000 0.0000000
-1.2321434 0.0752963
-0.5670271 0.6539438
-0.5847319 1.7096516
0.0000000 0.0000000
-1.8443985 1.7056155
-0.5551156 2.7424216
-0.5200502 3.6841519
0.0000000 0.0000000
-1.3810049 3.1114621
-0.3981400 4.4488187
-0.3457289 5.0243969
0.0000000 0.0000000
-0.8808934 3.9422777
-0.2968726 5.5554352
-0.2934665 6.0351567
0.0000000 0.0000000
-0.7333550 4.6364012
-0.3039142 6.5388460
-0.3434294 7.0329895
0.0000000 0.0000000
-0.8072780 5.4102459
-0.3770041 7.6600432
-0.4619326 8.2807274
0.0000000 0.0000000
-1.0541880 6.3578644
-0.5297848 9.1875286
-0.7023423 10.0322781
0.0000000 0.0000000
-1.5510398 7.5885382
-0.8686585 11.5248556
-1.1908284 12.8761044
0.0000000 0.0000000
-2.5865040 9.5554104
-1.7181120 15.2870216
-1.9153399 18.2413216
0.0000000 0.0000000
-4.8574123 14.1956482
-1.7247754 21.0887432
-2.2410965 24.9007511
0.0000000 0.0000000
3.2859063 13.3933783
4.9392252 17.6781578
11.5261269 5.8592620
0.0000000 0.0000000
12.0305214 10.5440245
11.4352036 -10.2731161
-3.0771346 -9.5425262
0.0000000 0.0000000
16.2969799 -3.0938501
-2.0775747 -13.6666355
-1.0859524 -14.1316195
0.0000000 0.0000000
-8.7593145 -10.4543705
-0.4774476 -9.1798620
-0.5948546 -7.2283049
0.0000000 0.0000000
-3.2328613 -6.3537874
-0.4846002 -6.1460919
-0.4467551 -5.0245552
0.0000000 0.0000000
-2.1172962 -3.8156753
-0.3589631 -4.1672997
-0.3369442 -3.3915784
0.0000000 0.0000000
-1.1079221 -2.7074192
-0.2885290 -2.9136219
-0.2360618 -2.3949172
0.0000000 0.0000000
-0.6850201 -1.9532512
-0.1961784 -2.0899982
-0.1639701 -1.7486137
0.0000000 0.0000000
-0.4641578 -1.4639198
-0.1380667 -1.5295494
-0.1189627 -1.2925225
0.0000000 0.0000000
-0.3350002 -1.1060222
-0.1034882 -1.1313947
-0.0905046 -0.9446265
0.0000000 0.0000000
-0.2805428 -0.8265858
-0.0947367 -0.7910405
-0.1116527 -0.6165700
0.0000000 0.0000000
-0.3329046 -0.5508489
-0.1332187 -0.3943650
-0.1313080 -0.1729247
0.0000000 0.0000000
-0.3802975 -0.1778450
-0.0619660 -0.0392874
0.0055714 0.1017385
0.0000000 0.0000000
0.0584709 0.0563598
0.0000000 0.0000000
0.0000000 0.0000000
0.9493775 -0.1368993
0.8792800 -0.0419506
-0.3868696 0.0601260
-1.5486768 0.4765185
-2.4746869 0.7883927
-2.4537396 1.3025004
-2.5590889 2.0220950
-3.0860424 2.1096013
-2.1019382 2.6277003
-1.7145030 3.0925982
-2.1146102 2.8266118
-1.3675164 3.4255829
-1.1909006 3.7823577
-1.5827882 3.4851148
-1.1324682 4.1236153
-1.1586397 4.5219922
-1.5544305 4.2985964
-1.2299812 4.9737034
-1.3667181 5.3772249
-1.7416931 5.1237926
-1.5071384 5.9224820
-1.7661448 6.3368683
-2.1243064 5.9084873
-2.0295103 7.0314775
-2.5476789 7.4494123
-2.9011300 6.6070728
-3.0711880 8.4766016
-4.3209109 8.7821922
-4.5005126 6.9401817
-5.7890720 10.3129282
-8.9986200 11.6247625
-10.2308073 7.8268151
-1.7443863 8.5398569
7.4681001 11.2531748
11.4765902 12.0989962
11.5958719 8.8885345
19.5364475 12.3401957
23.4819355 7.7486372
20.6119137 -11.0220642
20.9083824 0.2217485
20.8802395 -2.1892710
1.8572805 -8.2766056
-9.4447842 -7.0239840
-6.4704199 -3.4497278
-5.2116599 -5.3267837
-3.9851203 -5.9549599
-4.1987176 -4.7287726
-3.1367435 -3.8731101
-2.2962611 -3.0457814
-2.2378547 -2.7085931
-1.7833027 -2.7642174
-1.3992540 -2.2754805
-1.6743793 -1.9851458
-1.1002730 -2.0541117
-0.9008633 -1.7193432
-1.1449577 -1.5623610
-0.7400855 -1.5217004
-0.6247323 -1.3069232
-0.8175908 -1.2237427
-0.5291502 -1.1403422
-0.4630671 -0.9895027
-0.6183932 -0.9411147
-0.4071420 -0.8508181
-0.3789468 -0.7279310
-0.5128281 -0.6946062
-0.3820700 -0.6177399
-0.4344163 -0.4903091
-0.5674618 -0.4905871
-0.5265098 -0.3157584
-0.5561093 -0.1906369
-0.7074128 -0.2275855
-0.3984805 -0.0714242
0.1329539 0.0205564
0.0945401 -0.0108272
0.0000000 0.0000000
0.0000000 0.0000000
0.7792758 0.0402996
0.5726821 0.1234585
-1.2463155 0.4192652
-3.1047390 1.1008358
-3.8317847 1.3194834
-3.8865230 1.8238764
-3.5323284 2.1787457
-3.7901499 2.1931632
-2.8529196 2.4823787
-2.3384562 2.7570343
-2.6611891 2.6717644
-2.0412238 3.0731282
-1.9417071 3.4348283
-2.3601708 3.3883092
-1.9323546 3.8377028
-1.9945530 4.2415581
-2.3681557 4.1821227
-2.0524991 4.6749535
-2.1883245 5.0037837
-2.4962807 4.8727584
-2.3114407 5.4379416
-2.5799205 5.6744828
-2.8076899 5.4336185
-2.8224559 6.1462951
-3.3245022 6.2238202
-3.4240639 5.8098874
-3.7426836 6.6761742
-4.5360217 6.6324019
-4.5227771 5.9815779
-4.6934800 7.0133104
-9.9741516 7.8488288
-9.9707899 7.4926848
-8.4433746 5.8495450
7.2810025 6.6015706
13.5684118 2.6788387
15.8435383 6.1094956
24.6299210 6.9207902
30.9577198 2.3035645
31.9973660 -3.2706814
26.7609577 -0.2272527
29.8224182 3.0411739
-7.2814045 2.4224930
-5.4162526 -1.9405199
-6.2343736 -1.3031830
-4.5606384 1.1032465
-5.8047185 -3.3704431
-5.9201946 -1.5901374
-3.7842231 -2.3853290
-2.9368367 -2.3478892
-3.3410556 -1.3490666
-2.3851559 -1.9446250
-1.9211860 -1.6859940
-2.1125410 -1.2350212
-1.5475566 -1.4997413
-1.2971873 -1.3608791
-1.4469181 -1.1236783
-1.0789359 -1.2053586
-0.9342021 -1.0944862
-1.0588137 -0.9660599
-0.8075517 -0.9629829
-0.7241260 -0.8639305
-0.8359093 -0.7946460
-0.6504729 -0.7368047
-0.6161042 -0.6491286
-0.7161871 -0.6092378
-0.5985558 -0.5482544
-0.6527321 -0.4638597
-0.7429997 -0.4481690
-0.7705350 -0.3434386
-0.8357473 -0.2536602
-0.9540745 -0.2663571
-0.7025421 -0.1276360
0.0682672 -0.0250295
0.0037885 -0.0379608
0.0000000 0.0000000
0.0000000 0.0000000
0.1956842 0.1835500
-0.2125922 0.2642023
-2.6510952 0.7136697
-4.4705205 1.5139568
-5.0297623 1.6350242
-4.7649531 2.0716960
-4.0141497 2.1790991
-4.1837564 2.1699383
-3.3111999 2.3762281
-2.9320219 2.6815131
-3.2888410 2.6932750
-2.7798450 3.0502534
-2.7553957 3.4234169
-3.1428797 3.4412613
-2.7232804 3.8112583
-2.7436655 4.1745448
-3.0856299 4.1615291
-2.7533484 4.5304508
-2.8281686 4.8148637
-3.1048877 4.7669549
-2.8953118 5.1256242
-3.0565298 5.2987285
-3.2064817 5.1757536
-3.2007217 5.5025640
-3.5483787 5.4724436
-3.4530499 5.1850367
-3.8609285 5.5439281
-4.6476288 4.9686460
-4.0927005 4.3325033
-5.3833027 5.0926657
-11.2082729 4.3833399
-8.4645376 2.9954076
0.8581986 -4.6332955
10.0617609 0.9789028
7.8939943 -0.2191444
14.4960432 4.6825161
18.2960110 5.9230733
20.3249683 2.9362988
35.8003273 -2.3070614
36.2927246 3.7797728
23.0778561 7.6756330
-3.9077206 2.3055906
-4.5439930 0.2448796
-0.8262672 2.4461017
-3.8953099 1.6363060
-5.3594646 0.0696639
-4.8711352 1.0538837
-3.8083098 0.0648094
-3.0804110 -0.5073183
-2.7864153 -0.0292541
-2.4359062 -0.7456372
-2.0216537 -0.8078769
-1.8808028 -0.5064839
-1.7085755 -0.8635926
-1.4593872 -0.8835211
-1.4391990 -0.6868879
-1.2489413 -0.8394285
-1.1085277 -0.8286412
-1.1408515 -0.7106664
-0.9830536 -0.7533253
-0.9041876 -0.7164487
-0.9625202 -0.6498341
-0.8323995 -0.6237784
-0.7983330 -0.5707307
-0.8675776 -0.5351194
-0.7697291 -0.4774233
-0.8130581 -0.4233818
-0.8804513 -0.4049442
-0.9314443 -0.3457972
-1.0460329 -0.2730412
-1.1389674 -0.2744018
-1.0142235 -0.1440237
-0.0688551 -0.0455032
-0.1529453 -0.0526693
0.0000000 0.0000000
0.0000000 0.0000000
-0.7703004 0.3227302
-1.3779656 0.3895436
-4.3229575 0.9117922
-5.5413074 1.7222127
-5.9400821 1.7630073
-5.2529306 2.1360390
-4.3553119 2.1486106
-4.5695848 2.1533391
-3.8175075 2.3764000
-3.6356058 2.7554274
-4.0163989 2.8098216
-3.5569813 3.1443031
-3.5136385 3.5157614
-3.8934004 3.5644917
-3.4507022 3.8728452
-3.4122641 4.2281094
-3.7730725 4.2685924
-3.3826313 4.5351820
-3.3374801 4.8551769
-3.6879377 4.9107480
-3.3435009 5.0877442
-3.3344789 5.2937884
-3.5810630 5.4520583
-3.3120027 5.4500318
-3.3386796 5.3968611
-3.3817453 5.6887012
-3.3035064 5.2766552
-3.2271960 4.9888263
-2.9064867 5.1531763
-2.7470157 3.4017327
-5.0374088 4.2975597
-4.3576188 3.9409699
5.1088662 -3.6873980
8.8156052 0.0501240
9.4003477 0.9684091
13.3118477 1.5772694
18.1627865 3.3976381
17.7634468 2.3367577
36.1467285 0.0048086
35.7303810 2.3333144
24.4285660 9.9220362
-1.9079475 0.8452358
-0.9025006 2.3195369
-1.1574867 2.5036583
-4.2535238 1.5736392
-4.0556583 1.1747909
-3.6817718 1.1655332
-2.9536107 0.9037485
-2.5452759 0.1034295
-2.2438385 0.2970818
-1.9013469 0.0325902
-1.7443070 -0.3127217
-1.5459704 -0.1700312
-1.5237036 -0.3974225
-1.3865088 -0.5387722
-1.2926006 -0.4337467
-1.2332966 -0.5551966
-1.1432784 -0.6152610
-1.1164852 -0.5460345
-1.0502092 -0.5817970
-0.9996096 -0.5927187
-1.0168421 -0.5519102
-0.9484682 -0.5331849
-0.9280355 -0.5072808
-0.9726695 -0.4867003
-0.9063396 -0.4248095
-0.9416064 -0.3880438
-0.9955178 -0.3769914
-1.0485584 -0.3356671
-1.2073121 -0.2728753
-1.2824759 -0.2710180
-1.3044590 -0.1532914
-0.2461516 -0.0568793
-0.3420360 -0.0608696
0.0000000 0.0000000
0.0000000 0.0000000
-2.0608661 0.4364358
-2.7950952 0.4756789
-5.9855976 1.0078455
-6.3163986 1.7711282
-6.6149096 1.7600998
-5.5756483 2.0946922
-4.7989202 2.1576595
-5.1046824 2.1815317
-4.4778500 2.4629750
-4.4017329 2.8923635
-4.8047495 2.9578719
-4.3319097 3.2821672
-4.2504773 3.6660454
-4.6565366 3.7501647
-4.1760378 4.0229435
-4.0700946 4.4395237
-4.5341554 4.5442615
-4.0531187 4.7536869
-3.9378073 5.1909876
-4.4343681 5.4003625
-3.9020503 5.4814243
-3.7618685 5.8497996
-4.1126108 6.1865988
-3.5376747 6.0254459
-3.1983852 6.1066918
-3.2027147 6.3881049
-2.6598001 5.8346767
-1.8101286 5.4472117
-1.3251956 5.4173765
-0.9536786 4.0966401
-2.4862859 4.1528697
-1.1066252 3.7281799
7.8824735 -1.4618567
9.2767706 1.3279954
10.0320339 1.8641603
11.8503952 1.4363134
14.9680443 1.5092385
17.3265648 1.1921098
32.0950317 -1.4810622
33.8344688 1.7638813
25.2237473 4.6107221
4.1252508 0.0780790
-0.5477777 3.3398685
1.1187305 4.5863156
-3.7853055 0.8402759
-3.2599330 1.5164429
-1.9395242 2.0660563
-2.4184568 0.8964205
-2.0062783 0.4482416
-1.4461550 0.6362813
-1.4689122 0.3017908
-1.3776897 -0.0833128
-1.0995914 -0.0297343
-1.2523398 -0.1823392
-1.2081993 -0.3738697
-1.0695381 -0.3516791
-1.1252240 -0.4161002
-1.0946914 -0.5096142
-1.0356654 -0.4991264
-1.0494934 -0.4994249
-1.0370799 -0.5324029
-1.0316361 -0.5296239
-1.0185657 -0.4938701
-1.0209110 -0.4799598
-1.0519730 -0.4822565
-1.0199225 -0.4085598
-1.0541959 -0.3744204
-1.1034217 -0.3769752
-1.1489708 -0.3329359
-1.3393848 -0.2708778
-1.4067562 -0.2722155
-1.5661256 -0.1656725
-0.4495587 -0.0635252
-0.5541322 -0.0658160
0.0000000 0.0000000
0.0000000 0.0000000
-3.5472114 0.4989369
-4.3255644 0.5116022
-7.4664330 1.0273445
-6.9150710 1.7252684
-7.1863928 1.6892600
-5.9481282 2.0163431
-5.4239349 2.2074347
-5.8149104 2.2373178
-5.2687531 2.5828116
-5.2103076 3.0439706
-5.6493602 3.1086996
-5.1341481 3.4459841
-5.0355558 3.8854725
-5.5094156 3.9931622
-4.9840407 4.2867517
-4.9021301 4.7994833
-5.4951091 4.9910388
-4.9226789 5.2252417
-4.8028297 5.8153567
-5.4031320 6.1231132
-4.6709695 6.2066331
-4.3752036 6.5791235
-4.5727038 6.8918476
-3.7452793 6.7296801
-2.8555148 6.5589542
-2.5029757 6.4617386
-1.6455889 6.0488801
-0.1565156 5.2788949
0.5149570 4.8726025
1.2566465 4.1667037
0.0875145 3.6595192
1.1689045 3.4462569
9.8388948 -1.0595601
10.5442400 1.8854384
10.6458616 2.4317319
12.7164707 1.1445755
14.9796867 0.5789036
19.0629025 -1.6995993
28.5836391 0.4175598
28.9797497 1.9937062
24.6064262 -1.0589274
3.1703811 -0.1172950
1.6900918 3.1098249
-0.2510138 1.3089830
-1.7815995 0.1962872
-1.8022064 1.5296549
-1.2135639 1.2488853
-1.6184932 0.4555045
-1.2778174 0.4821782
-0.8444623 0.4415964
-0.9814269 0.2111231
-0.9632011 -0.0946396
-0.6697456 -0.1507268
-0.9574574 -0.2030170
-0.9925422 -0.3899581
-0.8343253 -0.4461206
-0.9888317 -0.4390317
-1.0156028 -0.5300846
-0.9466482 -0.5783141
-1.0257092 -0.5278718
-1.0531723 -0.5557325
-1.0438021 -0.5939773
-1.0732422 -0.5243551
-1.1012197 -0.5034845
-1.1324140 -0.5322691
-1.1279123 -0.4387589
-1.1674033 -0.3926421
-1.2215108 -0.4114056
-1.2546551 -0.3513836
-1.4637939 -0.2790790
-1.5346251 -0.2871335
-1.8076085 -0.1856913
-0.6743584 -0.0687217
-0.7891570 -0.0710096
0.0000000 0.0000000
0.0000000 0.0000000
-5.0920119 0.5140845
-5.8643980 0.5106353
-8.7193985 1.0088366
-7.4718690 1.6419343
-7.7643905 1.5985179
-6.4893513 1.9424583
-6.2114434 2.2698371
-6.6643991 2.2919466
-6.1509314 2.6958218
-6.0828576 3.1861200
-6.5664721 3.2362134
-6.0212526 3.6214244
-5.9535127 4.1402097
-6.5244727 4.2481737
-5.9930868 4.6265130
-6.0070457 5.3026276
-6.7609396 5.5373583
-6.0647726 5.8812132
-5.9146543 6.5232334
-6.3649211 6.7584844
-5.3957853 6.9009094
-4.6533546 6.9439802
-4.4350457 6.9172316
-3.3535509 6.7956014
-1.7895646 6.2066135
-1.0866247 5.6528072
-0.0182105 5.4261184
1.7732205 4.4154654
2.6680858 3.8974180
3.5086694 3.5125020
2.2561152 3.0026441
3.2744398 2.4962890
10.8683243 -0.6685871
10.7518663 1.6344775
11.7786932 0.5585058
13.1907387 0.2725634
21.2574463 0.6920752
19.6910458 0.5884288
24.9822578 1.3695476
28.9972973 -1.6649597
22.9785137 -3.9678311
1.8135238 -1.2278857
0.7911323 1.3629340
-3.5748842 1.1330180
-0.1900721 0.1247012
-0.9710816 0.9356662
-1.3313173 0.5341374
-0.8132808 0.1979365
-0.6138160 0.1789311
-0.3789010 -0.0701269
-0.4828926 -0.0684906
-0.5604345 -0.3407541
-0.3561679 -0.5054867
-0.6719655 -0.4388490
-0.7877111 -0.5801430
-0.6691037 -0.7180313
-0.8666067 -0.6231787
-0.9502587 -0.6777511
-0.9044248 -0.7843751
-1.0179707 -0.6688488
-1.0839143 -0.6669505
-1.0919456 -0.7447311
-1.1433383 -0.6290767
-1.1959665 -0.5834478
-1.2419690 -0.6375736
-1.2512429 -0.5172278
-1.2988018 -0.4457889
-1.3681489 -0.4801897
-1.3840103 -0.3967867
-1.6020607 -0.3031116
-1.6864270 -0.3186511
-2.0456328 -0.2147004
-0.9238577 -0.0754673
-1.0535154 -0.0790235
0.0000000 0.0000000
0.0000000 0.0000000
-6.6144094 0.5029308
-7.3596215 0.4923557
-9.7601490 0.9782816
-8.0704784 1.5503625
-8.4012156 1.5066503
-7.2191181 1.8807678
-7.1132593 2.3152373
-7.6031275 2.3219283
-7.0999784 2.7739387
-7.0344172 3.2906814
-7.5571408 3.3143549
-7.0224729 3.7693772
-7.0685101 4.3813848
-7.7663116 4.4824624
-7.2963638 4.9883800
-7.4467454 5.8331523
-8.1890535 5.9835882
-7.2913132 6.4351153
-6.7191753 6.7910118
-6.7389941 6.6639724
-5.5114551 6.8568335
-4.0486150 6.4060555
-3.4535594 5.9096923
-2.1493924 5.8753777
-0.1414452 4.9680581
0.4931847 4.3556733
1.7407509 4.1343360
3.6398170 3.1640623
4.5048547 2.4869576
5.4178905 2.3647084
4.2416840 1.7225165
5.3501105 0.8146191
12.6473694 -1.3415446
11.9116449 -0.1749836
13.1122437 -1.0987787
12.7996998 -2.5944800
21.7908077 -2.0040865
20.6891232 -5.5021000
31.5490799 -1.0000203
27.5645599 -1.1317277
21.6751461 -0.7892671
-3.0282149 -0.1851745
-2.5157247 2.5245898
1.5279586 4.1799145
-0.7961421 2.2757609
-0.3122657 0.4920323
1.2388201 1.0692723
-0.2060925 -0.1871194
-0.1106743 -0.2256985
0.6076214 -0.4566863
-0.1656577 -0.6315150
-0.2904685 -0.7304333
0.0122655 -0.9787700
-0.5023208 -0.8649967
-0.6670931 -0.9159406
-0.5542544 -1.1195199
-0.8201098 -0.9460545
-0.9482474 -0.9379880
-0.9329869 -1.0915838
-1.0680932 -0.9091000
-1.1649789 -0.8572648
-1.2043886 -0.9672171
-1.2593426 -0.8011182
-1.3313339 -0.7149309
-1.4045945 -0.7893772
-1.4113470 -0.6383159
-1.4665908 -0.5302294
-1.5604979 -0.5764302
-1.5530895 -0.4673075
-1.7720146 -0.3427878
-1.8770076 -0.3645627
-2.2961304 -0.2520572
-1.2067791 -0.0857051
-1.3574378 -0.0911879
0.0000000 0.0000000
0.0000000 0.0000000
-8.0818205 0.4807316
-8.7933626 0.4683429
-10.6151657 0.9470949
-8.7423067 1.4604057
-9.1092138 1.4152788
-8.0964937 1.8239967
-8.0791140 2.3215787
-8.5788698 2.3061149
-8.0954132 2.7964878
-8.0582657 3.3304574
-8.6101007 3.3185878
-8.1519175 3.8550198
-8.4506426 4.5786805
-9.2310028 4.6135082
-8.8390560 5.2466979
-8.8072519 6.0029998
-9.1711617 5.8744226
-7.9698253 6.3126769
-6.6191611 6.1689816
-6.2469478 5.6453471
-4.7787485 5.8372827
-2.6709378 5.1036077
-1.9011490 4.2624526
-0.4758925 4.2777419
1.5144778 3.4400730
2.2995212 2.6373625
3.4852960 2.6881976
5.4238491 1.7723980
6.2560787 1.1115062
7.2928605 1.1259041
6.7107124 0.0018043
8.2015734 -0.5265828
13.9483643 -2.2164025
14.6133394 -1.6317117
15.6813879 -1.9564233
17.0155926 -5.0206513
24.2619972 -6.9537072
29.1946468 -7.1944098
32.2883415 -4.6329083
-1.0644424 -0.9735088
-1.8236500 -2.0750222
4.2801919 -0.3002883
4.5225878 4.0107336
1.4187719 -3.4780722
1.7795227 -0.7917787
1.0867921 -0.8293789
1.4616836 -1.7876601
0.7492066 -1.2195351
0.4728329 -1.2903843
0.8298374 -1.8253851
0.2115210 -1.4299682
-0.0894470 -1.4291866
0.0601945 -1.8148640
-0.4057527 -1.4720870
-0.6480693 -1.4190935
-0.6230338 -1.6946443
-0.8721284 -1.3927209
-1.0414481 -1.3000495
-1.0897450 -1.4936817
-1.2050949 -1.2306619
-1.3246859 -1.1121651
-1.4133384 -1.2448751
-1.4459873 -1.0259720
-1.5295603 -0.8859870
-1.6417065 -0.9732628
-1.6269490 -0.7909054
-1.6866043 -0.6371280
-1.8127489 -0.6899978
-1.7746387 -0.5560645
-1.9854193 -0.3944038
-2.1153491 -0.4196254
-2.5685313 -0.2954219
-1.5341476 -0.0999871
-1.7114534 -0.1072321
0.0000000 0.0000000
0.0000000 0.0000000
-9.4839334 0.4541559
-10.1553411 0.4400153
-11.3026676 0.9109356
-9.4862223 1.3680478
-9.8827429 1.3242576
-9.0545826 1.7612498
-9.0614214 2.2804165
-9.5511055 2.2445178
-9.1070919 2.7585332
-9.1386385 3.2909570
-9.7036476 3.2633889
-9.3879137 3.8408668
-9.9903517 4.6210070
-10.6605968 4.5429873
-10.1993799 5.1574202
-9.3780813 5.5299153
-9.2723322 5.1227813
-7.7192001 5.3777294
-5.7374301 4.8715167
-5.0910168 4.1781654
-3.4310133 4.2447038
-0.9930317 3.4314539
-0.2372806 2.4793055
1.0830636 2.5705845
3.0505197 1.8082010
3.7906690 1.0010167
5.0504770 0.9438551
6.9331245 0.3012466
7.7251625 -0.5825879
8.7967014 -0.4262286
9.3905554 -1.4535162
11.1315718 -2.3853676
15.3370037 -3.2947645
15.4803829 -3.1071596
16.8580017 -3.7142403
22.0255432 -7.0110383
29.4172115 -9.7014170
30.3476925 -9.6024332
22.8877754 -3.7483013
2.0901010 -0.6755532
3.1013601 -4.2495751
2.3687432 -4.7501931
2.6418052 -3.6247559
2.3496890 -4.8406305
1.8843083 -3.0267134
1.1571128 -3.0129340
1.2356156 -3.9570577
0.8003367 -2.8159204
0.4655658 -2.6385550
0.5223501 -3.2730038
0.1551251 -2.4912491
-0.1833409 -2.3318040
-0.2148078 -2.7773380
-0.5425884 -2.2222955
-0.8235428 -2.0478430
-0.9217969 -2.3594913
-1.0872362 -1.9279631
-1.2763188 -1.7354752
-1.4113568 -1.9491341
-1.4636732 -1.6058096
-1.5906894 -1.4081594
-1.7429622 -1.5490876
-1.7246866 -1.2821972
-1.8085213 -1.0787816
-1.9680583 -1.1681324
-1.9120560 -0.9598570
-1.9700496 -0.7544059
-2.1329010 -0.8072057
-2.0573773 -0.6532771
-2.2483847 -0.4513514
-2.4052186 -0.4763595
-2.8646026 -0.3403865
-1.9152976 -0.1172249
-2.1221168 -0.1252463
0.0000000 0.0000000
0.0000000 0.0000000
-10.8073025 0.4225986
-11.4353247 0.4069708
-11.8502951 0.8706408
-10.2885561 1.2775418
-10.6989393 1.2342236
-10.0251818 1.6850584
-10.0252962 2.1946115
-10.4954643 2.1448140
-10.1113338 2.6686711
-10.2673893 3.2077081
-10.8176365 3.1490831
-10.6315174 3.7159097
-11.2772627 4.3921919
-11.7006073 4.2615118
-10.8694239 4.6603951
-9.0450020 4.5878491
-8.5723734 4.1020265
-6.8150592 4.0780206
-4.3039804 3.4165993
-3.4228199 2.7131784
-1.7589407 2.5366669
0.5362688 1.8295329
1.2635082 1.3031161
2.5160151 1.1999954
4.6060123 0.4305239
5.3049793 -0.1549785
6.6281390 -0.4976137
8.6480608 -1.2351040
9.3489389 -1.8970572
10.0757637 -1.8973287
12.5595779 -3.5999141
14.4633265 -5.3215070
16.9436073 -3.5405900
17.0060177 -6.3423553
20.9694958 -10.3596554
31.4417458 -13.1597071
32.8821487 -10.6999483
23.0857944 -8.2833891
4.6507397 -4.6433797
3.8725753 -4.3797894
5.7041388 -4.2842565
2.4380553 -5.5193410
1.6844171 -5.5913815
2.3485193 -6.0683832
1.0474418 -5.1727343
0.4313783 -4.9425364
0.4504153 -5.6865315
0.1566955 -4.4482937
-0.1089420 -4.0540557
-0.3017469 -4.6849141
-0.3368043 -3.6630545
-0.6227828 -3.3111887
-0.8370900 -3.7562470
-0.9666532 -3.0451009
-1.2375420 -2.7243199
-1.4723821 -3.0306702
-1.5066775 -2.4999883
-1.6852638 -2.1968939
-1.9180224 -2.4016681
-1.8695023 -1.9968947
-1.9827096 -1.7111094
-2.2060485 -1.8402097
-2.1100140 -1.5421329
-2.1789217 -1.2689437
-2.3896980 -1.3468474
-2.2736268 -1.1255192
-2.3214166 -0.8665414
-2.5212064 -0.9104407
-2.4037411 -0.7461546
-2.5624049 -0.5047688
-2.7458963 -0.5247865
-3.1785800 -0.3808761
-2.3533735 -0.1350015
-2.5886519 -0.1424100
0.0000000 0.0000000
0.0000000 0.0000000
-12.0421457 0.3904287
-12.6290369 0.3754515
-12.2940826 0.8220395
-11.1173725 1.1897935
-11.5345240 1.1451443
-10.9551525 1.5870898
-10.9524164 2.0847030
-11.4003830 2.0292661
-11.0904636 2.5243063
-11.3833179 3.0871551
-11.9207163 3.0442736
-11.7665863 3.5025218
-12.0799294 4.0778260
-12.2105408 3.8283153
-10.7673836 4.1218204
-8.0244560 3.5457182
-7.3302441 3.0178154
-5.5165687 2.9058673
-2.5731711 1.9892170
-1.5383190 1.4505334
-0.5411311 1.1841744
1.8473926 0.5899432
2.7114863 0.1147861
3.9028573 -0.0492190
6.0805035 -0.6857347
6.7681503 -1.2681305
8.1676798 -1.5749716
10.5320206 -2.1339803
11.6543026 -2.1893353
12.7302999 -4.6490579
16.4696178 -4.9412589
17.4338684 -3.2111943
20.9381657 -5.3825040
29.4877758 -13.2305422
30.9110775 -14.1892281
27.3640537 -8.5717793
14.1857595 -6.6596413
10.5786982 -9.2048159
9.6152992 -6.1615562
6.6101036 -6.5758109
5.9765735 -8.2950258
3.9897330 -7.4500966
2.0443513 -7.3240585
1.6746006 -8.3090267
0.5581095 -7.1972322
-0.3969483 -6.8064227
-0.7540554 -7.6322198
-0.8959054 -6.1557360
-1.1464825 -5.5250592
-1.7031082 -6.1962161
-1.2709767 -4.8734970
-1.4339104 -4.2861986
-1.8817312 -4.7056198
-1.6903199 -3.8566554
-1.9029884 -3.3705072
-2.2765749 -3.6386635
-2.1461511 -3.0446413
-2.2810960 -2.6259434
-2.6158617 -2.7901325
-2.4330077 -2.3572805
-2.5070012 -1.9775857
-2.8032119 -2.0708640
-2.6042569 -1.7718205
-2.6413803 -1.4265089
-2.9010165 -1.4773407
-2.7097585 -1.2640102
-2.7365580 -0.9545125
-2.9682400 -0.9794970
-2.8077350 -0.8187797
-2.9238405 -0.5437444
-3.1300902 -0.5530128
-3.4973402 -0.4094061
-2.8425500 -0.1498062
-3.1001513 -0.1549085
0.0000000 0.0000000
0.0000000 0.0000000
-13.1877136 0.3599671
-13.7361908 0.3442980
-12.6460352 0.7683165
-11.9468260 1.0947586
-12.3491545 1.0413411
-11.8255644 1.4657563
-11.8444643 1.9657367
-12.2839689 1.8887086
-12.0721788 2.3560789
-12.4787560 2.9913130
-12.9866095 2.9029799
-12.5983562 3.1441107
-12.2172308 3.4886596
-11.9917173 3.2181664
-10.0030222 3.3342762
-6.6242042 2.4086230
-5.7989383 1.8442628
-4.0515699 1.9424471
-0.8805080 0.7704214
0.0762974 0.2721178
0.3702731 0.4580594
3.4176977 -0.5915059
4.3543696 -1.2280635
5.3911557 -1.4871451
7.3539715 -2.0059583
7.8650842 -2.6276677
9.1983948 -2.0405810
11.5740910 -2.8662968
11.6071825 -4.2091308
13.7777653 -3.4434564
20.8209610 -6.2890859
26.1727657 -11.3736706
32.4720154 -13.7118101
35.8482628 -15.0438423
31.5955830 -13.1002474
17.6059971 -10.1973782
10.0804672 -8.4221458
11.7768421 -8.3098307
9.6049976 -8.1052542
6.7562122 -8.6173105
6.7801189 -8.9306688
4.4376931 -8.6905432
2.1167622 -8.7503376
1.3311971 -9.1233130
0.1398709 -8.6615229
-1.3614515 -8.4139214
-1.8650016 -8.9282780
-2.2775326 -7.7204351
-2.7040741 -6.9922805
-3.5725889 -7.6155000
-2.7486372 -6.0471153
-2.6919427 -5.2182837
-3.4745288 -5.6092620
-2.7216954 -4.5751238
-2.8230381 -3.9169972
-3.3319864 -4.1054282
-3.0093484 -3.4888170
-3.0622699 -2.9569135
-3.4907985 -3.0465043
-3.1498456 -2.6353502
-3.1558027 -2.1554451
-3.5157900 -2.1871555
-3.1961493 -1.9315095
-3.1842682 -1.5175266
-3.4822462 -1.5237880
-3.2079942 -1.3475620
-3.2015471 -0.9966639
-3.4545593 -0.9923064
-3.2530725 -0.8533004
-3.3223119 -0.5571811
-3.5424838 -0.5503359
-3.8009219 -0.4184062
-3.3666067 -0.1581482
-3.6339068 -0.1587828
0.0000000 0.0000000
0.0000000 0.0000000
-14.2417765 0.3304448
-14.7486362 0.3094951
-12.9067316 0.6996663
-12.7418041 0.9890388
-13.1372070 0.9284030
-12.6196423 1.3135036
-12.7000027 1.8179650
-13.1341228 1.7432281
-13.0373650 2.1395924
-13.4855623 2.8487895
-13.9307165 2.7781444
-12.9971342 2.7731249
-11.7483873 2.9505305
-11.2915401 2.6205583
-8.5981617 2.5714693
-5.0300288 1.2621179
-4.0751925 0.7760755
-2.6407456 1.1158075
0.6224662 -0.2759921
1.5544884 -0.9065283
1.9763663 -0.4890753
5.0224357 -1.8062682
5.8146257 -2.1860416
6.7082810 -2.8534057
8.7463999 -2.8636248
9.3774080 -2.9489198
10.7038708 -3.9463332
13.6540642 -4.2921023
14.8031435 -4.3782907
19.9736423 -4.7103372
33.1199188 -14.2114878
34.9706650 -15.3095083
32.8118629 -13.5271711
28.3323441 -11.6437616
18.7655716 -9.9185114
13.1002512 -8.5034552
11.5133095 -8.2327890
11.8506784 -7.6334934
9.5171404 -8.4677515
6.8852558 -8.5068579
7.2021723 -7.8741093
4.6632719 -8.5779829
2.3243225 -8.7708521
1.7694803 -8.3078709
0.0655402 -8.8980284
-1.9074531 -8.9562664
-2.3709147 -8.6414814
-3.4695227 -8.4828739
-4.4645557 -8.0247154
-5.2021437 -8.1414995
-4.7447386 -6.9457293
-4.5233455 -6.0140147
-5.6408234 -6.3119550
-4.1006398 -5.0773678
-3.9898224 -4.3020234
-4.6281571 -4.3971777
-4.0849056 -3.7589521
-4.0152841 -3.1145387
-4.5334969 -3.0780289
-3.9909041 -2.7744896
-3.9028034 -2.1932957
-4.3081579 -2.1392422
-3.8580611 -1.9782265
-3.7813237 -1.5076040
-4.0986204 -1.4547794
-3.7429559 -1.3462061
-3.6918950 -0.9718435
-3.9495697 -0.9286636
-3.7102981 -0.8321085
-3.7380111 -0.5334484
-3.9589572 -0.5057745
-4.0667443 -0.3997899
-3.8981922 -0.1565824
-4.1553993 -0.1509280
0.0000000 0.0000000
0.0000000 0.0000000
-15.1787596 0.2890541
-15.6193895 0.2536015
-13.0829802 0.6099051
-13.4941244 0.8589482
-13.8638287 0.7613293
-13.3378639 1.1134239
-13.5425920 1.6694831
-14.0030880 1.5303767
-14.0711212 1.8550018
-14.2995386 2.7229807
-14.5787525 2.4730806
-12.8121653 2.1072111
-10.7088070 2.2320580
-10.1442976 1.6168954
-6.9515462 1.9204571
-3.2618403 0.2756222
-2.5546496 -0.1953898
-1.0493456 0.3966612
2.2779963 -1.3000463
3.0185392 -1.7646754
3.8420763 -1.2637466
6.2729464 -2.7485301
6.8947802 -3.1302886
7.7800431 -3.1593661
9.4220428 -3.8383901
10.4149437 -4.7454615
10.8430691 -5.1997852
18.0829830 -6.3614559
24.4420300 -11.1033211
35.1800919 -15.1856174
38.7444916 -14.6775541
34.6792526 -12.3886223
26.8906651 -9.7225084
17.5041885 -8.3435087
15.5938540 -7.1562786
13.8622389 -6.9235845
11.8271723 -7.0673790
11.5330667 -6.3523440
9.6037350 -7.0961895
7.3069649 -7.0387292
7.2701273 -6.0213490
4.9157243 -7.1638532
2.7033603 -7.3278103
2.7951956 -6.3419170
0.3404064 -7.6521578
-1.9649143 -7.7900395
-2.0654099 -6.8985586
-3.8875721 -7.8123589
-5.4833879 -7.8598671
-5.7623210 -7.4027491
-6.6151581 -7.0493035
-6.7526178 -6.4448757
-7.9017262 -6.5608926
-5.8787756 -5.1673684
-5.4110374 -4.4241047
-6.2260833 -4.3261251
-5.3304820 -3.7794886
-5.0873489 -3.0007918
-5.6725140 -2.8147266
-4.9050317 -2.7114162
-4.7031760 -2.0383682
-5.1228843 -1.8818667
-4.5438943 -1.8666679
-4.3914542 -1.3661331
-4.7015414 -1.2397220
-4.2758474 -1.2310753
-4.1728854 -0.8617951
-4.4115849 -0.7719287
-4.1408949 -0.7390720
-4.1393900 -0.4639610
-4.3410540 -0.4131864
-4.2742591 -0.3486114
-4.3969092 -0.1401193
-4.6235147 -0.1259583
0.0000000 0.0000000
0.0000000 0.0000000
-15.9351730 0.2126508
-16.2556953 0.1638779
-13.2126493 0.4782593
-14.1378632 0.6600988
-14.4354877 0.5172802
-13.9578924 0.8485644
-14.3862791 1.3607324
-14.7905378 1.1384993
-15.0262012 1.4349519
-14.6993017 2.1665978
-14.7439079 1.8373159
-11.8848228 1.1131991
-9.3645296 1.0928781
-8.6334667 0.7236432
-5.3476610 0.8975427
-1.7587554 -0.6757693
-1.2068548 -1.0588837
0.5059797 -0.3918848
3.9039576 -2.0641890
4.5391974 -2.4057086
5.5300946 -2.1870775
7.7502379 -3.2731953
8.4258471 -3.4933887
9.6039505 -3.8648272
11.8582220 -5.3628421
13.4473467 -5.7977347
16.0069695 -7.2154136
26.7757587 -10.9128008
30.0148487 -10.9339857
33.9859428 -10.4744568
34.5014114 -9.5693226
30.3778114 -8.9637985
21.4045639 -7.9981318
14.4847479 -5.9312520
14.5551357 -4.7213259
13.2505836 -5.2947307
11.3811111 -5.2964420
11.2725458 -4.2120395
9.3093596 -4.9890695
7.1653385 -4.8515201
7.0921559 -3.7463732
5.1444745 -4.9497447
3.0101411 -4.9383163
3.3179646 -3.7474787
0.8618875 -5.3391800
-1.3136482 -5.6384964
-0.9568829 -4.3374877
-3.5771995 -6.2100506
-5.3969345 -6.3561621
-5.4682570 -5.0515232
-7.3862524 -5.8283768
-8.8059587 -6.2407055
-9.5459576 -5.4555216
-7.9238462 -4.6765122
-7.0810785 -4.2149920
-7.9834871 -3.9780676
-6.6880660 -3.4645743
-6.2200012 -2.5290012
-6.7634344 -2.1546891
-5.8163829 -2.3692746
-5.4881124 -1.6560924
-5.8668389 -1.3768941
-5.1966629 -1.5540485
-4.9579344 -1.0673982
-5.2242193 -0.8605295
-4.7553449 -0.9769854
-4.5976391 -0.6522679
-4.7892060 -0.5110941
-4.4959774 -0.5620205
-4.4863214 -0.3450428
-4.6379094 -0.2655918
-4.4142733 -0.2579356
-4.8134923 -0.1034223
-4.9778666 -0.0819723
0.0000000 0.0000000
0.0000000 0.0000000
-16.4210949 0.0982401
-16.5557823 0.0220679
-13.3483448 0.2689552
-14.5924387 0.3834066
-14.7471504 0.1679683
-14.4946337 0.4447949
-15.0658865 0.9805714
-15.4485178 0.6830676
-15.7188635 0.7697340
-14.5919952 1.5512595
-14.5313091 1.1255164
-11.0276155 0.6134118
-7.9434514 0.2558966
-7.2025652 -0.2367052
-3.5980756 -0.0828121
-0.4033003 -1.4799289
-0.0627861 -1.9795876
1.8960501 -1.0641266
5.1950006 -2.7120171
5.6760554 -3.1121936
6.7864237 -2.9936550
9.1749487 -3.6145873
9.7945938 -3.9145191
11.5476265 -4.5295582
15.6866751 -5.5680771
16.2552967 -5.4493494
20.9338799 -6.0537038
28.4903488 -8.7357464
32.2529716 -8.5557623
32.2691879 -7.7006254
29.5012627 -6.0616441
24.1539345 -5.1746707
18.2550201 -5.2006164
13.5197420 -3.8558757
13.0372734 -2.8785882
12.8298407 -3.6827326
10.8785095 -3.2397766
10.4431782 -2.2606652
8.8263397 -2.9290164
6.9153295 -2.6775496
6.7584171 -1.6554606
5.1127996 -2.6580908
3.2858810 -2.6161196
3.4641407 -1.6152357
1.3923537 -2.8235891
-0.5230147 -3.0766735
-0.0984689 -1.8402251
-3.1087868 -3.6928132
-5.0771847 -3.6389148
-4.7670889 -2.6844804
-6.8697553 -3.2392967
-9.4265785 -4.3377500
-9.2091742 -3.4651968
-9.9084206 -2.6180072
-8.8857470 -3.3349757
-9.6533136 -2.3915503
-7.8987565 -2.7035975
-7.2126937 -1.6983058
-7.7053981 -1.1464007
-6.6180215 -1.6800658
-6.1565719 -1.0179018
-6.4531054 -0.6103318
-5.7331138 -1.0042118
-5.4081388 -0.5970390
-5.5919995 -0.3059912
-5.1195126 -0.5689141
-4.9094443 -0.3335958
-5.0186791 -0.1417736
-4.7333727 -0.2944101
-4.7238927 -0.1705515
-4.7880521 -0.0650822
-4.4881663 -0.1265468
-5.0922084 -0.0494576
-5.1569748 -0.0209269
0.0000000 0.0000000
0.0000000 0.0000000
-16.4776630 -0.0568678
-16.3856411 -0.1405010
-13.5001011 -0.0122992
-14.7737694 -0.1163731
-14.7547865 -0.4661725
-14.9114523 -0.1073406
-15.6300182 0.2695181
-15.8055601 -0.3457330
-16.1335392 -0.3021972
-14.1934605 0.3035221
-13.6473331 -0.8254710
-9.9364100 -0.6602406
-6.3772740 -1.0845336
-5.9134154 -2.3290486
-2.4164746 -1.0618342
0.9150215 -2.1599612
0.5915032 -3.3522184
3.5537634 -1.9619857
6.2681212 -3.3286970
6.3815656 -3.9140432
7.9034071 -3.4933569
10.4916735 -4.4486384
11.1221323 -4.8729825
12.7383060 -4.8643994
17.2331123 -5.9054842
18.5499382 -5.9502368
26.0517826 -8.0179691
29.5164261 -9.0598259
31.7299480 -9.1547880
30.7700996 -9.0245695
24.6127167 -6.3756046
20.0719528 -3.2736115
14.3800011 -2.8196647
12.7704315 -1.9019052
13.0246906 -1.1009253
11.9062729 -1.8390100
10.0805311 -1.2451210
9.7638845 -0.3001547
8.1326218 -1.0332485
6.5891371 -0.5632194
6.4212608 0.5948398
5.0642371 -0.8336659
3.6911235 -0.5238389
4.0856185 0.6497755
1.3143225 -0.6644505
-0.3627838 -0.7967498
0.1091065 -0.0468476
-2.2471428 -1.2452744
-4.4647589 -1.8181380
-4.2484198 -0.4434463
-6.4880090 -1.4225374
-9.2137632 -2.4416804
-9.3897696 -0.9384539
-10.6101665 -1.1438090
-10.1354780 -1.4907880
-10.6236019 -0.5883560
-8.9768600 -1.2697763
-7.9716926 -0.4363476
-8.2044077 0.2663164
-7.1981320 -0.5680444
-6.5955248 -0.1230928
-6.7197719 0.3875486
-6.0737891 -0.1927348
-5.6615362 0.0426781
-5.7155781 0.4021291
-5.3022861 -0.0064007
-5.0425191 0.0904926
-5.0457468 0.3262148
-4.8101420 0.0554641
-4.7874203 0.0648877
-4.7518888 0.1959597
-4.4886775 0.0469034
-5.1673856 0.0114130
-5.1250739 0.0419823
0.0000000 0.0000000
0.0000000 0.0000000
-16.0534782 -0.2429750
-15.6235399 -0.3316520
-13.2542620 -0.4492897
-14.5407705 -0.8898466
-14.1683865 -1.3039110
-14.9076452 -1.0105867
-15.7342005 -1.1249806
-15.5536251 -1.9662678
-15.8919744 -1.8022382
-13.0228434 -1.7339058
-12.6353569 -2.4772573
-8.4917135 -2.8876154
-5.3068347 -3.2815166
-4.7710972 -3.8463588
-1.8085846 -3.2118118
1.4624797 -3.5631459
1.3695742 -4.1538205
4.6121740 -3.5316730
6.8610253 -4.1566730
7.2699518 -4.5300531
8.9928188 -4.1270347
11.4323921 -5.0759554
11.7134466 -4.9394913
13.7006502 -4.5919495
19.8207970 -6.1791096
21.3944435 -6.3832011
29.3726635 -7.5432954
31.1761208 -5.8613305
27.7308006 -3.4963534
23.7342358 -3.8046453
18.0998898 -3.2378330
14.1859341 -2.4087927
13.7094202 -1.7736536
12.3185101 -0.8561510
11.4359961 -0.6382996
10.9720163 -0.5172148
9.1214142 0.3786996
8.3462524 1.0966929
7.2864566 0.7510682
5.8458328 1.5960599
5.4556084 2.2440701
5.1803813 0.7500376
4.2344146 1.5977284
4.2766342 2.6499472
1.8198434 1.2141653
-0.2271743 1.2988248
0.0339555 2.8619776
-1.6616040 1.2698778
-4.1394668 1.1657696
-3.6964881 2.5676906
-6.0731235 1.4868652
-9.0979490 0.6471606
-8.4377394 2.0529718
-11.0044651 1.4311899
-10.9490108 0.6873521
-11.1136513 2.2044787
-9.4837198 0.6618169
-8.2251682 1.0651240
-8.2583246 1.8501570
-7.3685517 0.8387402
-6.6911359 0.9705691
-6.6195092 1.5458521
-6.1085978 0.7856149
-5.6441655 0.8149365
-5.5259175 1.2184366
-5.2448926 0.6578224
-4.9541574 0.6013339
-4.8158560 0.8678908
-4.6892285 0.4675973
-4.6505880 0.3509383
-4.4943757 0.4962457
-4.3224339 0.2418862
-5.0223551 0.0774130
-4.8604794 0.1109480
0.0000000 0.0000000
0.0000000 0.0000000
-14.9978409 -0.4571995
-14.1178350 -0.5865835
-12.5077343 -1.0146036
-13.6837034 -1.7830489
-12.9467821 -2.2830741
-14.1162739 -2.3345828
-15.0020208 -2.7529109
-14.3419027 -3.5760038
-15.6035576 -3.8108597
-12.2493753 -2.8628740
-12.0420513 -4.6645679
-7.4401565 -3.2745359
-4.4462295 -4.2585635
-5.2913160 -4.9715915
-1.1264379 -4.4640942
2.0546253 -4.9237909
0.2641646 -5.1829696
5.2757430 -4.8080564
7.7320051 -5.2072463
7.4374800 -5.3066835
9.3938055 -5.0246754
11.2587166 -5.0400872
11.5699244 -5.3138041
14.5925531 -4.2941995
23.1962318 -6.5083995
23.2207432 -6.9953365
28.4704533 -9.1931381
30.3384361 -9.9922466
28.6700039 -9.5189085
19.5367508 -4.9149747
13.3564157 -2.1685483
13.4743242 -2.7470992
11.6589813 -1.4033037
10.5853615 0.0272787
9.6661520 0.4007023
9.3221722 0.5691716
7.6744671 1.7576575
6.9394517 2.3281536
6.4563389 2.2589037
5.2430315 2.6476600
5.0633259 3.1864245
4.7775068 2.5430269
3.5354571 3.4027147
3.3505158 4.2664003
1.6658413 3.4630048
0.2205089 3.8699677
-0.5043814 5.5111322
-1.8381467 3.9908807
-3.8089387 3.4152501
-3.9325933 5.4885483
-5.7066560 3.5021248
-8.7491817 3.3865874
-9.5768166 5.3946357
-11.0849266 4.2900467
-10.4134331 3.9373569
-9.9450951 5.0766850
-9.1771374 3.0347519
-7.9680138 2.8325703
-7.4902501 3.6791651
-7.0582161 2.4013898
-6.3882365 2.1791277
-6.0921526 2.7674241
-5.7736526 1.8502724
-5.3124957 1.6521548
-5.0446401 2.0550106
-4.8955383 1.3709273
-4.6074657 1.1522051
-4.3254108 1.4159335
-4.3246422 0.9086148
-4.2891059 0.6514251
-3.9935491 0.7957124
-3.9573190 0.4519981
-4.6333423 0.1496381
-4.3476019 0.1773128
0.0000000 0.0000000
0.0000000 0.0000000
-13.0853376 -0.7640513
-11.5250149 -0.9532190
-11.1266985 -1.7330483
-12.1985569 -2.9579272
-10.9474306 -3.6938529
-12.6799822 -3.7080436
-13.6587667 -4.8558483
-12.3900700 -5.9301767
-14.5382099 -6.2427359
-11.6492949 -7.1837740
-10.9987030 -8.8110733
-7.0963712 -6.5767450
-3.6378756 -6.2648573
-5.1441207 -8.4944029
-0.5320304 -6.1170778
2.1002159 -6.3727584
0.7623058 -8.0038605
4.9669032 -5.3900323
6.7502046 -5.4593596
6.5563159 -5.4065208
8.9866343 -4.7568851
12.4015560 -5.2922368
12.2083969 -5.2845163
18.0554905 -5.5689573
24.6563148 -6.7365170
27.2022171 -5.6848626
27.9582272 -4.4686942
23.3112221 -1.9049768
17.7673016 -2.0127585
17.5748367 -3.6009872
9.9331141 -1.6540983
8.5014000 -1.3973730
9.6614685 -0.0344000
8.3235674 0.7475775
6.7464123 1.4364959
7.5896845 1.9902674
6.2531080 2.9317832
5.3706260 3.9958398
5.6098037 3.4523852
4.7885289 4.1179085
3.2468596 5.5146136
3.7676628 4.7944608
2.2838500 5.4176526
1.4794210 6.5519719
0.6491616 6.2496023
-0.9041711 7.3050456
-0.1849338 9.1745176
-2.1839905 7.9012675
-3.5961215 8.1701288
-2.9939899 9.7346764
-5.9220448 8.3216200
-9.0229969 7.8786077
-9.3076897 9.4830379
-10.3452988 7.2685561
-9.1258507 6.3497300
-7.6491318 7.2284517
-7.5940561 5.1563220
-6.9122567 4.4303203
-6.0321369 5.3971167
-6.2420750 3.8366714
-5.6481457 3.3733425
-5.0439215 4.1914425
-5.1165347 2.9232905
-4.6756930 2.5060911
-4.1807909 3.0792282
-4.2708397 2.1038020
-3.9906783 1.7171729
-3.5555124 2.0801523
-3.7096329 1.3580571
-3.6948354 0.9568164
-3.2702303 1.1673388
-3.3523476 0.6725124
-4.0282555 0.1947865
-3.5739870 0.2769226
0.0000000 0.0000000
0.0000000 0.0000000
-10.0337257 -1.2273121
-7.5122862 -1.4750971
-8.8421268 -2.9371147
-9.7717743 -4.6875172
-7.6275167 -5.8494906
-10.4265375 -5.9707313
-11.1376991 -7.4651132
-9.1104727 -9.5102406
-11.6757050 -8.6286955
-10.4374523 -10.1566296
-9.5383720 -11.7494049
-7.3442903 -11.5949135
-4.6221285 -10.5359440
-2.7210672 -12.2647743
-2.8748932 -9.7970028
-0.2087294 -8.8718376
0.7324494 -12.0835485
3.3533561 -8.1111326
5.2124186 -9.3096991
6.0021553 -11.4570799
8.4064093 -7.1773295
12.5904627 -7.4123940
14.0748768 -11.8804464
19.7141647 -10.6812906
23.1804714 -10.6356583
23.6021137 -11.4675827
26.8043060 -10.3795624
24.3473625 -6.7227302
15.5152645 0.6253701
10.3579369 -0.3667667
7.4917254 1.2890247
6.2371764 2.7390916
6.8292785 3.5900676
5.6633182 3.1974013
4.6352634 5.2521577
5.3273711 4.5075459
4.6414146 6.0007906
4.1394320 8.5836248
3.7608180 6.8847613
3.2038417 8.0088472
2.4202025 11.1471910
2.6874142 8.9370499
0.3604612 9.5018377
-1.0645934 14.2909069
-1.6576387 9.3918056
-2.0887237 10.2172556
-3.8018010 12.7247677
-2.7073047 10.8211012
-3.3347621 11.0385036
-4.2033911 14.8560877
-5.7671990 12.0153828
-8.3485260 11.3954878
-7.1972294 13.4460144
-7.6322517 10.0310535
-6.6057110 8.5124693
-5.9073949 10.9666786
-5.7836728 7.7238941
-5.4719405 6.9508281
-4.6484590 9.2002287
-4.9746704 6.0859656
-4.4879084 5.4147239
-3.3684919 6.9860716
-3.9986277 4.5797853
-3.6462362 3.8795025
-2.6152284 4.9574814
-3.3012316 3.2054930
-3.0735919 2.5778480
-2.2473509 3.2879763
-2.8489599 2.0069406
-2.8035312 1.4990700
-2.1580863 1.8993725
-2.5418842 0.9628169
-3.0706620 0.4152621
-2.3921218 0.5394407
0.0000000 0.0000000
0.0000000 0.0000000
-5.3345518 -1.5795403
-2.7891779 -1.4285610
-4.9299078 -4.0793090
-5.8021379 -6.7782407
-3.3383334 -6.6589727
-6.5935616 -9.1135149
-7.4065580 -11.9099112
-4.5028944 -12.9618940
-8.2384453 -14.0884867
-8.4667568 -15.4339952
-5.1971321 -19.3915596
-8.0163212 -18.0673122
-5.7457762 -18.1041622
-4.9719472 -21.2840595
-2.8900416 -17.8562717
-0.7208781 -18.0766106
-0.0383583 -22.5175648
2.3690774 -16.9023952
4.6705346 -16.4282246
5.0733724 -20.5983009
7.7309818 -16.3800869
14.5601664 -15.5076256
10.6813488 -16.8620987
17.7852554 -10.9424734
15.7706699 -2.5523109
15.5059481 -7.3820076
12.4636898 1.8344970
12.3230505 5.0297704
14.4618483 1.4027994
9.1731300 4.1980424
4.3448439 7.3370042
3.6019177 11.2046156
3.8288803 10.3486300
2.8154168 10.0854998
1.7245861 12.8534422
2.3349841 11.4134693
2.1039958 12.6982880
1.4628692 15.3317308
1.0256379 13.7391062
0.5265471 15.3823643
1.5285201 17.5678215
0.4277706 15.5816736
-0.3896915 16.6954746
1.7160375 18.9563370
-1.9144589 18.3860378
-3.5846114 18.4826756
-1.7225246 20.8325882
-4.3452554 17.9718018
-4.4414592 17.6355324
-2.8808694 21.3576221
-5.1900406 17.3349171
-5.6900849 16.5897408
-3.3181627 19.2404346
-5.3122196 15.3997869
-4.6715512 13.8304262
-2.4483500 14.3659239
-3.8859067 12.4586401
-3.3523102 10.8238535
-1.6301786 10.1329031
-2.6521187 9.2580309
-2.2501500 7.8124423
-1.1161571 7.2301621
-1.9386795 6.5259199
-1.7459308 5.4503522
-0.8831658 5.1650014
-1.6344734 4.4234266
-1.5418508 3.6019776
-0.7826363 3.4703448
-1.4978533 2.7276909
-1.4910003 2.0902622
-0.7310877 2.0570719
-1.4035530 1.1707636
-1.4124166 0.5730158
-0.7956591 0.3533016
0.0000000 0.0000000
0.0000000 0.0000000
-0.4397040 -1.0805253
0.0000000 0.0000000
-0.6169383 -2.1229494
-0.8381038 -3.8083942
0.0000000 0.0000000
-1.0033380 -5.2239938
-1.8241581 -7.6529946
0.0000000 0.0000000
-2.4253042 -10.5350266
-2.6413615 -13.8477383
0.0000000 0.0000000
-2.5071399 -18.8428173
-2.0911579 -22.7342606
0.0000000 0.0000000
-1.1828464 -24.6693306
-0.5220721 -26.8876514
0.0000000 0.0000000
0.8462566 -25.5309582
1.6625601 -25.2875710
0.0000000 0.0000000
3.5744643 -19.2236710
3.1453741 -14.2197771
0.0000000 0.0000000
3.0629911 -7.6515284
3.9182363 1.0094796
0.0000000 0.0000000
3.0357845 5.8184977
2.8522794 16.7690258
0.0000000 0.0000000
1.4993063 17.3689194
1.8954246 21.5300407
0.0000000 0.0000000
1.4541689 23.9640236
-0.0617938 24.4214211
0.0000000 0.0000000
-0.4204023 27.5481014
-0.1122962 25.9567814
0.0000000 0.0000000
-1.2355144 26.4698009
-0.0790737 27.7437248
0.0000000 0.0000000
-0.5883870 23.5576248
-1.6846212 26.4503040
0.0000000 0.0000000
-2.1084225 23.6345406
-2.2098446 21.2005329
0.0000000 0.0000000
-2.4382262 19.0578175
-2.1843364 15.7280827
0.0000000 0.0000000
-1.8938746 12.3860760
-1.4021097 9.7264681
0.0000000 0.0000000
-0.9407385 7.7035298
-0.6874671 6.0766644
0.0000000 0.0000000
-0.4307340 4.9440684
-0.2665887 4.0752134
0.0000000 0.0000000
-0.1849791 3.5126984
-0.1416404 3.0595911
0.0000000 0.0000000
-0.1294562 2.6498559
-0.1324656 2.3457141
0.0000000 0.0000000
-0.1500433 1.9659895
-0.1602359 1.6693300
0.0000000 0.0000000
-0.1957271 1.2869852
-0.2207376 0.7958323
0.0000000 0.0000000
-0.1196784 0.6772740
-0.1474859 0.0871921
0.0000000 0.0000000
0.0000000 0.0000000
18.27296
18.76941
20.81618
20.79806
17.75392
14.24942
10.27469
5.489508
-1.779072
-14.70677
-41.91158
-101.5837
-182.0453
7.203501
-47.25412
15.74014
26.55241
31.08482
31.83073
31.32682
30.44287
29.56003
28.85939
28.33523
27.91209
27.74763
17.87735
18.04999
19.78627
19.55731
16.74679
13.69865
10.20108
5.809398
-0.7180792
-11.80558
-34.69884
-106.2814
-144.3017
44.56899
-47.77341
15.1336
26.28113
31.27868
32.004
31.36074
30.38977
29.4455
28.67834
28.14234
27.70428
27.57436
15.94036
16.03554
17.07434
16.3185
14.47443
12.39528
9.595901
6.120458
1.538191
-4.958579
-13.92089
-29.4237
-77.18946
8.505541
6.855469
25.4421
30.975
32.16864
32.12011
31.17348
30.02255
28.97015
28.10494
27.50614
27.06972
26.96459
13.78376
13.89489
13.87473
13.05733
11.77979
10.26185
8.180875
5.97937
3.860003
2.080502
-0.2585563
-15.65865
8.007185
71.08264
0.8468886
16.88797
31.51201
32.94479
32.09066
30.73003
29.34259
28.14506
27.18743
26.51901
26.10126
25.98976
11.30314
11.38226
10.31096
9.538722
8.39823
7.138771
5.764036
4.843971
5.230982
8.268665
16.15945
44.95517
57.55779
112.7056
35.04091
27.60882
33.13802
33.5337
31.87038
30.00809
28.34221
26.97797
25.92908
25.19315
24.77218
24.65027
8.147785
8.088639
6.186884
5.344593
4.084251
2.847327
1.86879
1.804728
3.824209
10.09847
22.5274
48.8024
36.5876
64.0248
23.11563
35.44055
35.01804
33.70563
31.25995
28.9187
26.97522
25.45017
24.31657
23.52527
23.08477
22.94995
3.946605
3.676745
1.285468
0.1777143
-1.395582
-2.921669
-4.10286
-4.367538
-2.413075
3.971218
15.72612
34.49312
38.91007
60.29264
72.89508
49.07681
38.50845
33.61268
30.11798
27.32627
25.15786
23.51574
22.32581
21.5037
21.04529
20.89687
-1.464368
-1.969429
-4.560774
-6.132811
-8.26888
-10.5661
-12.90845
-14.79813
-14.48596
-9.358056
0.1104494
10.94251
11.57307
59.76803
61.45098
48.62833
38.42033
32.2099
28.10672
25.05862
22.78946
21.11658
19.9275
19.11562
18.65889
18.50045
-8.039606
-8.732715
-11.40928
-13.64313
-16.66413
-20.33159
-25.1453
-29.88921
-31.43467
-27.16416
-19.12763
-8.751657
-6.988873
17.82925
39.49784
37.572
34.11397
28.73745
24.84506
21.92636
19.76603
18.19351
17.09334
16.35118
15.93157
15.77206
-15.51968
-16.34721
-19.14356
-22.2298
-26.47732
-32.23326
-40.77093
-47.85937
-49.87841
-45.31389
-37.08862
-27.87172
-6.582463
50.81703
32.16396
28.75863
26.92075
23.60518
20.42992
17.89093
16.02818
14.70544
13.80499
13.20928
12.8757
12.72868
-23.52518
-24.46203
-27.46901
-31.53005
-37.26301
-45.79059
-57.49403
-65.27978
-66.70633
-62.10602
-53.43612
-42.99477
-45.4912
-9.863964
15.17444
20.22663
19.18825
16.96699
14.69581
12.83332
11.50636
10.62089
10.05943
9.70392
9.515716
9.398889
-31.60404
-32.63984
-35.91824
-40.93749
-48.15685
-59.4714
-71.94622
-79.15344
-79.81251
-75.24568
-64.81462
-50.17792
-38.45751
12.95248
8.511241
11.22771
10.2034
8.731617
7.499922
6.642712
6.147147
5.934285
5.88009
5.874696
5.896634
5.830883
-39.29339
-40.39542
-43.96453
-49.7834
-58.13967
-70.80034
-82.23139
-88.73233
-90.22875
-87.4328
-79.82294
-53.38787
17.52636
23.7528
4.31359
-0.3731686
-1.710178
-1.828352
-1.44402
-0.7972279
-0.06315458
0.690355
1.336229
1.800217
2.095584
2.104238
-46.09495
-47.28257
-51.10911
-57.5192
-66.60595
-79.60949
-89.04658
-94.73746
-98.10573
-98.39677
-100.846
-104.6668
-66.7641
-29.59244
-24.67751
-22.71237
-19.23693
-15.60619
-12.39724
-9.541724
-7.052502
-4.982302
-3.431095
-2.380899
-1.761459
-1.656105
-51.35413
-52.69586
-56.84784
-63.93912
-73.51437
-85.62966
-93.1071
-97.51008
-101.8194
-102.4367
-96.86653
-100.6144
-73.14548
-68.19475
-62.12355
-55.72074
-44.00327
-33.12102
-25.38122
-19.46788
-14.55832
-10.82635
-8.18727
-6.456976
-5.477654
-5.258067
-54.32811
-55.99852
-60.69088
-68.7347
-79.33251
-90.03973
-94.37389
-96.09099
-100.2027
-111.3338
-117.1247
-106.3087
-101.2482
-103.0764
-100.2086
-92.28606
-75.61177
-54.24474
-40.11988
-30.13583
-22.09551
-16.43415
-12.58604
-10.12878
-8.778119
-8.41828
-53.84775
-56.15492
-61.90915
-71.91929
-85.20024
-94.94286
-95.5176
-93.2307
-90.46923
-90.87702
-99.57194
-128.5629
-127.6046
-129.4497
-129.4007
-122.4432
-106.4142
-78.61575
-56.05287
-40.65177
-28.98376
-21.26797
-16.18533
-13.00988
-11.31823
-10.80546
-48.51953
-51.45511
-59.1769
-72.49527
-88.69142
-97.09679
-95.7188
-91.52642
-86.15925
-73.97858
-98.59567
-121.9736
-131.7704
-140.421
-143.858
-141.0586
-129.8172
-105.1148
-71.31255
-49.1617
-34.25253
-24.67296
-18.47216
-14.65504
-12.65089
-12.03706
-36.71527
-39.97046
-51.35355
-71.40127
-93.17341
-100.1005
-95.5108
-87.74806
-81.63977
-85.28717
-99.91493
-121.9985
-131.4182
-141.9356
-148.4267
-149.2781
-140.9946
-119.9596
-85.06901
-54.98975
-37.21976
-26.02245
-18.94875
-14.65149
-12.36298
-11.74343
-17.60601
-21.67007
-36.63436
-65.71143
-97.67138
-102.7352
-95.32711
-81.95599
-69.92604
-69.06125
-75.1165
-93.30207
-115.8613
-133.26
-145.4583
-152.6981
-148.3396
-130.5402
-94.12964
-56.26408
-36.79965
-24.74739
-17.34013
-12.91128
-10.55336
-9.930483
9.654324
4.956673
-13.09393
-48.8444
-87.37591
-93.94585
-89.90901
-75.57893
-59.56121
-50.89745
-74.42259
-83.54203
-102.5782
-121.8182
-137.2153
-149.0664
-148.9841
-132.1973
-93.76651
-53.56706
-32.98082
-20.81213
-13.64364
-9.509302
-7.357285
-6.769931
44.69876
39.82674
20.28823
-21.38136
-82.26694
-86.20468
-79.94156
-64.22649
-42.42554
-35.14809
-45.31156
-60.62619
-85.84776
-110.3904
-130.0785
-141.8479
-146.1127
-130.6363
-80.28707
-44.63444
-25.87603
-14.84316
-8.442784
-4.90922
-3.139903
-2.746733
84.35117
79.50663
60.78366
23.0752
-55.94707
-74.72564
-68.38635
-51.61151
-30.95765
-13.33612
-41.97858
-52.61407
-73.06367
-100.47
-122.8895
-130.0788
-127.8237
-116.3271
-63.32249
-32.36227
-15.82676
-7.003375
-2.345841
0.05198311
1.36197
1.953086
120.4438
117.7755
102.5615
67.04616
-0.994473
-41.75292
-56.58685
-4.323389
58.11838
87.78671
28.50932
-25.23481
-54.16513
-88.75388
-119.1493
-122.5331
-111.2057
-88.89727
-48.60104
-23.27541
-7.223569
0.04350808
3.128848
4.404588
4.959378
5.648757
139.1117
136.4874
127.9704
101.794
53.8329
25.35429
58.90512
152.7406
233.7884
212.3487
97.70995
-3.837483
-34.6923
-60.76969
-101.9411
-103.0908
-86.44483
-59.33693
-33.85642
-17.69686
-6.386761
0.5369453
4.221599
5.780862
6.0088
5.455378
138.3461
137.1304
129.8349
115.1628
80.34064
61.12681
107.8119
214.3936
349.461
333.9858
200.3577
35.72084
-22.92956
-37.39292
-102.72
-95.38432
-73.11606
-54.26549
-34.6272
-19.0104
-7.64652
-0.2901439
3.82021
5.738759
5.566317
0
