0.0000000 0.0000000
0.0000000 0.0000000
0.0000000 0.0000000
0.0000000 0.0000000
0.0000000 0.0000000
0.0000000 0.0000000
0.0000000 0.0000000
0.0000000 0.0000000
0.0000000 0.0000000
0.0000000 0.0000000
0.0000000 0.0000000
0.0000000 0.0000000
0.0000000 0.0000000
0.0000000 0.0000000
0.0000000 0.0000000
0.0000000 0.0000000
0.0000000 0.0000000
0.0000000 0.0000000
0.0000000 0.0000000
0.0000000 0.0000000
0.0000000 0.0000000
0.0000000 0.0000000
0.0000000 0.0000000
0.0000000 0.0000000
0.0000000 0.0000000
0.0000000 0.0000000
0.0000000 0.0000000
-0.0930455 0.0972772
-0.1413141 0.2229400
-0.1860302 0.3758379
-0.2549568 0.5775312
-0.3732043 0.8658489
-0.5844157 1.3096755
-0.9851850 2.0351763
-1.8226212 3.2467923
-3.8629196 5.1519876
-8.2983742 7.8430181
-8.6708183 9.6144276
20.6201439 1.3459551
5.2744989 -11.8004160
-12.6507301 -11.3850870
-4.4781713 -9.8002634
-3.0708323 -6.1260161
-1.9994318 -3.5939655
-1.1891314 -2.0732548
-0.7183192 -1.2838013
-0.4528976 -0.8371543
-0.3012215 -0.5548354
-0.2134256 -0.3604207
-0.1625539 -0.2161421
-0.1263764 -0.1021099
0.0000000 0.0000000
0.0000000 0.0000000
-0.2070526 0.1164667
-0.2943338 0.2495418
-0.3817418 0.4056619
-0.5190740 0.6035445
-0.7508988 0.8705565
-1.1544787 1.2514858
-1.8703852 1.8239284
-3.1376889 2.7355695
-5.2652717 4.2237182
-10.5510340 4.5120296
8.8768597 6.9465356
26.6798019 -0.3444055
18.5623589 -5.3086710
11.4106789 -0.2574630
-14.4629316 0.5184383
-6.0056248 -2.2471597
-3.2764032 -1.8436351
-1.9303994 -1.3538352
-1.1996735 -0.9767110
-0.7832729 -0.6998097
-0.5380096 -0.4914308
-0.3923333 -0.3296143
-0.3043838 -0.1988710
-0.2276856 -0.0879934
0.0000000 0.0000000
0.0000000 0.0000000
-0.3000001 0.0982700
-0.4154274 0.2004161
-0.5280575 0.3130836
-0.7014535 0.4436308
-0.9821045 0.5999398
-1.4406022 0.7924082
-2.1978106 1.0336181
-3.4491682 1.2631701
-5.4772763 1.4547758
-10.4850931 -3.4790924
-1.4129636 -2.7819934
26.4358387 -3.3221490
25.3551464 -4.9204421
10.1924973 3.6410081
-11.5948620 4.5328994
-6.3067827 0.6786156
-3.4909923 -0.0812195
-2.1324322 -0.3750264
-1.3879702 -0.4261682
-0.9482998 -0.3782623
-0.6791326 -0.2992100
-0.5118954 -0.2148273
-0.4062107 -0.1331213
-0.3039404 -0.0575281
0.0000000 0.0000000
0.0000000 0.0000000
-0.3620248 0.0666058
-0.4910170 0.1265424
-0.6084652 0.1826214
-0.7808577 0.2300050
-1.0461859 0.2545418
-1.4496194 0.2218860
-2.0634744 0.0441575
-3.0118747 -0.4951392
-4.4597778 -2.2437367
-6.2714977 -8.6289854
-1.5348684 -9.6751556
-2.1142094 -2.8338063
3.8447466 2.9305997
2.1523502 10.1627016
-2.9152031 7.2525764
-3.5677814 2.0885780
-2.6447551 0.8504213
-1.8481845 0.2945370
-1.3113468 0.0351855
-0.9558063 -0.0732604
-0.7215562 -0.1017001
-0.5678443 -0.0905153
-0.4630343 -0.0610677
-0.3493324 -0.0255200
0.0000000 0.0000000
0.0000000 0.0000000
-0.3918309 0.0324189
-0.5200516 0.0509391
-0.6250268 0.0540137
-0.7685145 0.0280152
-0.9738030 -0.0560329
-1.2581801 -0.2496562
-1.6287807 -0.6516747
-2.0559354 -1.4613664
-2.5279505 -2.6744058
-0.7101583 -4.4524808
5.2724833 -6.3611503
9.0863895 -0.9212989
9.1259346 2.6540573
1.8893105 4.2537642
-0.6945029 4.2870102
-1.3684534 2.5398774
-1.5107248 1.3118398
-1.3288560 0.6764665
-1.0743637 0.3334733
-0.8548002 0.1498332
-0.6868123 0.0568093
-0.5672264 0.0157239
-0.4786476 0.0027125
-0.3651370 0.0026589
0.0000000 0.0000000
0.0000000 0.0000000
-0.3932279 0.0020035
-0.5103453 -0.0134304
-0.5917682 -0.0501312
-0.6928816 -0.1238513
-0.8210560 -0.2610158
-0.9675287 -0.5041907
-1.0982759 -0.9093986
-1.1141241 -1.5130054
-0.8897761 -2.1817436
0.3833022 -2.6334774
1.6169211 -2.5860314
2.7220459 -0.7434560
3.2037332 1.1106043
1.9654918 2.2733283
0.3062380 2.4732301
-0.4314355 1.9796315
-0.7646847 1.3132540
-0.8457234 0.8104842
-0.7951294 0.4872138
-0.6999922 0.2866180
-0.6058648 0.1648781
-0.5268866 0.0926723
-0.4610369 0.0508194
-0.3580878 0.0242833
0.0000000 0.0000000
0.0000000 0.0000000
-0.3735197 -0.0211031
-0.4728799 -0.0595891
-0.5279507 -0.1188592
-0.5850366 -0.2116200
-0.6442702 -0.3556190
-0.6845276 -0.5698451
-0.6620945 -0.8651350
-0.4873345 -1.2314879
-0.0154031 -1.5657004
0.7776971 -1.6764965
1.5348707 -1.3276250
2.0428507 -0.3054297
2.0267437 0.6394827
1.3647436 1.2832501
0.5578475 1.5191032
-0.0211099 1.3979311
-0.3444292 1.0901469
-0.5038159 0.7770492
-0.5523782 0.5274895
-0.5399475 0.3482137
-0.5045581 0.2249005
-0.4646970 0.1407215
-0.4211021 0.0821644
-0.3329663 0.0384920
0.0000000 0.0000000
0.0000000 0.0000000
-0.3391687 -0.0358554
-0.4189498 -0.0866356
-0.4508162 -0.1544145
-0.4730959 -0.2469516
-0.4819700 -0.3730202
-0.4588932 -0.5382060
-0.3677820 -0.7363237
-0.1603902 -0.9356186
0.2121322 -1.0706247
0.6634979 -1.0446179
1.0827719 -0.7604851
1.3369510 -0.2078966
1.3034602 0.3547861
0.9801438 0.7704461
0.5382833 0.9716203
0.1503936 0.9738532
-0.1198560 0.8449652
-0.2831618 0.6673827
-0.3686993 0.4974454
-0.4019584 0.3561352
-0.4041157 0.2461320
-0.3930849 0.1629626
-0.3698218 0.0986016
-0.2969192 0.0458738
0.0000000 0.0000000
0.0000000 0.0000000
-0.2972270 -0.0432420
-0.3593402 -0.0980672
-0.3726662 -0.1647848
-0.3716839 -0.2476793
-0.3516213 -0.3492050
-0.2983314 -0.4678118
-0.1924712 -0.5927901
-0.0101730 -0.6967136
0.2444429 -0.7393594
0.5219811 -0.6744583
0.7671513 -0.4656297
0.9054840 -0.1372432
0.8821414 0.2060349
0.7088113 0.4815167
0.4535961 0.6419992
0.2006949 0.6842731
-0.0048936 0.6387711
-0.1490383 0.5442830
-0.2395738 0.4346776
-0.2913689 0.3312644
-0.3162220 0.2414170
-0.3227133 0.1659233
-0.3139524 0.1029240
-0.2562751 0.0480301
0.0000000 0.0000000
0.0000000 0.0000000
-0.2531468 -0.0449925
-0.3004615 -0.0984464
-0.3018904 -0.1591466
-0.2863156 -0.2286348
-0.2532064 -0.3068882
-0.1920283 -0.3890139
-0.0929902 -0.4645921
0.0482865 -0.5157540
0.2221838 -0.5179622
0.4005970 -0.4503886
0.5497125 -0.3025616
0.6305243 -0.0933470
0.6179015 0.1270044
0.5189722 0.3125903
0.3650136 0.4357001
0.1974411 0.4877024
0.0487805 0.4793589
-0.0688100 0.4321294
-0.1533813 0.3645231
-0.2080547 0.2909832
-0.2421257 0.2209785
-0.2597383 0.1569349
-0.2595890 0.0989461
-0.2148679 0.0463629
0.0000000 0.0000000
0.0000000 0.0000000
-0.2111371 -0.0431282
-0.2460599 -0.0918787
-0.2407593 -0.1446118
-0.2190220 -0.2008496
-0.1808796 -0.2591101
-0.1231999 -0.3152184
-0.0399407 -0.3599302
0.0669647 -0.3820020
0.1870888 -0.3690941
0.3051380 -0.3100188
0.3999057 -0.2040660
0.4502854 -0.0652090
0.4441527 0.0819731
0.3841138 0.2110277
0.2880210 0.3029374
0.1760030 0.3521786
0.0677743 0.3609313
-0.0231550 0.3385710
-0.0952370 0.2978456
-0.1478610 0.2472987
-0.1827178 0.1934473
-0.2046809 0.1409599
-0.2103714 0.0904572
-0.1757868 0.0424041
0.0000000 0.0000000
0.0000000 0.0000000
-0.1730193 -0.0392125
-0.1989652 -0.0819131
-0.1893884 -0.1259531
-0.1665296 -0.1707529
-0.1300828 -0.2136575
-0.0784427 -0.2510523
-0.0122621 -0.2775311
0.0673616 -0.2847730
0.1528098 -0.2664515
0.2325140 -0.2190264
0.2950554 -0.1421110
0.3280121 -0.0454820
0.3254337 0.0551633
0.2880964 0.1467312
0.2248341 0.2164050
0.1494322 0.2577294
0.0715214 0.2727511
0.0007299 0.2647492
-0.0570549 0.2397510
-0.1031966 0.2052448
-0.1368050 0.1650523
-0.1584278 0.1223205
-0.1667913 0.0796035
-0.1408265 0.0375438
0.0000000 0.0000000
0.0000000 0.0000000
-0.1396432 -0.0342742
-0.1589108 -0.0707007
-0.1483955 -0.1068313
-0.1255910 -0.1415860
-0.0937348 -0.1734219
-0.0507500 -0.1984674
0.0022741 -0.2131426
0.0610732 -0.2137838
0.1222763 -0.1953189
0.1781124 -0.1569661
0.2205058 -0.1012920
0.2431037 -0.0323823
0.2418407 0.0396104
0.2182665 0.1048201
0.1761103 0.1575784
0.1230585 0.1922253
0.0676870 0.2073994
0.0139477 0.2066800
-0.0329177 0.1923303
-0.0706072 0.1679351
-0.1004056 0.1379813
-0.1208605 0.1041734
-0.1294107 0.0682804
-0.1102524 0.0323789
0.0000000 0.0000000
0.0000000 0.0000000
-0.1117158 -0.0292371
-0.1254051 -0.0594305
-0.1154230 -0.0888494
-0.0952881 -0.1157955
-0.0670607 -0.1388037
-0.0327475 -0.1561656
0.0083857 -0.1641621
0.0533250 -0.1607917
0.0972342 -0.1449486
0.1369013 -0.1145845
0.1667709 -0.0724219
0.1826816 -0.0231805
0.1824879 0.0292283
0.1665103 0.0778421
0.1383428 0.1169628
0.1010524 0.1451448
0.0601925 0.1600024
0.0205840 0.1617611
-0.0163187 0.1537186
-0.0474029 0.1370950
-0.0718252 0.1140286
-0.0899464 0.0873402
-0.0982286 0.0579131
-0.0840549 0.0274655
0.0000000 0.0000000
0.0000000 0.0000000
-0.0885204 -0.0244589
-0.0987107 -0.0492148
-0.0888315 -0.0725357
-0.0720307 -0.0936954
-0.0488679 -0.1105989
-0.0203137 -0.1219588
0.0109011 -0.1267139
0.0446446 -0.1220325
0.0776495 -0.1077460
0.1059157 -0.0847070
0.1273145 -0.0526950
0.1388781 -0.0154762
0.1393421 0.0223953
0.1286402 0.0589242
0.1087542 0.0895242
0.0828776 0.1111997
0.0529482 0.1244874
0.0228619 0.1282598
-0.0049092 0.1231098
-0.0298674 0.1116112
-0.0499093 0.0943594
-0.0645980 0.0727411
-0.0721489 0.0486808
-0.0620274 0.0232411
0.0000000 0.0000000
0.0000000 0.0000000
-0.0694467 -0.0200444
-0.0770948 -0.0402372
-0.0687336 -0.0587862
-0.0537831 -0.0748138
-0.0355097 -0.0877526
-0.0130699 -0.0954772
0.0120563 -0.0973265
0.0369982 -0.0931479
0.0614538 -0.0810783
0.0827357 -0.0622372
0.0981088 -0.0385858
0.1066436 -0.0103443
0.1073249 0.0188699
0.1003305 0.0457416
0.0863062 0.0696016
0.0675927 0.0875535
0.0463098 0.0981215
0.0236313 0.1024888
0.0023851 0.1000224
-0.0164405 0.0912994
-0.0325237 0.0781986
-0.0441902 0.0610588
-0.0502293 0.0409735
-0.0434260 0.0196740
0.0000000 0.0000000
0.0000000 0.0000000
-0.0543760 -0.0163116
-0.0595395 -0.0323797
-0.0528192 -0.0472914
-0.0408435 -0.0596919
-0.0252041 -0.0689246
-0.0081719 -0.0747498
0.0110564 -0.0753139
0.0308823 -0.0706635
0.0487024 -0.0614059
0.0644141 -0.0463667
0.0762245 -0.0273383
0.0825417 -0.0064918
0.0832311 0.0160411
0.0785290 0.0374276
0.0689853 0.0553450
0.0553638 0.0699810
0.0398635 0.0794792
0.0236341 0.0831382
0.0074707 0.0821882
-0.0065860 0.0761925
-0.0183863 0.0656281
-0.0274434 0.0518372
-0.0318694 0.0351782
-0.0274242 0.0169169
0.0000000 0.0000000
0.0000000 0.0000000
-0.0421903 -0.0131645
-0.0461375 -0.0260329
-0.0399621 -0.0375695
-0.0308075 -0.0475016
-0.0186641 -0.0544123
-0.0044120 -0.0580227
0.0097884 -0.0584687
0.0246766 -0.0542267
0.0388557 -0.0459272
0.0502250 -0.0346323
0.0589333 -0.0195749
0.0640946 -0.0026519
0.0648482 0.0141763
0.0615061 0.0311098
0.0549381 0.0459692
0.0455368 0.0572457
0.0340970 0.0655215
0.0225361 0.0695520
0.0112189 0.0690141
0.0008266 0.0648977
-0.0072138 0.0568587
-0.0131665 0.0452727
-0.0161581 0.0311228
-0.0134073 0.0151634
0.0000000 0.0000000
0.0000000 0.0000000
-0.0322758 -0.0104764
-0.0353411 -0.0208899
-0.0305923 -0.0300430
-0.0226010 -0.0374428
-0.0136802 -0.0430593
-0.0029274 -0.0455510
0.0088154 -0.0449848
0.0195838 -0.0418299
0.0300393 -0.0348889
0.0391733 -0.0251349
0.0454591 -0.0137746
0.0492049 -0.0002297
0.0502757 0.0137666
0.0481493 0.0266956
0.0433210 0.0389060
0.0369653 0.0488274
0.0291921 0.0555234
0.0207921 0.0596167
0.0133557 0.0602572
0.0067905 0.0572501
0.0017132 0.0511947
-0.0010431 0.0417274
-0.0019284 0.0291362
-0.0005334 0.0144713
0.0000000 0.0000000
0.0000000 0.0000000
-0.0245549 -0.0084227
-0.0263805 -0.0166257
-0.0229768 -0.0241259
-0.0170644 -0.0299589
-0.0094563 -0.0338765
-0.0018073 -0.0360301
0.0067769 -0.0352732
0.0155717 -0.0319299
0.0229600 -0.0266590
0.0295418 -0.0185872
0.0347110 -0.0087607
0.0374421 0.0016614
0.0381260 0.0131605
0.0370623 0.0243114
0.0339240 0.0340023
0.0292750 0.0426537
0.0243223 0.0491441
0.0190023 0.0529431
0.0141117 0.0545336
0.0109289 0.0532493
0.0092328 0.0488088
0.0094029 0.0411971
0.0112598 0.0298299
0.0121307 0.0152005
0.0000000 0.0000000
0.0000000 0.0000000
-0.0181474 -0.0068256
-0.0195576 -0.0135243
-0.0164801 -0.0193641
-0.0124257 -0.0242716
-0.0070265 -0.0273256
-0.0007007 -0.0284790
0.0051816 -0.0280349
0.0113702 -0.0250671
0.0172967 -0.0200678
0.0218072 -0.0137578
0.0253427 -0.0055133
0.0277587 0.0036767
0.0283129 0.0128504
0.0274126 0.0223666
0.0256674 0.0311622
0.0227463 0.0384974
0.0192741 0.0447437
0.0164076 0.0491905
0.0140655 0.0515196
0.0131407 0.0519936
0.0147802 0.0499269
0.0187304 0.0444795
0.0240808 0.0342512
0.0253577 0.0180325
0.0000000 0.0000000
0.0000000 0.0000000
-0.0126975 -0.0055645
-0.0137141 -0.0112228
-0.0116636 -0.0160705
-0.0083027 -0.0198260
-0.0048120 -0.0225091
-0.0006064 -0.0233286
0.0040096 -0.0224053
0.0080027 -0.0200882
0.0118980 -0.0157182
0.0154090 -0.0098466
0.0177184 -0.0031385
0.0191691 0.0047910
0.0199069 0.0131052
0.0194121 0.0210879
0.0180357 0.0289927
0.0165217 0.0360925
0.0145836 0.0419765
0.0128824 0.0469527
0.0124569 0.0506486
0.0135713 0.0529360
0.0175759 0.0538668
0.0259721 0.0524358
0.0376755 0.0455122
0.0417920 0.0260996
0.0000000 0.0000000
0.0000000 0.0000000
-0.0082173 -0.0047333
-0.0084905 -0.0093942
-0.0072821 -0.0135796
-0.0052928 -0.0167078
-0.0027184 -0.0186298
-0.0003002 -0.0194077
0.0024235 -0.0184910
0.0052288 -0.0160594
0.0074775 -0.0124475
0.0094697 -0.0073092
0.0111506 -0.0011303
0.0120052 0.0055411
0.0122480 0.0128554
0.0121639 0.0202114
0.0114429 0.0271378
0.0103686 0.0337827
0.0095604 0.0397672
0.0089354 0.0449806
0.0091344 0.0497446
0.0112130 0.0540744
0.0163139 0.0582718
0.0279845 0.0631452
0.0519926 0.0686529
0.0777153 0.0597145
0.0000000 0.0000000
0.0000000 0.0000000
-0.0041293 -0.0039366
-0.0040694 -0.0073578
-0.0032703 -0.0103704
-0.0024010 -0.0127458
-0.0012797 -0.0141122
0.0000410 -0.0144004
0.0012123 -0.0136768
0.0024073 -0.0116952
0.0035808 -0.0086117
0.0044352 -0.0046940
0.0050686 0.0001267
0.0055416 0.0055015
0.0056360 0.0110876
0.0054457 0.0168646
0.0052012 0.0225011
0.0047599 0.0277832
0.0043469 0.0328139
0.0042876 0.0375599
0.0047039 0.0422046
0.0061212 0.0472026
0.0093610 0.0530237
0.0177191 0.0621823
0.0519311 0.0908922
0.1675216 0.1733783
0.0000000 0.0000000
0.0000000 0.0000000
0.0000000 0.0000000
0.0000000 0.0000000
0.0000000 0.0000000
0.0000000 0.0000000
0.0000000 0.0000000
0.0000000 0.0000000
0.0000000 0.0000000
0.0000000 0.0000000
0.0000000 0.0000000
0.0000000 0.0000000
0.0000000 0.0000000
0.0000000 0.0000000
0.0000000 0.0000000
0.0000000 0.0000000
0.0000000 0.0000000
0.0000000 0.0000000
0.0000000 0.0000000
0.0000000 0.0000000
0.0000000 0.0000000
0.0000000 0.0000000
0.0000000 0.0000000
0.0000000 0.0000000
0.0000000 0.0000000
0.0000000 0.0000000
0.0000000 0.0000000
0.0000000 0.0000000
-0.0410989 0.0746621
0.0000000 0.0000000
-0.1527460 0.0332235
-0.0342536 0.1759949
-0.0583592 0.2479515
0.0000000 0.0000000
-0.1327368 0.1732262
-0.0563100 0.3747030
-0.0733141 0.4495188
0.0000000 0.0000000
-0.1507768 0.3249371
-0.0781555 0.6171113
-0.1009503 0.7051132
0.0000000 0.0000000
-0.1919414 0.5127061
-0.1107494 0.9414302
-0.1496484 1.0547614
0.0000000 0.0000000
-0.2653623 0.7638716
-0.1644357 1.4103690
-0.2368637 1.5708438
0.0000000 0.0000000
-0.3952225 1.1213434
-0.2588243 2.1335478
-0.3989182 2.3967085
0.0000000 0.0000000
-0.6332898 1.6641408
-0.4320793 3.2989283
-0.7023780 3.8285272
0.0000000 0.0000000
-1.0960747 2.5507057
-0.7566299 5.2133479
-1.2286676 6.4528294
0.0000000 0.0000000
-2.0494916 4.1483331
-1.3862211 8.5035267
-1.9093401 11.1217585
0.0000000 0.0000000
-3.8923335 7.6029983
-2.1014106 14.2229500
-2.5981185 18.0048923
0.0000000 0.0000000
-8.1494179 14.4557629
-1.1901855 23.1543217
-2.8783114 25.0798073
0.0000000 0.0000000
7.5734305 8.1776209
13.3964024 0.3720433
15.2584524 1.1146998
0.0000000 0.0000000
20.8804760 1.8345146
5.9755020 -21.4887867
-2.4330244 -22.6840496
0.0000000 0.0000000
8.6972647 -7.2243886
-4.4566069 -20.6424484
-0.6003485 -20.2854652
0.0000000 0.0000000
-13.9805279 -14.5253639
-1.1824663 -12.9288120
-1.4693152 -9.5892544
0.0000000 0.0000000
-2.7650445 -8.0666513
-1.7233748 -8.1063242
-1.0092126 -5.7261424
0.0000000 0.0000000
-2.4267285 -4.1529679
-0.7127972 -4.7751007
-0.5644560 -3.6341395
0.0000000 0.0000000
-1.5742342 -2.7851129
-0.3504609 -2.9183593
-0.3225366 -2.3289545
0.0000000 0.0000000
-0.9635403 -1.8467276
-0.1956056 -1.8567331
-0.1936999 -1.5179049
0.0000000 0.0000000
-0.5973522 -1.2176137
-0.1215791 -1.2163488
-0.1240402 -0.9987003
0.0000000 0.0000000
-0.3857161 -0.8046800
-0.0835848 -0.8018226
-0.0862816 -0.6516941
0.0000000 0.0000000
-0.2622397 -0.5271680
-0.0633194 -0.5140947
-0.0657739 -0.4052657
0.0000000 0.0000000
-0.1904538 -0.3308702
-0.0529611 -0.2987916
-0.0560248 -0.2154675
0.0000000 0.0000000
-0.1500503 -0.1816609
-0.0493857 -0.1244204
-0.0582434 -0.0459580
0.0000000 0.0000000
-0.1370368 -0.0484415
0.0000000 0.0000000
0.0000000 0.0000000
-0.2290648 0.0535805
-0.2984447 0.0391117
-0.1709286 0.1464834
-0.2332328 0.1971132
-0.2818233 0.1664044
-0.2354627 0.3073949
-0.2858486 0.3571128
-0.3297288 0.3060263
-0.3094142 0.5022005
-0.3842037 0.5530077
-0.4262797 0.4696205
-0.4283382 0.7576382
-0.5531961 0.8092339
-0.5936329 0.6724105
-0.6267283 1.1166871
-0.8460926 1.1626550
-0.8803475 0.9332843
-0.9657812 1.6515255
-1.3758547 1.6716923
-1.3854610 1.2782515
-1.5722948 2.4719579
-2.3418899 2.4771898
-2.3111742 1.7541324
-2.7048733 3.7028649
-4.0462565 3.7545133
-4.0448833 2.4554918
-4.7716393 5.5652919
-6.9507666 5.1120219
-7.1553063 3.9960117
-8.2644892 7.9031091
-11.5157518 10.9523354
-11.2591782 5.4452648
7.6397309 10.3924513
13.7798643 6.8633370
17.4325047 4.5967913
22.6976185 -0.7852270
25.5276852 0.2836563
26.8561459 6.4431300
13.0192003 -11.2320805
14.5020056 -4.1650672
16.0297489 -1.4308919
0.6120914 -6.3450003
-14.7555380 -10.8339329
-13.2484636 -7.8041368
-7.7113628 -4.8054361
-4.4498515 -8.5862341
-9.7645588 -6.2102227
-3.8968511 -5.5927663
-3.0292578 -4.0495439
-4.6381893 -3.2830007
-2.3914754 -3.2132838
-1.9306445 -2.5858092
-2.5678918 -2.0948815
-1.4230853 -1.9833710
-1.1976907 -1.7155037
-1.5320657 -1.4291652
-0.8659462 -1.3091975
-0.7541304 -1.1562936
-0.9720131 -0.9971000
-0.5527937 -0.8903006
-0.4946984 -0.7809395
-0.6504307 -0.6932533
-0.3754535 -0.6044544
-0.3448915 -0.5192332
-0.4598762 -0.4714268
-0.2740281 -0.3957972
-0.2598209 -0.3272268
-0.3463010 -0.3030834
-0.2174028 -0.2333411
-0.2158453 -0.1763045
-0.2844466 -0.1679153
-0.1763959 -0.0981738
-0.2208831 -0.0411816
-0.2769679 -0.0421158
0.0000000 0.0000000
0.0000000 0.0000000
-0.3723165 0.0394697
-0.4172257 0.0298618
-0.2802523 0.1233014
-0.3689885 0.1489836
-0.4010891 0.1205589
-0.3693634 0.2490925
-0.4408626 0.2680963
-0.4679627 0.2165792
-0.4708025 0.3954163
-0.5762132 0.4026843
-0.5971510 0.3166932
-0.6318849 0.5766238
-0.8028454 0.5602025
-0.8137376 0.4181477
-0.8948248 0.8129710
-1.1793481 0.7454585
-1.1713525 0.5074994
-1.3282603 1.1365139
-1.8176857 0.9497111
-1.7688426 0.5412514
-2.0618508 1.6073523
-2.9416656 1.1120404
-2.7814782 0.4061013
-3.3792918 2.3352118
-4.9686337 1.1801465
-4.4619842 0.0022497
-5.9788995 3.1635695
-8.5655708 2.2090137
-7.5803595 0.4971695
-12.1678534 1.1267170
-6.0735002 0.5341477
-2.8680344 -0.8697876
2.6423564 1.0789466
17.3280640 0.3020858
15.7210388 -6.2360287
24.5244579 -2.7228236
26.0724907 5.4287896
26.5086403 5.2989526
16.9781837 -5.3307629
18.6300907 3.7717729
27.1271439 10.2116890
-2.3050375 1.9542766
-8.9140892 -1.6021160
-3.0103862 3.4843307
-12.2239790 2.1873450
-8.8315868 -2.1569088
-8.1714659 0.4689365
-5.8399711 -0.5830352
-4.6800432 -1.6203760
-4.3977571 -0.4807294
-3.3598099 -0.7971388
-2.7509131 -1.3150237
-2.6187148 -0.6784419
-2.0260525 -0.8086079
-1.7126210 -1.0181869
-1.6752218 -0.6483119
-1.2821418 -0.6839964
-1.1117703 -0.7615076
-1.1253685 -0.5469735
-0.8486338 -0.5353644
-0.7540866 -0.5527601
-0.7892740 -0.4287643
-0.5921241 -0.3955334
-0.5388179 -0.3867624
-0.5818771 -0.3154451
-0.4396462 -0.2725198
-0.4126138 -0.2526377
-0.4551820 -0.2136700
-0.3485205 -0.1642170
-0.3466577 -0.1402851
-0.3851416 -0.1226657
-0.2768762 -0.0670060
-0.3531917 -0.0337102
-0.3889884 -0.0308723
0.0000000 0.0000000
0.0000000 0.0000000
-0.4747236 0.0261278
-0.4971091 0.0165952
-0.3594018 0.0918095
-0.4629879 0.0965354
-0.4794871 0.0659207
-0.4606439 0.1744956
-0.5393105 0.1694325
-0.5511969 0.1127286
-0.5702933 0.2620770
-0.6810853 0.2392451
-0.6861455 0.1454956
-0.7389315 0.3552650
-0.9108720 0.2976751
-0.9030800 0.1474198
-1.0027161 0.4504635
-1.2738469 0.3221204
-1.2419302 0.0814196
-1.4156892 0.5352410
-1.8498489 0.2558536
-1.7673388 -0.1334274
-2.0647755 0.5713108
-2.7803795 -0.0504074
-2.5743852 -0.6905981
-3.0934072 0.4567089
-4.4643188 -1.0480866
-3.8341582 -2.2554681
-5.1463747 0.3570404
-9.3716869 -2.4922297
-6.1002240 -5.0083938
-10.2306843 -8.8019304
4.2308960 -12.1161194
-6.5815263 -10.6235170
5.0893049 -4.3562994
14.1887207 -8.4246540
3.1447644 -8.8457232
17.4016628 -1.4281036
16.0000687 3.4440446
7.4593654 -0.2131960
16.3449440 0.5810071
14.7585278 9.1475687
7.8879285 8.4520760
10.8752241 7.1165771
-8.3203363 7.1291060
-1.0709473 12.2808142
-8.4514914 8.6487856
-7.3300233 1.7824714
-2.8725069 5.0767694
-5.0181069 2.5296023
-4.3081646 0.4241752
-2.7274637 1.7577909
-3.1659563 0.7420377
-2.6900578 -0.1245839
-2.0543044 0.5336866
-2.0655324 0.1067229
-1.7756661 -0.3092658
-1.4850664 0.0657317
-1.3919878 -0.1244718
-1.2172456 -0.3334765
-1.0836244 -0.1055994
-0.9718692 -0.1905259
-0.8665291 -0.2917705
-0.8107809 -0.1520478
-0.7068189 -0.1816585
-0.6456025 -0.2279888
-0.6276574 -0.1434048
-0.5416291 -0.1412392
-0.5091124 -0.1599856
-0.5112212 -0.1107749
-0.4380915 -0.0889442
-0.4366327 -0.0933025
-0.4471394 -0.0691072
-0.3468883 -0.0334448
-0.4476896 -0.0226313
-0.4630353 -0.0175970
0.0000000 0.0000000
0.0000000 0.0000000
-0.5337183 0.0132937
-0.5357308 0.0041150
-0.4048766 0.0559837
-0.5119803 0.0450598
-0.5147585 0.0153910
-0.5065038 0.0939847
-0.5797505 0.0730946
-0.5791998 0.0186364
-0.6065003 0.1226429
-0.7030549 0.0842691
-0.6960235 -0.0028074
-0.7531271 0.1307993
-0.8913409 0.0612430
-0.8739287 -0.0710721
-0.9671522 0.0941603
-1.1630348 -0.0300817
-1.1272507 -0.2240349
-1.2695976 -0.0432735
-1.5333135 -0.2615062
-1.4715542 -0.5355670
-1.6743245 -0.3843260
-1.9938748 -0.7663931
-1.9109260 -1.1179130
-2.1167388 -1.2090311
-2.3590457 -1.8454655
-2.3797574 -2.1646597
-1.9636326 -2.8573432
-1.5157189 -3.3436029
-2.4840505 -2.6599972
-0.2818588 -8.7339802
3.5327322 -8.0101795
3.6382225 -4.6948133
5.4265494 -9.0796423
5.8971639 -7.1610851
9.1269436 -4.2825251
8.5548677 -1.0901022
9.6844673 -0.9187880
9.8856716 -1.1738662
9.4366188 3.2504089
8.9209681 7.9604058
4.5456781 3.5323148
3.6972444 7.5808749
1.2751772 8.4654474
0.0202611 5.3959475
-2.3123472 5.1581807
-2.6629167 3.8360102
-0.9517000 4.1285272
-2.8277714 2.7922215
-2.5922394 1.6355418
-1.3901910 2.2659109
-2.2951896 1.3440189
-2.0167906 0.6873409
-1.3561181 1.1225628
-1.7130381 0.6121817
-1.5039048 0.2354305
-1.1467011 0.5223346
-1.2640175 0.2493664
-1.1228685 0.0302723
-0.9257870 0.2197462
-0.9458695 0.0764004
-0.8522193 -0.0526193
-0.7458791 0.0728803
-0.7268585 0.0010897
-0.6680347 -0.0738677
-0.6124190 0.0070323
-0.5791302 -0.0230468
-0.5486417 -0.0655974
-0.5203737 -0.0166330
-0.4812104 -0.0192395
-0.4826961 -0.0436738
-0.4703679 -0.0182821
-0.3846585 -0.0027917
-0.5001816 -0.0105158
-0.4981349 -0.0044982
0.0000000 0.0000000
0.0000000 0.0000000
-0.5514979 0.0022344
-0.5373760 -0.0056495
-0.4187200 0.0214762
-0.5202614 0.0008063
-0.5117057 -0.0241814
-0.5115914 0.0202818
-0.5705032 -0.0080595
-0.5607543 -0.0528645
-0.5908033 0.0001373
-0.6604122 -0.0404958
-0.6459795 -0.1080211
-0.6972402 -0.0562912
-0.7851334 -0.1153373
-0.7634836 -0.2084372
-0.8379883 -0.1793649
-0.9380248 -0.2626126
-0.9087108 -0.3798517
-1.0034153 -0.4230605
-1.0906236 -0.5299943
-1.0564611 -0.6529021
-1.1497800 -0.8816329
-1.1467602 -0.9877792
-1.1353918 -1.0561460
-1.1495289 -1.6817595
-0.8944492 -1.8359472
-0.9973540 -1.7185810
-0.6836765 -2.4942257
-0.2610405 -2.9285049
-0.4271511 -2.5109396
-0.1358675 -3.5951076
0.7164727 -3.7449067
1.1204057 -2.6295252
1.6531864 -3.4743309
2.2903926 -3.0150793
2.4430194 -2.0580068
4.1228838 -0.6596255
4.4651389 -0.6737784
3.4168496 -0.2149650
5.5637531 1.6765147
3.6873951 2.3860145
2.8832257 1.6830871
3.4400175 3.4245903
2.0581164 4.3722835
0.7655555 2.5483611
0.2801275 3.0304315
-0.2178568 3.2244971
-0.2037455 2.5494442
-1.0654734 2.1629083
-1.0992839 1.9240973
-0.6482632 1.8748622
-1.3329144 1.3627100
-1.2281979 1.0495280
-0.8114010 1.1963518
-1.2148746 0.8042139
-1.0993669 0.5539451
-0.8060292 0.7101266
-1.0129368 0.4545981
-0.9181318 0.2781166
-0.7291452 0.4040128
-0.8237792 0.2472605
-0.7556524 0.1289508
-0.6359455 0.2216335
-0.6747112 0.1304792
-0.6277661 0.0516986
-0.5552949 0.1166880
-0.5650083 0.0675136
-0.5389338 0.0154230
-0.4951147 0.0570797
-0.4839945 0.0358859
-0.4894660 0.0009265
-0.4614174 0.0231201
-0.3929746 0.0211779
-0.5135698 0.0005626
-0.4985047 0.0062558
0.0000000 0.0000000
0.0000000 0.0000000
-0.5350239 -0.0060997
-0.5100868 -0.0119726
-0.4075525 -0.0071538
-0.4965540 -0.0323902
-0.4802511 -0.0505738
-0.4856603 -0.0373749
-0.5272225 -0.0671708
-0.5106243 -0.0985247
-0.5402425 -0.0893419
-0.5807856 -0.1256008
-0.5621302 -0.1695007
-0.6047553 -0.1784517
-0.6468933 -0.2233181
-0.6229017 -0.2759497
-0.6766456 -0.3283334
-0.7076135 -0.3807190
-0.6772270 -0.4322137
-0.7385529 -0.5703166
-0.7292188 -0.6269143
-0.6934566 -0.6532525
-0.7480091 -0.9309149
-0.6503149 -0.9946951
-0.6041619 -0.9391823
-0.6303563 -1.4219576
-0.3537724 -1.4999453
-0.3027347 -1.2530279
-0.1772589 -1.9815522
0.3577753 -2.0783694
0.4183710 -1.5451831
0.7070072 -2.1577089
1.2937346 -2.1705658
1.3046621 -1.5073177
1.8271186 -1.7047352
2.2042675 -1.6415421
2.0067825 -1.1427612
2.8539643 -0.3001072
2.7666206 -0.1731631
2.1569490 -0.1985517
2.8881943 0.9476044
2.3357341 1.3077676
1.7354319 0.8547487
2.1258805 1.7802529
1.4385529 2.1628230
0.8753631 1.4418924
0.8240508 1.8972005
0.4004764 2.1221232
0.1655743 1.5784090
-0.1698689 1.5776579
-0.3180794 1.5958401
-0.2392627 1.3693341
-0.6277462 1.1667542
-0.6389818 1.0672748
-0.4519728 1.0300723
-0.7574682 0.8007308
-0.7194310 0.6698652
-0.5337884 0.7123726
-0.7359080 0.5257824
-0.6875205 0.4073541
-0.5420170 0.4685131
-0.6628872 0.3349790
-0.6201184 0.2416439
-0.5155851 0.2975263
-0.5821472 0.2082898
-0.5517181 0.1388816
-0.4780594 0.1822979
-0.5139868 0.1269525
-0.4959310 0.0752542
-0.4465980 0.1056986
-0.4572901 0.0740341
-0.4650426 0.0353444
-0.4300755 0.0524341
-0.3775801 0.0372170
-0.4955787 0.0093495
-0.4721335 0.0138504
0.0000000 0.0000000
0.0000000 0.0000000
-0.4945848 -0.0114952
-0.4637135 -0.0151885
-0.3784457 -0.0274505
-0.4519150 -0.0536908
-0.4312132 -0.0649603
-0.4403807 -0.0750636
-0.4657190 -0.1035503
-0.4453034 -0.1217901
-0.4715586 -0.1417886
-0.4897768 -0.1731355
-0.4673176 -0.1956293
-0.5016949 -0.2387511
-0.5111547 -0.2732988
-0.4858338 -0.2943678
-0.5238068 -0.3784754
-0.5145245 -0.4160184
-0.4825805 -0.4235636
-0.5200048 -0.5726132
-0.4713283 -0.6114942
-0.4301256 -0.5846685
-0.4593349 -0.8229795
-0.3433496 -0.8605317
-0.2867664 -0.7676834
-0.2954274 -1.1038846
-0.0785470 -1.1443622
0.0052596 -0.9389148
0.0161475 -1.3278583
0.3353679 -1.3674618
0.4581679 -1.0307670
0.5582472 -1.2936978
0.8612882 -1.3020124
0.9354294 -0.9345856
1.1711792 -0.9385915
1.3585511 -0.9160762
1.3109601 -0.6407055
1.7407120 -0.1866334
1.6571938 -0.1266792
1.4013588 -0.1179171
1.8152514 0.5322515
1.5184001 0.7186621
1.1579375 0.4627963
1.3960028 1.0178094
1.0471351 1.2308027
0.7281688 0.8617147
0.7608154 1.2016003
0.4830450 1.3543302
0.2924263 1.0174515
0.1622284 1.1235878
0.0081627 1.1845150
-0.0264358 0.9731392
-0.2290903 0.9286076
-0.2895139 0.9114556
-0.2269731 0.8167042
-0.4277258 0.7091007
-0.4362277 0.6513276
-0.3395573 0.6287599
-0.4974921 0.5135479
-0.4856214 0.4442085
-0.3882263 0.4561125
-0.5015247 0.3591194
-0.4821834 0.2931874
-0.4019445 0.3171462
-0.4773983 0.2432467
-0.4599555 0.1874405
-0.3976407 0.2109929
-0.4443243 0.1581469
-0.4353692 0.1128763
-0.3871715 0.1309433
-0.4104490 0.0955630
-0.4208444 0.0581784
-0.3841966 0.0694001
-0.3461078 0.0461326
-0.4553613 0.0152240
-0.4283597 0.0183805
0.0000000 0.0000000
0.0000000 0.0000000
-0.4404061 -0.0143040
-0.4076173 -0.0161710
-0.3381414 -0.0393573
-0.3971216 -0.0645422
-0.3739982 -0.0698121
-0.3853753 -0.0945971
-0.3976400 -0.1204201
-0.3758078 -0.1281691
-0.3989221 -0.1640705
-0.4012332 -0.1909273
-0.3776891 -0.1975225
-0.4033543 -0.2541869
-0.3948217 -0.2819613
-0.3679371 -0.2817212
-0.3947006 -0.3706374
-0.3655602 -0.3983856
-0.3348053 -0.3821152
-0.3569173 -0.5137953
-0.2969133 -0.5411966
-0.2574195 -0.4940098
-0.2702997 -0.6741359
-0.1653427 -0.6994859
-0.1138367 -0.6041710
-0.1121202 -0.8235776
0.0471635 -0.8451336
0.1128887 -0.6872056
0.1394712 -0.8960955
0.3328298 -0.9112371
0.3995960 -0.7002313
0.4857399 -0.8158386
0.6527331 -0.8141558
0.6817190 -0.6028227
0.8375881 -0.5586573
0.9293196 -0.5358706
0.8873358 -0.3904704
1.1197926 -0.1291306
1.0757724 -0.0808944
0.9369247 -0.0708246
1.1753553 0.3035703
1.0146111 0.4075294
0.8090038 0.2739978
0.9645637 0.6210911
0.7647008 0.7475824
0.5696712 0.5385983
0.6152740 0.7830777
0.4375245 0.8845008
0.3019854 0.6758419
0.2518523 0.7964153
0.1285183 0.8522146
0.0710330 0.6927750
-0.0336369 0.7136244
-0.1048349 0.7246761
-0.0953771 0.6265999
-0.2197186 0.5901151
-0.2505852 0.5682949
-0.2065284 0.5211785
-0.3214600 0.4606170
-0.3293254 0.4224620
-0.2726957 0.4070833
-0.3641027 0.3435827
-0.3629739 0.3009015
-0.3055259 0.3016488
-0.3755977 0.2466111
-0.3697506 0.2047365
-0.3208181 0.2125252
-0.3706618 0.1678589
-0.3673411 0.1303049
-0.3264598 0.1384378
-0.3543515 0.1034538
-0.3669547 0.0704658
-0.3318001 0.0759507
-0.3048497 0.0489645
-0.4024990 0.0183821
-0.3749824 0.0202298
0.0000000 0.0000000
0.0000000 0.0000000
-0.3804922 -0.0151520
-0.3486311 -0.0157065
-0.2933332 -0.0444712
-0.3393992 -0.0674386
-0.3162926 -0.0683348
-0.3277172 -0.1002316
-0.3318571 -0.1231250
-0.3092489 -0.1232303
-0.3295046 -0.1655578
-0.3216383 -0.1880810
-0.2990663 -0.1846493
-0.3187833 -0.2429908
-0.3005548 -0.2654495
-0.2751557 -0.2532333
-0.2919905 -0.3336631
-0.2577100 -0.3551264
-0.2284681 -0.3277729
-0.2413129 -0.4343722
-0.1829611 -0.4535579
-0.1500144 -0.4033017
-0.1526394 -0.5326777
-0.0674843 -0.5495497
-0.0274317 -0.4673196
-0.0166029 -0.6053780
0.0937947 -0.6174674
0.1375413 -0.5023426
0.1704385 -0.6169796
0.2900956 -0.6212650
0.3238961 -0.4868817
0.3938858 -0.5352759
0.4901159 -0.5289773
0.4981509 -0.4024764
0.6067184 -0.3536035
0.6543134 -0.3319120
0.6186740 -0.2504466
0.7605904 -0.0906569
0.7353249 -0.0502793
0.6484008 -0.0450371
0.7915302 0.1804854
0.7018154 0.2457553
0.5790131 0.1733176
0.6807881 0.3966107
0.5615754 0.4743098
0.4376614 0.3523512
0.4801838 0.5255882
0.3627878 0.5942474
0.2692358 0.4607718
0.2530985 0.5674669
0.1605960 0.6112081
0.1078497 0.4973477
0.0510298 0.5414054
-0.0115326 0.5585088
-0.0244816 0.4761175
-0.0992016 0.4747295
-0.1378833 0.4702951
-0.1202813 0.4183187
-0.1997328 0.3924382
-0.2183258 0.3724096
-0.1871929 0.3453889
-0.2588213 0.3085184
-0.2661020 0.2810847
-0.2295260 0.2694401
-0.2875502 0.2306001
-0.2907604 0.2011140
-0.2533590 0.1976560
-0.2995694 0.1623691
-0.3011663 0.1326452
-0.2679722 0.1334620
-0.2972620 0.1020589
-0.3096923 0.0739526
-0.2792053 0.0754119
-0.2600179 0.0475655
-0.3446551 0.0194311
-0.3185453 0.0200604
0.0000000 0.0000000
0.0000000 0.0000000
-0.3210527 -0.0147813
-0.2917057 -0.0144402
-0.2483066 -0.0447902
-0.2834156 -0.0648573
-0.2619175 -0.0629873
-0.2732598 -0.0968953
-0.2718666 -0.1166957
-0.2506431 -0.1121428
-0.2668065 -0.1543278
-0.2550876 -0.1733944
-0.2330540 -0.1639627
-0.2486883 -0.2180871
-0.2262512 -0.2358474
-0.2041049 -0.2185625
-0.2151987 -0.2862678
-0.1811606 -0.3029464
-0.1562112 -0.2729055
-0.1610661 -0.3544781
-0.1120588 -0.3687973
-0.0844904 -0.3222258
-0.0821195 -0.4132693
-0.0159942 -0.4238132
0.0119869 -0.3587594
0.0275331 -0.4453217
0.1038558 -0.4520259
0.1304267 -0.3697551
0.1639045 -0.4329686
0.2393166 -0.4330704
0.2559871 -0.3444832
0.3112310 -0.3636390
0.3697924 -0.3540962
0.3671549 -0.2769495
0.4444665 -0.2352271
0.4713125 -0.2160537
0.4421100 -0.1675897
0.5345775 -0.0636645
0.5195600 -0.0326770
0.4612622 -0.0288208
0.5525961 0.1126660
0.4991453 0.1578563
0.4218788 0.1150695
0.4902567 0.2623919
0.4161339 0.3128503
0.3356753 0.2390755
0.3688100 0.3630137
0.2915976 0.4090570
0.2250072 0.3230490
0.2240507 0.4085550
0.1550762 0.4424344
0.1136030 0.3610121
0.0832201 0.4087715
0.0315525 0.4253187
0.0132124 0.3606170
-0.0343523 0.3760678
-0.0696458 0.3778031
-0.0674790 0.3313393
-0.1203323 0.3241130
-0.1438074 0.3150404
-0.1265014 0.2844333
-0.1799600 0.2654188
-0.1923173 0.2480608
-0.1693339 0.2308631
-0.2171299 0.2056543
-0.2236229 0.1845002
-0.1976601 0.1754544
-0.2366769 0.1480905
-0.2420440 0.1256937
-0.2152233 0.1213275
-0.2426651 0.0945454
-0.2547442 0.0714484
-0.2291566 0.0701415
-0.2162043 0.0438383
-0.2871080 0.0188355
-0.2638753 0.0187477
0.0000000 0.0000000
0.0000000 0.0000000
-0.2658025 -0.0136758
-0.2400291 -0.0128398
-0.2059037 -0.0419354
-0.2329098 -0.0591728
-0.2131386 -0.0556179
-0.2238914 -0.0883880
-0.2189816 -0.1049619
-0.2003092 -0.0982377
-0.2138835 -0.1370541
-0.2002982 -0.1529602
-0.1808845 -0.1409969
-0.1915889 -0.1875680
-0.1705395 -0.2021819
-0.1501760 -0.1831358
-0.1580264 -0.2383174
-0.1267122 -0.2507367
-0.1069749 -0.2228063
-0.1081265 -0.2838911
-0.0679933 -0.2945558
-0.0469121 -0.2548618
-0.0401417 -0.3174609
0.0082892 -0.3248787
0.0286795 -0.2740773
0.0444087 -0.3298112
0.0981776 -0.3323200
0.1133406 -0.2743852
0.1428429 -0.3098663
0.1923982 -0.3079421
0.1996253 -0.2482648
0.2432203 -0.2531317
0.2798312 -0.2442745
0.2736425 -0.1942160
0.3292961 -0.1622624
0.3454087 -0.1449782
0.3221963 -0.1158212
0.3852915 -0.0457130
0.3759685 -0.0220290
0.3357230 -0.0191417
0.3959796 0.0747612
0.3634687 0.1059861
0.3115017 0.0806270
0.3591138 0.1792253
0.3106364 0.2147425
0.2575592 0.1672239
0.2833504 0.2562335
0.2309266 0.2880154
0.1840712 0.2313206
0.1868706 0.2989125
0.1379655 0.3233861
0.1044985 0.2665098
0.0894144 0.3088895
0.0472771 0.3240885
0.0308173 0.2736596
0.0008332 0.2949086
-0.0299202 0.2988755
-0.0336895 0.2601710
-0.0710127 0.2636722
-0.0925086 0.2592652
-0.0852440 0.2311779
-0.1234333 0.2221227
-0.1384980 0.2119350
-0.1231227 0.1926424
-0.1608085 0.1769951
-0.1692984 0.1619332
-0.1512288 0.1505180
-0.1842429 0.1304000
-0.1903283 0.1131004
-0.1701467 0.1065756
-0.1937699 0.0839207
-0.2052535 0.0656163
-0.1838128 0.0624107
-0.1753979 0.0387781
-0.2335531 0.0173103
-0.2135067 0.0168014
0.0000000 0.0000000
0.0000000 0.0000000
-0.2165589 -0.0121738
-0.1946581 -0.0111378
-0.1683354 -0.0375653
-0.1887167 -0.0520873
-0.1716755 -0.0478722
-0.1805218 -0.0773514
-0.1750465 -0.0913181
-0.1580094 -0.0835015
-0.1695747 -0.1177497
-0.1554628 -0.1305080
-0.1393902 -0.1184558
-0.1476421 -0.1572486
-0.1282559 -0.1691042
-0.1114168 -0.1508971
-0.1151274 -0.1939854
-0.0898474 -0.2040266
-0.0727552 -0.1789760
-0.0726379 -0.2248909
-0.0399840 -0.2321021
-0.0249101 -0.2003848
-0.0173511 -0.2437115
0.0188451 -0.2487905
0.0327347 -0.2099351
0.0485148 -0.2452916
0.0855066 -0.2466287
0.0952614 -0.2043629
0.1191936 -0.2255157
0.1531355 -0.2216771
0.1551467 -0.1816601
0.1887975 -0.1805670
0.2128884 -0.1726887
0.2058361 -0.1392463
0.2465821 -0.1138125
0.2567880 -0.1004321
0.2386615 -0.0808073
0.2829774 -0.0332938
0.2767030 -0.0139486
0.2484857 -0.0129275
0.2901964 0.0513308
0.2693289 0.0737725
0.2336905 0.0580748
0.2663260 0.1271689
0.2350078 0.1515921
0.1976245 0.1213765
0.2180411 0.1845372
0.1808863 0.2083114
0.1485583 0.1689305
0.1531764 0.2212000
0.1176305 0.2391433
0.0921754 0.1990146
0.0831775 0.2356037
0.0517803 0.2472595
0.0363451 0.2099153
0.0182634 0.2303850
-0.0083723 0.2358320
-0.0128843 0.2037395
-0.0387981 0.2119447
-0.0578892 0.2100585
-0.0554329 0.1859030
-0.0842231 0.1835303
-0.0978347 0.1767014
-0.0889190 0.1590059
-0.1172319 0.1488312
-0.1269611 0.1386725
-0.1134713 0.1263076
-0.1404770 0.1116396
-0.1467785 0.0983734
-0.1315905 0.0911275
-0.1519158 0.0727540
-0.1617047 0.0579517
-0.1445208 0.0542010
-0.1390718 0.0333973
-0.1858739 0.0154182
-0.1688024 0.0145778
0.0000000 0.0000000
0.0000000 0.0000000
-0.1744009 -0.0105969
-0.1560582 -0.0094549
-0.1357999 -0.0326274
-0.1508184 -0.0444889
-0.1366913 -0.0402882
-0.1445163 -0.0659535
-0.1385704 -0.0775187
-0.1243506 -0.0697715
-0.1326999 -0.0984826
-0.1207959 -0.1091642
-0.1062920 -0.0974708
-0.1131025 -0.1294718
-0.0955405 -0.1385061
-0.0825167 -0.1227614
-0.0848352 -0.1561892
-0.0638247 -0.1641338
-0.0505703 -0.1429655
-0.0479398 -0.1763628
-0.0236379 -0.1821782
-0.0112552 -0.1563202
-0.0046641 -0.1873409
0.0230547 -0.1899110
0.0318065 -0.1612581
0.0454044 -0.1842346
0.0720288 -0.1846759
0.0777558 -0.1538086
0.0979065 -0.1654254
0.1207327 -0.1622594
0.1211571 -0.1334991
0.1465485 -0.1312492
0.1631146 -0.1233116
0.1562818 -0.1014630
0.1863870 -0.0817896
0.1933063 -0.0711918
0.1793168 -0.0576677
0.2108781 -0.0231305
0.2069881 -0.0089910
0.1863587 -0.0073617
0.2161999 0.0365124
0.2019048 0.0542954
0.1773386 0.0430494
0.2008583 0.0922497
0.1796677 0.1098031
0.1532727 0.0899119
0.1678921 0.1367329
0.1426504 0.1533799
0.1185870 0.1269277
0.1241935 0.1657443
0.0973408 0.1802351
0.0791887 0.1505174
0.0743236 0.1805852
0.0504694 0.1896348
0.0376408 0.1619541
0.0251612 0.1811335
0.0046509 0.1855237
-0.0010392 0.1608383
-0.0182187 0.1694203
-0.0353248 0.1697011
-0.0341466 0.1488607
-0.0555337 0.1498782
-0.0674982 0.1452888
-0.0623214 0.1299272
-0.0844440 0.1240418
-0.0930573 0.1163494
-0.0837372 0.1051849
-0.1047779 0.0938770
-0.1112585 0.0840727
-0.0991898 0.0765631
-0.1163428 0.0617872
-0.1245085 0.0498950
-0.1108256 0.0461090
-0.1078711 0.0284286
-0.1445033 0.0133310
-0.1302042 0.0124774
0.0000000 0.0000000
0.0000000 0.0000000
-0.1391292 -0.0090450
-0.1241745 -0.0079192
-0.1082136 -0.0275090
-0.1198571 -0.0372925
-0.1076983 -0.0331941
-0.1145114 -0.0551228
-0.1083269 -0.0643091
-0.0970190 -0.0574356
-0.1039363 -0.0812104
-0.0932784 -0.0899380
-0.0816623 -0.0794680
-0.0855858 -0.1047672
-0.0719793 -0.1123753
-0.0603821 -0.0984350
-0.0623178 -0.1248141
-0.0445549 -0.1303993
-0.0350775 -0.1136095
-0.0323794 -0.1382478
-0.0133003 -0.1427052
-0.0043869 -0.1222240
0.0029227 -0.1435155
0.0225975 -0.1457405
0.0295879 -0.1233590
0.0402908 -0.1394536
0.0602290 -0.1383347
0.0629379 -0.1165883
0.0789375 -0.1231086
0.0952680 -0.1202589
0.0944484 -0.0995469
0.1144488 -0.0956191
0.1255998 -0.0897282
0.1200377 -0.0736833
0.1422733 -0.0596362
0.1471092 -0.0500052
0.1363059 -0.0416315
0.1594371 -0.0163557
0.1570040 -0.0055624
0.1417702 -0.0040323
0.1631137 0.0282083
0.1537341 0.0408514
0.1356869 0.0341026
0.1533317 0.0685024
0.1381387 0.0826708
0.1197515 0.0680839
0.1309360 0.1028038
0.1131987 0.1150332
0.0954039 0.0968195
0.0998055 0.1270586
0.0807788 0.1373806
0.0664592 0.1166352
0.0647848 0.1395739
0.0459109 0.1476620
0.0365649 0.1261364
0.0282004 0.1426529
0.0123343 0.1463032
0.0067444 0.1274218
-0.0056911 0.1362685
-0.0191591 0.1365354
-0.0196178 0.1202115
-0.0346140 0.1218281
-0.0454270 0.1193440
-0.0416012 0.1058377
-0.0587525 0.1023954
-0.0660621 0.0965647
-0.0597037 0.0869696
-0.0763862 0.0786392
-0.0819539 0.0707414
-0.0726727 0.0641600
-0.0865097 0.0518912
-0.0934225 0.0424873
-0.0821398 0.0387265
-0.0812626 0.0239369
-0.1092302 0.0113346
-0.0973303 0.0105195
0.0000000 0.0000000
0.0000000 0.0000000
-0.1099858 -0.0075180
-0.0979439 -0.0065081
-0.0858531 -0.0228672
-0.0945229 -0.0308336
-0.0847293 -0.0271548
-0.0896898 -0.0451526
-0.0848612 -0.0527643
-0.0748450 -0.0464168
-0.0807865 -0.0661457
-0.0711022 -0.0727910
-0.0623323 -0.0641824
-0.0655064 -0.0842878
-0.0540246 -0.0904459
-0.0451173 -0.0787481
-0.0449891 -0.0985829
-0.0319777 -0.1034188
-0.0235590 -0.0892852
-0.0216339 -0.1082718
-0.0060560 -0.1108916
-0.0003236 -0.0955743
0.0058528 -0.1106607
0.0209169 -0.1122526
0.0254770 -0.0951055
0.0353959 -0.1052824
0.0491278 -0.1047648
0.0513411 -0.0879519
0.0635032 -0.0925532
0.0757878 -0.0889499
0.0739788 -0.0748610
0.0894094 -0.0708817
0.0975467 -0.0661102
0.0926252 -0.0544007
0.1097577 -0.0427285
0.1130059 -0.0358150
0.1047706 -0.0290431
0.1219707 -0.0114378
0.1202936 -0.0018642
0.1090000 -0.0016370
0.1248442 0.0220817
0.1185577 0.0316465
0.1050592 0.0273648
0.1180488 0.0533362
0.1076721 0.0633671
0.0938451 0.0539798
0.1030224 0.0787699
0.0897981 0.0891089
0.0771308 0.0752807
0.0809460 0.0985003
0.0673065 0.1063085
0.0560032 0.0915238
0.0552830 0.1101544
0.0414835 0.1159593
0.0336564 0.1005300
0.0289240 0.1131871
0.0160142 0.1170899
0.0118494 0.1019043
0.0029277 0.1098126
-0.0073828 0.1102130
-0.0088391 0.0975422
-0.0197922 0.0999059
-0.0284243 0.0978465
-0.0261235 0.0872442
-0.0385805 0.0844765
-0.0450811 0.0804500
-0.0400430 0.0720138
-0.0532972 0.0656232
-0.0577040 0.0592194
-0.0507252 0.0536664
-0.0618903 0.0437531
-0.0673914 0.0358241
-0.0581072 0.0326246
-0.0586889 0.0201404
-0.0794843 0.0095742
-0.0693497 0.0087403
0.0000000 0.0000000
0.0000000 0.0000000
-0.0865145 -0.0061800
-0.0766720 -0.0052272
-0.0675341 -0.0187617
-0.0737170 -0.0249954
-0.0660274 -0.0219467
-0.0703806 -0.0366922
-0.0660163 -0.0428691
-0.0581228 -0.0374495
-0.0619735 -0.0530346
-0.0548479 -0.0586888
-0.0468535 -0.0511060
-0.0498392 -0.0674272
-0.0397876 -0.0717944
-0.0335015 -0.0626941
-0.0334184 -0.0779506
-0.0228288 -0.0818309
-0.0166741 -0.0704571
-0.0135772 -0.0840708
-0.0026548 -0.0865906
0.0026025 -0.0739921
0.0071067 -0.0856103
0.0192527 -0.0858551
0.0215659 -0.0735408
0.0295086 -0.0804083
0.0399989 -0.0798696
0.0409253 -0.0671265
0.0514927 -0.0690756
0.0597564 -0.0667093
0.0585126 -0.0555669
0.0701428 -0.0529362
0.0764046 -0.0479581
0.0718830 -0.0403460
0.0850070 -0.0311621
0.0876663 -0.0256969
0.0808946 -0.0205143
0.0942376 -0.0065070
0.0929899 0.0002983
0.0844096 0.0013502
0.0965657 0.0179541
0.0920426 0.0264659
0.0820140 0.0226228
0.0919291 0.0420946
0.0848839 0.0497579
0.0740751 0.0434203
0.0813149 0.0627183
0.0719581 0.0700854
0.0621432 0.0608710
0.0661116 0.0776583
0.0556789 0.0847199
0.0473871 0.0731744
0.0473368 0.0878230
0.0374697 0.0924054
0.0306348 0.0811978
0.0278217 0.0917805
0.0181894 0.0945810
0.0144567 0.0835653
0.0089538 0.0893722
0.0005742 0.0905653
-0.0005925 0.0802155
-0.0086668 0.0824070
-0.0149840 0.0808721
-0.0140553 0.0726747
-0.0230541 0.0707521
-0.0282040 0.0672993
-0.0243638 0.0607629
-0.0342180 0.0551495
-0.0379413 0.0501244
-0.0321600 0.0453244
-0.0413516 0.0371111
-0.0453357 0.0303064
-0.0377043 0.0276773
-0.0395401 0.0172689
-0.0541947 0.0080043
-0.0453066 0.0072584
0.0000000 0.0000000
0.0000000 0.0000000
-0.0676134 -0.0050245
-0.0597042 -0.0041866
-0.0525583 -0.0150790
-0.0575418 -0.0201951
-0.0508645 -0.0174736
-0.0547517 -0.0296105
-0.0506042 -0.0343031
-0.0446745 -0.0300504
-0.0480753 -0.0425432
-0.0420493 -0.0471079
-0.0358938 -0.0408194
-0.0372056 -0.0532306
-0.0301802 -0.0571236
-0.0242011 -0.0493101
-0.0247106 -0.0615927
-0.0155961 -0.0640105
-0.0116693 -0.0555572
-0.0093160 -0.0657470
-0.0005683 -0.0677136
0.0029906 -0.0578122
0.0079016 -0.0656144
0.0160890 -0.0662983
0.0185698 -0.0562182
0.0243578 -0.0616952
0.0328478 -0.0602242
0.0325178 -0.0514283
0.0407667 -0.0522955
0.0472120 -0.0503269
0.0455509 -0.0419050
0.0554133 -0.0386966
0.0594696 -0.0353153
0.0561628 -0.0289387
0.0661470 -0.0226421
0.0683550 -0.0172118
0.0626518 -0.0142354
0.0729150 -0.0034625
0.0724345 0.0019162
0.0653159 0.0029968
0.0750694 0.0162471
0.0717613 0.0223242
0.0640637 0.0203984
0.0721293 0.0341362
0.0669462 0.0411594
0.0587422 0.0359066
0.0645136 0.0506174
0.0582152 0.0564128
0.0500098 0.0500686
0.0537607 0.0634561
0.0461897 0.0686017
0.0395509 0.0608081
0.0406980 0.0713388
0.0331380 0.0759184
0.0278755 0.0670637
0.0262188 0.0753859
0.0196143 0.0777984
0.0157082 0.0698336
0.0125619 0.0746558
0.0063354 0.0755161
0.0050867 0.0681254
0.0000733 0.0691284
-0.0047806 0.0685622
-0.0041948 0.0619955
-0.0107260 0.0601440
-0.0140876 0.0573468
-0.0116714 0.0525060
-0.0185823 0.0476229
-0.0213759 0.0431263
-0.0164774 0.0395888
-0.0235601 0.0322138
-0.0264738 0.0262217
-0.0197655 0.0240244
-0.0229060 0.0151726
-0.0321745 0.0067251
-0.0241743 0.0060764
0.0000000 0.0000000
0.0000000 0.0000000
-0.0522663 -0.0039591
-0.0459016 -0.0032914
-0.0408659 -0.0121248
-0.0445351 -0.0162804
-0.0392027 -0.0140417
-0.0419312 -0.0235359
-0.0391567 -0.0275304
-0.0336301 -0.0237879
-0.0369323 -0.0339965
-0.0315147 -0.0372966
-0.0271395 -0.0326131
-0.0285804 -0.0423239
-0.0227663 -0.0454720
-0.0182729 -0.0392001
-0.0176310 -0.0481245
-0.0115937 -0.0504932
-0.0074943 -0.0433164
-0.0063163 -0.0515492
0.0011531 -0.0523864
0.0030684 -0.0453365
0.0066933 -0.0509858
0.0132681 -0.0514555
0.0146406 -0.0436244
0.0202678 -0.0467647
0.0257426 -0.0461032
0.0260509 -0.0387675
0.0321023 -0.0398258
0.0374063 -0.0372438
0.0353184 -0.0316621
0.0429053 -0.0288326
0.0462765 -0.0260185
0.0430564 -0.0210831
0.0515129 -0.0153316
0.0527203 -0.0115571
0.0484842 -0.0085960
0.0564667 -0.0011039
0.0563263 0.0042188
0.0505050 0.0043508
0.0580558 0.0145720
0.0561440 0.0194776
0.0495274 0.0183714
0.0563993 0.0295050
0.0525505 0.0346186
0.0461821 0.0315157
0.0513383 0.0419915
0.0466860 0.0475718
0.0402779 0.0423942
0.0434646 0.0527436
0.0385694 0.0570135
0.0325208 0.0516209
0.0344466 0.0601547
0.0289394 0.0636905
0.0246030 0.0577700
0.0245508 0.0634890
0.0197181 0.0663817
0.0164347 0.0601958
0.0146251 0.0637223
0.0109125 0.0647936
0.0088727 0.0596864
0.0064055 0.0601719
0.0031173 0.0598206
0.0033212 0.0554406
-0.0004139 0.0528365
-0.0024882 0.0509914
-0.0007420 0.0474074
-0.0053841 0.0425902
-0.0067082 0.0386040
-0.0029934 0.0362392
-0.0079293 0.0294226
-0.0098056 0.0235596
-0.0035680 0.0220731
-0.0077714 0.0141114
-0.0123525 0.0058731
-0.0045196 0.0052587
0.0000000 0.0000000
0.0000000 0.0000000
-0.0400078 -0.0031325
-0.0346529 -0.0025522
-0.0313032 -0.0097208
-0.0337282 -0.0129504
-0.0295804 -0.0113164
-0.0322258 -0.0188717
-0.0299073 -0.0221674
-0.0255506 -0.0191987
-0.0276290 -0.0269006
-0.0241642 -0.0299073
-0.0197406 -0.0258600
-0.0216136 -0.0337549
-0.0164596 -0.0358203
-0.0134642 -0.0313291
-0.0134797 -0.0381399
-0.0085326 -0.0400559
-0.0055973 -0.0344469
-0.0037540 -0.0400507
0.0009397 -0.0411646
0.0033508 -0.0351950
0.0055286 -0.0398334
0.0110793 -0.0394172
0.0114232 -0.0340579
0.0154821 -0.0361340
0.0199631 -0.0354950
0.0196953 -0.0298483
0.0252419 -0.0296576
0.0284661 -0.0280429
0.0272817 -0.0232120
0.0329139 -0.0214349
0.0357754 -0.0182372
0.0326973 -0.0152176
0.0391388 -0.0105262
0.0404720 -0.0073341
0.0365414 -0.0049330
0.0434188 0.0016284
0.0429630 0.0054669
0.0385437 0.0062490
0.0446699 0.0134899
0.0434222 0.0183717
0.0380285 0.0170300
0.0434109 0.0257100
0.0411966 0.0300215
0.0354513 0.0280530
0.0402905 0.0366660
0.0367934 0.0409135
0.0317412 0.0377617
0.0350716 0.0451406
0.0315731 0.0495577
0.0266639 0.0452952
0.0285123 0.0518916
0.0253230 0.0551556
0.0209090 0.0512117
0.0221501 0.0557766
0.0188504 0.0583417
0.0160196 0.0544628
0.0159644 0.0563407
0.0138028 0.0582845
0.0116996 0.0547038
0.0107757 0.0542867
0.0097858 0.0546741
0.0087838 0.0521902
0.0078482 0.0489991
0.0072889 0.0478137
0.0082245 0.0460310
0.0065261 0.0403847
0.0065077 0.0371069
0.0093103 0.0358178
0.0065609 0.0288096
0.0061176 0.0227492
0.0119043 0.0219593
0.0069175 0.0144218
0.0066734 0.0054952
0.0151888 0.0050329
0.0000000 0.0000000
0.0000000 0.0000000
-0.0300322 -0.0025234
-0.0255685 -0.0020620
-0.0233348 -0.0077200
-0.0253822 -0.0105265
-0.0215321 -0.0091098
-0.0242006 -0.0152423
-0.0219881 -0.0177542
-0.0187051 -0.0156771
-0.0209421 -0.0217100
-0.0181052 -0.0242260
-0.0146535 -0.0210826
-0.0156119 -0.0267576
-0.0125577 -0.0288292
-0.0092299 -0.0250175
-0.0100130 -0.0305312
-0.0057295 -0.0315947
-0.0038800 -0.0277542
-0.0030561 -0.0318635
0.0007804 -0.0327090
0.0023901 -0.0281367
0.0047475 -0.0308616
0.0080485 -0.0309483
0.0090536 -0.0264351
0.0116584 -0.0282078
0.0153986 -0.0269196
0.0146258 -0.0232466
0.0185625 -0.0227409
0.0212930 -0.0212564
0.0198764 -0.0175701
0.0248967 -0.0152756
0.0264575 -0.0130392
0.0243672 -0.0102348
0.0292834 -0.0069147
0.0304810 -0.0034327
0.0269654 -0.0021691
0.0321744 0.0031239
0.0323310 0.0064659
0.0282128 0.0072463
0.0336805 0.0135323
0.0324976 0.0172665
0.0283377 0.0168877
0.0329918 0.0231666
0.0314654 0.0275605
0.0267078 0.0257635
0.0305760 0.0325533
0.0287223 0.0363465
0.0239055 0.0343612
0.0274877 0.0405301
0.0249133 0.0441810
0.0209514 0.0416561
0.0233640 0.0463341
0.0213315 0.0499980
0.0175087 0.0470930
0.0189998 0.0505195
0.0177266 0.0533583
0.0143895 0.0511591
0.0158708 0.0523802
0.0150418 0.0547319
0.0128715 0.0530954
0.0138730 0.0515062
0.0146168 0.0533320
0.0128077 0.0524576
0.0140110 0.0481570
0.0160571 0.0484932
0.0150600 0.0486215
0.0170730 0.0415908
0.0191543 0.0393010
0.0202057 0.0395976
0.0214916 0.0312169
0.0223803 0.0245054
0.0276109 0.0243250
0.0227455 0.0167297
0.0260818 0.0054333
0.0374948 0.0051992
0.0000000 0.0000000
0.0000000 0.0000000
-0.0216215 -0.0019833
-0.0178159 -0.0016668
-0.0170520 -0.0062742
-0.0183989 -0.0087200
-0.0151684 -0.0076600
-0.0172600 -0.0122822
-0.0160959 -0.0146753
-0.0127339 -0.0129281
-0.0151789 -0.0177923
-0.0127187 -0.0196799
-0.0101403 -0.0175797
-0.0116342 -0.0219218
-0.0091514 -0.0236910
-0.0065598 -0.0207905
-0.0068445 -0.0245106
-0.0044645 -0.0257688
-0.0021900 -0.0225073
-0.0022611 -0.0258202
0.0009039 -0.0260480
0.0017988 -0.0230180
0.0030152 -0.0248781
0.0056909 -0.0248281
0.0062000 -0.0213823
0.0086408 -0.0219415
0.0107048 -0.0211843
0.0105895 -0.0179948
0.0132473 -0.0177121
0.0154781 -0.0157841
0.0139380 -0.0134817
0.0174885 -0.0113864
0.0189407 -0.0092744
0.0167758 -0.0070914
0.0211134 -0.0037075
0.0215782 -0.0010329
0.0189892 0.0003439
0.0231690 0.0043004
0.0234011 0.0078763
0.0198130 0.0080649
0.0239923 0.0132228
0.0236208 0.0166368
0.0196094 0.0165071
0.0239852 0.0220457
0.0227183 0.0256307
0.0189570 0.0247325
0.0226134 0.0298897
0.0213713 0.0338659
0.0172706 0.0321723
0.0202710 0.0372360
0.0191319 0.0407266
0.0151317 0.0391374
0.0180714 0.0432805
0.0167528 0.0466778
0.0135487 0.0450677
0.0157494 0.0476200
0.0153802 0.0510956
0.0122203 0.0497251
0.0141167 0.0506146
0.0150323 0.0538115
0.0121298 0.0535298
0.0146559 0.0517566
0.0170192 0.0550715
0.0144727 0.0560415
0.0178671 0.0505378
0.0228472 0.0538286
0.0196303 0.0561395
0.0254448 0.0464388
0.0322478 0.0476194
0.0286450 0.0502544
0.0376315 0.0381660
0.0417387 0.0312623
0.0425771 0.0311431
0.0447295 0.0236240
0.0467897 0.0032711
0.0647421 -0.0000533
0.0000000 0.0000000
0.0000000 0.0000000
-0.0145712 -0.0016347
-0.0110790 -0.0013987
-0.0115758 -0.0052000
-0.0122010 -0.0073286
-0.0094719 -0.0066853
-0.0118464 -0.0103607
-0.0109195 -0.0125621
-0.0080633 -0.0111807
-0.0100399 -0.0148073
-0.0088215 -0.0167645
-0.0059999 -0.0148622
-0.0079086 -0.0184799
-0.0059540 -0.0197978
-0.0039784 -0.0177137
-0.0050161 -0.0206483
-0.0031978 -0.0217282
-0.0014176 -0.0190784
-0.0014289 -0.0212810
0.0001975 -0.0217844
0.0015149 -0.0189970
0.0018284 -0.0206505
0.0038790 -0.0201571
0.0040030 -0.0176929
0.0053048 -0.0180464
0.0069425 -0.0172293
0.0065515 -0.0146399
0.0088374 -0.0138603
0.0099297 -0.0123941
0.0089494 -0.0101889
0.0115157 -0.0086588
0.0126311 -0.0062316
0.0105564 -0.0048352
0.0136867 -0.0019705
0.0143177 0.0006184
0.0116802 0.0017430
0.0154186 0.0055219
0.0152973 0.0085356
0.0124136 0.0089444
0.0160351 0.0130838
0.0158444 0.0166761
0.0123259 0.0161640
0.0158264 0.0209931
0.0153942 0.0244431
0.0116599 0.0236414
0.0153004 0.0285978
0.0143285 0.0321137
0.0109273 0.0307755
0.0140357 0.0353041
0.0133727 0.0389967
0.0098591 0.0372281
0.0125003 0.0414512
0.0122163 0.0449045
0.0088672 0.0433585
0.0115803 0.0466576
0.0116162 0.0501960
0.0088136 0.0489635
0.0112641 0.0507568
0.0127114 0.0547908
0.0097982 0.0543846
0.0125606 0.0540768
0.0162654 0.0590198
0.0130266 0.0604836
0.0172721 0.0560714
0.0251937 0.0634329
0.0204173 0.0679146
0.0282958 0.0555862
0.0440917 0.0663570
0.0331077 0.0734710
0.0520197 0.0508649
0.0724242 0.0549371
0.0502558 0.0537090
0.0847523 0.0405563
0.0868604 -0.0007078
0.0737119 -0.0429553
0.0000000 0.0000000
0.0000000 0.0000000
-0.0083223 -0.0014395
-0.0051618 -0.0013365
-0.0066622 -0.0044174
-0.0070477 -0.0066029
-0.0042726 -0.0056414
-0.0068586 -0.0091211
-0.0061385 -0.0111664
-0.0036329 -0.0092868
-0.0059943 -0.0131654
-0.0051792 -0.0151043
-0.0027218 -0.0122455
-0.0045172 -0.0162643
-0.0036991 -0.0177917
-0.0015200 -0.0142733
-0.0030608 -0.0183540
-0.0018499 -0.0191862
-0.0004160 -0.0153685
-0.0012508 -0.0189365
-0.0001739 -0.0193596
0.0008282 -0.0152007
0.0008666 -0.0180020
0.0017547 -0.0177668
0.0021586 -0.0137603
0.0026909 -0.0158080
0.0037610 -0.0146905
0.0032196 -0.0112518
0.0044936 -0.0119846
0.0053031 -0.0104178
0.0041564 -0.0074876
0.0062456 -0.0068497
0.0066771 -0.0046957
0.0049818 -0.0027648
0.0074643 -0.0009214
0.0078792 0.0019555
0.0054235 0.0025844
0.0082545 0.0059921
0.0084247 0.0090590
0.0055487 0.0085681
0.0088340 0.0133417
0.0085800 0.0166860
0.0055686 0.0147956
0.0088339 0.0206201
0.0085707 0.0242679
0.0052375 0.0209293
0.0083398 0.0279088
0.0080683 0.0314284
0.0047495 0.0269941
0.0078946 0.0347983
0.0074266 0.0383176
0.0044122 0.0327833
0.0071870 0.0410750
0.0070664 0.0446813
0.0041057 0.0382587
0.0065836 0.0469767
0.0070069 0.0506050
0.0042664 0.0437657
0.0067808 0.0525949
0.0078566 0.0566746
0.0053275 0.0497032
0.0079100 0.0582419
0.0106982 0.0635683
0.0080650 0.0573320
0.0110088 0.0644637
0.0180047 0.0737796
0.0151610 0.0713184
0.0182597 0.0700617
0.0418219 0.0951267
0.0320960 0.1033031
0.0413234 0.0683552
0.1200108 0.1333090
0.0433332 0.1264704
0.1160952 0.0521720
0.3031147 0.1163560
-0.0544057 -0.1647077
0.0000000 0.0000000
0.0000000 0.0000000
-0.0023745 -0.0012737
0.0000000 0.0000000
-0.0021323 -0.0040492
-0.0020264 -0.0070394
0.0000000 0.0000000
-0.0019710 -0.0090319
-0.0018038 -0.0118429
0.0000000 0.0000000
-0.0017850 -0.0134670
-0.0015056 -0.0158340
0.0000000 0.0000000
-0.0015199 -0.0168765
-0.0012274 -0.0187154
0.0000000 0.0000000
-0.0010493 -0.0189804
-0.0007862 -0.0201286
0.0000000 0.0000000
-0.0006669 -0.0197549
-0.0003189 -0.0200634
0.0000000 0.0000000
-0.0002360 -0.0189321
0.0000692 -0.0184171
0.0000000 0.0000000
0.0003156 -0.0164541
0.0005434 -0.0150693
0.0000000 0.0000000
0.0007443 -0.0125588
0.0009850 -0.0102880
0.0000000 0.0000000
0.0010983 -0.0072487
0.0012749 -0.0042743
0.0000000 0.0000000
0.0014889 -0.0007518
0.0015374 0.0028429
0.0000000 0.0000000
0.0017189 0.0064978
0.0017347 0.0105920
0.0000000 0.0000000
0.0017623 0.0143096
0.0017199 0.0186424
0.0000000 0.0000000
0.0017936 0.0223522
0.0016506 0.0267986
0.0000000 0.0000000
0.0017010 0.0302406
0.0015682 0.0346997
0.0000000 0.0000000
0.0014491 0.0379084
0.0013474 0.0422197
0.0000000 0.0000000
0.0012450 0.0452547
0.0011608 0.0494424
0.0000000 0.0000000
0.0010586 0.0523135
0.0011809 0.0565227
0.0000000 0.0000000
0.0009266 0.0595493
0.0013710 0.0640294
0.0000000 0.0000000
0.0012104 0.0678665
0.0017055 0.0725708
0.0000000 0.0000000
0.0016956 0.0793390
-0.0001992 0.0827099
0.0000000 0.0000000
-0.0033504 0.0959066
-0.0041077 0.1122759
0.0000000 0.0000000
-0.0459129 0.0942533
0.1129250 0.3183041
0.0000000 0.0000000
-0.1669323 -0.0448031
1.0792167 1.0829337
0.0000000 0.0000000
0.0000000 0.0000000
-14.00449
-14.41813
-15.48574
-17.3604
-20.2427
-24.4936
-30.78395
-40.36606
-55.47057
-80.093
-124.0843
-197.3541
-305.8188
-308.8542
-223.721
-97.61506
-63.75311
-41.02232
-28.79024
-21.18507
-16.2726
-13.12721
-11.15713
-9.995261
-9.432013
-9.379292
-13.94807
-14.23768
-15.25228
-17.04896
-19.80287
-23.83555
-29.72913
-38.62786
-52.8773
-77.02909
-124.4947
-246.8252
-269.0838
-262.4581
-249.444
-98.69613
-59.13587
-39.05279
-27.36993
-20.2474
-15.68055
-12.72618
-10.8539
-9.738219
-9.181448
-9.089681
-13.17201
-13.42707
-14.30074
-15.84503
-18.18432
-21.55746
-26.41906
-33.73421
-45.90779
-70.18497
-128.2101
-236.3597
-176.816
-217.6938
-253.7874
-123.5576
-53.91178
-32.55719
-22.65276
-17.08604
-13.57535
-11.2779
-9.793702
-8.893918
-8.438558
-8.363102
-11.87094
-12.08068
-12.76036
-13.94035
-15.67851
-18.087
-21.38146
-26.0192
-33.10785
-46.51856
-102.1581
-138.5596
14.46033
9.327212
-147.8365
-64.93314
-30.97919
-20.19674
-15.28939
-12.37737
-10.42014
-9.0657
-8.150104
-7.578675
-7.287373
-7.250493
-10.17202
-10.32485
-10.78271
-11.54408
-12.59222
-13.8952
-15.37823
-16.85106
-17.80078
-15.67335
-19.69137
29.87939
98.58805
95.25321
35.90645
3.658006
-4.206304
-6.830273
-7.351176
-7.195881
-6.837909
-6.462921
-6.155556
-5.947798
-5.844834
-5.855249
-8.21053
-8.305616
-8.545253
-8.898804
-9.287613
-9.565086
-9.460935
-8.421108
-5.296956
2.893456
12.1178
25.32208
41.90468
46.00259
44.94259
24.02459
10.11284
2.877334
-0.7103218
-2.482991
-3.367745
-3.81227
-4.041093
-4.166151
-4.240826
-4.298512
-6.126304
-6.171246
-6.225209
-6.240503
-6.11045
-5.652821
-4.566742
-2.362882
1.661176
8.798369
20.14229
30.76229
40.21488
40.98812
34.59059
25.12913
15.2976
8.369217
3.960673
1.273025
-0.3608761
-1.367648
-1.994615
-2.38062
-2.600332
-2.696874
-4.048347
-4.056661
-3.974544
-3.751267
-3.282288
-2.404137
-0.8764806
1.633848
5.490945
10.97374
17.9898
24.49862
29.9739
31.43176
27.96798
22.34429
16.10993
10.78427
6.781794
3.960112
2.031499
0.7285969
-0.1413638
-0.7009852
-1.022125
-1.145973
-2.079699
-2.065526
-1.896822
-1.531259
-0.8836719
0.1697595
1.789334
4.158373
7.425318
11.60792
16.30043
20.54084
23.69289
24.61522
22.8669
19.45113
15.40078
11.53078
8.272874
5.722293
3.813679
2.428721
1.454046
0.8046183
0.4258597
0.2863486
-0.2900924
-0.263569
-0.04980174
0.3812829
1.09012
2.158531
3.679441
5.735386
8.354956
11.43101
14.63402
17.45405
19.43249
20.03382
19.08469
16.97404
14.2783
11.49653
8.95545
6.805677
5.080652
3.753376
2.776368
2.104472
1.705184
1.559855
1.281185
1.314277
1.543855
1.987597
2.683221
3.677452
5.015093
6.719117
8.761591
11.01721
13.25445
15.17061
16.47327
16.8876
16.33246
14.98305
13.14954
11.14094
9.19001
7.439256
5.955834
4.758893
3.843204
3.195109
2.802249
2.658131
2.620944
2.658145
2.885311
3.310027
3.951659
4.831632
5.963682
7.340197
8.912406
10.5742
12.16542
13.49571
14.38217
14.67432
14.32802
13.43049
12.15334
10.6871
9.194442
7.791794
6.551019
5.510756
4.688645
4.091554
3.722131
3.583458
3.736395
3.776813
3.991155
4.380078
4.949792
5.704957
6.641481
7.737648
8.943517
10.17591
11.32393
12.26405
12.88101
13.0872
12.85651
12.23521
11.32225
10.23666
9.090552
7.974126
6.952269
6.068675
5.351397
4.818477
4.482026
4.351214
4.648947
4.691553
4.887277
5.232589
5.725523
6.360657
7.124897
7.991852
8.917109
9.837577
10.6756
11.34929
11.78447
11.92773
11.76269
11.3154
10.64511
9.828146
8.941807
8.054151
7.220048
6.481028
5.86807
5.403965
5.105387
4.98439
5.388111
5.430954
5.604347
5.903012
6.32055
6.846566
7.46419
8.147409
8.858804
9.550758
10.16831
10.65596
10.96493
11.06127
10.93441
10.59998
10.09505
9.469838
8.778582
8.072337
7.395599
6.785199
6.270744
5.875601
5.617426
5.508638
5.985999
6.026101
6.174555
6.425888
6.772048
7.20098
7.695394
8.231609
8.77917
9.301759
9.759885
10.11505
10.33438
10.39568
10.29201
10.03334
9.64418
9.158686
8.615565
8.053507
7.507986
7.010144
6.586309
6.257932
6.041391
5.947774
6.47229
6.506442
6.628547
6.833588
7.113665
7.457061
7.847953
8.265871
8.686243
9.081278
9.421975
9.680997
9.8356
9.870896
9.78244
9.57704
9.271631
8.890523
8.461985
8.015448
7.57918
7.178783
6.836522
6.570835
6.395726
6.320304
6.871094
6.89699
6.992931
7.154636
7.375168
7.644283
7.948321
8.27038
8.590743
8.888019
9.140567
9.328509
9.435817
9.452154
9.374742
9.208684
8.966162
8.664976
8.326368
7.972896
7.626859
7.309044
7.037813
6.828443
6.692439
6.637191
7.200122
7.216874
7.288736
7.412058
7.581101
7.787384
8.019659
8.264255
8.505634
8.727226
8.912738
9.047452
9.119819
9.122652
9.054158
8.918305
8.724258
8.485267
8.217388
7.93802
7.664627
7.413888
7.200924
7.038561
6.936508
6.901247
7.470895
7.479254
7.530874
7.622464
7.749392
7.904768
8.079588
8.262947
8.44268
8.606004
8.740565
8.835419
8.882062
8.875455
8.814526
8.702344
8.545824
8.354929
8.141677
7.919247
7.701178
7.500792
7.330851
7.202969
7.126562
7.108598
7.690566
7.692547
7.728788
7.796207
7.890984
8.007508
8.13852
8.275402
8.408588
8.528229
8.624899
8.69042
8.718533
8.705594
8.651002
8.557141
8.429113
8.274227
8.101252
7.919777
7.739871
7.57201
7.427402
7.318188
7.256062
7.250165
7.863928
7.861973
7.887845
7.938538
8.010726
8.099711
8.199504
8.303135
8.403017
8.491466
8.561216
8.606038
8.621315
8.604398
8.554917
8.474655
8.367288
8.237899
8.092489
7.93748
7.779587
7.626278
7.487135
7.376501
7.313786
7.314822
7.994638
7.991003
8.010876
8.051293
8.109179
8.180375
8.259753
8.341457
8.419267
8.486982
8.538872
8.570046
8.576997
8.557806
8.51219
8.441436
8.348064
8.235383
8.107025
7.966561
7.817238
7.662394
7.507495
7.367329
7.279055
7.295001
8.085983
8.082339
8.099466
8.134541
8.184598
8.245738
8.313308
8.382138
8.446872
8.502205
8.543362
8.566393
8.568468
8.54815
8.505224
8.440587
8.355902
8.253162
8.13415
8.000018
7.850737
7.684207
7.495881
7.285697
7.103055
7.14933
8.141475
8.138229
8.154702
8.187851
8.234715
8.29148
8.353692
8.41649
8.474909
8.524184
8.560004
8.578943
8.578641
8.557884
8.51655
8.455341
8.375417
8.277915
8.163493
8.03165
7.880079
7.702891
7.484052
7.177808
6.743925
6.243031
8.165492
8.160819
8.177409
8.210974
8.258034
8.314627
8.376245
8.438214
8.495519
8.543504
8.578154
8.596071
8.595114
8.574313
8.533568
8.473632
8.395639
8.300422
8.188172
8.057889
7.906273
7.72827
7.520519
7.243271
6.256801
0
