0.0000000 0.0000000
0.0000000 0.0000000
0.0000000 0.0000000
0.0000000 0.0000000
0.0000000 0.0000000
0.0000000 0.0000000
0.0000000 0.0000000
0.0000000 0.0000000
0.0000000 0.0000000
0.0000000 0.0000000
0.0000000 0.0000000
0.0000000 0.0000000
0.0000000 0.0000000
0.0000000 0.0000000
0.0000000 0.0000000
0.0000000 0.0000000
0.0000000 0.0000000
0.0000000 0.0000000
0.0000000 0.0000000
0.0000000 0.0000000
0.0000000 0.0000000
0.0000000 0.0000000
0.0000000 0.0000000
0.0000000 0.0000000
0.0000000 0.0000000
0.0000000 0.0000000
0.0000000 0.0000000
-1.1225325 0.5951101
-1.4129635 1.6898484
-0.8920434 2.6932819
-0.8162984 3.5709777
-0.8857006 4.4512243
-0.9510801 5.3744369
-1.0532304 6.3400784
-1.2978979 7.4208689
-1.9317168 8.7466078
-3.4564373 10.7101965
-8.1364250 13.1551847
10.7527018 16.1877937
12.3213043 -12.1113625
-7.5021544 -8.0757961
-2.9182739 -6.9629602
-1.5389916 -4.9896927
-0.9806402 -4.0095792
-0.6982953 -3.2929850
-0.5532151 -2.7062371
-0.4786864 -2.1941435
-0.4356424 -1.7229663
-0.4150932 -1.2854915
-0.4752828 -0.8220268
-0.5428458 -0.3097461
0.0000000 0.0000000
0.0000000 0.0000000
-2.4425364 0.7143322
-2.3055325 1.7834268
-1.7505686 2.5648775
-1.7508153 3.5178516
-1.8032995 4.4326367
-1.8695798 5.3296385
-2.0159483 6.2099037
-2.3628578 7.0554442
-3.2141745 7.8162656
-5.1845365 7.8957782
2.3430567 7.0996537
18.2417412 9.3943186
26.5352306 -2.6561058
9.2247400 -5.5048027
-3.7266314 -4.7638693
-2.3546917 -4.1811686
-1.6328633 -3.5566764
-1.2603092 -3.0351999
-1.0541027 -2.5566437
-0.9464329 -2.1048565
-0.8877994 -1.6631064
-0.8479180 -1.2296951
-0.9249119 -0.8134161
-1.1271545 -0.3399291
0.0000000 0.0000000
0.0000000 0.0000000
-3.7065916 0.7922497
-2.9978263 1.7649938
-2.6842663 2.5450096
-2.6837776 3.5008709
-2.6929669 4.4274921
-2.7344296 5.3128042
-2.7962716 6.1166916
-2.9851847 6.7022076
-3.4492412 6.8246460
-4.9151874 6.2923875
0.2935546 -1.6367512
21.1174545 5.0991001
35.8278427 -5.2128916
-7.3686357 -0.1348228
-4.8180871 -3.4704669
-2.9501312 -3.3676760
-1.9966919 -3.0726624
-1.6504784 -2.7836938
-1.4679401 -2.4292541
-1.3675072 -2.0368435
-1.3139713 -1.6319566
-1.2800928 -1.2058464
-1.3221064 -0.8171718
-1.6628995 -0.3686089
0.0000000 0.0000000
0.0000000 0.0000000
-4.8286128 0.8226368
-3.7014010 1.7109143
-3.6169705 2.5490632
-3.6161685 3.4816241
-3.6243832 4.4589601
-3.5709925 5.4238291
-3.4919858 6.2624097
-3.3341005 6.8509545
-3.1323109 6.9062920
-2.9946921 5.5398626
5.3345790 -3.6988235
14.5250788 2.6552544
26.8685970 -3.0661559
0.6010787 0.5422359
-3.4287457 -2.8237343
-2.9076169 -2.9504042
-2.1134670 -2.8302188
-1.9019668 -2.6501317
-1.8139203 -2.3642437
-1.7577032 -2.0030315
-1.7218677 -1.6170281
-1.7019429 -1.2025697
-1.7115868 -0.8193157
-2.1560397 -0.3834735
0.0000000 0.0000000
0.0000000 0.0000000
-5.7441373 0.8180314
-4.4908285 1.6256235
-4.5240984 2.5080800
-4.5839028 3.4543123
-4.6336627 4.4958510
-4.5651546 5.6233997
-4.3070974 6.7878208
-4.1377330 7.7984695
-2.7980814 7.9999557
-0.2962940 5.9283185
8.9267015 -2.8558769
15.7386141 2.3433878
30.8296089 -2.3612661
1.7270057 -1.5172466
-2.0549955 -2.8399370
-2.7788472 -3.1028697
-2.2320337 -2.9163599
-2.1212742 -2.6895268
-2.1486373 -2.3845432
-2.1443551 -2.0116811
-2.1271644 -1.6173545
-2.1152065 -1.2058066
-2.1118815 -0.8150293
-2.5981603 -0.3898254
0.0000000 0.0000000
0.0000000 0.0000000
-6.4287667 0.7870551
-5.3386378 1.5081187
-5.4307594 2.3826134
-5.5981622 3.3543134
-5.7561908 4.4689555
-5.8998098 5.8647270
-5.9051456 7.4736447
-4.7531519 8.0060501
-1.1300482 7.0519714
2.9015844 4.5938334
11.8595219 -1.4658804
13.9741077 -0.0900486
41.0114212 2.4633250
3.6132782 -2.5352380
-0.8573641 -3.4527874
-2.6596689 -3.7683086
-2.5278747 -3.3285880
-2.4109204 -2.8925407
-2.5341458 -2.4864128
-2.5614376 -2.0563686
-2.5468640 -1.6283846
-2.5276353 -1.2060587
-2.5228419 -0.8030419
-2.9846113 -0.3885821
0.0000000 0.0000000
0.0000000 0.0000000
-6.8802209 0.7290566
-6.1585598 1.3622868
-6.3290577 2.1650479
-6.6516018 3.1056101
-7.0488806 4.2839236
-7.7251968 5.9111438
-7.1819239 7.0615616
-3.4058096 6.3855457
0.8892463 4.7791810
5.5055385 3.1046617
13.9466391 -1.7250059
14.9920235 -0.0214337
39.7459717 -5.9724426
4.3501115 -3.3669341
0.3246358 -4.0868893
-2.6585612 -4.5731945
-3.2179492 -3.9846642
-2.8969824 -3.2152600
-3.0361888 -2.6329584
-3.0364420 -2.1125546
-2.9920492 -1.6336799
-2.9453404 -1.1918097
-2.9358771 -0.7784742
-3.3121917 -0.3776254
0.0000000 0.0000000
0.0000000 0.0000000
-7.1310000 0.6425962
-6.8573103 1.1726040
-7.1516614 1.8586025
-7.6734276 2.6848679
-8.5282469 3.7268674
-9.0440826 4.9433961
-6.9064722 5.2915750
-1.5160904 3.5950913
2.7598116 2.6928129
7.3899789 1.0655942
15.0795660 -2.0259278
20.6534958 -3.0944295
35.3299522 -3.3917413
7.3207860 -3.3333564
1.3346155 -4.7038851
-2.6632700 -5.3118844
-4.3103194 -4.6674953
-3.6877158 -3.5320454
-3.6867383 -2.7485957
-3.5767643 -2.1323140
-3.4621921 -1.6035887
-3.3668976 -1.1456684
-3.3375843 -0.7328863
-3.5787966 -0.3542520
0.0000000 0.0000000
0.0000000 0.0000000
-7.2191286 0.5188236
-7.3843250 0.9199486
-7.8142266 1.4419942
-8.5252686 2.0913250
-9.8048897 2.7594290
-9.3947077 3.0705054
-5.4215693 3.2258232
-0.9080504 2.3995087
4.1685266 0.3346300
8.6634941 -0.5544894
15.8440790 -3.2356009
28.6048393 -6.7646675
32.2842712 -5.3933764
9.3017435 -3.8118849
2.3464425 -4.9972558
-2.5725496 -5.3888392
-5.5049877 -4.8092494
-4.8160191 -3.6070611
-4.4575768 -2.7335715
-4.1641622 -2.0512879
-3.9389064 -1.5008566
-3.7762856 -1.0485229
-3.7077954 -0.6571122
-3.7842791 -0.3155511
0.0000000 0.0000000
0.0000000 0.0000000
-7.2161074 0.3548689
-7.7171307 0.5981364
-8.2599955 0.9081086
-9.1250267 1.3001823
-10.5870810 1.4574586
-9.3233604 1.2151307
-4.2773609 1.0804963
0.3563204 0.3873912
4.8244872 -0.3149728
9.8998623 -1.8152653
16.5182915 -3.7026417
37.8056717 -9.9209280
21.9158745 -4.6224389
9.3876333 -4.2245698
3.2803223 -4.4220495
-2.5486202 -4.8038602
-6.3614039 -3.9698126
-6.1208510 -3.1733198
-5.2433610 -2.4627752
-4.7422490 -1.8087670
-4.3898726 -1.2944458
-4.1491308 -0.8860717
-4.0235519 -0.5450984
-3.9365633 -0.2596018
0.0000000 0.0000000
0.0000000 0.0000000
-7.1697974 0.1705789
-7.8541808 0.1929415
-8.4402523 0.2363893
-9.3893604 0.3274102
-10.7725363 0.1037645
-9.0526285 -0.3768671
-3.5928068 -0.3908871
1.1079297 -1.1122071
5.8274226 -1.6877369
11.1392088 -2.6947432
19.9342899 -4.9333968
38.3508720 -10.1866541
18.1802826 -4.7766442
10.1135139 -3.9669690
3.7234156 -3.7125468
-2.5425551 -3.8667748
-6.8894749 -2.7139025
-7.2307463 -2.2863257
-5.9057317 -1.9136986
-5.2387748 -1.3911986
-4.7713418 -0.9762390
-4.4544945 -0.6549324
-4.2653675 -0.3955750
-4.0417361 -0.1860547
0.0000000 0.0000000
0.0000000 0.0000000
-7.1127200 -0.0301820
-7.7822895 -0.2273369
-8.3492126 -0.4417964
-9.2694712 -0.7012273
-10.5812864 -1.1805662
-8.7635412 -1.7157390
-3.4731696 -1.7119036
1.9689413 -2.3024504
6.4624672 -2.9839547
11.6311617 -3.3628886
30.2656479 -8.3498631
34.5036926 -8.0833006
11.4449673 -4.2084479
8.6024647 -3.2925062
3.1506824 -2.7791526
-2.3956141 -2.5336530
-7.6448841 -1.4255354
-7.7976170 -1.3022614
-6.3678513 -1.1302907
-5.5802765 -0.8199068
-5.0335617 -0.5640168
-4.6596408 -0.3688132
-4.4189477 -0.2164361
-4.1044521 -0.0953447
0.0000000 0.0000000
0.0000000 0.0000000
-6.8783712 -0.2219190
-7.4856896 -0.6179860
-7.9917617 -1.0548623
-8.8182449 -1.5900525
-10.0088472 -2.4663541
-8.8295250 -2.9486845
-2.7498441 -2.5779779
2.5063684 -2.4638641
7.5904698 -3.6648786
13.5867167 -4.3415151
30.0259094 -10.4165993
36.2531128 -11.0810308
12.8637009 -3.5024316
7.9424376 -2.6939585
2.5615914 -1.8881565
-2.7806690 -1.0425634
-8.5345631 -0.1848104
-7.9906526 -0.2520761
-6.5794191 -0.2451942
-5.7413464 -0.1663594
-5.1539493 -0.0971122
-4.7486486 -0.0491066
-4.4818935 -0.0172931
-4.1389008 0.0018437
0.0000000 0.0000000
0.0000000 0.0000000
-6.4645510 -0.3879549
-6.9970694 -0.9498927
-7.4115648 -1.5771894
-8.0353518 -2.3561473
-9.2683811 -3.3693004
-8.6529722 -4.1005521
-3.5603671 -3.7284582
3.0292678 -3.1908798
8.6248989 -3.6632288
16.9806519 -5.7470636
34.4244232 -6.0628257
22.9541683 -3.2693398
11.3071299 -2.3221843
7.3185987 -1.5301704
1.8833952 -0.7371089
-3.5603600 0.1854326
-9.1021557 1.3020426
-7.8159676 0.8602259
-6.5515161 0.6649069
-5.7094698 0.5081686
-5.1189628 0.3855322
-4.7107081 0.2813150
-4.4381819 0.1888055
-4.0876412 0.1001053
0.0000000 0.0000000
0.0000000 0.0000000
-5.9063601 -0.5208198
-6.3531771 -1.2077863
-6.6573682 -1.9710814
-7.0830431 -2.8770282
-7.9956355 -4.1509624
-8.3529596 -5.6729932
-4.1993670 -5.3708601
2.4165444 -4.5327330
8.4562244 -4.3022838
20.6514397 -5.7358975
30.9514008 -8.4092340
23.1783657 -3.6202502
9.7987185 -0.8551751
6.0496550 -0.4579336
0.4598887 0.3560754
-4.0939298 2.1163342
-9.0027161 3.2501431
-7.3282576 2.0031343
-6.2393870 1.5110749
-5.4704609 1.1418889
-4.9242215 0.8434330
-4.5432787 0.5979795
-4.2848148 0.3872521
-3.9380348 0.1931046
0.0000000 0.0000000
0.0000000 0.0000000
-5.2459083 -0.6148449
-5.6025734 -1.3808918
-5.7836185 -2.2322965
-6.0148773 -3.2293224
-6.4274130 -4.5193024
-7.0474439 -6.3375149
-3.8615243 -7.3300753
2.0851905 -6.0870876
9.8123512 -5.9125543
22.8069935 -7.1601300
27.7891941 0.1493938
18.8703518 -2.1436081
9.4650984 1.4105890
3.4271770 1.2809759
-1.1875859 2.3999155
-6.2140388 5.2594109
-8.1880322 4.5073152
-6.6379375 3.0328128
-5.6975245 2.2502975
-5.0484881 1.6872877
-4.5842662 1.2429003
-4.2564006 0.8773221
-4.0289459 0.5636151
-3.6974359 0.2748364
0.0000000 0.0000000
0.0000000 0.0000000
-4.5271902 -0.6689285
-4.7942328 -1.4680829
-4.8548317 -2.3459327
-4.8926558 -3.3748238
-4.9398351 -4.6381121
-5.0787325 -6.4837127
-3.8005183 -8.8795700
2.2947083 -8.8807850
10.2080994 -7.5876017
19.7043648 -5.9106212
26.9693527 -5.6898122
17.1022892 1.8061634
10.8085070 3.4106708
2.7413735 4.6233349
-1.7622467 6.0380960
-7.0821905 7.5055604
-6.3700752 5.1432929
-5.5875993 3.7543259
-4.9633007 2.7975383
-4.4875154 2.1017056
-4.1308279 1.5573690
-3.8720348 1.1034588
-3.6858912 0.7080509
-3.3789294 0.3409457
0.0000000 0.0000000
0.0000000 0.0000000
-3.7930670 -0.6854658
-3.9798787 -1.4759248
-3.9396698 -2.3326516
-3.8342581 -3.3074110
-3.6718385 -4.4744411
-3.4297757 -5.9729695
-2.8762810 -7.9411674
0.7303918 -10.1868525
7.8135409 -8.1127834
14.9648132 -5.6508336
19.5150623 0.1160798
16.4382877 2.2838857
7.6583891 8.2322350
2.1068487 9.2011232
-2.4680197 10.3197927
-4.3288789 7.6395707
-4.5009518 5.4689784
-4.3377748 4.1212640
-4.0905499 3.1266677
-3.8272479 2.3764913
-3.5986009 1.7760744
-3.4167550 1.2682544
-3.2760642 0.8160913
-2.9995379 0.3898072
0.0000000 0.0000000
0.0000000 0.0000000
-3.0801733 -0.6684180
-3.2020109 -1.4135023
-3.0903292 -2.1990757
-2.8768935 -3.0486195
-2.5384135 -3.9962597
-2.0212197 -5.0091691
-0.8685094 -6.2718210
1.3208359 -7.2880411
5.2624240 -7.4252691
9.5440855 -3.8771195
12.2044868 0.8415012
11.2617474 5.7516465
5.7772236 9.9651985
1.0733446 10.4496441
-1.1961358 8.5889349
-2.3687673 6.8396821
-2.9576256 5.3405418
-3.1781754 4.1832156
-3.2003949 3.2681532
-3.1292627 2.5235784
-3.0224171 1.9076557
-2.9168713 1.3741364
-2.8204055 0.8883421
-2.5770745 0.4222522
0.0000000 0.0000000
0.0000000 0.0000000
-2.4152460 -0.6257648
-2.4881513 -1.3022926
-2.3343084 -1.9892161
-2.0584118 -2.6906805
-1.6173732 -3.3924656
-0.9384043 -4.0914402
0.2476521 -4.6522341
1.9754399 -4.8525825
3.9394102 -4.2876225
6.2523656 -2.2834198
7.4948401 1.6526301
6.3495908 4.4477329
4.0799627 6.4779348
1.6930214 7.0583863
-0.1286041 6.6703610
-1.2814870 5.8221989
-1.9136672 4.8936501
-2.2488985 4.0214324
-2.4068651 3.2475817
-2.4531589 2.5684872
-2.4391625 1.9689316
-2.3962977 1.4314263
-2.3374996 0.9310195
-2.1291420 0.4406454
0.0000000 0.0000000
0.0000000 0.0000000
-1.8133836 -0.5682709
-1.8526750 -1.1677791
-1.6879208 -1.7526704
-1.4024633 -2.3124237
-0.9552566 -2.8179700
-0.2992273 -3.2336395
0.6262578 -3.4322217
1.7911028 -3.3074815
3.0306535 -2.4879661
4.1141529 -0.9199923
4.6603003 1.2461091
4.1000767 2.9754541
2.9472666 4.4257207
1.5521557 5.1649680
0.2857183 5.2480235
-0.6488152 4.9048996
-1.2202909 4.3637762
-1.5519789 3.7488949
-1.7449094 3.1294315
-1.8421726 2.5365865
-1.8777616 1.9790705
-1.8758173 1.4548368
-1.8425254 0.9537808
-1.6650288 0.4553816
0.0000000 0.0000000
0.0000000 0.0000000
-1.2789520 -0.5083635
-1.2963756 -1.0367705
-1.1474825 -1.5330931
-0.8972145 -1.9770484
-0.5156986 -2.3336272
-0.0001014 -2.5530534
0.6488534 -2.5588236
1.3851985 -2.2660680
2.1084452 -1.5342132
2.6996117 -0.3118023
2.9484217 1.0698152
2.6582999 2.3093271
1.9982202 3.3672016
1.1694559 4.0357251
0.3548929 4.2839079
-0.3120188 4.1942849
-0.7575015 3.8934057
-1.0303701 3.4672620
-1.2020329 2.9786851
-1.3034482 2.4680939
-1.3546256 1.9578660
-1.3708372 1.4573277
-1.3502001 0.9660354
-1.1943833 0.4611398
0.0000000 0.0000000
0.0000000 0.0000000
-0.8065539 -0.4574060
-0.8089067 -0.9299710
-0.6943333 -1.3584790
-0.5092517 -1.7159492
-0.2397809 -1.9580071
0.0974818 -2.0551913
0.4982595 -1.9613187
0.9281679 -1.6146880
1.3184344 -0.9799649
1.6242045 -0.0259635
1.7334150 0.9736508
1.5729128 1.9360791
1.2057450 2.7686129
0.7337740 3.3510730
0.2539312 3.6422143
-0.1585099 3.6661046
-0.4461749 3.5117762
-0.6291607 3.2232881
-0.7481716 2.8420115
-0.8223580 2.4028759
-0.8650873 1.9342684
-0.8838574 1.4568639
-0.8659883 0.9884395
-0.6762306 0.5631660
0.0000000 0.0000000
0.0000000 0.0000000
-0.3752215 -0.4294373
-0.3564419 -0.8441294
-0.2947833 -1.1929907
-0.2026759 -1.4406101
-0.0725971 -1.5559881
0.0899544 -1.5839009
0.2751553 -1.4619187
0.4633486 -1.1353736
0.6219720 -0.6092990
0.7374324 0.1047781
0.7681603 0.8595248
0.6830643 1.6169147
0.5088559 2.2727246
0.2917527 2.7402847
0.0752952 2.9833498
-0.1065844 3.0265839
-0.2330016 2.9948587
-0.3172200 2.8614233
-0.3667367 2.6243632
-0.3936275 2.2987876
-0.4060939 1.9070846
-0.4081011 1.4745916
-0.3790804 1.0493290
-0.2280779 0.7160134
0.0000000 0.0000000
0.0000000 0.0000000
0.0000000 0.0000000
0.0000000 0.0000000
0.0000000 0.0000000
0.0000000 0.0000000
0.0000000 0.0000000
0.0000000 0.0000000
0.0000000 0.0000000
0.0000000 0.0000000
0.0000000 0.0000000
0.0000000 0.0000000
0.0000000 0.0000000
0.0000000 0.0000000
0.0000000 0.0000000
0.0000000 0.0000000
0.0000000 0.0000000
0.0000000 0.0000000
0.0000000 0.0000000
0.0000000 0.0000000
0.0000000 0.0000000
0.0000000 0.0000000
0.0000000 0.0000000
0.0000000 0.0000000
0.0000000 0.0000000
0.0000000 0.0000000
0.0000000 0.0000000
0.0000000 0.0000000
-0.0391766 0.0575251
0.0000000 0.0000000
-0.3607479 0.0573256
-0.4146456 0.5427473
-0.4848844 1.2415127
0.0000000 0.0000000
-1.3824307 1.1178110
-0.4447368 2.1002989
-0.3915018 2.8421988
0.0000000 0.0000000
-1.0951388 2.2675815
-0.3281077 3.4304752
-0.3112644 3.9735768
0.0000000 0.0000000
-0.8291804 3.1614423
-0.3064607 4.4852991
-0.3152962 4.9922748
0.0000000 0.0000000
-0.8499778 4.0219798
-0.3231556 5.5409865
-0.3373278 6.0879455
0.0000000 0.0000000
-0.9135197 4.9218402
-0.3463716 6.6842198
-0.3741483 7.2629399
0.0000000 0.0000000
-0.9805101 5.8493457
-0.3896876 7.9435940
-0.4544596 8.5913095
0.0000000 0.0000000
-1.1181302 6.8381619
-0.4979430 9.4755383
-0.6516306 10.2783928
0.0000000 0.0000000
-1.4597327 7.9927135
-0.7940217 11.6698675
-1.1179099 12.9009495
0.0000000 0.0000000
-2.3305299 9.7421350
-1.6305397 15.2127819
-1.8991693 17.9678574
0.0000000 0.0000000
-4.4961982 14.0806484
-1.7319837 20.8951874
-2.4386821 24.5869465
0.0000000 0.0000000
3.0402970 13.4413166
4.4556432 16.9907093
9.0723839 9.9125013
0.0000000 0.0000000
11.8286467 10.4489584
13.2144327 -8.3764429
-2.4760556 -9.5647020
0.0000000 0.0000000
16.3044109 -1.9444935
-2.5003529 -13.0270157
-1.1135917 -12.6156149
0.0000000 0.0000000
-8.7284517 -8.3437481
0.1472363 -8.3633671
-0.3913966 -7.3250141
0.0000000 0.0000000
-2.1000509 -6.1388764
-0.4254363 -6.4125834
-0.3677722 -5.5484948
0.0000000 0.0000000
-1.2428539 -4.5854230
-0.3294942 -4.9740033
-0.2797527 -4.4196210
0.0000000 0.0000000
-0.8258628 -3.6680288
-0.2440460 -3.9845648
-0.2202661 -3.5773990
0.0000000 0.0000000
-0.6152185 -3.0038795
-0.2005412 -3.2270424
-0.1884635 -2.8938966
0.0000000 0.0000000
-0.5098250 -2.4532704
-0.1775980 -2.5885663
-0.1715111 -2.2941856
0.0000000 0.0000000
-0.4545241 -1.9599752
-0.1643203 -2.0172899
-0.1586110 -1.7425350
0.0000000 0.0000000
-0.4217517 -1.5021921
-0.1555074 -1.4852833
-0.1575037 -1.2198201
0.0000000 0.0000000
-0.4325037 -1.0665822
-0.1746206 -0.9406443
-0.1832784 -0.6396033
0.0000000 0.0000000
-0.5246861 -0.5708973
-0.1824568 -0.3365192
-0.1288867 -0.0424336
0.0000000 0.0000000
-0.2526290 -0.0669585
0.0000000 0.0000000
0.0000000 0.0000000
-0.5190266 0.1382320
-0.9404680 0.1864098
-1.7591022 0.6436579
-1.9968847 1.2861574
-2.5353553 1.2994233
-1.7597193 1.8751394
-1.4812043 2.3129618
-1.9487104 2.1372769
-1.3029082 2.6968565
-1.2513723 3.1860807
-1.7447984 3.0379682
-1.2804335 3.6345036
-1.3087690 4.1043029
-1.7817487 3.9709175
-1.3357795 4.5719910
-1.3717676 5.0286102
-1.8288018 4.8653440
-1.4031613 5.5108089
-1.4793069 5.9495068
-1.9160606 5.7345748
-1.5516014 6.4832573
-1.7325897 6.8988476
-2.1243975 6.5469513
-1.9140952 7.5481181
-2.3515284 7.9183297
-2.6617241 7.1873264
-2.7936890 8.8580294
-3.9845374 9.0414476
-4.0182719 7.2419405
-5.4303713 10.4813128
-8.7592707 11.5023918
-9.3435678 7.4370971
-1.2820237 8.2578020
6.7130446 10.9077005
12.0666828 10.0823622
10.7856598 8.1204929
18.2727871 5.2088585
24.5180836 4.2172179
21.7634754 -10.5513191
16.2901440 -1.2557148
17.1933994 -4.2916760
2.5944443 -7.8440299
-8.2641459 -6.7327695
-5.1297331 -6.1377473
-3.5623848 -5.5989432
-2.6130087 -5.3235927
-2.8682823 -4.4791489
-1.9385324 -4.5908408
-1.5693974 -4.1787453
-1.8948706 -3.8101256
-1.2849339 -3.8042743
-1.1100677 -3.4824216
-1.4075942 -3.3018093
-0.9620056 -3.1686754
-0.8774027 -2.9107180
-1.1387161 -2.8154552
-0.7992826 -2.6325147
-0.7567053 -2.4002011
-0.9903725 -2.3455100
-0.7158620 -2.1499579
-0.6921263 -1.9284929
-0.9125971 -1.8937520
-0.6675628 -1.6942328
-0.6492970 -1.4774011
-0.8649780 -1.4481864
-0.6338400 -1.2600659
-0.6423792 -1.0369449
-0.8607587 -1.0205022
-0.7008141 -0.8093747
-0.7854589 -0.5686898
-1.0318686 -0.5826720
-0.8297127 -0.3136992
-0.3903780 -0.0879204
-0.5703032 -0.1055187
0.0000000 0.0000000
0.0000000 0.0000000
-1.3192998 0.2349065
-1.8167518 0.2829481
-3.0567536 0.7557032
-3.0362172 1.3466234
-3.4379983 1.3568454
-2.6243303 1.7983701
-2.2947664 2.1251380
-2.7640421 2.0867441
-2.1950505 2.5370426
-2.1940634 3.0508320
-2.6915457 3.0147758
-2.2187548 3.5058477
-2.2239769 3.9763439
-2.7068133 3.9394135
-2.2462618 4.4242754
-2.2624145 4.8738933
-2.7276134 4.8398476
-2.2948403 5.3227172
-2.3529024 5.7246623
-2.7632177 5.6762471
-2.4015079 6.1750560
-2.5469534 6.4723878
-2.8573639 6.3656836
-2.6653638 6.9158559
-2.9952044 7.0141954
-3.0905287 6.7829890
-3.2411742 7.3286505
-3.7748868 7.1886902
-3.7339892 6.8173270
-3.6285396 7.4069676
-8.5239573 6.9953313
-7.3543348 7.4170399
-8.4694796 4.9943566
8.6498957 6.0363226
14.0424089 1.8784516
17.7594261 6.3018084
22.1396599 6.4152222
33.8776093 0.8224313
30.4634743 -4.2106004
24.8619480 -2.3803542
28.9995308 0.3119402
-8.8166065 1.9039892
-5.5181465 -5.4649286
-6.1946459 -3.1297154
-4.0784802 -4.2915344
-3.4079907 -4.0809641
-3.9873016 -3.5194273
-2.5504467 -3.7190931
-2.1537180 -3.5384624
-2.4114950 -3.2632101
-1.7883565 -3.2735882
-1.6117932 -3.1301713
-1.7831310 -2.9803355
-1.4517055 -2.8874924
-1.3588077 -2.7241423
-1.5451897 -2.6485233
-1.2642111 -2.4814181
-1.2134911 -2.2978680
-1.4096516 -2.2578874
-1.1620702 -2.0652392
-1.1333157 -1.8687044
-1.3349438 -1.8470613
-1.1061527 -1.6437125
-1.0881888 -1.4374781
-1.2944585 -1.4245971
-1.0701034 -1.2164901
-1.0735294 -1.0070838
-1.2798591 -0.9994225
-1.1234179 -0.8111551
-1.2402984 -0.5930181
-1.4564652 -0.5990762
-1.3832723 -0.3557294
-0.7624197 -0.1211759
-0.9751545 -0.1319872
0.0000000 0.0000000
0.0000000 0.0000000
-2.3126850 0.3198823
-2.8829319 0.3483995
-4.2513013 0.8108837
-3.8302555 1.3581728
-4.1699886 1.3433380
-3.3419752 1.7423724
-3.1544876 2.0907724
-3.6274538 2.0807424
-3.1320770 2.5367329
-3.1338704 3.0325763
-3.6264122 2.9993968
-3.1498253 3.4711666
-3.1272092 3.9711368
-3.6545916 3.9387739
-3.1620760 4.4098520
-3.1420596 4.8958859
-3.6609881 4.8886771
-3.1593921 5.3164291
-3.1185305 5.7658110
-3.6034534 5.7828417
-3.1307750 6.1236167
-3.1188319 6.4566288
-3.4630203 6.4880328
-3.0869613 6.6919661
-3.1897004 6.7384744
-3.2092986 6.7629342
-3.2673075 6.7602286
-3.7319646 6.3822346
-3.2112086 6.1536574
-4.4375267 5.7739854
-7.1078305 6.4175005
-4.9753151 4.1130342
1.9712269 -4.8026347
9.5710573 0.1459526
9.6294308 0.5352239
15.2129707 3.1950598
21.8367844 3.9198718
22.5144005 1.8556828
32.6554375 -2.1027207
31.9718475 1.2854693
30.9666176 3.0414400
-5.0764608 0.0754154
-4.3074675 -1.4306979
-2.6233151 -0.3758826
-4.0834069 -3.0091748
-3.7120216 -2.8687968
-3.3456399 -2.7065294
-2.9478045 -3.0600710
-2.4990275 -2.9944482
-2.4815726 -2.9074152
-2.0777619 -2.8930135
-1.9118559 -2.8459787
-1.9528278 -2.7799048
-1.7955738 -2.6887481
-1.7300643 -2.5845225
-1.8486437 -2.5429232
-1.6558129 -2.3832598
-1.6158953 -2.2282994
-1.7794144 -2.2050092
-1.5739766 -2.0137117
-1.5484031 -1.8319045
-1.7347943 -1.8162186
-1.5255758 -1.6220462
-1.5094566 -1.4189804
-1.7076992 -1.4095626
-1.4972987 -1.2037690
-1.4914232 -0.9956887
-1.6942443 -0.9896966
-1.5178850 -0.8180522
-1.6433980 -0.6025272
-1.8457619 -0.6010506
-1.8966159 -0.3782021
-1.2042991 -0.1393544
-1.4375700 -0.1446620
0.0000000 0.0000000
0.0000000 0.0000000
-3.4374778 0.3670501
-4.0367589 0.3759939
-5.2708578 0.8245162
-4.5104885 1.3159930
-4.8392339 1.2764651
-4.0916920 1.6683537
-4.0472651 2.0776732
-4.5101500 2.0533206
-4.0591207 2.5246542
-4.0616975 3.0008860
-4.5640693 2.9628885
-4.0943794 3.4492974
-4.0875244 3.9820869
-4.6526666 3.9486663
-4.1355004 4.4324989
-4.0516806 5.0134382
-4.7013960 4.9958115
-4.0922818 5.4340606
-3.9347391 6.0145130
-4.6128674 6.0929780
-3.9010077 6.3712392
-3.6438890 6.8989983
-4.2948508 7.2762752
-3.4516399 7.2142591
-3.2752547 7.4400392
-3.5866883 8.1699381
-2.8146791 7.5089269
-2.0861723 7.0883269
-1.5898380 7.1798778
-0.8571836 5.4708152
-1.0095857 4.8365850
-0.1884512 5.6697240
7.3972998 -3.3881741
10.6233435 0.7415030
11.7625580 1.5545869
15.2530632 2.8002362
20.2600327 3.1042199
21.8129730 3.2269251
36.7477875 -5.3058553
32.9745026 0.4137250
30.3562717 1.4552191
-2.4261291 -3.1774249
-2.0685246 -0.5862772
-0.4944573 -0.8985537
-3.0155215 -2.5432651
-3.2831244 -2.6465783
-2.6525629 -2.6308060
-2.9184105 -2.9011519
-2.6318238 -2.9072065
-2.5328574 -2.9667504
-2.2172582 -2.8118773
-2.0994058 -2.7838182
-2.1142905 -2.8053975
-2.0447891 -2.6417367
-2.0301380 -2.5431399
-2.1316411 -2.5490992
-2.0035193 -2.3620043
-1.9853179 -2.2058654
-2.1422725 -2.2040834
-1.9661497 -2.0022850
-1.9482361 -1.8142004
-2.1319659 -1.8052971
-1.9350028 -1.6163361
-1.9190968 -1.4058082
-2.1157062 -1.3958110
-1.9146780 -1.2046077
-1.9038762 -0.9877477
-2.1063459 -0.9793489
-1.9134032 -0.8189025
-2.0262754 -0.5975658
-2.2242498 -0.5905182
-2.3635104 -0.3883803
-1.6828154 -0.1484091
-1.9271220 -0.1509066
0.0000000 0.0000000
0.0000000 0.0000000
-4.6034822 0.3769378
-5.1901107 0.3697174
-6.0730939 0.8062588
-5.1665940 1.2265676
-5.5086713 1.1622413
-4.9109621 1.5673686
-4.9300427 2.0230801
-5.3785448 1.9600251
-4.9717798 2.4471302
-5.0091004 2.9365518
-5.5216184 2.8639588
-5.0862451 3.3965707
-5.1181154 3.9658339
-5.7146683 3.8961198
-5.1950812 4.4529042
-5.1457663 5.1244540
-5.9265542 5.1029191
-5.2445493 5.6339006
-5.0022492 6.5059786
-6.0659962 6.6382833
-5.0590982 7.0857987
-4.8828120 7.8605170
-5.3898325 8.1393290
-4.2408733 8.3893318
-3.3475943 8.2877989
-2.9633498 7.8222480
-1.7303164 7.7308335
0.2045594 6.6751804
0.7890643 5.6937828
2.0062401 5.2441936
1.9991857 5.0908608
2.8840103 4.2865558
10.7371216 -1.6578724
11.9799557 1.8691370
12.4991331 2.1813748
15.4913158 1.4731551
18.1187382 1.3997993
30.8223686 -2.2240820
37.3404007 0.0906396
31.6616936 0.7480445
26.2874908 -2.0814846
2.5889339 -2.3764982
0.6115609 -1.1776910
1.3670233 -1.8197278
-1.8113148 -2.9355643
-2.5916672 -3.0782509
-2.0086272 -3.1767986
-2.8254483 -3.2920065
-2.7424040 -3.2447538
-2.7428071 -3.4571159
-2.4344897 -3.0691867
-2.3315544 -2.9408123
-2.4240015 -3.0697007
-2.3103931 -2.7712848
-2.3365824 -2.6138790
-2.4682257 -2.6710424
-2.3672383 -2.4275973
-2.3665020 -2.2340379
-2.5445125 -2.2499974
-2.3702483 -2.0321116
-2.3547025 -1.8129297
-2.5508139 -1.8070157
-2.3488686 -1.6242446
-2.3290918 -1.3921407
-2.5309372 -1.3788844
-2.3279972 -1.2074006
-2.3138142 -0.9750998
-2.5178335 -0.9620731
-2.3189662 -0.8117495
-2.4050696 -0.5827596
-2.6020761 -0.5714028
-2.7777495 -0.3908476
-2.1792727 -0.1529950
-2.4285603 -0.1535694
0.0000000 0.0000000
0.0000000 0.0000000
-5.7304187 0.3556680
-6.2696695 0.3347501
-6.6445770 0.7611936
-5.8383236 1.0873433
-6.1886210 1.0013438
-5.7479038 1.4348991
-5.7812061 1.8845851
-6.2084146 1.7726781
-5.8800468 2.2775512
-5.9706903 2.7848322
-6.4815779 2.6480393
-6.1241603 3.2332885
-6.2188387 3.8352978
-6.8343940 3.6965818
-6.4077663 4.3590794
-6.5148959 5.1913071
-7.4345870 5.1286368
-6.7908640 5.8761492
-6.7468157 6.9311604
-7.6342421 6.8086567
-6.4186945 7.5979419
-5.8879337 7.6735249
-5.4799104 7.2270794
-4.0108347 7.6757421
-1.8053956 6.9215436
-1.1520457 5.4776530
0.4042575 5.9246650
2.5126398 4.7087445
3.2194834 3.8234103
4.4611120 3.8388236
4.1365709 3.2258132
5.4775925 2.1892922
13.2392187 -1.2230401
12.6556110 1.4289439
13.3144894 -0.0447306
13.6307697 -1.0576067
27.2085094 -3.9557683
35.9036102 -4.6666393
37.7175484 -5.2863646
28.0135860 -4.1148925
19.7226524 -3.1166205
4.8644433 -2.9010770
2.2428803 -2.3827479
2.4096859 -2.9843926
-0.2863324 -3.8743961
-1.7090671 -3.7012527
-1.4532411 -4.3930292
-2.7805350 -4.1934047
-3.0365787 -3.9132986
-3.2193317 -4.3649101
-2.9316747 -3.6414461
-2.7851360 -3.3241904
-3.0656016 -3.5453277
-2.6992738 -3.0509350
-2.7357049 -2.7834597
-2.9446533 -2.8650751
-2.8113847 -2.5597296
-2.8061574 -2.2946444
-3.0304792 -2.3098373
-2.8173039 -2.0884342
-2.7898228 -1.8144203
-3.0107679 -1.8011370
-2.7814772 -1.6356666
-2.7503290 -1.3707054
-2.9619174 -1.3490294
-2.7434347 -1.2022072
-2.7229791 -0.9524063
-2.9283459 -0.9317914
-2.7308643 -0.7944227
-2.7840765 -0.5596783
-2.9814126 -0.5433897
-3.1350629 -0.3849465
-2.6814804 -0.1538132
-2.9302318 -0.1523922
0.0000000 0.0000000
0.0000000 0.0000000
-6.7492509 0.3079378
-7.2133613 0.2767963
-6.9975958 0.6887027
-6.5168304 0.9038584
-6.8465009 0.7964118
-6.5154552 1.2714726
-6.5820975 1.6369461
-6.9629807 1.4691715
-6.7527347 2.0191820
-6.9144511 2.4829957
-7.3862848 2.2507360
-7.1715822 2.9088266
-7.3656497 3.5252471
-7.9999795 3.2523696
-7.8013005 4.0422292
-8.2532387 4.9951396
-9.0475998 4.6848464
-8.4650955 5.5904679
-8.1066980 6.2468114
-8.1903181 5.4809880
-6.9278936 6.4899144
-5.0081940 5.8275089
-4.0751667 4.6002808
-2.3282647 4.9570851
-0.2126334 4.2996573
0.6117612 3.3396196
1.8089230 3.7453902
4.1705565 2.8538716
5.0659342 1.8212700
6.5399237 2.0759931
6.9429231 1.2625173
8.1214933 0.2884935
14.8860750 -1.6604913
14.9030123 -0.7214903
15.2691860 -1.3909184
17.0271301 -0.8166830
34.1013832 -5.6913738
37.6661682 -6.6047521
35.7340088 -3.5506272
25.7621403 -4.1709986
15.7165928 -3.1947849
5.8723221 -3.2528565
3.2654860 -3.3313127
4.5888829 -3.3411350
0.9689400 -4.2029481
-1.1723262 -4.7466598
-0.6747093 -5.0344019
-2.6965911 -4.9873452
-3.6105385 -4.8063788
-3.8140249 -5.1466937
-3.8163750 -4.3534446
-3.6203234 -3.8585985
-4.1593590 -4.1140580
-3.3316622 -3.3921840
-3.3037379 -2.9872715
-3.6279204 -3.0454760
-3.3840806 -2.7052338
-3.3386908 -2.3413007
-3.6241660 -2.3251393
-3.3255737 -2.1349752
-3.2667692 -1.7924627
-3.5154133 -1.7563417
-3.2386620 -1.6271908
-3.1858485 -1.3278952
-3.4077013 -1.2890823
-3.1625483 -1.1744235
-3.1298206 -0.9117895
-3.3346181 -0.8793426
-3.1378820 -0.7603213
-3.1624341 -0.5265618
-3.3578615 -0.5041404
-3.4326785 -0.3682172
-3.1767852 -0.1503835
-3.4179208 -0.1463584
0.0000000 0.0000000
0.0000000 0.0000000
-7.6034670 0.2421696
-7.9706435 0.2022286
-7.1706305 0.5851124
-7.1408176 0.6735514
-7.4131169 0.5476377
-7.1353536 1.0503064
-7.2886958 1.2689481
-7.5892859 1.0531883
-7.5103664 1.6607995
-7.7734427 1.9670337
-8.1412163 1.6492944
-8.1335640 2.4057643
-8.5294056 2.9059350
-9.0605536 2.4797709
-9.2016468 3.2882268
-9.7096872 4.2302132
-10.1793785 3.6297481
-9.2299185 4.1000390
-8.2463989 4.4834409
-7.9116673 3.6228654
-6.2196980 4.3468723
-3.2276759 3.2034659
-2.7115912 2.3932440
-1.3710626 2.6372449
0.9337198 2.1979709
2.0711074 1.0282967
3.3796327 1.2193167
5.6626549 0.6732515
6.4239278 -0.0740360
8.0948792 0.1801762
9.1967888 -0.7625743
10.5005550 -1.7068945
15.5335150 -2.6132824
15.8072424 -2.2692180
17.2896290 -3.4114420
27.9304276 -6.5735335
37.2851868 -9.8692160
38.7249947 -9.6510944
34.0977058 -6.7999220
14.6765108 -4.1748500
14.0301828 -4.2692099
8.5413094 -3.3539567
5.3024907 -4.0165138
6.2976742 -4.0655470
2.3679931 -4.7443562
-0.3611121 -5.1906962
-0.2106436 -5.0149889
-2.5728366 -5.3551989
-4.1199207 -5.3653088
-4.2296872 -5.2792873
-4.9295297 -4.8384771
-4.9135480 -4.3345170
-5.6516485 -4.4021554
-4.2884264 -3.6175528
-4.0829053 -3.1047652
-4.5273461 -3.0762796
-4.0936046 -2.7694485
-3.9667554 -2.3041389
-4.3083253 -2.2253537
-3.8866153 -2.1136818
-3.7808697 -1.7130276
-4.0480447 -1.6382128
-3.7109716 -1.5648233
-3.6280227 -1.2445692
-3.8513117 -1.1795521
-3.5779419 -1.1050265
-3.5260220 -0.8434820
-3.7235372 -0.7945240
-3.5235074 -0.7005794
-3.5325859 -0.4798120
-3.7196097 -0.4495409
-3.6698587 -0.3374494
-3.6502011 -0.1418039
-3.8728905 -0.1345282
0.0000000 0.0000000
0.0000000 0.0000000
-8.2432737 0.1591834
-8.4771948 0.1121410
-7.2120900 0.4406697
-7.6358485 0.4165890
-7.8168964 0.2860616
-7.5719242 0.7648279
-7.8313341 0.8116332
-8.0195713 0.5674464
-8.0759239 1.1856564
-8.4398174 1.2769185
-8.6632290 0.9014395
-8.8829947 1.7114419
-9.4957829 1.9796855
-9.8256102 1.4436984
-10.2783928 2.1592996
-10.4546137 2.8544431
-10.5379143 2.0009646
-9.3232861 2.1864359
-7.5945859 2.6977720
-7.3030624 1.7739921
-4.7837324 2.1010716
-2.3459680 1.8509027
-2.0044987 0.8376057
-0.5409908 1.8823366
2.7042642 0.7396891
2.9633183 0.0477006
4.5342746 -0.0577040
7.2337813 -0.4587598
7.7724552 -0.8959239
9.3090353 -1.2719527
11.9454823 -2.2329204
13.2062254 -2.4646966
16.2517757 -3.6037970
20.9663124 -5.1052680
23.3038063 -5.1688061
34.7705956 -7.3418441
37.4634933 -7.1641731
33.9304962 -6.2352676
25.5697861 -4.1801643
11.7356987 -3.9446559
12.4402561 -4.9836750
9.9678078 -4.1827745
6.4984808 -4.3599401
6.4536495 -4.4780550
3.4119408 -4.7526488
0.3679992 -4.7558737
-0.0121907 -4.5917311
-2.3123317 -5.1734157
-4.2924781 -5.0260649
-4.5853634 -4.6448092
-5.9059148 -4.4842753
-6.3627005 -4.3155327
-6.9908895 -4.0448360
-5.5004230 -3.4861002
-5.0315452 -2.9986994
-5.5507956 -2.7945104
-4.8766665 -2.6454873
-4.6470528 -2.1091933
-4.9962873 -1.9403151
-4.4676051 -1.9558620
-4.3035951 -1.5399129
-4.5642796 -1.4100360
-4.1745501 -1.4127225
-4.0560870 -1.1012766
-4.2644596 -1.0028290
-3.9695270 -0.9765295
-3.8961852 -0.7381204
-4.0744247 -0.6694608
-3.8673785 -0.6069435
-3.8779719 -0.4154930
-4.0472164 -0.3765149
-3.8493636 -0.2904138
-4.0808139 -0.1258316
-4.2749457 -0.1146803
0.0000000 0.0000000
0.0000000 0.0000000
-8.6236029 0.0566753
-8.6969070 0.0092957
-7.2090340 0.2633649
-7.9274154 0.1480105
-7.9754786 0.0056540
-7.8155990 0.4016711
-8.1441908 0.3076755
-8.1884918 0.0483242
-8.3950768 0.5870262
-8.8256884 0.4884999
-8.8736954 0.0881618
-9.3338566 0.8367245
-10.0546312 0.8241565
-10.1061010 0.2169659
-10.7441950 0.7851065
-10.5682592 1.1020360
-10.4988642 0.2959989
-9.1857929 0.4633425
-7.0446854 0.7610768
-6.7041183 -0.0783941
-4.0220556 0.2455236
-1.7403166 -0.0673629
-1.4266059 -0.7669933
0.9524083 -0.3238765
3.4937901 -0.7192530
3.9798725 -1.4779886
5.2174420 -0.8703808
8.2649221 -1.4263930
8.5767851 -2.0479298
10.6427193 -2.3465791
14.5063858 -2.4793739
15.2722092 -2.5766032
18.9662094 -3.9574509
22.5720425 -6.5311260
34.1002655 -10.6066875
37.6153030 -11.0865660
36.8391037 -11.0526285
31.6873360 -9.8914385
19.5701656 -6.2189555
10.7051334 -4.1635156
11.1878996 -3.6914992
9.7266140 -3.8187771
6.6037865 -4.0983572
6.7675900 -3.5720909
3.5739057 -3.9151587
0.6175607 -4.1633611
0.6121780 -3.5742221
-2.3622863 -4.3647170
-4.6541915 -4.0983486
-4.9972973 -3.6085467
-6.5303173 -3.3447714
-7.4245343 -3.6186762
-7.8556204 -3.0851467
-6.7209988 -2.7902145
-5.9950566 -2.4912925
-6.4466672 -2.1193008
-5.6007819 -2.2335072
-5.2769828 -1.7233670
-5.5765047 -1.4776245
-5.0011873 -1.6228102
-4.7793345 -1.2493674
-5.0055676 -1.0653934
-4.5879159 -1.1498541
-4.4348154 -0.8855449
-4.6110811 -0.7528900
-4.3078251 -0.7798346
-4.2159853 -0.5900795
-4.3608789 -0.5011685
-4.1472850 -0.4762693
-4.1773629 -0.3316339
-4.3130603 -0.2829487
-3.9794731 -0.2256198
-4.4438682 -0.1003105
-4.5974116 -0.0860406
0.0000000 0.0000000
0.0000000 0.0000000
-8.7094088 -0.0384367
-8.6397095 -0.0784042
-7.1886621 0.0657302
-7.9704590 -0.1413106
-7.8908439 -0.2799142
-7.8637767 -0.0203874
-8.1902342 -0.2185751
-8.1003494 -0.4682790
-8.4448347 -0.1119100
-8.8739100 -0.3220896
-8.7575932 -0.7039901
-9.3948536 -0.1888101
-10.1125164 -0.3933332
-9.9718513 -0.9485494
-10.7441273 -0.5079159
-10.4079695 -0.4615115
-10.2418795 -1.1999488
-8.8775263 -1.0503393
-6.4550633 -0.8297954
-6.3602090 -1.5182177
-3.4592147 -1.0061077
-0.9566413 -1.5149403
-1.3025635 -1.9694124
2.0035610 -2.2006686
4.3319716 -2.5600584
4.4926114 -3.0657423
6.0011592 -2.4309354
8.5469170 -3.0074260
8.8524704 -3.7738550
11.1482420 -2.8447251
15.4235392 -3.4221485
16.2809963 -4.8293223
26.3316803 -8.6664286
34.1406288 -9.3814554
37.0451164 -7.1165977
32.6943474 -6.8012204
27.8632355 -6.4785357
22.7719879 -4.8908949
15.9718924 -4.2495608
10.6959143 -4.3755341
10.0136337 -4.2574844
9.5673513 -3.8619573
6.3234696 -3.5104275
5.7336369 -3.3151312
3.6213102 -3.1805410
0.6584607 -3.1289785
0.5219412 -2.5940030
-2.3935275 -3.2220964
-5.1906815 -3.0550296
-5.4404836 -2.4568162
-7.1678171 -2.0809510
-8.1653490 -2.4291720
-8.4563398 -1.7524265
-7.5604420 -1.8289037
-6.7111373 -1.6765968
-6.9985323 -1.2121450
-6.1527724 -1.5589225
-5.7695422 -1.1749111
-5.9761529 -0.8618057
-5.4203963 -1.1244551
-5.1517415 -0.8460780
-5.3071804 -0.6186952
-4.9103947 -0.7817714
-4.7271714 -0.5974601
-4.8467927 -0.4363894
-4.5639791 -0.5192401
-4.4584403 -0.3991544
-4.5529761 -0.2929685
-4.3474922 -0.3103220
-4.4048924 -0.2296200
-4.4879680 -0.1708796
-4.0722857 -0.1446235
-4.7155266 -0.0670605
-4.8124604 -0.0513370
0.0000000 0.0000000
0.0000000 0.0000000
-8.5279589 -0.1131865
-8.3397598 -0.1435407
-7.0517650 -0.1286194
-7.7813487 -0.4243525
-7.5967302 -0.5512593
-7.6779122 -0.4268708
-7.9875741 -0.7274103
-7.7723207 -0.9537887
-8.2217474 -0.7572399
-8.6208591 -1.0899367
-8.3577318 -1.4324114
-9.1093225 -1.1593288
-9.7790327 -1.4962270
-9.4476395 -2.0157340
-10.3523741 -1.8203206
-10.0877962 -1.9339511
-9.8586035 -2.6131668
-8.7758331 -2.3185368
-6.1610799 -2.0115840
-6.3971839 -2.6158173
-2.7333667 -2.1853440
0.1173902 -2.2598772
0.3266286 -2.3968666
2.4220886 -2.5307536
4.7609086 -2.9183106
5.0404162 -2.8927915
7.0487041 -3.4881926
9.6197309 -4.0942225
10.3243961 -4.1325889
12.3983250 -4.0027370
20.7444839 -6.5987673
20.4967499 -5.9572930
29.5965118 -8.9639244
33.3084335 -11.1419153
35.3825264 -11.3257170
33.8065109 -10.7282038
25.7120380 -7.9432812
19.3928947 -3.0573537
11.5367470 -3.3969178
10.4360790 -3.1969123
10.5912981 -2.4868150
8.2001734 -2.8896346
5.3845100 -2.7484581
5.3814349 -2.0237992
2.9782636 -2.2957113
0.2505978 -2.0541279
-0.1747173 -1.5678000
-2.4845936 -1.8371638
-5.6830921 -1.7867452
-6.0209718 -1.1188478
-8.0850649 -0.8624128
-8.6434536 -1.0699083
-8.8233471 -0.4040621
-7.9317322 -0.8242581
-7.1000471 -0.6909251
-7.1962714 -0.2234099
-6.4905405 -0.6937445
-6.0661139 -0.5076291
-6.1525145 -0.1606583
-5.6725640 -0.5013508
-5.3760872 -0.3612351
-5.4437613 -0.1090422
-5.1023459 -0.3365009
-4.9002056 -0.2535126
-4.9498792 -0.0752079
-4.7117624 -0.2130280
-4.5974045 -0.1719419
-4.6329942 -0.0542847
-4.4570823 -0.1193224
-4.5335917 -0.1054840
-4.5581346 -0.0407573
-4.1311917 -0.0496936
-4.8731456 -0.0330796
-4.9078112 -0.0163166
0.0000000 0.0000000
0.0000000 0.0000000
-8.1284761 -0.1730026
-7.8346457 -0.1974695
-6.7279892 -0.3069766
-7.3933511 -0.6766595
-7.1182108 -0.7819813
-7.2812982 -0.7919899
-7.5516486 -1.1760092
-7.2365675 -1.3631903
-7.7441020 -1.3293511
-8.0916729 -1.7691573
-7.6977515 -2.0492349
-8.4934235 -1.9823161
-9.0957317 -2.5040743
-8.5817442 -2.9003632
-9.7120132 -2.9512556
-9.5721283 -3.1235154
-9.3460817 -3.6544445
-8.7360973 -3.5280676
-6.5517111 -3.2647252
-6.6894522 -3.7331412
-3.2380211 -3.3353751
-0.0510762 -3.0559092
0.0088646 -3.5145488
2.9298987 -2.6951139
5.5676084 -2.9571066
5.8403482 -3.3455665
8.2053757 -3.5909383
10.9655323 -4.6137471
12.0732765 -4.4830160
14.8592873 -5.0933294
24.5371456 -8.0071077
27.2042141 -7.9918118
33.1469650 -7.5318794
34.3166924 -5.4588213
29.2512264 -1.7661687
25.1066360 -3.2961173
18.8237095 -3.9614747
16.2524204 -4.0743570
12.4481344 -3.1032290
9.9857464 -2.4638512
8.8097858 -2.2626581
7.6875381 -2.1466715
5.1005716 -1.4920714
4.8523979 -0.8628912
2.4228137 -1.2881151
-0.5674111 -0.9762511
-0.7070392 -0.2979219
-2.8726072 -0.3942673
-6.5861173 -0.4018357
-6.9312825 0.6171842
-8.8094015 0.5196642
-8.8614721 0.3435832
-8.9470367 1.0433371
-7.9218788 0.2648393
-7.1431537 0.2865569
-7.1469693 0.7501660
-6.5614009 0.2016317
-6.1308503 0.2212672
-6.1229391 0.5707873
-5.7281814 0.1674036
-5.4249949 0.1695714
-5.4086418 0.4255992
-5.1416454 0.1418459
-4.9338174 0.1231017
-4.9115338 0.3051585
-4.7360573 0.1144024
-4.6189170 0.0778246
-4.5925922 0.1990642
-4.4677448 0.0845033
-4.5493989 0.0332377
-4.5181308 0.1014672
-4.1298351 0.0506676
-4.9083552 0.0010141
-4.8847613 0.0174612
0.0000000 0.0000000
0.0000000 0.0000000
-7.5392942 -0.2201397
-7.1632299 -0.2383788
-6.2392468 -0.4557996
-6.8348603 -0.8812485
-6.4889750 -0.9589397
-6.7076354 -1.0866060
-6.9309816 -1.5400010
-6.5395150 -1.6791209
-7.0668182 -1.7885804
-7.3321962 -2.3058214
-6.8635783 -2.5135040
-7.5961781 -2.6302979
-8.1224022 -3.2761648
-7.4646788 -3.5577064
-8.8154211 -3.7654059
-9.0746241 -4.3175893
-8.3862314 -4.8903732
-8.6508503 -4.8324304
-6.6686420 -4.3475652
-6.8391085 -5.3986712
-3.7468874 -4.3082714
-0.5072786 -4.0815744
-0.9774929 -4.7121105
3.0026827 -3.8930416
6.0007620 -3.9542553
5.7630172 -4.1913729
8.5680294 -3.9348550
13.5409956 -3.8639774
13.7930260 -4.3251429
18.5739899 -4.9873400
22.8837261 -6.7213702
28.3838558 -8.0729485
30.9236012 -8.8380737
33.1457634 -9.8656359
32.1668968 -10.3986120
24.7648544 -7.0663557
14.3110266 -2.1040719
16.7939510 -2.6909184
10.5541391 -1.5931427
7.7073741 -1.8236191
6.8045335 -1.7271878
7.0187221 -1.0808285
4.6342959 -0.3400841
4.0623503 0.1948773
1.7936660 -0.3123013
-1.4035119 0.2410144
-1.8700628 1.4648881
-4.1745529 1.3125615
-7.1622949 1.3907503
-8.0005980 2.3946216
-9.3766212 2.0261536
-8.5180225 1.8961462
-8.2650356 2.3654137
-7.5989671 1.4107302
-6.9494514 1.3043689
-6.7422409 1.7488481
-6.3917284 1.0935673
-5.9804940 0.9621132
-5.8288798 1.2954093
-5.5873537 0.8310914
-5.3018508 0.7080372
-5.1821957 0.9515406
-5.0231385 0.6183236
-4.8266511 0.5042765
-4.7263284 0.6784864
-4.6316957 0.4419834
-4.5221810 0.3314280
-4.4318118 0.4482745
-4.3695602 0.2895291
-4.4595957 0.1764598
-4.3700590 0.2426813
-4.0329738 0.1484265
-4.8260365 0.0350138
-4.7435784 0.0514240
0.0000000 0.0000000
0.0000000 0.0000000
-6.8041844 -0.2529510
-6.3723464 -0.2645877
-5.6247044 -0.5690199
-6.1430130 -1.0249345
-5.7533336 -1.0724211
-5.9985771 -1.3034424
-6.1633458 -1.7953422
-5.7284803 -1.8798336
-6.2363791 -2.1160939
-6.4199090 -2.6848893
-5.9032779 -2.8099389
-6.5651693 -3.0710452
-6.8981080 -3.8009169
-6.1829238 -3.9552555
-7.3136034 -4.3767028
-7.8871665 -5.3636746
-6.7914233 -5.4642200
-8.1814575 -6.1849174
-6.9133067 -6.3416281
-6.1229796 -6.7902613
-4.4906769 -6.3574195
-1.1580025 -5.5494318
-0.3843889 -6.2322636
2.0837789 -5.0708652
5.1883101 -5.1550503
5.3142061 -6.0356598
9.0778875 -4.8764024
13.8300219 -5.8635554
14.5901003 -6.9038196
22.4799061 -6.7933583
28.1377544 -5.0513477
29.1049423 -3.2433536
27.3685188 -0.8187454
25.5404434 0.8443685
23.0629520 1.7898525
19.4998741 -1.5865988
16.4398899 -2.4495966
13.3828945 -0.7466714
10.0933218 0.2113961
6.2568660 -1.2914202
5.4726515 -0.5819511
5.2345581 0.3300821
3.5588017 0.7237388
1.8274121 1.4289294
0.8277687 1.1906135
-2.0882986 2.2180731
-4.0153108 3.8490171
-5.6942530 3.1739974
-7.9471464 4.2436414
-8.6705570 4.7536254
-8.9116364 3.5713758
-7.7270885 3.0725875
-7.2208238 3.5558057
-6.9341159 2.5307598
-6.4706116 2.2113178
-6.0652514 2.6149449
-5.9458432 1.9200065
-5.6156058 1.6307170
-5.3196964 1.9361330
-5.2491961 1.4391291
-5.0104895 1.2012688
-4.7878909 1.4235798
-4.7524233 1.0567889
-4.5845008 0.8588709
-4.4069562 1.0161430
-4.4033146 0.7456053
-4.3110342 0.5696151
-4.1592627 0.6753771
-4.1654143 0.4802347
-4.2649260 0.3122420
-4.1204014 0.3724487
-3.8420193 0.2379380
-4.6286774 0.0675783
-4.4915504 0.0832155
0.0000000 0.0000000
0.0000000 0.0000000
-5.9712009 -0.2703922
-5.5121956 -0.2756189
-4.9272070 -0.6425173
-5.3647900 -1.1043423
-4.9577370 -1.1224811
-5.2052774 -1.4331263
-5.3098278 -1.9351643
-4.8630228 -1.9667709
-5.3152795 -2.3052158
-5.4084811 -2.8825688
-4.8884721 -2.9245095
-5.4422798 -3.3212194
-5.5739899 -4.0199466
-4.9312363 -4.0743365
-5.6959863 -4.5930514
-6.0554280 -5.5809436
-4.9762535 -5.6325159
-6.5564866 -6.5179954
-6.6081796 -7.7523088
-4.9201660 -7.7038441
-5.2885332 -8.7879763
-2.0765288 -8.2417517
-1.1352957 -9.1162262
1.4903724 -7.4841433
5.1813774 -7.1915293
5.4616938 -8.2001791
10.1802483 -6.9643292
14.6407490 -7.2775102
15.0733242 -6.7066240
18.2395535 -7.9320025
21.2879066 -7.0769539
23.3612900 -6.9470444
26.7416172 -5.3031049
26.9852848 -3.3696890
25.3690376 -2.3059020
21.3991737 -4.4893298
11.7336092 2.9755454
12.8534651 4.5610948
10.0711040 2.6737740
5.6705098 1.4241959
5.4204006 3.9574535
3.3698268 2.8701282
1.2262973 3.2827866
0.3946428 4.9784760
-1.3479364 4.3990588
-3.9112382 5.5348754
-5.0929484 6.8054628
-6.9381394 5.9064603
-8.0118942 5.9297619
-6.8735237 6.2149734
-7.0931978 5.0162344
-6.6342716 3.9302824
-5.8266191 4.4108505
-5.9693789 3.5550356
-5.7078719 2.8964777
-5.1721959 3.2500920
-5.2633290 2.6147702
-5.0508628 2.1674311
-4.6622725 2.4246964
-4.7410765 1.9427205
-4.5696959 1.6086006
-4.2736516 1.7967106
-4.3498302 1.4250199
-4.2222500 1.1585658
-3.9839306 1.2921687
-4.0656724 1.0038801
-3.9979281 0.7754859
-3.7942653 0.8652834
-3.8661859 0.6436947
-3.9751050 0.4314234
-3.7830060 0.4827382
-3.5666907 0.3137480
-4.3260136 0.0966515
-4.1424880 0.1108053
0.0000000 0.0000000
0.0000000 0.0000000
-5.0909400 -0.2727963
-4.6315961 -0.2722836
-4.1912427 -0.6773661
-4.5459704 -1.1198872
-4.1484179 -1.1122028
-4.3769388 -1.4790546
-4.4207878 -1.9595829
-3.9983397 -1.9443841
-4.3666239 -2.3506510
-4.3721042 -2.9021885
-3.9075987 -2.8680274
-4.2985945 -3.3493392
-4.2878509 -4.0247149
-3.7774787 -3.9609280
-4.1629968 -4.5503569
-4.1397967 -5.4423156
-3.6182678 -5.2839875
-3.9977176 -6.1865058
-3.9950590 -7.4102631
-3.2630713 -7.1193199
-3.6573815 -8.5602551
-2.2179947 -9.6445618
-1.8525808 -9.1471443
0.9291970 -10.1173124
4.8334470 -9.2843866
4.0572824 -9.7870932
8.6329355 -8.3032961
13.2436275 -7.2461414
11.1831217 -7.4876585
17.8850784 -4.0341206
20.3841858 -1.1952983
17.8164902 -3.1165619
20.6534309 1.3232517
18.6837254 4.2886438
18.5489845 3.9328945
14.0706348 3.3498130
13.2995434 3.7846465
11.8063593 5.8140922
9.1603498 5.4905825
4.7231398 6.5290623
4.5097651 8.5637369
1.9681199 7.0800810
-0.8187872 7.6674495
-0.4442644 9.7208319
-3.5846529 8.6885309
-5.7079172 8.8928423
-3.9395046 9.0383377
-6.0565023 7.7648244
-5.7820587 6.3591189
-4.3366771 6.4713874
-5.3424373 5.5663700
-5.2271194 4.5679207
-4.3341131 4.8000240
-4.8697586 4.1263871
-4.7622752 3.3752263
-4.1439638 3.6253731
-4.4631958 3.0824089
-4.3516541 2.5483930
-3.9071505 2.7446301
-4.1244450 2.3079710
-4.0206366 1.9117035
-3.6799600 2.0569429
-3.8522713 1.7026278
-3.7678261 1.3889160
-3.4901137 1.4939855
-3.6437135 1.2043271
-3.6021762 0.9382109
-3.3613694 1.0095047
-3.4895375 0.7722096
-3.6058180 0.5279014
-3.3764098 0.5687857
-3.2217815 0.3725047
-3.9341588 0.1208147
-3.7148306 0.1329195
0.0000000 0.0000000
0.0000000 0.0000000
-4.2101922 -0.2623689
-3.7727659 -0.2571911
-3.4581990 -0.6769002
-3.7319803 -1.0807862
-3.3663898 -1.0529678
-3.5629621 -1.4507159
-3.5510802 -1.8830200
-3.1840649 -1.8293622
-3.4504681 -2.2765856
-3.3732140 -2.7556784
-3.0107601 -2.6569667
-3.2182403 -3.2002687
-3.0594544 -3.7495868
-2.7436051 -3.5655119
-2.8011980 -4.2740774
-2.5244582 -4.9205713
-2.3372738 -4.5824428
-2.0838120 -5.5875916
-1.5678943 -6.3857999
-1.5779749 -5.7214179
-0.9127746 -7.1257310
-0.0621994 -8.0209608
0.0096424 -7.0005307
1.2202033 -9.0674219
3.7795036 -9.0937090
3.0296350 -7.8811150
6.7218676 -8.6127071
9.5082617 -6.9028397
7.5686245 -6.8387241
12.3476982 -3.7616458
14.3680391 -1.8958749
10.9271326 -2.4485676
15.8987465 0.6515063
16.5330658 3.4895313
13.0978994 4.0191894
13.3870211 4.6809397
8.9862757 8.4114466
8.5389748 9.0125179
6.0230837 9.3695621
3.2923584 10.1057205
3.0691359 10.7992249
0.6965910 10.6703796
-1.3975745 10.5934982
-0.2577758 9.7482491
-2.7715635 9.6314487
-3.3832614 7.9990635
-1.7672031 7.7583985
-3.5033383 7.2527428
-3.7782571 6.1131001
-2.6674850 6.0667100
-3.7671523 5.5240612
-3.8342762 4.7180543
-3.0567276 4.7484522
-3.7547543 4.2612171
-3.7435997 3.6294684
-3.1652761 3.7207491
-3.6241624 3.2899358
-3.5871978 2.7770121
-3.1368325 2.8942449
-3.4599242 2.5164707
-3.4106674 2.1081173
-3.0523052 2.2077968
-3.3006408 1.8820881
-3.2542226 1.5484244
-2.9559338 1.6234863
-3.1657073 1.3425902
-3.1475854 1.0555065
-2.8844030 1.1079220
-3.0568912 0.8637914
-3.1757059 0.5993519
-2.9205005 0.6298408
-2.8247674 0.4137380
-3.4729903 0.1392105
-3.2286232 0.1491677
0.0000000 0.0000000
0.0000000 0.0000000
-3.3680904 -0.2425674
-2.9669082 -0.2336385
-2.7616713 -0.6479365
-2.9601903 -1.0003824
-2.6377161 -0.9587124
-2.8043282 -1.3645868
-2.7499533 -1.7294942
-2.4435368 -1.6492928
-2.6284935 -2.1075888
-2.4954216 -2.4870529
-2.2178864 -2.3466861
-2.3141732 -2.8945479
-2.0850117 -3.2922623
-1.8648715 -3.0513859
-1.7933234 -3.7435262
-1.4356472 -4.1513524
-1.3130195 -3.7567620
-1.0178369 -4.6266494
-0.4288255 -5.0417042
-0.4440438 -4.3936429
0.3103797 -5.5955334
1.2516835 -5.8168550
1.0789921 -4.8963552
2.1876478 -6.0829687
3.5004733 -5.9439034
3.0017049 -4.7131152
4.9979610 -5.9159017
6.7115154 -5.0530581
5.4502211 -3.6254971
8.5029631 -3.0798872
9.2880096 -1.4965998
7.2380548 -1.0418569
10.0772734 1.7719482
9.6778469 4.0381556
7.0647349 2.9734724
8.3894720 5.9834061
6.9505897 8.4337807
5.2751060 6.0403543
4.7430100 8.4617624
3.0823181 8.9137535
2.9317663 7.2841892
1.5954647 8.5840797
0.3788722 8.0462189
0.7450026 7.1539078
-0.6509513 7.5550842
-1.3705065 6.8358402
-0.7319475 6.3673487
-1.8769085 6.3278489
-2.2779241 5.6023641
-1.6081715 5.3998237
-2.4912629 5.1556201
-2.6821094 4.5381880
-2.0873263 4.4649305
-2.7496705 4.1506581
-2.8217723 3.6350403
-2.3269072 3.6324301
-2.8179026 3.3067570
-2.8327701 2.8682957
-2.4220219 2.9045107
-2.7928083 2.5913427
-2.7843511 2.2095892
-2.4348564 2.2648458
-2.7302084 1.9718016
-2.7124448 1.6430527
-2.4098814 1.6905696
-2.6580122 1.4232696
-2.6579616 1.1311395
-2.3841093 1.1665126
-2.5889013 0.9210640
-2.7034779 0.6481463
-2.4332478 0.6694174
-2.3935573 0.4390686
-2.9618483 0.1527064
-2.7035358 0.1601777
0.0000000 0.0000000
0.0000000 0.0000000
-2.5929105 -0.2182952
-2.2326713 -0.2070863
-2.1256797 -0.5983328
-2.2606597 -0.8996546
-1.9779457 -0.8519517
-2.1300054 -1.2400941
-2.0559177 -1.5412248
-1.7947526 -1.4512769
-1.9386970 -1.8802353
-1.7913387 -2.1742942
-1.5605547 -2.0237222
-1.6183800 -2.5170591
-1.3878646 -2.7946987
-1.1982939 -2.5568976
-1.1288096 -3.1349370
-0.7830136 -3.3841455
-0.6505574 -3.0130913
-0.4092345 -3.7080944
0.1032236 -3.8655815
0.1319622 -3.3493037
0.6173171 -4.0855198
1.3467633 -4.0946317
1.2060255 -3.3908739
2.0797596 -4.0919490
2.8783090 -3.8381665
2.5344653 -2.9986651
3.7411740 -3.1994491
4.4961371 -2.6826470
3.7759907 -1.9372512
5.3260503 -1.4388474
5.8155885 -0.6003351
4.6050200 -0.2908351
6.2281075 1.4747801
5.8687544 2.3685720
4.4871831 1.9612756
5.5303292 3.5323403
4.8117113 4.8237429
3.5871720 3.8631904
3.8091002 5.2575760
2.8999126 6.0349889
2.2454033 5.0382586
1.8435843 5.9993715
1.0474924 6.1624165
0.8861774 5.3997226
0.2202582 5.9014111
-0.3583756 5.6814513
-0.2116639 5.1941648
-0.8808408 5.3536224
-1.2568492 4.9739528
-0.9548239 4.6952100
-1.5572749 4.6354160
-1.7760561 4.2210388
-1.3961021 4.0822744
-1.9233540 3.8994796
-2.0373724 3.5033259
-1.6540096 3.4476171
-2.0983593 3.2081194
-2.1482248 2.8432419
-1.7943170 2.8335042
-2.1609268 2.5750480
-2.1783187 2.2401671
-1.8572433 2.2550974
-2.1657882 1.9954239
-2.1681523 1.6860437
-1.8746901 1.7117574
-2.1418920 1.4588177
-2.1528769 1.1730644
-1.8778021 1.1956124
-2.1030912 0.9519092
-2.2072442 0.6778784
-1.9280423 0.6940713
-1.9441659 0.4528440
-2.4164896 0.1645624
-2.1529441 0.1694387
0.0000000 0.0000000
0.0000000 0.0000000
-1.8970239 -0.1942304
-1.5747675 -0.1826216
-1.5598304 -0.5394073
-1.6434585 -0.7993047
-1.3906636 -0.7533509
-1.5453343 -1.1047946
-1.4706669 -1.3562099
-1.2381195 -1.2712327
-1.3723747 -1.6471188
-1.2386382 -1.8782369
-1.0322378 -1.7416252
-1.0950521 -2.1523826
-0.8946124 -2.3501313
-0.7194147 -2.1425385
-0.6859612 -2.5900648
-0.4013999 -2.7332625
-0.2682591 -2.4306967
-0.1203252 -2.9174814
0.2805726 -2.9631422
0.3154888 -2.5609128
0.6526319 -2.9913049
1.1436720 -2.9192817
1.0344971 -2.4272692
1.5966182 -2.7284057
2.0829566 -2.5048440
1.8364711 -1.9542222
2.6374905 -1.9130901
3.0321121 -1.5127282
2.5277333 -1.1081026
3.4956322 -0.5256438
3.6860518 -0.0458086
2.9311020 0.1025128
3.9428349 1.1884012
3.7379797 1.7990960
2.8551323 1.5841932
3.5777261 2.6227715
3.1670766 3.3881698
2.3585589 2.8938508
2.6884644 3.8398137
2.1607680 4.4146700
1.5813302 3.8177621
1.5536264 4.5392461
1.0443852 4.8141031
0.7392082 4.2749486
0.4869484 4.7302213
0.0731342 4.7336559
-0.0033907 4.3257132
-0.3441653 4.5418377
-0.6437875 4.3713202
-0.5563242 4.0978761
-0.9216869 4.1294012
-1.1152663 3.8684821
-0.9045199 3.7099326
-1.2789017 3.6090903
-1.3965333 3.3165643
-1.1224412 3.2380948
-1.4832997 3.0583668
-1.5462972 2.7605841
-1.2559016 2.7295165
-1.5851282 2.5109859
-1.6154294 2.2188938
-1.3299209 2.2141426
-1.6253290 1.9796005
-1.6393175 1.6962547
-1.3641579 1.7058848
-1.6312796 1.4665852
-1.6471703 1.1925106
-1.3804591 1.2072903
-1.6128168 0.9674698
-1.7002469 0.6968064
-1.4178400 0.7107466
-1.4885430 0.4625182
-1.8489902 0.1743262
-1.5764405 0.1764204
0.0000000 0.0000000
0.0000000 0.0000000
-1.2767482 -0.1740711
-0.9819297 -0.1643629
-1.0603650 -0.4830948
-1.1016141 -0.7152345
-0.8666040 -0.6766027
-1.0396466 -0.9842943
-0.9761549 -1.2029225
-0.7594267 -1.1322668
-0.9051775 -1.4481623
-0.8009566 -1.6405727
-0.6061152 -1.5281419
-0.6976776 -1.8538500
-0.5466414 -2.0054984
-0.3797163 -1.8324256
-0.3993680 -2.1657584
-0.1940128 -2.2544320
-0.0693709 -2.0039258
-0.0072531 -2.3290279
0.2661452 -2.3261974
0.3007654 -2.0186107
0.5115482 -2.2620187
0.8214072 -2.1601830
0.7363008 -1.8144280
1.1044389 -1.9009149
1.3852746 -1.6949714
1.1799443 -1.3477734
1.7048576 -1.1990198
1.9140382 -0.8814301
1.5453210 -0.6365243
2.1968966 -0.1248882
2.2717192 0.2297272
1.7360334 0.3135469
2.4280183 1.0436350
2.3102322 1.5186051
1.6809875 1.3974659
2.2426512 2.1290331
2.0063827 2.6703265
1.3998408 2.3819516
1.7608733 3.0636814
1.4554445 3.5070899
0.9642740 3.1302264
1.1161594 3.6920419
0.8044149 3.9594312
0.4773367 3.5751712
0.4628038 3.9800346
0.1925072 4.0625019
0.0290593 3.7228301
-0.0897682 3.9709127
-0.3011517 3.9016695
-0.3185861 3.6357968
-0.5052353 3.7384071
-0.6512650 3.5658169
-0.5461238 3.3976178
-0.7866086 3.3624392
-0.8837605 3.1383281
-0.6933826 3.0535350
-0.9655189 2.9170806
-1.0242227 2.6679749
-0.7874912 2.6361077
-1.0676396 2.4409010
-1.0996495 2.1811593
-0.8448973 2.1772275
-1.1177187 1.9537359
-1.1347443 1.6912502
-0.8771768 1.7002690
-1.1352963 1.4661151
-1.1514341 1.2042606
-0.8985603 1.2178036
-1.1277474 0.9799907
-1.1869645 0.7148723
-0.9250591 0.7195129
-1.0218580 0.4840290
-1.2725235 0.1741108
-0.9656765 0.1222551
0.0000000 0.0000000
0.0000000 0.0000000
-0.7155283 -0.1626662
-0.4330168 -0.1594293
-0.6126933 -0.4401465
-0.6188748 -0.6629591
-0.3781254 -0.6286502
-0.5933841 -0.8991162
-0.5481392 -1.1075287
-0.3222854 -1.0219214
-0.5097284 -1.3134727
-0.4424066 -1.4960366
-0.2442042 -1.3299922
-0.3844552 -1.6605194
-0.2930933 -1.8023833
-0.1335642 -1.5237795
-0.2123494 -1.9019909
-0.0924779 -1.9798410
0.0156853 -1.6047651
0.0100965 -1.9820747
0.1641582 -1.9714674
0.1963223 -1.5789834
0.2948033 -1.8494998
0.4632296 -1.7456234
0.3942082 -1.3693948
0.6147264 -1.4695829
0.7629344 -1.2706493
0.5818627 -0.9521974
0.9233823 -0.8411541
1.0252262 -0.5585229
0.7238846 -0.3501630
1.1811490 0.0416706
1.2123575 0.3707907
0.7810901 0.4202157
1.3026788 0.9746292
1.2436105 1.3971877
0.7314047 1.2542579
1.2217678 1.8950276
1.1019460 2.3384380
0.5885950 2.0136189
0.9864826 2.7029953
0.8299172 3.0720465
0.3863253 2.6006491
0.6605420 3.2938933
0.4948822 3.5337296
0.1680465 2.9622881
0.3148294 3.6238685
0.1658048 3.7207458
-0.0277034 3.0966594
0.0110509 3.7024238
-0.1109888 3.6613300
-0.1788754 3.0851712
-0.2279646 3.5590723
-0.3161935 3.4133658
-0.2811955 2.9841950
-0.4005327 3.2568760
-0.4632974 3.0538394
-0.3439651 2.7875457
-0.5187430 2.8652766
-0.5600911 2.6302431
-0.3798499 2.4968646
-0.5925181 2.4249861
-0.6178787 2.1732962
-0.3986073 2.1296415
-0.6333948 1.9594767
-0.6491699 1.7011408
-0.4092515 1.7087829
-0.6524873 1.4841928
-0.6669040 1.2292750
-0.4350272 1.2592123
-0.6599640 1.0001090
-0.6596748 0.7921556
-0.5387354 0.7992347
-0.6293423 0.4022942
-0.4919814 0.5199155
-0.4049705 0.0256835
0.0000000 0.0000000
0.0000000 0.0000000
-0.1664794 -0.1702192
0.0000000 0.0000000
-0.1599920 -0.4220335
-0.1491403 -0.6909529
0.0000000 0.0000000
-0.1451150 -0.9093210
-0.1362303 -1.1478542
0.0000000 0.0000000
-0.1288856 -1.3464164
-0.1154012 -1.5418952
0.0000000 0.0000000
-0.1027178 -1.7042971
-0.0796145 -1.8429655
0.0000000 0.0000000
-0.0587652 -1.9380264
-0.0250466 -1.9984963
0.0000000 0.0000000
0.0038050 -1.9923078
0.0382033 -1.9495322
0.0000000 0.0000000
0.0717671 -1.8298239
0.1083435 -1.6773055
0.0000000 0.0000000
0.1478732 -1.4254192
0.1792024 -1.1618782
0.0000000 0.0000000
0.2201555 -0.7849478
0.2410199 -0.4315951
0.0000000 0.0000000
0.2831981 0.0588223
0.2878314 0.4966590
0.0000000 0.0000000
0.3185552 0.9959494
0.3007687 1.5024470
0.0000000 0.0000000
0.3057795 1.9362392
0.2714780 2.4339309
0.0000000 0.0000000
0.2545512 2.7664824
0.2110796 3.1772056
0.0000000 0.0000000
0.1795103 3.3912649
0.1334301 3.6686444
0.0000000 0.0000000
0.0955441 3.7625005
0.0506002 3.8972368
0.0000000 0.0000000
0.0098668 3.8736174
-0.0263272 3.8724506
0.0000000 0.0000000
-0.0605232 3.7570913
-0.0858276 3.6434445
0.0000000 0.0000000
-0.1053030 3.4664631
-0.1204921 3.2812011
0.0000000 0.0000000
-0.1318973 3.0636859
-0.1400149 2.8387697
0.0000000 0.0000000
-0.1460698 2.5987630
-0.1497678 2.3517129
0.0000000 0.0000000
-0.1513892 2.1028266
-0.1549037 1.8426925
0.0000000 0.0000000
-0.1527629 1.5932840
-0.1690567 1.3421930
0.0000000 0.0000000
-0.1943221 1.0278440
-0.0988833 1.0507449
0.0000000 0.0000000
-0.2329011 0.1228789
0.5143514 0.7175688
0.0000000 0.0000000
0.0000000 0.0000000
-33.09928
-33.17732
-33.20521
-35.76442
-38.68226
-41.816
-45.66307
-50.45907
-57.11484
-68.21162
-91.76405
-146.7377
-225.5415
-30.99551
-88.28123
-26.88465
-19.30023
-15.78041
-14.12934
-13.51039
-13.33884
-13.36129
-13.46595
-13.59488
-13.78548
-14.0353
-33.68118
-33.50569
-34.08632
-36.22752
-39.02243
-42.19014
-45.99863
-50.6056
-56.63313
-65.8394
-84.44955
-148.6945
-177.7977
-6.644275
-72.78779
-29.88413
-19.29376
-15.58462
-14.12765
-13.63362
-13.54156
-13.60383
-13.72285
-13.82008
-13.99858
-14.14816
-35.05678
-35.00481
-36.16308
-37.92758
-40.55559
-43.7626
-47.47574
-51.57475
-55.94149
-60.31424
-62.74128
-65.2088
-75.75892
-19.46372
-31.27577
-21.61353
-16.56093
-14.66272
-14.1303
-14.08657
-14.19871
-14.33954
-14.48407
-14.6033
-14.72048
-14.80991
-37.19798
-37.30828
-38.81258
-40.5505
-43.24817
-46.57975
-50.26548
-53.91003
-56.57437
-56.73377
-54.14122
-47.92999
-22.66947
37.55814
-32.98308
-15.49453
-13.41893
-13.79613
-14.44033
-14.95781
-15.3191
-15.55754
-15.7061
-15.82821
-15.87239
-15.9322
-40.01084
-40.30095
-42.04492
-44.07666
-47.0476
-50.75341
-54.81547
-58.445
-60.23544
-56.42469
-42.92777
-7.663122
-1.334483
37.34575
-7.339872
-6.823333
-10.55671
-13.41226
-15.30512
-16.39906
-16.98115
-17.27015
-17.3857
-17.46524
-17.44035
-17.47917
-43.3809
-43.8585
-45.81141
-48.35981
-51.92725
-56.47663
-61.65258
-66.66796
-69.52848
-66.14353
-52.35855
-27.53401
-44.25504
-13.19804
14.41411
0.1832304
-8.992692
-14.37637
-17.26936
-18.68635
-19.30293
-19.50667
-19.51153
-19.48796
-19.39015
-19.4078
-47.09102
-47.7476
-49.95148
-53.19634
-57.7571
-63.83848
-71.443
-80.54616
-88.24589
-87.71432
-75.96644
-57.51247
-67.15515
3.888552
20.93701
0.9475176
-11.8953
-18.08745
-20.89087
-22.06782
-22.37926
-22.28317
-22.05504
-21.85408
-21.66156
-21.65028
-50.76474
-51.58245
-54.10812
-58.22095
-64.19937
-72.45698
-84.50559
-101.2724
-112.216
-111.2633
-100.9119
-83.08332
-59.46879
-43.62725
-28.77996
-17.835
-21.33299
-24.90535
-26.42334
-26.68798
-26.23257
-25.56798
-24.95107
-24.48615
-24.16441
-24.11094
-53.87488
-54.82747
-57.6941
-62.74697
-70.50982
-81.66579
-98.52622
-120.5172
-129.5818
-130.0568
-122.0855
-108.3767
-94.13252
-43.13725
-29.01092
-33.91939
-36.09578
-35.1269
-34.02333
-32.52653
-30.76047
-29.24649
-28.07605
-27.258
-26.76527
-26.6545
-55.74138
-56.83784
-59.98073
-65.83863
-75.2873
-89.71806
-110.7832
-131.4794
-139.2453
-139.4007
-133.1805
-119.9577
-96.3282
-50.56605
-46.95032
-54.5609
-56.29184
-48.98401
-43.47499
-39.27056
-35.69731
-33.08389
-31.22191
-29.97891
-29.27502
-29.08453
-55.53403
-56.80699
-60.17474
-66.59324
-77.12475
-93.96754
-117.7271
-137.0719
-145.8941
-146.879
-144.2945
-135.6432
-114.6493
-99.99075
-89.67902
-83.58727
-78.48157
-65.82024
-53.85377
-46.11203
-40.57098
-36.72723
-34.09533
-32.3911
-31.46
-31.16995
-52.82675
-53.96598
-57.54715
-64.27721
-75.25337
-93.32142
-117.6993
-134.6311
-143.8414
-146.8152
-149.1582
-157.1965
-119.5829
-94.21154
-100.5988
-101.9714
-96.00248
-80.70853
-63.30966
-52.13116
-44.74669
-39.72248
-36.34173
-34.1876
-33.03249
-32.66329
-47.61805
-48.55132
-52.13492
-58.79511
-69.66942
-87.23319
-110.9625
-127.1817
-132.9305
-135.0299
-134.2973
-130.4827
-136.7075
-138.4472
-125.0039
-117.6887
-108.8102
-90.81023
-69.7977
-56.30626
-47.48786
-41.55562
-37.59121
-35.07145
-33.70476
-33.30156
-40.21919
-41.04199
-44.29477
-50.33756
-60.24724
-76.74848
-98.53959
-116.8541
-122.9114
-124.7821
-122.623
-136.3492
-109.5391
-119.6401
-128.1944
-126.1263
-116.5073
-96.28126
-72.47878
-57.92072
-48.29415
-41.85986
-37.58141
-34.85479
-33.34006
-32.93283
-31.1489
-31.82732
-34.51327
-39.54318
-47.7761
-61.3672
-84.61158
-104.4797
-113.6844
-116.8426
-108.1502
-105.4549
-137.4138
-135.8112
-133.9843
-130.659
-119.4083
-94.9464
-71.34761
-56.66962
-46.95145
-40.49692
-36.23148
-33.51905
-32.00383
-31.59251
-21.04761
-21.54503
-23.49907
-27.15533
-33.19781
-42.93874
-61.71409
-88.15102
-97.4484
-103.3188
-115.6211
-103.8695
-119.8954
-133.3911
-131.2895
-128.3048
-115.3987
-86.31892
-65.38689
-52.07946
-43.3007
-37.45469
-33.58129
-31.11259
-29.72855
-29.34901
-10.59475
-10.88876
-12.03738
-14.21587
-17.7879
-23.58721
-33.16546
-56.23798
-71.24951
-70.82555
-63.72134
-69.53487
-123.8112
-136.7386
-131.4003
-122.2771
-104.2605
-73.58878
-55.56015
-44.75132
-37.71398
-32.99377
-29.838
-27.81115
-26.66747
-26.35358
-0.4342479
-0.5303398
-0.8937636
-1.603895
-2.797019
-4.834823
-8.632689
-15.16332
-27.55562
-20.66527
-9.06031
-21.21118
-61.37159
-106.1878
-113.9499
-101.7169
-73.76411
-54.29131
-43.07795
-35.81193
-30.94607
-27.6154
-25.35557
-23.88871
-23.05437
-22.82867
8.914069
8.988845
9.294198
9.837768
10.72955
12.22895
14.75359
19.144
22.81146
36.31069
49.298
39.04989
-4.622403
-47.86646
-60.53418
-54.06156
-40.73258
-34.22006
-29.70585
-26.29177
-23.733
-21.86446
-20.5429
-19.66531
-19.16011
-19.03141
17.08682
17.29071
18.10058
19.59122
22.02699
25.83027
31.58722
40.13881
52.60599
66.43699
85.39391
84.41922
61.31915
17.76935
-3.376609
-13.32367
-16.70756
-17.60881
-17.63989
-17.27114
-16.75018
-16.22354
-15.77794
-15.44978
-15.24963
-15.20998
23.88654
24.16546
25.26225
27.24764
30.35413
34.88714
41.29536
49.96032
61.20495
72.96936
81.95747
81.64176
67.41124
45.63979
24.23099
9.297927
0.3727579
-4.822129
-7.817696
-9.551327
-10.54045
-11.08648
-11.36716
-11.4991
-11.55441
-11.58465
29.25575
29.55993
30.75046
32.86818
36.05934
40.51352
46.42438
53.93909
62.31552
70.4287
75.22024
73.46522
64.08496
50.00053
34.42531
21.08507
11.13896
4.258758
-0.3524679
-3.410172
-5.422549
-6.725579
-7.538589
-8.007197
-8.246502
-8.337376
33.24894
33.54478
34.71125
36.75905
39.76238
43.81054
48.93179
54.94735
61.12807
66.28488
68.79724
66.80705
59.95128
49.67504
37.89655
26.73107
17.37858
10.17474
4.899882
1.130672
-1.504386
-3.293076
-4.44483
-5.110646
-5.433131
-5.61375
35.9763
36.24831
37.34438
39.25148
41.99915
45.60697
50.01044
54.83812
59.47108
62.93926
64.21961
62.1901
56.6637
48.46942
38.89079
29.3115
20.73014
13.68382
8.245076
4.171255
1.21308
-0.8469409
-2.17889
-2.91166
-3.184614
-3.277919
37.53547
37.79556
38.83449
40.61809
43.16066
46.46472
50.4003
54.52787
58.29534
60.90355
61.56743
59.51671
54.63646
47.48539
39.03652
30.35653
22.27335
15.42854
9.996027
5.829221
2.742466
0.5663753
-0.8311908
-1.517803
-1.423971
-1.514135
37.96332
38.20073
39.21312
40.97144
43.46708
46.67634
50.44264
54.37964
57.92465
60.31494
60.82142
58.75875
54.03376
47.1367
38.96702
30.53155
22.65934
15.89324
10.43022
6.215416
3.079541
0.8612337
-0.5752469
-1.316669
-1.437064
0
