0.0000000 0.0000000
0.0000000 0.0000000
0.0000000 0.0000000
0.0000000 0.0000000
0.0000000 0.0000000
0.0000000 0.0000000
0.0000000 0.0000000
0.0000000 0.0000000
0.0000000 0.0000000
0.0000000 0.0000000
0.0000000 0.0000000
0.0000000 0.0000000
0.0000000 0.0000000
0.0000000 0.0000000
0.0000000 0.0000000
0.0000000 0.0000000
0.0000000 0.0000000
0.0000000 0.0000000
0.0000000 0.0000000
0.0000000 0.0000000
0.0000000 0.0000000
0.0000000 0.0000000
0.0000000 0.0000000
0.0000000 0.0000000
0.0000000 0.0000000
0.0000000 0.0000000
0.0000000 0.0000000
-1.0641266 0.5638875
-1.4970331 1.6656327
-0.9359132 2.6976862
-0.8053665 3.5677958
-0.8671368 4.4314852
-0.9416440 5.3478785
-1.0526147 6.3076682
-1.3109266 7.3902583
-1.9678352 8.7317038
-3.5231774 10.7157640
-8.2147732 13.1347589
9.0845375 12.1212311
13.7641115 -11.4962406
-7.7649417 -8.2605705
-3.5007236 -7.0914283
-1.7446616 -4.9339557
-1.0647236 -3.8949785
-0.7291403 -3.1726742
-0.5582873 -2.5962777
-0.4710185 -2.1017184
-0.4211468 -1.6512796
-0.4006971 -1.2352858
-0.4688408 -0.7833223
-0.5196171 -0.2887992
0.0000000 0.0000000
0.0000000 0.0000000
-2.3889396 0.6990716
-2.4193234 1.7907871
-1.7700424 2.5554998
-1.7364938 3.4961374
-1.7893605 4.4087110
-1.8582247 5.2956915
-2.0170605 6.1630201
-2.3923914 7.0015254
-3.2933056 7.7732997
-5.3125439 7.8839812
1.8895969 7.3054876
17.6774158 8.5779696
27.3653946 -3.0072639
8.5586290 -5.6233768
-4.4006839 -4.6322923
-2.5781870 -3.9289222
-1.7173707 -3.3440990
-1.2796702 -2.8669600
-1.0421309 -2.4227548
-0.9193247 -1.9997687
-0.8525270 -1.5827119
-0.8117011 -1.1739995
-0.9039348 -0.7754149
-1.0822644 -0.3218713
0.0000000 0.0000000
0.0000000 0.0000000
-3.6954317 0.7936149
-3.1051579 1.7907003
-2.6831601 2.5355017
-2.6716866 3.4907148
-2.6726184 4.4017129
-2.7106068 5.2692719
-2.7820847 6.0469961
-3.0084095 6.6000433
-3.5623441 6.6965566
-5.1830716 6.1579194
-2.4890118 -1.3365694
21.3889160 4.8698158
34.9246368 -9.2003441
-6.8783321 0.9510697
-4.6982985 -2.6988471
-2.9539800 -2.8870611
-2.0055380 -2.7969837
-1.6283747 -2.5841453
-1.4225217 -2.2773402
-1.3116595 -1.9237669
-1.2548400 -1.5489655
-1.2208868 -1.1487144
-1.2801927 -0.7825890
-1.6055367 -0.3519902
0.0000000 0.0000000
0.0000000 0.0000000
-4.8826003 0.8355038
-3.7740195 1.7466471
-3.6153164 2.5545108
-3.5947030 3.4859815
-3.5818536 4.4450355
-3.5247936 5.3746443
-3.4399235 6.1719913
-3.2947559 6.6896949
-3.1861286 6.6460190
-3.3492379 5.1987000
5.2817993 -4.3711195
15.5677805 1.8612040
29.7829399 -4.1569972
2.4524055 1.8929324
-3.4852097 -2.1596785
-2.7690506 -2.5309520
-2.0106688 -2.5189126
-1.8137267 -2.4263742
-1.7200212 -2.2019420
-1.6648898 -1.8868167
-1.6343415 -1.5353150
-1.6194283 -1.1469054
-1.6452836 -0.7880865
-2.0927827 -0.3687846
0.0000000 0.0000000
0.0000000 0.0000000
-5.8695989 0.8386550
-4.5282674 1.6690910
-4.5266914 2.5396140
-4.5535102 3.4818790
-4.5662818 4.5107861
-4.4617410 5.5962191
-4.2095966 6.6858926
-3.8945010 7.5571880
-2.7718253 7.6796780
-0.6298993 5.7058163
9.6851234 -3.1610000
15.3581209 1.1122662
37.7512741 -3.8527992
1.6946232 -1.0155154
-2.1126723 -2.3453882
-2.4754541 -2.6161647
-1.9918430 -2.5791528
-1.9546373 -2.4612200
-1.9970261 -2.2272611
-2.0101080 -1.9020386
-2.0089076 -1.5430645
-2.0100749 -1.1563845
-2.0210197 -0.7891492
-2.5340538 -0.3784716
0.0000000 0.0000000
0.0000000 0.0000000
-6.6206555 0.8124429
-5.3654380 1.5599703
-5.4364438 2.4466686
-5.5627222 3.4221215
-5.6686478 4.5288572
-5.7442036 5.9126477
-5.6492567 7.4414215
-4.5086827 8.0022478
-1.3100640 7.2310185
2.7796326 4.5840683
12.1850271 -1.8591769
15.6645327 1.1844985
36.2808990 -0.6573463
3.4135561 -2.3676538
-0.7768571 -3.1044490
-2.2948878 -3.3842883
-2.1492805 -3.0221906
-2.1609762 -2.6932518
-2.3239534 -2.3523884
-2.3855159 -1.9657476
-2.3991814 -1.5700715
-2.4022243 -1.1696329
-2.4113276 -0.7862489
-2.9247227 -0.3822043
0.0000000 0.0000000
0.0000000 0.0000000
-7.1332984 0.7609667
-6.2091451 1.4261745
-6.3490701 2.2630835
-6.6190729 3.2287633
-6.9527893 4.4260492
-7.5854139 6.0335851
-6.7506514 7.0619788
-3.5871029 6.6142945
0.9211987 4.8611479
5.5295343 3.0795228
14.2388363 -1.3734834
16.9437580 -0.2396052
33.3989868 -1.7994471
4.6650853 -3.4516697
0.2408459 -4.1604533
-2.3458033 -4.4124899
-2.7092106 -3.7532508
-2.5620093 -3.0661128
-2.7691386 -2.5394046
-2.8242750 -2.0539207
-2.8203907 -1.6015034
-2.8042448 -1.1759882
-2.8117242 -0.7751238
-3.2617438 -0.3782735
0.0000000 0.0000000
0.0000000 0.0000000
-7.4313989 0.6830266
-6.9595828 1.2484299
-7.2095203 1.9828043
-7.6695204 2.8572195
-8.4252090 3.9680901
-8.8946381 5.3026347
-6.5857239 5.4669485
-1.4804822 3.9936681
2.7035892 3.0383012
7.2610693 1.5245636
15.2921000 -1.7214153
17.7431087 -3.1334846
34.9806213 -2.8739843
5.5464740 -3.8068900
1.1886910 -4.8389521
-2.5028331 -5.2638264
-3.7818551 -4.5463309
-3.2683191 -3.4557092
-3.3729534 -2.7128494
-3.3382149 -2.1212134
-3.2758081 -1.6091367
-3.2179794 -1.1583524
-3.2118907 -0.7474617
-3.5430467 -0.3636866
0.0000000 0.0000000
0.0000000 0.0000000
-7.5475183 0.5706761
-7.5497198 1.0249134
-7.9337130 1.6095011
-8.5997429 2.3150387
-9.7747679 3.0425253
-9.1719065 3.5528173
-5.4042110 3.6203077
-0.6827614 2.5868962
4.2394023 0.6267872
8.7019978 -0.2121633
15.6783810 -2.6904285
26.4869423 -5.9290886
34.1472282 -7.4065099
8.7333412 -3.7844543
1.9659208 -5.2174125
-2.4553416 -5.5753822
-5.1106129 -4.8459220
-4.3127851 -3.6589515
-4.1214323 -2.7725787
-3.9164810 -2.1036637
-3.7534151 -1.5558453
-3.6325629 -1.0967160
-3.5943539 -0.6931667
-3.7675264 -0.3352774
0.0000000 0.0000000
0.0000000 0.0000000
-7.5663877 0.4220367
-7.9538341 0.7265658
-8.4500532 1.1200806
-9.2957478 1.6031951
-10.5817862 1.7947918
-8.9894447 1.6540873
-4.2196851 1.5294875
0.4612536 0.8618636
5.1212316 -0.3246937
9.7989035 -1.7264662
16.2392597 -3.8673410
37.1202965 -9.6883173
23.3337479 -5.2721710
9.3912020 -4.5778065
2.7546008 -4.8719358
-2.5553784 -5.1339145
-6.0578547 -4.3761907
-5.5841308 -3.3797770
-4.9060640 -2.6094873
-4.5071001 -1.9442080
-4.2216120 -1.4088427
-4.0253882 -0.9741209
-3.9359069 -0.6045967
-3.9394379 -0.2898691
0.0000000 0.0000000
0.0000000 0.0000000
-7.5317030 0.2440411
-8.1674309 0.3570165
-8.7305727 0.5017009
-9.6574316 0.6912686
-10.9086657 0.5975044
-8.6405592 0.2359497
-3.4844892 0.1603900
1.4396338 -0.6241696
5.9039531 -1.0294839
11.4160070 -2.3664610
18.3895607 -4.5791769
38.6347809 -11.1272125
15.3285847 -4.7227302
9.5175304 -4.4731803
3.2841775 -4.3230290
-2.8104842 -4.3953013
-6.8042154 -3.3567088
-6.6899223 -2.7417443
-5.6152434 -2.2009366
-5.0460982 -1.6203099
-4.6429291 -1.1530924
-4.3681989 -0.7823964
-4.2155881 -0.4771186
-4.0672669 -0.2266090
0.0000000 0.0000000
0.0000000 0.0000000
-7.4953771 0.0532247
-8.1863518 -0.0552638
-8.7557592 -0.1569562
-9.7255573 -0.2758717
-10.8035173 -0.6994098
-8.4562778 -0.9526401
-2.9732063 -1.0984362
2.3758082 -2.1021340
6.5288033 -2.4047177
12.2104397 -2.5037081
29.4275341 -8.9481058
36.0100822 -8.6717081
12.8397245 -4.5211477
8.7245560 -3.8660092
3.0865443 -3.4290299
-2.7430091 -3.3448670
-7.7057047 -2.1421204
-7.4464598 -1.9662837
-6.1883988 -1.5645170
-5.4738712 -1.1386393
-4.9725838 -0.7931924
-4.6287084 -0.5261576
-4.4152145 -0.3140183
-4.1499991 -0.1445747
0.0000000 0.0000000
0.0000000 0.0000000
-7.3412747 -0.1407913
-7.9870529 -0.4542396
-8.5204430 -0.7902850
-9.4261436 -1.1856121
-10.5528011 -1.7788014
-8.4407978 -2.0664129
-2.1822448 -1.8674301
2.7269380 -2.3755574
7.5157537 -3.9830389
14.4149561 -4.3899512
30.2630177 -10.6535206
34.0458641 -10.5132332
11.9103909 -3.9450641
7.7688017 -3.1863890
2.5773168 -2.5004919
-2.6492658 -1.9557264
-8.4738684 -0.9342356
-7.8984933 -1.0373434
-6.5463538 -0.7838435
-5.7414575 -0.5403066
-5.1747599 -0.3560072
-4.7824349 -0.2223519
-4.5262332 -0.1236867
-4.2011094 -0.0491850
0.0000000 0.0000000
0.0000000 0.0000000
-6.9977493 -0.3185901
-7.5839005 -0.8118735
-8.0567970 -1.3478894
-8.8328619 -1.9938393
-10.1375914 -2.8564744
-8.4881287 -3.1498163
-2.2692213 -2.8592329
3.3992891 -2.5158875
8.6679134 -3.9692261
18.2582054 -7.0690928
35.2638245 -6.5668516
24.9839516 -5.3973842
10.9656925 -2.7106502
7.0585051 -2.0064430
1.9249239 -1.4384347
-3.5202196 -0.5371597
-9.2597342 0.3223531
-8.0715771 0.0913679
-6.7012892 0.1187266
-5.8366346 0.1278724
-5.2328119 0.1241341
-4.8161178 0.1075881
-4.5410242 0.0827584
-4.1992188 0.0505439
0.0000000 0.0000000
0.0000000 0.0000000
-6.4917998 -0.4705204
-7.0044327 -1.1149204
-7.3894081 -1.8226717
-7.9799261 -2.6616023
-9.2510643 -3.8348374
-8.5306072 -4.7438807
-2.9792488 -4.1026278
3.7812371 -3.5794928
9.5617990 -3.9990058
23.0026779 -7.1148000
34.3050194 -10.4040108
22.3874702 -3.3369403
10.7156668 -1.7622756
6.6789670 -1.1295875
0.8483788 -0.4187289
-3.9656270 0.8501244
-9.3977737 2.1398213
-7.8222990 1.3131155
-6.5788264 1.0397429
-5.7292166 0.8062682
-5.1319151 0.6110317
-4.7190595 0.4426715
-4.4436898 0.2924571
-4.0971379 0.1497086
0.0000000 0.0000000
0.0000000 0.0000000
-5.8570647 -0.5894875
-6.2856636 -1.3443788
-6.5604792 -2.1790006
-6.9433560 -3.1493549
-7.8098068 -4.5165186
-8.4220734 -6.2622490
-2.7736866 -5.5686445
2.8634233 -4.9522634
11.0010014 -4.1079650
26.2743435 -7.3807182
28.0675755 -1.1337653
17.3058414 -3.3943594
9.2929850 0.4250382
4.2316880 0.2444843
-0.5708570 1.1786381
-5.1468349 3.5206335
-8.9774294 4.0173078
-7.2644043 2.5228541
-6.1683364 1.8930014
-5.4091268 1.4338793
-4.8699632 1.0640827
-4.4921918 0.7566252
-4.2359576 0.4898155
-3.8970072 0.2419096
0.0000000 0.0000000
0.0000000 0.0000000
-5.1347132 -0.6713862
-5.4723735 -1.4930722
-5.6237035 -2.3990238
-5.8112245 -3.4585238
-6.1039772 -4.8179741
-6.6294856 -6.8220506
-2.5085425 -8.1222630
3.2515724 -7.2974567
12.0409250 -6.9298611
23.8459778 -7.2255125
27.3842411 -7.9404368
15.9371614 -0.0216655
9.3811903 2.4293771
2.7990174 2.2882972
-1.9483171 3.8852320
-7.2613263 6.8301191
-7.6560221 4.9561467
-6.3879385 3.5107579
-5.5334525 2.5969675
-4.9148693 1.9548098
-4.4679523 1.4492654
-4.1494589 1.0283060
-3.9275055 0.6619174
-3.6075358 0.3213985
0.0000000 0.0000000
0.0000000 0.0000000
-4.3676434 -0.7148679
-4.6157689 -1.5585959
-4.6472826 -2.4803290
-4.6410470 -3.5595636
-4.6308308 -4.8746772
-4.6466560 -6.8310781
-3.4615633 -9.3377533
2.9000845 -9.5453453
10.0850096 -8.0875282
19.8166256 -5.4514356
21.3166237 4.4133630
18.9409237 -0.1863665
7.7392054 6.6094379
1.9678030 7.0071359
-2.5976512 8.3277493
-6.3733234 7.9412751
-5.7201419 5.5017018
-5.1995697 4.0955091
-4.7057905 3.0901747
-4.2908978 2.3366814
-3.9611523 1.7440145
-3.7148581 1.2437663
-3.5355933 0.8008853
-3.2428894 0.3848270
0.0000000 0.0000000
0.0000000 0.0000000
-3.5969059 -0.7220478
-3.7670088 -1.5456687
-3.7056844 -2.4285033
-3.5655894 -3.4147472
-3.3446720 -4.5730648
-2.9853010 -5.9708505
-2.1003151 -7.7107277
1.5136911 -9.6925716
7.4027972 -8.1691370
13.6603632 -3.0374873
17.2466927 2.3588583
12.4501715 6.8537621
7.2937622 8.6815834
0.9163148 10.8321133
-2.7615497 10.2345724
-3.5693445 7.4826217
-3.9638143 5.6534843
-3.9514747 4.3593678
-3.7918818 3.3674684
-3.5848932 2.5852013
-3.3844495 1.9453452
-3.2152698 1.3985065
-3.0807910 0.9037386
-2.8199759 0.4314779
0.0000000 0.0000000
0.0000000 0.0000000
-2.8564911 -0.6975883
-2.9645028 -1.4680254
-2.8409626 -2.2666566
-2.6026924 -3.1087112
-2.2142851 -4.0061002
-1.5903082 -4.9340110
-0.2276160 -5.9204659
1.9337864 -6.4787445
5.0691237 -6.1755023
8.3692980 -2.8589184
9.9557381 1.7196294
8.5937471 6.4683847
4.3881292 9.9335718
0.9570336 9.4406309
-0.9836844 8.0320597
-2.0673752 6.6733065
-2.6210134 5.4195771
-2.8586369 4.3572302
-2.9091277 3.4687178
-2.8613212 2.7159457
-2.7724960 2.0693412
-2.6755931 1.4985588
-2.5828319 0.9736993
-2.3572071 0.4623870
0.0000000 0.0000000
0.0000000 0.0000000
-2.1685574 -0.6512339
-2.2310295 -1.3506422
-2.0780563 -2.0459476
-1.7984912 -2.7325082
-1.3428662 -3.3846798
-0.6312735 -3.9789114
0.5134899 -4.3524084
2.0728421 -4.2866244
3.7564952 -3.3719969
5.3320546 -1.2707225
6.1037683 1.7680625
5.2468934 4.1407294
3.4346910 6.0230312
1.3720893 6.6864929
-0.1661543 6.4334126
-1.1541387 5.7720413
-1.7065855 4.9803081
-1.9970239 4.1850290
-2.1347971 3.4378247
-2.1743894 2.7545211
-2.1593699 2.1308289
-2.1177745 1.5577028
-2.0584426 1.0187265
-1.8675123 0.4869221
0.0000000 0.0000000
0.0000000 0.0000000
-1.5433227 -0.5956780
-1.5744936 -1.2231214
-1.4247389 -1.8217695
-1.1616293 -2.3730693
-0.7424722 -2.8377576
-0.1389362 -3.1614521
0.6795948 -3.2317247
1.6528018 -2.9286456
2.6578829 -2.0092969
3.4572456 -0.3548698
3.7917202 1.4570309
3.2905848 3.0926561
2.3243854 4.4185319
1.1656435 5.1263628
0.1319224 5.2599783
-0.6248026 4.9971566
-1.0790925 4.5266747
-1.3361527 3.9518502
-1.4803506 3.3416924
-1.5498979 2.7348483
-1.5701402 2.1492438
-1.5610245 1.5880543
-1.5236818 1.0476410
-1.3596781 0.4985155
0.0000000 0.0000000
0.0000000 0.0000000
-0.9800186 -0.5445153
-0.9899964 -1.1128974
-0.8687110 -1.6358373
-0.6648332 -2.0836182
-0.3550154 -2.4013517
0.0521836 -2.5509427
0.5618160 -2.4673808
1.1241020 -2.0587842
1.6483805 -1.2566180
2.0647991 0.0155283
2.1954920 1.2844421
1.9293995 2.5177808
1.4005671 3.5454710
0.7555075 4.2019167
0.1426136 4.4622207
-0.3391756 4.3965430
-0.6405149 4.1359749
-0.8178003 3.7333426
-0.9221222 3.2442231
-0.9795675 2.7078090
-1.0060391 2.1559165
-1.0114808 1.6079153
-0.9875246 1.0783856
-0.7994748 0.5958830
0.0000000 0.0000000
0.0000000 0.0000000
-0.4557449 -0.5224888
-0.4373220 -1.0331297
-0.3711886 -1.4642551
-0.2686304 -1.7735841
-0.1165269 -1.9231473
0.0833362 -1.9743975
0.3194604 -1.8409078
0.5652016 -1.4382550
0.7717547 -0.7699789
0.9279674 0.1639974
0.9598494 1.1262538
0.8254486 2.0880158
0.5782776 2.8917317
0.2861957 3.4245963
0.0122939 3.6545136
-0.1965678 3.6671052
-0.3304377 3.5955291
-0.4097165 3.3992260
-0.4491240 3.0881615
-0.4656112 2.6815903
-0.4689780 2.2074165
-0.4651062 1.6938181
-0.4424137 1.1841936
-0.3105550 0.7673458
0.0000000 0.0000000
0.0000000 0.0000000
0.0000000 0.0000000
0.0000000 0.0000000
0.0000000 0.0000000
0.0000000 0.0000000
0.0000000 0.0000000
0.0000000 0.0000000
0.0000000 0.0000000
0.0000000 0.0000000
0.0000000 0.0000000
0.0000000 0.0000000
0.0000000 0.0000000
0.0000000 0.0000000
0.0000000 0.0000000
0.0000000 0.0000000
0.0000000 0.0000000
0.0000000 0.0000000
0.0000000 0.0000000
0.0000000 0.0000000
0.0000000 0.0000000
0.0000000 0.0000000
0.0000000 0.0000000
0.0000000 0.0000000
0.0000000 0.0000000
0.0000000 0.0000000
0.0000000 0.0000000
0.0000000 0.0000000
-0.0345152 0.0189052
0.0000000 0.0000000
-0.2997599 0.0360514
-0.4014659 0.4770376
-0.4858356 1.1462085
0.0000000 0.0000000
-1.4140791 1.0619898
-0.4659069 2.0355918
-0.4170125 2.8170118
0.0000000 0.0000000
-1.1629703 2.2652609
-0.3456471 3.4366770
-0.3218490 3.9899478
0.0000000 0.0000000
-0.8393636 3.1656606
-0.3071072 4.5007968
-0.3138766 4.9967928
0.0000000 0.0000000
-0.8312795 4.0094309
-0.3216880 5.5348516
-0.3381708 6.0718446
0.0000000 0.0000000
-0.8980848 4.9000463
-0.3489586 6.6647339
-0.3791457 7.2378883
0.0000000 0.0000000
-0.9732921 5.8215880
-0.3964721 7.9231653
-0.4644669 8.5714598
0.0000000 0.0000000
-1.1212207 6.8087039
-0.5126688 9.4701405
-0.6698995 10.2867289
0.0000000 0.0000000
-1.4820328 7.9774075
-0.8221520 11.6951494
-1.1397648 12.9781752
0.0000000 0.0000000
-2.3829987 9.7765913
-1.6711639 15.2641363
-1.9012631 18.1552830
0.0000000 0.0000000
-4.5838966 14.2417974
-1.7478309 20.8903942
-2.3491435 24.8381653
0.0000000 0.0000000
3.5534420 13.4902067
4.6251659 16.2708054
8.2612114 10.7206593
0.0000000 0.0000000
12.0665522 9.0435524
12.9423285 -8.4171572
-2.6638520 -8.1614332
0.0000000 0.0000000
12.4663010 -5.0167003
-0.4952044 -12.2586336
0.2504165 -13.4038954
0.0000000 0.0000000
-10.1919289 -9.6004562
0.3660079 -8.9440031
-0.2154631 -7.3148236
0.0000000 0.0000000
-2.6670649 -6.4701419
-0.4743244 -6.5558801
-0.4045025 -5.4880586
0.0000000 0.0000000
-1.4070067 -4.5845447
-0.3614231 -4.9034324
-0.3071422 -4.3188853
0.0000000 0.0000000
-0.8840130 -3.5821912
-0.2523420 -3.8605757
-0.2290457 -3.4552665
0.0000000 0.0000000
-0.6332920 -2.9025640
-0.2005791 -3.1026661
-0.1888403 -2.7771914
0.0000000 0.0000000
-0.5090187 -2.3585160
-0.1745857 -2.4809282
-0.1682059 -2.1972148
0.0000000 0.0000000
-0.4438990 -1.8807540
-0.1592856 -1.9335266
-0.1528611 -1.6707523
0.0000000 0.0000000
-0.4068714 -1.4429700
-0.1495778 -1.4257782
-0.1528098 -1.1715419
0.0000000 0.0000000
-0.4218563 -1.0256702
-0.1709834 -0.8971192
-0.1793506 -0.6033545
0.0000000 0.0000000
-0.5144422 -0.5395882
-0.1715685 -0.3126060
-0.1131249 -0.0315447
0.0000000 0.0000000
-0.2198829 -0.0570686
0.0000000 0.0000000
0.0000000 0.0000000
-0.4294617 0.1083198
-0.8256378 0.1682285
-1.7140275 0.6089809
-2.0358336 1.2534974
-2.6091444 1.2886032
-1.8454527 1.8663254
-1.5606320 2.3102672
-2.0132504 2.1409273
-1.3354430 2.6930702
-1.2534612 3.1722887
-1.7396159 3.0176888
-1.2687885 3.6128891
-1.2970936 4.0766029
-1.7654396 3.9486504
-1.3271736 4.5464864
-1.3690828 4.9977307
-1.8132021 4.8374200
-1.4028112 5.4820480
-1.4856224 5.9119883
-1.9061038 5.6935782
-1.5634297 6.4497676
-1.7563151 6.8594885
-2.1327121 6.4974437
-1.9520472 7.5188985
-2.4053850 7.8954921
-2.7070069 7.1454916
-2.8732586 8.8469744
-4.0733423 9.0704145
-4.1173368 7.2473578
-5.5437055 10.4943838
-8.8664885 11.6333008
-9.6289864 7.6288457
-1.3363646 8.2048044
7.6970601 10.9319534
12.5600996 10.8715315
10.7348242 7.9607615
15.9243374 7.8539462
21.1288223 5.6806197
25.7848415 -8.4669600
19.9387112 -2.3728390
20.5607586 -1.4835100
2.2285800 -9.1761379
-9.5068264 -6.7831345
-5.9487152 -5.5145931
-4.1188335 -5.4095187
-3.0889578 -5.2826219
-3.2290850 -4.2307467
-2.1386726 -4.3936877
-1.7313440 -4.0697775
-2.0422244 -3.6481502
-1.3633627 -3.6406958
-1.1661963 -3.3487365
-1.4569161 -3.1532638
-0.9829655 -3.0203195
-0.8871444 -2.7822697
-1.1396450 -2.6811206
-0.7920749 -2.5042427
-0.7448129 -2.2888663
-0.9692556 -2.2335877
-0.6957253 -2.0452306
-0.6699597 -1.8389989
-0.8809406 -1.8055685
-0.6410205 -1.6136667
-0.6221821 -1.4107019
-0.8281860 -1.3827113
-0.6070232 -1.2035986
-0.6211241 -0.9919898
-0.8305041 -0.9777991
-0.6864007 -0.7683172
-0.7699102 -0.5390480
-1.0079930 -0.5558591
-0.7958825 -0.2936760
-0.3392896 -0.0798669
-0.5056966 -0.0983478
0.0000000 0.0000000
0.0000000 0.0000000
-1.1940100 0.2187634
-1.6819214 0.2734131
-3.0294454 0.7464484
-3.1296475 1.3524555
-3.5469511 1.3756282
-2.7330213 1.8195370
-2.3552127 2.1262431
-2.8038158 2.0895438
-2.2060337 2.5245774
-2.1884923 3.0315864
-2.6813025 3.0031676
-2.2066915 3.4902668
-2.2139909 3.9546590
-2.6867576 3.9217918
-2.2313347 4.4021931
-2.2517123 4.8386688
-2.6997128 4.8049250
-2.2818444 5.2868042
-2.3503568 5.6709900
-2.7381306 5.6182470
-2.4035490 6.1239886
-2.5694234 6.3977046
-2.8474483 6.2742648
-2.7053022 6.8495545
-3.0742602 6.9266710
-3.1379740 6.6697054
-3.3612170 7.2677836
-3.9334428 7.1387134
-3.8493154 6.7538934
-3.8459139 7.3770962
-8.9100428 7.2639637
-7.9071550 7.5478258
-8.9220257 5.8033276
8.7859182 6.6805644
13.1400166 2.5183587
17.6987820 7.8306079
20.6835842 5.1075029
33.9870872 0.1485119
31.7434559 -2.4160752
23.9455185 -1.0331020
28.3893185 -0.1689407
-4.0723639 2.9007356
-6.0668435 -4.5765548
-6.5771499 -2.3744631
-4.6203084 -3.7097366
-3.7982488 -3.6033709
-3.8667626 -2.9341321
-2.7925351 -3.3315015
-2.3057070 -3.2642879
-2.3757865 -2.8842218
-1.8727361 -3.0139565
-1.6604632 -2.9347184
-1.7644669 -2.7359886
-1.4589279 -2.6966898
-1.3509166 -2.5695999
-1.5052469 -2.4740033
-1.2369645 -2.3348868
-1.1806229 -2.1768258
-1.3563806 -2.1291924
-1.1204237 -1.9539975
-1.0899334 -1.7767212
-1.2765785 -1.7531559
-1.0587109 -1.5607105
-1.0411391 -1.3706613
-1.2348541 -1.3578339
-1.0223339 -1.1593395
-1.0321636 -0.9640689
-1.2265005 -0.9575057
-1.0917929 -0.7741916
-1.2104976 -0.5689749
-1.4180011 -0.5767653
-1.3326128 -0.3384637
-0.6847098 -0.1141945
-0.8844723 -0.1253450
0.0000000 0.0000000
0.0000000 0.0000000
-2.1806099 0.3148451
-2.7552106 0.3491058
-4.2769637 0.8176608
-3.9530692 1.3870034
-4.2934456 1.3794976
-3.4328582 1.7762907
-3.1823597 2.0947928
-3.6461601 2.0896187
-3.1310039 2.5327494
-3.1295938 3.0291021
-3.6149261 3.0048351
-3.1341698 3.4687049
-3.1088517 3.9547575
-3.6195633 3.9318013
-3.1304662 4.3904409
-3.1117084 4.8596873
-3.6097324 4.8586349
-3.1225967 5.2749457
-3.0919006 5.6941495
-3.5433645 5.7116866
-3.0954564 6.0491891
-3.1123266 6.3344212
-3.4028602 6.3536134
-3.0923591 6.5742273
-3.2550762 6.5463376
-3.2057099 6.4917026
-3.3742890 6.6031861
-3.9991627 6.0908122
-3.4173529 5.7005820
-4.8334088 5.6764512
-8.3538408 6.1994610
-5.9732800 3.3944776
1.5093248 -4.9355698
9.7960739 0.4739059
9.6522179 -0.7102147
15.1034164 2.3612881
21.4010391 3.8189666
22.0712070 1.2009825
33.5146484 -1.8208739
32.7004929 0.5216730
32.2625389 1.2064053
-4.3041315 1.1996051
-5.0113034 -0.5367123
-3.0588734 0.3546568
-4.1883550 -2.0614281
-3.7205827 -2.3970101
-3.2749312 -1.9730470
-2.8997915 -2.5778110
-2.4499972 -2.6260431
-2.3340669 -2.4640539
-2.0438957 -2.5921342
-1.8770118 -2.5979366
-1.8604157 -2.5017259
-1.7475880 -2.4708121
-1.6731519 -2.4040337
-1.7552537 -2.3498645
-1.5891820 -2.2222564
-1.5470103 -2.0962691
-1.6851454 -2.0682759
-1.5010612 -1.8971115
-1.4764817 -1.7372255
-1.6442699 -1.7212253
-1.4528702 -1.5383488
-1.4392364 -1.3533486
-1.6229551 -1.3451978
-1.4270079 -1.1467522
-1.4272028 -0.9544524
-1.6171046 -0.9498273
-1.4640268 -0.7845389
-1.5978236 -0.5821618
-1.7910601 -0.5822504
-1.8369267 -0.3623286
-1.1023917 -0.1330290
-1.3235991 -0.1387984
0.0000000 0.0000000
0.0000000 0.0000000
-3.3236499 0.3725383
-3.9385502 0.3863275
-5.3638253 0.8416032
-4.6371794 1.3578522
-4.9571972 1.3237162
-4.1481709 1.7093898
-4.0610361 2.0939186
-4.5242624 2.0787766
-4.0583448 2.5423217
-4.0525007 3.0183675
-4.5505791 2.9910510
-4.0688710 3.4642901
-4.0492969 3.9877791
-4.6044679 3.9669850
-4.0808883 4.4328470
-3.9961939 4.9896955
-4.6122475 4.9864764
-4.0145273 5.3968420
-3.8567052 5.9458566
-4.4991965 6.0389805
-3.8018749 6.2892904
-3.5654135 6.7411885
-4.1206503 7.0968537
-3.3369009 7.0108294
-3.1640282 7.1347923
-3.4345143 7.8143873
-2.7746885 7.1429639
-2.2407210 6.7111101
-1.7975872 6.9116340
-1.1347337 5.0895782
-1.5832727 4.3958764
-0.6810950 5.4160128
7.4644542 -4.2094698
10.4808664 -0.8413898
12.6919374 0.9600477
15.1257448 1.2171109
18.9916573 1.2980843
22.2355289 -0.6602664
35.9258804 -3.4969780
30.5596657 1.9631019
28.0817051 2.9344966
-1.6564447 -1.7350571
-1.3305784 0.0455282
-0.9629903 -0.6543033
-2.9066267 -2.2900062
-3.0372365 -1.9892000
-2.6069274 -2.2248018
-2.6832311 -2.4712200
-2.3871348 -2.4788315
-2.2509251 -2.5613320
-2.0503650 -2.4858418
-1.9578061 -2.5022743
-1.9211638 -2.5228195
-1.9226398 -2.4128697
-1.9095861 -2.3511879
-1.9732358 -2.3581016
-1.8842239 -2.1991551
-1.8707089 -2.0715594
-2.0003502 -2.0727453
-1.8545240 -1.8872551
-1.8424706 -1.7224702
-2.0059612 -1.7177730
-1.8331970 -1.5367821
-1.8231196 -1.3452278
-2.0046139 -1.3393023
-1.8217241 -1.1511747
-1.8170277 -0.9502958
-2.0070777 -0.9448570
-1.8354620 -0.7896169
-1.9634225 -0.5809739
-2.1517489 -0.5760146
-2.3005514 -0.3750557
-1.5593853 -0.1431447
-1.7932502 -0.1463188
0.0000000 0.0000000
0.0000000 0.0000000
-4.5282679 0.3918040
-5.1388106 0.3881294
-6.2341294 0.8301787
-5.2803693 1.2775369
-5.6118975 1.2182709
-4.9435482 1.6142263
-4.9478607 2.0603187
-5.4016752 2.0122204
-4.9748635 2.4932210
-4.9956884 2.9801383
-5.5090919 2.9242589
-5.0516925 3.4412155
-5.0643339 4.0047259
-5.6579652 3.9562058
-5.1171889 4.4840703
-5.0389996 5.1400967
-5.8140516 5.1443415
-5.1204228 5.6329513
-4.8781371 6.4693203
-5.8670936 6.6546249
-4.8552580 7.0004492
-4.5894208 7.7062912
-5.1153531 8.0734549
-3.9718657 8.1598091
-3.1918411 8.1314163
-2.9709034 7.9250903
-1.7926998 7.6575041
-0.0234866 6.6800785
0.5566466 5.8508906
1.7786987 5.1777749
1.6636275 4.8286972
2.6969306 4.0579195
11.1363573 -2.1226034
12.7505369 1.5743293
13.3172264 1.4718761
15.2961054 1.4335949
18.9567986 0.4687340
22.0843430 -1.6044402
34.3298836 -1.7217864
32.1143532 0.0118722
29.0577755 -0.3886922
1.0611042 -2.9261982
-0.0535850 -0.4729640
1.4612968 -0.9460512
-1.9383847 -2.4038949
-2.4391387 -2.5436542
-1.7317691 -2.7126009
-2.5002029 -2.8732994
-2.3918512 -2.8170462
-2.3161719 -3.0775461
-2.1311786 -2.7434840
-2.0772226 -2.6648941
-2.1053202 -2.8064213
-2.1027048 -2.5527427
-2.1465750 -2.4350944
-2.2428603 -2.5032742
-2.1888459 -2.2796998
-2.2017710 -2.1124706
-2.3539770 -2.1405420
-2.2166522 -1.9298687
-2.2132788 -1.7343904
-2.3897424 -1.7388306
-2.2171235 -1.5563782
-2.2071652 -1.3428094
-2.3948467 -1.3375286
-2.2136734 -1.1634667
-2.2065430 -0.9455312
-2.4000380 -0.9379500
-2.2185767 -0.7896616
-2.3242323 -0.5713930
-2.5122285 -0.5629965
-2.7164705 -0.3817393
-2.0384135 -0.1492428
-2.2797539 -0.1506827
0.0000000 0.0000000
0.0000000 0.0000000
-5.7085567 0.3771566
-6.2769804 0.3589306
-6.8673553 0.7900626
-5.9387312 1.1503268
-6.2873535 1.0707138
-5.7860541 1.4931431
-5.8134437 1.9555269
-6.2509551 1.8613466
-5.8910728 2.3586073
-5.9632049 2.8687329
-6.4799838 2.7561584
-6.0889301 3.3273950
-6.1582355 3.9274955
-6.7788849 3.8165591
-6.3120461 4.4541740
-6.3824873 5.2900987
-7.3310242 5.2551560
-6.6329713 5.9757175
-6.5557218 6.9838109
-7.3312058 6.8701081
-6.1242361 7.6038165
-5.5096579 7.7190657
-5.2996964 7.3080149
-3.9241812 7.7963037
-1.9451166 7.2031054
-1.2108382 5.7303658
0.2753571 6.1520305
2.4862280 4.9244361
3.2483754 3.8997064
4.5288420 3.6735072
4.3078012 3.4215961
5.3017693 2.7143850
13.6767139 -1.5268669
13.9484634 1.3442868
14.1581697 0.9721657
16.8964252 0.1651103
24.1254883 -0.1862085
31.1460629 -3.7192235
32.0798950 -2.9992194
27.5148468 -3.8945780
18.7451324 -4.3052006
5.5304551 -2.7377024
2.5240271 -2.1034126
2.3999429 -3.2271950
-0.3597917 -3.6699455
-1.5867738 -3.4959161
-1.3152120 -4.1003027
-2.4142106 -3.8448386
-2.6069460 -3.6061156
-2.7731447 -4.0568194
-2.4864867 -3.3583729
-2.4008269 -3.0863788
-2.6201386 -3.3363786
-2.4062042 -2.8722987
-2.4772558 -2.6359901
-2.6557171 -2.7440784
-2.5742543 -2.4446142
-2.5925620 -2.2037685
-2.7937272 -2.2421279
-2.6241815 -2.0116253
-2.6153698 -1.7616926
-2.8196862 -1.7652634
-2.6228981 -1.5890107
-2.6054914 -1.3406638
-2.8057926 -1.3310344
-2.6109662 -1.1751500
-2.5995924 -0.9358739
-2.7975879 -0.9232684
-2.6137304 -0.7837133
-2.6870646 -0.5553861
-2.8775673 -0.5432813
-3.0805092 -0.3818438
-2.5289557 -0.1521695
-2.7732058 -0.1519581
0.0000000 0.0000000
0.0000000 0.0000000
-6.7914467 0.3351569
-7.2903695 0.3069029
-7.2760849 0.7255289
-6.6191082 0.9786934
-6.9592304 0.8746703
-6.5890641 1.3396789
-6.6381049 1.7446314
-7.0396056 1.5929763
-6.7874727 2.1295016
-6.9222865 2.6198649
-7.4115324 2.4179871
-7.1492095 3.0545356
-7.3185301 3.6825306
-7.9590735 3.4550536
-7.7083402 4.2202382
-8.1382370 5.1641402
-8.9549608 4.9161377
-8.2821741 5.8037257
-7.7341599 6.3536930
-7.8164449 5.7020345
-6.5342174 6.5361795
-5.0421062 6.0233979
-4.1594868 4.9961982
-2.5216792 5.3169951
-0.0505455 4.4969912
0.6514810 3.5698514
1.8993229 3.8611212
4.1711311 2.9969766
4.9928942 2.2093918
6.4230385 2.3654392
6.3872614 1.6719826
7.6622157 0.6876269
14.8206358 -1.3110043
14.9625797 0.6432481
15.0582075 -0.1709166
17.0571117 -1.5532337
32.4784966 -4.6792846
36.9248352 -4.7986569
35.2371750 -3.2424884
23.3064194 -4.2888227
18.0701809 -5.0528488
5.5085969 -3.5391445
3.0693319 -3.5567794
3.6295865 -3.8404224
0.9014524 -4.4784250
-0.9920723 -4.6061716
-0.7789935 -5.2044697
-2.4861112 -4.9132032
-3.1659825 -4.6003108
-3.4557076 -5.0762978
-3.2860687 -4.1834455
-3.1325765 -3.6851554
-3.6295836 -3.9666257
-2.9560931 -3.2775588
-2.9819362 -2.8921666
-3.2771614 -2.9888208
-3.0949669 -2.6371286
-3.0837085 -2.3013699
-3.3487320 -2.3191867
-3.1005530 -2.0975664
-3.0665882 -1.7783195
-3.3033023 -1.7656256
-3.0606833 -1.6126131
-3.0250101 -1.3253405
-3.2401681 -1.3025980
-3.0184500 -1.1719728
-2.9970875 -0.9136164
-3.1986134 -0.8915479
-3.0135102 -0.7655283
-3.0541620 -0.5316120
-3.2466803 -0.5143817
-3.3899767 -0.3730803
-3.0203183 -0.1514106
-3.2620106 -0.1490693
0.0000000 0.0000000
0.0000000 0.0000000
-7.7225356 0.2732156
-8.1285782 0.2357501
-7.4836025 0.6300964
-7.2695570 0.7595727
-7.5670028 0.6437222
-7.2677860 1.1397440
-7.3864517 1.4133314
-7.7175822 1.2157503
-7.5944567 1.8036048
-7.8195219 2.1717420
-8.2270327 1.8835486
-8.1571712 2.6016130
-8.5092049 3.1748405
-9.0912952 2.8128278
-9.1353664 3.5701916
-9.6246481 4.5111661
-10.0438595 3.9254704
-9.0566416 4.5834026
-7.8811512 4.7663918
-7.6316309 3.9265981
-6.0096889 4.6565371
-3.2611415 3.6530221
-2.6540332 2.7706423
-1.1438588 2.8352377
0.9133178 2.4485502
1.9868087 1.5101099
3.2751005 1.6993411
5.6067100 1.0784249
6.4195199 0.2222769
7.9521837 0.6346387
8.7789927 -0.4758177
10.1697359 -1.4759040
15.4819326 -1.9302039
14.6248827 -1.6979893
16.3499527 -2.9147761
26.2170906 -6.1420193
36.1563187 -9.9402170
37.9726410 -9.6665993
34.3676109 -7.4576077
17.5086079 -4.7145643
11.6261215 -3.9349673
7.1308374 -3.4894154
4.3008800 -4.3552370
5.7176518 -4.1530943
2.0395868 -4.8359585
-0.5668896 -5.3453274
-0.2669446 -5.2693520
-2.4554462 -5.4645634
-3.8163497 -5.3667669
-4.0474186 -5.3907428
-4.4785352 -4.7875352
-4.3473563 -4.2264543
-5.0338979 -4.3622727
-3.8241594 -3.6040170
-3.7007682 -3.0982177
-4.1235294 -3.1279070
-3.7654424 -2.7694368
-3.6839690 -2.3369899
-4.0143533 -2.2966857
-3.6438248 -2.1321912
-3.5669868 -1.7500429
-3.8309400 -1.7023468
-3.5253143 -1.5940994
-3.4620571 -1.2771070
-3.6863918 -1.2311009
-3.4318485 -1.1348106
-3.3930230 -0.8682727
-3.5937476 -0.8314946
-3.4041498 -0.7256287
-3.4215589 -0.4963959
-3.6112876 -0.4722861
-3.6432707 -0.3520930
-3.4998257 -0.1461699
-3.7297466 -0.1409172
0.0000000 0.0000000
0.0000000 0.0000000
-8.4486284 0.1961708
-8.7368565 0.1509179
-7.5510397 0.5001532
-7.8214712 0.5191973
-8.0386763 0.3918987
-7.7693152 0.8828807
-7.9921393 0.9910154
-8.2217827 0.7608163
-8.2267637 1.3797116
-8.5618734 1.5403308
-8.8347607 1.1883439
-9.0003633 1.9812106
-9.5736475 2.3476064
-9.9330330 1.8278158
-10.2366648 2.4475741
-10.3004465 3.1860256
-10.4066458 2.4472060
-9.0622339 2.6214683
-7.3799911 3.0518246
-7.0850677 2.1584256
-4.7171021 2.5512621
-2.1888673 2.1649859
-1.9203831 1.1642067
-0.3582819 2.1054652
2.5833366 1.0973034
3.0380082 0.2505962
4.7654862 -0.0367027
7.1187797 -0.3827126
7.7596960 -0.8067831
9.1396599 -1.0821805
11.4080029 -2.1770434
12.8182621 -2.6886399
15.8749504 -3.1442504
20.0718288 -4.5966525
22.4121304 -5.2436523
34.7245636 -8.0812597
38.6970863 -8.7016973
36.5065002 -8.4273825
26.4335194 -4.9328709
10.7673016 -4.5190492
10.4549389 -4.4488678
9.6787605 -4.2330799
5.9298844 -4.6866632
6.1977744 -4.8705621
2.9971671 -5.0551262
0.0904966 -5.1982951
-0.1877821 -5.0495572
-2.3066711 -5.4028397
-4.2706771 -5.2431808
-4.5506654 -4.9612389
-5.5933790 -4.6898708
-5.7228837 -4.3623829
-6.3688569 -4.2017889
-4.9785843 -3.5957808
-4.6190228 -3.0976448
-5.1171679 -2.9566705
-4.5375037 -2.7281287
-4.3559165 -2.2273331
-4.7061415 -2.1055074
-4.2254553 -2.0478544
-4.0930414 -1.6364712
-4.3618722 -1.5384701
-3.9972401 -1.4968741
-3.8994029 -1.1746073
-4.1178451 -1.0972803
-3.8354340 -1.0445819
-3.7748199 -0.7888819
-3.9636660 -0.7333711
-3.7663367 -0.6548734
-3.7761405 -0.4453972
-3.9548228 -0.4125828
-3.8422556 -0.3155419
-3.9498219 -0.1346310
-4.1568789 -0.1257223
0.0000000 0.0000000
0.0000000 0.0000000
-8.9300518 0.1008785
-9.0689144 0.0543646
-7.5570884 0.3363307
-8.1941605 0.2554556
-8.2983789 0.1185798
-8.0851440 0.5444624
-8.3881445 0.5131643
-8.4926662 0.2630270
-8.6290731 0.8185113
-9.0414858 0.7996053
-9.1501226 0.4194232
-9.5401945 1.1632553
-10.2057209 1.2577685
-10.3542423 0.7161256
-10.8036633 1.2313389
-10.4630222 1.6579375
-10.3998652 0.9160796
-8.7944002 0.9189814
-6.7644601 1.2168169
-6.3660145 0.4765766
-3.9303315 0.7191330
-1.5392715 0.4528531
-1.1119155 -0.1610120
1.0560730 0.1248994
3.6361392 -0.3000373
3.9741564 -0.7987072
5.5143294 -0.5326212
8.4125252 -1.1160573
8.8803539 -1.5503947
10.6686640 -2.1480334
14.1343889 -2.7208340
15.0624037 -2.3925860
18.3269215 -4.3546925
21.8382034 -5.7432280
35.3897057 -10.6552925
38.1521072 -10.6655321
36.4160881 -9.9525604
32.4106941 -10.2750921
18.8711929 -5.7852259
10.0957260 -4.3202653
11.3640308 -4.5457029
9.5989561 -4.4862332
6.2505255 -4.6569095
6.3690929 -4.2606263
3.2533653 -4.5263271
0.3344773 -4.7190533
0.1302684 -4.3343568
-2.4699936 -4.7869616
-4.7154450 -4.5828266
-5.1255512 -4.1967325
-6.3437953 -3.9169409
-6.9076233 -3.8992405
-7.4085531 -3.4986064
-6.1765900 -3.1117525
-5.5737176 -2.7517593
-6.0423789 -2.4585257
-5.2832546 -2.4491453
-5.0114779 -1.9428355
-5.3345103 -1.7416552
-4.7880611 -1.8058996
-4.5978723 -1.4123143
-4.8438163 -1.2593061
-4.4405084 -1.2959458
-4.3068113 -1.0027614
-4.5021205 -0.8902882
-4.2029114 -0.8878952
-4.1212897 -0.6679645
-4.2850227 -0.5914607
-4.0778103 -0.5470979
-4.0980387 -0.3744937
-4.2528811 -0.3323764
-3.9924140 -0.2613263
-4.3463931 -0.1143014
-4.5202727 -0.1017308
0.0000000 0.0000000
0.0000000 0.0000000
-9.1331625 0.0003897
-9.1172695 -0.0439366
-7.5324807 0.1442423
-8.3397446 -0.0170432
-8.3056173 -0.1519543
-8.2174225 0.1514839
-8.5413790 0.0061093
-8.5092106 -0.2410857
-8.7894926 0.1675044
-9.2101259 0.0293252
-9.1789217 -0.3451999
-9.7512493 0.2062710
-10.4313126 0.1448821
-10.3649979 -0.4223852
-10.8957062 -0.0273945
-10.3211842 0.1693511
-10.2281885 -0.5470518
-8.5085268 -0.3371401
-6.1421800 -0.2215855
-5.8941855 -0.7998333
-3.3560896 -0.5171659
-0.8653436 -1.1278198
-0.7687337 -1.6066647
2.0104704 -1.6876645
4.3205352 -1.8130058
4.5773611 -2.4821432
6.1615553 -1.7047569
9.0599108 -2.2064228
9.0778885 -2.9649143
12.1261158 -2.1412835
14.8926945 -3.0315740
15.9339113 -4.1876926
24.7450523 -8.2654381
33.1412926 -9.7905846
38.4928780 -8.9069958
34.0031242 -7.5889311
28.9926300 -6.4822950
22.4450016 -5.1540866
15.6395159 -5.4226832
10.2411880 -4.2351561
10.3272839 -4.1916966
9.2168369 -4.1662412
6.0852122 -4.0296984
5.8006668 -3.6775539
3.3974888 -3.8229291
0.3865229 -3.8213553
0.3613800 -3.3018744
-2.6769717 -3.8953457
-5.3242445 -3.7098410
-5.6158676 -3.2541373
-7.1771965 -2.7732413
-7.7825761 -3.0303683
-8.1582193 -2.5257366
-7.0980325 -2.3960786
-6.3829741 -2.0900455
-6.7371268 -1.6935444
-5.9173760 -1.9159015
-5.5748301 -1.4868464
-5.8342738 -1.2144549
-5.2668023 -1.3986136
-5.0269489 -1.0729429
-5.2249031 -0.8718880
-4.8132930 -0.9864426
-4.6472745 -0.7561569
-4.8002968 -0.6118055
-4.5041065 -0.6632724
-4.4057741 -0.5021732
-4.5288215 -0.4057222
-4.3191814 -0.4012989
-4.3635573 -0.2839190
-4.4759927 -0.2302930
-4.1027961 -0.1889231
-4.6650162 -0.0850017
-4.7908459 -0.0702854
0.0000000 0.0000000
0.0000000 0.0000000
-9.0481224 -0.0812287
-8.9113426 -0.1143062
-7.4735060 -0.0467275
-8.2395391 -0.2987481
-8.1032000 -0.4320282
-8.1293812 -0.2586537
-8.4425926 -0.4983178
-8.2877417 -0.7330341
-8.6844950 -0.4799411
-9.1045370 -0.7287577
-8.9181995 -1.0862087
-9.6364365 -0.7343708
-10.2403326 -0.9703531
-10.0541296 -1.4631107
-10.6899920 -1.2512085
-10.1513367 -1.1674712
-10.0538416 -1.7155839
-8.4270344 -1.5086341
-5.6661329 -1.2836816
-5.7130189 -1.8616536
-2.3171821 -1.4348267
0.2809368 -1.8878220
0.4653526 -2.0832131
2.4922705 -2.4746172
4.7626705 -2.7812011
5.2108893 -2.8835218
6.8847303 -3.4042873
9.6316891 -3.3450332
9.9965048 -3.5001662
13.2091255 -3.3082201
22.4457703 -6.1251636
20.3678284 -5.0737348
29.1472645 -8.4314032
34.8514061 -11.0835142
36.7502937 -11.6611567
34.4776115 -10.7479210
23.8522949 -7.5555606
19.4824638 -4.9916296
12.4597569 -4.2371058
10.3004150 -4.0521989
10.3739204 -3.5373211
8.2628660 -3.5112467
5.3958063 -3.2921445
5.2462816 -2.7763021
3.0118732 -2.9325414
0.1841062 -2.7682943
-0.1718394 -2.2252295
-2.6143689 -2.6515217
-5.8924522 -2.7055271
-6.1880441 -2.0557759
-8.0754614 -1.5340030
-8.4659901 -1.9622529
-8.7806702 -1.3316902
-7.7074385 -1.5552727
-6.9294882 -1.2555431
-7.1534324 -0.8303738
-6.3777957 -1.1979804
-5.9821868 -0.8963434
-6.1434021 -0.5751531
-5.6178870 -0.8546977
-5.3378291 -0.6359856
-5.4576073 -0.3984042
-5.0812740 -0.5843893
-4.8888011 -0.4431916
-4.9784527 -0.2736821
-4.7126269 -0.3805634
-4.6021223 -0.2945659
-4.6701818 -0.1825479
-4.4771514 -0.2223512
-4.5455356 -0.1720729
-4.6010165 -0.1104920
-4.1784925 -0.1012521
-4.8830566 -0.0507514
-4.9471946 -0.0341904
0.0000000 0.0000000
0.0000000 0.0000000
-8.7381773 -0.1466741
-8.4872913 -0.1742635
-7.2262735 -0.2312914
-7.9404759 -0.5686475
-7.7045975 -0.6869904
-7.8283863 -0.6381049
-8.1184397 -0.9736835
-7.8538504 -1.1837202
-8.3351774 -1.0794889
-8.7108126 -1.4432101
-8.3945723 -1.7539456
-9.1887455 -1.5979637
-9.8347073 -1.9345311
-9.4861813 -2.4084134
-10.4131021 -2.2888880
-9.9046612 -2.2271712
-9.8679914 -2.8927481
-8.3622818 -2.5713689
-5.6724739 -2.3434901
-5.8503337 -2.7921476
-2.0534837 -2.4285119
0.7680518 -2.5023410
0.8756858 -2.9185829
3.2122111 -2.2283692
5.5267186 -3.0131056
5.9088449 -3.3485544
7.8613095 -3.9414763
10.3618603 -4.6631751
12.1101370 -5.0670815
16.1224041 -6.2009263
26.5610790 -8.5736465
30.1582336 -9.2527637
33.5516777 -8.6066446
34.9627304 -6.8024354
31.3448448 -6.0163932
26.4120293 -5.1566701
19.6791248 -5.0700512
14.4693432 -3.3056424
11.7547340 -3.4382963
9.9015207 -2.9780834
8.8994684 -2.4171386
7.4632077 -2.6566572
4.9977102 -2.1952305
4.8244028 -1.5851316
2.4236078 -1.9551318
-0.4158026 -1.6733495
-0.5866784 -1.1401178
-2.7893271 -1.3170780
-6.4923959 -1.2923541
-6.7417879 -0.5377304
-8.8133268 -0.3988070
-8.9792376 -0.6135865
-9.1297655 0.1113978
-8.0248957 -0.5334378
-7.2358174 -0.3230625
-7.3203244 0.1589419
-6.6357927 -0.3385794
-6.2030644 -0.2085836
-6.2597594 0.1471070
-5.7981353 -0.2114604
-5.4946976 -0.1292299
-5.5300455 0.1299533
-5.2114577 -0.1202148
-5.0027514 -0.0812457
-5.0218754 0.1026064
-4.8066115 -0.0608965
-4.6874204 -0.0540657
-4.6951060 0.0680171
-4.5414219 -0.0230380
-4.6186156 -0.0390989
-4.6176109 0.0291072
-4.2154503 -0.0010394
-4.9789834 -0.0167114
-4.9844036 0.0000567
0.0000000 0.0000000
0.0000000 0.0000000
-8.2218351 -0.2013543
-7.8745046 -0.2239257
-6.8017464 -0.3959327
-7.4539990 -0.8027883
-7.1344428 -0.8985903
-7.3324103 -0.9697300
-7.5890231 -1.3907378
-7.2298050 -1.5626239
-7.7654223 -1.5938905
-8.0934229 -2.0636599
-7.6608057 -2.3262227
-8.4819279 -2.3317146
-9.1008253 -2.8949277
-8.5031261 -3.2824202
-9.8302698 -3.3980002
-9.6998281 -3.5540276
-9.4225407 -4.1753068
-8.4748831 -3.9061048
-5.7709126 -3.4610488
-6.1467972 -4.2164736
-2.2458284 -3.4394486
0.8162935 -3.3951273
0.2794428 -4.0519938
4.0117574 -3.1118798
6.6873946 -3.5502331
6.7765031 -3.7187316
9.0807600 -4.1180692
13.4282312 -4.8474932
14.0005999 -5.1175933
19.1730022 -6.6308374
26.4396095 -8.3776302
29.8502254 -9.3090782
33.1771698 -9.2749853
33.2183037 -9.1028490
32.0207481 -9.6633701
23.4982853 -7.1043787
13.4836922 -2.0448859
15.8212595 -3.1632140
10.7184477 -2.1681015
8.3864565 -1.7295042
7.8871503 -1.4830837
6.7964163 -1.4870412
4.6444855 -0.9255778
4.6914825 -0.2105398
1.8543872 -0.9767116
-1.3464752 -0.5176787
-1.2588334 0.4635913
-3.5628159 0.3075295
-7.2676206 0.1717723
-7.7735734 1.4185054
-9.4395428 1.1447345
-8.9822454 0.9035692
-8.9762602 1.5687970
-7.9732904 0.6677399
-7.2265158 0.7046877
-7.1690192 1.1851299
-6.6415129 0.5702904
-6.1952682 0.5451031
-6.1414676 0.9030125
-5.7845898 0.4645088
-5.4769936 0.4183348
-5.4212570 0.6785859
-5.1864638 0.3664142
-4.9761868 0.3069916
-4.9202523 0.4922659
-4.7736216 0.2746473
-4.6545148 0.2040364
-4.5981059 0.3277481
-4.5005770 0.1873351
-4.5835834 0.1058355
-4.5238185 0.1756763
-4.1662703 0.1006020
-4.9559598 0.0182002
-4.9010715 0.0353052
0.0000000 0.0000000
0.0000000 0.0000000
-7.5329361 -0.2444587
-7.1116962 -0.2612092
-6.2289219 -0.5306476
-6.8116217 -0.9880050
-6.4288921 -1.0570314
-6.6759167 -1.2370851
-6.8843989 -1.7213445
-6.4571590 -1.8456604
-7.0056701 -2.0146620
-7.2569771 -2.5651777
-6.7464023 -2.7520900
-7.4995956 -2.9208696
-8.0077181 -3.6353791
-7.2897644 -3.8673019
-8.7549963 -4.1611414
-9.1927433 -4.8488255
-8.3500776 -5.3379097
-8.6989155 -5.4108562
-5.9825544 -4.6993389
-6.1163940 -5.8516226
-2.6657505 -4.6268945
0.4977885 -4.2716150
0.1533613 -4.8632107
3.6213405 -4.0414462
6.7621064 -4.0827284
6.5429292 -4.5852327
10.7507086 -3.5957425
15.8067303 -5.3754983
17.4004555 -5.6112146
24.7351475 -7.3096499
29.9076595 -7.1726899
30.4846287 -5.4452047
28.5251007 -2.5530210
25.1969814 -0.1250829
21.5597725 0.3330875
20.3783875 -1.7752327
13.8465996 -2.8962417
11.6522818 -2.1240549
10.6743364 -0.7162381
6.7909455 -1.8155389
5.2768865 -1.9328572
6.2158132 -0.5125686
4.1652489 0.0954949
2.8410051 0.4734280
1.2646930 0.1596004
-1.8421119 1.0555562
-3.0318458 2.5931771
-5.2186756 2.2190032
-7.7488337 2.6497490
-8.6250029 3.4225037
-9.5814667 2.7849989
-8.4722614 2.4791420
-8.0788212 2.9982803
-7.5537262 1.9011465
-6.9411597 1.7422980
-6.6462097 2.1928444
-6.3710551 1.4809657
-5.9657612 1.2951319
-5.7496147 1.6333728
-5.5675306 1.1321640
-5.2842054 0.9615617
-5.1177864 1.2080977
-5.0024877 0.8448319
-4.8077097 0.6922585
-4.6702528 0.8676081
-4.6105194 0.6039592
-4.5017591 0.4607953
-4.3799782 0.5784158
-4.3487182 0.3938587
-4.4397073 0.2512312
-4.3210540 0.3179823
-4.0192924 0.1984285
-4.8132334 0.0530583
-4.6990824 0.0700081
0.0000000 0.0000000
0.0000000 0.0000000
-6.7137227 -0.2731592
-6.2453203 -0.2834223
-5.5443058 -0.6307892
-6.0485406 -1.1138031
-5.6288853 -1.1529768
-5.8972340 -1.4264408
-6.0503840 -1.9482466
-5.5854321 -2.0188215
-6.1061821 -2.3019190
-6.2739182 -2.9052417
-5.7250638 -3.0129619
-6.3959188 -3.3201752
-6.7022781 -4.0722146
-5.9538941 -4.2256775
-7.0613050 -4.7284031
-7.7166219 -5.8349652
-6.4031935 -5.8885512
-8.2073812 -6.9022598
-6.6973128 -7.2893624
-5.4794903 -7.5439696
-3.9283783 -7.1531582
-0.5600528 -6.2441444
0.5121194 -6.9909897
2.7876377 -5.8002486
6.3625922 -5.7925696
6.7252564 -7.0554047
11.4387236 -5.7454214
18.5764580 -6.1231265
19.0790424 -6.9871883
23.9539661 -6.9370580
25.4889393 -7.3314495
25.5559750 -4.7588725
27.1616039 -7.3943362
28.5066223 -7.0377870
26.9024067 -4.2644057
16.0111160 -2.3989298
12.8887854 -0.2051305
13.4660397 1.6698649
9.6150465 1.4372767
5.4122629 -0.4637125
5.5377293 1.4415020
4.0480924 1.2352824
2.2380884 1.5667695
0.4630462 2.8400545
-0.4032018 2.4689989
-3.0115776 3.6515794
-4.9199786 5.2284493
-6.5575132 4.3311496
-8.5162210 5.3197231
-8.4825888 5.7234015
-8.3874264 4.3378348
-7.5060487 3.5853257
-6.8368821 4.1085334
-6.7340832 3.0973830
-6.3325210 2.6121233
-5.8509545 3.0213685
-5.8121161 2.3065064
-5.5089526 1.9460474
-5.1610851 2.2500837
-5.1477475 1.7276547
-4.9212117 1.4448230
-4.6577358 1.6661923
-4.6665368 1.2745925
-4.5040698 1.0415527
-4.2919917 1.1980447
-4.3244681 0.9026279
-4.2351441 0.6969922
-4.0527406 0.8020912
-4.0911484 0.5818939
-4.1910539 0.3864895
-4.0179200 0.4463913
-3.7788205 0.2863715
-4.5551381 0.0858446
-4.3873162 0.1018105
0.0000000 0.0000000
0.0000000 0.0000000
-5.8123245 -0.2865726
-5.3246093 -0.2906820
-4.7911019 -0.6931021
-5.2109189 -1.1746216
-4.7819095 -1.1855392
-5.0465260 -1.5339844
-5.1365023 -2.0556126
-4.6702814 -2.0737321
-5.1249609 -2.4563828
-5.1950917 -3.0550923
-4.6585283 -3.0738108
-5.2014151 -3.5244362
-5.2940836 -4.2608151
-4.6442971 -4.2799430
-5.3374786 -4.8388071
-5.6310401 -5.8803129
-4.6227040 -5.8934889
-6.0405769 -6.7630820
-6.2092500 -8.2651215
-4.5254683 -8.0774498
-4.5345116 -9.4344311
-1.2475249 -9.0015831
-0.6130781 -9.8251190
2.5188429 -8.5381937
6.4309850 -8.1802082
6.7218261 -8.5114384
10.6665630 -7.8865380
17.5029259 -6.5775003
14.4019918 -7.1592007
22.4126225 -2.8534615
23.6609249 1.1816727
23.8981800 0.5735517
21.3439808 4.4191785
19.7546940 6.1541605
19.2072906 5.8496594
15.7171965 1.0738029
13.4783936 1.5862204
10.8234539 4.4977994
8.4332829 4.1173081
5.4681735 3.5524232
5.6020041 5.4465470
2.3335500 4.6573157
-0.4022653 5.2713027
-0.7222087 7.2674584
-2.8706706 6.3999314
-5.0662994 7.5018625
-5.2799835 8.4418364
-7.2806754 7.4013834
-7.3808894 6.4132967
-5.8429050 6.6259208
-6.4789004 5.5368237
-6.2402611 4.3779335
-5.3335562 4.8016124
-5.6527352 3.9974630
-5.4537339 3.2462809
-4.8612385 3.5818439
-5.0485020 2.9505143
-4.8642230 2.4494393
-4.4386544 2.6960304
-4.5720167 2.2043536
-4.4162936 1.8331465
-4.0890021 2.0157592
-4.2051506 1.6264702
-4.0855503 1.3298498
-3.8186414 1.4611399
-3.9335232 1.1517248
-3.8692513 0.8967905
-3.6381795 0.9852245
-3.7410853 0.7402460
-3.8490851 0.5031331
-3.6297183 0.5536488
-3.4559815 0.3595124
-4.1933050 0.1146716
-3.9808598 0.1289261
0.0000000 0.0000000
0.0000000 0.0000000
-4.8772388 -0.2853068
-4.3963718 -0.2840098
-4.0119348 -0.7178522
-4.3453774 -1.1741323
-3.9336987 -1.1610780
-4.1747856 -1.5577626
-4.2043018 -2.0513256
-3.7754226 -2.0254400
-4.1335001 -2.4628365
-4.1158557 -3.0281765
-3.6613793 -2.9736781
-4.0060606 -3.4952641
-3.9486816 -4.1811457
-3.4920733 -4.0762901
-3.7594888 -4.7271304
-3.6195459 -5.6215754
-3.2587228 -5.3620558
-3.2681670 -6.4249525
-3.0599213 -7.5227633
-2.6939530 -7.0745406
-2.6133413 -8.6617374
-1.0617745 -9.8352947
-1.0181504 -8.9173145
1.7322100 -10.2188110
5.2945809 -9.4488001
4.2067308 -9.7556601
9.2508326 -7.5481415
12.9770107 -5.7776070
10.4067764 -6.6584225
14.5931234 -6.4884977
17.6080494 -5.4684963
16.2079544 0.0254296
20.4387188 -3.3294957
21.4683571 0.7229102
16.9863873 6.3518481
14.9962244 3.3197129
8.7356167 7.6306696
9.9565182 8.0293560
7.4972811 7.3891816
3.9892244 8.0479689
3.2675078 10.0971041
0.4206506 9.1373844
-2.0084846 9.6212835
-1.4267393 10.8972902
-4.2721467 9.9979591
-5.3864827 8.9681730
-3.1589954 8.7106485
-5.0525398 7.7695780
-4.9808502 6.4795074
-3.7635658 6.5129395
-4.8000374 5.7660651
-4.7476401 4.8688011
-3.9108820 4.9989433
-4.5166168 4.3809905
-4.4355755 3.6730227
-3.8219564 3.8617082
-4.1992717 3.3396406
-4.1096516 2.7936599
-3.6453254 2.9727027
-3.9089177 2.5309160
-3.8171978 2.1140592
-3.4535747 2.2522500
-3.6602309 1.8843986
-3.5830088 1.5479094
-3.2818964 1.6499443
-3.4641991 1.3415952
-3.4254875 1.0525614
-3.1608868 1.1225870
-3.3174071 0.8633164
-3.4303222 0.5960473
-3.1755369 0.6363229
-3.0662210 0.4155961
-3.7450960 0.1381066
-3.4981897 0.1503587
0.0000000 0.0000000
0.0000000 0.0000000
-3.9535627 -0.2721133
-3.4994318 -0.2664169
-3.2463987 -0.7094793
-3.4949162 -1.1217924
-3.1211855 -1.0905747
-3.3300812 -1.5129828
-3.3035166 -1.9476783
-2.9391785 -1.8854897
-3.1920309 -2.3604133
-3.0907569 -2.8300474
-2.7488935 -2.7132289
-2.9148853 -3.2911050
-2.7120521 -3.8126016
-2.4422460 -3.5898027
-2.4163485 -4.3439999
-2.0790377 -4.9229250
-1.9525682 -4.5276618
-1.5965790 -5.5666547
-0.9661655 -6.2494822
-1.0667763 -5.4917040
-0.1558222 -6.8905411
0.8152816 -7.4766512
0.7066514 -6.3799753
2.0630236 -8.4182005
4.3332629 -8.1158705
3.4836664 -6.7618651
6.9332371 -7.4676795
9.1486912 -5.8488851
7.1083894 -5.5073638
11.2203856 -2.6120887
12.3174181 -0.6883784
9.2359476 -1.3963256
13.4597549 2.0897307
13.6592407 5.3651214
9.9807558 4.4282756
11.7349892 6.3563113
8.5855665 9.1181068
6.7044358 9.4406624
5.1072474 10.3470459
2.1897135 11.1397161
2.4041359 10.2799788
0.0427303 10.9483242
-1.2933656 9.9091072
-0.0347113 8.8594961
-2.0269012 8.9453421
-2.6575072 7.7158852
-1.5230575 7.4229488
-2.9709277 7.0944571
-3.2792456 6.1419201
-2.3483429 6.0439234
-3.3390214 5.6154613
-3.4477627 4.8801799
-2.7384982 4.8752995
-3.4168556 4.4365592
-3.4251504 3.8466518
-2.8712215 3.9039228
-3.3432255 3.4892111
-3.3143554 2.9965088
-2.8660276 3.0867019
-3.2117391 2.7084198
-3.1704621 2.2925813
-2.7968960 2.3866506
-3.0716143 2.0464652
-3.0289958 1.6973191
-2.7107284 1.7706467
-2.9449615 1.4710552
-2.9279222 1.1644732
-2.6428795 1.2166911
-2.8412745 0.9507381
-2.9530678 0.6654012
-2.6745670 0.6958622
-2.6269500 0.4549269
-3.2296464 0.1558672
-2.9593835 0.1659033
0.0000000 0.0000000
0.0000000 0.0000000
-3.0768707 -0.2511594
-2.6601775 -0.2422429
-2.5253568 -0.6750045
-2.6969993 -1.0350199
-2.3656158 -0.9931148
-2.5528200 -1.4154177
-2.4908619 -1.7803917
-2.1828685 -1.6980847
-2.3707018 -2.1689570
-2.2289016 -2.5365448
-1.9575256 -2.3903036
-2.0463684 -2.9435279
-1.8074541 -3.3106856
-1.5946748 -3.0606670
-1.5165298 -3.7409015
-1.1412724 -4.0934205
-1.0203090 -3.6802742
-0.7211704 -4.5297561
-0.1098773 -4.8239431
-0.1182775 -4.1898861
0.5879784 -5.2403979
1.5153787 -5.2934108
1.2812837 -4.4222980
2.4056416 -5.3721790
3.5387006 -5.1463375
3.0447323 -3.9875815
4.8404336 -4.5687308
6.0968394 -3.8075490
4.8682141 -2.6903672
7.4605970 -1.8680458
8.0205975 -0.5084328
5.9997683 -0.3302712
8.4721022 2.0154035
7.9586282 3.8564177
5.9167900 2.8668265
7.1300945 5.5374370
5.9339385 7.4462376
4.4088411 5.4866924
4.1653581 7.5316825
2.8783634 8.1577072
2.3394585 6.7656832
1.3864350 7.8295250
0.3585111 7.5799112
0.5783370 6.8081598
-0.4981661 7.1986790
-1.1360407 6.6482906
-0.6884999 6.2163010
-1.6086893 6.2231445
-1.9713840 5.6308975
-1.4447702 5.4159665
-2.1965017 5.2221489
-2.3816903 4.6742353
-1.8589556 4.5916276
-2.4612768 4.3017855
-2.5347497 3.8197520
-2.0669692 3.8089051
-2.5409026 3.4873140
-2.5565906 3.0630441
-2.1499846 3.0908477
-2.5250485 2.7694750
-2.5167208 2.3897331
-2.1582856 2.4372599
-2.4686220 2.1293974
-2.4521086 1.7874794
-2.1312695 1.8367965
-2.4000454 1.5482774
-2.3983231 1.2382904
-2.1030109 1.2759362
-2.3322797 1.0077661
-2.4364579 0.7136887
-2.1420584 0.7380396
-2.1556168 0.4812082
-2.6632829 0.1718370
-2.3803964 0.1799716
0.0000000 0.0000000
0.0000000 0.0000000
-2.2697635 -0.2279679
-1.8909076 -0.2176731
-1.8678542 -0.6240779
-1.9755257 -0.9381964
-1.6776088 -0.8944418
-1.8639309 -1.2903553
-1.7916497 -1.5972396
-1.5185323 -1.5132300
-1.6857076 -1.9406655
-1.5461929 -2.2302039
-1.3056295 -2.0878851
-1.3870422 -2.5649498
-1.1683561 -2.8238754
-0.9684851 -2.5963268
-0.9288870 -3.1356096
-0.6028880 -3.3434551
-0.4590765 -2.9891720
-0.2616742 -3.6107347
0.2258122 -3.7002938
0.2490545 -3.2107382
0.6953292 -3.8113151
1.3429115 -3.7430224
1.1830175 -3.1065869
1.9649255 -3.5806003
2.6336884 -3.2872429
2.2812941 -2.5533907
3.3968050 -2.5539815
3.9651170 -2.0102160
3.2420764 -1.4570742
4.6189852 -0.6716401
4.9108181 0.0010753
3.7791739 0.1727068
5.1532974 1.6417240
4.8498831 2.5559137
3.6327879 2.1954024
4.5367618 3.5943744
3.9184613 4.6776185
2.8529739 3.8925118
3.1282191 5.1108799
2.3844335 5.8046670
1.7261457 4.9599428
1.5048310 5.8154860
0.8402889 6.0048871
0.6157649 5.3541017
0.1491193 5.8080592
-0.3352822 5.6584926
-0.2790611 5.2287402
-0.7810782 5.3827486
-1.0996380 5.0654964
-0.8706139 4.8130155
-1.3601496 4.7595892
-1.5482441 4.3853154
-1.2164613 4.2615561
-1.6777176 4.0755601
-1.7756492 3.6993504
-1.4121504 3.6546297
-1.8276707 3.4016845
-1.8690102 3.0417116
-1.5156802 3.0388999
-1.8773397 2.7608843
-1.8887773 2.4212170
-1.5577990 2.4399600
-1.8739955 2.1578455
-1.8740735 1.8358239
-1.5636173 1.8651783
-1.8466308 1.5883615
-1.8541806 1.2832801
-1.5594256 1.3113025
-1.8064823 1.0437362
-1.8971452 0.7474813
-1.5915877 0.7677584
-1.6681736 0.4987953
-2.0578966 0.1869070
-1.7636292 0.1884177
0.0000000 0.0000000
0.0000000 0.0000000
-1.5365604 -0.2074955
-1.1854814 -0.1983823
-1.2768747 -0.5700815
-1.3311446 -0.8521371
-1.0532267 -0.8132598
-1.2591661 -1.1696463
-1.1936512 -1.4369203
-0.9387830 -1.3642040
-1.1146932 -1.7326299
-1.0022432 -1.9722393
-0.7730984 -1.8520365
-0.8845610 -2.2385898
-0.7147439 -2.4340966
-0.5179113 -2.2391763
-0.5424954 -2.6470201
-0.3014354 -2.7713993
-0.1540880 -2.4739387
-0.0718747 -2.8962564
0.2706286 -2.9052389
0.3053419 -2.5250390
0.5813248 -2.8598008
0.9872110 -2.7418871
0.8687158 -2.2986262
1.3591211 -2.4472320
1.7360836 -2.1851017
1.4660014 -1.7248336
2.1782267 -1.5593562
2.4705036 -1.1388066
1.9625806 -0.8195161
2.8504014 -0.1124577
2.9507582 0.3368911
2.2106311 0.4318675
3.1274965 1.3955294
2.9495070 2.0546906
2.1033368 1.8540622
2.8063240 2.8045354
2.4646201 3.5266948
1.6805781 3.0990117
2.0744867 3.9576907
1.6536082 4.4966149
1.0675144 3.9818633
1.1725125 4.6539726
0.7652792 4.9212012
0.4250471 4.4385939
0.3231484 4.8809738
-0.0025355 4.9008918
-0.1245831 4.5090356
-0.3281081 4.7467179
-0.5636555 4.5867190
-0.5051290 4.3137770
-0.7768982 4.3667493
-0.9278150 4.1088195
-0.7366120 3.9621916
-1.0525203 3.8556228
-1.1428924 3.5601759
-0.8727439 3.5057611
-1.2071626 3.2976863
-1.2544354 2.9899609
-0.9514084 2.9854319
-1.2795624 2.7280858
-1.2997464 2.4206758
-0.9921129 2.4373958
-1.3019174 2.1638234
-1.3091682 1.8615406
-1.0092878 1.8850380
-1.2974423 1.6116105
-1.3080214 1.3151248
-1.0201358 1.3387822
-1.2751094 1.0714206
-1.3417202 0.7731984
-1.0477170 0.7864326
-1.1568180 0.5333504
-1.4387515 0.1758887
-1.1050509 0.1483769
0.0000000 0.0000000
0.0000000 0.0000000
-0.8644103 -0.1959372
-0.5233563 -0.1946046
-0.7404128 -0.5279409
-0.7503321 -0.7982100
-0.4609976 -0.7688152
-0.7205921 -1.0826457
-0.6720097 -1.3354560
-0.4011075 -1.2520323
-0.6283987 -1.5887858
-0.5541026 -1.8127701
-0.3159863 -1.6328726
-0.4873191 -2.0231817
-0.3833128 -2.2010803
-0.1901691 -1.8756931
-0.2873852 -2.3398428
-0.1453791 -2.4422519
-0.0119709 -1.9856360
-0.0202429 -2.4672003
0.1740203 -2.4582047
0.2148823 -1.9744341
0.3406952 -2.3267891
0.5608677 -2.1989958
0.4721284 -1.7279886
0.7581895 -1.8637084
0.9540735 -1.6122100
0.7215781 -1.2068059
1.1709009 -1.0691755
1.3074933 -0.7068801
0.9125136 -0.4418349
1.5193659 0.0932225
1.5546453 0.5037791
0.9816184 0.5613384
1.6625458 1.2736894
1.5729911 1.8319962
0.8999726 1.6338751
1.5184394 2.4402699
1.3486968 3.0120225
0.6929103 2.5820961
1.1681548 3.4307754
0.9549792 3.8793504
0.4146083 3.2762601
0.7164440 4.1092119
0.5003775 4.3696742
0.1304073 3.6588070
0.2649807 4.4345074
0.0835011 4.5060754
-0.1059382 3.7481661
-0.0981993 4.4417481
-0.2375248 4.3381233
-0.2735601 3.7017217
-0.3673848 4.1852360
-0.4616861 3.9730282
-0.3746707 3.5469363
-0.5455199 3.7658689
-0.6076239 3.5023475
-0.4294221 3.2816918
-0.6568426 3.2693567
-0.6939709 2.9813099
-0.4552225 2.9130466
-0.7180152 2.7374542
-0.7378594 2.4405487
-0.4642817 2.4640975
-0.7452688 2.1927302
-0.7559577 1.8953336
-0.4666839 1.9625649
-0.7530069 1.6481236
-0.7659948 1.3574599
-0.4868598 1.4363976
-0.7540444 1.1044843
-0.7689433 0.8561276
-0.5857819 0.9078110
-0.7211170 0.4556959
-0.6315244 0.5442441
-0.4349675 0.0581379
0.0000000 0.0000000
0.0000000 0.0000000
-0.1989689 -0.2079821
0.0000000 0.0000000
-0.1915627 -0.5097927
-0.1798893 -0.8340302
0.0000000 0.0000000
-0.1753794 -1.0995544
-0.1674405 -1.3882489
0.0000000 0.0000000
-0.1596564 -1.6342933
-0.1462969 -1.8749839
0.0000000 0.0000000
-0.1321854 -2.0828524
-0.1061014 -2.2586303
0.0000000 0.0000000
-0.0815504 -2.3888817
-0.0401541 -2.4716899
0.0000000 0.0000000
-0.0051298 -2.4767523
0.0380928 -2.4306638
0.0000000 0.0000000
0.0803409 -2.2923269
0.1274852 -2.1062045
0.0000000 0.0000000
0.1792952 -1.7937779
0.2195836 -1.4627860
0.0000000 0.0000000
0.2746854 -0.9843880
0.3005511 -0.5406816
0.0000000 0.0000000
0.3598607 0.1013416
0.3637281 0.6578003
0.0000000 0.0000000
0.4020677 1.2939214
0.3759464 1.9416808
0.0000000 0.0000000
0.3764459 2.4783494
0.3295636 3.0992429
0.0000000 0.0000000
0.2996891 3.4952693
0.2428403 3.9817812
0.0000000 0.0000000
0.1957462 4.2205834
0.1374696 4.5190811
0.0000000 0.0000000
0.0849959 4.6049409
0.0293658 4.7166829
0.0000000 0.0000000
-0.0251709 4.6554298
-0.0647733 4.5946984
0.0000000 0.0000000
-0.1016615 4.4329047
-0.1275375 4.2485347
0.0000000 0.0000000
-0.1463867 4.0211010
-0.1595225 3.7685735
0.0000000 0.0000000
-0.1692472 3.5017841
-0.1745239 3.2170794
0.0000000 0.0000000
-0.1782953 2.9334323
-0.1791885 2.6342044
0.0000000 0.0000000
-0.1786741 2.3480642
-0.1798522 2.0427880
0.0000000 0.0000000
-0.1758835 1.7617546
-0.1938794 1.4652820
0.0000000 0.0000000
-0.2094145 1.1317801
-0.1518831 1.0798515
0.0000000 0.0000000
-0.2191063 0.1715323
0.3861763 0.6165441
0.0000000 0.0000000
0.0000000 0.0000000
-40.60667
-40.2674
-39.9945
-42.49539
-45.50148
-48.77754
-52.83898
-58.01704
-65.40681
-77.81951
-103.3552
-160.4055
-236.9597
-8.8845
-74.1451
-28.38859
-20.48609
-15.39594
-12.82726
-11.79018
-11.47604
-11.47993
-11.58347
-11.69135
-11.86014
-12.08413
-40.70396
-40.39997
-40.72258
-42.81534
-45.65176
-48.89295
-52.87434
-57.81918
-64.51534
-74.99715
-95.84952
-163.6514
-195.4609
14.15232
-99.02661
-35.67892
-19.79206
-14.55672
-12.50625
-11.74299
-11.54948
-11.59828
-11.72873
-11.82947
-12.01473
-12.1697
-41.66303
-41.50079
-42.48541
-44.18295
-46.738
-49.90499
-53.64369
-57.87502
-62.65093
-68.09586
-73.1622
-80.32332
-108.1303
-21.70285
-28.76353
-18.38354
-14.08242
-12.34916
-11.78905
-11.73131
-11.87242
-12.06792
-12.27128
-12.42971
-12.58239
-12.69362
-43.26908
-43.27817
-44.6784
-46.26363
-48.79224
-51.92274
-55.38359
-58.78927
-61.29535
-61.7912
-61.26133
-63.07872
-29.25315
41.10488
-13.03378
-7.221936
-8.289722
-9.889411
-11.10885
-11.9455
-12.51655
-12.9123
-13.18569
-13.39278
-13.49991
-13.59329
-45.48419
-45.69072
-47.36404
-49.1592
-51.84662
-55.15525
-58.67288
-61.57893
-62.34193
-57.33579
-42.1663
-3.412568
18.62341
50.19324
16.97673
2.319786
-4.106279
-8.409665
-11.11849
-12.72188
-13.65006
-14.19529
-14.50295
-14.71622
-14.78035
-14.86144
-48.29067
-48.70682
-50.58853
-52.83909
-55.99356
-59.9412
-64.23631
-68.03501
-69.08275
-62.98708
-45.38094
-16.0022
-20.51853
16.75209
12.86601
6.362447
-2.80823
-8.864636
-12.42343
-14.3997
-15.45234
-15.99456
-16.25074
-16.40491
-16.41765
-16.48374
-51.56635
-52.18699
-54.29803
-57.20815
-61.25101
-66.5443
-72.9302
-80.32647
-85.47451
-82.63273
-67.45435
-41.29251
-37.00339
6.917813
29.42493
7.569597
-5.154337
-11.97403
-15.48808
-17.25248
-18.06396
-18.36858
-18.43828
-18.44872
-18.3813
-18.42242
-55.01847
-55.82333
-58.24807
-62.01905
-67.40454
-74.77464
-85.49127
-99.58243
-108.7789
-106.5268
-94.45867
-78.41517
-62.47059
-43.71295
-8.307681
-7.408075
-13.97033
-18.43343
-20.60337
-21.44105
-21.54531
-21.32395
-21.03541
-20.80241
-20.61254
-20.6126
-58.18626
-59.15324
-61.93716
-66.69526
-73.86357
-84.0389
-99.86982
-118.2593
-126.7146
-125.6262
-117.6747
-105.3195
-103.4347
-56.58781
-40.92077
-29.36892
-28.7105
-28.20485
-27.80417
-26.96702
-25.82861
-24.78251
-23.95279
-23.37144
-23.01109
-22.95241
-60.43105
-61.53848
-64.65998
-70.33696
-79.32344
-92.72673
-112.5897
-130.8199
-137.1443
-136.7739
-130.7294
-118.3851
-94.80389
-52.65657
-43.87816
-48.17677
-47.54381
-41.39859
-36.9108
-33.58664
-30.69837
-28.55137
-27.01814
-25.99819
-25.41865
-25.28116
-60.92344
-62.22555
-65.62157
-71.98921
-82.3164
-98.32539
-120.1623
-137.8187
-144.7574
-143.2553
-138.4088
-130.1419
-110.5851
-87.84869
-78.13692
-73.80823
-68.85522
-57.0637
-47.17858
-40.62308
-35.73175
-32.30718
-29.96364
-28.45108
-27.62252
-27.38165
-59.02243
-60.36223
-63.98035
-70.84318
-81.91387
-99.46757
-121.4652
-137.05
-145.8783
-147.1773
-143.7634
-148.5638
-123.9255
-93.63639
-97.18791
-94.96483
-87.69882
-72.42216
-57.23705
-47.17301
-40.3167
-35.61292
-32.44659
-30.43565
-29.36006
-29.0158
-54.4676
-55.54682
-59.44142
-66.53876
-77.92921
-95.77303
-117.7165
-131.7916
-138.8475
-142.1047
-140.2897
-118.8762
-118.8761
-119.1486
-116.0752
-111.5238
-102.2776
-84.3783
-65.0609
-52.28855
-43.76988
-37.97115
-34.08991
-31.63652
-30.32632
-29.9166
-47.55108
-48.52886
-52.27028
-59.13288
-70.17633
-87.9155
-108.9702
-123.4559
-128.3085
-132.9488
-137.8171
-144.1117
-120.2525
-122.0897
-125.3295
-122.0498
-112.8342
-92.31256
-69.52077
-55.0839
-45.43192
-38.91371
-34.55919
-31.79268
-30.27526
-29.8495
-38.61487
-39.47037
-42.77163
-48.88544
-58.85251
-75.29721
-99.06287
-114.7672
-119.1038
-119.0061
-112.2315
-103.0762
-142.3347
-137.3647
-134.1326
-129.2021
-118.1007
-95.15125
-70.13557
-55.09501
-44.9954
-38.20971
-33.69136
-30.81499
-29.21611
-28.77903
-28.20949
-28.89046
-31.53422
-36.45029
-44.48775
-57.8928
-83.20653
-102.9832
-108.4541
-107.7025
-107.5466
-108.6224
-113.5449
-121.8978
-129.9039
-129.3647
-118.1492
-90.17117
-66.6832
-52.0522
-42.31898
-35.80126
-31.47019
-28.71027
-27.16695
-26.73955
-17.01045
-17.4736
-19.2907
-22.71557
-28.37734
-37.62285
-54.73417
-85.10553
-94.442
-98.02198
-95.33144
-94.1502
-134.2066
-138.595
-130.9096
-125.1609
-110.3939
-79.28116
-58.65507
-45.82821
-37.4349
-31.79315
-28.0168
-25.59291
-24.22612
-23.84052
-5.709717
-5.942387
-6.878885
-8.665318
-11.56812
-16.41629
-24.84965
-47.12204
-63.22403
-60.9855
-61.49134
-46.81
-81.27449
-119.4022
-126.0094
-113.7521
-91.8615
-62.97419
-47.11347
-37.36936
-30.94646
-26.57825
-23.61873
-21.69591
-20.59716
-20.27913
5.054964
5.040228
4.936663
4.684221
4.186178
3.222681
1.282102
-1.352766
-7.993433
0.9712994
5.513754
-3.023266
-52.72016
-87.79717
-95.21752
-81.45225
-55.92917
-42.47817
-33.81991
-27.80066
-23.63198
-20.70873
-18.67949
-17.33607
-16.55298
-16.31765
14.77648
14.94114
15.53426
16.60302
18.36555
21.3014
25.97569
33.73438
43.08352
64.95139
81.86068
60.37245
17.17514
-24.90034
-36.37766
-32.28917
-27.25223
-23.3989
-20.50673
-18.12189
-16.19726
-14.71515
-13.61883
-12.85771
-12.3922
-12.24006
23.11004
23.40317
24.49737
26.48279
29.65671
34.46864
41.5038
51.81008
65.71042
82.03548
97.47048
92.36085
74.47875
37.92444
12.60305
0.2163604
-5.478735
-8.007593
-9.032753
-9.336689
-9.276753
-9.061192
-8.807945
-8.579177
-8.405279
-8.321045
29.86435
30.22797
31.59027
34.01614
37.72758
43.02026
50.28524
59.87933
71.48093
83.19637
90.77793
88.57027
75.32973
54.53464
34.5074
19.31795
9.644365
3.713118
0.1279301
-2.04182
-3.346371
-4.116157
-4.550135
-4.76644
-4.839117
-4.817228
34.98484
35.37386
36.83033
39.37792
43.14212
48.29537
54.99026
63.15411
71.91929
79.68347
83.92214
81.65749
72.32044
58.14343
42.93574
29.47225
19.16216
11.87994
6.918796
3.574276
1.341506
-0.1301056
-1.073256
-1.629166
-1.885485
-1.953859
38.51725
38.90767
40.36819
42.88745
46.5244
51.35309
57.37206
64.18215
70.97573
76.35858
78.80563
76.51449
69.28967
58.46948
46.22034
34.52081
24.61629
17.01433
11.4673
7.494013
4.700211
2.773986
1.484834
0.6737753
0.2654148
0.3565599
40.52353
40.93094
42.38473
44.8446
48.34419
52.92605
58.48857
64.46586
70.12538
74.31097
75.86819
73.5902
67.38246
58.15832
47.45823
36.82862
27.29938
19.7211
13.97856
9.736679
6.672612
4.513653
3.040845
2.082448
1.578844
1.420991
40.99514
41.42101
42.88098
45.36199
48.87003
53.40507
58.80649
64.57817
69.96019
73.84511
75.17007
72.88402
66.91549
58.06952
47.75029
37.4223
28.13632
20.54343
14.69001
10.34302
7.184796
4.950387
3.428291
2.455784
1.625377
0
