0.0000000 0.0000000
0.0000000 0.0000000
0.0000000 0.0000000
0.0000000 0.0000000
0.0000000 0.0000000
0.0000000 0.0000000
0.0000000 0.0000000
0.0000000 0.0000000
0.0000000 0.0000000
0.0000000 0.0000000
0.0000000 0.0000000
0.0000000 0.0000000
0.0000000 0.0000000
0.0000000 0.0000000
0.0000000 0.0000000
0.0000000 0.0000000
0.0000000 0.0000000
0.0000000 0.0000000
0.0000000 0.0000000
0.0000000 0.0000000
0.0000000 0.0000000
0.0000000 0.0000000
0.0000000 0.0000000
0.0000000 0.0000000
0.0000000 0.0000000
0.0000000 0.0000000
0.0000000 0.0000000
-0.1474231 0.1315983
-0.2110715 0.3134137
-0.2702656 0.5358533
-0.3628440 0.8304189
-0.5203754 1.2496769
-0.7955353 1.8812373
-1.2954314 2.8727427
-2.2359381 4.4771466
-3.8631825 7.0054140
-5.2348576 10.6161509
-8.9010248 11.0017033
14.6411266 14.8990545
0.1792295 -11.8768816
-10.2934694 -10.5361214
-4.0026126 -12.5519238
-2.7144394 -7.9760289
-2.2755764 -5.2731819
-1.5330986 -3.3444710
-0.9884116 -2.1149712
-0.6488877 -1.3742297
-0.4416733 -0.9083764
-0.3160312 -0.5919577
-0.2412617 -0.3582584
-0.1899727 -0.1704203
0.0000000 0.0000000
0.0000000 0.0000000
-0.3184936 0.1589200
-0.4357938 0.3452429
-0.5536309 0.5648599
-0.7398176 0.8427234
-1.0509661 1.2125878
-1.5807841 1.7253685
-2.4761982 2.4602342
-3.9722958 3.5815265
-6.9247251 5.0806761
-7.9582720 4.1944919
7.2322850 7.3811827
24.9796543 8.8415165
24.3237438 -5.3521137
2.4471738 -10.2507734
-8.5377989 -1.7757121
-6.5683508 -5.1890788
-4.1485920 -3.7310531
-2.6414821 -2.4812768
-1.7104890 -1.6703964
-1.1441498 -1.1597369
-0.7982404 -0.8077027
-0.5867828 -0.5437954
-0.4575558 -0.3316808
-0.3474437 -0.1493046
0.0000000 0.0000000
0.0000000 0.0000000
-0.4567068 0.1345623
-0.6125490 0.2779104
-0.7646915 0.4393803
-0.9994152 0.6302621
-1.3743044 0.8660318
-1.9723054 1.1749095
-2.9332001 1.6112914
-4.4711981 2.2462156
-7.5431128 3.5776052
-8.1047554 0.2342018
-0.8816997 -0.9787792
32.4838524 3.0178800
26.1972466 -2.1467133
10.4221678 6.9802566
-6.8817167 2.5875421
-9.8933392 0.0528449
-5.2743139 -0.6583392
-3.1938539 -0.8256183
-2.0809479 -0.7879627
-1.4256232 -0.6601112
-1.0237674 -0.5116285
-0.7736347 -0.3667033
-0.6155480 -0.2298867
-0.4667654 -0.1020594
0.0000000 0.0000000
0.0000000 0.0000000
-0.5490978 0.0915109
-0.7255443 0.1771491
-0.8860201 0.2627688
-1.1226528 0.3453017
-1.4840609 0.4161655
-2.0286975 0.4543929
-2.8522060 0.4168470
-4.1660786 -0.2319224
-6.0900764 -1.2619116
-4.4986138 -9.9478626
12.7739639 -8.9697609
11.0872679 -2.7530103
19.2670021 -0.2463029
9.6169043 9.7254953
1.7496842 9.7316341
-7.0541482 2.7041700
-4.6031995 1.0005572
-3.0061278 0.2706972
-2.0576479 -0.0490214
-1.4756668 -0.1779870
-1.1051021 -0.2026617
-0.8654703 -0.1731177
-0.7054734 -0.1174129
-0.5371821 -0.0522143
0.0000000 0.0000000
0.0000000 0.0000000
-0.5944844 0.0439426
-0.7736461 0.0715951
-0.9201156 0.0829559
-1.1223803 0.0619525
-1.4148841 -0.0266820
-1.8275658 -0.2448991
-2.3783469 -0.7065163
-3.0755868 -2.0125928
-4.4407625 -2.8006625
-0.6251057 -7.6505084
4.6265144 -10.8691216
10.2558651 -1.2315568
11.0765362 3.6294639
6.2357311 8.4710703
-1.7515264 7.8364711
-2.5742702 4.4137721
-2.7179992 1.9424318
-2.2370567 0.9445654
-1.7334367 0.4376437
-1.3439627 0.1747980
-1.0643389 0.0464980
-0.8708018 -0.0061788
-0.7312437 -0.0172529
-0.5609424 -0.0079258
0.0000000 0.0000000
0.0000000 0.0000000
-0.5986160 0.0002936
-0.7665694 -0.0217109
-0.8838122 -0.0705051
-1.0325735 -0.1671285
-1.2275048 -0.3458000
-1.4661776 -0.6612706
-1.7166300 -1.1849329
-1.8539065 -2.1258364
-1.8691514 -3.3973458
-1.0912156 -3.4151871
1.0235734 -4.6376510
3.8566658 -2.4124651
5.8966284 0.6341671
4.3369412 3.9722953
0.2867231 4.1122603
-0.8846472 3.3730242
-1.3265246 2.1253958
-1.4066651 1.2370090
-1.2884527 0.7121767
-1.1087887 0.4020014
-0.9435768 0.2199153
-0.8119290 0.1159112
-0.7062405 0.0587858
-0.5511302 0.0262788
0.0000000 0.0000000
0.0000000 0.0000000
-0.5747542 -0.0341431
-0.7187850 -0.0912556
-0.8001614 -0.1760806
-0.8893330 -0.3067923
-0.9884557 -0.5090849
-1.0742849 -0.8127179
-1.1002712 -1.2305545
-0.9373434 -1.7469965
-0.2703807 -2.3419759
0.7961220 -2.6110568
2.1625171 -2.7030313
3.4720814 -0.9811623
3.5736549 0.7511173
2.4958117 2.0280495
1.0115465 2.5094705
-0.0987132 2.3030312
-0.5834284 1.7728230
-0.8198836 1.2236373
-0.8824859 0.8014722
-0.8517383 0.5130876
-0.7850271 0.3213765
-0.7150717 0.1947560
-0.6446466 0.1099965
-0.5122147 0.0495047
0.0000000 0.0000000
0.0000000 0.0000000
-0.5272483 -0.0567009
-0.6445407 -0.1334127
-0.6930262 -0.2334600
-0.7318370 -0.3688630
-0.7572259 -0.5531210
-0.7429212 -0.7958984
-0.6416013 -1.0916588
-0.3756114 -1.4056742
0.1357947 -1.6755028
0.7396762 -1.7321929
1.4712118 -1.5092086
2.1076136 -0.6038648
2.2433736 0.4003417
1.7468122 1.1599079
0.9550588 1.5481859
0.2534082 1.5661252
-0.1927029 1.3540210
-0.4477846 1.0520990
-0.5780325 0.7662372
-0.6251249 0.5351703
-0.6240368 0.3615591
-0.6019056 0.2338455
-0.5635736 0.1381028
-0.4551113 0.0623176
0.0000000 0.0000000
0.0000000 0.0000000
-0.4667246 -0.0684311
-0.5591804 -0.1523966
-0.5810094 -0.2531165
-0.5842343 -0.3773835
-0.5633028 -0.5301597
-0.4973783 -0.7109939
-0.3554836 -0.9077947
-0.0974151 -1.0871555
0.2703054 -1.1974865
0.6903335 -1.1570592
1.1225386 -0.8961957
1.4374999 -0.3655338
1.4864860 0.2194289
1.2270916 0.6978760
0.7921144 0.9898157
0.3517817 1.0747240
0.0056080 1.0050362
-0.2228225 0.8494838
-0.3656487 0.6692606
-0.4447829 0.5009977
-0.4813315 0.3584543
-0.4895684 0.2420885
-0.4750046 0.1471990
-0.3899929 0.0668036
0.0000000 0.0000000
0.0000000 0.0000000
-0.4016120 -0.0716715
-0.4729773 -0.1545148
-0.4766114 -0.2478106
-0.4571830 -0.3545044
-0.4128548 -0.4752631
-0.3286613 -0.6049625
-0.1872092 -0.7299656
0.0220164 -0.8254673
0.2839777 -0.8570873
0.5657356 -0.7862832
0.8283956 -0.5791110
1.0023737 -0.2445373
1.0249175 0.1221830
0.8813275 0.4372721
0.6286724 0.6524112
0.3471319 0.7475989
0.0988793 0.7402167
-0.0906813 0.6655244
-0.2238461 0.5566377
-0.3098473 0.4394058
-0.3618794 0.3289185
-0.3883685 0.2301717
-0.3884976 0.1428413
-0.3236599 0.0651964
0.0000000 0.0000000
0.0000000 0.0000000
-0.3383184 -0.0692082
-0.3920816 -0.1457779
-0.3848706 -0.2280574
-0.3543968 -0.3162561
-0.3004094 -0.4087214
-0.2163661 -0.4998261
-0.0928047 -0.5774127
0.0692130 -0.6245568
0.2557773 -0.6214542
0.4461463 -0.5483047
0.6123952 -0.3936845
0.7167605 -0.1729085
0.7295968 0.0679473
0.6452372 0.2829373
0.4917933 0.4407486
0.3083466 0.5272495
0.1314480 0.5461027
-0.0160661 0.5135781
-0.1299599 0.4497547
-0.2123026 0.3704676
-0.2668067 0.2870992
-0.3006076 0.2065971
-0.3100853 0.1306406
-0.2611364 0.0598000
0.0000000 0.0000000
0.0000000 0.0000000
-0.2801506 -0.0633953
-0.3206512 -0.1312682
-0.3069198 -0.2012481
-0.2730786 -0.2726767
-0.2193287 -0.3424987
-0.1423286 -0.4054520
-0.0409529 -0.4532108
0.0820119 -0.4740964
0.2167482 -0.4567542
0.3472534 -0.3929944
0.4566971 -0.2787319
0.5232295 -0.1266693
0.5321605 0.0369903
0.4809502 0.1874159
0.3830285 0.3044947
0.2616836 0.3764672
0.1361082 0.4042639
0.0227706 0.3942902
-0.0690354 0.3571660
-0.1412997 0.3041602
-0.1936322 0.2427792
-0.2274697 0.1783458
-0.2412271 0.1144748
-0.2054318 0.0526980
0.0000000 0.0000000
0.0000000 0.0000000
-0.2286763 -0.0559006
-0.2592104 -0.1144146
-0.2434042 -0.1727122
-0.2092805 -0.2294103
-0.1606578 -0.2821007
-0.0949732 -0.3257474
-0.0128296 -0.3544256
0.0798294 -0.3619886
0.1777217 -0.3407833
0.2697495 -0.2876157
0.3440931 -0.2036359
0.3888415 -0.0959909
0.3953534 0.0194938
0.3636178 0.1264715
0.2997589 0.2138521
0.2164927 0.2726545
0.1280665 0.3005943
0.0427092 0.3019496
-0.0310556 0.2815068
-0.0903378 0.2455592
-0.1366478 0.2005991
-0.1685541 0.1502638
-0.1827153 0.0974011
-0.1571749 0.0450725
0.0000000 0.0000000
0.0000000 0.0000000
-0.1848952 -0.0480633
-0.2073099 -0.0972737
-0.1918344 -0.1452897
-0.1609401 -0.1900936
-0.1176763 -0.2293972
-0.0638679 -0.2602324
0.0008169 -0.2776034
0.0720687 -0.2777059
0.1434943 -0.2577724
0.2094982 -0.2149177
0.2618034 -0.1516605
0.2930891 -0.0744301
0.2986092 0.0087655
0.2777991 0.0873419
0.2357670 0.1523777
0.1782032 0.1995171
0.1141650 0.2256084
0.0515693 0.2312925
-0.0062646 0.2207464
-0.0547488 0.1968856
-0.0927872 0.1634402
-0.1208453 0.1243356
-0.1344948 0.0815482
-0.1163865 0.0378223
0.0000000 0.0000000
0.0000000 0.0000000
-0.1481096 -0.0405570
-0.1650271 -0.0814190
-0.1499837 -0.1202738
-0.1235824 -0.1558351
-0.0874249 -0.1854738
-0.0426885 -0.2068969
0.0074012 -0.2179113
0.0615840 -0.2148892
0.1153709 -0.1966074
0.1631083 -0.1633631
0.2007681 -0.1154766
0.2233740 -0.0579260
0.2283198 0.0024825
0.2148993 0.0608964
0.1859118 0.1108318
0.1464498 0.1475848
0.1001750 0.1704841
0.0532500 0.1785467
0.0098562 0.1730321
-0.0287892 0.1571896
-0.0598821 0.1327350
-0.0825892 0.1019909
-0.0948255 0.0675691
-0.0826907 0.0315724
0.0000000 0.0000000
0.0000000 0.0000000
-0.1175104 -0.0336771
-0.1303969 -0.0673830
-0.1174024 -0.0987875
-0.0942092 -0.1265358
-0.0650582 -0.1494081
-0.0294391 -0.1647664
0.0106608 -0.1710871
0.0514870 -0.1675226
0.0917801 -0.1519098
0.1276142 -0.1251139
0.1550785 -0.0893251
0.1718353 -0.0460631
0.1760251 -0.0002910
0.1677572 0.0430769
0.1478139 0.0815849
0.1197270 0.1113093
0.0871917 0.1301115
0.0522875 0.1387330
0.0193027 0.1369218
-0.0097428 0.1258428
-0.0344529 0.1078351
-0.0525770 0.0839897
-0.0623167 0.0560150
-0.0548680 0.0263969
0.0000000 0.0000000
0.0000000 0.0000000
-0.0927900 -0.0277903
-0.1019775 -0.0551852
-0.0913028 -0.0806862
-0.0724316 -0.1026248
-0.0478699 -0.1198185
-0.0202422 -0.1314360
0.0107588 -0.1353098
0.0429043 -0.1309411
0.0728487 -0.1186253
0.0995882 -0.0973606
0.1204288 -0.0691979
0.1331134 -0.0369251
0.1367060 -0.0020186
0.1313846 0.0317877
0.1182348 0.0611446
0.0982499 0.0851087
0.0747547 0.1014181
0.0500382 0.1091855
0.0252694 0.1095122
0.0034768 0.1023428
-0.0146058 0.0885851
-0.0285678 0.0699177
-0.0359875 0.0472375
-0.0317628 0.0224450
0.0000000 0.0000000
0.0000000 0.0000000
-0.0725607 -0.0228219
-0.0795650 -0.0451616
-0.0700677 -0.0655217
-0.0553022 -0.0832211
-0.0359736 -0.0965586
-0.0133009 -0.1047975
0.0101255 -0.1076843
0.0345275 -0.1035798
0.0579630 -0.0928875
0.0777769 -0.0766540
0.0933543 -0.0546014
0.1033336 -0.0290346
0.1066678 -0.0026347
0.1032328 0.0238314
0.0942725 0.0475856
0.0808435 0.0664955
0.0638746 0.0804997
0.0462038 0.0882469
0.0289831 0.0894083
0.0129975 0.0849630
0.0003084 0.0748787
-0.0090248 0.0598192
-0.0142450 0.0410489
-0.0123988 0.0198774
0.0000000 0.0000000
0.0000000 0.0000000
-0.0559285 -0.0186427
-0.0612988 -0.0370063
-0.0538356 -0.0535303
-0.0413225 -0.0674049
-0.0267044 -0.0782301
-0.0093705 -0.0844854
0.0095195 -0.0859209
0.0276391 -0.0827893
0.0451620 -0.0739612
0.0606554 -0.0604171
0.0722899 -0.0435324
0.0797728 -0.0233156
0.0828444 -0.0019228
0.0811297 0.0186116
0.0748611 0.0379112
0.0657237 0.0540415
0.0544352 0.0657296
0.0418266 0.0732463
0.0301862 0.0757420
0.0199521 0.0730664
0.0117225 0.0658365
0.0066814 0.0538855
0.0044266 0.0377193
0.0045598 0.0187340
0.0000000 0.0000000
0.0000000 0.0000000
-0.0426246 -0.0153764
-0.0461016 -0.0303463
-0.0405357 -0.0440495
-0.0310796 -0.0553295
-0.0190340 -0.0636417
-0.0062921 -0.0688660
0.0077369 -0.0697954
0.0220881 -0.0665560
0.0348788 -0.0597415
0.0462624 -0.0486836
0.0553909 -0.0345547
0.0611429 -0.0187690
0.0634622 -0.0013998
0.0627721 0.0158301
0.0590171 0.0314186
0.0525873 0.0452787
0.0451947 0.0560942
0.0372655 0.0631660
0.0295991 0.0667693
0.0239783 0.0662680
0.0205416 0.0613970
0.0195816 0.0520991
0.0208525 0.0378583
0.0204523 0.0193898
0.0000000 0.0000000
0.0000000 0.0000000
-0.0315167 -0.0128243
-0.0340600 -0.0253561
-0.0292887 -0.0365503
-0.0225319 -0.0460887
-0.0138041 -0.0529109
-0.0036757 -0.0567319
0.0063110 -0.0576889
0.0166067 -0.0548731
0.0264700 -0.0487080
0.0346114 -0.0399461
0.0410836 -0.0282355
0.0456639 -0.0147343
0.0476559 -0.0006792
0.0471643 0.0138707
0.0450129 0.0276029
0.0411616 0.0395083
0.0361460 0.0496430
0.0315266 0.0571907
0.0276114 0.0617496
0.0253460 0.0634630
0.0262471 0.0616360
0.0303006 0.0552965
0.0362037 0.0427575
0.0365643 0.0226604
0.0000000 0.0000000
0.0000000 0.0000000
-0.0220440 -0.0108527
-0.0237579 -0.0216263
-0.0204554 -0.0311650
-0.0151452 -0.0389991
-0.0092510 -0.0449435
-0.0023481 -0.0481067
0.0051439 -0.0484672
0.0120847 -0.0462958
0.0187491 -0.0409957
0.0247435 -0.0331397
0.0292128 -0.0234996
0.0322068 -0.0119664
0.0339019 0.0004504
0.0338884 0.0127959
0.0323260 0.0249943
0.0301916 0.0361432
0.0274424 0.0456609
0.0247099 0.0536732
0.0233694 0.0597725
0.0240171 0.0638108
0.0281944 0.0657792
0.0378447 0.0645088
0.0519990 0.0563053
0.0572178 0.0329834
0.0000000 0.0000000
0.0000000 0.0000000
-0.0140568 -0.0094930
-0.0146500 -0.0186872
-0.0125748 -0.0269880
-0.0093239 -0.0336940
-0.0052104 -0.0384937
-0.0010400 -0.0413033
0.0035028 -0.0415278
0.0081399 -0.0392687
0.0121834 -0.0348478
0.0157390 -0.0280250
0.0187172 -0.0193643
0.0206166 -0.0095629
0.0214737 0.0012966
0.0216460 0.0124432
0.0209311 0.0232055
0.0195243 0.0335032
0.0182193 0.0428453
0.0171257 0.0510411
0.0169193 0.0583514
0.0189329 0.0648612
0.0247441 0.0710014
0.0387167 0.0778093
0.0687598 0.0856528
0.1067629 0.0803808
0.0000000 0.0000000
0.0000000 0.0000000
-0.0069322 -0.0079897
-0.0067746 -0.0149195
-0.0055093 -0.0210947
-0.0040093 -0.0262002
-0.0021477 -0.0297638
-0.0000018 -0.0315919
0.0020587 -0.0316812
0.0041185 -0.0297842
0.0061043 -0.0260407
0.0077150 -0.0207565
0.0089437 -0.0139810
0.0098565 -0.0061625
0.0102698 0.0022257
0.0101930 0.0109852
0.0099186 0.0196449
0.0093727 0.0278605
0.0087561 0.0356217
0.0084929 0.0428615
0.0088137 0.0497818
0.0103110 0.0569232
0.0140431 0.0650362
0.0246794 0.0781488
0.0726577 0.1205856
0.2496299 0.2558402
0.0000000 0.0000000
0.0000000 0.0000000
0.0000000 0.0000000
0.0000000 0.0000000
0.0000000 0.0000000
0.0000000 0.0000000
0.0000000 0.0000000
0.0000000 0.0000000
0.0000000 0.0000000
0.0000000 0.0000000
0.0000000 0.0000000
0.0000000 0.0000000
0.0000000 0.0000000
0.0000000 0.0000000
0.0000000 0.0000000
0.0000000 0.0000000
0.0000000 0.0000000
0.0000000 0.0000000
0.0000000 0.0000000
0.0000000 0.0000000
0.0000000 0.0000000
0.0000000 0.0000000
0.0000000 0.0000000
0.0000000 0.0000000
0.0000000 0.0000000
0.0000000 0.0000000
0.0000000 0.0000000
0.0000000 0.0000000
-0.0880803 0.0724306
0.0000000 0.0000000
-0.2244136 0.0446166
-0.0554292 0.2384579
-0.0894395 0.3360222
0.0000000 0.0000000
-0.1984546 0.2384159
-0.0868812 0.5125030
-0.1076599 0.6240394
0.0000000 0.0000000
-0.2237780 0.4542382
-0.1140350 0.8499708
-0.1439584 0.9868840
0.0000000 0.0000000
-0.2819076 0.7211986
-0.1551092 1.2969378
-0.2067897 1.4841713
0.0000000 0.0000000
-0.3865006 1.0767162
-0.2238654 1.9268793
-0.3144818 2.2154462
0.0000000 0.0000000
-0.5711617 1.5803432
-0.3433821 2.8568351
-0.4942223 3.3613536
0.0000000 0.0000000
-0.9038574 2.3445404
-0.5486029 4.2801538
-0.7656231 5.2104154
0.0000000 0.0000000
-1.5210698 3.5876024
-0.8564973 6.5444050
-1.1187707 8.0768938
0.0000000 0.0000000
-2.6061206 5.6256294
-1.2115467 10.1198053
-1.5850024 12.2461557
0.0000000 0.0000000
-4.1120777 8.7514687
-1.9458444 15.3328094
-2.0487471 18.6805954
0.0000000 0.0000000
-6.0462847 15.1356964
-0.8630645 22.6988258
-2.3267694 23.4701061
0.0000000 0.0000000
6.0914364 10.3091583
8.9628477 7.6685781
15.4423208 1.3727318
0.0000000 0.0000000
21.9655800 4.3482108
8.5525389 -20.0504570
-3.3436925 -22.0749111
0.0000000 0.0000000
9.7934160 -8.2097807
-2.3660684 -21.9239464
-0.4125572 -21.5056496
0.0000000 0.0000000
-13.5375700 -13.9657259
-0.8278590 -14.4025640
-1.6523495 -11.7689753
0.0000000 0.0000000
-2.2291651 -10.9663391
-1.8788583 -9.9041395
-1.0750625 -7.5531421
0.0000000 0.0000000
-2.4225123 -5.7726769
-0.8905645 -6.5453706
-0.6320525 -4.9997768
0.0000000 0.0000000
-1.8781875 -3.8801575
-0.4988676 -4.2772231
-0.4098733 -3.3459189
0.0000000 0.0000000
-1.2498672 -2.6437011
-0.3056271 -2.8014138
-0.2694772 -2.2730587
0.0000000 0.0000000
-0.8216994 -1.8057020
-0.1910374 -1.8669323
-0.1789610 -1.5419679
0.0000000 0.0000000
-0.5517173 -1.2317019
-0.1272243 -1.2515153
-0.1242501 -1.0287195
0.0000000 0.0000000
-0.3837245 -0.8274151
-0.0923242 -0.8174076
-0.0925636 -0.6522321
0.0000000 0.0000000
-0.2810093 -0.5303487
-0.0736780 -0.4864127
-0.0758798 -0.3552525
0.0000000 0.0000000
-0.2203172 -0.2970139
-0.0662200 -0.2139819
-0.0713078 -0.0917306
0.0000000 0.0000000
-0.1941481 -0.0866526
0.0000000 0.0000000
0.0000000 0.0000000
-0.3419085 0.0667528
-0.4408188 0.0492462
-0.2630837 0.1971641
-0.3411618 0.2702532
-0.4164550 0.2293258
-0.3467787 0.4210911
-0.4106367 0.4986292
-0.4820746 0.4276996
-0.4436681 0.6912104
-0.5399374 0.7801576
-0.6146487 0.6626034
-0.6002471 1.0406344
-0.7574776 1.1497239
-0.8414868 0.9581621
-0.8569090 1.5184789
-1.1222533 1.6591222
-1.2218158 1.3479557
-1.2819444 2.1984229
-1.7541748 2.3892217
-1.8699173 1.8885881
-2.0145559 3.1760023
-2.8056614 3.5417101
-3.0090344 2.7078967
-3.3036890 4.5485826
-4.0137815 5.5861802
-5.1297636 4.2265592
-4.8460693 6.9112425
-5.5562215 8.3717117
-9.0295382 7.5363822
-7.9244132 10.8302193
-9.3580389 12.0950346
-8.2926207 7.7915120
5.2245741 10.8104715
10.9558115 10.0227985
17.1165009 8.9978695
18.3479652 10.2962475
28.1017933 -5.4220319
33.0065918 -0.4837883
15.6870947 -7.4039149
17.7979221 -6.1858807
17.3005886 -3.6474407
2.3679726 -11.4801531
-10.7115135 -12.9668808
-11.2477388 -11.9631605
-7.2141094 -6.4897943
-5.1766448 -11.6549816
-10.2765923 -10.8296890
-4.8230824 -7.8727603
-3.5833488 -5.8416924
-5.1177411 -4.7473669
-3.2124324 -5.0139260
-2.4505544 -3.7604837
-3.3059125 -2.9473014
-1.9645727 -3.2041829
-1.5905041 -2.5593717
-2.1392419 -2.1037128
-1.2453969 -2.1227629
-1.0495641 -1.7636968
-1.4099040 -1.5116490
-0.8199037 -1.4366382
-0.7146389 -1.2170107
-0.9618855 -1.0729225
-0.5647164 -0.9763166
-0.5087861 -0.8249261
-0.6869021 -0.7436616
-0.4132134 -0.6444812
-0.3860121 -0.5295658
-0.5193465 -0.4871260
-0.3265049 -0.3857630
-0.3204102 -0.2921029
-0.4253798 -0.2758199
-0.2664193 -0.1671561
-0.3253911 -0.0766580
-0.4122096 -0.0754927
0.0000000 0.0000000
0.0000000 0.0000000
-0.5474288 0.0493820
-0.6164374 0.0362565
-0.4243802 0.1660638
-0.5377377 0.2050852
-0.5922400 0.1669025
-0.5430733 0.3411747
-0.6347222 0.3756945
-0.6824799 0.3066669
-0.6788171 0.5456216
-0.8160483 0.5711003
-0.8584396 0.4575694
-0.8955579 0.7978403
-1.1152711 0.8044527
-1.1505566 0.6211339
-1.2462578 1.1237698
-1.6009412 1.0889513
-1.6245588 0.7907518
-1.8155801 1.5633357
-2.4000354 1.4285794
-2.3999484 0.9358951
-2.7552390 2.1987295
-3.7946985 1.7735481
-3.6862168 0.9730031
-4.4523416 3.1613684
-6.4042296 2.2548895
-6.0429730 1.1414863
-7.9027257 4.0024223
-9.0705099 5.9492283
-8.0796909 -0.2549815
-6.5772610 2.5530033
-8.0046558 3.9577861
-6.6848502 2.1666043
-5.1304255 5.1950917
16.0425282 3.1346838
15.4658775 -1.5925086
33.1339493 2.2221248
33.8821526 8.3929520
34.8851967 0.6767061
20.7777958 -5.3582435
19.4145832 0.1810968
25.0307941 5.6272607
5.7266450 -1.0500647
-8.6482258 -6.1191030
-3.7811844 0.8616304
-6.3507524 1.1607614
-12.1497135 -6.7593384
-13.0673065 -1.8627353
-7.5136003 -3.0962913
-5.6176300 -3.4619627
-7.5936480 -2.2485640
-4.3799496 -2.4742286
-3.5354762 -2.2131660
-4.1755137 -1.6144128
-2.8249521 -1.7122990
-2.3429036 -1.6212137
-2.5812981 -1.1881866
-1.8595983 -1.2434740
-1.5830194 -1.2013922
-1.7153152 -0.9156457
-1.2607057 -0.9192206
-1.1018361 -0.8779104
-1.1997671 -0.7006416
-0.8906567 -0.6661624
-0.8001648 -0.6226271
-0.8834187 -0.5157970
-0.6642270 -0.4587029
-0.6172289 -0.4135444
-0.6897044 -0.3530328
-0.5272215 -0.2799679
-0.5197527 -0.2348256
-0.5816521 -0.2064222
-0.4207384 -0.1184602
-0.5267783 -0.0636109
-0.5863432 -0.0579139
0.0000000 0.0000000
0.0000000 0.0000000
-0.7004460 0.0311863
-0.7377939 0.0184595
-0.5416263 0.1241056
-0.6786581 0.1322968
-0.7111053 0.0912632
-0.6803702 0.2407873
-0.7836988 0.2387354
-0.8079522 0.1630384
-0.8313269 0.3682314
-0.9788268 0.3448498
-0.9932709 0.2215102
-1.0654254 0.5097947
-1.2935562 0.4420173
-1.2899196 0.2487799
-1.4316092 0.6690215
-1.7904226 0.5038759
-1.7485030 0.2042719
-2.0056126 0.8531067
-2.5840302 0.4688362
-2.4526749 -0.0017079
-2.9117811 1.0760581
-3.8944738 0.1997847
-3.5402803 -0.6404069
-4.3455648 1.5089092
-6.7135453 -0.9194254
-5.1029110 -2.3932021
-8.1054678 2.0242209
-8.7147884 -2.4070246
-6.1888213 -5.6050382
-9.1931772 -1.2095913
-9.3923359 -1.8920137
0.9294085 -10.2497511
3.7645476 -8.8129797
15.4050140 -4.6939378
20.1778145 -10.6928616
25.1049595 -3.0593131
28.3818569 2.9485571
27.6924858 2.8910515
18.4454479 -1.9306449
17.8981323 6.9721546
16.6001911 9.4219704
5.6105647 9.9258480
-1.2461028 4.0515342
3.7483118 7.7735348
-5.3753586 4.9168038
-10.0459318 3.2152007
-6.5744438 6.3757048
-8.4996691 1.9841647
-6.9049292 0.1431623
-5.0576000 2.0169182
-4.9049816 0.5631832
-4.0792627 -0.4946400
-3.4733844 0.4562478
-3.1038322 -0.1042930
-2.6289556 -0.6051162
-2.3932598 -0.0967085
-2.0854015 -0.3370363
-1.8018098 -0.5767869
-1.7016693 -0.2665207
-1.4619516 -0.3805951
-1.2907921 -0.4904524
-1.2556442 -0.2938963
-1.0688220 -0.3364724
-0.9674273 -0.3829136
-0.9645815 -0.2598238
-0.8209004 -0.2567860
-0.7661496 -0.2713526
-0.7805501 -0.1979819
-0.6643291 -0.1636955
-0.6584398 -0.1615764
-0.6791422 -0.1246705
-0.5276954 -0.0665926
-0.6714891 -0.0460712
-0.7017124 -0.0374023
0.0000000 0.0000000
0.0000000 0.0000000
-0.7937248 0.0134364
-0.8010321 0.0011877
-0.6104450 0.0755264
-0.7583377 0.0592876
-0.7694238 0.0191930
-0.7540528 0.1310287
-0.8542983 0.1018086
-0.8571763 0.0280463
-0.8966214 0.1791660
-1.0313636 0.1236599
-1.0215050 0.0062860
-1.1085048 0.2088568
-1.3060468 0.1017515
-1.2727695 -0.0757180
-1.4233993 0.1983674
-1.7154965 -0.0136154
-1.6331915 -0.2715129
-1.8860762 0.0959450
-2.3143146 -0.3275117
-2.1273360 -0.6824610
-2.5678768 -0.2336268
-3.1445596 -1.0548757
-2.7806997 -1.5028667
-3.3553851 -1.2269641
-4.2633672 -2.8225620
-3.8627074 -3.7496846
-4.5342522 -1.5844417
-6.0821323 -6.6661992
-4.5639510 -5.4904580
-4.5296988 -10.4715347
-0.0736222 -11.9088240
1.5207422 -10.0418797
4.0007191 -16.2480392
3.4312778 -11.3092651
8.3343363 -7.1468511
10.9304800 0.0301749
21.9415398 2.2806962
12.8864222 -0.8205440
16.6021843 3.7002435
12.1746502 8.7626066
8.9621315 8.7096453
7.0039763 11.1797171
3.2707131 11.0440331
1.0164214 10.3687830
-4.3842010 10.2718763
-6.5058761 4.7218771
-1.6862638 7.0373540
-4.6266575 5.1379724
-4.6033835 2.0603876
-2.5111415 3.3771513
-3.6959682 2.0172381
-3.2803428 0.8475321
-2.3369486 1.5512202
-2.6788502 0.8260350
-2.3462386 0.2406062
-1.8873466 0.6722331
-1.9440264 0.2884634
-1.7174360 -0.0246730
-1.4788030 0.2498184
-1.4454055 0.0501634
-1.2946588 -0.1276364
-1.1686745 0.0529416
-1.1074275 -0.0460204
-1.0120946 -0.1479485
-0.9472628 -0.0299427
-0.8811036 -0.0705199
-0.8301397 -0.1265245
-0.7983387 -0.0538546
-0.7311017 -0.0542233
-0.7312188 -0.0846772
-0.7169214 -0.0467577
-0.5844762 -0.0187307
-0.7533091 -0.0268261
-0.7563264 -0.0169000
0.0000000 0.0000000
0.0000000 0.0000000
-0.8281810 -0.0023093
-0.8104690 -0.0130806
-0.6335033 0.0273047
-0.7798456 -0.0048802
-0.7722341 -0.0392817
-0.7688113 0.0273505
-0.8536253 -0.0167493
-0.8398103 -0.0789701
-0.8858483 0.0054232
-0.9884300 -0.0605254
-0.9633266 -0.1545907
-1.0467994 -0.0616606
-1.1815143 -0.1637826
-1.1378652 -0.2942951
-1.2658736 -0.2111055
-1.4330783 -0.3747911
-1.3622037 -0.5424143
-1.5379167 -0.5065631
-1.7250093 -0.7732314
-1.6212428 -0.9622585
-1.8273691 -1.0640415
-1.9201279 -1.4074358
-1.8425099 -1.5137708
-1.8353713 -2.4536006
-1.4076149 -2.6889255
-1.8478092 -2.5787344
-1.1482558 -3.4119062
-0.3268534 -4.5316043
-1.2969012 -4.1512156
0.7966478 -4.1659546
0.7176870 -4.7035789
-0.6250556 -3.7337205
1.3249401 -7.2805820
3.4324920 -5.6992202
2.2903795 -4.3187742
8.4209061 -2.5455837
9.4629183 -1.9917984
5.7834592 -1.5037459
10.1937962 2.0522704
8.6158800 3.9914815
5.7583027 2.6994090
5.8073540 5.5069966
3.3530138 7.6572642
1.7565057 4.6788974
0.0950785 5.7716241
-0.8948364 5.2380495
-0.3670497 4.4027929
-1.9280703 3.9367666
-2.1777782 2.8830066
-1.0786853 3.0591998
-2.2272613 2.2707558
-2.1059253 1.5064818
-1.3535588 1.8380681
-1.9557889 1.2369417
-1.7770464 0.7734419
-1.3189951 1.0399711
-1.5909342 0.6569765
-1.4397209 0.3695624
-1.1666799 0.5662661
-1.2759289 0.3344968
-1.1653342 0.1549699
-1.0000626 0.2952585
-1.0360520 0.1615070
-0.9599838 0.0468545
-0.8612377 0.1439496
-0.8625506 0.0731422
-0.8197151 -0.0008108
-0.7601062 0.0616094
-0.7366312 0.0331408
-0.7432457 -0.0154143
-0.7038456 0.0181576
-0.5979534 0.0195443
-0.7749256 -0.0091269
-0.7568308 -0.0000140
0.0000000 0.0000000
0.0000000 0.0000000
-0.8114371 -0.0145424
-0.7762470 -0.0227220
-0.6206480 -0.0141516
-0.7527044 -0.0539759
-0.7317283 -0.0793785
-0.7375606 -0.0576359
-0.7990996 -0.1052700
-0.7742193 -0.1496583
-0.8202549 -0.1293871
-0.8831835 -0.1897929
-0.8514560 -0.2526218
-0.9212194 -0.2507214
-0.9912621 -0.3308728
-0.9477336 -0.4075862
-1.0386239 -0.4545912
-1.1011451 -0.5604464
-1.0443860 -0.6381164
-1.1445645 -0.7885527
-1.1642861 -0.9300792
-1.1023058 -0.9795287
-1.1670580 -1.2743460
-1.1027973 -1.4670106
-1.0431652 -1.4234979
-1.0394050 -2.0342810
-0.6717099 -2.2889671
-0.6785756 -1.8851750
-0.2931323 -3.0678720
0.4605727 -3.1747880
0.3509559 -2.4639778
1.2735695 -3.1050236
1.8403701 -3.0429006
1.5645117 -2.3806508
2.0403929 -3.8400099
3.2827828 -3.4176667
3.2299192 -2.3039527
4.4793000 -1.3989991
4.9698796 -1.0961004
3.7872198 -0.8253852
5.2277374 1.0888926
4.5910945 2.2296882
3.1123867 1.2902874
3.7353818 2.8291454
2.4293680 3.6058016
1.7026949 2.4880528
1.3552865 3.2908356
0.6367725 3.5639851
0.2876813 2.6294515
-0.3453265 2.7085788
-0.6444684 2.5444713
-0.3877086 2.2414136
-1.0617725 1.9337306
-1.1086904 1.6445938
-0.7288659 1.6291064
-1.2353057 1.2701507
-1.1779506 0.9970078
-0.8567725 1.0907528
-1.1693749 0.7994785
-1.0921919 0.5895716
-0.8595454 0.6947406
-1.0344795 0.4896527
-0.9656103 0.3379750
-0.8065989 0.4273140
-0.8984232 0.2925216
-0.8479852 0.1855152
-0.7398251 0.2532006
-0.7866838 0.1706555
-0.7566677 0.0939851
-0.6843375 0.1406436
-0.6962158 0.0951316
-0.7071525 0.0390431
-0.6545764 0.0652499
-0.5748864 0.0460643
-0.7480435 0.0050640
-0.7155055 0.0123175
0.0000000 0.0000000
0.0000000 0.0000000
-0.7572098 -0.0224900
-0.7121832 -0.0275589
-0.5818385 -0.0442822
-0.6923544 -0.0861891
-0.6635960 -0.1022836
-0.6754272 -0.1149860
-0.7142063 -0.1610344
-0.6833218 -0.1876267
-0.7242920 -0.2116421
-0.7549458 -0.2643520
-0.7189775 -0.2978766
-0.7738720 -0.3504304
-0.7964039 -0.4125816
-0.7533601 -0.4455545
-0.8155012 -0.5506994
-0.8160664 -0.6252373
-0.7625402 -0.6411511
-0.8226685 -0.8322376
-0.7719325 -0.9242104
-0.7084922 -0.8918497
-0.7380315 -1.1951717
-0.6088693 -1.3087515
-0.5329579 -1.1882542
-0.5130236 -1.6117828
-0.2653578 -1.7389854
-0.1514667 -1.4803041
-0.0812523 -2.0430920
0.3507154 -2.1145072
0.4465060 -1.6895900
0.7374164 -2.0874476
1.1585050 -2.0464766
1.1417251 -1.5620904
1.4816974 -1.9972824
2.0237243 -1.8062651
1.9594136 -1.2429352
2.7174120 -0.6874994
2.7697315 -0.6247160
2.3512156 -0.4269366
3.1793609 0.6474808
2.7108610 1.0098845
2.0429611 0.6282340
2.4518216 1.5825824
1.8379900 2.0110223
1.3138187 1.3880521
1.3056391 1.9740055
0.8183174 2.2116427
0.5270806 1.6515309
0.2755898 1.8604391
0.0013893 1.9038584
-0.0302812 1.5664556
-0.3761300 1.5109545
-0.4889033 1.4309754
-0.3520866 1.2919745
-0.6883558 1.1251397
-0.7074959 0.9986084
-0.5310026 0.9736323
-0.7886006 0.7929330
-0.7687623 0.6637319
-0.6060042 0.6909803
-0.7829239 0.5390046
-0.7513731 0.4277247
-0.6225067 0.4690728
-0.7360622 0.3550699
-0.7074905 0.2661437
-0.6103492 0.3045139
-0.6795605 0.2246548
-0.6636480 0.1551591
-0.5902407 0.1841556
-0.6241373 0.1318734
-0.6393060 0.0761584
-0.5822490 0.0937928
-0.5260099 0.0615404
-0.6864064 0.0149750
-0.6464689 0.0201281
0.0000000 0.0000000
0.0000000 0.0000000
-0.6808991 -0.0264463
-0.6320727 -0.0289464
-0.5250151 -0.0625232
-0.6147364 -0.1031080
-0.5816526 -0.1108795
-0.5968049 -0.1459877
-0.6170302 -0.1882407
-0.5836754 -0.2000326
-0.6191322 -0.2493647
-0.6262397 -0.2947297
-0.5893597 -0.3057838
-0.6300743 -0.3825185
-0.6240586 -0.4323736
-0.5812679 -0.4347261
-0.6232675 -0.5546011
-0.5917507 -0.6097201
-0.5417357 -0.5902672
-0.5761572 -0.7691051
-0.5030511 -0.8304080
-0.4414096 -0.7679565
-0.4566841 -1.0168018
-0.3211998 -1.0810570
-0.2448924 -0.9499828
-0.2255652 -1.2668573
-0.0052517 -1.3174900
0.0778470 -1.0988579
0.1541509 -1.4378858
0.4507125 -1.4570832
0.4987538 -1.1557975
0.6921114 -1.3894844
0.9666790 -1.3583128
0.9524066 -1.0385983
1.2098186 -1.1162088
1.4414974 -1.0346844
1.3612411 -0.7581344
1.7549734 -0.4097139
1.7649264 -0.3360083
1.5377052 -0.2533317
1.9684018 0.3493936
1.7289010 0.5238319
1.3883586 0.3466684
1.6600131 0.9316120
1.3211913 1.1625500
0.9950325 0.8240932
1.0568391 1.2390671
0.7517009 1.4088268
0.5344842 1.0656537
0.4398687 1.2782937
0.2257953 1.3534681
0.1390627 1.0931900
-0.0388101 1.1389204
-0.1609538 1.1358088
-0.1343317 0.9814368
-0.3404371 0.9281278
-0.3943690 0.8770685
-0.3117804 0.8055493
-0.4996144 0.7113063
-0.5132654 0.6399436
-0.4155432 0.6193495
-0.5629815 0.5203445
-0.5598780 0.4467241
-0.4659543 0.4513662
-0.5756164 0.3657255
-0.5655938 0.2980322
-0.4870012 0.3119707
-0.5636156 0.2437861
-0.5575951 0.1853732
-0.4929693 0.1991347
-0.5364569 0.1471088
-0.5549120 0.0969563
-0.4993412 0.1062538
-0.4613705 0.0675260
-0.6043268 0.0207943
-0.5623007 0.0238999
0.0000000 0.0000000
0.0000000 0.0000000
-0.5944061 -0.0274355
-0.5462221 -0.0280362
-0.4599261 -0.0707094
-0.5309247 -0.1080105
-0.4970608 -0.1094933
-0.5128050 -0.1562825
-0.5205874 -0.1939687
-0.4864142 -0.1947446
-0.5167289 -0.2553802
-0.5085009 -0.2938237
-0.4731180 -0.2899598
-0.5036177 -0.3726765
-0.4815154 -0.4126855
-0.4418419 -0.3971137
-0.4682789 -0.5109137
-0.4243244 -0.5520086
-0.3787286 -0.5152798
-0.3976374 -0.6672565
-0.3202611 -0.7076043
-0.2685493 -0.6377395
-0.2708619 -0.8274893
-0.1516630 -0.8641670
-0.0913437 -0.7477081
-0.0699249 -0.9602352
0.0935972 -0.9840419
0.1525765 -0.8181447
0.2137098 -1.0138650
0.4035548 -1.0173763
0.4397475 -0.8148209
0.5627379 -0.9315267
0.7296836 -0.9085695
0.7288002 -0.7051358
0.9051001 -0.6910700
1.0185262 -0.6421595
0.9603673 -0.4898722
1.1985750 -0.2670850
1.1935691 -0.2052000
1.0543865 -0.1653092
1.3016814 0.1933143
1.1719431 0.2988053
0.9731806 0.2039702
1.1489303 0.5719009
0.9539649 0.7062941
0.7506216 0.5155150
0.8183091 0.8058416
0.6228505 0.9207230
0.4697270 0.7055073
0.4397632 0.8862970
0.2836045 0.9537998
0.1998042 0.7687920
0.1057675 0.8466280
0.0001707 0.8667768
-0.0171309 0.7347164
-0.1397592 0.7376028
-0.2035692 0.7225308
-0.1708806 0.6412919
-0.3000476 0.6023163
-0.3308364 0.5652072
-0.2766133 0.5237134
-0.3916810 0.4667558
-0.4032668 0.4200589
-0.3422299 0.4033964
-0.4350007 0.3437791
-0.4390444 0.2956550
-0.3787355 0.2919632
-0.4511971 0.2380623
-0.4530949 0.1917153
-0.3997962 0.1938847
-0.4461708 0.1469673
-0.4648152 0.1040767
-0.4158082 0.1069807
-0.3906615 0.0665923
-0.5138705 0.0232621
-0.4733192 0.0245634
0.0000000 0.0000000
0.0000000 0.0000000
-0.5070022 -0.0264810
-0.4620922 -0.0257325
-0.3933413 -0.0715505
-0.4484299 -0.1045047
-0.4161441 -0.1017866
-0.4319525 -0.1526195
-0.4311841 -0.1853808
-0.3988841 -0.1791637
-0.4232653 -0.2415017
-0.4077985 -0.2739318
-0.3740960 -0.2610029
-0.3974338 -0.3401291
-0.3676455 -0.3718322
-0.3328546 -0.3476845
-0.3497375 -0.4470765
-0.3028997 -0.4778741
-0.2643642 -0.4357097
-0.2717188 -0.5569546
-0.2021453 -0.5847965
-0.1598620 -0.5182078
-0.1549046 -0.6570169
-0.0581163 -0.6786187
-0.0149393 -0.5832082
0.0104724 -0.7226148
0.1278373 -0.7344493
0.1653935 -0.6120077
0.2202798 -0.7254971
0.3432384 -0.7232381
0.3636706 -0.5861052
0.4540112 -0.6408196
0.5570756 -0.6209998
0.5503928 -0.4930768
0.6743999 -0.4584194
0.7363508 -0.4230417
0.6911242 -0.3330239
0.8440353 -0.1852638
0.8379446 -0.1372164
0.7466805 -0.1148032
0.9011379 0.1088473
0.8251888 0.1799537
0.7008275 0.1245858
0.8172332 0.3633811
0.6995696 0.4482961
0.5688912 0.3352508
0.6248031 0.5392220
0.4983594 0.6163379
0.3901606 0.4794128
0.3876709 0.6223705
0.2748794 0.6760809
0.2071294 0.5460388
0.1579348 0.6266206
0.0723831 0.6511260
0.0437386 0.5472611
-0.0321567 0.5752237
-0.0904558 0.5750283
-0.0848595 0.5013700
-0.1704655 0.4927102
-0.2079605 0.4753175
-0.1787596 0.4279127
-0.2642558 0.3992987
-0.2839982 0.3704598
-0.2456634 0.3440003
-0.3214869 0.3057537
-0.3315904 0.2718753
-0.2892661 0.2585560
-0.3511998 0.2175411
-0.3589538 0.1825189
-0.3161125 0.1766509
-0.3599047 0.1366771
-0.3779405 0.1015414
-0.3366675 0.0999727
-0.3211924 0.0615809
-0.4235974 0.0231573
-0.3871773 0.0232697
0.0000000 0.0000000
0.0000000 0.0000000
-0.4245124 -0.0243202
-0.3845240 -0.0228045
-0.3298393 -0.0674957
-0.3726664 -0.0959710
-0.3426689 -0.0906837
-0.3578226 -0.1406364
-0.3516766 -0.1684023
-0.3226973 -0.1585323
-0.3430165 -0.2172785
-0.3239107 -0.2442650
-0.2940511 -0.2271011
-0.3103683 -0.2973109
-0.2803204 -0.3228852
-0.2491781 -0.2954883
-0.2604210 -0.3786639
-0.2157666 -0.4016101
-0.1848200 -0.3608223
-0.1862048 -0.4546461
-0.1270268 -0.4743820
-0.0945973 -0.4161749
-0.0839869 -0.5151098
-0.0100838 -0.5290305
0.0210121 -0.4530915
0.0462455 -0.5451842
0.1305245 -0.5503679
0.1532021 -0.4614386
0.2000670 -0.5280000
0.2819267 -0.5237641
0.2916673 -0.4296866
0.3611647 -0.4528718
0.4263805 -0.4366862
0.4164526 -0.3533574
0.5056279 -0.3190974
0.5420572 -0.2908285
0.5065767 -0.2358504
0.6099057 -0.1351597
0.6051309 -0.0980822
0.5424347 -0.0842899
0.6435652 0.0621753
0.5977006 0.1116141
0.5150114 0.0786032
0.5950704 0.2374341
0.5203483 0.2951338
0.4340964 0.2242603
0.4780784 0.3686617
0.3938887 0.4217547
0.3179380 0.3325834
0.3238871 0.4433948
0.2444342 0.4834213
0.1902816 0.3930416
0.1662175 0.4640655
0.0984420 0.4873493
0.0712600 0.4076793
0.0241199 0.4436825
-0.0259259 0.4493190
-0.0314300 0.3877955
-0.0902068 0.3953378
-0.1250016 0.3875155
-0.1125782 0.3433987
-0.1734515 0.3312103
-0.1970435 0.3142481
-0.1722857 0.2846351
-0.2316553 0.2614538
-0.2449479 0.2379144
-0.2157976 0.2203497
-0.2677164 0.1905825
-0.2770118 0.1640905
-0.2447939 0.1543698
-0.2826437 0.1210887
-0.2996255 0.0933055
-0.2654359 0.0888170
-0.2567061 0.0543172
-0.3396276 0.0214843
-0.3082012 0.0208619
0.0000000 0.0000000
0.0000000 0.0000000
-0.3500239 -0.0215560
-0.3155034 -0.0196937
-0.2726498 -0.0608798
-0.3054823 -0.0850098
-0.2791004 -0.0785987
-0.2921238 -0.1244272
-0.2843350 -0.1478278
-0.2580545 -0.1361776
-0.2752262 -0.1889142
-0.2549531 -0.2109148
-0.2296727 -0.1929054
-0.2420555 -0.2528171
-0.2135082 -0.2733628
-0.1875326 -0.2465172
-0.1931458 -0.3134897
-0.1552498 -0.3314131
-0.1291347 -0.2942284
-0.1280924 -0.3662422
-0.0789882 -0.3800345
-0.0552116 -0.3319934
-0.0431926 -0.4023934
0.0131390 -0.4117070
0.0345121 -0.3525901
0.0591695 -0.4131390
0.1187243 -0.4158121
0.1332684 -0.3501878
0.1715608 -0.3906548
0.2278841 -0.3850031
0.2309208 -0.3202869
0.2845321 -0.3286446
0.3275414 -0.3153823
0.3167650 -0.2594521
0.3821665 -0.2293439
0.4050085 -0.2077381
0.3771929 -0.1715923
0.4496292 -0.1022172
0.4459924 -0.0727539
0.4017907 -0.0646123
0.4714045 0.0345162
0.4423201 0.0702310
0.3856609 0.0499011
0.4410335 0.1594704
0.3932058 0.1992951
0.3330446 0.1543066
0.3677351 0.2566529
0.3096493 0.2950722
0.2566667 0.2347185
0.2658324 0.3193316
0.2088962 0.3491216
0.1675395 0.2857608
0.1546712 0.3457014
0.1041762 0.3646694
0.0789184 0.3056598
0.0508731 0.3404770
0.0086036 0.3485985
0.0005783 0.2984469
-0.0394650 0.3129692
-0.0700944 0.3101660
-0.0661595 0.2720559
-0.1109700 0.2699386
-0.1326085 0.2593632
-0.1185120 0.2317744
-0.1628267 0.2177318
-0.1778741 0.2019414
-0.1567882 0.1830912
-0.1987994 0.1618021
-0.2085015 0.1419427
-0.1845889 0.1308074
-0.2168423 0.1040776
-0.2311938 0.0820599
-0.2041077 0.0764887
-0.1995943 0.0464049
-0.2651247 0.0190884
-0.2385622 0.0180025
0.0000000 0.0000000
0.0000000 0.0000000
-0.2852398 -0.0186650
-0.2559239 -0.0166653
-0.2225164 -0.0532157
-0.2473201 -0.0732134
-0.2248728 -0.0666593
-0.2365921 -0.1071292
-0.2278861 -0.1265868
-0.2055160 -0.1148710
-0.2185591 -0.1600962
-0.2005196 -0.1783508
-0.1780429 -0.1607239
-0.1880722 -0.2109122
-0.1619346 -0.2270063
-0.1412201 -0.2029644
-0.1445503 -0.2561822
-0.1124402 -0.2702066
-0.0918956 -0.2381886
-0.0877585 -0.2922356
-0.0497771 -0.3028548
-0.0307681 -0.2633279
-0.0198176 -0.3143795
0.0236548 -0.3200534
0.0376670 -0.2751507
0.0592241 -0.3157361
0.1025125 -0.3169799
0.1112413 -0.2684472
0.1432329 -0.2925764
0.1819151 -0.2877962
0.1823297 -0.2412968
0.2233440 -0.2438124
0.2528768 -0.2319445
0.2424984 -0.1943248
0.2911697 -0.1698892
0.3064031 -0.1530409
0.2846896 -0.1283787
0.3365656 -0.0782812
0.3344903 -0.0562538
0.3020088 -0.0499689
0.3517887 0.0179901
0.3322830 0.0453509
0.2928478 0.0315106
0.3328771 0.1086194
0.3009959 0.1372647
0.2584367 0.1078482
0.2841240 0.1824404
0.2448672 0.2097495
0.2056632 0.1691919
0.2162356 0.2323696
0.1742206 0.2555624
0.1440348 0.2098437
0.1379859 0.2585095
0.1000122 0.2737108
0.0788141 0.2301028
0.0605016 0.2617668
0.0278998 0.2691689
0.0179445 0.2304168
-0.0080996 0.2458856
-0.0350014 0.2463318
-0.0339498 0.2140974
-0.0665482 0.2170563
-0.0854986 0.2105201
-0.0777369 0.1864510
-0.1116867 0.1788021
-0.1250859 0.1674955
-0.1109986 0.1502306
-0.1433139 0.1345023
-0.1531808 0.1199935
-0.1347153 0.1086606
-0.1614818 0.0874066
-0.1732689 0.0700903
-0.1521017 0.0643664
-0.1509083 0.0389877
-0.2009177 0.0164001
-0.1790439 0.0152492
0.0000000 0.0000000
0.0000000 0.0000000
-0.2301639 -0.0158701
-0.2058315 -0.0139626
-0.1795082 -0.0453122
-0.1988284 -0.0619014
-0.1793918 -0.0555526
-0.1898088 -0.0904488
-0.1808069 -0.1062589
-0.1624235 -0.0955444
-0.1733326 -0.1335811
-0.1570520 -0.1485273
-0.1385934 -0.1325580
-0.1450568 -0.1732397
-0.1238472 -0.1864912
-0.1057653 -0.1651616
-0.1083864 -0.2076050
-0.0811642 -0.2180906
-0.0657889 -0.1918591
-0.0614784 -0.2326760
-0.0313209 -0.2408008
-0.0172767 -0.2090577
-0.0059306 -0.2454368
0.0259768 -0.2498834
0.0367237 -0.2147643
0.0541916 -0.2432820
0.0866035 -0.2428236
0.0911359 -0.2075230
0.1168061 -0.2223801
0.1445956 -0.2182432
0.1432893 -0.1844974
0.1755288 -0.1832025
0.1958737 -0.1742053
0.1870567 -0.1470138
0.2235094 -0.1286885
0.2340624 -0.1144193
0.2171532 -0.0980597
0.2553970 -0.0616181
0.2543420 -0.0447110
0.2301763 -0.0398635
0.2660683 0.0091493
0.2535048 0.0290866
0.2244720 0.0206915
0.2545972 0.0749491
0.2322222 0.0970582
0.2022004 0.0764328
0.2220939 0.1311252
0.1948182 0.1512785
0.1657601 0.1234683
0.1746615 0.1718056
0.1450538 0.1888570
0.1212614 0.1567931
0.1201642 0.1944810
0.0906884 0.2073944
0.0747136 0.1743779
0.0630741 0.2013218
0.0379915 0.2078540
0.0282626 0.1782258
0.0100238 0.1934060
-0.0110694 0.1945019
-0.0128162 0.1690794
-0.0351768 0.1733477
-0.0520755 0.1698786
-0.0468880 0.1492064
-0.0726248 0.1451978
-0.0840081 0.1370973
-0.0747156 0.1222223
-0.0999553 0.1108718
-0.1082779 0.0996880
-0.0946309 0.0896436
-0.1158145 0.0724297
-0.1255725 0.0589628
-0.1086018 0.0534295
-0.1099719 0.0323759
-0.1469069 0.0138603
-0.1290840 0.0127770
0.0000000 0.0000000
0.0000000 0.0000000
-0.1839587 -0.0132768
-0.1640104 -0.0115690
-0.1438644 -0.0380276
-0.1585414 -0.0516692
-0.1425092 -0.0459466
-0.1506652 -0.0750817
-0.1432412 -0.0881894
-0.1271558 -0.0784245
-0.1365709 -0.1101666
-0.1219040 -0.1220024
-0.1073448 -0.1084847
-0.1126128 -0.1413103
-0.0946842 -0.1520508
-0.0803381 -0.1339989
-0.0806467 -0.1668504
-0.0598321 -0.1755501
-0.0465585 -0.1535755
-0.0432821 -0.1851171
-0.0187936 -0.1907166
-0.0090663 -0.1661753
0.0005633 -0.1926561
0.0250740 -0.1959677
0.0324193 -0.1688314
0.0479425 -0.1881049
0.0710796 -0.1879696
0.0744909 -0.1608814
0.0943760 -0.1711125
0.1150993 -0.1666206
0.1126334 -0.1427162
0.1376138 -0.1402552
0.1524646 -0.1330637
0.1447963 -0.1131877
0.1727635 -0.0981889
0.1802319 -0.0876034
0.1671012 -0.0751253
0.1958178 -0.0492987
0.1951764 -0.0351712
0.1771919 -0.0322659
0.2039789 0.0033423
0.1957370 0.0185173
0.1739927 0.0133051
0.1963593 0.0534024
0.1813491 0.0694865
0.1586944 0.0560219
0.1750514 0.0955107
0.1550767 0.1116549
0.1341560 0.0914441
0.1419840 0.1281633
0.1208989 0.1412158
0.1021887 0.1184243
0.1025689 0.1484120
0.0812285 0.1582164
0.0677425 0.1343831
0.0617426 0.1556241
0.0416236 0.1619871
0.0340885 0.1388562
0.0214935 0.1522432
0.0053223 0.1537413
0.0021531 0.1339932
-0.0138681 0.1389781
-0.0271322 0.1366299
-0.0245972 0.1202993
-0.0428329 0.1176383
-0.0529001 0.1121551
-0.0458828 0.0994298
-0.0654391 0.0909425
-0.0720406 0.0822528
-0.0620918 0.0737870
-0.0789464 0.0600428
-0.0863478 0.0491136
-0.0729773 0.0444208
-0.0759514 0.0268887
-0.1021804 0.0116931
-0.0874862 0.0106885
0.0000000 0.0000000
0.0000000 0.0000000
-0.1459990 -0.0110258
-0.1295518 -0.0094896
-0.1142529 -0.0315460
-0.1250981 -0.0425589
-0.1121612 -0.0377385
-0.1193543 -0.0618574
-0.1126905 -0.0726072
-0.0996570 -0.0642428
-0.1064125 -0.0898701
-0.0951016 -0.0997931
-0.0821792 -0.0880449
-0.0870258 -0.1147303
-0.0715754 -0.1229522
-0.0608026 -0.1084682
-0.0610970 -0.1341357
-0.0441870 -0.1411377
-0.0340455 -0.1233495
-0.0297872 -0.1468322
-0.0118570 -0.1516770
-0.0033820 -0.1317639
0.0038540 -0.1519731
0.0233638 -0.1536735
0.0278132 -0.1334276
0.0402363 -0.1470241
0.0578539 -0.1467920
0.0596050 -0.1261873
0.0762466 -0.1322176
0.0908379 -0.1290685
0.0889356 -0.1106104
0.1080289 -0.1087788
0.1192261 -0.1020243
0.1125298 -0.0882168
0.1339577 -0.0764894
0.1398179 -0.0681477
0.1292007 -0.0587187
0.1511942 -0.0387882
0.1509819 -0.0283416
0.1371727 -0.0252705
0.1578247 0.0000231
0.1519662 0.0127243
0.1359202 0.0085963
0.1530569 0.0382551
0.1429956 0.0506105
0.1254836 0.0415918
0.1382904 0.0716002
0.1244921 0.0835300
0.1081703 0.0698838
0.1159691 0.0969072
0.1000344 0.1079568
0.0862516 0.0909211
0.0876185 0.1142816
0.0723636 0.1221788
0.0608662 0.1048954
0.0575881 0.1222449
0.0428590 0.1272786
0.0359295 0.1103623
0.0286140 0.1207994
0.0155393 0.1230863
0.0129070 0.1074712
0.0015303 0.1120115
-0.0083071 0.1105864
-0.0077234 0.0979478
-0.0207765 0.0963359
-0.0285083 0.0920445
-0.0237087 0.0821362
-0.0378229 0.0750469
-0.0433863 0.0683962
-0.0354553 0.0613402
-0.0488972 0.0501135
-0.0541104 0.0410554
-0.0435770 0.0372437
-0.0479586 0.0227566
-0.0651661 0.0099071
-0.0528748 0.0090702
0.0000000 0.0000000
0.0000000 0.0000000
-0.1149368 -0.0091250
-0.1015407 -0.0078282
-0.0897655 -0.0258625
-0.0983611 -0.0349866
-0.0872356 -0.0307809
-0.0936758 -0.0507149
-0.0875207 -0.0592833
-0.0772940 -0.0525068
-0.0832018 -0.0732827
-0.0737186 -0.0814162
-0.0634409 -0.0716790
-0.0662951 -0.0925601
-0.0549123 -0.0996076
-0.0451377 -0.0874098
-0.0461023 -0.1079428
-0.0319017 -0.1130205
-0.0247303 -0.0993174
-0.0215204 -0.1172265
-0.0072602 -0.1210840
-0.0011149 -0.1053929
0.0059812 -0.1198291
0.0198241 -0.1216420
0.0239924 -0.1054580
0.0332702 -0.1158808
0.0471902 -0.1147541
0.0475048 -0.0998246
0.0604480 -0.1036791
0.0717063 -0.1010898
0.0694831 -0.0871060
0.0850492 -0.0844758
0.0928806 -0.0796274
0.0877630 -0.0686529
0.1042373 -0.0603081
0.1087984 -0.0527017
0.1002357 -0.0463704
0.1171068 -0.0312702
0.1175925 -0.0229809
0.1064339 -0.0202806
0.1225685 -0.0007587
0.1186630 0.0086842
0.1061905 0.0066701
0.1201451 0.0279943
0.1127664 0.0385847
0.0996798 0.0317370
0.1099381 0.0543424
0.1006858 0.0637821
0.0873922 0.0544213
0.0942611 0.0754316
0.0830704 0.0838625
0.0718608 0.0722092
0.0749165 0.0895074
0.0632519 0.0967404
0.0544890 0.0836650
0.0530184 0.0972667
0.0427824 0.1016862
0.0360406 0.0894402
0.0319291 0.0979435
0.0224836 0.0999649
0.0195344 0.0886925
0.0128395 0.0917063
0.0051592 0.0914299
0.0053140 0.0816181
-0.0037947 0.0800851
-0.0090396 0.0768486
-0.0062696 0.0694795
-0.0161176 0.0634494
-0.0201182 0.0578029
-0.0139565 0.0525509
-0.0239666 0.0427896
-0.0276296 0.0350483
-0.0187895 0.0319772
-0.0244992 0.0198053
-0.0342391 0.0085618
-0.0236973 0.0078927
0.0000000 0.0000000
0.0000000 0.0000000
-0.0893853 -0.0074818
-0.0784759 -0.0064295
-0.0701116 -0.0212128
-0.0765283 -0.0287647
-0.0674823 -0.0253002
-0.0724014 -0.0412748
-0.0680058 -0.0485457
-0.0588505 -0.0427685
-0.0643588 -0.0597372
-0.0560810 -0.0660907
-0.0482925 -0.0585446
-0.0511056 -0.0751081
-0.0417953 -0.0809175
-0.0341724 -0.0711248
-0.0339369 -0.0866612
-0.0239299 -0.0912186
-0.0171484 -0.0799172
-0.0153951 -0.0941205
-0.0036196 -0.0966170
0.0003914 -0.0849577
0.0056521 -0.0957108
0.0166013 -0.0971268
0.0192989 -0.0845677
0.0276100 -0.0914924
0.0372378 -0.0910526
0.0380015 -0.0790558
0.0477390 -0.0822380
0.0566360 -0.0792495
0.0541343 -0.0693465
0.0661014 -0.0669206
0.0724081 -0.0629159
0.0677114 -0.0544687
0.0810878 -0.0472145
0.0842382 -0.0416231
0.0776097 -0.0361259
0.0908948 -0.0253261
0.0914297 -0.0177646
0.0826006 -0.0161983
0.0951426 -0.0013677
0.0930303 0.0062928
0.0826390 0.0052976
0.0940290 0.0219937
0.0889552 0.0300482
0.0785476 0.0259248
0.0877004 0.0423896
0.0808295 0.0508360
0.0706313 0.0437541
0.0765833 0.0598397
0.0692688 0.0668670
0.0594534 0.0588201
0.0631392 0.0724821
0.0549862 0.0783317
0.0474574 0.0694390
0.0484019 0.0793372
0.0407682 0.0839789
0.0352313 0.0748464
0.0332739 0.0812517
0.0273213 0.0835024
0.0235493 0.0756262
0.0202541 0.0776768
0.0151790 0.0778152
0.0144981 0.0711232
0.0095864 0.0687755
0.0060734 0.0667229
0.0078738 0.0613796
0.0015224 0.0555590
-0.0005717 0.0507392
0.0038177 0.0471751
-0.0030914 0.0383441
-0.0052008 0.0310556
0.0024668 0.0289872
-0.0041806 0.0182617
-0.0077299 0.0077496
0.0020454 0.0071647
0.0000000 0.0000000
0.0000000 0.0000000
-0.0686425 -0.0061801
-0.0594730 -0.0052932
-0.0539156 -0.0174073
-0.0583624 -0.0235877
-0.0510957 -0.0209590
-0.0557390 -0.0338747
-0.0520740 -0.0399838
-0.0446556 -0.0353708
-0.0486291 -0.0486340
-0.0429321 -0.0542410
-0.0356070 -0.0479262
-0.0387597 -0.0613287
-0.0308378 -0.0657369
-0.0252587 -0.0584033
-0.0257578 -0.0704814
-0.0176847 -0.0742569
-0.0125524 -0.0653972
-0.0103311 -0.0757413
-0.0023266 -0.0782334
0.0017590 -0.0687108
0.0051730 -0.0772302
0.0140305 -0.0776932
0.0154254 -0.0686171
0.0215264 -0.0735481
0.0291935 -0.0731086
0.0292271 -0.0639130
0.0375654 -0.0653315
0.0435705 -0.0633349
0.0419166 -0.0552584
0.0510656 -0.0536497
0.0560620 -0.0495452
0.0518569 -0.0437540
0.0621347 -0.0378955
0.0650218 -0.0331968
0.0590959 -0.0288421
0.0700139 -0.0198156
0.0703268 -0.0140517
0.0633133 -0.0121263
0.0736418 -0.0013361
0.0721893 0.0057454
0.0639304 0.0047252
0.0730173 0.0175765
0.0701078 0.0243485
0.0610015 0.0217746
0.0690730 0.0348852
0.0643180 0.0416097
0.0559333 0.0372103
0.0620709 0.0490304
0.0567144 0.0557203
0.0488491 0.0497562
0.0525512 0.0602802
0.0476183 0.0656196
0.0403583 0.0596587
0.0427856 0.0674342
0.0377813 0.0716666
0.0326364 0.0657702
0.0333337 0.0699229
0.0295056 0.0730191
0.0258158 0.0676180
0.0249683 0.0683635
0.0228679 0.0694255
0.0207006 0.0654217
0.0194886 0.0622749
0.0182414 0.0611455
0.0186559 0.0582635
0.0164885 0.0516202
0.0160577 0.0477104
0.0191278 0.0457278
0.0153906 0.0368859
0.0150288 0.0295127
0.0218123 0.0283698
0.0144622 0.0184470
0.0163456 0.0075006
0.0265608 0.0071037
0.0000000 0.0000000
0.0000000 0.0000000
-0.0515620 -0.0051942
-0.0438302 -0.0044877
-0.0403741 -0.0143043
-0.0438716 -0.0197053
-0.0373172 -0.0175020
-0.0418551 -0.0280600
-0.0385522 -0.0330774
-0.0326699 -0.0296752
-0.0366611 -0.0402613
-0.0320781 -0.0450559
-0.0261732 -0.0401385
-0.0283280 -0.0503041
-0.0231588 -0.0543975
-0.0176237 -0.0483795
-0.0189751 -0.0580478
-0.0123225 -0.0608002
-0.0086351 -0.0543955
-0.0077016 -0.0622237
-0.0013335 -0.0642688
0.0016083 -0.0569711
0.0047980 -0.0627303
0.0106289 -0.0635423
0.0124326 -0.0562159
0.0166218 -0.0600912
0.0226830 -0.0590598
0.0221414 -0.0526189
0.0282123 -0.0532840
0.0330652 -0.0514707
0.0311544 -0.0453131
0.0388463 -0.0431127
0.0421162 -0.0400564
0.0388984 -0.0351750
0.0470001 -0.0308363
0.0492689 -0.0261349
0.0441562 -0.0232654
0.0526374 -0.0160510
0.0534757 -0.0110413
0.0471003 -0.0093244
0.0558816 -0.0003363
0.0547986 0.0053261
0.0480108 0.0052638
0.0560161 0.0148135
0.0539252 0.0212759
0.0464935 0.0192632
0.0532382 0.0295131
0.0506220 0.0354701
0.0428482 0.0326936
0.0489036 0.0422806
0.0452989 0.0480001
0.0385205 0.0443614
0.0431175 0.0521626
0.0397628 0.0576800
0.0335190 0.0535139
0.0365513 0.0594489
0.0342109 0.0639039
0.0285856 0.0603863
0.0312055 0.0633579
0.0295376 0.0669869
0.0255043 0.0642327
0.0274780 0.0634963
0.0275879 0.0661812
0.0244428 0.0645067
0.0263318 0.0600038
0.0282803 0.0607180
0.0262897 0.0603919
0.0288888 0.0521457
0.0312153 0.0494853
0.0318961 0.0496041
0.0334197 0.0392814
0.0347075 0.0311440
0.0406479 0.0308499
0.0337527 0.0210983
0.0396844 0.0074610
0.0533141 0.0073594
0.0000000 0.0000000
0.0000000 0.0000000
-0.0370847 -0.0043763
-0.0304242 -0.0038696
-0.0293801 -0.0119822
-0.0316762 -0.0167810
-0.0260792 -0.0151356
-0.0299616 -0.0234386
-0.0279746 -0.0280825
-0.0223068 -0.0253283
-0.0264384 -0.0339130
-0.0226754 -0.0378944
-0.0179527 -0.0343841
-0.0206893 -0.0423749
-0.0166192 -0.0459689
-0.0121458 -0.0413719
-0.0131278 -0.0484508
-0.0090080 -0.0512006
-0.0051755 -0.0459861
-0.0053716 -0.0522006
-0.0003830 -0.0535535
0.0016782 -0.0483650
0.0033399 -0.0525969
0.0078844 -0.0532016
0.0089964 -0.0475862
0.0124924 -0.0497951
0.0163058 -0.0492312
0.0162490 -0.0439292
0.0205850 -0.0444598
0.0242877 -0.0422887
0.0223209 -0.0380133
0.0279580 -0.0359486
0.0306920 -0.0331066
0.0274337 -0.0292904
0.0342336 -0.0251003
0.0356193 -0.0212987
0.0314381 -0.0186596
0.0384634 -0.0131221
0.0391001 -0.0081166
0.0335994 -0.0070695
0.0406021 0.0002030
0.0404092 0.0053602
0.0340065 0.0056048
0.0411877 0.0136736
0.0397329 0.0191459
0.0333960 0.0182032
0.0398637 0.0261122
0.0380180 0.0319991
0.0313814 0.0299300
0.0368084 0.0376852
0.0350512 0.0431016
0.0283971 0.0408499
0.0334755 0.0474567
0.0314686 0.0526280
0.0257895 0.0502246
0.0299521 0.0548347
0.0288593 0.0599097
0.0235592 0.0577982
0.0270520 0.0600967
0.0275831 0.0647135
0.0226652 0.0638509
0.0266512 0.0626893
0.0290602 0.0672010
0.0247499 0.0679551
0.0297357 0.0620422
0.0352588 0.0662561
0.0305354 0.0688617
0.0381944 0.0574723
0.0461902 0.0589141
0.0412385 0.0621629
0.0523209 0.0473780
0.0576921 0.0389762
0.0580960 0.0388855
0.0600969 0.0293548
0.0638800 0.0044326
0.0846170 -0.0001578
0.0000000 0.0000000
0.0000000 0.0000000
-0.0248002 -0.0038392
-0.0186532 -0.0034785
-0.0198339 -0.0102699
-0.0209528 -0.0146255
-0.0160725 -0.0135068
-0.0202795 -0.0203008
-0.0187522 -0.0246126
-0.0138250 -0.0223747
-0.0174832 -0.0291992
-0.0153728 -0.0331038
-0.0106182 -0.0299888
-0.0138511 -0.0367346
-0.0108103 -0.0397827
-0.0071252 -0.0361533
-0.0090719 -0.0420237
-0.0060354 -0.0445068
-0.0029027 -0.0400901
-0.0033329 -0.0448858
-0.0004469 -0.0464216
0.0018231 -0.0416986
0.0022705 -0.0454695
0.0055526 -0.0456182
0.0062132 -0.0411257
0.0081317 -0.0430566
0.0109834 -0.0424157
0.0105680 -0.0378513
0.0139709 -0.0380116
0.0161292 -0.0362897
0.0146106 -0.0322254
0.0188323 -0.0309526
0.0207602 -0.0278780
0.0177134 -0.0248158
0.0228254 -0.0215819
0.0241254 -0.0179321
0.0199622 -0.0154594
0.0259703 -0.0107171
0.0262555 -0.0063354
0.0214584 -0.0049092
0.0276444 0.0007107
0.0275070 0.0058959
0.0218493 0.0060563
0.0279040 0.0126865
0.0274188 0.0179122
0.0212299 0.0173991
0.0273933 0.0243676
0.0261793 0.0297248
0.0202564 0.0283842
0.0258805 0.0349952
0.0247579 0.0404816
0.0188149 0.0384670
0.0237127 0.0446364
0.0230571 0.0498331
0.0172673 0.0478799
0.0220477 0.0528888
0.0217849 0.0580709
0.0167093 0.0564233
0.0211402 0.0595207
0.0224364 0.0650871
0.0174842 0.0644078
0.0221105 0.0647898
0.0261985 0.0713113
0.0209884 0.0728939
0.0272509 0.0681997
0.0364597 0.0773761
0.0295826 0.0827628
0.0402661 0.0683742
0.0589738 0.0812156
0.0449520 0.0901308
0.0686661 0.0628182
0.0941427 0.0678477
0.0661501 0.0661119
0.1070824 0.0488602
0.1156950 0.0018524
0.0871426 -0.0584719
0.0000000 0.0000000
0.0000000 0.0000000
-0.0138241 -0.0035655
-0.0080885 -0.0033498
-0.0112797 -0.0090928
-0.0117437 -0.0134726
-0.0070378 -0.0115824
-0.0114793 -0.0183293
-0.0103692 -0.0224725
-0.0060025 -0.0188825
-0.0100519 -0.0265368
-0.0086893 -0.0304037
-0.0044948 -0.0250762
-0.0077106 -0.0332613
-0.0062601 -0.0364985
-0.0025756 -0.0298262
-0.0051808 -0.0382692
-0.0032851 -0.0405242
-0.0006608 -0.0330037
-0.0021666 -0.0409722
-0.0003292 -0.0424184
0.0014599 -0.0341787
0.0012794 -0.0412408
0.0029175 -0.0416367
0.0036629 -0.0333253
0.0044960 -0.0392767
0.0062401 -0.0383647
0.0055915 -0.0305746
0.0076171 -0.0347421
0.0090684 -0.0329237
0.0072892 -0.0258063
0.0105741 -0.0280021
0.0115370 -0.0251803
0.0087459 -0.0193540
0.0128986 -0.0196438
0.0136700 -0.0157419
0.0097259 -0.0116727
0.0145241 -0.0096878
0.0149590 -0.0052520
0.0101609 -0.0028971
0.0156649 0.0011785
0.0155306 0.0061312
0.0103336 0.0064437
0.0160485 0.0122461
0.0157241 0.0176405
0.0100566 0.0158303
0.0156244 0.0233721
0.0152523 0.0287237
0.0094398 0.0251240
0.0150316 0.0339792
0.0144011 0.0393131
0.0089041 0.0340051
0.0140988 0.0437311
0.0137381 0.0490718
0.0084041 0.0423487
0.0131399 0.0527670
0.0134328 0.0580594
0.0083943 0.0504824
0.0130265 0.0611619
0.0141288 0.0668546
0.0094555 0.0588940
0.0141152 0.0693448
0.0171757 0.0763801
0.0125842 0.0691375
0.0175244 0.0779680
0.0257039 0.0898099
0.0209907 0.0870436
0.0260583 0.0857688
0.0547282 0.1167924
0.0404043 0.1258384
0.0538108 0.0844584
0.1522067 0.1655078
0.0425244 0.1399321
0.1297583 0.0518527
0.4100505 0.1851353
-0.0856366 -0.2175459
0.0000000 0.0000000
0.0000000 0.0000000
-0.0029855 -0.0037288
0.0000000 0.0000000
-0.0030155 -0.0089050
-0.0027577 -0.0144624
0.0000000 0.0000000
-0.0027579 -0.0186109
-0.0024407 -0.0240396
0.0000000 0.0000000
-0.0023948 -0.0275011
-0.0019465 -0.0322920
0.0000000 0.0000000
-0.0019114 -0.0348315
-0.0014170 -0.0387880
0.0000000 0.0000000
-0.0011719 -0.0401468
-0.0006708 -0.0430071
0.0000000 0.0000000
-0.0004314 -0.0432474
0.0001457 -0.0447975
0.0000000 0.0000000
0.0003590 -0.0438099
0.0008982 -0.0440157
0.0000000 0.0000000
0.0012720 -0.0417074
0.0017272 -0.0404845
0.0000000 0.0000000
0.0020827 -0.0371586
0.0025042 -0.0345033
0.0000000 0.0000000
0.0027653 -0.0302373
0.0030959 -0.0263544
0.0000000 0.0000000
0.0034267 -0.0212869
0.0035997 -0.0163086
0.0000000 0.0000000
0.0039025 -0.0108613
0.0039845 -0.0049931
0.0000000 0.0000000
0.0041181 0.0006536
0.0041182 0.0070458
0.0000000 0.0000000
0.0042488 0.0127054
0.0041098 0.0193814
0.0000000 0.0000000
0.0042207 0.0247176
0.0040518 0.0314751
0.0000000 0.0000000
0.0039678 0.0364381
0.0038295 0.0430176
0.0000000 0.0000000
0.0037152 0.0476217
0.0035847 0.0539534
0.0000000 0.0000000
0.0034819 0.0582126
0.0035728 0.0644583
0.0000000 0.0000000
0.0033061 0.0687303
0.0037527 0.0751344
0.0000000 0.0000000
0.0035923 0.0802460
0.0039784 0.0866465
0.0000000 0.0000000
0.0040179 0.0953125
0.0011244 0.0998847
0.0000000 0.0000000
-0.0033583 0.1155556
-0.0014726 0.1411092
0.0000000 0.0000000
-0.0613194 0.1072579
0.1816246 0.4259079
0.0000000 0.0000000
-0.2203457 -0.0777254
1.3253070 1.3287003
0.0000000 0.0000000
0.0000000 0.0000000
-14.00393
-13.83486
-14.37483
-15.52295
-17.46946
-20.58967
-25.54059
-33.54228
-47.01869
-70.59781
-111.4141
-186.5868
-270.0726
-236.5355
-226.2023
-105.5736
-79.96621
-54.76393
-39.3342
-29.66162
-23.12581
-18.58252
-15.45772
-13.41284
-12.25099
-11.8571
-13.53341
-13.59771
-14.12323
-15.22096
-17.07838
-20.03773
-24.71889
-32.32365
-45.44692
-69.29711
-113.0023
-216.1498
-186.7416
-219.6928
-253.0351
-121.5026
-77.83639
-53.89845
-38.43898
-28.84973
-22.53334
-18.17573
-15.17342
-13.20346
-12.0844
-11.73919
-12.788
-12.85021
-13.30087
-14.22832
-15.79534
-18.30023
-22.3093
-28.99137
-41.14048
-67.78095
-115.7527
-183.3372
-156.4251
-228.3249
-283.0894
-173.3695
-80.99787
-49.30706
-34.62931
-25.99307
-20.40926
-16.60436
-13.9862
-12.26061
-11.27422
-10.97627
-11.6624
-11.6935
-12.01129
-12.67948
-13.81321
-15.62278
-18.53062
-23.53624
-33.20924
-57.92128
-142.2798
-209.2479
-68.73472
-52.01322
-159.8831
-170.2286
-78.29631
-42.49942
-28.37445
-21.29349
-16.98497
-14.07729
-12.05484
-10.70215
-9.917549
-9.671548
-10.20951
-10.20321
-10.35611
-10.70766
-11.31353
-12.27041
-13.76128
-16.21455
-20.57222
-29.13763
-81.84146
-109.9213
46.38518
22.70075
-81.40396
-84.86582
-35.58129
-24.43306
-18.69182
-15.13148
-12.6972
-10.9136
-9.600003
-8.684922
-8.13541
-7.949813
-8.524747
-8.477758
-8.45896
-8.481066
-8.538708
-8.608596
-8.624696
-8.552443
-8.615039
-1.866599
10.22051
-11.07609
27.96586
59.8749
37.78325
2.866383
-6.367314
-8.590336
-9.113942
-8.781621
-8.157772
-7.483565
-6.875093
-6.394574
-6.07779
-5.956412
-6.718312
-6.631624
-6.459494
-6.189749
-5.776176
-5.121429
-4.025995
-2.035652
0.7981481
5.998063
15.98195
22.55242
46.00918
54.77699
39.47422
23.50976
9.55986
2.29874
-1.408727
-3.170503
-3.909463
-4.136375
-4.123189
-4.019872
-3.910329
-3.844871
-4.902096
-4.784957
-4.499467
-4.019028
-3.28216
-2.17844
-0.5243903
2.012709
5.676124
10.36569
17.10208
24.11262
34.78533
39.38249
34.13662
24.34227
15.06425
8.227136
3.854918
1.212426
-0.3005058
-1.121592
-1.536577
-1.719186
-1.771539
-1.750265
-3.169591
-3.036819
-2.681571
-2.077523
-1.16908
0.1353068
1.964971
4.491584
7.885747
12.20563
17.50415
22.83934
27.91342
29.83159
27.42539
22.0302
16.04106
10.86943
6.995511
4.304076
2.532
1.420352
0.7576556
0.3934271
0.2325049
0.2231712
-1.581198
-1.444859
-1.061519
-0.4104898
0.5490588
1.879222
3.658394
5.96792
8.864532
12.29623
16.08988
19.72428
22.62913
23.69368
22.39821
19.29132
15.45147
11.76835
8.690442
6.328913
4.623994
3.456058
2.700247
2.250657
2.032573
2.00622
-0.1693558
-0.03858956
0.34066
0.9818829
1.910901
3.162816
4.775461
6.774579
9.151737
11.80851
14.54268
17.00901
18.82511
19.49156
18.76561
16.89645
14.41295
11.83794
9.510969
7.591138
6.108232
5.027394
4.288023
3.827106
3.593993
3.562445
1.055296
1.174246
1.528257
2.124089
2.974731
4.095443
5.49603
7.170005
9.076045
11.11023
13.10596
14.83382
16.05651
16.52299
16.11865
14.96513
13.34156
11.55488
9.843838
8.351238
7.138033
6.21225
5.553028
5.128733
4.909632
4.881571
2.096277
2.200314
2.51748
3.049832
3.800558
4.771418
5.955779
7.330398
8.843707
10.40509
11.88871
13.14279
14.0184
14.37993
14.17081
13.45571
12.39016
11.15892
9.924038
8.798609
7.846784
7.094487
6.542747
6.179768
5.990955
5.971396
2.964966
3.053574
3.330292
3.793516
4.440645
5.26469
6.250668
7.369002
8.569673
9.779697
10.90666
11.84886
12.51089
12.81514
12.7316
12.29754
11.60349
10.76379
9.88728
9.05903
8.335584
7.747427
7.306283
7.011915
6.859372
6.849977
3.676688
3.751248
3.989093
4.386261
4.936535
5.628858
6.444299
7.353376
8.311987
9.263146
10.13971
10.87212
11.39774
11.66948
11.67032
11.42252
10.98112
10.41823
9.807364
9.210921
8.674867
8.228478
7.887424
7.657733
7.54023
7.540003
4.24837
4.311492
4.514905
4.853703
5.319648
5.900087
6.575671
7.319041
8.093772
8.855416
9.555036
10.14397
10.57996
10.83276
10.89176
10.77048
10.50319
10.13652
9.720192
9.299558
8.910707
8.579363
8.321853
8.147095
8.059284
8.065582
4.697311
4.751987
4.926855
5.216608
5.612641
6.101862
6.666282
7.281744
7.918456
8.5421
9.116241
9.606026
9.981904
10.22333
10.32295
10.28882
10.14248
9.914595
9.639162
9.348873
9.071697
8.829425
8.637488
8.505966
8.44095
8.450567
5.040764
5.089788
5.242001
5.492216
5.832025
6.249142
6.727143
7.245568
7.779886
8.303338
8.788319
9.209071
9.544074
9.778473
9.906496
9.93266
9.87059
9.74042
9.565719
9.37015
9.175282
8.999261
8.856262
8.756673
8.707672
8.717695
5.295497
5.341196
5.475911
5.695096
5.99081
6.351935
6.763983
7.209466
7.668406
8.119338
8.540842
8.913184
9.219985
9.449828
9.597649
9.66551
9.661905
9.600168
9.49658
9.368496
9.232649
9.104108
8.995861
8.918362
8.879534
8.887857
5.477327
5.521381
5.642956
5.838184
6.099951
6.418218
6.780432
7.171615
7.575173
7.97366
8.349835
8.688
8.975065
9.201671
9.363119
9.459732
9.496496
9.482238
9.428279
9.347322
9.25247
9.156429
9.071104
9.007242
8.973725
8.979125
5.600729
5.644211
5.756138
5.933286
6.169293
6.455278
6.780195
7.13126
7.494345
7.854894
8.198618
8.512492
8.785581
9.009747
9.180397
9.296674
9.361203
9.379589
9.359723
9.310897
9.243249
9.167476
9.094708
9.036501
9.003772
9.005696
5.678349
5.721922
5.827022
5.990958
6.207948
6.470102
6.767677
7.089478
7.423345
7.756711
8.077337
8.374004
8.637149
8.859456
9.03629
9.165911
9.249346
9.289977
9.29308
9.265313
9.214255
9.1484
9.077847
9.015645
8.978022
8.977919
5.720652
5.764721
5.865495
6.020353
6.224025
6.469351
6.747638
7.048894
7.362322
7.676813
7.981488
8.266333
8.522679
8.743684
8.924693
9.063341
9.159488
9.214972
9.233149
9.218446
9.175951
9.111266
9.031564
8.949966
8.894381
8.904795
5.735563
5.780678
5.879492
6.028992
6.224296
6.458857
6.724707
7.012745
7.313077
7.615536
7.910147
8.187635
8.43989
8.660352
8.844303
8.988975
9.093474
9.158538
9.186162
9.179042
9.139916
9.070668
8.971527
8.845659
8.728151
8.743895
5.726734
5.77584
5.874885
6.022412
6.213794
6.443008
6.702603
6.983985
7.277788
7.574358
7.864194
8.13842
8.3892
8.610107
8.796374
8.944981
9.054598
9.125347
9.158385
9.155333
9.117445
9.044099
8.927448
8.739671
8.464227
7.727084
5.688511
5.751748
5.854125
6.002166
6.193555
6.422601
6.681969
6.963182
7.257009
7.553892
7.844412
8.119751
8.372086
8.594972
8.783576
8.934773
9.047085
9.120451
9.155804
9.154438
9.117229
9.044914
8.940555
8.758804
7.71845
0
