0.0000000 0.0000000
0.0000000 0.0000000
0.0000000 0.0000000
0.0000000 0.0000000
0.0000000 0.0000000
0.0000000 0.0000000
0.0000000 0.0000000
0.0000000 0.0000000
0.0000000 0.0000000
0.0000000 0.0000000
0.0000000 0.0000000
0.0000000 0.0000000
0.0000000 0.0000000
0.0000000 0.0000000
0.0000000 0.0000000
0.0000000 0.0000000
0.0000000 0.0000000
0.0000000 0.0000000
0.0000000 0.0000000
0.0000000 0.0000000
0.0000000 0.0000000
0.0000000 0.0000000
0.0000000 0.0000000
0.0000000 0.0000000
0.0000000 0.0000000
0.0000000 0.0000000
0.0000000 0.0000000
-0.4774196 0.3560236
-0.5324920 0.8581537
-0.6301790 1.4399006
-0.7812718 2.1507084
-1.0175120 3.0538290
-1.3727959 4.2332931
-1.8743162 5.7999730
-2.4916945 7.8888817
-3.1939342 10.6250124
-3.9220390 13.8532772
-4.9571905 16.3077393
12.1629620 14.1735697
15.4891853 -12.2992868
-2.4307864 -12.7177219
-1.9774920 -11.0183964
-1.6998547 -8.6465912
-1.4612139 -6.8605604
-1.3116051 -5.3629951
-1.1257488 -4.1132984
-0.9280030 -3.0819736
-0.7579250 -2.2355447
-0.6272049 -1.5386782
-0.5355519 -0.9539953
-0.5034392 -0.4323542
0.0000000 0.0000000
0.0000000 0.0000000
-0.9933959 0.4136506
-1.0969729 0.8864920
-1.2915341 1.4190265
-1.5953234 2.0501740
-2.0476997 2.8260756
-2.6926591 3.8185585
-3.5844266 5.1566615
-4.5776343 7.1963243
-6.4917159 9.8297567
-6.3830376 11.8951654
5.1821733 10.4670448
21.1042805 9.9347801
27.2555523 -7.9733095
5.6668334 -8.8644600
-3.7389953 -10.2754107
-4.4202228 -9.0583296
-3.1334724 -6.7451067
-2.7635720 -5.1474319
-2.2645090 -3.9017544
-1.8295428 -2.9025311
-1.4877834 -2.1053753
-1.2369788 -1.4558687
-1.0704691 -0.9058797
-0.9805867 -0.3941004
0.0000000 0.0000000
0.0000000 0.0000000
-1.3834689 0.3709669
-1.5578786 0.7565904
-1.8067379 1.1926874
-2.1980240 1.6928824
-2.7663260 2.2909157
-3.5780535 3.0298681
-4.7767825 3.9515328
-6.7659402 4.7876563
-10.0501728 5.4998465
-6.2303705 7.0192423
-0.5712084 2.0103519
27.5148773 7.6507773
31.0944920 -9.2693501
0.1304432 -7.3758879
-2.4815214 -9.7969007
-7.2250409 -8.3946552
-5.5300646 -6.1710544
-4.3195963 -4.6148348
-3.3417637 -3.3452559
-2.6283748 -2.4206107
-2.1186843 -1.7358077
-1.7609730 -1.1925466
-1.5280720 -0.7343376
-1.3490568 -0.3154172
0.0000000 0.0000000
0.0000000 0.0000000
-1.6421301 0.2960408
-1.8971976 0.5767491
-2.1844997 0.8940269
-2.6259086 1.2555689
-3.2680433 1.6988645
-4.1571960 2.2923467
-5.3876667 3.1945271
-7.6533079 4.2187428
-11.0577822 2.3096282
-3.9024181 4.0346756
11.4300404 -6.8916259
27.4470062 2.1268394
29.4163113 -6.5898190
11.4907103 0.2465372
-1.2052492 -4.7812276
-6.3524151 -2.8584552
-8.0744715 -4.2447014
-5.4792733 -3.4079700
-4.1797152 -2.3682902
-3.2469413 -1.6784341
-2.5977361 -1.2039901
-2.1584680 -0.8330179
-1.8719796 -0.5118100
-1.5906862 -0.2198365
0.0000000 0.0000000
0.0000000 0.0000000
-1.7791497 0.2037704
-2.1075239 0.3740025
-2.4124925 0.5617961
-2.8619230 0.7648410
-3.5319393 0.9840268
-4.4921441 1.1807959
-5.8890004 1.6589315
-8.3458452 2.1525452
-9.8799677 -1.4706204
-3.5103347 0.5661805
16.3299732 -6.9111772
27.0648518 -1.6651437
26.4654007 -4.8551583
11.2705088 4.8253856
-1.5113525 0.7666582
-5.8600874 -0.9262719
-10.0275507 -0.6706015
-6.3386555 -1.3030612
-4.6513972 -1.0231253
-3.5904968 -0.7882639
-2.8781252 -0.6017755
-2.4024601 -0.4353924
-2.0812514 -0.2742357
-1.7178571 -0.1169674
0.0000000 0.0000000
0.0000000 0.0000000
-1.8152733 0.1024408
-2.1935477 0.1590718
-2.4889393 0.1995118
-2.8995497 0.2104760
-3.4989958 0.1875571
-4.3758531 -0.0461372
-5.6029782 -0.5435249
-7.9406371 -0.8405862
-8.7432222 -4.7557607
1.9560721 -6.3486071
21.5130062 -8.3607836
28.8888206 -1.4409159
19.0731258 1.4078331
15.5485229 4.3167467
1.0546280 4.9201207
-5.5200830 3.1765487
-9.2796059 2.5564895
-6.3176632 0.8706456
-4.6318622 0.3378783
-3.6074178 0.0707258
-2.9333916 -0.0429109
-2.4808137 -0.0724719
-2.1643829 -0.0573196
-1.7762504 -0.0197077
0.0000000 0.0000000
0.0000000 0.0000000
-1.8081003 0.0049904
-2.1781423 -0.0489475
-2.4304392 -0.1395881
-2.7666216 -0.2989442
-3.2355626 -0.5527179
-3.8793240 -1.0122772
-4.7416162 -2.0028613
-6.1588659 -3.4185646
-6.5570931 -7.9334078
1.2970293 -6.9466276
16.2040901 -8.7190599
30.4629784 -0.5547752
15.1739149 0.8407157
11.9103680 2.7244267
2.1471424 7.5052643
-4.1355486 7.9965835
-7.0216751 3.8842392
-5.2911501 2.1959734
-4.1178980 1.2728966
-3.3227694 0.7378817
-2.7816069 0.4169679
-2.4084225 0.2312952
-2.1378233 0.1258287
-1.7734890 0.0622850
0.0000000 0.0000000
0.0000000 0.0000000
-1.7484113 -0.0778430
-2.0687249 -0.2157033
-2.2593997 -0.3999612
-2.4970355 -0.6664262
-2.8079200 -1.0686685
-3.1995873 -1.6561317
-3.6470933 -2.7250533
-4.1342402 -4.3486452
-4.4013534 -6.6277065
0.8553316 -8.3412132
10.9893284 -1.9560325
18.6221905 3.6153867
15.0816565 5.2053008
6.4378514 8.9389467
2.0575602 8.7312326
-2.9040046 8.3480635
-3.6368134 4.9039798
-3.6113038 2.9432557
-3.2247565 1.8433105
-2.8114703 1.1746951
-2.4725566 0.7463005
-2.2147095 0.4620946
-2.0107310 0.2685395
-1.6868877 0.1252739
0.0000000 0.0000000
0.0000000 0.0000000
-1.6231455 -0.1383967
-1.8902067 -0.3314017
-2.0162020 -0.5713602
-2.1528773 -0.8893140
-2.3075471 -1.3351803
-2.4579303 -1.9480006
-2.5420141 -2.8585799
-2.4700091 -3.9264483
-1.7422364 -5.5511985
0.5606827 -7.2621241
5.4621897 -4.9664679
10.0869799 1.2404437
11.1338158 4.4668531
6.4824815 7.6349907
1.7992997 7.8953366
-0.6486068 6.0475860
-1.7934958 4.4265800
-2.1823766 3.0634682
-2.2820957 2.0724514
-2.2094860 1.3985229
-2.0782130 0.9365049
-1.9447716 0.6078854
-1.8141693 0.3631299
-1.5390056 0.1668367
0.0000000 0.0000000
0.0000000 0.0000000
-1.4557680 -0.1757825
-1.6718596 -0.3969175
-1.7387179 -0.6582246
-1.7869027 -0.9823751
-1.8111776 -1.3989142
-1.7737759 -1.9206332
-1.5985264 -2.6028869
-1.1829531 -3.2993603
-0.1313909 -4.1935067
1.4329679 -4.4129763
3.5401194 -4.6689110
5.8159652 -1.8864378
6.2933679 1.2511616
4.5683994 3.4743319
2.1908605 4.4904923
0.3710488 4.2610388
-0.7450429 3.5225222
-1.2684071 2.7212315
-1.5390064 2.0067344
-1.6532111 1.4367179
-1.6725839 1.0048606
-1.6443188 0.6741586
-1.5799471 0.4108318
-1.3545254 0.1879760
0.0000000 0.0000000
0.0000000 0.0000000
-1.2682347 -0.1922467
-1.4388841 -0.4193051
-1.4584696 -0.6756306
-1.4397137 -0.9748179
-1.3736238 -1.3298733
-1.2232924 -1.7401701
-0.9222893 -2.2068870
-0.3939458 -2.6525249
0.4963187 -3.0369859
1.5849274 -3.0002620
2.7174473 -2.5708129
3.7863386 -0.9569437
4.0274768 0.7882665
3.2244735 2.0068524
1.9688587 2.7732167
0.7520196 2.9285686
-0.1619179 2.6647680
-0.6977146 2.2362146
-1.0148093 1.7718464
-1.2070670 1.3444735
-1.3074723 0.9798920
-1.3492008 0.6765774
-1.3358799 0.4193813
-1.1559443 0.1918907
0.0000000 0.0000000
0.0000000 0.0000000
-1.0784667 -0.1923387
-1.2106973 -0.4094530
-1.1972328 -0.6447656
-1.1356251 -0.9043690
-1.0191406 -1.1911219
-0.8195246 -1.4972100
-0.4897331 -1.8033662
-0.0008951 -2.0558259
0.6594800 -2.1874146
1.3723167 -2.0535622
2.0793509 -1.5697589
2.6135898 -0.5919046
2.7360508 0.4668455
2.3140979 1.2585659
1.5907083 1.8125318
0.8080989 2.0373096
0.1356077 1.9855151
-0.3451055 1.7712473
-0.6558460 1.4850792
-0.8685148 1.1826171
-1.0034299 0.8954188
-1.0824910 0.6348671
-1.1018366 0.3996826
-0.9608666 0.1832858
0.0000000 0.0000000
0.0000000 0.0000000
-0.8988062 -0.1812119
-1.0002805 -0.3788514
-0.9666308 -0.5855770
-0.8832114 -0.8023993
-0.7469079 -1.0265095
-0.5395812 -1.2470783
-0.2357239 -1.4409300
0.1623161 -1.5707157
0.6365767 -1.5842822
1.1173530 -1.4200022
1.5602823 -1.0234041
1.8624519 -0.3949257
1.9223658 0.2809894
1.6840510 0.8265793
1.2460490 1.2300243
0.7352628 1.4425064
0.2548908 1.4759023
-0.1366081 1.3797255
-0.4147757 1.2083445
-0.6180487 1.0002488
-0.7607037 0.7820833
-0.8535240 0.5678026
-0.8900691 0.3624486
-0.7806274 0.1668462
0.0000000 0.0000000
0.0000000 0.0000000
-0.7367998 -0.1635849
-0.8140920 -0.3374271
-0.7707257 -0.5136521
-0.6805207 -0.6903111
-0.5445838 -0.8619927
-0.3524190 -1.0174681
-0.0951807 -1.1369665
0.2125144 -1.1952568
0.5531093 -1.1597170
0.8828582 -1.0026832
1.1692984 -0.7004298
1.3541964 -0.2776899
1.3861282 0.1733781
1.2415091 0.5593718
0.9664479 0.8580297
0.6260349 1.0388041
0.2838086 1.1012475
-0.0183539 1.0671641
-0.2548808 0.9669515
-0.4356234 0.8252404
-0.5700320 0.6622440
-0.6627537 0.4905418
-0.7058008 0.3170833
-0.6213393 0.1465403
0.0000000 0.0000000
0.0000000 0.0000000
-0.5957580 -0.1432367
-0.6544110 -0.2923278
-0.6084359 -0.4394231
-0.5212021 -0.5810930
-0.3965779 -0.7113221
-0.2303713 -0.8197625
-0.0221276 -0.8919352
0.2119760 -0.9115974
0.4580619 -0.8596219
0.6890202 -0.7241893
0.8808815 -0.4976440
0.9993767 -0.2029606
1.0188967 0.1097078
0.9270185 0.3876557
0.7472111 0.6113088
0.5166352 0.7591767
0.2716914 0.8272499
0.0430352 0.8241832
-0.1494712 0.7665906
-0.3031880 0.6705226
-0.4221907 0.5494788
-0.5068886 0.4138069
-0.5496542 0.2703297
-0.4849512 0.1254895
0.0000000 0.0000000
0.0000000 0.0000000
-0.4759310 -0.1226616
-0.5203820 -0.2482856
-0.4764790 -0.3693999
-0.3975826 -0.4819367
-0.2889853 -0.5802976
-0.1509848 -0.6561680
0.0128689 -0.6989882
0.1907809 -0.6990169
0.3705193 -0.6455700
0.5344381 -0.5338115
0.6674328 -0.3640828
0.7468371 -0.1528726
0.7588693 0.0705533
0.6993562 0.2744307
0.5783679 0.4433523
0.4185164 0.5624041
0.2433041 0.6260991
0.0713771 0.6378912
-0.0812475 0.6057888
-0.2070704 0.5401679
-0.3077250 0.4503102
-0.3811745 0.3439061
-0.4196091 0.2266538
-0.3705199 0.1057514
0.0000000 0.0000000
0.0000000 0.0000000
-0.3762686 -0.1034866
-0.4095069 -0.2080157
-0.3700739 -0.3069126
-0.3020057 -0.3960838
-0.2111683 -0.4704247
-0.0991100 -0.5238258
0.0282344 -0.5492113
0.1627276 -0.5399040
0.2956440 -0.4913076
0.4138470 -0.4010746
0.5069804 -0.2725213
0.5629839 -0.1175431
0.5711671 0.0456974
0.5305576 0.1979995
0.4486082 0.3269033
0.3360235 0.4221320
0.2090819 0.4784099
0.0815449 0.4960138
-0.0368344 0.4794323
-0.1375023 0.4344308
-0.2192885 0.3672145
-0.2803107 0.2837496
-0.3126070 0.1887169
-0.2756195 0.0884841
0.0000000 0.0000000
0.0000000 0.0000000
-0.2941220 -0.0864984
-0.3189416 -0.1729175
-0.2850298 -0.2532946
-0.2280764 -0.3240556
-0.1540730 -0.3808484
-0.0652759 -0.4187680
0.0332888 -0.4336478
0.1347919 -0.4210962
0.2328959 -0.3787159
0.3197795 -0.3069282
0.3863057 -0.2084229
0.4254460 -0.0919376
0.4324807 0.0299793
0.4044484 0.1453681
0.3468956 0.2452674
0.2680107 0.3213720
0.1760575 0.3698255
0.0812549 0.3893255
-0.0083379 0.3817651
-0.0866766 0.3510102
-0.1511332 0.3005861
-0.1992047 0.2347433
-0.2247604 0.1575965
-0.1973393 0.0744650
0.0000000 0.0000000
0.0000000 0.0000000
-0.2268720 -0.0719734
-0.2451707 -0.1433652
-0.2168388 -0.2088950
-0.1706943 -0.2652238
-0.1117634 -0.3091615
-0.0426604 -0.3368988
0.0326477 -0.3452308
0.1094055 -0.3323321
0.1819255 -0.2964786
0.2450556 -0.2387895
0.2938200 -0.1625780
0.3217756 -0.0734673
0.3266440 0.0200153
0.3081547 0.1089882
0.2676715 0.1874065
0.2111912 0.2491125
0.1453733 0.2902546
0.0759887 0.3099072
0.0092472 0.3082061
-0.0496605 0.2871250
-0.0983342 0.2493543
-0.1342428 0.1972553
-0.1523368 0.1339379
-0.1321150 0.0640617
0.0000000 0.0000000
0.0000000 0.0000000
-0.1718840 -0.0600318
-0.1849366 -0.1191961
-0.1622291 -0.1730730
-0.1257913 -0.2186206
-0.0798477 -0.2529935
-0.0269940 -0.2738144
0.0294415 -0.2786919
0.0863840 -0.2661459
0.1401620 -0.2363548
0.1859698 -0.1897458
0.2208124 -0.1292367
0.2415101 -0.0597327
0.2450462 0.0133436
0.2319236 0.0838692
0.2042083 0.1465015
0.1642663 0.1972712
0.1170719 0.2328370
0.0674723 0.2517108
0.0192688 0.2540753
-0.0234694 0.2404626
-0.0576205 0.2123117
-0.0815974 0.1711283
-0.0919978 0.1183978
-0.0765021 0.0576523
0.0000000 0.0000000
0.0000000 0.0000000
-0.1266621 -0.0504905
-0.1353800 -0.1002119
-0.1176183 -0.1449982
-0.0899525 -0.1825596
-0.0556164 -0.2103492
-0.0163670 -0.2262534
0.0253038 -0.2292050
0.0665100 -0.2178921
0.1049471 -0.1925046
0.1380406 -0.1545231
0.1625297 -0.1055597
0.1768887 -0.0494204
0.1801098 0.0091575
0.1709595 0.0663669
0.1515378 0.1180896
0.1241960 0.1606313
0.0912305 0.1919799
0.0564987 0.2104644
0.0233459 0.2157367
-0.0054616 0.2082974
-0.0270692 0.1885552
-0.0392005 0.1567461
-0.0400083 0.1124372
-0.0264271 0.0564149
0.0000000 0.0000000
0.0000000 0.0000000
-0.0886185 -0.0431623
-0.0938757 -0.0858072
-0.0808338 -0.1239693
-0.0607945 -0.1555211
-0.0362266 -0.1786816
-0.0087220 -0.1915363
0.0200907 -0.1930820
0.0489230 -0.1830717
0.0751349 -0.1613508
0.0974891 -0.1291772
0.1145234 -0.0886155
0.1239027 -0.0420715
0.1257124 0.0068590
0.1201667 0.0546268
0.1070005 0.0984930
0.0885737 0.1355413
0.0668736 0.1636636
0.0438596 0.1819827
0.0223088 0.1899325
0.0048545 0.1878522
-0.0056763 0.1762946
-0.0060003 0.1549094
0.0072983 0.1211180
0.0296482 0.0691404
0.0000000 0.0000000
0.0000000 0.0000000
-0.0559857 -0.0378642
-0.0581608 -0.0748293
-0.0491298 -0.1077669
-0.0363124 -0.1347463
-0.0207752 -0.1541022
-0.0032124 -0.1646618
0.0148063 -0.1654862
0.0324936 -0.1562210
0.0489784 -0.1374060
0.0623617 -0.1097542
0.0723510 -0.0750105
0.0784945 -0.0355894
0.0791972 0.0060607
0.0753925 0.0471319
0.0676408 0.0849768
0.0562507 0.1176419
0.0430697 0.1432967
0.0294333 0.1611165
0.0170841 0.1710417
0.0080806 0.1736161
0.0054885 0.1702207
0.0157772 0.1634824
0.0565008 0.1590317
0.1500730 0.1596892
0.0000000 0.0000000
0.0000000 0.0000000
-0.0272119 -0.0320901
-0.0263851 -0.0603853
-0.0216531 -0.0855964
-0.0152218 -0.1060817
-0.0078120 -0.1203995
0.0002660 -0.1276345
0.0088052 -0.1275642
0.0168426 -0.1196986
0.0242121 -0.1043784
0.0305019 -0.0825590
0.0346916 -0.0554342
0.0369805 -0.0247896
0.0373266 0.0073510
0.0352094 0.0392023
0.0313382 0.0687433
0.0261040 0.0943072
0.0199832 0.1148699
0.0138822 0.1297580
0.0086296 0.1391480
0.0053079 0.1439905
0.0058102 0.1465186
0.0198121 0.1573057
0.1121472 0.2365071
0.4115732 0.4539925
0.0000000 0.0000000
0.0000000 0.0000000
0.0000000 0.0000000
0.0000000 0.0000000
0.0000000 0.0000000
0.0000000 0.0000000
0.0000000 0.0000000
0.0000000 0.0000000
0.0000000 0.0000000
0.0000000 0.0000000
0.0000000 0.0000000
0.0000000 0.0000000
0.0000000 0.0000000
0.0000000 0.0000000
0.0000000 0.0000000
0.0000000 0.0000000
0.0000000 0.0000000
0.0000000 0.0000000
0.0000000 0.0000000
0.0000000 0.0000000
0.0000000 0.0000000
0.0000000 0.0000000
0.0000000 0.0000000
0.0000000 0.0000000
0.0000000 0.0000000
0.0000000 0.0000000
0.0000000 0.0000000
0.0000000 0.0000000
-0.1804816 0.1711792
0.0000000 0.0000000
-0.5368800 0.1181917
-0.1882970 0.5714548
-0.1925200 0.8805299
0.0000000 0.0000000
-0.5035518 0.6463032
-0.2134451 1.2411361
-0.2364967 1.5672367
0.0000000 0.0000000
-0.5621101 1.1851110
-0.2455936 1.9926747
-0.2847043 2.3897824
0.0000000 0.0000000
-0.6828936 1.8120936
-0.3036606 2.8976541
-0.3542708 3.4156935
0.0000000 0.0000000
-0.8800247 2.5926287
-0.3906828 4.0490427
-0.4521160 4.7350721
0.0000000 0.0000000
-1.1816456 3.6021674
-0.5120609 5.5641494
-0.5891718 6.4710641
0.0000000 0.0000000
-1.6187994 4.9367723
-0.6762392 7.5893307
-0.7745116 8.7853928
0.0000000 0.0000000
-2.2100985 6.7264714
-0.9019060 10.2899323
-1.0020481 11.8791065
0.0000000 0.0000000
-2.9442534 9.1504459
-1.1096506 13.7972536
-1.2085435 15.7500753
0.0000000 0.0000000
-3.5581510 12.3961420
-1.2074813 17.9713192
-1.3302387 20.0913754
0.0000000 0.0000000
-3.6627126 16.6101742
-0.4355350 22.3159218
-1.8701142 23.4823093
0.0000000 0.0000000
2.8976760 14.6418638
5.2263322 15.8323402
10.9543362 7.5325532
0.0000000 0.0000000
19.0408173 2.6584301
7.8249125 -10.7756081
-1.0596641 -10.4471350
0.0000000 0.0000000
9.9831610 -7.5704241
0.1047207 -14.5983686
-0.4388199 -15.3197050
0.0000000 0.0000000
-2.6913040 -13.1106539
-0.6566684 -13.0021257
-0.7373838 -11.7377176
0.0000000 0.0000000
-1.8556918 -10.1929550
-0.7127573 -10.5637035
-0.6735157 -9.4834671
0.0000000 0.0000000
-1.5695996 -7.7713094
-0.6626297 -8.4249506
-0.6022695 -7.4480157
0.0000000 0.0000000
-1.3696630 -6.0230975
-0.5509047 -6.5727463
-0.4856101 -5.7332706
0.0000000 0.0000000
-1.2079148 -4.6478310
-0.4491925 -5.0258508
-0.3805754 -4.2950726
0.0000000 0.0000000
-1.0191256 -3.4977438
-0.3499755 -3.7537117
-0.3001247 -3.1510324
0.0000000 0.0000000
-0.8330669 -2.5825677
-0.2762074 -2.7181931
-0.2430890 -2.2372572
0.0000000 0.0000000
-0.6843115 -1.8434585
-0.2240540 -1.8674713
-0.2046787 -1.4825850
0.0000000 0.0000000
-0.5761480 -1.2335019
-0.1902236 -1.1481280
-0.1840390 -0.8272188
0.0000000 0.0000000
-0.5070530 -0.7091201
-0.1794776 -0.5050448
-0.1902390 -0.1967400
0.0000000 0.0000000
-0.4741640 -0.1860977
0.0000000 0.0000000
0.0000000 0.0000000
-0.8102521 0.1812532
-1.0866584 0.1354122
-0.7760475 0.4779633
-0.7968059 0.7254899
-1.0464902 0.6281291
-0.8367999 1.0231115
-0.9155470 1.2963561
-1.1664103 1.1395900
-0.9800676 1.6346045
-1.1037998 1.9570687
-1.3992518 1.7161320
-1.2097415 2.3579009
-1.3864150 2.7566786
-1.7602941 2.4114683
-1.5452378 3.2524269
-1.7931209 3.7555413
-2.2961349 3.2763152
-2.0209241 4.3913364
-2.3559029 5.0484867
-3.0981557 4.3782010
-2.6969290 5.8872795
-3.1041625 6.7893071
-4.2818880 5.7996726
-3.7062809 7.8363700
-4.0040159 9.3514462
-5.8899007 8.0381250
-4.8070512 10.7829409
-5.1587362 12.7230387
-7.0057263 11.0595636
-5.1289482 14.8652592
-6.4559650 15.5595379
-5.5886831 12.1493587
2.3000309 12.1949883
10.2901287 11.7843533
16.4744473 11.6289511
15.1314955 10.6472301
19.2685337 6.9563055
29.5670147 1.3020222
24.2092991 -7.7106557
13.2047300 -8.2820196
15.6562014 -8.5857134
4.5137916 -11.9345531
-4.3328357 -11.8711824
-3.1689632 -9.6311560
-3.2221408 -10.9318123
-3.3969634 -10.7113152
-4.1322384 -10.2373714
-3.2126944 -9.0867472
-2.9229326 -8.0352430
-3.8462608 -7.9110990
-2.5680022 -6.9779119
-2.2916899 -6.1272488
-2.8638349 -5.7119408
-2.1401949 -5.4579062
-1.8882034 -4.6784868
-2.4954157 -4.2782464
-1.7312346 -4.2021027
-1.5150306 -3.5247235
-2.0308802 -3.2107961
-1.3754516 -3.1535585
-1.2143238 -2.6221018
-1.6436765 -2.3846512
-1.1044090 -2.3014495
-0.9926832 -1.8810611
-1.3505539 -1.7151132
-0.9113456 -1.5950950
-0.8413395 -1.2535223
-1.1450597 -1.1527394
-0.7850254 -0.9887750
-0.7561442 -0.7044665
-1.0198690 -0.6614408
-0.7282658 -0.4270431
-0.7766779 -0.1733924
-1.0235442 -0.1648464
0.0000000 0.0000000
0.0000000 0.0000000
-1.3379683 0.1418533
-1.5595022 0.1188324
-1.2247353 0.4146598
-1.2922615 0.5835884
-1.5062473 0.5073502
-1.3451389 0.8559653
-1.4565346 1.0510041
-1.6629875 0.9236627
-1.5604501 1.3535537
-1.7446806 1.5713000
-1.9705454 1.3813592
-1.9082232 1.9254898
-2.1727979 2.1918449
-2.4445541 1.9103611
-2.4238737 2.6089895
-2.7729506 2.9657528
-3.1384127 2.5422306
-3.1673994 3.4447160
-3.6039581 3.9827974
-4.1670995 3.3268056
-4.2587152 4.4977975
-4.6336308 5.4421225
-5.6731830 4.2738466
-5.8559990 5.8864331
-6.9081020 7.1414967
-8.3070908 6.0476160
-8.1735744 7.6912751
-7.4541349 9.6408587
-8.3246498 8.4112253
-5.0677438 11.0970325
-5.5969048 8.4518576
-2.2511871 5.4555421
-1.9924959 6.9078860
13.5213881 6.5884166
16.5107193 1.0831528
25.6761589 3.9953396
38.7004471 -0.9715055
44.5830956 -7.8576689
29.6099606 -8.3288441
19.6027851 -6.7281208
24.4972057 -5.5613480
-0.8638501 -7.4991384
-1.9149123 -9.3026552
-2.0508430 -9.2321348
-2.5819144 -9.7600498
-4.5470691 -10.2216158
-5.2789912 -9.6666574
-5.8116260 -8.9023409
-5.4836545 -8.1803694
-7.1636276 -8.3387995
-4.4764581 -6.6325679
-3.8184133 -5.5538697
-4.7360644 -5.0637088
-3.5763850 -4.9789786
-3.1028955 -3.9964681
-3.8205485 -3.5832624
-2.7997079 -3.6817861
-2.4630072 -2.9815807
-2.9638224 -2.6763780
-2.2214389 -2.6967878
-1.9755224 -2.2121301
-2.3560021 -1.9810965
-1.7914426 -1.9429531
-1.6208364 -1.5898823
-1.9277606 -1.4260815
-1.4870282 -1.3384024
-1.3795310 -1.0652719
-1.6368990 -0.9597704
-1.2890393 -0.8276083
-1.2432190 -0.6047811
-1.4647889 -0.5501110
-1.1599526 -0.3521254
-1.2783619 -0.1561556
-1.5024641 -0.1439193
0.0000000 0.0000000
0.0000000 0.0000000
-1.7729291 0.1085589
-1.9370939 0.0884981
-1.5520570 0.3427207
-1.6975716 0.4332705
-1.8636311 0.3564912
-1.7453221 0.6784889
-1.8868425 0.7866917
-2.0363300 0.6512365
-2.0137959 1.0590506
-2.2325332 1.1672688
-2.3883300 0.9614685
-2.4367366 1.4927671
-2.7510095 1.5980798
-2.9298003 1.3024298
-3.0525494 2.0164449
-3.5028296 2.0966833
-3.7117991 1.6883225
-3.9254236 2.6947095
-4.5959525 2.6626472
-4.8329592 2.1558969
-5.1543245 3.5759206
-6.1095419 3.3594503
-6.5453129 2.9034274
-7.1299381 4.4474492
-9.4726343 5.3179083
-10.3557329 4.6503372
-10.5378065 4.3000126
-8.0862217 6.1297574
-7.8473797 4.9690332
-3.2346165 4.3246512
0.0468349 4.9060307
-3.5456901 6.0645318
8.4629755 -3.9845948
15.7130775 -0.7483450
20.8221073 -4.5756021
29.2205849 3.7977002
40.3958549 -1.0646847
36.1340942 -7.2024956
34.1512299 -5.5022631
20.5043602 -3.4987624
22.3285236 1.2049183
5.1222796 -3.7163489
-0.1217881 -6.7207518
0.0546023 -3.2302420
-0.8258549 -7.8048420
-4.7945504 -7.7145047
-4.5535865 -5.7448511
-7.1066022 -6.0399556
-8.5984774 -7.8962111
-10.5229521 -6.3298168
-6.6644840 -5.6541152
-5.5279794 -4.6723533
-6.6196966 -4.1224895
-4.9779058 -4.1818814
-4.2597980 -3.0712276
-4.8187981 -2.5717778
-3.7672276 -2.8998265
-3.2916832 -2.3016150
-3.6876171 -1.9031528
-2.9296720 -2.0695395
-2.6072834 -1.7157912
-2.9032965 -1.4275211
-2.3476245 -1.4808365
-2.1334913 -1.2396084
-2.3660321 -1.0427790
-1.9510555 -1.0185064
-1.8201541 -0.8354220
-2.0135915 -0.7105013
-1.6958219 -0.6251473
-1.6501864 -0.4764061
-1.8175497 -0.4103697
-1.4743763 -0.2636814
-1.7045597 -0.1307057
-1.8865006 -0.1136540
0.0000000 0.0000000
0.0000000 0.0000000
-2.1017418 0.0733253
-2.2010322 0.0521321
-1.7556939 0.2568916
-1.9987276 0.2742580
-2.1077325 0.1969728
-2.0207171 0.4825012
-2.1937521 0.4988020
-2.2767360 0.3592568
-2.3183732 0.7374949
-2.5700700 0.7203611
-2.6356428 0.5048537
-2.7755883 1.0251871
-3.1460094 0.9405085
-3.1927128 0.6168296
-3.4500129 1.3723524
-3.9847944 1.1556840
-4.0073400 0.6754554
-4.4079995 1.8287350
-5.2458348 1.3790457
-5.2229443 0.6386884
-5.8176765 2.6912320
-7.2664332 1.8532869
-7.1268549 0.7136765
-8.5262985 3.3204682
-10.6941328 3.7255924
-10.8233624 1.5537999
-10.3319950 0.4071985
-5.8612156 3.7451248
-6.1788807 1.5106411
-2.4482579 3.4984381
0.5757833 3.3000035
5.5232701 -1.0573148
16.5108452 -7.1955523
25.0688362 -6.2097769
24.3316193 -7.3728108
31.4157829 0.2645326
39.2769127 -6.4826393
33.2163582 -6.2071929
27.8076496 -3.6158221
19.7953224 0.8374426
17.6279793 0.8497798
11.3276472 2.9169981
2.6893716 -1.4272336
5.4563928 0.0376711
-0.0825499 -2.4616501
-3.4981754 -3.5061843
-4.4694204 -1.8636436
-4.9806571 -1.7108215
-10.0693245 -4.0862255
-9.5676260 -2.3554564
-9.3387861 -2.4087036
-7.3061728 -2.9637890
-7.9822731 -1.7046108
-5.9728556 -2.4364741
-5.1307917 -1.9089528
-5.4764562 -1.2266042
-4.4123268 -1.7021383
-3.8677080 -1.4474592
-4.1058049 -0.9984435
-3.4012828 -1.2335269
-3.0422103 -1.1050788
-3.2195251 -0.7985936
-2.7256577 -0.9027613
-2.4922845 -0.8196942
-2.6309555 -0.6106141
-2.2740536 -0.6330924
-2.1376054 -0.5657541
-2.2517776 -0.4321703
-1.9774731 -0.3905357
-1.9551338 -0.3292943
-2.0539296 -0.2577393
-1.6695541 -0.1636122
-2.0294030 -0.0942361
-2.1520104 -0.0731847
0.0000000 0.0000000
0.0000000 0.0000000
-2.3113320 0.0345223
-2.3388960 0.0122619
-1.8484815 0.1596586
-2.1836171 0.1169151
-2.2271483 0.0430787
-2.1693127 0.2724246
-2.3643095 0.2104704
-2.3746119 0.0738558
-2.4701345 0.3894975
-2.7264864 0.2687602
-2.6986685 0.0593378
-2.9094346 0.5022933
-3.2896073 0.2602178
-3.1993601 -0.0341114
-3.5673535 0.6042402
-4.1021023 0.1703562
-3.9299579 -0.2263497
-4.5154734 0.5614477
-5.3118639 -0.0841743
-4.9725637 -0.6680096
-5.8834968 0.5515157
-7.3352757 -0.7247614
-6.6050825 -1.6661042
-8.8035526 0.8800675
-10.8043060 -1.0070622
-9.5131378 -2.6443920
-10.1033983 -2.9371862
-7.2817693 -2.1131248
-3.2111230 -4.1906519
-3.5656013 -3.1735187
10.0797224 -3.4806499
13.7028151 -7.9269161
20.3601532 -8.7053957
22.8218098 -9.9060402
25.7781715 -5.9421558
30.1412220 1.1962309
30.5942059 -3.0285687
26.2499695 -2.2011642
25.6622658 -4.0638275
15.1005611 3.6070514
12.2991667 6.9068141
10.8168659 5.8807850
9.0108242 2.2593427
10.8072720 3.2557993
-1.0761594 2.4311194
-3.3177481 0.8978597
-2.0480056 2.8879976
-4.8472147 0.4912882
-9.1047268 0.3196655
-9.7944670 2.3877318
-9.8797226 0.6771753
-7.6704383 -0.1808784
-7.6796041 0.9338835
-6.2457876 -0.3121645
-5.4107351 -0.3788955
-5.3833885 0.3046708
-4.6254816 -0.3574555
-4.0958719 -0.4455473
-4.0703154 0.0150011
-3.5902963 -0.3438677
-3.2403126 -0.4299980
-3.2392406 -0.1187727
-2.8995528 -0.3066424
-2.6727784 -0.3681925
-2.6912298 -0.1606860
-2.4400089 -0.2420329
-2.3114378 -0.2809369
-2.3381259 -0.1498481
-2.1275380 -0.1570870
-2.1387532 -0.1764503
-2.1613955 -0.1070223
-1.7737837 -0.0621191
-2.2295153 -0.0518085
-2.2834153 -0.0294228
0.0000000 0.0000000
0.0000000 0.0000000
-2.3905425 -0.0059248
-2.3506465 -0.0266551
-1.8637050 0.0573692
-2.2423813 -0.0239088
-2.2224977 -0.0870685
-2.2034228 0.0584015
-2.3886812 -0.0541620
-2.3356535 -0.1692140
-2.4755828 0.0278890
-2.6945324 -0.1377302
-2.6010005 -0.3122923
-2.8529027 -0.0554484
-3.1630650 -0.3208944
-2.9989936 -0.5686254
-3.3974950 -0.2033803
-3.8482540 -0.6496168
-3.5602670 -0.9853042
-4.1821141 -0.5835083
-4.7494931 -1.2196047
-4.2965879 -1.6707727
-5.2104926 -1.3846363
-6.1833310 -2.3622448
-5.3328471 -3.0861745
-7.1487217 -2.0132382
-9.1862373 -4.3326082
-7.0247035 -5.4086170
-8.7173815 -5.9885554
-6.0401554 -7.0026240
-4.0180950 -8.0488443
1.6137341 -7.9181485
9.3177919 -8.9038515
9.4738083 -7.2527685
16.5344467 -9.0937147
22.4500179 -3.5978446
22.5848370 -5.5846419
27.4990635 -0.3848693
23.4444904 1.5687547
19.2039318 2.4017420
13.3853416 5.6187196
14.7140350 5.2434263
14.1225672 0.8435089
14.8134489 3.9846792
8.6144037 4.6020494
5.9100628 8.1615372
0.4737064 5.7272639
-1.8076584 5.1684995
0.5037719 6.7663922
-6.2619076 5.6476498
-8.0122547 4.5533786
-6.9117489 5.8223124
-7.9816051 3.7719519
-6.9378581 2.0315878
-5.6622572 3.1802213
-5.6036725 1.8655587
-5.0691900 0.9840535
-4.4950256 1.6721073
-4.2983909 0.9206060
-3.9123464 0.4731304
-3.6287205 0.9007788
-3.4421117 0.4482756
-3.1631253 0.1976537
-3.0062692 0.4815044
-2.8522868 0.2102301
-2.6608801 0.0548621
-2.5710034 0.2456917
-2.4467142 0.0937406
-2.3364949 -0.0106056
-2.2845001 0.1119673
-2.1606841 0.0438125
-2.1899045 -0.0293864
-2.1473124 0.0364387
-1.8188614 0.0306080
-2.2941852 -0.0141838
-2.2922792 0.0052870
0.0000000 0.0000000
0.0000000 0.0000000
-2.3439012 -0.0372787
-2.2573018 -0.0525807
-1.8324661 -0.0337345
-2.1781671 -0.1403393
-2.1199615 -0.1909484
-2.1349504 -0.1336118
-2.2823920 -0.2658674
-2.1936550 -0.3569762
-2.3465700 -0.2763547
-2.5116396 -0.4561904
-2.3833818 -0.5894342
-2.6268513 -0.4987186
-2.8432140 -0.7598453
-2.6561430 -0.9408122
-3.0001068 -0.8348150
-3.3001280 -1.2518907
-3.0157721 -1.4901655
-3.4883020 -1.3599285
-3.8713543 -2.0126922
-3.4644580 -2.3117037
-4.0712276 -2.4175768
-4.4860568 -3.3038740
-3.9922945 -3.7157500
-4.7062416 -3.8664036
-5.3244414 -5.5290933
-4.4776750 -5.5143480
-5.0387216 -8.3517132
-1.7529299 -8.4010744
-2.8261485 -8.5064201
1.7153419 -7.7189326
7.1905322 -6.8657126
4.9969945 -6.5608001
13.7506752 -5.5701547
17.0537529 -5.5944819
15.7986221 1.0713840
20.0629673 -0.7318932
19.3653088 0.6144615
15.8040428 7.1018081
14.7694578 1.4348648
13.3351994 3.8001614
9.9376459 7.9778342
8.3069153 8.2359715
4.0009918 9.3595686
5.7197380 7.2064958
3.6874304 6.7543545
-1.7923031 8.9639902
-0.5492460 9.0328703
-4.9574919 8.0082903
-6.2369189 5.8705173
-3.1670914 6.5728087
-5.1047306 5.1455297
-5.0178604 3.2459862
-3.5181875 3.9483309
-4.3130937 2.9755135
-4.0879097 1.9225085
-3.3025241 2.4143658
-3.6072216 1.7525636
-3.3823848 1.1578918
-2.9466043 1.4824724
-3.0448265 1.0443401
-2.8604581 0.6916945
-2.6011665 0.9143255
-2.6244042 0.6236725
-2.4863946 0.4023631
-2.3209784 0.5555957
-2.3165283 0.3695375
-2.2365217 0.2191822
-2.1235545 0.3198006
-2.0874555 0.2110989
-2.1307688 0.0989857
-2.0370402 0.1544057
-1.7796997 0.1048608
-2.2483699 0.0173924
-2.2006638 0.0338880
0.0000000 0.0000000
0.0000000 0.0000000
-2.2076123 -0.0577783
-2.0896299 -0.0681100
-1.7340916 -0.1061047
-2.0311582 -0.2254645
-1.9489031 -0.2610823
-1.9818580 -0.2770483
-2.0876720 -0.4167039
-1.9818579 -0.4789786
-2.1239715 -0.4945499
-2.2291038 -0.6727799
-2.0935678 -0.7594621
-2.2937970 -0.7950448
-2.4151530 -1.0360296
-2.2415996 -1.1411824
-2.4886169 -1.2339115
-2.6161394 -1.5699972
-2.4032362 -1.6841500
-2.6712813 -1.8529841
-2.7762585 -2.3399715
-2.5401812 -2.4272721
-2.7545946 -2.8850880
-2.6934068 -3.5370021
-2.5587912 -3.4588344
-2.4509745 -4.2720213
-2.3007493 -5.1400213
-2.2316489 -4.8467941
-2.1888623 -6.2828727
-1.0212632 -7.7883043
-1.0599298 -6.3152065
1.3608724 -8.7492208
4.5636468 -7.5713372
3.1432719 -7.6158609
7.7868290 -4.8243260
10.7524433 -3.3631022
7.8437257 -2.8390923
14.6037865 -0.0531541
15.9365253 3.4433825
11.2120352 3.0548573
13.2797508 4.4032311
9.2787476 6.5002904
9.0364361 7.2066431
7.0047102 7.4009700
4.1526914 8.5783558
3.8410499 8.0674601
1.6614969 8.8283577
-0.7707026 8.4602795
0.4800131 7.1166162
-1.9333439 7.0715814
-2.5711079 5.5944390
-1.2367262 5.3990183
-2.8511720 4.8569436
-3.0695260 3.6682444
-1.9614729 3.8022974
-2.9514458 3.2085848
-2.9453695 2.3800981
-2.2091038 2.5956836
-2.7744827 2.1071501
-2.6859417 1.5521752
-2.2204926 1.7466304
-2.5213096 1.3742675
-2.4236224 1.0123029
-2.1214402 1.1582860
-2.2847545 0.8892210
-2.2019503 0.6449221
-1.9971853 0.7514288
-2.0902939 0.5614173
-2.0426202 0.3879115
-1.8936185 0.4604916
-1.9290485 0.3313462
-1.9858525 0.1970942
-1.8577166 0.2382274
-1.6675922 0.1571972
-2.1139200 0.0420163
-2.0332248 0.0545439
0.0000000 0.0000000
0.0000000 0.0000000
-2.0101924 -0.0694287
-1.8753728 -0.0754252
-1.5832788 -0.1562956
-1.8300694 -0.2771654
-1.7360647 -0.2973943
-1.7760853 -0.3688946
-1.8423160 -0.5041502
-1.7323661 -0.5375525
-1.8523012 -0.6251877
-1.9004444 -0.7864316
-1.7731448 -0.8268448
-1.9205718 -0.9537979
-1.9591829 -1.1553622
-1.8120787 -1.1906092
-1.9669806 -1.3977982
-1.9712127 -1.6532407
-1.8119863 -1.6590581
-1.9374695 -1.9824586
-1.8655306 -2.3115966
-1.7152852 -2.2370031
-1.7447635 -2.8036377
-1.5323151 -3.1840689
-1.4306762 -2.9649532
-1.2582635 -3.7291708
-0.7861123 -4.2935028
-0.7646592 -3.7113433
-0.1822825 -5.0070910
0.6108885 -5.3456244
0.5969450 -4.5283837
1.4211193 -5.8741446
3.0193717 -6.0179920
2.5525541 -4.5629525
4.8901076 -5.9833074
6.4701886 -4.2633519
5.0822921 -3.8266878
8.2029133 -1.6757261
8.8214893 -0.0567909
6.4670329 -0.7453101
8.9209757 2.1953454
7.8257017 4.6574373
5.6656976 2.8388126
5.5404940 5.1070127
4.0554953 6.2578859
3.4237685 4.5894451
2.3124113 5.9156504
1.0317179 5.6176214
1.2890421 4.7465425
0.0232889 5.1749530
-0.6998623 4.5588989
-0.2307430 4.0706868
-1.2487270 4.0151510
-1.5878767 3.3780031
-1.0167642 3.2151532
-1.7986408 2.9450574
-1.9260798 2.4189649
-1.4077548 2.4112370
-1.9750010 2.1039305
-1.9898022 1.6911714
-1.5985870 1.7492125
-1.9733335 1.4739435
-1.9442710 1.1650409
-1.6592491 1.2336018
-1.8988156 1.0086783
-1.8645985 0.7810043
-1.6541823 0.8393090
-1.8107603 0.6644942
-1.7924899 0.4913996
-1.6306610 0.5348237
-1.7169558 0.4011622
-1.7822841 0.2608708
-1.6383028 0.2869246
-1.5048940 0.1867049
-1.9169267 0.0589598
-1.8167558 0.0670040
0.0000000 0.0000000
0.0000000 0.0000000
-1.7783291 -0.0739610
-1.6391745 -0.0760507
-1.4025025 -0.1843917
-1.6021671 -0.2987826
-1.5053494 -0.3052835
-1.5468699 -0.4133009
-1.5799363 -0.5366454
-1.4735868 -0.5451248
-1.5700068 -0.6767212
-1.5748612 -0.8150734
-1.4591261 -0.8174312
-1.5630420 -0.9939556
-1.5435963 -1.1545031
-1.4184973 -1.1369489
-1.5103862 -1.3875226
-1.4458801 -1.5754426
-1.3148397 -1.5145578
-1.3677468 -1.8614333
-1.2305063 -2.0807588
-1.0971825 -1.9364110
-1.0712634 -2.4550633
-0.8047959 -2.6799557
-0.6882951 -2.4035163
-0.5391024 -3.0372450
-0.0913270 -3.2771490
0.0007424 -2.7995317
0.3804189 -3.7201767
1.1144258 -3.7753904
1.0674522 -3.0869970
1.7967395 -3.6515749
2.5407622 -3.6366751
2.2648859 -2.7939649
3.4162252 -3.3248045
4.1808848 -2.7202048
3.5255580 -2.0384128
5.0313087 -1.1790999
5.1810255 -0.5184749
4.0683880 -0.4842420
5.3665943 1.0802636
4.7970762 1.9878366
3.6858320 1.3432369
4.1335826 2.6179090
3.3279896 3.5189135
2.6073017 2.5837302
2.3402133 3.5168617
1.5747895 3.8345218
1.3311670 3.0615499
0.7460673 3.5417089
0.2022694 3.4525616
0.2578427 2.9413059
-0.3440044 3.0827127
-0.6700491 2.8227019
-0.4566993 2.5441551
-0.9893385 2.4779067
-1.1619602 2.1860697
-0.8685893 2.0616686
-1.3220210 1.9023972
-1.3994441 1.6354437
-1.1218874 1.5937827
-1.4735653 1.4133385
-1.4940230 1.1827716
-1.2639219 1.1850694
-1.5201614 1.0140526
-1.5208856 0.8249636
-1.3327135 0.8406584
-1.5158340 0.6914405
-1.5210228 0.5361825
-1.3648486 0.5528268
-1.4791378 0.4256992
-1.5481691 0.2925277
-1.4036450 0.3045293
-1.3148671 0.1962171
-1.6837102 0.0682096
-1.5764039 0.0720207
0.0000000 0.0000000
0.0000000 0.0000000
-1.5352725 -0.0729681
-1.4010665 -0.0720410
-1.2114649 -0.1934235
-1.3699583 -0.2967754
-1.2761164 -0.2926643
-1.3165205 -0.4191858
-1.3252407 -0.5273836
-1.2262481 -0.5173508
-1.3029583 -0.6681489
-1.2792711 -0.7837626
-1.1757642 -0.7600151
-1.2481066 -0.9509701
-1.1960964 -1.0766649
-1.0875804 -1.0269046
-1.1411918 -1.2762514
-1.0449070 -1.4118772
-0.9329471 -1.3179734
-0.9492930 -1.6377654
-0.7907739 -1.7786493
-0.6744574 -1.6158960
-0.6353227 -2.0336268
-0.3777780 -2.1623654
-0.2654680 -1.8987317
-0.1403235 -2.3808947
0.2343659 -2.4713068
0.3102347 -2.0947626
0.5613322 -2.6220109
1.0581536 -2.6256793
1.0505427 -2.1261301
1.5241823 -2.4506452
1.9714047 -2.3613608
1.8162452 -1.8314373
2.4721830 -1.9359220
2.8335416 -1.6267617
2.4855161 -1.2573571
3.3111992 -0.6923030
3.3505149 -0.3705605
2.7593536 -0.3308756
3.5156789 0.6431543
3.1714642 1.0541373
2.5474048 0.7472431
2.9245052 1.5996630
2.4416363 2.0833569
1.9529175 1.5780072
1.9523567 2.2434194
1.4612111 2.5426745
1.1759119 2.0198746
0.9304316 2.4402065
0.5337462 2.5184205
0.4402427 2.1012642
0.1042614 2.3013532
-0.1756069 2.2325356
-0.1366109 1.9481924
-0.4777433 1.9879609
-0.6519147 1.8480759
-0.5168014 1.6793640
-0.8462405 1.6210289
-0.9476888 1.4616963
-0.7759081 1.3702856
-1.0635114 1.2656295
-1.1148843 1.1085609
-0.9465255 1.0646139
-1.1804447 0.9449704
-1.2044481 0.8000053
-1.0522009 0.7832733
-1.2339808 0.6635329
-1.2540423 0.5341451
-1.1168075 0.5296738
-1.2392431 0.4153423
-1.3071940 0.2977252
-1.1732686 0.2981528
-1.1167804 0.1902932
-1.4380606 0.0708169
-1.3328505 0.0711937
0.0000000 0.0000000
0.0000000 0.0000000
-1.2984202 -0.0683785
-1.1750931 -0.0653015
-1.0248754 -0.1884187
-1.1489109 -0.2788291
-1.0617307 -0.2675413
-1.0998501 -0.3983143
-1.0926155 -0.4908402
-1.0028790 -0.4687626
-1.0639331 -0.6213560
-1.0242004 -0.7160581
-0.9330739 -0.6771409
-0.9841144 -0.8614009
-0.9167286 -0.9585216
-0.8236470 -0.8933679
-0.8535373 -1.1186881
-0.7483433 -1.2158289
-0.6538341 -1.1119421
-0.6521034 -1.3834983
-0.4966355 -1.4736285
-0.4013139 -1.3166935
-0.3569885 -1.6360323
-0.1347337 -1.7064693
-0.0461081 -1.4816270
0.0579677 -1.8192196
0.3453906 -1.8511235
0.3980793 -1.5615352
0.5904636 -1.8661952
0.9161967 -1.8458912
0.9077557 -1.5025146
1.2199744 -1.6667726
1.4910961 -1.5801353
1.3982341 -1.2505658
1.8085774 -1.2199866
1.9978234 -1.0401357
1.7838638 -0.8266576
2.2745202 -0.4455692
2.2785928 -0.2557094
1.9423468 -0.2257969
2.3994207 0.3858452
2.1993196 0.6189722
1.8193679 0.4529139
2.0919511 1.0328873
1.7937768 1.3160120
1.4628344 1.0181061
1.5302392 1.4972857
1.2072090 1.7138404
0.9760909 1.3726236
0.8808369 1.7128028
0.5952852 1.8181928
0.4731678 1.5092751
0.2879520 1.7092302
0.0641648 1.7162527
0.0358486 1.4742999
-0.1820911 1.5577424
-0.3403211 1.5016294
-0.2917149 1.3330938
-0.5213128 1.3336691
-0.6258297 1.2444065
-0.5295835 1.1358286
-0.7508816 1.0846851
-0.8146849 0.9818511
-0.7009038 0.9157346
-0.8962498 0.8369903
-0.9334657 0.7317508
-0.8180262 0.6942114
-0.9812185 0.6025935
-1.0097184 0.5000214
-0.8966635 0.4809254
-1.0138431 0.3827431
-1.0764953 0.2837459
-0.9599677 0.2757969
-0.9253013 0.1744259
-1.1981159 0.0684131
-1.1012144 0.0663681
0.0000000 0.0000000
0.0000000 0.0000000
-1.0790898 -0.0617495
-0.9698885 -0.0573337
-0.8520166 -0.1744124
-0.9481454 -0.2515337
-0.8696221 -0.2361587
-0.9051703 -0.3616083
-0.8884715 -0.4391777
-0.8092480 -0.4109447
-0.8578480 -0.5540468
-0.8115576 -0.6309114
-0.7322215 -0.5852287
-0.7691545 -0.7517304
-0.6977070 -0.8264561
-0.6191370 -0.7573078
-0.6352180 -0.9502378
-0.5337154 -1.0197783
-0.4561426 -0.9191638
-0.4451149 -1.1381377
-0.3066896 -1.1965803
-0.2315760 -1.0570954
-0.1877149 -1.2939777
-0.0081858 -1.3320324
0.0556170 -1.1504011
0.1444712 -1.3780645
0.3552188 -1.3866857
0.3886807 -1.1700453
0.5387954 -1.3477540
0.7531068 -1.3207542
0.7422588 -1.0858585
0.9612373 -1.1612885
1.1322430 -1.0896227
1.0651085 -0.8814805
1.3387665 -0.8164684
1.4461371 -0.7001891
1.3040432 -0.5685008
1.6145067 -0.3067744
1.6114520 -0.1802645
1.4005891 -0.1590187
1.6924293 0.2374440
1.5698500 0.3879567
1.3275265 0.2905383
1.5215493 0.6905265
1.3311210 0.8686255
1.1039840 0.6832334
1.1790550 1.0319508
0.9631380 1.1830004
0.7866430 0.9567802
0.7578051 1.2238742
0.5515023 1.3178774
0.4407450 1.0946767
0.3388526 1.2718996
0.1660565 1.3042243
0.1164472 1.1131636
-0.0236013 1.2085454
-0.1569740 1.1928002
-0.1516069 1.0448645
-0.3092640 1.0745195
-0.4063085 1.0273240
-0.3563436 0.9205894
-0.5212066 0.9031604
-0.5866727 0.8374282
-0.5135930 0.7650089
-0.6695984 0.7163191
-0.7112399 0.6414371
-0.6276690 0.5945876
-0.7653134 0.5261194
-0.7970913 0.4475760
-0.7077563 0.4200588
-0.8120615 0.3382756
-0.8671690 0.2577511
-0.7702044 0.2446924
-0.7499020 0.1535966
-0.9759821 0.0626733
-0.8907765 0.0592596
0.0000000 0.0000000
0.0000000 0.0000000
-0.8835739 -0.0541582
-0.7897248 -0.0492919
-0.6979461 -0.1554703
-0.7719780 -0.2202558
-0.7028344 -0.2032268
-0.7354100 -0.3177521
-0.7140956 -0.3820248
-0.6454650 -0.3517768
-0.6851531 -0.4798067
-0.6378862 -0.5416927
-0.5704137 -0.4951631
-0.5969638 -0.6390533
-0.5291685 -0.6967681
-0.4634766 -0.6301244
-0.4719151 -0.7898756
-0.3808140 -0.8401787
-0.3181307 -0.7496896
-0.3036091 -0.9209819
-0.1871209 -0.9597774
-0.1294687 -0.8419959
-0.0886033 -1.0140799
0.0510794 -1.0354397
0.0955102 -0.8922326
0.1708999 -1.0449023
0.3230584 -1.0436761
0.3431858 -0.8837137
0.4603020 -0.9887724
0.6048163 -0.9627821
0.5921354 -0.8000948
0.7510217 -0.8298588
0.8629596 -0.7746074
0.8103055 -0.6373465
1.0019888 -0.5707172
1.0656013 -0.4896273
0.9672141 -0.4050660
1.1747476 -0.2213015
1.1704942 -0.1311291
1.0295178 -0.1163068
1.2230514 0.1502828
1.1461461 0.2544712
0.9828753 0.1942598
1.1229995 0.4737644
0.9967780 0.5930504
0.8392662 0.4728380
0.9062966 0.7281916
0.7585393 0.8346069
0.6264301 0.6814061
0.6250836 0.8886821
0.4768583 0.9635869
0.3843060 0.8035387
0.3299040 0.9520331
0.1967693 0.9892123
0.1465434 0.8422952
0.0561846 0.9339047
-0.0524137 0.9363168
-0.0657368 0.8141155
-0.1746323 0.8556384
-0.2583468 0.8317540
-0.2362724 0.7370402
-0.3565029 0.7381663
-0.4178314 0.6967930
-0.3716903 0.6270373
-0.4928387 0.5985157
-0.5342663 0.5455680
-0.4749827 0.4975540
-0.5870376 0.4471602
-0.6179888 0.3876136
-0.5494844 0.3573021
-0.6378809 0.2901837
-0.6845558 0.2262145
-0.6061808 0.2106319
-0.5953348 0.1314440
-0.7784256 0.0552872
-0.7058299 0.0513153
0.0000000 0.0000000
0.0000000 0.0000000
-0.7141008 -0.0466863
-0.6350845 -0.0418433
-0.5646448 -0.1350253
-0.6209783 -0.1888076
-0.5618036 -0.1719813
-0.5905163 -0.2725963
-0.5686249 -0.3253472
-0.5097303 -0.2957796
-0.5424466 -0.4066449
-0.4980091 -0.4563414
-0.4412233 -0.4127093
-0.4615201 -0.5334269
-0.4004805 -0.5783291
-0.3465316 -0.5183107
-0.3503129 -0.6469685
-0.2725255 -0.6843666
-0.2225385 -0.6062661
-0.2074364 -0.7380721
-0.1131808 -0.7645074
-0.0691990 -0.6683741
-0.0331484 -0.7926780
0.0736422 -0.8050776
0.1044930 -0.6940380
0.1669661 -0.7962015
0.2771530 -0.7917336
0.2882439 -0.6732844
0.3800993 -0.7363576
0.4792942 -0.7132770
0.4668835 -0.5991853
0.5845039 -0.6067914
0.6600834 -0.5645857
0.6184550 -0.4710221
0.7550552 -0.4118770
0.7962245 -0.3533593
0.7241375 -0.2964917
0.8698642 -0.1650674
0.8646934 -0.0979158
0.7673793 -0.0878744
0.9012158 0.0967887
0.8508676 0.1723755
0.7369213 0.1336057
0.8380537 0.3326911
0.7535373 0.4160353
0.6406190 0.3360160
0.6976638 0.5237786
0.5935647 0.6006488
0.4963512 0.4944153
0.5058832 0.6540420
0.3989459 0.7121060
0.3243750 0.5968842
0.2954445 0.7182407
0.1950074 0.7520421
0.1489926 0.6411055
0.0920880 0.7218017
0.0045252 0.7317594
-0.0137908 0.6337053
-0.0896266 0.6771370
-0.1593815 0.6661585
-0.1523157 0.5863981
-0.2400600 0.5969473
-0.2931737 0.5705008
-0.2653121 0.5088194
-0.3573142 0.4925720
-0.3955314 0.4552853
-0.3535231 0.4102463
-0.4425552 0.3731906
-0.4704183 0.3280314
-0.4187058 0.2984851
-0.4913636 0.2441000
-0.5296035 0.1935420
-0.4674538 0.1778480
-0.4627696 0.1103344
-0.6078829 0.0474478
-0.5471062 0.0434936
0.0000000 0.0000000
0.0000000 0.0000000
-0.5704145 -0.0397431
-0.5048568 -0.0352276
-0.4513361 -0.1150624
-0.4939511 -0.1593825
-0.4439687 -0.1438317
-0.4698393 -0.2299695
-0.4485078 -0.2731914
-0.3991981 -0.2462468
-0.4258289 -0.3395486
-0.3866174 -0.3797264
-0.3391005 -0.3405949
-0.3549336 -0.4400418
-0.3027151 -0.4751031
-0.2584104 -0.4232991
-0.2602380 -0.5254573
-0.1957956 -0.5537620
-0.1562365 -0.4886432
-0.1422149 -0.5885493
-0.0674843 -0.6076372
-0.0342670 -0.5303285
-0.0034563 -0.6204135
0.0773452 -0.6275805
0.0990821 -0.5424697
0.1498174 -0.6115898
0.2302141 -0.6062452
0.2359124 -0.5183821
0.3069378 -0.5559033
0.3771895 -0.5370088
0.3648129 -0.4549819
0.4541010 -0.4526446
0.5052468 -0.4194810
0.4733989 -0.3546132
0.5730736 -0.3055614
0.6007286 -0.2616337
0.5468372 -0.2221543
0.6504794 -0.1255722
0.6473057 -0.0751195
0.5763910 -0.0676182
0.6732050 0.0631659
0.6380882 0.1200906
0.5576254 0.0939399
0.6318239 0.2377124
0.5741888 0.2984061
0.4914865 0.2440018
0.5370854 0.3834823
0.4640810 0.4398554
0.3905541 0.3656502
0.4057045 0.4876012
0.3264430 0.5327927
0.2691118 0.4489964
0.2545427 0.5461161
0.1791394 0.5749577
0.1395530 0.4917271
0.1027953 0.5600978
0.0351414 0.5717968
0.0154309 0.4954950
-0.0365576 0.5351771
-0.0936330 0.5314839
-0.0934765 0.4662669
-0.1569806 0.4801781
-0.2014041 0.4631947
-0.1849591 0.4113058
-0.2542260 0.4023502
-0.2870427 0.3754171
-0.2575140 0.3363000
-0.3265687 0.3081506
-0.3506871 0.2739616
-0.3115149 0.2471726
-0.3701453 0.2031813
-0.4002990 0.1629972
-0.3515283 0.1484933
-0.3512002 0.0918689
-0.4635045 0.0400186
-0.4131508 0.0364552
0.0000000 0.0000000
0.0000000 0.0000000
-0.4503820 -0.0336268
-0.3966098 -0.0296271
-0.3565961 -0.0967320
-0.3889287 -0.1333489
-0.3467780 -0.1194872
-0.3695687 -0.1919713
-0.3503761 -0.2272738
-0.3093128 -0.2037898
-0.3317018 -0.2810269
-0.2980275 -0.3135515
-0.2588201 -0.2799684
-0.2716627 -0.3601914
-0.2281547 -0.3882889
-0.1920209 -0.3446144
-0.1931333 -0.4251086
-0.1411390 -0.4467599
-0.1097117 -0.3938956
-0.0977736 -0.4694960
-0.0394167 -0.4835434
-0.0144561 -0.4224747
0.0112368 -0.4873010
0.0722329 -0.4921327
0.0874152 -0.4265859
0.1283435 -0.4740486
0.1868072 -0.4683693
0.1898923 -0.4033686
0.2447783 -0.4257735
0.2955358 -0.4103068
0.2839666 -0.3507491
0.3509896 -0.3433139
0.3876218 -0.3177072
0.3615480 -0.2711520
0.4368179 -0.2317029
0.4548073 -0.1973788
0.4149124 -0.1699195
0.4907683 -0.0980691
0.4888046 -0.0589734
0.4357196 -0.0532569
0.5061455 0.0422259
0.4825834 0.0855302
0.4226888 0.0680262
0.4799240 0.1730005
0.4384849 0.2190147
0.3782398 0.1808423
0.4146334 0.2851017
0.3630719 0.3277630
0.3067481 0.2752701
0.3219019 0.3689098
0.2649096 0.4038717
0.2190751 0.3432271
0.2144017 0.4194479
0.1569375 0.4438278
0.1249188 0.3813296
0.1021130 0.4373554
0.0500734 0.4490660
0.0315313 0.3905551
-0.0042629 0.4249734
-0.0488222 0.4246869
-0.0528355 0.3733014
-0.0977387 0.3867421
-0.1337583 0.3760649
-0.1240584 0.3336564
-0.1753970 0.3283825
-0.2020891 0.3086309
-0.1815932 0.2763385
-0.2342882 0.2543310
-0.2540090 0.2276976
-0.2242566 0.2050519
-0.2702541 0.1688235
-0.2936704 0.1364996
-0.2550521 0.1238356
-0.2581007 0.0766420
-0.3426079 0.0335171
-0.3008879 0.0304795
0.0000000 0.0000000
0.0000000 0.0000000
-0.3509989 -0.0283376
-0.3070384 -0.0249503
-0.2784176 -0.0807326
-0.3024217 -0.1110615
-0.2672657 -0.0992672
-0.2872908 -0.1591709
-0.2707953 -0.1884469
-0.2365557 -0.1683891
-0.2557110 -0.2316707
-0.2277310 -0.2581492
-0.1954340 -0.2303205
-0.2062291 -0.2945076
-0.1710938 -0.3171561
-0.1417036 -0.2814846
-0.1426360 -0.3438722
-0.1017283 -0.3612125
-0.0764720 -0.3186138
-0.0673366 -0.3758735
-0.0221548 -0.3863029
-0.0030959 -0.3389850
0.0172434 -0.3859044
0.0635094 -0.3891089
0.0739457 -0.3391285
0.1060694 -0.3711323
0.1492144 -0.3663054
0.1500486 -0.3174400
0.1932645 -0.3308659
0.2292502 -0.3176352
0.2197955 -0.2744754
0.2706572 -0.2654164
0.2972171 -0.2449944
0.2757116 -0.2111511
0.3319925 -0.1787843
0.3452920 -0.1520615
0.3136636 -0.1318824
0.3715440 -0.0780232
0.3693122 -0.0466058
0.3296418 -0.0426523
0.3824934 0.0280947
0.3665434 0.0621093
0.3206891 0.0502134
0.3643250 0.1286553
0.3357767 0.1640580
0.2892010 0.1375640
0.3201596 0.2155825
0.2823032 0.2491836
0.2395567 0.2114012
0.2546801 0.2831382
0.2131918 0.3109576
0.1764765 0.2670097
0.1767506 0.3268199
0.1348125 0.3469522
0.1075660 0.3008946
0.0950143 0.3452928
0.0553682 0.3566568
0.0390678 0.3121778
0.0155807 0.3404478
-0.0184837 0.3422097
-0.0245737 0.3027722
-0.0555956 0.3143812
-0.0832873 0.3074864
-0.0785252 0.2744886
-0.1148400 0.2701901
-0.1358277 0.2557068
-0.1213449 0.2299959
-0.1604251 0.2116851
-0.1755743 0.1904131
-0.1529415 0.1724935
-0.1883630 0.1419524
-0.2055896 0.1150234
-0.1747125 0.1047929
-0.1802986 0.0650322
-0.2415098 0.0283371
-0.2062540 0.0258494
0.0000000 0.0000000
0.0000000 0.0000000
-0.2692327 -0.0239997
-0.2329779 -0.0211092
-0.2139934 -0.0672262
-0.2314387 -0.0926127
-0.2021278 -0.0829597
-0.2198825 -0.1320792
-0.2063571 -0.1565063
-0.1775904 -0.1401118
-0.1942085 -0.1910862
-0.1717876 -0.2132739
-0.1447636 -0.1904399
-0.1549402 -0.2415566
-0.1267375 -0.2599954
-0.1029117 -0.2316702
-0.1047480 -0.2799399
-0.0728358 -0.2939816
-0.0528082 -0.2605404
-0.0457640 -0.3031942
-0.0117977 -0.3117008
0.0030980 -0.2748305
0.0188146 -0.3090265
0.0530477 -0.3108258
0.0607897 -0.2732367
0.0853178 -0.2949681
0.1175401 -0.2906655
0.1168522 -0.2541755
0.1497270 -0.2610292
0.1762522 -0.2502733
0.1673419 -0.2181378
0.2069988 -0.2089968
0.2255303 -0.1917540
0.2083874 -0.1675451
0.2513655 -0.1411527
0.2611862 -0.1194565
0.2355347 -0.1046486
0.2794557 -0.0627061
0.2784202 -0.0375469
0.2467419 -0.0340872
0.2884437 0.0187983
0.2765789 0.0467394
0.2414129 0.0382567
0.2760457 0.0974302
0.2561334 0.1257766
0.2192561 0.1072323
0.2449259 0.1667525
0.2185311 0.1935172
0.1840108 0.1667919
0.1994614 0.2214420
0.1689982 0.2446207
0.1396120 0.2125690
0.1438082 0.2590712
0.1132002 0.2762044
0.0899687 0.2425682
0.0844138 0.2776322
0.0554769 0.2880698
0.0403654 0.2553483
0.0267397 0.2772957
0.0012893 0.2807458
-0.0053865 0.2511387
-0.0255484 0.2598996
-0.0456063 0.2559578
-0.0443431 0.2314442
-0.0687861 0.2268793
-0.0834578 0.2161530
-0.0741289 0.1972397
-0.1009081 0.1803772
-0.1115447 0.1631425
-0.0942765 0.1498646
-0.1199763 0.1228738
-0.1318991 0.0992708
-0.1063565 0.0916559
-0.1142462 0.0574341
-0.1558327 0.0246326
-0.1244431 0.0229203
0.0000000 0.0000000
0.0000000 0.0000000
-0.2017062 -0.0204607
-0.1712834 -0.0181353
-0.1606607 -0.0561187
-0.1729341 -0.0779419
-0.1480017 -0.0701204
-0.1647103 -0.1102386
-0.1535595 -0.1310177
-0.1293775 -0.1180618
-0.1445100 -0.1590160
-0.1270610 -0.1778731
-0.1043470 -0.1599112
-0.1136841 -0.1998841
-0.0924904 -0.2156691
-0.0722766 -0.1932841
-0.0754846 -0.2305533
-0.0511937 -0.2420033
-0.0349363 -0.2164543
-0.0310503 -0.2482089
-0.0053014 -0.2550780
0.0060806 -0.2270961
0.0173233 -0.2511007
0.0426081 -0.2527020
0.0480475 -0.2242266
0.0669171 -0.2387941
0.0899039 -0.2344870
0.0888878 -0.2077971
0.1137881 -0.2105419
0.1331523 -0.2012443
0.1247563 -0.1776258
0.1549913 -0.1679514
0.1685733 -0.1537437
0.1536635 -0.1356799
0.1875463 -0.1141530
0.1941032 -0.0954300
0.1733080 -0.0848919
0.2075197 -0.0519088
0.2072895 -0.0307336
0.1810506 -0.0279479
0.2140018 0.0131356
0.2062180 0.0362243
0.1771754 0.0307281
0.2063826 0.0756441
0.1918968 0.0996105
0.1624309 0.0863931
0.1848460 0.1319880
0.1663866 0.1543525
0.1377059 0.1355684
0.1529325 0.1778490
0.1316014 0.1973274
0.1066633 0.1746184
0.1142360 0.2103343
0.0920620 0.2257542
0.0723034 0.2012860
0.0721227 0.2285703
0.0517546 0.2386043
0.0375210 0.2150923
0.0311907 0.2319455
0.0137107 0.2364888
0.0060442 0.2154893
-0.0049135 0.2209754
-0.0183736 0.2199604
-0.0196202 0.2029249
-0.0336676 0.1969368
-0.0421437 0.1898532
-0.0372522 0.1776305
-0.0527714 0.1604564
-0.0576623 0.1465701
-0.0459422 0.1385769
-0.0610778 0.1124359
-0.0679745 0.0902207
-0.0466744 0.0851842
-0.0551315 0.0547878
-0.0815123 0.0218206
-0.0491418 0.0207047
0.0000000 0.0000000
0.0000000 0.0000000
-0.1451561 -0.0176627
-0.1189036 -0.0158217
-0.1161609 -0.0474085
-0.1243151 -0.0667185
-0.1025416 -0.0607131
-0.1184506 -0.0931850
-0.1100964 -0.1116875
-0.0888761 -0.1015570
-0.1034803 -0.1344422
-0.0903533 -0.1508962
-0.0707395 -0.1371531
-0.0810125 -0.1685376
-0.0650666 -0.1823400
-0.0480312 -0.1652048
-0.0527135 -0.1934464
-0.0351034 -0.2036283
-0.0215159 -0.1839724
-0.0202528 -0.2076791
-0.0019875 -0.2132546
0.0074214 -0.1923608
0.0144688 -0.2093499
0.0326700 -0.2104562
0.0364498 -0.1891382
0.0496776 -0.1980735
0.0661886 -0.1943581
0.0642868 -0.1742250
0.0832947 -0.1745049
0.0966408 -0.1658118
0.0892010 -0.1486281
0.1121213 -0.1392839
0.1220456 -0.1266548
0.1084012 -0.1132133
0.1348111 -0.0947110
0.1396979 -0.0785863
0.1213193 -0.0703870
0.1496112 -0.0442583
0.1488934 -0.0252852
0.1271113 -0.0231055
0.1540260 0.0090306
0.1491072 0.0292974
0.1240662 0.0258566
0.1488927 0.0610358
0.1394018 0.0816194
0.1139454 0.0727354
0.1350818 0.1078694
0.1220140 0.1276805
0.0978243 0.1143205
0.1132296 0.1471908
0.0988338 0.1644577
0.0767861 0.1485250
0.0868400 0.1764930
0.0718008 0.1904663
0.0539269 0.1732616
0.0585036 0.1943430
0.0444500 0.2045047
0.0312517 0.1877860
0.0308733 0.2007063
0.0197352 0.2065916
0.0112999 0.1922862
0.0073770 0.1956038
0.0003515 0.1974421
-0.0033721 0.1869574
-0.0087530 0.1793854
-0.0105244 0.1770575
-0.0102490 0.1715032
-0.0144506 0.1521688
-0.0113670 0.1435927
-0.0072011 0.1421146
-0.0079521 0.1127312
-0.0066552 0.0916221
0.0058905 0.0886151
0.0062494 0.0601875
-0.0129547 0.0159059
0.0214180 0.0057933
0.0000000 0.0000000
0.0000000 0.0000000
-0.0967544 -0.0156172
-0.0729944 -0.0142783
-0.0782035 -0.0408011
-0.0826857 -0.0585698
-0.0629426 -0.0541112
-0.0793772 -0.0807821
-0.0731103 -0.0979074
-0.0542246 -0.0897054
-0.0689175 -0.1165443
-0.0599523 -0.1318939
-0.0423422 -0.1203871
-0.0534590 -0.1461484
-0.0428521 -0.1587154
-0.0275302 -0.1445412
-0.0345256 -0.1675280
-0.0225070 -0.1768264
-0.0107543 -0.1602812
-0.0129075 -0.1792174
-0.0002936 -0.1844873
0.0072092 -0.1666979
0.0105903 -0.1804932
0.0225719 -0.1811495
0.0255673 -0.1634173
0.0339178 -0.1705691
0.0451596 -0.1669353
0.0425571 -0.1500373
0.0560951 -0.1499297
0.0650954 -0.1419994
0.0575454 -0.1272485
0.0757026 -0.1200359
0.0817138 -0.1080047
0.0697241 -0.0965958
0.0902946 -0.0821751
0.0940670 -0.0671518
0.0769296 -0.0595927
0.0998269 -0.0389306
0.0999656 -0.0216364
0.0798118 -0.0187148
0.1037614 0.0062078
0.1000771 0.0251179
0.0783649 0.0232230
0.1004960 0.0508687
0.0946341 0.0698530
0.0715868 0.0638273
0.0916625 0.0920096
0.0834140 0.1100333
0.0614998 0.1003212
0.0782230 0.1268442
0.0686712 0.1429945
0.0489573 0.1306293
0.0612613 0.1540091
0.0517700 0.1672579
0.0350008 0.1537551
0.0431797 0.1722726
0.0345307 0.1823858
0.0217657 0.1689453
0.0260599 0.1812289
0.0196660 0.1883380
0.0108874 0.1766899
0.0123237 0.1813905
0.0098920 0.1861624
0.0046719 0.1784801
0.0052821 0.1732147
0.0098655 0.1771885
0.0062390 0.1760449
0.0105773 0.1560955
0.0266478 0.1599910
0.0182958 0.1651709
0.0361283 0.1258188
0.0659477 0.1229144
0.0357983 0.1095134
0.0792960 0.0739617
0.1069280 0.0353111
0.0359295 -0.0896991
0.0000000 0.0000000
0.0000000 0.0000000
-0.0536461 -0.0144092
-0.0314509 -0.0135407
-0.0446699 -0.0363139
-0.0459253 -0.0538841
-0.0276435 -0.0468648
-0.0445286 -0.0729572
-0.0408010 -0.0898385
-0.0231303 -0.0761767
-0.0387058 -0.1057270
-0.0332283 -0.1210624
-0.0172268 -0.1011097
-0.0300987 -0.1327076
-0.0237094 -0.1454650
-0.0101579 -0.1202273
-0.0192798 -0.1522750
-0.0125490 -0.1615998
-0.0020184 -0.1325205
-0.0071184 -0.1630190
0.0001124 -0.1684180
0.0063745 -0.1370991
0.0058144 -0.1640129
0.0128190 -0.1650310
0.0146561 -0.1335453
0.0191754 -0.1552196
0.0253746 -0.1516112
0.0225635 -0.1219544
0.0313621 -0.1367205
0.0369728 -0.1288960
0.0288879 -0.1026802
0.0421569 -0.1096114
0.0460198 -0.0978992
0.0338086 -0.0769207
0.0511035 -0.0757632
0.0527280 -0.0607356
0.0370646 -0.0463592
0.0564092 -0.0369704
0.0568006 -0.0197967
0.0375962 -0.0126368
0.0584782 0.0040745
0.0569241 0.0226056
0.0361547 0.0220019
0.0574515 0.0446460
0.0539889 0.0634607
0.0328959 0.0551894
0.0527224 0.0825898
0.0483197 0.1002727
0.0277625 0.0852447
0.0455373 0.1155569
0.0402948 0.1312677
0.0218236 0.1105386
0.0365396 0.1418899
0.0311832 0.1549751
0.0155516 0.1301203
0.0267166 0.1609375
0.0220151 0.1710047
0.0098081 0.1438856
0.0175596 0.1725453
0.0142794 0.1799294
0.0056680 0.1524920
0.0103516 0.1774961
0.0098211 0.1834380
0.0047070 0.1582066
0.0072409 0.1773020
0.0132728 0.1862850
0.0105219 0.1685722
0.0124943 0.1722287
0.0443665 0.2016595
0.0229423 0.1921266
0.0355169 0.1466260
0.1789294 0.2596832
-0.0245620 0.1480537
0.0872460 0.0333083
0.5875990 0.3657471
-0.1935448 -0.3076571
0.0000000 0.0000000
0.0000000 0.0000000
-0.0114375 -0.0149521
0.0000000 0.0000000
-0.0114516 -0.0353806
-0.0102846 -0.0573468
0.0000000 0.0000000
-0.0104578 -0.0741369
-0.0091507 -0.0953714
0.0000000 0.0000000
-0.0087830 -0.1093949
-0.0072866 -0.1280534
0.0000000 0.0000000
-0.0066679 -0.1384881
-0.0048244 -0.1536158
0.0000000 0.0000000
-0.0040809 -0.1597048
-0.0020584 -0.1703519
0.0000000 0.0000000
-0.0009781 -0.1716514
0.0010471 -0.1770832
0.0000000 0.0000000
0.0022756 -0.1733950
0.0042917 -0.1733033
0.0000000 0.0000000
0.0055004 -0.1646461
0.0072308 -0.1589878
0.0000000 0.0000000
0.0087504 -0.1458746
0.0100690 -0.1348938
0.0000000 0.0000000
0.0114300 -0.1180963
0.0125840 -0.1023627
0.0000000 0.0000000
0.0134958 -0.0828816
0.0140696 -0.0633284
0.0000000 0.0000000
0.0151820 -0.0425144
0.0150358 -0.0202722
0.0000000 0.0000000
0.0157843 0.0004917
0.0152497 0.0240681
0.0000000 0.0000000
0.0155136 0.0434727
0.0144881 0.0670005
0.0000000 0.0000000
0.0145532 0.0838661
0.0131442 0.1059112
0.0000000 0.0000000
0.0127810 0.1194764
0.0111721 0.1388789
0.0000000 0.0000000
0.0105412 0.1486209
0.0089159 0.1646323
0.0000000 0.0000000
0.0080607 0.1704566
0.0066042 0.1827484
0.0000000 0.0000000
0.0056401 0.1851548
0.0045986 0.1939055
0.0000000 0.0000000
0.0037921 0.1941245
0.0026337 0.1993400
0.0000000 0.0000000
0.0019018 0.2008656
-0.0026583 0.2023864
0.0000000 0.0000000
-0.0119777 0.2054564
0.0138723 0.2567389
0.0000000 0.0000000
-0.1034155 0.1553148
0.3354916 0.6805882
0.0000000 0.0000000
-0.3235565 -0.1559025
1.6343135 1.6496109
0.0000000 0.0000000
0.0000000 0.0000000
-35.68739
-35.82387
-37.26529
-39.72612
-43.50281
-48.94442
-56.61617
-67.55593
-83.82429
-109.2825
-147.7794
-198.4233
-251.4697
-56.30892
-108.1371
-84.00296
-70.43716
-58.85315
-49.39927
-41.99078
-36.32128
-32.15875
-29.20981
-27.23443
-26.08778
-25.7424
-35.41896
-35.69526
-37.06324
-39.52558
-43.30504
-48.78353
-56.55969
-67.68097
-84.15669
-110.3797
-151.4498
-212.3689
-180.7412
-16.40059
-121.2318
-88.71825
-72.6568
-60.08382
-50.23474
-42.29094
-36.37737
-32.11497
-29.12913
-27.15131
-26.01335
-25.72204
-34.68253
-34.98167
-36.31518
-38.77203
-42.61407
-48.33709
-56.73083
-69.07082
-87.36943
-117.5541
-167.1886
-175.4017
-169.6927
-54.07194
-104.6794
-102.3262
-81.08971
-65.62422
-52.9817
-43.18685
-36.5007
-31.9124
-28.79356
-26.77456
-25.62401
-25.3395
-33.35438
-33.66394
-34.92103
-37.29866
-41.12867
-47.05914
-56.30885
-71.28454
-95.9866
-136.1397
-199.168
-206.7334
-106.2687
-91.99893
-141.9473
-137.9537
-106.098
-75.85656
-56.58186
-44.13984
-36.38607
-31.3695
-28.07945
-26.00202
-24.85126
-24.54424
-31.38759
-31.68015
-32.79296
-34.94809
-38.50545
-44.18903
-53.48308
-69.80634
-99.74829
-154.3272
-206.4957
-221.5226
-122.6837
-127.0199
-184.3816
-181.7909
-138.8004
-85.60894
-57.96237
-43.80321
-35.33583
-30.06345
-26.71931
-24.65571
-23.53909
-23.21481
-28.75512
-29.00259
-29.89644
-31.66249
-34.62435
-39.40339
-47.13408
-60.23281
-84.41811
-151.7469
-215.3949
-223.745
-157.998
-165
-169.2738
-191.5129
-149.0125
-87.03406
-55.50256
-40.95403
-32.68164
-27.63512
-24.49532
-22.58518
-21.56234
-21.25339
-25.49431
-25.66655
-26.27216
-27.49529
-29.57715
-32.9196
-38.40411
-47.82592
-62.68105
-109.0278
-149.2008
-159.4772
-123.7761
-107.8126
-140.0964
-150.3991
-134.1603
-76.43367
-48.18267
-35.05838
-28.07357
-23.9331
-21.35465
-19.76958
-18.90307
-18.65678
-21.74342
-21.80407
-22.08776
-22.6875
-23.71098
-25.30896
-27.81836
-32.45272
-38.71054
-51.95321
-46.69962
-41.27662
-37.29601
-72.21732
-90.16606
-89.81007
-82.15147
-48.25336
-34.1449
-26.46912
-21.99192
-19.23739
-17.48021
-16.37033
-15.74428
-15.55859
-17.74759
-17.70799
-17.67049
-17.64651
-17.63355
-17.59672
-17.31353
-16.64721
-13.71286
-9.38783
0.6061452
19.19073
21.96897
-7.917085
-28.23657
-30.77984
-28.25072
-22.80506
-19.41318
-17.03007
-15.29767
-14.06238
-13.19997
-12.61849
-12.26673
-12.14643
-13.74062
-13.62725
-13.3082
-12.75265
-11.87299
-10.50306
-8.242165
-4.565659
1.715591
10.95719
24.51939
41.43483
49.46086
49.44635
26.85163
9.481519
0.3184701
-4.779915
-7.274818
-8.418099
-8.842432
-8.922244
-8.867724
-8.773827
-8.682325
-8.624523
-9.927595
-9.765605
-9.242989
-8.313245
-6.861099
-4.690608
-1.456936
3.212915
10.03124
19.23239
31.8532
41.94256
50.41764
48.43893
38.15949
25.02101
13.61311
6.112163
1.381038
-1.500158
-3.22369
-4.21918
-4.77599
-5.069147
-5.189176
-5.18436
-6.461819
-6.275515
-5.638297
-4.507149
-2.781311
-0.3083956
3.141634
7.763385
13.89566
21.36255
30.17088
37.4655
42.28022
41.32787
35.43645
27.17644
18.75828
11.95448
7.002025
3.585843
1.299802
-0.1902451
-1.127202
-1.678973
-1.947639
-1.980602
-3.436149
-3.244513
-2.568757
-1.380352
0.3909143
2.843287
6.094582
10.22702
15.31501
21.10054
27.10912
31.96503
34.82968
34.44938
31.01298
25.74069
19.9321
14.64047
10.34169
7.09084
4.732835
3.081498
1.976131
1.289341
0.9383736
0.884847
-0.8866444
-0.7018441
-0.04119922
1.109539
2.78709
5.040213
7.914114
11.41195
15.47248
19.82148
23.99893
27.27972
29.13758
29.02246
26.95518
23.54591
19.55184
15.62755
12.18692
9.390244
7.228994
5.633573
4.514633
3.794501
3.416087
3.356668
1.191789
1.365126
1.982325
3.043015
4.557982
6.54061
8.987668
11.85903
15.04071
18.29598
21.2809
23.58018
24.87471
24.89306
23.62645
21.39306
18.63641
15.77526
13.12097
10.83904
8.987587
7.560963
6.524655
5.838691
5.471811
5.417579
2.830604
2.993846
3.556016
4.508004
5.842146
7.545415
9.589722
11.91247
14.39488
16.85166
19.04317
20.71641
21.67359
21.76773
20.99029
19.51389
17.60444
15.5334
13.52218
11.71798
10.19471
8.980451
8.072678
7.457266
7.124141
7.07804
4.080608
4.236764
4.744419
5.5875
6.746921
8.197194
9.894904
11.77177
13.72246
15.60655
17.2595
18.52016
19.26356
19.40312
18.93405
17.95527
16.62953
15.13336
13.62624
12.2243
11.00178
9.998603
9.229835
8.699449
8.407809
8.369237
5.001253
5.152853
5.608774
6.352136
7.358031
8.591543
10.00687
11.53761
13.09495
14.57291
15.85693
16.84133
17.44353
17.61167
17.34254
16.69462
15.77238
14.6923
13.56648
12.48746
11.51934
10.70371
10.06546
9.618215
9.368718
9.335312
5.654913
5.802556
6.21232
6.867096
7.740201
8.795356
9.986162
11.25274
12.52206
13.71394
14.74574
15.54401
16.05325
16.24075
16.10427
15.68107
15.03908
14.25667
13.41543
12.58595
11.82329
11.16569
10.64089
10.2672
10.05614
10.02562
6.100113
6.243742
6.610532
7.187307
7.948314
8.857314
9.871812
10.93829
11.99742
12.98593
13.84279
14.51546
14.96387
15.1659
15.12092
14.85249
14.4061
13.83869
13.20781
12.56798
11.96721
11.43929
11.01107
10.70134
10.52333
10.49181
6.38921
6.526757
6.856013
7.365091
8.029668
8.819392
9.693857
10.60847
11.51246
12.35512
13.09046
13.67708
14.08559
14.29985
14.31863
14.15952
13.85267
13.44005
12.96525
12.47089
11.9965
11.57324
11.22568
10.97024
10.81914
10.78501
6.565272
6.695592
6.990698
7.441255
8.026817
8.71907
9.483242
10.28073
11.06951
11.80774
12.4566
12.98385
13.36707
13.59131
13.65697
13.57576
13.36904
13.06931
12.71073
12.32759
11.95192
11.61223
11.33005
11.11967
10.99129
10.9533
6.661148
6.782657
7.049538
7.452907
7.97401
8.59017
9.26936
9.979217
10.68323
11.34508
11.93353
12.42045
12.78637
13.01974
13.11851
13.09293
12.95954
12.74161
12.46794
12.16721
11.86716
11.59152
11.36127
11.18833
11.07725
11.03732
6.698458
6.812456
7.057589
7.425251
7.899606
8.460229
9.079297
9.727566
10.37233
10.98345
11.53143
11.99109
12.34705
12.58713
12.70949
12.72173
12.63745
12.47668
12.262
12.01994
11.77266
11.54322
11.3506
11.20868
11.11407
10.99019
6.686157
6.798626
7.031185
7.377489
7.823252
8.350445
8.93366
9.546275
10.15802
10.73955
11.26482
11.71105
12.06114
12.30627
12.44343
12.47698
12.42226
12.29482
12.11598
11.90796
11.69368
11.49206
11.32069
11.19439
11.00904
9.847898
6.612752
6.744168
6.974622
7.313332
7.750447
8.267824
8.841938
9.445669
10.0489
10.62425
11.14632
11.5904
11.94096
12.18983
12.33312
12.37497
12.32913
12.21214
12.04362
11.84688
11.64343
11.45174
11.28821
11.08709
9.803051
0
