0.0000000 0.0000000
0.0000000 0.0000000
0.0000000 0.0000000
0.0000000 0.0000000
0.0000000 0.0000000
0.0000000 0.0000000
0.0000000 0.0000000
0.0000000 0.0000000
0.0000000 0.0000000
0.0000000 0.0000000
0.0000000 0.0000000
0.0000000 0.0000000
0.0000000 0.0000000
0.0000000 0.0000000
0.0000000 0.0000000
0.0000000 0.0000000
0.0000000 0.0000000
0.0000000 0.0000000
0.0000000 0.0000000
0.0000000 0.0000000
0.0000000 0.0000000
0.0000000 0.0000000
0.0000000 0.0000000
0.0000000 0.0000000
0.0000000 0.0000000
0.0000000 0.0000000
0.0000000 0.0000000
0.1909226 0.0193826
-1.7621684 0.8438099
-2.0181422 2.2902589
-1.2450192 3.5902395
-0.8379461 4.3643646
-0.7757968 5.0952125
-0.9387152 5.9531093
-1.3397552 7.0845132
-2.1750062 8.6221704
-3.8927345 10.9245033
-8.6697302 13.5704794
12.6490593 12.8918247
18.1571503 -8.9219437
-5.7362781 -9.8928432
-2.6487162 -8.1233482
-2.2418203 -5.1613894
-1.4901456 -3.6267307
-0.9582108 -2.5275760
-0.6407475 -1.8137538
-0.4411091 -1.3266876
-0.3233894 -0.9774795
-0.3113271 -0.6957628
-0.4036799 -0.3281053
-0.2435673 -0.0566359
0.0000000 0.0000000
0.0000000 0.0000000
-0.1483713 0.2474003
-3.4448538 1.5395195
-3.0008538 2.5129488
-1.9010746 3.2186780
-1.5551236 3.8851638
-1.6566120 4.7339420
-1.9824200 5.6122932
-2.5969889 6.5239024
-3.7919149 7.4988232
-6.0307717 8.1160345
-0.6326106 9.0163345
17.4035206 10.5922670
25.4396706 -2.1727142
8.3155518 -8.1201735
-6.0886440 -2.5011647
-3.9912746 -4.0662489
-2.5419743 -2.8429229
-1.6531874 -2.0139823
-1.1259047 -1.4788096
-0.8009518 -1.1006355
-0.5992714 -0.7995574
-0.5363939 -0.5789461
-0.6958525 -0.3259652
-0.5138407 -0.1015409
0.0000000 0.0000000
0.0000000 0.0000000
-1.2413750 0.5583330
-4.6748629 1.9829016
-3.4414318 2.4664965
-2.5012658 3.0450132
-2.3785505 3.7618370
-2.4702427 4.5420365
-2.7393284 5.2121863
-3.2958276 5.7494559
-4.3556833 5.9765501
-6.6073537 5.5499225
-2.3604162 -1.4484767
18.1398716 7.2608995
36.0078545 -5.8888607
21.3457775 3.1530623
-9.1411629 0.9845341
-5.4931741 -0.8190390
-3.1935592 -1.3217530
-2.0957067 -1.1903880
-1.4368482 -1.0017309
-1.0481701 -0.8177012
-0.8169994 -0.6318412
-0.7125053 -0.4685706
-0.8766657 -0.3187066
-0.8069941 -0.1187412
0.0000000 0.0000000
0.0000000 0.0000000
-2.8840685 0.8187510
-5.4424458 2.1940699
-3.7707741 2.4267330
-3.2099733 3.0842402
-3.1296532 3.7931910
-3.1131575 4.4525337
-3.2268140 4.9746466
-3.5376470 5.2879739
-4.1115298 5.2689376
-5.1474504 4.2601743
2.2652273 -3.5115120
12.1477690 3.1692646
28.5780277 2.7503364
23.7996731 6.0178704
-5.2270288 1.2896131
-4.9373107 0.6427727
-2.8763058 -0.1220132
-2.0474942 -0.4218867
-1.4915799 -0.5246721
-1.1466689 -0.5263246
-0.9431028 -0.4672110
-0.8393495 -0.3659725
-0.9837247 -0.2887553
-1.0863653 -0.1207872
0.0000000 0.0000000
0.0000000 0.0000000
-4.7419977 0.9861392
-5.8693380 2.2416229
-4.2332053 2.4698329
-3.9446173 3.2194607
-3.7961543 3.9136484
-3.6535478 4.5609879
-3.6320422 5.0879650
-3.6604683 5.4180880
-3.5684226 5.2308602
-3.2337790 4.0606208
5.7768764 -2.7162862
11.0390415 1.3081173
34.2993927 -5.1969857
18.3339272 4.3726759
-3.9129493 3.4655643
-4.1071978 1.9264405
-2.3516243 0.6951873
-1.7254950 0.1188752
-1.3538649 -0.1786357
-1.1184229 -0.3084881
-0.9848425 -0.3425837
-0.9205300 -0.2945204
-1.0486425 -0.2585585
-1.3272682 -0.1224850
0.0000000 0.0000000
0.0000000 0.0000000
-6.5439043 1.0592203
-6.1735477 2.2019346
-4.8783607 2.5756130
-4.6931767 3.4008586
-4.4721446 4.1473217
-4.2863827 4.9099302
-4.1824021 5.6461129
-3.8522446 6.0787644
-2.8684254 5.7728457
-1.0220153 4.2365642
7.6254067 -1.3579744
11.7644234 1.5070388
35.2558517 3.2498128
15.4770832 1.0370262
-1.2633632 3.3251638
-2.6800339 1.9331163
-1.6418703 0.9884660
-1.2676241 0.3628519
-1.1036974 -0.0152113
-1.0098145 -0.2111635
-0.9718798 -0.2919245
-0.9706340 -0.2730204
-1.0981386 -0.2487936
-1.5332788 -0.1318666
0.0000000 0.0000000
0.0000000 0.0000000
-8.1523647 1.0730672
-6.5441580 2.1391442
-5.6769934 2.7115266
-5.5003314 3.6118114
-5.2745895 4.4838395
-5.1917810 5.5244365
-5.0236683 6.5385952
-3.8545797 6.8024359
-1.6706977 5.9335876
1.3316518 3.8503330
9.6535635 -1.1348515
11.5597353 0.6973153
31.6595249 -1.2100719
2.8637390 -0.1025054
-0.3465670 1.6657269
-1.0659548 1.4742168
-0.7479183 0.9503503
-0.7387928 0.3284461
-0.8052343 -0.0577584
-0.8708441 -0.2547571
-0.9409785 -0.3327050
-1.0134215 -0.3115663
-1.1553086 -0.2714391
-1.7230908 -0.1530635
0.0000000 0.0000000
0.0000000 0.0000000
-9.5439272 1.0653960
-7.0838046 2.0899425
-6.5923638 2.8547163
-6.4064827 3.8320007
-6.3326035 4.9108615
-6.5386391 6.3032298
-5.6992178 7.1139445
-3.1784353 6.7415476
0.0754749 5.2005177
3.7562437 3.0979311
11.2664642 -1.2657199
12.2845955 0.2452658
29.5703526 -0.2245988
-1.2849661 -0.0351639
-1.4944141 4.1580482
-0.1271056 1.2794372
0.0977186 0.5417302
-0.2589765 0.0048852
-0.5410427 -0.2953650
-0.7584502 -0.4340894
-0.9325231 -0.4653922
-1.0764654 -0.4098956
-1.2412093 -0.3297279
-1.9197392 -0.1874186
0.0000000 0.0000000
0.0000000 0.0000000
-10.7411594 1.0530245
-7.8194938 2.0646574
-7.5900731 2.9867802
-7.4468226 4.0464997
-7.7683449 5.3748746
-7.8130431 6.7035933
-5.4158115 6.6847315
-1.8091762 5.6706271
2.0335190 3.8518355
5.9332128 1.7969016
13.0791407 -1.8335698
12.3453264 -2.4339583
37.9076958 0.2728932
1.4062592 -0.0970231
1.7167822 4.4370627
1.3201586 0.3316172
0.8696948 -0.1213892
0.1695429 -0.5121135
-0.3506478 -0.6967077
-0.7140493 -0.7333299
-0.9814800 -0.6806942
-1.1869684 -0.5606115
-1.3745240 -0.4199783
-2.1426866 -0.2344105
0.0000000 0.0000000
0.0000000 0.0000000
-11.7896862 1.0399730
-8.7281046 2.0642622
-8.6465950 3.0960984
-8.6650381 4.2498050
-9.3126440 5.6607437
-8.1384668 6.3274302
-4.2910981 5.4148307
-0.0363317 3.9812706
4.0513091 2.1925218
7.6931410 0.4485090
14.0933714 -2.5237908
15.9954891 -4.7883496
32.4137459 -3.6214519
6.2104821 0.0241985
3.1420887 -0.5924916
2.0306189 -0.9738594
1.2165530 -1.1559572
0.3462739 -1.2599500
-0.3191876 -1.2426270
-0.7855207 -1.1292998
-1.1202216 -0.9608523
-1.3689094 -0.7520695
-1.5711480 -0.5349763
-2.4055624 -0.2908903
0.0000000 0.0000000
0.0000000 0.0000000
-12.7548904 1.0347915
-9.7525415 2.0584705
-9.7495060 3.1695967
-10.0390224 4.4132967
-10.4562378 5.6505570
-7.3651638 5.4158187
-2.6352587 3.9008417
1.8757864 2.0831780
5.6955457 0.5334589
9.0786467 -0.7812734
14.2938900 -2.4110832
21.2098026 -7.5839386
13.9914484 -2.8498478
4.0168462 -3.8066394
2.8362296 -3.0964711
2.0732899 -2.6340902
1.1791062 -2.3662202
0.2273636 -2.1489828
-0.4961362 -1.8876410
-1.0102562 -1.5915158
-1.3751811 -1.2826486
-1.6399699 -0.9678138
-1.8425907 -0.6644429
-2.7144969 -0.3515967
0.0000000 0.0000000
0.0000000 0.0000000
-13.5782032 1.0254987
-10.8565130 2.0326984
-10.9124031 3.2035105
-11.4672623 4.4750886
-10.7379999 5.2069988
-5.8447466 4.1147647
-0.6607984 2.3496494
3.3486593 0.7524496
7.4017215 -1.0673710
10.3562498 -2.6014380
14.8868055 -3.7352514
26.8302116 -8.5689287
5.0661068 -4.9351292
3.5564666 -5.4480696
2.4716167 -4.9807496
1.6850339 -4.2678304
0.7908404 -3.6233621
-0.1767031 -3.0933678
-0.8997237 -2.5785027
-1.4089236 -2.0801036
-1.7620515 -1.6174040
-2.0098975 -1.1871501
-2.1950188 -0.7938170
-3.0660012 -0.4094544
0.0000000 0.0000000
0.0000000 0.0000000
-14.2638683 1.0065681
-12.0162458 1.9969493
-12.1303577 3.2168500
-12.7104645 4.5163164
-10.1141806 4.5433331
-4.0082827 2.7574041
0.8568301 1.1844864
4.9097724 -0.4898231
8.9773121 -2.2656562
13.4113531 -5.4037170
18.9308262 -8.2531404
25.6283951 -9.3690329
6.8687563 -6.8179688
3.5126064 -7.6291757
1.7353427 -7.2219090
0.6556422 -6.1492028
-0.0426820 -4.9659934
-0.8689189 -4.0507245
-1.5438459 -3.2643044
-1.9946742 -2.5490582
-2.2860510 -1.9293071
-2.4786448 -1.3849134
-2.6268082 -0.9051719
-3.4443238 -0.4562856
0.0000000 0.0000000
0.0000000 0.0000000
-14.8264723 0.9836074
-13.1958485 1.9322057
-13.4926758 3.1548793
-13.2861900 4.1658669
-8.8179770 3.5246673
-2.3609753 1.5729277
1.7922502 0.1558941
6.6624894 -1.7901924
10.2784853 -2.8326409
14.9119692 -5.1258497
26.9238586 -13.8359728
10.8058224 -8.7037535
7.7560558 -8.9094677
3.3723340 -9.5243425
0.6427135 -9.3719921
-1.1077601 -8.2279968
-1.5049063 -6.4355416
-1.8729827 -4.9884434
-2.4470243 -3.8781147
-2.7703176 -2.9475660
-2.9417031 -2.1780133
-3.0358846 -1.5310149
-3.1249044 -0.9785366
-3.8222144 -0.4828605
0.0000000 0.0000000
0.0000000 0.0000000
-15.2455463 0.9381492
-14.3162622 1.8378136
-14.8332214 3.0007112
-12.7276535 3.5492620
-7.1590266 2.3733385
-1.0164728 0.7315557
3.5796452 -1.0002357
8.4166651 -3.2833371
12.7474403 -4.6415730
18.1569176 -6.5892124
29.5966091 -11.7748880
12.1247931 -8.7535486
8.3141441 -9.2707777
3.7528584 -9.5760622
0.2618696 -9.9585543
-2.7267473 -9.6355820
-3.7773480 -7.9187503
-3.3549902 -5.8524609
-3.6349998 -4.3327484
-3.7141707 -3.2086546
-3.7011511 -2.3178389
-3.6559689 -1.5927830
-3.6616957 -0.9938048
-4.1659975 -0.4810621
0.0000000 0.0000000
0.0000000 0.0000000
-15.5505810 0.8655772
-15.4807615 1.6992054
-15.8720703 2.4963717
-11.5415649 2.8416066
-5.2051492 1.2470055
-0.0845979 0.1436590
5.0523119 -1.7408590
9.3553391 -2.9270539
14.0151443 -4.1861000
28.9179535 -13.4190865
19.2925701 -8.9113779
13.5076981 -7.6751461
8.7768240 -8.1187105
4.5595746 -8.2448397
0.5655020 -8.4761667
-3.1069350 -8.7519817
-6.0617199 -8.1129599
-5.4076638 -6.3103576
-5.0874114 -4.4940996
-4.8007565 -3.2717166
-4.5268621 -2.3020909
-4.3035741 -1.5361328
-4.1931515 -0.9300158
-4.4440432 -0.4407780
0.0000000 0.0000000
0.0000000 0.0000000
-15.7426891 0.7184598
-16.6097889 1.4282137
-16.0144825 1.4479201
-9.8820486 0.8405563
-3.3594809 0.2319593
1.4191607 -1.3459638
6.0904541 -2.8870773
10.0035715 -2.8644056
17.1292267 -3.2236800
34.2583160 -13.9957199
16.8660412 -7.9498525
12.7681255 -7.0229282
8.7513561 -6.0979877
4.9343352 -5.7711225
1.0924417 -5.8186560
-2.4551494 -6.3616381
-6.4589896 -7.1452813
-7.7097588 -5.7037082
-6.7375240 -4.2484474
-5.9478216 -3.0521395
-5.3500819 -2.0622764
-4.9183941 -1.3217680
-4.6632628 -0.7679986
-4.6434412 -0.3547676
0.0000000 0.0000000
0.0000000 0.0000000
-15.8639784 0.4943113
-17.3464775 0.8859192
-15.1480637 0.5373865
-7.9103861 -1.3209473
-2.2516079 -1.4272579
3.1308196 -2.9134045
6.2929211 -3.8820341
10.5237846 -4.9683456
27.2559395 -9.4290686
34.4194679 -13.0071163
14.3821936 -6.5235600
11.6577873 -4.9242606
7.8863306 -3.6387858
4.6670179 -3.0259087
1.6416198 -3.0620995
-1.6187234 -3.6709936
-5.5941830 -4.2881331
-8.8020191 -3.2953238
-8.4956093 -3.4565468
-6.9645023 -2.4749210
-6.0924668 -1.5618465
-5.4348392 -0.9146459
-5.0059137 -0.4873609
-4.7426701 -0.2071432
0.0000000 0.0000000
0.0000000 0.0000000
-16.1926231 0.2141704
-17.9240112 0.3587030
-13.3341331 -0.9960996
-6.3024702 -2.2872612
-0.7544031 -3.8862259
4.0566425 -4.2208118
7.5067301 -5.0885420
13.7667665 -7.4864712
33.9423485 -12.8719721
26.9359512 -9.4012232
12.3558168 -4.1736503
10.0900383 -2.6086576
6.8250303 -1.1099173
4.2106771 -0.5105428
1.4848925 -0.1999171
-1.0329491 -0.7573900
-4.2746234 -1.1536071
-8.5386276 -1.2795275
-10.2204676 -1.7099844
-7.8538160 -1.2839763
-6.6541672 -0.6911939
-5.7792673 -0.2770306
-5.1817923 -0.0684447
-4.7606459 0.0023499
0.0000000 0.0000000
0.0000000 0.0000000
-16.3084755 -0.4049237
-17.6977901 -0.7757138
-10.8586636 -3.1754162
-5.2410078 -3.9934916
0.1166630 -5.0471907
4.4809914 -5.8328400
8.5314360 -6.1251225
18.6499710 -7.9896541
32.8879128 -8.4536114
21.8205547 -5.4492559
9.4599457 -1.1273575
8.3348980 0.1484000
5.6241384 1.6051562
3.5416677 2.1302421
2.5496693 2.6406586
-0.6519974 2.4758563
-3.5953820 1.8094147
-7.5138240 2.0622520
-11.0536652 0.4668462
-8.1699247 0.2629443
-6.9051313 0.4105994
-5.8472724 0.5158808
-5.1085887 0.4513965
-4.6026006 0.2608030
0.0000000 0.0000000
0.0000000 0.0000000
-15.8333654 -1.6859393
-16.4058094 -2.9950786
-8.8511562 -4.7640224
-4.2268705 -6.0043340
0.3525981 -7.0472155
4.9183989 -7.0901179
8.5783653 -7.5492516
20.9225426 -7.6025572
28.2492466 -6.6650453
18.3177166 -1.5614132
7.9113145 1.3908715
6.8667970 2.8843670
4.6462455 4.4192305
2.9246385 5.0022368
2.2667084 5.2671695
-0.0915191 5.4844928
-3.5106277 5.8967261
-6.2261829 5.2055025
-10.0499821 3.7062452
-8.1661682 2.1789863
-6.9027071 2.0288413
-5.6033797 1.6429011
-4.6914515 1.1360534
-4.1277533 0.5711988
0.0000000 0.0000000
0.0000000 0.0000000
-13.8180199 -4.3874335
-13.6681461 -9.0732183
-8.8770189 -6.8816056
-3.2767546 -8.3313808
0.9589730 -8.7109137
4.3769994 -8.2597132
8.3729429 -7.3804741
20.7778339 -8.0286627
23.1641235 -1.7312294
12.3035040 0.0084244
6.5279102 3.3186982
5.4023533 5.0398555
3.6669734 6.7648268
2.7706563 7.0094261
1.4215229 7.9694200
-0.7772193 7.6018133
-3.3855186 7.9612761
-4.9617882 7.8594975
-7.8248162 8.7908564
-7.2163067 6.3640504
-5.8716326 5.1628866
-4.6383362 3.4875116
-3.8334839 2.1251006
-3.2966089 1.0146383
0.0000000 0.0000000
0.0000000 0.0000000
-8.4594250 -6.8536015
-10.2574759 -16.0001106
-7.1051888 -13.9218130
-3.7579758 -14.2530622
0.5265083 -11.5009155
3.1573780 -10.0220680
8.2776270 -9.2732191
18.1272297 -9.2957478
19.0584927 -4.4724898
7.6098976 2.9432557
4.1039681 5.3188672
3.4455881 6.8709822
2.7206357 9.1199760
1.9213830 10.5358782
1.3166240 11.3875656
-0.4549565 13.6833143
-4.1861892 15.7536879
-6.0440445 15.7639952
-7.9429135 15.3975439
-5.9330783 13.3520584
-3.2020741 9.1451159
-2.1688619 5.7646894
-2.0002151 3.4113920
-1.8671079 1.6001029
0.0000000 0.0000000
0.0000000 0.0000000
-2.8034046 -3.4082565
-5.2398686 -10.0128117
-2.6457973 -21.2517414
-0.2797649 -19.9049606
1.2511287 -17.0851250
3.2928512 -15.8018894
7.2964067 -12.8209972
13.7746058 -7.7712541
14.5051098 -6.3968453
6.3902612 9.0039902
1.8420979 10.7432232
1.6332105 12.5970621
0.5656675 14.7065783
0.5024957 16.3581333
-0.7768112 17.6865368
-0.5741133 17.5259590
-2.1435311 19.1083088
-3.8682528 19.2030392
-3.2135384 13.0353050
-1.4162160 7.7993708
-0.6674570 5.4175196
-0.5389667 4.0562305
-0.5659196 2.7393594
-0.5022644 1.0495341
0.0000000 0.0000000
0.0000000 0.0000000
0.0000000 0.0000000
0.0000000 0.0000000
0.0000000 0.0000000
0.0000000 0.0000000
0.0000000 0.0000000
0.0000000 0.0000000
0.0000000 0.0000000
0.0000000 0.0000000
0.0000000 0.0000000
0.0000000 0.0000000
0.0000000 0.0000000
0.0000000 0.0000000
0.0000000 0.0000000
0.0000000 0.0000000
0.0000000 0.0000000
0.0000000 0.0000000
0.0000000 0.0000000
0.0000000 0.0000000
0.0000000 0.0000000
0.0000000 0.0000000
0.0000000 0.0000000
0.0000000 0.0000000
0.0000000 0.0000000
0.0000000 0.0000000
0.0000000 0.0000000
0.0000000 0.0000000
0.3477051 -0.3519141
0.0000000 0.0000000
0.7465764 -0.2478573
-0.0138103 -0.5870234
-0.1808913 -0.6521258
0.0000000 0.0000000
-1.1576653 -0.1242704
-0.5687931 0.4012310
-0.5860985 1.4225591
0.0000000 0.0000000
-1.9610862 1.5238333
-0.5873339 2.5284216
-0.5700573 3.5907235
0.0000000 0.0000000
-1.5555199 3.1182735
-0.4473970 4.4454842
-0.3884542 5.0892138
0.0000000 0.0000000
-0.9850965 4.0365119
-0.3202321 5.6792393
-0.3079002 6.1876717
0.0000000 0.0000000
-0.7743937 4.7399602
-0.3123397 6.7153854
-0.3504976 7.2228575
0.0000000 0.0000000
-0.8213719 5.5004911
-0.3857356 7.8666401
-0.4735723 8.5056610
0.0000000 0.0000000
-1.0746945 6.4582963
-0.5467435 9.4353228
-0.7215748 10.3202648
0.0000000 0.0000000
-1.6031697 7.7451134
-0.8932944 11.8411417
-1.2132394 13.2612057
0.0000000 0.0000000
-2.6814678 9.8007269
-1.7367896 15.7384148
-1.9865074 18.7424717
0.0000000 0.0000000
-5.0043693 14.4823914
-1.7590322 21.8552704
-2.5893509 25.7485409
0.0000000 0.0000000
3.0594656 13.9092970
3.9262154 17.4358692
7.6147027 14.2556210
0.0000000 0.0000000
16.6520138 5.6694217
13.5216036 -9.6820822
-0.0390980 -9.8725309
0.0000000 0.0000000
10.9908314 -1.9649758
-1.1374232 -13.8887892
-0.6370915 -13.6815214
0.0000000 0.0000000
-8.3887749 -11.6092310
-0.5025326 -9.3762236
-0.5959660 -7.5440621
0.0000000 0.0000000
-2.1406472 -6.6619539
-0.7676470 -6.7163367
-0.5016763 -5.4084554
0.0000000 0.0000000
-1.8140216 -3.9481754
-0.4957650 -4.6709585
-0.3951504 -3.7309072
0.0000000 0.0000000
-1.1808754 -2.8715222
-0.3457805 -3.2292361
-0.2729779 -2.6129737
0.0000000 0.0000000
-0.7819256 -2.0837040
-0.2240338 -2.2668152
-0.1849642 -1.8697751
0.0000000 0.0000000
-0.5322257 -1.5374501
-0.1511572 -1.6204962
-0.1289928 -1.3511922
0.0000000 0.0000000
-0.3760649 -1.1386280
-0.1083983 -1.1725553
-0.0945128 -0.9674038
0.0000000 0.0000000
-0.3055990 -0.8354444
-0.0964784 -0.8010696
-0.1148408 -0.6163108
0.0000000 0.0000000
-0.3496758 -0.5442294
-0.1333877 -0.3842466
-0.1291281 -0.1584135
0.0000000 0.0000000
-0.3808199 -0.1644371
-0.0517859 -0.0311502
0.0147424 0.1015354
0.0000000 0.0000000
0.0703988 0.0591573
0.0000000 0.0000000
0.0000000 0.0000000
1.1785066 -0.1446033
1.1457782 -0.0762151
-0.1093814 -0.0497061
-1.3875791 0.2944290
-2.3220150 0.6500105
-2.5184946 1.1624749
-2.7011790 1.9317361
-3.3648787 2.0686977
-2.3235776 2.6116464
-1.9431964 3.1320016
-2.3519547 2.8889797
-1.5179656 3.5041668
-1.2816727 3.8663390
-1.6653655 3.5025389
-1.1762989 4.1889248
-1.1766689 4.5787039
-1.5697180 4.2880092
-1.2416506 5.0215187
-1.3847880 5.4301157
-1.7725981 5.1348777
-1.5427794 5.9921689
-1.8226401 6.4319496
-2.2042437 5.9704733
-2.1108992 7.1630297
-2.6509058 7.6253433
-3.0451798 6.7433524
-3.1985495 8.6976233
-4.4612441 9.0736017
-4.7148728 7.1976309
-5.9341412 10.6380072
-9.1771717 12.0653877
-10.4103298 8.1756258
-2.0940485 8.8989620
7.7826324 12.2225552
11.3704348 13.1429768
11.5336151 9.9195662
15.1084223 8.2727823
23.2271690 8.1183624
24.9078922 -6.2171521
20.9105606 -0.7453210
21.5014172 0.0481185
7.8243971 -9.1735821
-11.2363205 -9.5769339
-11.5024786 -7.8840699
-3.0292473 -6.2237015
-3.3549757 -7.5306888
-6.0531483 -6.5729327
-2.8634186 -5.1437016
-2.2285304 -3.7944746
-3.2021716 -3.5183008
-1.9067844 -3.3204839
-1.5344347 -2.6135571
-2.0801816 -2.3261900
-1.2459991 -2.3150868
-1.0255506 -1.8833067
-1.3674687 -1.7106788
-0.8425627 -1.6498530
-0.7072558 -1.3840964
-0.9479293 -1.2835006
-0.5880313 -1.1958742
-0.5087888 -1.0190419
-0.6892082 -0.9568089
-0.4359947 -0.8676240
-0.4021356 -0.7329752
-0.5485120 -0.6906434
-0.3976530 -0.6156510
-0.4496826 -0.4839936
-0.5880453 -0.4802999
-0.5334072 -0.3016990
-0.5518629 -0.1781460
-0.7032030 -0.2143448
-0.3672061 -0.0631973
0.1543683 0.0245759
0.1258484 -0.0099463
0.0000000 0.0000000
0.0000000 0.0000000
1.0929872 0.0318052
0.9201288 0.1034267
-0.8030906 0.3285138
-2.9251881 0.9996665
-3.7157176 1.2560141
-4.0621648 1.7836895
-3.8598959 2.2028921
-4.1642594 2.2546248
-3.1768353 2.5504889
-2.5752456 2.7991991
-2.8501215 2.7007003
-2.1591184 3.0886393
-1.9880626 3.4201090
-2.3916173 3.3447599
-1.9495833 3.8038967
-2.0121071 4.2079935
-2.3897574 4.1381879
-2.0816910 4.6569195
-2.2420027 4.9952312
-2.5540452 4.8394470
-2.3890212 5.4507666
-2.6924269 5.7028232
-2.9312921 5.4194646
-2.9702673 6.2047181
-3.5175960 6.3166828
-3.6496916 5.8523045
-3.9826560 6.8095617
-4.8164930 6.8619637
-4.8550086 6.1423435
-5.0270805 7.2452240
-9.9972181 8.1454563
-10.2376776 7.6368151
-9.5097322 6.6195602
6.0966578 6.5338626
11.4969759 2.3466804
16.5218811 9.8936806
23.7878399 9.7455606
31.8912773 3.8834445
35.7912521 -7.2278776
24.3058357 1.9876188
33.9791069 6.5603170
13.4165363 -4.1891665
-9.9695988 -4.4942598
-7.0628586 -1.2162061
-6.7061195 -1.0886502
-6.7818561 -4.3364434
-8.2456312 -2.2515743
-4.6178694 -2.6044657
-3.5315022 -2.6510100
-4.1706038 -1.8227737
-2.8373632 -2.1613996
-2.3014634 -1.8480451
-2.6086717 -1.3903942
-1.8372505 -1.6142462
-1.5354005 -1.4319651
-1.7359643 -1.1552095
-1.2552755 -1.2412373
-1.0755694 -1.1097106
-1.2216630 -0.9473329
-0.9042671 -0.9553939
-0.7989060 -0.8505687
-0.9183670 -0.7573202
-0.6951476 -0.7102527
-0.6494412 -0.6252721
-0.7490685 -0.5695372
-0.6164947 -0.5205021
-0.6693242 -0.4427211
-0.7545723 -0.4177838
-0.7776710 -0.3162316
-0.8300005 -0.2360536
-0.9418125 -0.2450315
-0.6520570 -0.1138268
0.1062758 -0.0221129
0.0549295 -0.0345405
0.0000000 0.0000000
0.0000000 0.0000000
0.5866241 0.1638458
0.2402187 0.2307857
-2.1286747 0.6541693
-4.4046807 1.4917623
-5.0536628 1.6467919
-5.0842972 2.1200373
-4.4088860 2.2697549
-4.5571427 2.2757750
-3.5973427 2.4533336
-3.0736113 2.6922626
-3.3821814 2.7018244
-2.8278344 3.0286953
-2.7735717 3.3776104
-3.1467421 3.3993542
-2.7359893 3.7631371
-2.7744167 4.1191964
-3.0949695 4.1014066
-2.7898908 4.4791489
-2.8938215 4.7474017
-3.1463118 4.6728983
-2.9869561 5.0626965
-3.2007601 5.2307267
-3.3389776 5.0607815
-3.3970995 5.4550133
-3.8177223 5.4436016
-3.7383382 5.0828266
-4.1895294 5.5753398
-5.0881953 4.9935951
-4.5655570 4.3124576
-5.8468623 5.2955818
-11.6928139 4.7895832
-9.3828964 3.4707885
-0.4753498 -4.1653395
10.1664696 1.7628958
6.2414265 0.0273694
14.3259459 5.7183099
17.7379990 5.6981201
18.5947380 4.2964764
33.7656212 3.4484041
33.1485825 9.4296865
30.1119518 9.0539160
18.1237354 6.0692310
-4.4290318 1.3914646
2.1539164 4.3999014
-8.1175928 1.8985587
-7.4189863 -0.0964165
-5.5431280 0.9479837
-5.2505193 0.2799060
-4.1131411 -0.6975111
-3.5405166 0.0902509
-3.0651190 -0.6093043
-2.5598214 -0.8141853
-2.3729372 -0.3606331
-2.0693414 -0.7568586
-1.7641890 -0.8281773
-1.7323889 -0.5550882
-1.4572440 -0.7388670
-1.2760121 -0.7541046
-1.2962583 -0.5873088
-1.0912217 -0.6588833
-0.9851007 -0.6426138
-1.0300757 -0.5439037
-0.8749130 -0.5405610
-0.8254367 -0.5069392
-0.8800079 -0.4505692
-0.7748032 -0.4134821
-0.8156501 -0.3778779
-0.8676291 -0.3470558
-0.9255098 -0.2998920
-1.0279199 -0.2447245
-1.1073279 -0.2403690
-0.9397333 -0.1205330
-0.0072319 -0.0399601
-0.0733569 -0.0463234
0.0000000 0.0000000
0.0000000 0.0000000
-0.3036597 0.2896776
-0.8576528 0.3621034
-3.8426337 0.8947769
-5.6509848 1.7690270
-6.1396070 1.8366580
-5.6775584 2.2474236
-4.7077022 2.2583475
-4.8660698 2.2636626
-3.9912968 2.4386539
-3.6854732 2.7591481
-4.0327997 2.8223567
-3.5589805 3.1317160
-3.5173147 3.4793355
-3.8702209 3.5419185
-3.4441314 3.8290818
-3.4149745 4.1562395
-3.7301519 4.2011514
-3.3819726 4.4495821
-3.3760250 4.7243338
-3.6646104 4.7657537
-3.4083648 4.9450579
-3.4705753 5.1093388
-3.6562052 5.2107391
-3.5219889 5.2569437
-3.6474278 5.1882558
-3.6407559 5.3776088
-3.7219658 5.0684524
-3.7717063 4.8526821
-3.4566467 4.9186835
-3.4402456 3.3198321
-6.2396207 4.4183846
-5.5555067 3.8803747
4.3275347 -3.0636389
7.1094718 0.2739469
8.4228792 0.7344397
11.8767452 2.0086982
17.6502934 4.1724339
16.3936176 3.3564360
34.2615204 -5.5419345
32.7282791 1.4562020
25.8222160 4.8975458
17.7743568 5.0889482
0.4152647 3.7052412
1.0625689 3.7314391
-4.6331010 2.1313498
-5.5015063 1.3456686
-5.2226505 2.0579801
-4.5029373 1.3216997
-3.4779975 0.3760353
-3.0422170 0.8739040
-2.6224096 0.3831163
-2.2829428 -0.0388306
-1.9282393 0.2863872
-1.9032301 -0.0769521
-1.6843555 -0.3203091
-1.5083390 -0.1104072
-1.4291685 -0.3110990
-1.2921051 -0.4355267
-1.2158388 -0.3069541
-1.1365684 -0.3949619
-1.0566114 -0.4501302
-1.0384685 -0.3736562
-0.9659398 -0.3911888
-0.9284723 -0.3996702
-0.9446844 -0.3571178
-0.8824083 -0.3227213
-0.9147098 -0.3156155
-0.9435677 -0.2912270
-1.0152608 -0.2693620
-1.1647078 -0.2311928
-1.2196283 -0.2229446
-1.1985241 -0.1202170
-0.1510317 -0.0482189
-0.2236955 -0.0508869
0.0000000 0.0000000
0.0000000 0.0000000
-1.5279683 0.4124202
-2.2421982 0.4604795
-5.6540833 1.0263661
-6.5984674 1.8694502
-6.9658995 1.8766043
-6.0343904 2.2420757
-5.0502448 2.2583592
-5.2947249 2.2776632
-4.5400968 2.5112438
-4.3961225 2.9096656
-4.7793298 2.9891651
-4.3072319 3.2954988
-4.2212834 3.6532421
-4.5966849 3.7537732
-4.1214209 3.9948201
-4.0147772 4.3632860
-4.4099464 4.4808726
-3.9734988 4.6505055
-3.8869267 5.0137906
-4.3014059 5.2218933
-3.8749335 5.2623196
-3.8025956 5.5540695
-4.0738859 5.8858681
-3.6758451 5.6809220
-3.4873338 5.7214193
-3.4447968 6.0280633
-3.1632624 5.4745340
-2.5551572 5.1425061
-2.0635922 5.1057811
-1.9314163 3.8703671
-4.1193185 4.0784988
-2.4797180 3.2291470
6.8675551 -1.8157822
8.6674442 1.1258968
8.7593575 0.9554139
11.1596088 1.6290272
12.9606028 2.5327280
11.6451149 1.1048833
34.7118225 -0.2334673
37.1380310 1.8284758
20.8675690 5.5191879
15.7250805 4.2462211
2.8421776 3.7093742
2.4560261 5.4638009
-3.4073355 4.1169901
-4.1560116 2.4278572
-2.7660263 3.2835095
-3.3865879 2.3898532
-2.6489444 1.0790759
-2.0831351 1.4668959
-1.9516889 0.9734697
-1.7337471 0.4306618
-1.3536752 0.5887086
-1.5142261 0.3047293
-1.4008865 0.0067811
-1.1689775 0.1087143
-1.2447941 -0.0545472
-1.1714182 -0.2281865
-1.0435214 -0.1661917
-1.0757821 -0.2332212
-1.0375690 -0.3252114
-0.9812435 -0.2903416
-0.9859367 -0.3009109
-0.9733340 -0.3317554
-0.9652697 -0.3149316
-0.9508617 -0.2740527
-0.9829479 -0.2773732
-0.9999495 -0.2686284
-1.0752541 -0.2485092
-1.2608359 -0.2164214
-1.3031274 -0.2120017
-1.4202524 -0.1246802
-0.3103859 -0.0513279
-0.3868635 -0.0519136
0.0000000 0.0000000
0.0000000 0.0000000
-2.9963825 0.4916847
-3.7850780 0.5148302
-7.3446393 1.0728134
-7.3250904 1.8580118
-7.6380053 1.8346611
-6.3650217 2.1791584
-5.5666428 2.2961252
-5.9123440 2.3271358
-5.2600107 2.6326258
-5.1804013 3.0895045
-5.6077414 3.1724854
-5.0870972 3.4928322
-4.9637384 3.9006779
-5.4013286 4.0235524
-4.8636208 4.2777934
-4.7420053 4.7380233
-5.2831793 4.9382911
-4.7406983 5.1190915
-4.6215467 5.6638656
-5.2128282 6.0253000
-4.5420799 6.0296531
-4.3157477 6.3842583
-4.5171428 6.8231878
-3.8210974 6.5273604
-3.1478219 6.3604617
-2.8413663 6.5073791
-2.2027724 5.9079175
-0.9640065 5.1681471
-0.2370628 5.0511575
0.3017892 3.9676654
-0.8596075 3.4015505
0.2800765 3.5149040
8.7638197 -1.1939058
9.7829456 1.3639498
10.2139044 1.5812960
12.2491360 0.9949465
12.0679102 0.2334326
14.1817112 0.2602830
32.6709709 -2.0227084
37.1209679 -1.9343407
25.8265419 2.3833408
6.2444324 0.7741796
4.2021246 4.9023194
0.5103629 3.3877478
-1.4621193 2.5405154
-2.1202366 2.7156796
-0.8225411 2.4802697
-2.1803889 1.8900933
-1.6617321 1.4329851
-0.9853757 1.6056813
-1.2350029 1.1206360
-1.1243291 0.5788881
-0.6747187 0.6084062
-1.0462451 0.4090528
-1.0350245 0.1081291
-0.7622218 0.1035374
-0.9869825 0.0043456
-0.9825782 -0.1701836
-0.8300870 -0.1833994
-0.9615608 -0.2071593
-0.9707077 -0.2985702
-0.9005507 -0.3147084
-0.9695320 -0.2959160
-0.9879578 -0.3249682
-0.9729148 -0.3405430
-0.9996924 -0.2821836
-1.0397544 -0.2775766
-1.0569403 -0.2893361
-1.1304587 -0.2548358
-1.3409439 -0.2150422
-1.3845966 -0.2195664
-1.6159222 -0.1397739
-0.4812551 -0.0531764
-0.5642802 -0.0537222
0.0000000 0.0000000
0.0000000 0.0000000
-4.5769463 0.5270814
-5.3851256 0.5340198
-8.8344040 1.0745032
-7.9538093 1.7993050
-8.2649918 1.7687517
-6.8150039 2.1139164
-6.2764654 2.3652265
-6.7098188 2.4031682
-6.1181931 2.7736564
-6.0431786 3.2757998
-6.5194006 3.3538952
-5.9446373 3.7095089
-5.8200755 4.1930757
-6.3578939 4.3322449
-5.7875733 4.6535530
-5.7543039 5.2893829
-6.5090461 5.5720272
-5.8446031 5.8559661
-5.7377172 6.5534973
-6.2616558 6.8862438
-5.2929783 6.9686427
-4.6315022 7.0572090
-4.4796991 7.1582723
-3.4994469 6.9675078
-2.2069895 6.4292893
-1.5619729 6.0164757
-0.6513931 5.6905985
1.0002807 4.6434112
1.9684244 4.1217031
2.6524782 3.5545485
1.3116227 2.9843309
2.4696174 2.5011890
10.5005369 -1.1325386
10.5869513 1.3010768
11.5077238 1.0384970
11.1428986 0.4245687
15.3142233 0.8721991
15.2270899 0.1439140
28.6494083 0.9107916
32.9092407 -1.4792275
26.1825142 -1.3544868
3.5467582 -1.2297189
2.2271957 3.2262893
-2.5973735 3.1184430
0.4720405 2.2519543
-0.7624006 2.3138914
-0.8790231 2.1953084
-1.0051621 1.2530252
-0.6704497 1.3764703
0.0887447 1.2782729
-0.4919239 0.8982266
-0.4937076 0.4323402
-0.0463550 0.3740639
-0.5652332 0.2277452
-0.6544881 -0.0194880
-0.4078881 -0.1196334
-0.7142373 -0.1440261
-0.7851421 -0.2755674
-0.6517035 -0.3642155
-0.8417997 -0.3236423
-0.9014486 -0.3828045
-0.8453045 -0.4518054
-0.9540421 -0.3854870
-1.0049291 -0.3896839
-1.0024648 -0.4397632
-1.0544047 -0.3518052
-1.1071404 -0.3229773
-1.1378812 -0.3557281
-1.2026197 -0.2959735
-1.4311532 -0.2348935
-1.4885600 -0.2501629
-1.8071136 -0.1680582
-0.6695539 -0.0575035
-0.7659968 -0.0599028
0.0000000 0.0000000
0.0000000 0.0000000
-6.1855326 0.5359321
-6.9893098 0.5347029
-10.1233845 1.0625048
-8.5813236 1.7347610
-8.9210424 1.7069664
-7.4485974 2.0718310
-7.1499314 2.4504242
-7.6452932 2.4898674
-7.0787258 2.9133375
-6.9900265 3.4481616
-7.5140200 3.5184062
-6.9180441 3.9256284
-6.8745360 4.5167880
-7.5510530 4.6726832
-7.0283227 5.1123948
-7.1926055 5.9456668
-7.9884987 6.1728225
-7.1629419 6.5925813
-6.7090836 7.0364890
-6.7628388 7.0038843
-5.5132961 7.1799583
-4.1230960 6.7722883
-3.6190035 6.3218803
-2.4171062 6.2840257
-0.6059752 5.4455643
0.0848360 4.7374949
1.2748920 4.5451407
3.1585832 3.4352651
4.0859022 2.7228711
4.9426951 2.4637215
3.6256189 1.7478621
4.9127288 0.9253240
12.0595169 -1.5426776
11.0757866 -0.8482661
12.2343092 -1.5231687
11.3582058 -0.5372282
14.9144192 -2.4101553
17.1705589 -5.2979298
32.4518890 -1.0680230
28.4353333 0.5815628
22.3937550 0.7272748
0.0464656 0.6763899
-1.6126738 3.9171093
2.4113286 5.3388700
-0.4424176 5.9349103
0.3699421 2.0016203
1.7752855 2.1775212
0.6164368 0.8702846
0.5202015 0.8981140
1.1589996 0.5425462
0.2407624 0.1775919
0.0990219 0.0655142
0.5331699 -0.1939598
-0.1728965 -0.2335093
-0.3372483 -0.3430125
-0.1093813 -0.5487851
-0.5079874 -0.4745809
-0.6414351 -0.5306827
-0.5414019 -0.6883216
-0.7710518 -0.5684312
-0.8755944 -0.5734346
-0.8517286 -0.6891006
-0.9775904 -0.5631459
-1.0580156 -0.5244623
-1.0838441 -0.6054659
-1.1427734 -0.4789215
-1.2086222 -0.4115873
-1.2654699 -0.4631546
-1.3122582 -0.3713680
-1.5537057 -0.2778305
-1.6339688 -0.3031872
-2.0152538 -0.2095970
-0.8890249 -0.0670401
-1.0077300 -0.0723351
0.0000000 0.0000000
0.0000000 0.0000000
-7.7839012 0.5306084
-8.5677357 0.5219547
-11.2413692 1.0481700
-9.2697153 1.6831414
-9.6539326 1.6662240
-8.2701387 2.0589774
-8.1392536 2.5352800
-8.6710234 2.5689042
-8.1104116 3.0370400
-8.0283089 3.5989349
-8.6104383 3.6630151
-8.0471144 4.1403022
-8.2166281 4.8581681
-8.9765177 4.9915423
-8.5423117 5.5400677
-8.6624002 6.2931080
-9.0923338 6.2886848
-8.0078659 6.6665907
-6.6942697 6.5761743
-6.2779408 6.1403861
-4.8462391 6.2722273
-2.8876977 5.5654812
-2.1568699 4.7677860
-0.8042280 4.8034463
1.2407917 3.8529847
2.0873623 3.0030069
3.1882076 2.9992573
5.1406507 2.0041230
6.0092134 1.2754039
6.9039621 1.1077480
6.2758732 0.2647367
7.5849133 -0.4662256
13.6973705 -2.1289678
13.4823008 -1.7407959
14.7114744 -2.3783288
13.9276648 -4.0931497
19.9680405 -7.1531630
23.7383289 -6.4176359
31.5573158 -4.2183719
0.2250136 -1.6472831
-1.1145176 -1.2856027
5.7720551 0.6517224
5.0705013 4.2405610
2.9360137 -1.4195821
2.4234447 0.3715136
2.2061594 0.3921967
2.3969486 -0.7322450
1.6697922 -0.2073092
1.2869070 -0.3666883
1.6370482 -0.9560273
0.8804690 -0.6485263
0.5138000 -0.7306381
0.7704428 -1.1444210
0.1323667 -0.8855112
-0.1394817 -0.8978260
-0.0171865 -1.2015499
-0.4005458 -0.9602410
-0.5964651 -0.9283292
-0.5684680 -1.1480941
-0.7873592 -0.9229978
-0.9300537 -0.8577490
-0.9607626 -1.0126064
-1.0727693 -0.8148706
-1.1767539 -0.7200724
-1.2454867 -0.8248516
-1.2896206 -0.6528788
-1.3662117 -0.5363948
-1.4594650 -0.6021711
-1.4769359 -0.4756856
-1.7243361 -0.3413039
-1.8337408 -0.3747269
-2.2569485 -0.2624871
-1.1570477 -0.0827805
-1.3069416 -0.0909639
0.0000000 0.0000000
0.0000000 0.0000000
-9.3424635 0.5091220
-10.1000185 0.5000377
-12.2570457 1.0360272
-10.0478010 1.6495210
-10.4768257 1.6304389
-9.2374105 2.0608850
-9.1940403 2.6008086
-9.7413216 2.6217463
-9.1954985 3.1324036
-9.1890192 3.7229514
-9.8271999 3.7826836
-9.3440418 4.3246737
-9.7294264 5.1214275
-10.4290781 5.1955271
-9.9151897 5.7297544
-9.4057283 6.1168981
-9.3408031 5.8613510
-7.8239727 6.0060821
-5.7246933 5.4167576
-4.9722462 4.7775431
-3.5444107 4.7503161
-1.2711751 3.9389396
-0.2625060 2.9156473
0.9187788 2.9617980
2.9672806 2.0874856
3.7735403 1.2690387
4.8796425 1.3504530
6.7916813 0.5243912
7.5718651 -0.2844932
8.4769812 -0.1536401
8.8519468 -1.1203327
10.0286570 -1.7911135
14.7359467 -2.9437132
15.7432146 -2.3718426
16.8491478 -2.9823823
18.6053429 -5.9654260
22.7343903 -8.8228521
23.6414280 -8.1559820
25.4970570 -3.6362305
1.2591707 0.1316093
1.5518441 -2.6800358
3.0038445 -3.6491990
3.5970230 -2.4126637
3.3189240 -3.5040245
2.9734905 -1.9195416
2.3918960 -1.9098525
2.4492691 -2.8491476
1.9491723 -1.8563809
1.4948950 -1.8123860
1.6336699 -2.4724634
1.0331227 -1.7934988
0.6000465 -1.7362609
0.6862640 -2.2252026
0.1704448 -1.7146486
-0.1615482 -1.6137118
-0.1674286 -1.9740971
-0.4706585 -1.5638081
-0.7064613 -1.4361923
-0.7723816 -1.6939973
-0.9341593 -1.3581126
-1.1009934 -1.2127917
-1.2024149 -1.3916180
-1.2691929 -1.1204159
-1.3858260 -0.9592623
-1.5091341 -1.0777199
-1.5159092 -0.8595071
-1.5974627 -0.6864644
-1.7345564 -0.7592431
-1.7101090 -0.5998802
-1.9532298 -0.4193174
-2.0954688 -0.4567755
-2.5422707 -0.3225754
-1.4899973 -0.1037905
-1.6776944 -0.1142284
0.0000000 0.0000000
0.0000000 0.0000000
-10.8582315 0.4965982
-11.6104031 0.4953012
-13.1842995 1.0314023
-10.9126463 1.6016371
-11.3775520 1.5769894
-10.3005047 2.0452495
-10.2866344 2.6316693
-10.8507118 2.6342108
-10.3309984 3.1887693
-10.4906464 3.8386052
-11.1932173 3.8706465
-10.7519245 4.4609170
-11.0560465 5.1959982
-11.4774723 5.1422276
-10.6576271 5.4970260
-9.1333590 5.3894453
-8.5827312 4.9032683
-6.6860509 4.8610754
-4.1497536 3.9597394
-3.2308383 3.2473443
-1.7593341 3.0424292
0.5885392 2.1262343
1.4105086 1.5259054
2.5369163 1.3528160
4.5306687 0.5519689
5.3217525 -0.1291641
6.4989433 -0.3522112
8.4062195 -1.0973080
9.1344643 -1.7918924
9.7259741 -1.6128278
11.1513653 -2.8081701
12.4188919 -4.1263094
14.5124407 -2.7995288
18.6535225 -4.2578607
19.6868286 -6.4857516
26.8185310 -9.5389853
27.8204460 -10.2148876
20.3489285 -7.5385017
5.4533973 -3.6010768
4.2243891 -3.3865528
4.2603307 -4.4378362
2.8304899 -4.8882937
2.5883710 -4.3413982
3.0278621 -5.0361867
2.2605803 -4.0712423
1.8486021 -3.8219512
2.0831203 -4.5663962
1.5487561 -3.5132210
1.1724012 -3.2628181
1.2551372 -3.8972263
0.7593206 -3.0363231
0.3450335 -2.8078303
0.2867615 -3.3091414
-0.0857696 -2.6321511
-0.4342647 -2.4053049
-0.5666773 -2.7812710
-0.7588543 -2.2375002
-1.0043085 -2.0020566
-1.1729295 -2.2703035
-1.2435501 -1.8385526
-1.4142710 -1.6047212
-1.5943769 -1.7869025
-1.5889293 -1.4531348
-1.7030482 -1.2178739
-1.8872598 -1.3356243
-1.8359070 -1.0806869
-1.9131958 -0.8456312
-2.0979044 -0.9163765
-2.0208244 -0.7316182
-2.2457950 -0.5022159
-2.4223642 -0.5377722
-2.8725104 -0.3833800
-1.8986796 -0.1279575
-2.1269083 -0.1391560
0.0000000 0.0000000
0.0000000 0.0000000
-12.3671961 0.4935113
-13.1110868 0.4909892
-13.9437704 1.0158131
-11.8458576 1.5510798
-12.3352604 1.5324904
-11.4289255 2.0129697
-11.4073067 2.6374483
-11.9798927 2.6456532
-11.5183191 3.2051291
-11.9239607 3.9116311
-12.6516991 3.9656365
-12.0950918 4.5059819
-11.8029289 5.0428681
-11.8630819 4.8662028
-10.4935894 4.9624486
-7.8796010 4.2956300
-6.9654303 3.6976740
-5.0050101 3.4733384
-2.2610552 2.4787500
-1.2304558 1.8166088
0.0659107 1.4346638
2.1320262 0.7250879
2.9339163 0.2898877
4.0908937 0.1481283
6.1265454 -0.7197134
6.9479461 -1.2878916
8.1399698 -1.7410506
10.0165262 -2.2738030
11.0582829 -2.5622556
11.7664871 -4.1212044
14.0410461 -5.2238894
15.9105291 -5.0407443
16.4674397 -5.6767697
26.0168419 -11.2544041
30.3893433 -12.3634539
27.3951168 -10.0522957
14.5972042 -7.4597821
9.3197918 -7.5504913
6.8497090 -5.2858167
5.0104179 -6.0063305
5.0300226 -7.4034843
3.6525228 -6.3585391
2.4502966 -6.3733721
2.5196176 -7.5193820
1.7028434 -6.1417952
1.1385326 -5.7737532
1.1366065 -6.7297182
0.7861983 -5.2587090
0.4672130 -4.7714171
0.3061162 -5.4847078
0.1377855 -4.3180490
-0.2123417 -3.9000030
-0.4428359 -4.4045672
-0.6232095 -3.5821843
-0.9577422 -3.2122345
-1.2264953 -3.5733080
-1.2784911 -2.9310822
-1.5043854 -2.5735636
-1.7851093 -2.8252535
-1.7318070 -2.3232591
-1.8830483 -1.9919895
-2.1465063 -2.1545312
-2.0435281 -1.7816504
-2.1364908 -1.4655216
-2.3829184 -1.5650307
-2.2546163 -1.2930893
-2.3164110 -0.9936453
-2.5472901 -1.0507473
-2.4117589 -0.8548190
-2.6022580 -0.5767624
-2.8116124 -0.6040503
-3.2380049 -0.4369467
-2.3848984 -0.1519742
-2.6511698 -0.1620023
0.0000000 0.0000000
0.0000000 0.0000000
-13.8550901 0.4891150
-14.5960703 0.4842612
-14.5660286 0.9953849
-12.8335447 1.5109850
-13.3440056 1.4847158
-12.6029644 1.9656042
-12.5537052 2.6488299
-13.1512194 2.6353722
-12.7989168 3.2016554
-13.4101439 4.0150237
-14.0535889 3.9840310
-13.0875130 4.4466844
-11.6707392 4.5021753
-11.2089787 3.9597068
-9.4777794 4.1555157
-5.9616394 3.0093091
-4.9854603 2.3191667
-3.1978040 2.1444759
-0.2933716 1.1543205
0.6132511 0.6256595
1.2368981 0.5041670
3.7134426 -0.3723266
4.6873441 -1.0280203
5.7636828 -1.1272465
7.6356201 -2.0687935
8.3413706 -2.8840649
9.4511166 -2.4531002
11.5827284 -3.2761292
12.5838633 -5.0547175
14.1384306 -5.2585316
17.0466728 -5.3421884
19.2146072 -7.4982839
28.5069485 -15.0633602
31.5471001 -17.1086464
29.8409691 -14.7387018
17.0522671 -9.6676674
8.6080561 -7.9709044
10.0991287 -8.3926983
7.7720757 -7.8572040
5.6202044 -8.4727554
5.6394825 -9.2511063
3.9871671 -8.5396109
2.3227429 -8.6639853
1.9078101 -9.6035089
1.1065444 -8.3946648
0.1472486 -8.0051289
-0.3519743 -8.9949150
-0.4182919 -7.2476315
-0.7645180 -6.5206814
-1.4122016 -7.3810802
-0.9472641 -5.7253036
-1.1424099 -5.0370650
-1.6414829 -5.5672197
-1.4626912 -4.5339727
-1.7422389 -3.9854159
-2.1639194 -4.3073816
-2.0454807 -3.5913930
-2.2193906 -3.0965424
-2.6114583 -3.3020360
-2.4089363 -2.7623501
-2.5104787 -2.3254373
-2.8594820 -2.4399190
-2.6318882 -2.0684490
-2.6831846 -1.6656271
-2.9891715 -1.7283797
-2.7666028 -1.4689205
-2.8000515 -1.1068568
-3.0706372 -1.1380384
-2.8756480 -0.9502392
-3.0167341 -0.6291642
-3.2537227 -0.6409914
-3.6176136 -0.4746503
-2.9388790 -0.1713713
-3.2347209 -0.1781245
0.0000000 0.0000000
0.0000000 0.0000000
-15.3157635 0.4836008
-16.0563354 0.4743109
-15.0552073 0.9633742
-13.8599224 1.4529518
-14.3947706 1.4148539
-13.7616091 1.8817054
-13.7551994 2.6186855
-14.3979225 2.6055205
-14.1704226 3.0903726
-14.6471558 3.9245882
-15.0085211 3.7749307
-13.0451832 3.8762836
-10.5187569 3.2866974
-9.7351017 2.7729278
-8.0655746 2.9512358
-3.9947212 1.5950564
-3.0177515 0.9378104
-1.7533373 1.0958827
1.3288012 0.0400531
2.1356182 -0.5658693
2.6014926 -0.4731554
5.6997838 -1.5410994
6.5890889 -2.0724363
7.6089087 -2.7390974
9.4087162 -3.2869282
10.3281832 -3.3953469
11.4635105 -3.8866475
14.1675901 -5.6808491
15.1044483 -5.4337273
16.4916515 -5.6819296
29.0480728 -12.2449322
34.5591507 -15.3932152
29.8979435 -10.5986290
25.0938454 -9.6028700
18.3446655 -10.6745863
11.8433380 -8.8015566
10.0263128 -8.8705006
10.7084532 -8.4983473
8.1818867 -9.2167063
6.1492648 -9.5406437
6.3761735 -9.3894157
4.3703599 -9.7233047
2.4397793 -9.8217754
1.8251147 -9.7856789
0.7482347 -9.8128929
-0.7680027 -9.6715879
-1.2500424 -10.0416098
-1.9037063 -9.0378599
-2.5908837 -8.3558378
-3.5699534 -9.0924749
-2.7082174 -7.2264433
-2.6521063 -6.2605658
-3.5756896 -6.8865027
-2.6908207 -5.4351206
-2.8207130 -4.6562109
-3.4564071 -4.9314704
-3.0656412 -4.1379895
-3.1554942 -3.5162246
-3.6625440 -3.6337490
-3.2714040 -3.1031120
-3.2874229 -2.5478623
-3.7105846 -2.5861721
-3.3401117 -2.2699509
-3.3282449 -1.7786533
-3.6793506 -1.7847142
-3.3555834 -1.5771561
-3.3459680 -1.1595042
-3.6424849 -1.1528579
-3.3933463 -0.9969051
-3.4761589 -0.6459671
-3.7297275 -0.6367473
-3.9804411 -0.4879212
-3.5392001 -0.1825852
-3.8476367 -0.1834417
0.0000000 0.0000000
0.0000000 0.0000000
-16.7258358 0.4647930
-17.4445171 0.4442303
-15.4032993 0.8985327
-14.9227562 1.3959455
-15.4874611 1.3363202
-14.8768053 1.7706250
-15.0283012 2.6650403
-15.7289343 2.6647999
-15.4011221 2.8541427
-15.0797558 3.5963368
-14.9318933 3.2249808
-12.1146984 3.3003032
-8.9771748 2.1905110
-8.1328840 1.5682797
-6.2266455 1.8128934
-2.1095147 0.2159913
-1.3148700 -0.3766017
-0.6056579 0.3705240
2.9518750 -1.2420217
3.5448124 -1.7541704
4.3157887 -1.3947176
7.1727419 -2.4534266
7.3926024 -2.8255923
8.9646225 -3.1471732
10.9931211 -3.7208891
11.5289135 -4.1150651
13.3459797 -4.6126118
15.8726482 -4.7641006
17.6454105 -5.0600944
30.5795689 -15.0151901
35.4965134 -17.1747589
36.5053101 -15.1169186
23.8125343 -11.3568201
14.5720997 -8.9130735
15.1787806 -7.9242554
13.5745487 -7.9182930
11.0756893 -8.4526386
11.0587997 -8.1355667
9.0163555 -8.7883034
6.5771308 -8.8552017
6.7945981 -8.1357899
4.6832719 -9.0081110
2.8161273 -9.2368813
2.3310494 -8.3151760
1.0127262 -9.4859791
-0.8353353 -9.6182919
-1.1825342 -8.7139902
-2.7289565 -9.4628067
-4.2372432 -9.2138195
-4.7586293 -8.8345070
-4.8925962 -8.2360067
-4.8490076 -7.4071021
-6.1368465 -7.5902767
-4.4303703 -6.2207298
-4.2922397 -5.2373171
-5.1806455 -5.4430070
-4.3947539 -4.4451528
-4.3135886 -3.7263360
-4.9116774 -3.6925707
-4.2909007 -3.2806432
-4.1878586 -2.5978329
-4.6683955 -2.5268738
-4.1345296 -2.3385251
-4.0401974 -1.7654084
-4.4168353 -1.6964381
-3.9895525 -1.5834938
-3.9238334 -1.1276861
-4.2277637 -1.0720422
-3.9280691 -0.9751571
-3.9557328 -0.6151207
-4.2116780 -0.5790014
-4.2943387 -0.4670709
-4.1508141 -0.1807639
-4.4474778 -0.1730810
0.0000000 0.0000000
0.0000000 0.0000000
-18.0164509 0.4159915
-18.6709957 0.3766515
-15.6710100 0.7975473
-16.0010872 1.2439688
-16.5499821 1.1096425
-16.0677738 1.5842716
-16.3255024 2.5890305
-16.9263649 2.3158827
-15.9827948 2.0443623
-14.4361868 2.5606754
-13.6908751 1.7742770
-10.7482519 2.1128354
-7.2803464 0.7759126
-6.6205206 -0.0903505
-4.1594028 0.7080446
-0.5461803 -1.1269065
-0.1754005 -1.6519860
0.9203820 -0.8553957
4.4207244 -2.2202821
4.9248214 -2.5765913
5.6092792 -2.4385052
8.0719223 -2.6691906
8.0452900 -2.5410182
10.0939779 -2.8470228
12.6000767 -3.5654137
13.1059704 -2.5367639
15.4494209 -3.5380018
26.0907555 -9.6853838
34.7080383 -16.4424343
35.5846481 -10.8721895
33.1782799 -10.3997393
23.6050167 -10.2659483
17.0532227 -8.6310253
15.1524734 -7.3987594
15.0074635 -7.1448541
13.1319323 -7.4697013
10.8382111 -7.3593807
10.8025150 -6.2045116
8.9006348 -7.1259904
6.8769221 -7.0683465
6.7554088 -5.7750683
4.7821536 -7.0519767
3.0476084 -7.1155858
3.0854111 -5.8499646
1.2635686 -7.2990823
-0.7016798 -7.3981533
-0.8173725 -6.0049224
-2.5604155 -7.6702600
-4.3617086 -7.9383016
-4.2308383 -6.9592557
-6.1265869 -7.7274671
-6.9695368 -7.4452615
-7.7149186 -7.1812792
-6.6057367 -6.1422377
-6.2620950 -5.5289273
-7.3790450 -5.6329331
-5.9401503 -4.4363189
-5.6092448 -3.6113808
-6.2943921 -3.3545496
-5.4036989 -3.2222621
-5.1545925 -2.4049528
-5.6652203 -2.1967735
-4.9574461 -2.2206171
-4.7686343 -1.5875676
-5.1392250 -1.4272743
-4.6237073 -1.4524570
-4.4915366 -0.9881218
-4.7742329 -0.8736701
-4.4326911 -0.8641309
-4.4193749 -0.5252095
-4.6536198 -0.4594194
-4.5329652 -0.4044952
-4.7203460 -0.1580203
-4.9801631 -0.1389136
0.0000000 0.0000000
0.0000000 0.0000000
-19.0932961 0.3241138
-19.6074924 0.2545787
-15.8265772 0.5987599
-16.9318848 0.9506325
-17.3234978 0.7983657
-16.9850006 1.1732087
-17.3359241 1.8945541
-17.4885998 1.5091003
-15.6231413 1.0515348
-12.7746820 1.0012909
-11.9356346 0.2897477
-8.7808170 -0.4483607
-5.8146863 -0.9162605
-5.1013069 -1.6920589
-2.6495914 -0.4929062
0.4150594 -2.3914518
0.9068088 -3.3219314
2.3022439 -1.9330759
5.0486221 -3.2420368
5.3036737 -3.8298779
5.9552073 -3.2031133
7.6974287 -3.1612792
7.3187752 -3.9386437
9.3383312 -3.3163645
14.9859209 -2.8162460
18.3864594 -5.6595106
30.6064434 -13.4876862
36.4220581 -16.7479496
37.7899132 -13.6761427
29.1677170 -11.4193878
22.8282738 -10.0177708
19.4389076 -9.5024376
16.1693859 -7.6817107
14.1348095 -6.6787934
12.9097595 -6.0350633
12.3747349 -6.0497193
10.3962917 -5.2377472
9.6807194 -4.2043619
8.3173351 -4.9048343
6.5012670 -4.4526825
6.1337194 -3.1976397
4.7505445 -4.4606242
3.1313446 -4.2222137
3.1589379 -2.8555973
1.4510289 -4.4330478
-0.2339537 -4.6443009
0.1241974 -3.2827952
-1.8967267 -5.1614051
-3.5611060 -5.4696646
-3.3942151 -3.7859480
-5.8917408 -5.8569360
-7.7754970 -6.1279087
-7.7287555 -4.9882855
-8.2464838 -4.6754398
-8.5133076 -5.4763384
-9.7435884 -4.7912712
-7.6405210 -4.0080090
-6.9578729 -3.0855224
-7.6087356 -2.7262607
-6.5322351 -2.8361015
-6.1075511 -1.9147879
-6.5445614 -1.5670767
-5.7494216 -1.8497142
-5.4508052 -1.2106452
-5.7683654 -0.9449092
-5.1930728 -1.1436820
-4.9926438 -0.7217554
-5.2173686 -0.5386255
-4.8453364 -0.6445469
-4.8171029 -0.3720345
-4.9850750 -0.2674720
-4.6911168 -0.2897724
-5.1847501 -0.1073370
-5.3598242 -0.0801939
0.0000000 0.0000000
0.0000000 0.0000000
-19.8004818 0.1976360
-20.1598930 0.0989892
-16.0737038 0.3351462
-17.5521412 0.7082431
-17.8621025 0.4930582
-17.6219788 0.6765757
-17.3356647 1.1061093
-16.9475060 0.4972184
-14.2183475 -0.0276660
-11.0119705 -0.2362638
-10.4274588 -1.2424624
-7.0523911 -1.8481263
-4.1798224 -2.3787394
-3.4252098 -3.3203561
-1.3270763 -2.5768485
1.3294948 -3.4312286
1.8650290 -4.3440065
3.5502801 -3.5948310
5.5220132 -4.4980750
5.9182425 -5.1071396
6.8079138 -4.3887420
7.7284498 -5.5491009
9.0886374 -6.6251078
11.5729933 -7.2117796
25.7308388 -11.7477283
28.8162403 -10.5413589
33.3296280 -10.1982927
34.8931656 -9.0299845
33.1983490 -8.9969177
26.3111210 -9.0289726
17.5876160 -7.7634764
16.0937634 -5.5690680
13.3487425 -5.3048997
11.9303017 -4.8518858
10.9598722 -3.6002221
10.8532982 -3.8327348
9.1133928 -2.9565363
8.4223766 -1.7248139
7.3676157 -2.3969362
5.8165426 -1.8750272
5.4373684 -0.5936564
4.3660831 -1.7593242
3.1898029 -1.4244289
3.2998893 -0.0429328
1.6661277 -1.5441576
0.3412829 -1.7700691
0.5934347 -0.5548515
-1.2385061 -2.1600587
-3.1496222 -2.2266877
-2.8754053 -0.8257287
-4.8431935 -2.6645448
-7.0280271 -3.5946822
-6.4090128 -2.3644063
-8.3235092 -2.1578999
-10.2096395 -3.6620648
-10.5217848 -2.6005721
-9.4034071 -2.6993306
-8.3061457 -2.1485705
-8.8938351 -1.3537951
-7.4779119 -1.9952959
-6.9045019 -1.1278734
-7.2738028 -0.6087183
-6.4006047 -1.1770116
-5.9878302 -0.6092550
-6.2204533 -0.2326546
-5.6261053 -0.6290201
-5.3536553 -0.3040034
-5.4917259 -0.0472796
-5.1091094 -0.2964341
-5.0750127 -0.1384162
-5.1346912 0.0015195
-4.7652426 -0.1138509
-5.4664822 -0.0414049
-5.5103335 -0.0072182
0.0000000 0.0000000
0.0000000 0.0000000
-20.0286579 0.0338686
-20.1583900 -0.0975138
-16.3900795 -0.0883074
-17.9004898 0.2134036
-17.9895973 -0.3032784
-17.8314686 -0.0305343
-16.2574081 -0.2839801
-15.1914682 -1.3477360
-11.8678265 -2.0712986
-9.1965914 -2.4703128
-8.2267437 -3.7260165
-5.7629294 -2.9942365
-2.8356397 -4.1427789
-2.4028561 -4.8462777
-0.1910466 -4.5502133
2.2100658 -4.9497094
2.5512388 -5.6961789
4.3746595 -5.1253991
6.1752052 -5.4700847
6.2792201 -6.1014977
8.2448044 -5.7418494
10.7475843 -6.6159058
11.4921045 -6.7416143
15.7278032 -7.7725081
23.6902180 -9.6806345
29.1352310 -10.5369253
32.8536034 -8.8162785
32.8997498 -6.3425980
29.1431313 -4.9462538
23.5973167 -5.4134827
15.1115332 -4.2800050
13.7889528 -2.3868947
11.2600994 -2.5997519
9.7438545 -2.3046455
8.6751776 -0.6346529
9.2681103 -1.2676817
7.7119236 -0.4003169
6.9537010 0.9013597
6.2339497 0.2139013
5.0220075 0.7823370
4.5116467 2.1459951
3.7353415 0.6420261
3.3255672 1.3087559
3.4765110 2.7295249
2.0193534 1.2685952
0.4560499 1.0801919
0.8495392 2.7192419
-0.8893037 0.8954068
-2.4020333 0.6340871
-2.0115147 2.2019866
-3.8496387 0.1447477
-5.8903160 -0.7215753
-5.4302411 1.5074435
-8.1255655 0.2124361
-10.4431467 -1.2005895
-10.1501799 0.3761838
-10.6155386 -0.7513952
-9.1829433 -0.4946248
-9.4218016 0.3168210
-8.1387825 -0.5598269
-7.4311719 -0.0308003
-7.5694981 0.5551840
-6.8361630 -0.1566891
-6.3006263 0.2049348
-6.3730745 0.6474842
-5.8532472 0.1015739
-5.4963112 0.2715725
-5.4888816 0.5829344
-5.1726213 0.1807633
-5.1013966 0.1842669
-5.0276227 0.3582104
-4.7207599 0.1268452
-5.4845672 0.0371571
-5.3914037 0.0771901
0.0000000 0.0000000
0.0000000 0.0000000
-19.5638542 -0.2349266
-18.9294205 -0.4569450
-16.4269943 -1.0082736
-17.6134090 -0.8487726
-17.3284988 -1.7841761
-16.9125938 -1.5288283
-14.1319056 -2.3832011
-12.7340698 -3.6541338
-9.7637730 -4.0756803
-7.3864093 -4.7837825
-6.5550866 -5.7819910
-4.6797314 -5.1540027
-1.9438790 -5.8061962
-2.2532027 -6.6466889
0.8691306 -6.0146551
3.0482073 -6.5526943
3.1591315 -7.3233404
4.5711913 -6.4759307
6.5349793 -6.7020464
6.6982303 -7.3193951
8.2925701 -6.9211721
12.7061529 -7.0300245
13.0451717 -7.3878713
20.1272240 -7.2211480
24.0282269 -7.9876208
26.0299835 -7.6075320
28.3686638 -6.7590241
28.2118301 -5.8771005
26.6527576 -5.9587460
20.6772995 -4.4642978
12.7703009 -0.4849008
12.2976799 0.3259043
8.6079082 0.1924780
8.0559778 1.1757712
7.5987973 2.5985620
7.5512724 1.5370586
6.3387647 2.4342201
5.7968750 3.7294290
5.1094108 3.0543399
3.9407828 3.6244893
3.5345743 4.8130035
3.0807884 3.6848936
3.1253245 4.0860205
2.9547491 5.3012257
2.2659936 4.0548005
0.6625542 4.1242795
1.1562078 5.3895407
-0.4403576 4.0572143
-2.1327608 3.8265841
-1.8430285 5.8400702
-3.5096869 3.9662519
-5.2047300 3.8275261
-4.9978547 5.7043958
-6.5931835 3.6961255
-9.4385500 2.2558184
-8.2664080 4.0567832
-10.7290268 1.8812633
-9.3156719 1.2995266
-9.2367210 2.2837560
-8.2120695 1.0766798
-7.5716691 1.2957896
-7.6463704 2.2466326
-6.9393010 1.0833892
-6.3315592 1.2194746
-6.3268747 1.8801450
-5.7796826 1.0017502
-5.3631682 0.9850291
-5.1755090 1.4035983
-4.9571033 0.7678721
-4.8639283 0.5843667
-4.5799026 0.8121672
-4.4393692 0.4155859
-5.2145629 0.1311485
-4.9285121 0.1855116
0.0000000 0.0000000
0.0000000 0.0000000
-17.6942768 -0.9617158
-14.9000816 -1.4710811
-15.7797489 -2.8869069
-16.5328979 -3.2397335
-14.7879524 -5.2725844
-15.1551237 -5.2056527
-11.5858269 -5.2553115
-11.6887703 -6.7915921
-8.0501070 -5.8055568
-6.0750780 -6.9348664
-6.0352988 -7.9122009
-3.4387770 -7.0414042
-1.0163808 -7.4845018
-1.1782618 -8.9424171
1.3601341 -7.6205192
3.1901398 -8.0811815
2.6864464 -9.0032721
4.8338675 -7.8647656
6.4888563 -7.8149781
6.0806971 -7.7059817
8.2314205 -7.4020629
12.3931427 -7.9588265
13.0432539 -7.7154188
20.4304199 -7.4239492
25.4975548 -5.6446905
25.0330448 -5.2499661
23.8066654 -2.5759783
21.8901825 -0.7144520
19.9482708 -1.2853285
16.4215488 -1.1892587
9.3470211 1.7536552
7.2175469 2.6629016
7.3844571 2.5329933
6.9305534 3.6564100
6.2768497 4.4056740
6.0975480 4.0449381
5.0256433 4.9568486
4.4357023 6.0740824
4.0882201 5.7046614
3.1722434 5.7970538
3.1687438 6.7720542
2.8849096 5.9764781
2.7013268 6.2144237
2.3317466 7.4972467
1.9244844 6.4039507
0.8323797 6.8469520
0.2780384 8.2970009
-0.5962602 6.9484172
-2.0969398 6.6274204
-2.1006267 7.3691688
-3.5471885 6.6294012
-4.6669345 6.8321390
-4.0301833 7.9834247
-5.4037008 6.3141222
-7.1585159 5.7960653
-6.5799661 8.0333719
-9.3164606 5.7658696
-8.8343887 4.2046003
-7.9584570 7.0487309
-7.9569154 3.7267275
-7.3152652 3.8732088
-6.6178417 6.0942492
-6.7465911 3.3533552
-5.9619684 3.0554838
-5.2271218 4.5412107
-5.3137021 2.4982913
-4.8278375 2.0830972
-4.1918020 2.9279106
-4.3662424 1.6185457
-4.2621303 1.1471815
-3.7018695 1.5898747
-3.8202045 0.7866140
-4.5687146 0.2715864
-4.0175076 0.4032204
0.0000000 0.0000000
0.0000000 0.0000000
-12.5304470 -2.4247632
-7.6269832 -2.7747459
-12.4587660 -5.7467318
-13.7155113 -8.9357519
-10.9519081 -10.1612148
-13.8833323 -9.7227097
-10.1319828 -11.0200071
-9.8975868 -13.5677328
-7.8905191 -10.3264170
-5.0227056 -10.4093380
-6.3723731 -14.5012608
-2.7378788 -10.7587490
-0.5919868 -10.4124756
-1.0239135 -12.7331018
1.2040789 -9.7800474
2.4686787 -9.5034742
1.8756218 -10.9843254
3.9722807 -8.4972172
5.0021071 -8.7464437
5.4762592 -9.2520189
8.4113379 -7.7368760
13.4280882 -8.6143045
14.2924042 -9.4595413
17.5759945 -9.2867737
19.7448883 -8.9680138
19.7287292 -9.0381565
23.5824165 -8.5167828
19.3077374 -3.1719790
12.9452953 1.3778906
9.8662987 1.6255833
6.4306226 3.3151116
4.4298291 3.4023042
6.0302525 4.1813955
5.2824650 5.2683363
4.1913943 5.9969330
4.4100819 5.8156443
3.7120557 7.1488338
2.9481883 8.3419895
3.2073410 7.8844509
2.5847428 8.1174269
2.3647523 9.7686529
2.2154479 8.7739573
1.6809592 9.3352375
1.8039376 11.1587334
1.0506253 9.7147160
0.4094064 10.2423630
0.7053468 12.5107536
-0.6196334 11.2021637
-3.0778022 12.4549522
-2.7612293 15.5341587
-3.9891589 11.8614874
-4.1351333 11.7253485
-4.6124792 15.7839327
-5.3104310 11.5569620
-6.7342257 11.2855244
-8.0301857 15.4930992
-7.3479605 11.7739725
-7.3779173 11.0365248
-7.2163215 14.4078655
-6.8262334 9.7371159
-5.9244118 8.8176184
-4.2611551 11.0403070
-4.9893403 7.2869940
-4.3293552 6.0583029
-2.4436243 7.4298182
-3.7543273 4.7792473
-3.4303126 3.7316060
-2.0302687 4.6757360
-3.1566567 2.8412657
-3.0649188 2.0605075
-2.0453165 2.5788481
-2.7785413 1.3339176
-3.3329911 0.5184214
-2.3247290 0.6375084
0.0000000 0.0000000
0.0000000 0.0000000
-3.7391238 -2.3678312
-1.6093427 -1.1000986
-4.8465452 -5.8770914
-8.6304913 -10.2077513
-4.7504988 -7.1115599
-9.5542994 -15.1727362
-7.2097745 -16.0880966
-6.0265527 -17.1544800
-8.7582731 -15.9196987
-6.4759698 -16.9341412
-2.3387749 -18.9415817
-5.0487719 -17.3767033
-3.4843163 -15.2181921
0.2547444 -17.5927238
-1.6751491 -13.9226713
-0.3250445 -13.3872662
2.8311639 -16.3124599
2.4188654 -12.4620171
3.8266397 -13.1007471
5.5503411 -14.3090525
7.5931673 -11.4268503
13.7614527 -11.1371479
9.7635221 -12.2244492
16.7603321 -6.9786711
15.0664368 -1.0179415
12.0934401 -2.9752066
13.1621971 0.4762382
11.9654169 2.2781880
9.3716183 3.9657114
6.5827131 5.3472519
3.3365753 7.7066507
3.8207190 8.8461151
2.8735929 9.1677265
3.0380518 9.4852219
1.1737880 11.3644485
2.6195338 10.4883108
2.0088530 11.5904474
1.2671984 14.1146975
1.8491741 12.5287704
1.2430326 13.1169567
0.0740170 15.3247862
0.8825071 14.1081600
0.1045060 15.0331974
0.4131247 17.1437359
-0.7654323 15.8546982
-1.7771807 16.5769844
-0.9785494 17.6937618
-2.6591647 16.3595371
-3.6828535 16.3964176
-1.3414485 17.8877506
-4.2878194 16.7064533
-4.5092063 17.3474598
-3.5243847 20.7542133
-5.8185983 17.8286381
-6.9903197 19.0587349
-4.0321984 17.1292572
-6.3966646 17.4550915
-4.9834242 15.1234694
-2.0191345 9.9435081
-3.2678788 12.8550940
-2.1203048 10.2700500
-0.8864022 6.2318492
-1.3494496 8.3118496
-1.0411199 6.7785797
-0.5775849 4.6632247
-1.0557650 5.3808088
-1.0703640 4.4138203
-0.5824273 3.4476092
-1.1734360 3.2944221
-1.1796117 2.5580420
-0.6256495 2.2490609
-1.1397164 1.4700567
-1.0907203 0.6234932
-0.6806136 0.2845635
0.0000000 0.0000000
0.0000000 0.0000000
0.9421023 -0.2801591
0.0000000 0.0000000
0.6046631 -0.4161334
-0.9234948 -1.8310465
0.0000000 0.0000000
-2.4306233 -2.4136374
-4.2577419 -6.6686645
0.0000000 0.0000000
-3.8107800 -13.6666842
-3.1493564 -15.7874537
0.0000000 0.0000000
-3.7825596 -21.9314957
-2.7454753 -25.6147976
0.0000000 0.0000000
-1.1159589 -25.3190517
-1.6563399 -29.3083763
0.0000000 0.0000000
1.6684227 -25.4305687
1.2145777 -26.3192749
0.0000000 0.0000000
2.7677445 -19.9692497
6.0938931 -12.3402100
0.0000000 0.0000000
4.5153904 -11.3284616
6.7943354 0.7929056
0.0000000 0.0000000
1.5764086 9.5700684
1.6688784 15.2764854
0.0000000 0.0000000
2.6780941 16.0991917
1.1692196 20.0197639
0.0000000 0.0000000
-0.3816791 23.4006615
0.3818130 22.7864971
0.0000000 0.0000000
1.3662859 22.6286049
0.2983540 23.6739864
0.0000000 0.0000000
-1.3672904 26.4563427
1.0289634 26.2700500
0.0000000 0.0000000
1.0426549 22.5631237
-1.2805034 25.6403160
0.0000000 0.0000000
-1.9806229 25.4754944
-0.3990264 24.1460972
0.0000000 0.0000000
-0.8766466 20.3846169
-3.5239971 21.2122307
0.0000000 0.0000000
-3.5626154 16.3322620
-3.3146873 12.2515192
0.0000000 0.0000000
-2.0144582 7.8324780
-1.2649152 4.6350422
0.0000000 0.0000000
-0.6710995 2.8314853
-0.2412642 1.4121468
0.0000000 0.0000000
0.0568842 1.2051085
0.1613698 0.8040276
0.0000000 0.0000000
0.2762626 0.9739766
0.1921177 1.0846717
0.0000000 0.0000000
0.1295813 1.0305359
0.0460587 1.1697118
0.0000000 0.0000000
-0.0781400 0.8654781
0.0081544 0.9175322
0.0000000 0.0000000
-0.2259786 0.3923327
1.0815415 1.2677726
0.0000000 0.0000000
0.0000000 0.0000000
9.900002
10.80683
12.94608
13.30115
9.852935
5.679714
0.8599382
-4.908939
-13.44787
-28.0285
-57.19191
-119.7677
-208.3339
-4.117044
-58.12496
-12.71782
-4.785744
2.91579
6.997421
9.050612
10.0431
10.4851
10.70499
10.80068
10.75378
10.73991
10.06632
10.11797
12.01389
12.13967
8.918142
5.132386
0.8318453
-4.53353
-12.37337
-25.25969
-50.50882
-124.6381
-159.5723
5.460297
-72.955
-16.68952
-5.152583
3.044504
7.191355
9.168381
10.09035
10.48181
10.6386
10.71355
10.6358
10.62007
8.396893
8.39865
9.632078
9.023483
6.711745
4.06652
0.5549069
-3.918328
-9.958467
-18.56641
-30.48243
-49.1852
-92.74342
-29.288
-95.67603
-38.43534
-6.036141
3.616761
7.796569
9.565331
10.26358
10.48215
10.4861
10.45822
10.35046
10.33867
6.954208
6.984758
7.162685
6.213786
4.55142
2.570061
-0.221728
-3.452967
-7.120597
-11.28477
-17.57364
-39.58701
-2.752516
30.59312
-75.03635
-35.07945
-3.485303
6.038542
9.290671
10.3681
10.58505
10.48584
10.28087
10.11047
9.978824
9.94498
5.533963
5.631005
4.672892
3.620422
2.14983
0.4661836
-1.589043
-3.482077
-4.625966
-4.069144
0.02566731
22.7223
25.21707
67.29012
-21.84292
4.097187
8.855523
11.11445
11.64665
11.47086
10.98498
10.45683
9.994139
9.6544
9.462607
9.403837
3.798304
3.783426
1.840296
0.7094331
-0.8240427
-2.388595
-3.889808
-4.707384
-3.948722
-0.06904396
7.923096
26.98415
23.62678
35.97143
45.0595
18.54323
17.35724
15.98597
14.07998
12.54612
11.29594
10.30461
9.56354
9.04837
8.768339
8.679542
1.149645
0.9475274
-1.63777
-2.932288
-4.673924
-6.330828
-7.683828
-8.167859
-6.636368
-1.376123
7.86404
24.32229
29.60337
47.23769
39.6303
28.19511
22.2021
18.68494
15.64273
13.18174
11.30583
9.907659
8.911432
8.237737
7.863671
7.741832
-2.700557
-3.136393
-6.01186
-7.613095
-9.75704
-11.86795
-13.78562
-15.13054
-14.25936
-9.245237
-1.284486
7.594469
3.398811
34.20795
34.04528
28.34604
24.63473
19.8166
16.16573
13.15309
10.84741
9.15181
7.9623
7.169724
6.717592
6.563647
-7.811212
-8.45315
-11.43851
-13.55199
-16.39232
-19.52108
-23.24561
-26.95841
-27.4166
-22.58001
-14.34694
-5.042479
-8.529955
-30.54571
17.2441
21.23531
24.43584
19.70754
15.61875
12.3117
9.788429
7.938464
6.649653
5.798691
5.303775
5.124089
-14.03778
-14.83296
-17.93603
-20.81087
-24.71182
-29.66311
-36.64353
-42.67577
-43.41989
-38.02453
-28.42573
-15.69121
3.563864
42.42947
45.81103
23.00804
21.77929
17.76861
13.865
10.56256
8.029688
6.187579
4.919318
4.091554
3.60521
3.412104
-21.11126
-22.0284
-25.38644
-29.2331
-34.53141
-42.03211
-51.85715
-58.38019
-58.66292
-52.73842
-42.2945
-29.40563
-6.173579
28.02086
21.81218
21.80365
18.09471
14.22236
10.68315
7.719416
5.4519
3.824486
2.728018
2.026205
1.616583
1.42688
-28.83417
-29.81867
-33.50881
-38.4309
-45.33132
-55.53832
-66.01988
-71.30868
-70.49011
-64.59955
-53.66384
-42.57645
-24.11572
30.89158
16.33164
14.50628
11.46954
8.528645
5.880532
3.630274
1.949652
0.7893004
0.05143546
-0.4006587
-0.6537051
-0.8177167
-36.86925
-38.01403
-41.97287
-47.92093
-56.42999
-68.63533
-78.08902
-81.17625
-79.34135
-73.84977
-64.96018
-50.12084
-20.79033
8.459059
6.630341
4.201385
2.146894
0.5997274
-0.7562831
-1.841341
-2.555599
-2.946474
-3.105274
-3.163582
-3.173905
-3.285051
-44.60532
-45.8795
-50.19546
-57.18199
-67.34461
-80.37513
-87.4917
-88.58075
-86.19088
-81.2119
-79.13949
-64.04301
-35.1444
-13.62028
-11.43881
-11.20106
-10.55838
-10.10103
-9.564811
-8.846982
-8.11613
-7.355859
-6.68054
-6.188072
-5.873861
-5.901158
-51.45389
-52.94441
-57.77217
-65.79687
-77.59479
-90.47287
-95.16785
-94.5263
-90.94697
-82.83128
-74.77778
-66.96873
-43.12417
-39.72902
-38.72602
-35.99343
-29.91876
-24.72581
-20.92061
-17.46705
-14.69481
-12.32473
-10.53334
-9.327401
-8.62025
-8.535326
-56.75216
-58.61036
-64.20102
-73.64466
-86.90773
-97.14902
-100.5425
-99.33821
-95.44304
-89.67738
-87.03576
-84.45637
-72.50106
-76.02014
-75.02033
-70.83243
-59.00212
-44.38771
-34.89532
-27.79443
-22.07493
-17.57433
-14.39573
-12.33618
-11.1832
-10.95751
-59.26668
-61.76618
-68.65567
-80.06938
-95.66624
-102.5709
-103.7335
-101.7323
-96.72484
-85.53008
-91.48669
-105.5935
-108.313
-111.1146
-111.31
-106.4804
-94.83935
-71.82961
-51.04907
-39.51581
-29.76318
-22.64251
-17.85777
-14.84948
-13.22806
-12.81487
-57.38483
-60.88984
-69.59362
-85.27984
-101.5752
-105.3174
-103.6219
-103.1162
-107.3807
-102.4332
-116.0794
-115.9761
-124.4967
-133.3762
-136.7771
-133.0831
-122.2042
-100.4601
-70.54332
-51.87697
-36.94868
-26.86966
-20.34687
-16.36324
-14.30168
-13.69587
-48.75517
-52.90232
-64.20378
-82.9625
-97.92218
-100.6231
-96.31015
-91.82102
-100.9664
-108.445
-136.1309
-132.7665
-135.669
-142.6833
-147.1749
-146.8001
-140.1355
-125.5888
-92.9265
-62.56551
-42.13679
-29.31033
-21.13875
-16.24603
-13.76703
-13.06741
-31.0021
-35.79427
-52.60879
-75.72537
-88.69218
-90.59232
-82.28244
-71.91902
-56.68695
-71.46215
-111.7072
-123.3367
-129.899
-139.231
-145.9651
-149.9436
-148.0181
-134.9994
-109.0203
-71.48274
-44.68413
-29.13205
-19.54514
-13.97417
-11.13728
-10.44056
-1.593823
-8.627113
-33.59431
-64.61057
-74.61692
-74.04086
-63.10497
-50.24102
-33.43764
-39.35968
-86.22399
-104.8054
-113.3852
-125.7426
-135.4062
-145.8456
-147.7676
-140.2068
-116.9354
-74.94535
-42.69898
-25.10009
-14.82746
-9.344846
-6.679574
-6.032652
44.60232
32.2883
-7.40168
-44.12124
-55.14063
-51.63746
-36.48191
-21.16415
-9.428836
-11.25889
-32.15408
-56.90447
-81.5446
-102.8391
-117.2166
-132.4336
-140.5894
-133.4636
-114.2979
-71.11439
-35.99757
-17.51819
-7.306819
-2.633167
-0.6124937
-0.1637041
109.9881
93.63152
26.99917
-24.88926
-31.58727
-25.29855
-2.193621
17.40388
39.4676
46.43495
16.6265
-14.36242
-46.69948
-77.35188
-98.97922
-116.9016
-131.0426
-121.0927
-102.208
-59.80402
-21.5777
-4.480807
2.243864
4.574746
5.698002
6.086924
159.708
153.2038
89.62361
7.760955
-0.5459165
7.319698
32.37961
62.34817
110.0641
116.5899
72.14031
24.2208
-14.05641
-55.15891
-81.29375
-101.7598
-112.0699
-107.7883
-98.63557
-54.28238
-14.6858
3.01659
8.314515
9.681323
10.24597
10.98855
160.8992
149.2393
131.0103
75.93212
54.14097
47.36034
65.74888
141.0638
230.7091
221.2607
135.2192
41.45864
10.23891
-40.02178
-69.20881
-81.64365
-84.95071
-75.55128
-55.2262
-39.16181
-20.93504
-4.173691
5.003547
8.737062
9.888738
10.06556
150.0807
142.645
136.0617
88.20052
93.3524
59.11413
120.2791
305.3065
458.7989
365.2256
201.8152
84.81271
4.766282
-20.59412
-83.14122
-66.08973
-63.61716
-55.47667
-51.85949
-38.52583
-22.09892
-6.628809
3.283959
7.940211
8.754203
0
