0.0000000 0.0000000
0.0000000 0.0000000
0.0000000 0.0000000
0.0000000 0.0000000
0.0000000 0.0000000
0.0000000 0.0000000
0.0000000 0.0000000
0.0000000 0.0000000
0.0000000 0.0000000
0.0000000 0.0000000
0.0000000 0.0000000
0.0000000 0.0000000
0.0000000 0.0000000
0.0000000 0.0000000
0.0000000 0.0000000
0.0000000 0.0000000
0.0000000 0.0000000
0.0000000 0.0000000
0.0000000 0.0000000
0.0000000 0.0000000
0.0000000 0.0000000
0.0000000 0.0000000
0.0000000 0.0000000
0.0000000 0.0000000
0.0000000 0.0000000
0.0000000 0.0000000
0.0000000 0.0000000
-1.2190030 0.6324680
-1.2527807 1.7071940
-0.8539468 2.6616609
-0.8682941 3.5660810
-0.9419745 4.4847107
-1.0040292 5.4449344
-1.1108265 6.4607496
-1.3550731 7.5901318
-1.9756799 8.9503622
-3.4532847 10.9351139
-7.9130225 13.4208612
10.8389273 12.6646967
19.0051365 -10.9435320
-8.8715267 -7.9291792
-3.3401990 -7.4782429
-1.5889126 -5.2604780
-1.0018425 -4.2455235
-0.7206840 -3.5104256
-0.5811036 -2.8965607
-0.5113254 -2.3527439
-0.4719173 -1.8471309
-0.4473197 -1.3735101
-0.4862875 -0.8924162
-0.5801384 -0.3508740
0.0000000 0.0000000
0.0000000 0.0000000
-2.5070970 0.7227373
-2.1178308 1.7451280
-1.7677896 2.5644412
-1.8143722 3.5314782
-1.8812063 4.4649200
-1.9691367 5.4057331
-2.1267359 6.3440371
-2.4715455 7.2501698
-3.2978175 8.0554590
-5.2179136 8.1425781
2.4486532 7.1167784
17.7747707 9.0839539
28.4869518 -3.8817925
9.4981461 -4.5653467
-4.1323247 -4.9092526
-2.4257612 -4.3409348
-1.6587682 -3.7709420
-1.3091148 -3.2646601
-1.1202503 -2.7625608
-1.0196096 -2.2737153
-0.9639055 -1.7958893
-0.9202057 -1.3241673
-0.9605177 -0.8799983
-1.1968023 -0.3732558
0.0000000 0.0000000
0.0000000 0.0000000
-3.6782746 0.7721128
-2.8473077 1.6943066
-2.7229726 2.5289183
-2.7549741 3.4781487
-2.8037739 4.4408689
-2.8814850 5.3746395
-2.9799259 6.2520165
-3.1608520 6.9342089
-3.5955350 7.1543121
-4.8905811 6.7490077
-6.0044703 0.7517423
20.8363647 4.9838881
37.6480637 -8.9801741
-4.8483248 -1.3198774
-4.1855316 -3.6452200
-2.8717577 -3.6597250
-2.0271530 -3.3800440
-1.7324696 -3.0584903
-1.5802723 -2.6551590
-1.4870913 -2.2101142
-1.4292972 -1.7613633
-1.3890029 -1.2972341
-1.3937094 -0.8729051
-1.7458041 -0.3963762
0.0000000 0.0000000
0.0000000 0.0000000
-4.6717129 0.7821251
-3.6160769 1.6171252
-3.6431441 2.4875410
-3.7025790 3.4156201
-3.7798860 4.4145889
-3.7846017 5.4508271
-3.7553961 6.3854461
-3.6613314 7.1519465
-3.3643897 7.3791838
-3.0214617 6.0810418
3.9493794 -3.6421988
13.3011389 2.1041121
32.2235413 -2.1203940
1.3430134 -0.2540804
-2.5294812 -3.5203364
-2.9306097 -3.7425513
-2.2827761 -3.3491807
-2.0582123 -2.9965096
-1.9941714 -2.6098442
-1.9333856 -2.1763859
-1.8806952 -1.7375898
-1.8444484 -1.2853186
-1.8226248 -0.8643994
-2.2363293 -0.4055446
0.0000000 0.0000000
0.0000000 0.0000000
-5.4492154 0.7638144
-4.4444747 1.5107405
-4.5329332 2.3800600
-4.6705308 3.3163831
-4.8199887 4.3580160
-4.8729696 5.5314350
-4.7059016 6.8616571
-4.7850080 8.0562134
-2.8948054 8.1584826
-0.0938241 5.8616543
8.8339167 -2.2111003
13.8856373 1.6918131
39.4263878 -4.3994322
2.8489542 -2.1294551
-1.3099478 -3.7130113
-3.0684369 -3.9658241
-2.6887379 -3.5218210
-2.4103236 -3.0662303
-2.4259377 -2.6239011
-2.3843582 -2.1695964
-2.3311610 -1.7192019
-2.2877235 -1.2715901
-2.2576797 -0.8465056
-2.6642513 -0.4040591
0.0000000 0.0000000
0.0000000 0.0000000
-6.0015054 0.7202519
-5.2685647 1.3760983
-5.4105978 2.1896436
-5.6695399 3.1170933
-5.9512587 4.2170377
-6.2509298 5.5929384
-6.7197948 7.3743224
-4.9946237 7.7083974
-1.0565271 6.4928370
2.8537867 4.5379877
11.5063286 -1.4080914
12.7988634 0.6683825
38.3703041 -0.3652653
4.2088799 -3.1968193
-0.2278464 -3.9982245
-3.1564693 -4.3927531
-3.3046012 -3.8829625
-2.8894098 -3.2146077
-2.9193344 -2.6772199
-2.8659968 -2.1730511
-2.7902148 -1.6943713
-2.7235761 -1.2421907
-2.6909173 -0.8142943
-3.0265157 -0.3920018
0.0000000 0.0000000
0.0000000 0.0000000
-6.3411121 0.6503850
-5.9982948 1.2023593
-6.2403445 1.9126277
-6.6745372 2.7564337
-7.2216783 3.8282480
-8.0317554 5.3479862
-7.8615952 6.5677266
-3.3406029 5.5279732
0.7488030 4.2108021
5.8185563 2.2361312
13.6113148 -2.1974909
18.0923977 -1.1200320
37.3201942 -3.5902102
6.0084500 -3.1855142
0.7803636 -4.4742460
-3.0972729 -4.9348803
-4.1803236 -4.3485255
-3.5574594 -3.4078381
-3.5149684 -2.7338684
-3.3905926 -2.1573136
-3.2614636 -1.6421154
-3.1534562 -1.1832740
-3.1070869 -0.7615728
-3.3214006 -0.3668767
0.0000000 0.0000000
0.0000000 0.0000000
-6.4944792 0.5454933
-6.5694928 0.9835751
-6.9445782 1.5484844
-7.5659041 2.2548687
-8.5538654 3.1180239
-9.4904537 4.0845881
-7.0046768 4.6388040
-2.3125036 3.1830778
2.9992313 1.4727015
7.7133255 0.0191341
14.5991726 -2.6712580
24.8967056 -3.7127750
31.3629971 -3.1551998
6.9176722 -3.1821222
1.8763463 -4.3776650
-2.8380942 -5.0702968
-5.1695352 -4.6326885
-4.5037503 -3.5154762
-4.2220879 -2.7256300
-3.9563873 -2.0737851
-3.7346647 -1.5314075
-3.5670657 -1.0781863
-3.4876869 -0.6800131
-3.5483861 -0.3262085
0.0000000 0.0000000
0.0000000 0.0000000
-6.5331321 0.4008778
-6.9531627 0.6916909
-7.4576044 1.0712421
-8.2417173 1.5707994
-9.6725588 2.0874734
-10.1029253 1.9505281
-5.1599026 2.2098384
-1.1910748 1.9350020
3.8134251 0.0214133
8.3843575 -1.4989997
15.0950127 -3.7248099
31.1919041 -7.9491768
35.3886871 -8.1620588
9.8215284 -2.6645770
3.1751890 -4.2111917
-2.6122608 -4.9819589
-6.1482124 -4.1647739
-5.7019405 -3.3312829
-4.9985809 -2.5333900
-4.5253367 -1.8546804
-4.1836181 -1.3273468
-3.9430263 -0.9114571
-3.8115461 -0.5632234
-3.7144887 -0.2679664
0.0000000 0.0000000
0.0000000 0.0000000
-6.5002489 0.2212664
-7.1395912 0.3158608
-7.7205753 0.4406072
-8.5951262 0.6415026
-10.2094831 0.7428746
-10.0498829 0.1520148
-4.7475214 0.1753706
-0.0086978 -0.5401993
5.1206384 -1.0000927
10.3307953 -2.8925025
16.8932304 -5.4182167
36.9889450 -8.3188562
20.2280102 -4.4067488
10.9850454 -3.3780298
4.2704873 -3.5431988
-2.2877738 -4.0833073
-6.5796027 -2.8181200
-6.9446077 -2.6241307
-5.7060475 -2.0610294
-5.0424447 -1.4556419
-4.5731759 -1.0085118
-4.2531486 -0.6751400
-4.0593152 -0.4087738
-3.8259814 -0.1925524
0.0000000 0.0000000
0.0000000 0.0000000
-6.4519053 0.0260653
-7.1239595 -0.1088914
-7.7036157 -0.2553879
-8.5833597 -0.4325040
-10.1894693 -0.7749677
-9.8084745 -1.4557354
-4.3609228 -1.8174568
0.1256187 -1.5111898
6.5256886 -2.5697255
11.2516241 -3.4698102
20.9332962 -5.7366199
36.8482819 -11.0742350
17.4086590 -5.1152077
10.3878498 -3.7569709
3.8872070 -2.7643089
-1.9491378 -2.6801336
-6.9623213 -1.3558518
-7.8539400 -1.4435500
-6.2424159 -1.2436876
-5.4097157 -0.8644483
-4.8439455 -0.5844268
-4.4627419 -0.3814726
-4.2156944 -0.2252698
-3.8888690 -0.1002596
0.0000000 0.0000000
0.0000000 0.0000000
-6.2760921 -0.1694659
-6.8790226 -0.5099823
-7.3946714 -0.9008579
-8.1783504 -1.3799685
-9.5698404 -2.2213221
-9.3659477 -3.3159978
-4.4403472 -3.1205499
1.0563127 -2.3571031
6.8383970 -2.3893890
12.1029463 -3.1689239
28.3805904 -5.6574268
31.3781986 -5.1104374
11.8623104 -3.9967375
8.7125883 -2.5096567
2.9571602 -1.8399532
-2.2996488 -0.9149103
-7.7298846 0.0428528
-8.1569948 -0.0157452
-6.4739051 -0.2321413
-5.5776792 -0.1635824
-4.9659348 -0.0990813
-4.5523982 -0.0547354
-4.2806406 -0.0235247
-3.9246757 -0.0021566
0.0000000 0.0000000
0.0000000 0.0000000
-5.9162245 -0.3395481
-6.4344401 -0.8492007
-6.8447542 -1.4385105
-7.4311228 -2.1960397
-8.5544529 -3.2494037
-8.6108074 -4.4206190
-4.5807366 -4.7262874
1.7989250 -3.9247208
7.1432509 -3.5464437
13.8016157 -3.6096921
25.9739304 -8.1191683
35.2967072 -9.8516083
12.3720150 -2.1498160
7.9687452 -1.3195701
2.2735269 -0.3814929
-3.0595076 0.5987944
-8.1729965 1.7673844
-7.7104807 1.2372571
-6.3787451 0.7830787
-5.5135937 0.5470939
-4.9177170 0.3937831
-4.5098381 0.2770593
-4.2379527 0.1815070
-3.8785894 0.0951083
0.0000000 0.0000000
0.0000000 0.0000000
-5.4104962 -0.4728805
-5.8344269 -1.1068343
-6.1167774 -1.8312397
-6.4888277 -2.7212887
-7.1950784 -3.9254777
-7.5476332 -5.7211952
-5.2165661 -6.0895901
0.7755150 -5.5899282
7.5136309 -5.1817474
15.0963049 -5.5632348
29.2455769 -5.4377847
25.2940559 -2.0726566
10.8963480 -0.9030224
6.7551413 -0.0316820
1.2331520 0.9371046
-3.9150810 2.6137099
-8.1687727 3.6743269
-6.9715700 2.3084495
-5.9578795 1.6293176
-5.2233639 1.1770397
-4.7004666 0.8433110
-4.3359389 0.5849473
-4.0859509 0.3732868
-3.7358599 0.1846600
0.0000000 0.0000000
0.0000000 0.0000000
-4.8052750 -0.5635235
-5.1337991 -1.2695335
-5.2842546 -2.0671775
-5.4526744 -3.0198250
-5.6796741 -4.2450275
-6.0586133 -5.9444184
-4.3396053 -7.5358796
-0.3385407 -7.1433783
7.0066814 -6.0719800
16.7331982 -6.1633573
27.1263733 -5.7043943
25.8887882 -3.5137639
11.3765059 1.2951072
4.0880837 1.7245003
-0.6850445 2.6953847
-5.9516129 5.5925999
-7.3929682 4.5437965
-6.1187029 3.1389291
-5.3358202 2.2845068
-4.7621870 1.6777192
-4.3443718 1.2139130
-4.0472388 0.8448257
-3.8367670 0.5372235
-3.5064323 0.2603341
0.0000000 0.0000000
0.0000000 0.0000000
-4.1481438 -0.6114171
-4.3880181 -1.3412529
-4.4193025 -2.1512954
-4.4102483 -3.1002016
-4.3707700 -4.2540445
-4.2997136 -5.8473110
-3.7935705 -7.8422265
-0.3251546 -9.3089781
6.5603881 -8.5245113
15.8103228 -6.3594556
23.3099308 -3.6385703
19.6805210 0.2009608
11.4165840 4.3724904
3.7715347 5.0980353
-1.2571132 6.3733187
-6.3052306 7.4027147
-5.5463562 5.0241771
-5.0298271 3.6584501
-4.5603018 2.7195094
-4.1839209 2.0235391
-3.8895807 1.4844912
-3.6716025 1.0422840
-3.5090387 0.6641065
-3.2066729 0.3180959
0.0000000 0.0000000
0.0000000 0.0000000
-3.4826229 -0.6204696
-3.6479988 -1.3321121
-3.5869660 -2.1044235
-3.4503694 -2.9727988
-3.2286131 -3.9940929
-2.9078588 -5.1841559
-2.2885377 -6.8185043
-0.3149311 -8.6876154
4.8071117 -8.8838739
11.3768358 -5.9627514
17.1310406 -1.9291755
14.7710085 2.3138187
9.3527679 7.5671906
3.0480306 9.6885853
-1.8549116 10.1135626
-3.3812082 7.1567254
-3.7780755 5.1787372
-3.8027666 3.8967218
-3.6981547 2.9431674
-3.5345759 2.2254112
-3.3737764 1.6529996
-3.2385559 1.1730434
-3.1254618 0.7508252
-2.8556819 0.3569229
0.0000000 0.0000000
0.0000000 0.0000000
-2.8444793 -0.5968904
-2.9513009 -1.2571330
-2.8272774 -1.9519833
-2.5990801 -2.6971788
-2.2400172 -3.5087142
-1.7121375 -4.3698049
-0.6786014 -5.3337841
1.0307857 -6.1217117
3.8776302 -6.4711180
7.6741858 -4.7471442
9.9979839 0.8171846
9.0456314 4.7117076
6.2010226 8.2139645
2.2058799 9.0610743
-0.4287941 7.7293711
-1.7181029 6.2335997
-2.4036269 4.8905125
-2.7322567 3.8345926
-2.8597043 2.9904332
-2.8750479 2.3010790
-2.8339450 1.7332065
-2.7753227 1.2431389
-2.7082222 0.8002506
-2.4724758 0.3786105
0.0000000 0.0000000
0.0000000 0.0000000
-2.2579417 -0.5497646
-2.3222804 -1.1389524
-2.1628387 -1.7371880
-1.8869840 -2.3463697
-1.4589217 -2.9514234
-0.8268019 -3.5536711
0.1666579 -4.0141344
1.6397983 -4.2759576
3.1946859 -3.7825420
5.0321608 -2.6019356
6.2597127 0.5509405
5.8567605 2.7120793
4.3532510 4.7654452
2.2536130 5.7887297
0.4268609 5.7289171
-0.7897997 5.1081119
-1.5009677 4.3280811
-1.9128520 3.5685287
-2.1459525 2.8844445
-2.2623563 2.2786047
-2.3049386 1.7441225
-2.3060987 1.2650046
-2.2761967 0.8195140
-2.0735767 0.3868162
0.0000000 0.0000000
0.0000000 0.0000000
-1.7362542 -0.4897259
-1.7725201 -1.0014641
-1.6044497 -1.5024703
-1.3233659 -1.9839494
-0.8996305 -2.4235525
-0.2954589 -2.7898169
0.5097734 -2.9921062
1.5197029 -2.9450555
2.5744629 -2.3784060
3.5692849 -1.2532305
4.1499672 0.5725143
3.9195120 2.0077875
3.0569992 3.3091452
1.8667600 4.1091890
0.6764870 4.3368268
-0.2798664 4.1405125
-0.9202791 3.7215002
-1.3199574 3.2155743
-1.5743963 2.6932256
-1.7294319 2.1862550
-1.8137643 1.7062016
-1.8499533 1.2537292
-1.8440242 0.8185877
-1.6727109 0.3860429
0.0000000 0.0000000
0.0000000 0.0000000
-1.2833525 -0.4271869
-1.3019836 -0.8661596
-1.1472943 -1.2811645
-0.8940281 -1.6565661
-0.5240344 -1.9674708
-0.0299196 -2.1745317
0.5665679 -2.2207034
1.2474436 -2.0350852
1.9069935 -1.5132879
2.4787221 -0.6277009
2.7889092 0.5456850
2.6511717 1.5659611
2.1410217 2.4792418
1.4160001 3.1160886
0.6447405 3.4116127
-0.0382313 3.4077830
-0.5527646 3.1979249
-0.8945244 2.8696101
-1.1252235 2.4791703
-1.2783158 2.0634975
-1.3716810 1.6424564
-1.4194080 1.2245350
-1.4221573 0.8085265
-1.2739446 0.3855826
0.0000000 0.0000000
0.0000000 0.0000000
-0.8948623 -0.3707539
-0.9022012 -0.7488816
-0.7748016 -1.0949416
-0.5716184 -1.3899271
-0.2833131 -1.6073020
0.0750838 -1.7142202
0.4856156 -1.6741312
0.9238666 -1.4438471
1.3302735 -0.9857725
1.6614559 -0.2897626
1.8269435 0.5321410
1.7422485 1.2998843
1.4371136 1.9910350
0.9930280 2.5089469
0.5022900 2.8051610
0.0437452 2.8855705
-0.3271702 2.7922947
-0.5872136 2.5790181
-0.7692672 2.2848666
-0.8959742 1.9423614
-0.9773111 1.5733374
-1.0206546 1.1912785
-1.0189247 0.8000776
-0.8838105 0.3870398
0.0000000 0.0000000
0.0000000 0.0000000
-0.5600891 -0.3268535
-0.5585616 -0.6591854
-0.4665928 -0.9537107
-0.3252940 -1.1897453
-0.1325589 -1.3392262
0.0943845 -1.3837056
0.3467590 -1.3011678
0.6052489 -1.0641184
0.8345714 -0.6661009
1.0142916 -0.1050369
1.0960586 0.5217049
1.0426540 1.1346201
0.8663775 1.6910702
0.6085889 2.1262560
0.3182387 2.4022279
0.0401199 2.5126054
-0.1909363 2.4808302
-0.3586598 2.3447783
-0.4794341 2.1230254
-0.5644974 1.8392421
-0.6205505 1.5140569
-0.6497362 1.1658909
-0.6324638 0.8135962
-0.4547984 0.4833157
0.0000000 0.0000000
0.0000000 0.0000000
-0.2620580 -0.2971461
-0.2468299 -0.5782428
-0.1985229 -0.8138292
-0.1295270 -0.9795439
-0.0384655 -1.0552051
0.0685152 -1.0630409
0.1844440 -0.9734682
0.2988198 -0.7615957
0.3961798 -0.4324267
0.4668190 -0.0021743
0.4939199 0.4730668
0.4614756 0.9556829
0.3748644 1.3962926
0.2538288 1.7434909
0.1206840 1.9662653
-0.0051243 2.0570107
-0.1072599 2.0608232
-0.1838909 2.0055633
-0.2378459 1.8711079
-0.2729935 1.6657360
-0.2936963 1.4038715
-0.2989291 1.1063268
-0.2489828 0.8302968
-0.0594710 0.6430489
0.0000000 0.0000000
0.0000000 0.0000000
0.0000000 0.0000000
0.0000000 0.0000000
0.0000000 0.0000000
0.0000000 0.0000000
0.0000000 0.0000000
0.0000000 0.0000000
0.0000000 0.0000000
0.0000000 0.0000000
0.0000000 0.0000000
0.0000000 0.0000000
0.0000000 0.0000000
0.0000000 0.0000000
0.0000000 0.0000000
0.0000000 0.0000000
0.0000000 0.0000000
0.0000000 0.0000000
0.0000000 0.0000000
0.0000000 0.0000000
0.0000000 0.0000000
0.0000000 0.0000000
0.0000000 0.0000000
0.0000000 0.0000000
0.0000000 0.0000000
0.0000000 0.0000000
0.0000000 0.0000000
0.0000000 0.0000000
-0.1054580 0.0746707
0.0000000 0.0000000
-0.4927768 0.0934796
-0.4370177 0.6498389
-0.4882755 1.3673220
0.0000000 0.0000000
-1.3154825 1.1857024
-0.4101051 2.1648192
-0.3591337 2.8283725
0.0000000 0.0000000
-0.9948493 2.2388763
-0.3142142 3.3776629
-0.3118055 3.9143717
0.0000000 0.0000000
-0.8489704 3.1363959
-0.3207192 4.4517174
-0.3323004 4.9873338
0.0000000 0.0000000
-0.9076243 4.0365343
-0.3385010 5.5721707
-0.3517995 6.1481142
0.0000000 0.0000000
-0.9679055 4.9720764
-0.3613527 6.7739439
-0.3897738 7.3838081
0.0000000 0.0000000
-1.0369295 5.9458609
-0.4073492 8.0944233
-0.4721083 8.7724218
0.0000000 0.0000000
-1.1764899 6.9871225
-0.5160650 9.6843443
-0.6661887 10.5160599
0.0000000 0.0000000
-1.5107813 8.1938248
-0.8132762 11.9119959
-1.1180390 13.1901083
0.0000000 0.0000000
-2.3632627 9.9939604
-1.6461353 15.4337654
-1.8562329 18.2789612
0.0000000 0.0000000
-4.5187778 14.3384800
-1.6799946 21.0335808
-2.4080162 24.8095798
0.0000000 0.0000000
3.1479223 13.3961620
4.6629319 16.6338501
7.3362718 11.8010244
0.0000000 0.0000000
11.2010202 8.4955139
13.5745926 -7.5553207
-2.3895686 -7.3053522
0.0000000 0.0000000
11.6641150 -2.7567098
0.4500642 -11.8502140
0.7796130 -13.9577131
0.0000000 0.0000000
-10.7265387 -9.1801920
0.4552602 -9.1545582
-0.1549855 -7.4486828
0.0000000 0.0000000
-2.4204690 -6.6462140
-0.4642462 -6.8622379
-0.3729962 -5.8466072
0.0000000 0.0000000
-1.2948796 -4.8879843
-0.3503500 -5.2891388
-0.2979093 -4.7314544
0.0000000 0.0000000
-0.8496107 -3.9271791
-0.2546917 -4.2592225
-0.2363273 -3.8481140
0.0000000 0.0000000
-0.6417388 -3.2272830
-0.2136140 -3.4669180
-0.2047048 -3.1178880
0.0000000 0.0000000
-0.5413494 -2.6373954
-0.1932003 -2.7877965
-0.1880310 -2.4721963
0.0000000 0.0000000
-0.4896969 -2.1059430
-0.1812301 -2.1719458
-0.1756986 -1.8753027
0.0000000 0.0000000
-0.4577518 -1.6103163
-0.1713477 -1.5971721
-0.1692817 -1.3119355
0.0000000 0.0000000
-0.4555680 -1.1417508
-0.1815576 -1.0258861
-0.1873447 -0.7132170
0.0000000 0.0000000
-0.5381407 -0.6306700
-0.1980332 -0.3911413
-0.1484368 -0.0758873
0.0000000 0.0000000
-0.3055281 -0.0906209
0.0000000 0.0000000
0.0000000 0.0000000
-0.7214592 0.1768346
-1.1812179 0.2069819
-1.8286604 0.6881248
-1.9142494 1.3103298
-2.3959570 1.2865590
-1.6158636 1.8586330
-1.3826121 2.2891819
-1.8760672 2.1124916
-1.2924975 2.6921053
-1.2925571 3.1941483
-1.7960942 3.0468593
-1.3364822 3.6608269
-1.3658302 4.1410809
-1.8538648 3.9868174
-1.3934383 4.6198673
-1.4317858 5.0953550
-1.9209294 4.9142323
-1.4705800 5.5985551
-1.5506068 6.0666080
-2.0253379 5.8370075
-1.6263623 6.6259918
-1.8052212 7.0716496
-2.2376418 6.7115221
-1.9825016 7.7457857
-2.4145603 8.1426392
-2.7554440 7.4133997
-2.8505056 9.0955238
-4.0221057 9.3159389
-4.0679774 7.5411487
-5.4845796 10.7228785
-8.6540918 11.8974257
-9.0923510 7.8903728
-1.2469635 8.2865133
7.6454401 11.3801355
12.7354507 11.4972525
10.6839285 7.8529797
16.6905880 6.5687981
22.1077003 7.6937742
24.3526039 -7.8001151
17.9387703 -5.6809039
26.1084957 -1.2213621
2.4006288 -8.9918356
-8.8703585 -5.9758906
-5.9294100 -5.3885126
-3.4219239 -5.6535430
-2.6673307 -5.6308775
-3.1215255 -4.9202442
-1.9252399 -4.8407774
-1.5965374 -4.4648356
-1.9674106 -4.1667762
-1.3182658 -4.0628500
-1.1557103 -3.7511201
-1.4520888 -3.5855389
-1.0105968 -3.4109411
-0.9341131 -3.1492567
-1.1987263 -3.0520189
-0.8557376 -2.8455648
-0.8169087 -2.5988140
-1.0611761 -2.5372458
-0.7753376 -2.3266971
-0.7524568 -2.0859005
-0.9872765 -2.0436046
-0.7280893 -1.8330433
-0.7090088 -1.5958185
-0.9405224 -1.5606306
-0.6899786 -1.3597739
-0.6856629 -1.1191088
-0.9190714 -1.0955600
-0.7260893 -0.8848927
-0.8065188 -0.6263428
-1.0662403 -0.6316866
-0.8837028 -0.3532001
-0.4829111 -0.1074636
-0.6849194 -0.1211183
0.0000000 0.0000000
0.0000000 0.0000000
-1.5779107 0.2491609
-2.0859358 0.2848974
-3.0729847 0.7525094
-2.8686216 1.3054446
-3.2491796 1.2937864
-2.4634924 1.7363586
-2.2466285 2.0997789
-2.7390141 2.0545967
-2.2247448 2.5370636
-2.2451100 3.0495555
-2.7494643 2.9909399
-2.2840881 3.5031302
-2.2980685 3.9841537
-2.8029904 3.9292099
-2.3396864 4.4477677
-2.3671148 4.9217892
-2.8661697 4.8682199
-2.4172661 5.3918209
-2.4800174 5.8295918
-2.9383278 5.7657056
-2.5414441 6.3087392
-2.6849861 6.6503186
-3.0523088 6.5383306
-2.7950866 7.1270065
-3.1131732 7.2619257
-3.2592847 7.0386968
-3.3458195 7.6098595
-3.8813999 7.4671164
-3.8366110 7.0931273
-3.7567072 7.7284036
-8.3453560 6.9285364
-6.3360734 6.6822157
-9.3472424 6.5431666
6.7503366 6.2834640
11.8578491 1.6695547
17.2143383 8.6055899
19.7135296 7.0691757
33.0213776 1.7723373
34.1814651 -9.6548109
26.9086151 -0.4069217
31.2219391 1.2005222
-8.3366852 -0.8306247
-5.5847306 -4.6252437
-4.9610581 -2.7995195
-4.2636614 -4.1653438
-3.6235819 -4.2863317
-3.5478976 -3.8398907
-2.6419125 -3.8892767
-2.2665572 -3.8391006
-2.3772864 -3.6159279
-1.8595122 -3.5267947
-1.6952591 -3.4077680
-1.8260067 -3.2680817
-1.5381093 -3.1389043
-1.4563414 -2.9659138
-1.6404626 -2.8912086
-1.3641837 -2.6976931
-1.3163910 -2.4933841
-1.5250418 -2.4505529
-1.2646947 -2.2376342
-1.2341841 -2.0186434
-1.4521415 -1.9912050
-1.2055373 -1.7766213
-1.1835773 -1.5477275
-1.4062568 -1.5289924
-1.1627349 -1.3107898
-1.1520523 -1.0802922
-1.3759490 -1.0666795
-1.1788447 -0.8738712
-1.2852014 -0.6350180
-1.5142810 -0.6349884
-1.4608285 -0.3856323
-0.9028547 -0.1358232
-1.1349096 -0.1449361
0.0000000 0.0000000
0.0000000 0.0000000
-2.5713978 0.3133227
-3.1232169 0.3320446
-4.1594181 0.7805968
-3.6249788 1.2779077
-3.9666817 1.2488524
-3.2260232 1.6558480
-3.1508338 2.0475159
-3.6239095 2.0217357
-3.1685658 2.5012727
-3.1847310 2.9847674
-3.6818874 2.9297054
-3.2293208 3.4271352
-3.2248688 3.9472880
-3.7788730 3.8832176
-3.2946808 4.3955750
-3.2909846 4.9076872
-3.8525965 4.8711457
-3.3423829 5.3535924
-3.3229070 5.8507791
-3.8665562 5.8413758
-3.3630228 6.2412505
-3.3295670 6.6518841
-3.7923620 6.6745377
-3.3078995 6.9423914
-3.4017980 7.0520382
-3.5183277 7.1423578
-3.4081240 7.1680741
-3.8427627 6.7853737
-3.3984492 6.5614371
-4.4365172 6.2800884
-5.8927321 5.8807669
-4.5332103 5.0315790
0.6013318 -4.4979415
8.4334707 0.2981326
7.0347438 0.3204639
15.5997562 3.2729445
20.4127903 4.5460863
22.9194069 0.7876862
35.9569893 -0.6190179
34.4533691 1.4257898
32.5384140 0.9913411
-4.5631475 -0.9486933
-4.1643395 -1.4840169
-0.8379179 -0.2063407
-3.9377682 -3.1470535
-3.6594739 -3.5431323
-2.7885399 -3.1293459
-3.0441365 -3.5266857
-2.6707308 -3.5122123
-2.6036232 -3.4296446
-2.2137520 -3.2873058
-2.0397732 -3.1932416
-2.0971897 -3.1436243
-1.9302779 -2.9951513
-1.8731331 -2.8483787
-2.0145571 -2.8089936
-1.8100083 -2.6198468
-1.7682376 -2.4268119
-1.9556060 -2.3989508
-1.7266246 -2.1879499
-1.6935096 -1.9741108
-1.9013550 -1.9501247
-1.6660638 -1.7484125
-1.6407524 -1.5177348
-1.8571408 -1.4999743
-1.6247640 -1.2914448
-1.6059839 -1.0590158
-1.8257833 -1.0464525
-1.6108429 -0.8692281
-1.7135282 -0.6331861
-1.9283339 -0.6265091
-1.9800982 -0.4028689
-1.3835962 -0.1514979
-1.6326133 -0.1552967
0.0000000 0.0000000
0.0000000 0.0000000
-3.6444442 0.3423597
-4.2020173 0.3439247
-5.0477939 0.7760918
-4.3047843 1.2111092
-4.6451082 1.1599147
-4.0269790 1.5634446
-4.0440569 1.9978819
-4.4925723 1.9468036
-4.0812373 2.4328609
-4.1147766 2.9004962
-4.6108141 2.8311143
-4.1849551 3.3519611
-4.2188163 3.8881576
-4.7842488 3.8115466
-4.3063793 4.3477421
-4.2475896 4.9693322
-4.9479518 4.8888350
-4.3500948 5.4095931
-4.2255306 6.0383043
-4.9900694 6.0489159
-4.2704310 6.4364500
-4.0290437 7.1235394
-4.8424015 7.4735489
-3.8730991 7.5349121
-3.6657844 7.8620996
-3.9468558 8.5199118
-2.9898458 7.9246297
-2.0255063 7.3807869
-1.4749000 7.1958222
-0.6814753 5.7612371
-0.2654706 5.5946612
0.3210664 5.7373929
7.4211769 -2.7816038
9.6823101 0.8141080
11.1753960 2.0225384
14.4885216 1.8592436
20.1327190 2.0902374
30.3934669 -1.2581961
38.1324844 -3.2470419
31.7607613 0.0671418
22.5758972 0.8665035
1.8025125 -2.9348404
0.3827210 -1.4859915
0.1981956 -2.6797733
-2.0223684 -3.6781356
-2.7573647 -3.5263808
-2.5387259 -3.6575882
-3.0907359 -3.8143649
-2.9354310 -3.6164663
-3.0567226 -3.6891677
-2.5484629 -3.4070210
-2.3585725 -3.2163913
-2.4892602 -3.2561316
-2.2788095 -3.0133181
-2.2518015 -2.8252151
-2.4087996 -2.8290467
-2.2370038 -2.6086848
-2.2028906 -2.3992643
-2.3975401 -2.3836288
-2.1776917 -2.1712523
-2.1423075 -1.9406478
-2.3529994 -1.9173899
-2.1185057 -1.7298610
-2.0870991 -1.4870340
-2.3026924 -1.4646286
-2.0735729 -1.2800740
-2.0496647 -1.0380034
-2.2669632 -1.0207145
-2.0429807 -0.8581277
-2.1215248 -0.6179229
-2.3318155 -0.6053478
-2.4390092 -0.4065695
-1.8920282 -0.1578294
-2.1471999 -0.1586840
0.0000000 0.0000000
0.0000000 0.0000000
-4.7168531 0.3380153
-5.2440100 0.3249660
-5.7167149 0.7446228
-4.9739184 1.0997412
-5.3208346 1.0260696
-4.8550582 1.4432495
-4.8939977 1.8885252
-5.3192072 1.7960443
-4.9693050 2.2869844
-5.0448570 2.7675154
-5.5409007 2.6565280
-5.1690445 3.2116694
-5.2550182 3.7721756
-5.8343329 3.6602416
-5.3915310 4.2650671
-5.4179182 4.9474559
-6.1684823 4.8616920
-5.5717058 5.4669414
-5.3669477 6.4310455
-6.6149864 6.4871354
-5.6438375 7.0964189
-5.6786032 7.9810247
-6.0657158 8.0842600
-4.7743134 8.5316114
-3.4635284 8.2226448
-2.8579340 7.2513933
-1.6332476 7.4142265
0.2706243 6.4017601
0.5832480 5.5239911
2.0100255 5.2350783
2.0823836 4.8780012
3.2175028 3.7755814
10.3536549 -1.2075322
11.2197533 2.0930827
11.6232471 0.8198714
12.6896467 1.8131799
25.9096642 -2.1823809
36.7489433 -3.6579573
37.5064697 -2.0898676
32.5713844 -2.5507739
25.4701996 -2.8258891
3.9406598 -3.0222361
1.6375735 -2.5017877
2.1581805 -2.9440768
-0.8436574 -3.9088769
-2.2190573 -3.8390896
-1.9977905 -4.1197476
-3.1750891 -4.1564636
-3.3115983 -3.9189970
-3.5063508 -4.1837764
-3.0303760 -3.6792953
-2.8190563 -3.4035740
-3.0883811 -3.5181286
-2.6876876 -3.1384640
-2.6758468 -2.8876691
-2.8866653 -2.9162238
-2.6979463 -2.6487434
-2.6617830 -2.3966022
-2.8858085 -2.3828561
-2.6438150 -2.1746507
-2.5989931 -1.9068233
-2.8242798 -1.8772140
-2.5732069 -1.7111138
-2.5309749 -1.4459258
-2.7502019 -1.4147145
-2.5127835 -1.2601080
-2.4833839 -1.0058405
-2.6979620 -0.9803494
-2.4767528 -0.8342605
-2.5235643 -0.5912941
-2.7307556 -0.5732059
-2.8344946 -0.3998714
-2.4066386 -0.1589917
-2.6606417 -0.1577113
0.0000000 0.0000000
0.0000000 0.0000000
-5.7174249 0.3055712
-6.1848755 0.2814797
-6.1670852 0.6880153
-5.6455517 0.9409714
-5.9786577 0.8428003
-5.6383281 1.2915778
-5.6921177 1.6842445
-6.0808725 1.5365758
-5.8319006 2.0563262
-5.9632745 2.5295045
-6.4419479 2.3343165
-6.1745257 2.9452133
-6.3282499 3.5317643
-6.9188251 3.3101995
-6.5924077 4.0223551
-6.7765555 4.8159947
-7.6146593 4.6551185
-7.1660075 5.4864841
-7.3799863 6.6203456
-8.2596340 6.3202977
-7.1919951 7.2913861
-6.3204165 7.2536936
-5.6841688 6.4760542
-4.0324221 6.9616156
-1.7585355 6.1033440
-1.3272462 4.9894490
0.1227714 5.3831015
2.1621747 4.4325886
3.2819221 3.2190890
4.5380769 3.3630095
4.8570676 2.5900021
6.0695977 1.5012995
13.1528721 -1.6797177
13.2247038 -0.3785154
14.1486053 -1.1210474
15.0525818 -0.2326369
29.4873695 -3.8885000
38.6229706 -6.9411883
37.4763298 -5.9862628
29.4724598 -3.6902797
19.7044640 -3.0235090
5.5118890 -2.9279392
2.9345996 -3.2111969
3.7421200 -3.2329867
0.3323698 -4.1193013
-1.6870703 -4.3878078
-1.3106550 -4.5736284
-3.1397190 -4.6597600
-3.7666864 -4.4968987
-4.0007153 -4.7387700
-3.7589488 -4.1165576
-3.5250995 -3.7090030
-3.9754331 -3.8950722
-3.2490902 -3.3137357
-3.2077866 -2.9877653
-3.4928355 -3.0216784
-3.2382212 -2.7146966
-3.1774879 -2.3884640
-3.4470665 -2.3557963
-3.1464829 -2.1753242
-3.0781050 -1.8530164
-3.3225126 -1.8055199
-3.0373816 -1.6758898
-2.9774592 -1.3837433
-3.2010691 -1.3374326
-2.9451847 -1.2178106
-2.9057136 -0.9550551
-3.1157353 -0.9181429
-2.9008999 -0.7925006
-2.9192827 -0.5536804
-3.1213200 -0.5292096
-3.1636405 -0.3817398
-2.9125478 -0.1557084
-3.1578784 -0.1517724
0.0000000 0.0000000
0.0000000 0.0000000
-6.5871768 0.2515420
-6.9701991 0.2169685
-6.4163947 0.6012999
-6.2789774 0.7314308
-6.5668335 0.6163980
-6.2967892 1.0961137
-6.4143276 1.3625268
-6.7352242 1.1672590
-6.6135240 1.7370057
-6.8333178 2.1037395
-7.2377691 1.8227199
-7.1403484 2.5163100
-7.4023151 3.0514479
-7.9705610 2.6875820
-7.9024940 3.5060060
-8.3664045 4.4075670
-9.1286230 4.0136952
-8.8330536 4.8308458
-8.8739614 5.7200589
-9.0059881 5.0179276
-7.4446812 5.8835402
-4.9119897 5.0059376
-4.0507765 3.6978693
-2.6666455 4.4227018
-0.7807189 3.8822985
0.6795392 2.2972720
1.7842166 2.7123163
4.1957941 1.7775586
5.0683737 0.7384723
6.7713943 1.0619543
7.0657816 0.3929186
8.2515945 -0.6430542
14.5320902 -2.2878478
15.2143164 -1.1640894
15.0008526 -2.1181097
22.4203568 -2.7902179
35.1658936 -4.8958807
38.2479401 -5.6622043
35.3988647 -3.9359865
23.4349785 -4.1935949
19.5260639 -4.8861279
6.9574938 -3.2944262
4.3603840 -3.3925939
4.8365965 -3.5475709
1.7073613 -4.3965025
-0.8887725 -4.6486225
-0.5827917 -4.8687701
-2.9920108 -5.0450125
-4.2410350 -4.9551287
-4.3129458 -5.1168795
-4.7194452 -4.5429635
-4.5717440 -4.0906973
-5.1672478 -4.2275543
-4.0537229 -3.4871922
-3.9004776 -3.0628874
-4.2783957 -3.0275915
-3.8942068 -2.7516670
-3.7691441 -2.3215995
-4.0847888 -2.2413263
-3.6901002 -2.1334476
-3.5823188 -1.7521479
-3.8421292 -1.6718423
-3.5080113 -1.5977079
-3.4223614 -1.2859622
-3.6450868 -1.2162622
-3.3662729 -1.1379886
-3.3109348 -0.8779768
-3.5111010 -0.8256000
-3.2988527 -0.7260729
-3.3013790 -0.5023586
-3.4927146 -0.4702111
-3.4258418 -0.3489853
-3.3941579 -0.1471074
-3.6204257 -0.1399649
0.0000000 0.0000000
0.0000000 0.0000000
-7.2690029 0.1793050
-7.5376902 0.1357063
-6.5128727 0.4774640
-6.8118806 0.4906725
-7.0168424 0.3616309
-6.7808671 0.8455561
-7.0019975 0.9415666
-7.2240806 0.7070937
-7.2369437 1.3241136
-7.5666409 1.4846706
-7.8404431 1.1254927
-7.9567494 1.9329289
-8.4194679 2.2479334
-8.8482914 1.7467821
-9.1610928 2.6397941
-9.7371817 3.5063925
-10.2127419 2.7831302
-9.8246937 3.1573231
-9.0529833 3.9794524
-8.6833973 2.8977599
-5.9753160 3.4834983
-3.5468004 2.3861294
-2.9573653 1.5982416
-1.9284662 2.2733443
1.3142991 1.1909164
2.0895002 0.0656125
3.3755620 0.4748703
5.6962886 -0.1186091
6.5335217 -0.7491835
7.9900942 -0.8021978
9.7558441 -1.6268160
11.2286663 -2.5158339
14.8463125 -3.4500697
17.7314606 -3.6427770
18.9813747 -4.5173149
29.6971722 -6.9052525
35.5066032 -9.2469168
38.1224060 -10.3975019
35.4832230 -8.9908857
16.4317722 -3.2665484
13.7402315 -2.6968772
7.9227753 -2.7831671
5.5668435 -3.2979355
6.9692898 -3.0165620
2.9106841 -4.0529814
-0.1731846 -4.6735373
0.1006984 -4.3933640
-2.5649498 -5.0090489
-4.4861751 -5.1139293
-4.6641097 -4.8515687
-5.6734934 -4.5111604
-5.8866005 -4.2997341
-6.5489030 -4.2515388
-5.1375256 -3.4845240
-4.7599525 -2.9800584
-5.2428226 -2.8168714
-4.6316853 -2.6739986
-4.4185410 -2.1359050
-4.7646151 -1.9786915
-4.2549338 -1.9887606
-4.0948105 -1.5728418
-4.3528442 -1.4448030
-3.9692008 -1.4431176
-3.8504164 -1.1346467
-4.0587802 -1.0341700
-3.7615232 -1.0034122
-3.6867137 -0.7660051
-3.8667579 -0.6948033
-3.6515503 -0.6272492
-3.6552775 -0.4340870
-3.8270447 -0.3932508
-3.6234508 -0.2997571
-3.8312702 -0.1313135
-4.0282583 -0.1203873
0.0000000 0.0000000
0.0000000 0.0000000
-7.7161608 0.0866295
-7.8350964 0.0403691
-6.5303326 0.3158632
-7.1624899 0.2197723
-7.2482591 0.0784983
-7.0742693 0.5093828
-7.3859010 0.4478960
-7.4717016 0.1870108
-7.6345625 0.7695845
-8.0490303 0.7116698
-8.1425104 0.3078486
-8.4954996 1.1301870
-9.1812229 1.1412623
-9.3386402 0.5301412
-10.0630331 1.4514133
-10.5011883 1.8773335
-10.6303616 0.9739487
-10.0394449 1.0263976
-8.2311745 1.7422317
-7.9510489 0.6905801
-4.7633505 1.1388556
-2.5672119 0.9817572
-2.3265078 -0.0591989
-0.6399298 1.3347439
2.6579046 -0.0975120
2.8807762 -0.9487004
4.3324094 -0.3820919
7.4134192 -1.3985579
8.0407372 -2.2730923
9.4329128 -2.3418989
12.4485607 -3.5339673
14.1565552 -3.8070400
15.3027544 -4.7662759
22.4643097 -6.8881593
25.3977547 -6.9345284
35.2689857 -7.9248738
36.5587234 -7.5049858
32.0638123 -5.4635201
24.3044052 -2.4608841
11.6288500 -2.6112857
11.9725189 -3.3744111
10.8461161 -2.9753475
7.4135900 -3.4167750
7.4340320 -3.4762840
4.0616341 -3.8252473
1.0356008 -3.9912531
0.6690689 -3.4094031
-2.1797435 -4.5548348
-4.7247515 -4.3636494
-4.9155231 -3.8479302
-6.3086596 -3.5110083
-7.1698751 -4.0256248
-7.7812619 -3.5734816
-6.3591533 -3.0775962
-5.7157917 -2.5815892
-6.2047348 -2.2604511
-5.3832388 -2.3478401
-5.0625405 -1.7739975
-5.3807259 -1.5341157
-4.7947845 -1.6805031
-4.5757370 -1.2865688
-4.8087149 -1.1027883
-4.3854690 -1.1828537
-4.2327952 -0.9156063
-4.4118414 -0.7806285
-4.1039720 -0.8023269
-4.0111876 -0.6131790
-4.1585441 -0.5218359
-3.9384520 -0.4916895
-3.9609976 -0.3463305
-4.0992918 -0.2961391
-3.7635167 -0.2328469
-4.1996903 -0.1062017
-4.3564434 -0.0918652
0.0000000 0.0000000
0.0000000 0.0000000
-7.8870502 -0.0136229
-7.8491244 -0.0572774
-6.5007071 0.1208123
-7.2781148 -0.0631885
-7.2207956 -0.1999871
-7.1770773 0.1045186
-7.5104237 -0.0846641
-7.4466705 -0.3386205
-7.7685657 0.0865604
-8.1938601 -0.1164662
-8.1120338 -0.5130183
-8.6714716 0.1002378
-9.4207973 -0.1270756
-9.3058462 -0.7158839
-10.3079100 0.0192113
-10.6754332 0.0464060
-10.5046110 -0.8696415
-9.9184713 -0.5835768
-7.6561642 -0.2591739
-7.5411577 -1.1935971
-4.4679914 -0.7845368
-1.9369808 -0.8278494
-2.3383205 -1.7616123
1.0406210 -1.1606411
3.8151608 -1.8024894
4.0984592 -2.5942528
5.7791052 -2.0077803
8.4672785 -2.8740749
8.9066124 -3.0753417
10.5391521 -3.4299324
15.2384653 -3.6744282
15.6699190 -3.6402333
18.4726353 -5.0212059
23.7217464 -7.6334381
32.3497086 -9.8773632
36.2064629 -11.6210508
35.2515030 -11.5432186
30.3012524 -9.0720549
14.5156326 -3.8741603
12.1636209 -3.9696147
12.3480062 -4.0568342
10.7167282 -3.5590932
7.2793059 -3.4099605
6.9921241 -2.9718139
4.0019951 -3.0276873
1.3708078 -2.9816508
0.9567577 -2.2918434
-1.8718956 -3.4523761
-4.8707814 -3.1950312
-4.9497023 -2.5003409
-6.5752487 -2.0980577
-8.2049055 -2.8916178
-8.5474977 -2.0319488
-7.4664330 -2.1301816
-6.5607367 -1.8394126
-6.9378920 -1.3529246
-5.9996796 -1.7082689
-5.6009979 -1.2255677
-5.8299093 -0.8983284
-5.2387323 -1.1818428
-4.9649968 -0.8797005
-5.1278815 -0.6445178
-4.7172704 -0.8087593
-4.5320415 -0.6222163
-4.6540809 -0.4570731
-4.3649859 -0.5355655
-4.2586250 -0.4176583
-4.3543663 -0.3091180
-4.1432548 -0.3209461
-4.1942892 -0.2413194
-4.2794552 -0.1812863
-3.8583918 -0.1500818
-4.4765868 -0.0723353
-4.5766034 -0.0562087
0.0000000 0.0000000
0.0000000 0.0000000
-7.7695799 -0.0936299
-7.6113911 -0.1250620
-6.4211884 -0.0739558
-7.1382079 -0.3472663
-6.9774227 -0.4762512
-7.0465331 -0.3135529
-7.3629751 -0.6046839
-7.1675730 -0.8366814
-7.6039982 -0.5862256
-8.0145445 -0.9270733
-7.7597446 -1.2868884
-8.4598713 -0.9215310
-9.1808615 -1.3181006
-8.8382416 -1.8640388
-9.9990768 -1.4931991
-10.3086567 -1.8230677
-9.8352013 -2.6664245
-9.6778078 -2.3771553
-7.3438931 -2.0195282
-7.4387388 -3.0712464
-3.9877646 -2.3948135
-1.0597802 -2.1563435
-1.5694581 -2.1880996
1.5664901 -2.6008508
4.2477512 -2.8059115
3.9500997 -2.6907146
6.8196330 -2.4445050
8.9983511 -3.2633684
9.2152643 -3.2804344
11.4696856 -3.2420652
16.1645069 -4.0799141
17.0188503 -4.2921791
23.3796043 -6.0683999
32.3421135 -5.8777089
35.2347565 -6.6792188
31.8869476 -4.9231906
25.2847939 -3.6045077
20.9217873 -3.4752951
15.4016171 -4.3573718
11.7856493 -4.5102172
9.6200533 -3.7783978
9.8578405 -3.4337621
6.5312486 -2.6794410
5.7386589 -2.3247280
3.4781382 -2.3171792
0.8548838 -1.8810285
0.4405894 -1.3803253
-1.9802277 -1.8866626
-4.9474716 -1.6755937
-5.2588315 -0.8401868
-7.2710814 -0.6702320
-8.6558256 -1.1060361
-8.7436323 -0.2740724
-8.0622730 -0.7768248
-7.0693860 -0.7522576
-7.1980276 -0.1992774
-6.3801665 -0.7571574
-5.9251375 -0.5194511
-6.0157604 -0.1468977
-5.5082240 -0.5246752
-5.1994352 -0.3760462
-5.2674937 -0.1112716
-4.9144702 -0.3476130
-4.7088518 -0.2691803
-4.7582698 -0.0855928
-4.5153184 -0.2215609
-4.4004707 -0.1859015
-4.4358897 -0.0663397
-4.2547941 -0.1262496
-4.3277316 -0.1151809
-4.3524570 -0.0498577
-3.9175231 -0.0539860
-4.6386395 -0.0371501
-4.6750455 -0.0199266
0.0000000 0.0000000
0.0000000 0.0000000
-7.4317675 -0.1543054
-7.1670928 -0.1786261
-6.1519618 -0.2566057
-6.7971363 -0.6031914
-6.5446811 -0.7085197
-6.6967950 -0.6884710
-6.9686003 -1.0626163
-6.6709723 -1.2506691
-7.1628237 -1.1873071
-7.5076852 -1.6329936
-7.1233211 -1.9175036
-7.8666859 -1.8033521
-8.4890337 -2.3833280
-7.9272485 -2.8051412
-9.1366844 -2.7690704
-9.4083853 -3.3149748
-8.8746624 -3.8391480
-9.1155357 -3.9567966
-7.4763198 -4.0520654
-7.1727152 -4.4170446
-4.7795653 -4.4454565
-1.5526346 -3.8054903
-0.7649605 -4.1608710
1.2810768 -3.3010364
4.2013664 -2.9896049
4.4607725 -3.4097292
7.2098861 -2.7517905
9.7556038 -3.4067585
10.0605688 -3.9304039
13.1943598 -3.2332132
17.5633850 -5.0502305
19.5462379 -5.7691755
26.9563770 -7.6647682
31.5482540 -8.3547554
33.2529411 -8.7306023
33.0673256 -9.1226673
26.5343189 -7.5910525
21.6264954 -3.1854308
11.7145777 -3.3864772
9.3697519 -2.1680686
9.5910444 -1.4100118
8.1982155 -1.7718718
5.3481965 -1.4303548
5.1717892 -0.5664383
2.7348747 -1.1133184
0.0098569 -0.6036775
-0.3736517 0.0142892
-2.5910478 -0.1673814
-5.7610030 -0.0440712
-6.1503086 0.9807878
-7.9326444 0.7605692
-8.6623316 0.6663387
-8.7154551 1.4601269
-7.9907818 0.6011162
-7.0683618 0.3987323
-6.9886770 0.9083943
-6.4246502 0.2741447
-5.9702015 0.2658958
-5.9317923 0.6311555
-5.5500522 0.1912435
-5.2366600 0.1794979
-5.2072549 0.4412753
-4.9470606 0.1464686
-4.7375259 0.1171272
-4.7097921 0.3009827
-4.5374632 0.1103876
-4.4209323 0.0671418
-4.3933873 0.1885880
-4.2671170 0.0783221
-4.3453293 0.0244031
-4.3143101 0.0922909
-3.9203408 0.0464294
-4.6766586 -0.0024213
-4.6553955 0.0141840
0.0000000 0.0000000
0.0000000 0.0000000
-6.9031143 -0.2003674
-6.5581980 -0.2178743
-5.7150679 -0.4084043
-6.2825227 -0.8053612
-5.9621687 -0.8801947
-6.1643281 -0.9877491
-6.3811340 -1.4241177
-6.0095210 -1.5572335
-6.5101976 -1.6540952
-6.7624688 -2.1671758
-6.3070278 -2.3628402
-6.9824166 -2.4862993
-7.4137030 -3.1528647
-6.7800574 -3.4015353
-7.9728718 -3.6216013
-8.3678389 -4.3735089
-7.5372295 -4.7945175
-8.2923594 -5.0414052
-7.2129354 -5.1173620
-6.6491036 -5.8939986
-5.6309595 -5.4215217
-2.9032850 -5.1695161
-2.8365636 -5.7492476
0.7199470 -4.8965783
4.1932540 -4.5101790
4.2424259 -5.2260752
7.4078650 -4.4760990
10.4752741 -4.7148666
10.8133888 -5.1276207
14.4308634 -4.5685186
22.1699772 -5.9385719
22.6352177 -5.9912615
29.3755398 -5.9084215
31.6734734 -4.5797243
29.2112064 -3.3791554
26.5516834 -2.5123923
19.1515293 -1.9292341
17.6090775 -2.3976536
11.8211908 -1.6055351
8.5078840 -1.3361505
7.2196302 -1.2617861
7.7573133 -0.7541694
4.8282061 -0.0591532
4.2229576 0.5671564
1.9748793 0.2832822
-0.9430488 0.7340932
-1.5306733 1.8346417
-3.7944281 1.6842263
-6.4174261 1.9846410
-7.2992969 2.8464193
-8.6579456 2.5193238
-8.1323338 2.3435900
-7.7566476 2.7611923
-7.3601413 1.7734376
-6.7173047 1.4811232
-6.4038820 1.9227434
-6.1548209 1.2296026
-5.7594032 1.0275041
-5.5542440 1.3607649
-5.3647957 0.8754377
-5.0854630 0.7242399
-4.9423871 0.9639457
-4.8102889 0.6259478
-4.6188574 0.4985696
-4.5092096 0.6684819
-4.4269724 0.4351016
-4.3219261 0.3190267
-4.2294216 0.4325545
-4.1700139 0.2798552
-4.2578063 0.1659896
-4.1697354 0.2304100
-3.8290796 0.1421010
-4.5989795 0.0316012
-4.5206113 0.0479576
0.0000000 0.0000000
0.0000000 0.0000000
-6.2314119 -0.2311617
-5.8351102 -0.2416017
-5.1533275 -0.5203232
-5.6388679 -0.9411623
-5.2797704 -0.9834850
-5.5006599 -1.1994561
-5.6503606 -1.6627234
-5.2445440 -1.7362283
-5.7085943 -1.9682543
-5.8655639 -2.5130308
-5.3780680 -2.6155176
-5.9678349 -2.8947852
-6.2124839 -3.5840168
-5.5655808 -3.7143433
-6.4852028 -4.1050048
-6.9139667 -5.1212001
-5.8901067 -5.1570754
-7.1328874 -6.0096540
-6.5143280 -6.5263848
-5.5490589 -6.7693081
-5.3163404 -6.8119721
-3.2501209 -6.4857154
-2.5726895 -7.1474257
-0.3240581 -6.3019681
3.3026462 -5.8312345
3.2993448 -6.4154096
7.0803967 -5.3418612
11.0624876 -5.5312276
11.3082829 -5.9980278
15.6834145 -6.2178345
21.9788246 -6.8375316
22.3647003 -6.7586255
26.7164669 -5.6517711
28.0619068 -3.9373264
28.2241173 -3.9466388
26.4843521 -3.8384058
17.8044758 -1.1608377
16.1692963 0.8037972
11.1108818 0.0385345
6.8400006 -0.4948913
6.3809714 0.4424150
5.7941513 0.8427042
3.7869320 1.1634197
2.2853818 1.8414350
1.0406761 1.6122571
-1.8570715 2.5939291
-3.5657010 4.0887728
-5.2340231 3.5002842
-7.3880434 4.5541334
-8.0511007 5.0366116
-8.0197163 3.8779674
-7.1840892 3.2806599
-6.5752478 3.6853578
-6.4459739 2.7783163
-6.0890427 2.2984974
-5.6299329 2.6738701
-5.5972567 2.0205388
-5.3196330 1.6576287
-4.9925241 1.9429545
-4.9734750 1.4608109
-4.7613063 1.1938627
-4.5233860 1.4015683
-4.5182176 1.0461838
-4.3644648 0.8371952
-4.1819916 0.9838576
-4.1939111 0.7248029
-4.1103992 0.5470083
-3.9593551 0.6456329
-3.9692757 0.4610536
-4.0690732 0.2964879
-3.9286530 0.3529057
-3.6468484 0.2269883
-4.4106379 0.0633693
-4.2809873 0.0785665
0.0000000 0.0000000
0.0000000 0.0000000
-5.4690824 -0.2458508
-5.0511131 -0.2497070
-4.5135369 -0.5890064
-4.9175968 -1.0085725
-4.5473728 -1.0208665
-4.7631106 -1.3150851
-4.8486934 -1.7767669
-4.4414616 -1.7961199
-4.8389106 -2.1256306
-4.9025841 -2.6610334
-4.4315453 -2.6792214
-4.9004884 -3.0789568
-4.9607143 -3.7326713
-4.4059343 -3.7390881
-4.9533362 -4.2610536
-5.1332827 -5.1185851
-4.3481688 -5.0932078
-5.3574867 -5.8977704
-5.4243603 -7.1046090
-4.2356229 -6.8822637
-4.7656507 -8.1499605
-3.2098718 -8.4460926
-2.3458896 -8.7750874
-1.0953512 -8.4625349
2.3571630 -8.0375566
2.4258237 -8.8911705
6.4841695 -7.4059558
11.0921659 -6.8548417
10.6869230 -7.9631152
16.4233170 -6.1898971
20.9409752 -5.3773723
20.2141781 -5.0961118
22.8712463 -3.8489506
23.6144485 -1.7301170
23.4920692 -0.8059570
21.4018726 -0.7309213
15.6808949 1.9181226
14.5695219 3.8578968
11.2901201 2.7745168
6.5783277 2.1433866
6.6496119 4.2920847
4.1706843 3.3787341
1.7217402 3.5685725
0.7918257 5.2552180
-0.9854290 4.6927762
-3.5838337 5.8258939
-4.5456848 6.9744081
-6.5444818 6.2613320
-7.1832361 5.9090710
-5.8523908 6.0745392
-6.2743001 5.0061436
-5.9716992 3.9608607
-5.1571088 4.3196621
-5.4272485 3.5853930
-5.2552576 2.8762085
-4.6931410 3.1789746
-4.8698006 2.6109922
-4.7122154 2.1241665
-4.3127975 2.3484740
-4.4386396 1.9087788
-4.3014269 1.5565422
-4.0030947 1.7211456
-4.1055713 1.3778819
-3.9994237 1.1078309
-3.7645829 1.2252347
-3.8593533 0.9588338
-3.8036933 0.7343955
-3.6073599 0.8137299
-3.6806824 0.6094395
-3.7917428 0.4060190
-3.6085882 0.4515593
-3.3857872 0.2954835
-4.1245880 0.0906112
-3.9533978 0.1038072
0.0000000 0.0000000
0.0000000 0.0000000
-4.6687975 -0.2457245
-4.2556658 -0.2438609
-3.8429847 -0.6168520
-4.1681046 -1.0122466
-3.8124754 -0.9993727
-4.0038943 -1.3441783
-4.0301790 -1.7758536
-3.6553543 -1.7501856
-3.9641562 -2.1393955
-3.9429920 -2.6327825
-3.5408669 -2.5805407
-3.8465636 -3.0486228
-3.7832932 -3.6406186
-3.3691304 -3.5419481
-3.6207082 -4.1315126
-3.4959147 -4.8802009
-3.1230860 -4.6689529
-3.2168405 -5.5358572
-3.0710769 -6.4634352
-2.6808515 -6.1287093
-2.7969301 -7.3332911
-2.0137036 -8.4870090
-1.7585968 -7.8127575
-0.4003027 -9.4679346
2.1246266 -9.6439400
1.8692816 -9.3873043
5.2910357 -9.3098660
9.2607107 -8.4188089
7.8620682 -8.3778172
13.6429110 -6.4778481
17.1158504 -4.5996261
14.3914356 -4.5967102
19.3479404 -1.8447485
19.4198093 1.0544641
18.5223980 1.3045678
16.0527134 1.5727868
13.3676395 4.9433751
11.5230389 6.5938306
9.8216572 6.3770690
6.4865832 6.5734448
6.0884514 8.9180632
2.7079186 7.4876456
-0.4092062 8.0126724
0.3441595 9.9529057
-3.0333226 8.8417416
-5.1961222 8.6728249
-3.0308676 8.6024017
-5.1813264 7.3863845
-4.9165416 6.0165792
-3.5424578 6.0989819
-4.6541066 5.3044481
-4.6002412 4.3802381
-3.7294385 4.5352445
-4.3521228 3.9508808
-4.2976580 3.2386289
-3.6930981 3.4221764
-4.0735512 2.9519677
-4.0077825 2.4251945
-3.5705035 2.5814734
-3.8275173 2.1965077
-3.7555146 1.8041896
-3.4256721 1.9215007
-3.6184471 1.6066595
-3.5567248 1.3009459
-3.2916062 1.3860970
-3.4528954 1.1270641
-3.4260175 0.8732073
-3.1996765 0.9314404
-3.3247447 0.7182003
-3.4442711 0.4892383
-3.2305098 0.5228946
-3.0637960 0.3449002
-3.7596300 0.1119294
-3.5588799 0.1225388
0.0000000 0.0000000
0.0000000 0.0000000
-3.8772843 -0.2333929
-3.4894972 -0.2269341
-3.1826978 -0.6095151
-3.4336872 -0.9634393
-3.1121044 -0.9315376
-3.2704647 -1.3014309
-3.2461805 -1.6799971
-2.9252243 -1.6190283
-3.1420224 -2.0401659
-3.0493631 -2.4546628
-2.7367375 -2.3466249
-2.8949561 -2.8566148
-2.7211080 -3.3223612
-2.4498124 -3.1312292
-2.4667828 -3.7900770
-2.1884494 -4.3102140
-2.0167217 -3.9930520
-1.8063972 -4.8545027
-1.3081567 -5.4944258
-1.3035500 -4.8866019
-0.6426222 -6.1616869
0.0618811 -6.7677507
0.1009331 -5.9467158
0.9274518 -7.4707327
2.5967455 -7.8106132
2.1618812 -6.5160217
4.6277070 -8.5268593
7.1884766 -7.3637791
6.0541348 -6.2879291
9.8590574 -5.4451413
11.6080494 -3.6724102
9.0996447 -3.1276772
13.4020748 0.0878843
14.3074980 2.7039649
9.7072067 3.1136990
12.2127190 4.1334448
9.8659496 7.5534105
8.1617994 7.3010249
7.2076049 8.8861160
4.5681448 9.9937687
3.9385767 9.4906464
1.8671592 10.2571783
-0.2978992 9.8574486
0.7137228 8.7861204
-1.7624155 8.9736691
-2.4579322 7.3726745
-1.0532339 7.1003737
-2.7445376 6.7132506
-3.0896900 5.6623473
-2.0615311 5.5671053
-3.1696532 5.1251574
-3.3017397 4.3742676
-2.5629103 4.3601432
-3.2922673 3.9574032
-3.3318110 3.3659985
-2.7808568 3.4119740
-3.2718339 3.0512371
-3.2728567 2.5701978
-2.8470492 2.6469524
-3.1926899 2.3263640
-3.1720197 1.9420354
-2.8367741 2.0113401
-3.0964856 1.7317367
-3.0707545 1.4192042
-2.7950866 1.4725230
-3.0056603 1.2289726
-3.0023899 0.9632954
-2.7610643 1.0010860
-2.9243202 0.7869800
-3.0478194 0.5455115
-2.8148890 0.5677252
-2.7001364 0.3754213
-3.3373532 0.1270432
-3.1189818 0.1347886
0.0000000 0.0000000
0.0000000 0.0000000
-3.1318581 -0.2126565
-2.7816622 -0.2026809
-2.5645382 -0.5747504
-2.7501736 -0.8782454
-2.4700699 -0.8340080
-2.5996952 -1.2044349
-2.5408697 -1.5193923
-2.2734847 -1.4362055
-2.4220452 -1.8564198
-2.2885389 -2.1823130
-2.0435863 -2.0425773
-2.1167169 -2.5413954
-1.8996283 -2.8779802
-1.6967280 -2.6524293
-1.6343173 -3.2678604
-1.3016948 -3.6079538
-1.1700667 -3.2515769
-0.9266292 -4.0162048
-0.4313228 -4.3272862
-0.3989840 -3.7991230
0.1525168 -4.7783346
0.9595845 -4.9893632
0.8613537 -4.1900311
1.7963190 -5.2653985
2.8136427 -5.1663666
2.4918065 -4.1967583
3.8261628 -4.9564314
5.1557646 -4.5576982
4.3345985 -3.2991989
6.6741538 -3.5660632
7.7108374 -2.1747065
6.0028105 -1.6791593
8.6353741 0.9500642
8.0540600 2.0092337
6.2415695 1.2388089
7.8957567 3.8187134
6.9235511 5.8301649
5.2491064 4.0526075
5.3902183 6.2462339
4.1618686 7.2682557
3.3048594 5.7288690
2.4669747 7.1741080
1.2518466 7.1006522
1.2965478 6.0778608
0.1000018 6.6549306
-0.6707374 6.1242399
-0.2071096 5.5812016
-1.2670614 5.6613321
-1.7106543 5.0437050
-1.1574795 4.7881436
-2.0013773 4.6369948
-2.2353971 4.0932622
-1.7148364 3.9732957
-2.3657129 3.7405412
-2.4808984 3.2763729
-2.0322766 3.2350717
-2.5262330 2.9793930
-2.5752060 2.5814583
-2.2014561 2.5843270
-2.5766616 2.3304527
-2.5935557 1.9853297
-2.2778413 2.0109336
-2.5718243 1.7684296
-2.5731952 1.4722918
-2.3022995 1.4972789
-2.5429318 1.2723315
-2.5563569 1.0106617
-2.3125923 1.0306246
-2.5009832 0.8205863
-2.6218593 0.5775421
-2.3801899 0.5900440
-2.3127909 0.3897906
-2.8789105 0.1363339
-2.6528058 0.1413068
0.0000000 0.0000000
0.0000000 0.0000000
-2.4575670 -0.1879949
-2.1486816 -0.1759132
-2.0094016 -0.5215128
-2.1413493 -0.7758425
-1.9000229 -0.7263876
-2.0128155 -1.0749812
-1.9384890 -1.3311120
-1.7132386 -1.2401164
-1.8236886 -1.6277882
-1.6803932 -1.8785381
-1.4782131 -1.7319835
-1.5163229 -2.1778352
-1.2998645 -2.4146013
-1.1291097 -2.1930859
-1.0619835 -2.7092564
-0.7485195 -2.9193902
-0.6179700 -2.5900035
-0.4145342 -3.2075820
0.0339938 -3.3443832
0.0843389 -2.8969920
0.4679523 -3.5243518
1.0762465 -3.5528347
1.0011431 -2.9649065
1.6657083 -3.6225348
2.3713918 -3.4542794
2.1471272 -2.7194257
3.1181824 -2.9553924
3.7517188 -2.5856318
3.2236617 -1.9424995
4.4446120 -1.7349443
4.9152431 -1.0735472
4.0385919 -0.7251903
5.3831034 0.6535486
5.2162118 1.2240654
4.1298594 1.0273275
5.1087146 2.3910222
4.5971160 3.3812404
3.5525069 2.7192655
3.9006467 3.9512942
3.1728392 4.7359319
2.4775107 3.8794188
2.2833498 4.8481297
1.5289222 5.1601977
1.2450699 4.3949060
0.7174832 4.9667230
0.1383590 4.8972769
0.1672069 4.3618321
-0.4355794 4.5999207
-0.8302588 4.3314743
-0.6249445 4.0060620
-1.1850755 4.0244417
-1.4309034 3.6914356
-1.1325607 3.5082517
-1.6320019 3.4017687
-1.7782108 3.0677164
-1.4556668 2.9737799
-1.8828406 2.8039277
-1.9621720 2.4893560
-1.6561302 2.4477644
-2.0116138 2.2510345
-2.0515368 1.9597325
-1.7734141 1.9488029
-2.0688689 1.7427210
-2.0878041 1.4751174
-1.8341097 1.4780151
-2.0839477 1.2719101
-2.1076510 1.0247570
-1.8699949 1.0309862
-2.0713484 0.8271552
-2.1824961 0.5909721
-1.9405289 0.5963323
-1.9171116 0.3919595
-2.4013841 0.1419360
-2.1758640 0.1442192
0.0000000 0.0000000
0.0000000 0.0000000
-1.8646475 -0.1633640
-1.5948793 -0.1507270
-1.5249476 -0.4602135
-1.6139647 -0.6729459
-1.4045684 -0.6244152
-1.5126027 -0.9367766
-1.4373941 -1.1449959
-1.2430284 -1.0577234
-1.3376768 -1.3960032
-1.2046309 -1.5891335
-1.0309898 -1.4536637
-1.0636944 -1.8267875
-0.8706926 -1.9942191
-0.7215263 -1.7971051
-0.6722403 -2.2056878
-0.4063015 -2.3296115
-0.2878461 -2.0560212
-0.1469019 -2.4984696
0.2118318 -2.5503542
0.2601486 -2.1939707
0.5464928 -2.6008499
0.9803000 -2.5599940
0.9168608 -2.1321225
1.3687987 -2.4402430
1.8061690 -2.2923007
1.6439899 -1.8057888
2.2816606 -1.8539042
2.6437497 -1.5590813
2.2881265 -1.1773971
3.0595551 -0.8640495
3.2793853 -0.4669063
2.7270892 -0.2785718
3.5669644 0.5914639
3.4595382 0.9902809
2.7686696 0.8919143
3.4223659 1.7890450
3.0965657 2.3848679
2.4251227 2.0199728
2.7509315 2.8538871
2.3075824 3.3745034
1.7862080 2.8718965
1.8044003 3.5615165
1.3290033 3.8653209
1.0159136 3.3578112
0.8092399 3.8322093
0.3976320 3.9085078
0.2803040 3.4909046
-0.0354012 3.7517035
-0.3504154 3.6619878
-0.3221928 3.3611417
-0.6631438 3.4512844
-0.8805988 3.2659140
-0.7378681 3.0711319
-1.0873171 3.0395153
-1.2300591 2.8121355
-1.0196646 2.6966534
-1.3553337 2.5870714
-1.4431827 2.3464150
-1.2083346 2.2831945
-1.5144929 2.1297042
-1.5652988 1.8892192
-1.3294636 1.8580236
-1.6021336 1.6811794
-1.6298381 1.4458383
-1.4012518 1.4344618
-1.6424562 1.2452632
-1.6692891 1.0170954
-1.4445379 1.0150671
-1.6467645 0.8180671
-1.7429805 0.5916435
-1.5045483 0.5938664
-1.5239826 0.3873524
-1.9169385 0.1460274
-1.6947861 0.1448807
0.0000000 0.0000000
0.0000000 0.0000000
-1.3501357 -0.1414357
-1.1139183 -0.1297944
-1.1079267 -0.4003725
-1.1628230 -0.5818799
-0.9768661 -0.5392779
-1.0902138 -0.8088539
-1.0233228 -0.9818935
-0.8505772 -0.9063454
-0.9452623 -1.1894804
-0.8339858 -1.3424299
-0.6792801 -1.2283617
-0.7237688 -1.5255823
-0.5674344 -1.6475207
-0.4348376 -1.4861342
-0.4152073 -1.7919564
-0.2077080 -1.8671404
-0.1047916 -1.6511387
-0.0184997 -1.9471631
0.2428338 -1.9576100
0.2802974 -1.6923065
0.4790488 -1.9327224
0.7717130 -1.8695072
0.7217436 -1.5675225
1.0398998 -1.6933992
1.3102664 -1.5540854
1.1722592 -1.2423545
1.6058539 -1.1870861
1.8156462 -0.9559299
1.5547082 -0.7220143
2.0754967 -0.4129348
2.1829648 -0.1357051
1.7970953 -0.0253576
2.3589323 0.5605492
2.2867534 0.8744643
1.8137506 0.8167400
2.2794876 1.4368349
2.0790806 1.8446186
1.6043268 1.6307017
1.8955438 2.2196147
1.6194092 2.5934284
1.2169178 2.2847295
1.3259165 2.7883232
1.0233972 3.0449731
0.7376912 2.7112758
0.6961412 3.0861311
0.4161204 3.2010558
0.2570583 2.8989079
0.1171577 3.1339781
-0.1141020 3.1241910
-0.1628520 2.8812964
-0.3516329 2.9904296
-0.5241942 2.8891816
-0.4699418 2.7159252
-0.6968893 2.7200871
-0.8181221 2.5642579
-0.6867688 2.4524662
-0.9338977 2.3784194
-1.0141002 2.1934223
-0.8391365 2.1268699
-1.0869681 2.0018139
-1.1367425 1.8019459
-0.9415201 1.7654334
-1.1779631 1.6090230
-1.2076222 1.4028600
-1.0052521 1.3859199
-1.2254966 1.2096868
-1.2491471 1.0009990
-1.0434667 0.9965284
-1.2344929 0.8057193
-1.3089086 0.5898338
-1.0816503 0.5928030
-1.1350887 0.3871269
-1.4352953 0.1442317
-1.2069253 0.1440616
0.0000000 0.0000000
0.0000000 0.0000000
-0.9022992 -0.1242752
-0.6896543 -0.1152376
-0.7482108 -0.3491758
-0.7751405 -0.5109223
-0.6034164 -0.4773007
-0.7307243 -0.7045242
-0.6777202 -0.8555712
-0.5179253 -0.7954636
-0.6241688 -1.0257004
-0.5411508 -1.1551684
-0.3977343 -1.0640577
-0.4647374 -1.2941146
-0.3517033 -1.3911877
-0.2303576 -1.2610722
-0.2479132 -1.4840847
-0.1037064 -1.5353391
-0.0142673 -1.3607596
0.0228831 -1.5594651
0.1970796 -1.5511508
0.2264251 -1.3494506
0.3508358 -1.4846994
0.5360751 -1.4147360
0.4922350 -1.1997014
0.7083528 -1.2313344
0.8713129 -1.1004149
0.7505803 -0.8946922
1.0502049 -0.7929087
1.1696838 -0.5998889
0.9617336 -0.4479451
1.3302189 -0.1731291
1.3830150 0.0534801
1.0870130 0.1219906
1.4901553 0.5426617
1.4457085 0.8116871
1.0871205 0.7751175
1.4499052 1.2283342
1.3307267 1.5427735
0.9609584 1.4068133
1.2332555 1.8476323
1.0664130 2.1387067
0.7353126 1.9333988
0.8984919 2.3248405
0.7119098 2.5409746
0.4544372 2.3038707
0.5142085 2.6171601
0.3347711 2.7358134
0.1668573 2.5000701
0.1438762 2.7224598
-0.0109359 2.7450869
-0.0900864 2.5325105
-0.1707964 2.6655176
-0.2929220 2.6046021
-0.2841806 2.4413307
-0.4168595 2.4813535
-0.5073174 2.3645315
-0.4256300 2.2564483
-0.5963017 2.2140186
-0.6597852 2.0626006
-0.5266287 1.9990236
-0.7193151 1.8964792
-0.7601395 1.7231652
-0.5964931 1.6903069
-0.7958011 1.5481187
-0.8204813 1.3624771
-0.6413513 1.3494737
-0.8361287 1.1816524
-0.8533388 0.9897342
-0.6700352 0.9876293
-0.8417282 0.8004447
-0.8793051 0.6040188
-0.6912681 0.5896557
-0.7504789 0.3930561
-0.9351445 0.1677534
-0.7104909 0.0613575
0.0000000 0.0000000
0.0000000 0.0000000
-0.5032243 -0.1149787
-0.3028890 -0.1106778
-0.4305851 -0.3119197
-0.4339211 -0.4679910
-0.2631178 -0.4329019
-0.4161976 -0.6334550
-0.3804506 -0.7793408
-0.2194289 -0.7016332
-0.3524500 -0.9184598
-0.3007685 -1.0441738
-0.1593934 -0.9107722
-0.2590196 -1.1481279
-0.1917502 -1.2428981
-0.0787795 -1.0411223
-0.1357538 -1.2970476
-0.0528533 -1.3468392
0.0225824 -1.0898536
0.0160018 -1.3330666
0.1139606 -1.3252938
0.1380070 -1.0606196
0.1965417 -1.2325596
0.2984786 -1.1654900
0.2583039 -0.9164926
0.3904938 -0.9826679
0.4793777 -0.8564857
0.3695988 -0.6487963
0.5725631 -0.5873643
0.6344302 -0.4094974
0.4545881 -0.2701596
0.7218422 -0.0585001
0.7479931 0.1559231
0.4968994 0.2003302
0.8085110 0.5330102
0.7858745 0.7881667
0.4827034 0.7188220
0.7938173 1.1252685
0.7324182 1.3996534
0.4139301 1.2148948
0.6867173 1.6691655
0.5995142 1.9165409
0.3050056 1.6300931
0.5150045 2.1049795
0.4153883 2.2902794
0.1758108 1.9253699
0.3118051 2.3953123
0.2136762 2.5007274
0.0469926 2.0855401
0.1104158 2.5294566
0.0236892 2.5526779
-0.0648203 2.1247904
-0.0637853 2.5154881
-0.1348713 2.4591956
-0.1527659 2.0937297
-0.2067161 2.3752935
-0.2614787 2.2632308
-0.2156338 1.9898051
-0.3156409 2.1451812
-0.3559688 1.9975026
-0.2579812 1.8126155
-0.3935047 1.8567245
-0.4210526 1.6862227
-0.2849716 1.5721190
-0.4443689 1.5307012
-0.4616938 1.3482401
-0.3018698 1.2849209
-0.4724705 1.1824450
-0.4784936 1.0039089
-0.3261953 0.9718975
-0.4808945 0.8084160
-0.4336964 0.6946098
-0.4233081 0.6386332
-0.4318424 0.3133138
-0.1878322 0.4852320
-0.3642048 -0.0730869
0.0000000 0.0000000
0.0000000 0.0000000
-0.1174586 -0.1194630
0.0000000 0.0000000
-0.1139152 -0.2978476
-0.1057037 -0.4874629
0.0000000 0.0000000
-0.1034265 -0.6382796
-0.0955057 -0.8064664
0.0000000 0.0000000
-0.0901865 -0.9387618
-0.0791150 -1.0738338
0.0000000 0.0000000
-0.0700389 -1.1760093
-0.0534417 -1.2684792
0.0000000 0.0000000
-0.0392182 -1.3222483
-0.0169335 -1.3597951
0.0000000 0.0000000
0.0021499 -1.3471932
0.0243413 -1.3167809
0.0000000 0.0000000
0.0456144 -1.2324036
0.0684923 -1.1323757
0.0000000 0.0000000
0.0922134 -0.9692652
0.1120383 -0.8008729
0.0000000 0.0000000
0.1357301 -0.5644267
0.1498481 -0.3375591
0.0000000 0.0000000
0.1726514 -0.0412265
0.1779547 0.2364674
0.0000000 0.0000000
0.1972283 0.5509135
0.1899113 0.8695101
0.0000000 0.0000000
0.1977123 1.1578137
0.1793928 1.4830110
0.0000000 0.0000000
0.1752759 1.7178857
0.1496591 2.0077672
0.0000000 0.0000000
0.1360670 2.1737070
0.1069450 2.3964064
0.0000000 0.0000000
0.0875623 2.4873273
0.0579293 2.6269565
0.0000000 0.0000000
0.0356626 2.6434436
0.0080794 2.6989970
0.0000000 0.0000000
-0.0154507 2.6453524
-0.0364513 2.6201279
0.0000000 0.0000000
-0.0532513 2.5148878
-0.0684290 2.4267738
0.0000000 0.0000000
-0.0796462 2.2846274
-0.0895501 2.1534152
0.0000000 0.0000000
-0.0969066 1.9863929
-0.1030332 1.8264172
0.0000000 0.0000000
-0.1066968 1.6457937
-0.1130539 1.4649972
0.0000000 0.0000000
-0.1145722 1.2798978
-0.1233767 1.1142395
0.0000000 0.0000000
-0.1759188 0.8434684
0.0087121 1.0245093
0.0000000 0.0000000
-0.2812423 0.0485526
0.9545785 1.1143994
0.0000000 0.0000000
0.0000000 0.0000000
-41.87153
-41.23492
-41.29605
-43.57898
-46.31791
-49.6363
-54.00447
-59.56162
-67.1654
-79.42394
-104.1874
-159.3535
-234.4869
-14.12998
-82.99848
-40.34973
-34.46527
-29.37446
-25.95071
-23.89042
-22.60637
-21.74177
-21.10289
-20.594
-20.26116
-20.18574
-41.66413
-41.34805
-41.9526
-43.88169
-46.60173
-49.99979
-54.30146
-59.65962
-66.64554
-77.0166
-97.06162
-163.0336
-190.9931
28.20724
-117.6455
-49.19053
-34.51306
-28.88999
-25.81624
-23.95522
-22.74067
-21.88625
-21.25194
-20.74622
-20.47123
-20.43434
-42.53682
-42.41011
-43.52097
-45.19003
-47.89689
-51.39542
-55.64149
-60.54281
-65.91379
-71.37577
-75.01449
-81.66771
-111.2973
-57.65445
-58.24966
-40.84865
-31.242
-27.47666
-25.49996
-24.17437
-23.18174
-22.39688
-21.77597
-21.30843
-21.01078
-20.95777
-44.06571
-44.11439
-45.4957
-47.2853
-50.14631
-53.87253
-58.21277
-62.7519
-66.54293
-67.65323
-65.49737
-57.32898
-21.79826
29.61777
-19.05718
-24.70199
-25.65247
-25.6886
-25.33555
-24.71276
-23.9882
-23.27899
-22.64221
-22.17216
-21.82101
-21.74081
-46.05789
-46.29778
-47.88802
-50.06136
-53.29693
-57.54151
-62.45383
-67.24977
-70.50958
-67.67867
-53.12339
-15.63519
-9.210386
33.61822
19.27162
-10.54688
-21.17295
-24.9378
-26.02069
-25.90266
-25.30875
-24.57256
-23.85808
-23.31837
-22.89727
-22.78552
-48.35313
-48.78312
-50.60098
-53.32718
-57.25657
-62.50866
-68.86984
-75.5126
-80.82378
-80.20945
-67.65215
-48.37896
-55.70699
-31.50902
-8.04478
-16.28227
-23.63911
-27.12269
-28.23089
-28.055
-27.26403
-26.30582
-25.409
-24.72436
-24.21783
-24.06951
-50.68472
-51.28927
-53.39442
-56.82667
-61.80971
-68.68228
-77.75147
-89.71278
-101.4493
-102.5994
-93.53014
-76.29288
-72.50815
-45.62112
-28.96174
-28.04549
-30.79151
-32.31236
-32.22241
-31.29598
-29.8765
-28.4544
-27.24312
-26.33878
-25.72334
-25.53099
-52.65335
-53.40851
-55.83453
-60.0878
-66.54009
-75.65408
-88.75521
-109.2951
-122.7313
-124.6524
-118.1743
-106.5974
-88.72941
-54.54742
-42.75747
-41.31727
-41.53368
-39.94827
-37.95326
-35.54507
-33.03873
-30.91493
-29.25444
-28.06154
-27.30897
-27.06433
-53.72419
-54.6079
-57.31885
-62.34497
-70.42796
-82.58344
-100.3681
-125.0825
-136.5001
-137.9861
-132.3054
-122.1629
-107.6887
-85.57829
-71.60014
-60.15761
-56.33806
-49.79288
-45.11425
-40.50569
-36.51289
-33.48872
-31.26745
-29.73269
-28.81589
-28.50529
-53.20228
-54.24929
-57.16497
-62.75568
-72.0807
-87.05553
-110.1783
-133.7389
-141.9875
-142.3057
-137.8108
-130.5863
-113.5231
-73.32358
-70.28025
-74.96461
-74.36989
-63.10414
-53.42989
-45.66081
-39.93329
-35.87999
-33.03067
-31.12834
-30.03822
-29.64739
-50.5747
-51.64348
-54.64428
-60.52133
-70.37436
-86.96981
-113.8211
-135.8398
-144.0893
-144.0722
-141.1404
-130.322
-111.8386
-99.19389
-96.09582
-97.08316
-93.58079
-77.94958
-61.31368
-50.19203
-42.78008
-37.70355
-34.23561
-31.97755
-30.72259
-30.26993
-45.7014
-46.50679
-49.56985
-55.33618
-65.04687
-81.43028
-108.3015
-130.6408
-136.4405
-135.349
-134.8172
-142.1917
-118.7341
-101.496
-109.6298
-111.6813
-106.7715
-89.38221
-66.94355
-53.06075
-44.34762
-38.48521
-34.5425
-32.00548
-30.59865
-30.13287
-38.96585
-39.6344
-42.34626
-47.4564
-55.98662
-70.66725
-93.64172
-118.207
-126.1411
-125.4442
-121.8231
-123.7682
-138.9844
-144.6793
-130.2775
-122.8992
-112.939
-93.87626
-68.70302
-53.62905
-44.14405
-37.87493
-33.70744
-31.03562
-29.52997
-29.08729
-30.78915
-31.30886
-33.44899
-37.52794
-44.32767
-55.46501
-75.45792
-97.08885
-113.0382
-117.451
-113.9231
-109.9627
-107.5623
-116.086
-124.6253
-123.258
-112.5019
-89.56858
-65.99505
-51.32211
-41.90489
-35.73193
-31.66211
-29.06628
-27.60279
-27.17769
-21.77001
-22.11475
-23.5636
-26.32683
-30.97181
-38.48401
-52.70166
-73.403
-88.64691
-94.83498
-90.86766
-88.86915
-112.4769
-124.1705
-120.6168
-117.5299
-105.3269
-78.43631
-58.5312
-45.78112
-37.50478
-32.05268
-28.44872
-26.14591
-24.84591
-24.47029
-12.5262
-12.6842
-13.40851
-14.83754
-17.26059
-21.20646
-27.73246
-41.5035
-56.64429
-62.65437
-57.19565
-54.46469
-82.9309
-109.8358
-113.9385
-106.7884
-91.11688
-63.76551
-47.65538
-37.81333
-31.41118
-27.13787
-24.28576
-22.44995
-21.40771
-21.10763
-3.610858
-3.595868
-3.64905
-3.826008
-4.19059
-4.902307
-6.223579
-8.371797
-13.2859
-12.12684
2.214088
-1.576739
-36.5435
-79.73527
-95.71341
-84.14959
-58.62721
-43.6494
-34.60211
-28.50814
-24.34497
-21.47541
-19.52013
-18.24351
-17.51009
-17.29802
4.549337
4.706694
5.204981
6.064142
7.428813
9.572436
12.93249
18.34043
25.64879
37.7871
58.96402
60.42973
27.85512
-17.50627
-37.61594
-35.33059
-27.7049
-24.03911
-21.22619
-18.88169
-17.00136
-15.5674
-14.52786
-13.82365
-13.40653
-13.28203
11.67959
11.93694
12.82163
14.39123
16.86306
20.55566
25.98976
33.70712
45.40458
58.69411
74.26326
81.02352
67.85729
38.4802
14.93105
0.5728842
-5.585546
-8.365877
-9.594602
-10.00799
-10.02123
-9.855443
-9.648275
-9.468106
-9.341495
-9.296562
17.64655
17.95552
19.03778
20.94027
23.83712
27.96306
33.64798
41.26891
50.85624
62.17559
70.33568
73.3347
65.18376
49.56554
32.84086
18.6666
9.139663
3.253172
-0.345737
-2.540798
-3.877322
-4.682851
-5.150181
-5.407188
-5.524842
-5.544643
22.43786
22.75758
23.88415
25.83847
28.72251
32.67506
37.81816
44.3183
51.56821
58.90757
63.92556
64.8192
59.52338
49.62743
37.92914
26.78305
17.77879
11.17278
6.544639
3.363649
1.19696
-0.2645841
-1.223102
-1.812624
-2.121711
-2.193429
26.12699
26.43193
27.5107
29.36025
32.0215
35.54413
39.93005
45.06076
50.42909
55.20654
58.17368
58.15225
54.30498
47.41682
38.90079
30.22244
22.4946
16.20249
11.37251
7.779031
5.16378
3.301582
2.01912
1.198298
0.7545662
0.6360888
28.8262
29.10499
30.09995
31.78798
34.16689
37.22148
40.87797
44.89877
48.84881
52.06568
53.82567
53.37806
50.33889
45.12395
38.55648
31.57847
24.9837
19.24821
14.56911
10.89042
8.081938
6.001871
4.523288
3.552075
3.02629
2.867637
30.64609
30.89944
31.8142
33.35086
35.48166
38.15475
41.25146
44.49679
47.52042
49.81742
50.88328
50.22329
47.62943
43.35416
37.93696
32.03363
26.24156
20.98474
16.53415
12.90882
10.049
7.869828
6.281037
5.205157
4.609237
4.526647
31.66202
31.90937
32.77506
34.21077
36.17943
38.61925
41.3821
44.18589
46.70176
48.5131
49.21611
48.44604
46.07184
42.27127
37.45211
32.13039
26.79451
21.83525
17.55485
14.00072
11.1473
8.937408
7.300853
6.15362
5.478325
4.951858
31.89514
32.15251
33.00821
34.42865
36.36551
38.74183
41.40181
44.08678
46.46763
48.14989
48.7541
47.95021
45.62814
41.94634
37.28077
32.11566
26.92392
22.07741
17.83827
14.29273
11.43289
9.207251
7.555186
6.404036
5.004824
0
