0.0000000 0.0000000
0.0000000 0.0000000
0.0000000 0.0000000
0.0000000 0.0000000
0.0000000 0.0000000
0.0000000 0.0000000
0.0000000 0.0000000
0.0000000 0.0000000
0.0000000 0.0000000
0.0000000 0.0000000
0.0000000 0.0000000
0.0000000 0.0000000
0.0000000 0.0000000
0.0000000 0.0000000
0.0000000 0.0000000
0.0000000 0.0000000
0.0000000 0.0000000
0.0000000 0.0000000
0.0000000 0.0000000
0.0000000 0.0000000
0.0000000 0.0000000
0.0000000 0.0000000
0.0000000 0.0000000
0.0000000 0.0000000
0.0000000 0.0000000
0.0000000 0.0000000
0.0000000 0.0000000
-0.8152486 0.5230366
-0.6955343 1.2616397
-0.7926133 2.0303228
-0.9078048 2.8851192
-1.0646807 3.8663054
-1.2512593 4.9893899
-1.4632174 6.2677975
-1.7419094 7.7112083
-2.2572808 9.3336697
-3.2737746 11.3109064
-6.5550704 13.6715412
8.9633074 12.9545622
14.9421234 -10.5547647
-4.6414084 -9.3516684
-1.9389493 -7.9602556
-0.9804112 -6.3876362
-0.7905937 -5.5170774
-0.7753521 -4.6499891
-0.7721426 -3.8102181
-0.7227974 -3.0200138
-0.6614602 -2.3023567
-0.6033729 -1.6546813
-0.5525488 -1.0696232
-0.6078045 -0.4720262
0.0000000 0.0000000
0.0000000 0.0000000
-1.6145494 0.5777015
-1.4487576 1.2581986
-1.6106179 1.9984434
-1.8284934 2.8177993
-2.0979230 3.7677681
-2.4032960 4.8732800
-2.7452919 6.1393681
-3.1736879 7.5639610
-3.8294764 9.0509892
-5.4721036 10.1731043
3.1188259 8.6942759
17.8497276 8.5923996
26.5115070 -6.1449690
8.0253906 -6.8602347
-3.0742986 -7.8547406
-1.9546559 -6.5959091
-1.6777126 -5.4857936
-1.6574181 -4.6295414
-1.6261021 -3.7383678
-1.5021358 -2.9406881
-1.3548039 -2.2296247
-1.2279994 -1.5935756
-1.1290213 -1.0301530
-1.2184092 -0.4450133
0.0000000 0.0000000
0.0000000 0.0000000
-2.2177448 0.5401499
-2.1285837 1.1187063
-2.3377199 1.7777205
-2.6620371 2.5172997
-3.0755963 3.4034507
-3.5550213 4.5067687
-4.0206766 5.8924317
-4.4423094 7.4086375
-5.6022592 8.9654942
-5.5068421 9.1566353
-3.4112804 3.6370990
24.4724884 5.4986544
32.9624519 -7.0250998
2.1294792 -4.3642807
-2.0902312 -7.5137653
-3.4194999 -7.4984541
-2.6112661 -6.0160446
-2.8191993 -4.6232872
-2.5457857 -3.6186111
-2.2671444 -2.7792420
-2.0130017 -2.0670679
-1.8093957 -1.4560728
-1.6675017 -0.9233303
-1.6987023 -0.4024925
0.0000000 0.0000000
0.0000000 0.0000000
-2.6382723 0.4755031
-2.7000580 0.9402487
-2.9675908 1.4881961
-3.4026299 2.1099775
-3.9956102 2.8578544
-4.7484331 3.8149459
-5.5735583 5.1566706
-6.1402507 7.4154153
-7.7764015 9.3377113
-1.3798610 6.1169672
8.5823250 -4.1283712
24.1485291 3.4400468
29.7373581 -5.4454212
6.5506001 -3.5596409
-0.2165165 -7.1077104
-4.5513792 -7.5499406
-4.7449107 -6.2693472
-4.1481161 -4.5258946
-3.5509477 -3.3787251
-3.0292435 -2.4913285
-2.6273687 -1.8014286
-2.3324506 -1.2444704
-2.1434224 -0.7707114
-2.0420055 -0.3394973
0.0000000 0.0000000
0.0000000 0.0000000
-2.8838453 0.3868695
-3.1281092 0.7330722
-3.4589825 1.1478441
-3.9777040 1.6316204
-4.7325091 2.2268369
-5.8017793 2.9892857
-7.3380408 3.9614174
-9.4151306 5.0264826
-4.8649240 5.5399942
2.0440557 3.1279297
14.6805792 -4.8523717
24.6691589 0.7138252
26.9400196 -3.8582547
9.1790075 -3.8472691
2.5647843 -4.8710246
-4.1138830 -6.1901002
-7.1565728 -4.2056413
-5.6555414 -3.8255396
-4.4927940 -2.7957563
-3.7051497 -1.9814376
-3.1496477 -1.3958546
-2.7649214 -0.9483374
-2.5170131 -0.5770288
-2.2676346 -0.2560474
0.0000000 0.0000000
0.0000000 0.0000000
-2.9882319 0.2728477
-3.3955317 0.4927674
-3.7811067 0.7546439
-4.3562484 1.0648308
-5.2031975 1.4749951
-6.4587626 2.0767832
-8.5644913 2.7347596
-10.6215343 1.9040182
-2.5216799 2.1106527
3.6053030 2.0012615
18.7404499 -4.9937506
24.8974724 -0.2283172
26.2790852 -3.1367002
10.4018049 -2.2727208
4.1855416 -2.6084514
-2.7209020 -3.0097146
-8.1860933 -1.6090896
-6.8927317 -2.2167084
-5.1900401 -1.7364802
-4.1977348 -1.2213746
-3.5235391 -0.8580567
-3.0694139 -0.5847649
-2.7667189 -0.3556414
-2.4061029 -0.1555518
0.0000000 0.0000000
0.0000000 0.0000000
-2.9988048 0.1425797
-3.5055618 0.2149600
-3.9069409 0.2896870
-4.4905734 0.3553962
-5.3625746 0.3761147
-6.6740985 0.4720349
-9.2637110 0.2433309
-9.9742832 -1.8991742
-1.6728122 -0.0293602
3.9669926 -0.4997161
20.6611538 -6.0867801
24.7649441 -0.7706378
23.8364735 -2.6321278
9.4772253 -1.7510369
3.5141497 0.0276745
-3.4531994 -0.0286805
-8.4029446 0.6794092
-7.4014378 -0.0836622
-5.4920869 -0.3414296
-4.4002056 -0.3244340
-3.6925726 -0.2660602
-3.2177861 -0.2002963
-2.8937817 -0.1269118
-2.4878664 -0.0494408
0.0000000 0.0000000
0.0000000 0.0000000
-2.9764199 0.0094819
-3.4780221 -0.0759129
-3.8384986 -0.1938524
-4.3511066 -0.3704832
-5.1092458 -0.7012639
-6.2016177 -1.1764435
-8.3796005 -2.2430899
-8.5360193 -4.2171664
0.9692532 -6.1435800
9.7587147 -6.9605808
19.0048027 -7.9321842
26.5297031 -1.1516219
22.8401432 -2.6805444
9.3239241 -0.5036830
2.0087378 3.3983729
-3.1467354 3.0639722
-8.1575909 3.4268258
-6.7853956 1.6951016
-5.2647052 0.9120761
-4.2831059 0.5068674
-3.6403229 0.2826646
-3.2078290 0.1566632
-2.9069941 0.0870830
-2.5168872 0.0479685
0.0000000 0.0000000
0.0000000 0.0000000
-2.8795695 -0.1122551
-3.3091176 -0.3226336
-3.5937402 -0.5892208
-3.9805984 -0.9479684
-4.5241842 -1.5154067
-5.2459750 -2.3287261
-6.4499564 -4.0904098
-6.1745648 -7.2352409
-1.9348969 -8.7098789
9.5500956 -8.2449169
16.1704483 -6.1466732
24.0524960 -2.0909214
17.6725216 3.7961299
10.3429832 3.3414199
2.2160084 4.9063849
-1.9133390 5.2690811
-6.9193687 4.7438488
-5.6044750 2.7541344
-4.6188951 1.7443378
-3.8972254 1.1306478
-3.3957908 0.7274879
-3.0505061 0.4577274
-2.8014905 0.2709660
-2.4426255 0.1302312
0.0000000 0.0000000
0.0000000 0.0000000
-2.6793132 -0.2074189
-3.0311573 -0.5064746
-3.2238419 -0.8715656
-3.4631436 -1.3467282
-3.7653518 -2.0439959
-4.1133533 -3.0018220
-4.4779472 -4.7857614
-4.5961623 -6.7398205
-0.4220385 -9.0245857
7.9062700 -6.7149587
14.3788309 -5.7964134
18.9559078 -2.2023804
15.1241550 0.1750190
9.1073694 4.2234483
0.2920469 6.3521829
-3.3710320 8.0328598
-4.0747542 5.1969867
-4.0466986 3.3368874
-3.7034166 2.2311387
-3.3289943 1.5206548
-3.0176461 1.0308230
-2.7838645 0.6763213
-2.6016436 0.4091261
-2.2841642 0.1916067
0.0000000 0.0000000
0.0000000 0.0000000
-2.4079633 -0.2707001
-2.6855130 -0.6201019
-2.7883890 -1.0317855
-2.8873742 -1.5462329
-2.9743295 -2.2454512
-3.0092990 -3.1348140
-2.9059901 -4.4323101
-2.5048060 -5.7462335
0.1846891 -7.8398561
4.6503444 -6.1620688
10.5217714 -2.0143929
13.7490587 1.2439891
11.8759527 4.3934984
5.5300412 8.3676853
0.3124154 8.8378448
-1.4029744 6.5034966
-2.2669847 4.7560434
-2.6545904 3.4160933
-2.7449412 2.4199972
-2.6850235 1.7099613
-2.5678935 1.1968174
-2.4514444 0.8068675
-2.3386834 0.4957891
-2.0663497 0.2299347
0.0000000 0.0000000
0.0000000 0.0000000
-2.0992901 -0.3025479
-2.3104670 -0.6670534
-2.3377905 -1.0810575
-2.3225100 -1.5713271
-2.2447879 -2.1762979
-2.0515289 -2.8841670
-1.6244123 -3.7288742
-0.7893615 -4.6529961
0.8879061 -5.2439284
3.4120686 -5.5738559
6.4040809 -2.7750137
7.9356298 2.1198020
6.5704098 4.6764522
3.9644687 5.8298259
1.5249859 5.7864556
-0.1403863 4.9750633
-1.1484075 3.9989741
-1.6915394 3.1060283
-1.9554186 2.3469470
-2.0797081 1.7291909
-2.1090944 1.2465271
-2.0932574 0.8591609
-2.0434866 0.5349051
-1.8151233 0.2469290
0.0000000 0.0000000
0.0000000 0.0000000
-1.7820796 -0.3074034
-1.9389743 -0.6590709
-1.9095557 -1.0430666
-1.8161590 -1.4725986
-1.6355695 -1.9586190
-1.3200485 -2.4834666
-0.7792290 -3.0302603
0.1025713 -3.4865308
1.3747649 -3.6737173
2.6170597 -3.3217747
4.0938663 -2.2421098
4.9250636 0.1087188
4.5246563 1.8199682
3.2432382 3.1274931
1.7013067 3.7214863
0.4140113 3.6212208
-0.4867806 3.1824520
-1.0464889 2.6418040
-1.3723110 2.1089673
-1.5765402 1.6252705
-1.6898643 1.2068942
-1.7433226 0.8491777
-1.7418723 0.5351290
-1.5536447 0.2467498
0.0000000 0.0000000
0.0000000 0.0000000
-1.4781518 -0.2919644
-1.5933940 -0.6130719
-1.5287637 -0.9503900
-1.3915088 -1.3076651
-1.1669122 -1.6820025
-0.8161937 -2.0527189
-0.2856559 -2.3849711
0.4296165 -2.5968020
1.2953489 -2.5838747
2.1412234 -2.1772802
2.9155669 -1.3253913
3.3637099 0.0492283
3.1744411 1.1595896
2.4382041 2.0006132
1.5110402 2.5104771
0.6158467 2.6252503
-0.1101687 2.4648087
-0.6237059 2.1621504
-0.9554840 1.8085459
-1.1827478 1.4489766
-1.3327984 1.1086943
-1.4241611 0.7958973
-1.4538547 0.5073665
-1.2998239 0.2343197
0.0000000 0.0000000
0.0000000 0.0000000
-1.2024522 -0.2641155
-1.2860849 -0.5457562
-1.2053390 -0.8315787
-1.0526150 -1.1193107
-0.8220847 -1.4005537
-0.4901811 -1.6548069
-0.0337020 -1.8449082
0.5075272 -1.9217939
1.1072055 -1.8176888
1.6580696 -1.4643111
2.1212358 -0.8378160
2.3635359 0.0230591
2.2603574 0.7764564
1.8309481 1.3617816
1.2435436 1.7593297
0.6289478 1.9249128
0.0794824 1.8950498
-0.3537186 1.7356466
-0.6605577 1.5080616
-0.8821243 1.2483164
-1.0406133 0.9808453
-1.1459936 0.7177876
-1.1914842 0.4624721
-1.0658863 0.2142411
0.0000000 0.0000000
0.0000000 0.0000000
-0.9618829 -0.2304823
-1.0231626 -0.4704256
-0.9382263 -0.7068899
-0.7897362 -0.9343539
-0.5760509 -1.1423042
-0.2866732 -1.3126495
0.0768064 -1.4173011
0.4803409 -1.4248027
0.8975526 -1.2974344
1.2685581 -1.0087038
1.5610845 -0.5553536
1.7034028 0.0151663
1.6388942 0.5400812
1.3751711 0.9646305
0.9917737 1.2712837
0.5662333 1.4330777
0.1595872 1.4599222
-0.1887451 1.3825635
-0.4540710 1.2378554
-0.6548269 1.0525101
-0.8052264 0.8456254
-0.9103730 0.6294648
-0.9605237 0.4097607
-0.8580151 0.1906167
0.0000000 0.0000000
0.0000000 0.0000000
-0.7581411 -0.1958159
-0.8033174 -0.3962818
-0.7229254 -0.5886822
-0.5882922 -0.7664215
-0.4033803 -0.9193358
-0.1638349 -1.0321108
0.1169871 -1.0863137
0.4152232 -1.0617813
0.7098138 -0.9396705
0.9652893 -0.7100063
1.1572709 -0.3798375
1.2460870 0.0155391
1.2043998 0.3897587
1.0342035 0.7042581
0.7778665 0.9422131
0.4797804 1.0846394
0.1809354 1.1326458
-0.0898756 1.1006188
-0.3104281 1.0093502
-0.4838003 0.8768202
-0.6173725 0.7176612
-0.7134028 0.5419689
-0.7619065 0.3561106
-0.6780299 0.1664424
0.0000000 0.0000000
0.0000000 0.0000000
-0.5894643 -0.1632432
-0.6224448 -0.3283978
-0.5516506 -0.4836005
-0.4357647 -0.6218415
-0.2819117 -0.7343542
-0.0916122 -0.8090610
0.1225494 -0.8339884
0.3427897 -0.7973124
0.5527160 -0.6899578
0.7321308 -0.5096508
0.8619660 -0.2650782
0.9193556 0.0181902
0.8914039 0.2919490
0.7785473 0.5286148
0.6026635 0.7143167
0.3925443 0.8351330
0.1732727 0.8883796
-0.0335783 0.8803865
-0.2104532 0.8229456
-0.3544180 0.7276340
-0.4681849 0.6046864
-0.5503790 0.4624208
-0.5927887 0.3063818
-0.5247114 0.1439836
0.0000000 0.0000000
0.0000000 0.0000000
-0.4515896 -0.1344993
-0.4755619 -0.2696750
-0.4156112 -0.3944490
-0.3206728 -0.5021951
-0.1968513 -0.5854120
-0.0488516 -0.6354751
0.1116576 -0.6441461
0.2741834 -0.6048833
0.4252405 -0.5138040
0.5513870 -0.3720924
0.6415281 -0.1875302
0.6804039 0.0215549
0.6600643 0.2263857
0.5838133 0.4078765
0.4619555 0.5541860
0.3120658 0.6550505
0.1525953 0.7067465
-0.0030876 0.7114573
-0.1415144 0.6753197
-0.2564054 0.6059853
-0.3487615 0.5103642
-0.4161971 0.3947274
-0.4495457 0.2638735
-0.3943529 0.1248410
0.0000000 0.0000000
0.0000000 0.0000000
-0.3393718 -0.1104316
-0.3566866 -0.2211262
-0.3081665 -0.3217998
-0.2327095 -0.4064994
-0.1369879 -0.4689482
-0.0244137 -0.5027721
0.0946729 -0.5029508
0.2126139 -0.4653370
0.3216520 -0.3891349
0.4107400 -0.2764497
0.4726975 -0.1341016
0.4998010 0.0249407
0.4858418 0.1818842
0.4322837 0.3238331
0.3480138 0.4409757
0.2417521 0.5252152
0.1257955 0.5728288
0.0114742 0.5839392
-0.0934119 0.5617388
-0.1823339 0.5107427
-0.2531959 0.4357521
-0.3045184 0.3411339
-0.3279276 0.2307023
-0.2825791 0.1102287
0.0000000 0.0000000
0.0000000 0.0000000
-0.2479632 -0.0912577
-0.2596007 -0.1827924
-0.2224126 -0.2650240
-0.1650105 -0.3326379
-0.0934095 -0.3806047
-0.0113085 -0.4039666
0.0751938 -0.3996435
0.1596105 -0.3653194
0.2358947 -0.3011107
0.2986429 -0.2100789
0.3411766 -0.0972635
0.3586635 0.0276146
0.3496417 0.1516716
0.3128941 0.2653742
0.2538058 0.3612065
0.1801315 0.4324541
0.0979874 0.4756889
0.0154869 0.4900427
-0.0603141 0.4770773
-0.1253303 0.4395936
-0.1767617 0.3806640
-0.2113669 0.3031049
-0.2228450 0.2090402
-0.1837834 0.1018810
0.0000000 0.0000000
0.0000000 0.0000000
-0.1723362 -0.0768074
-0.1793622 -0.1540920
-0.1522638 -0.2227301
-0.1115720 -0.2780525
-0.0608888 -0.3159442
-0.0037010 -0.3326769
0.0551580 -0.3259917
0.1131817 -0.2949130
0.1648046 -0.2400080
0.2061526 -0.1641997
0.2347804 -0.0719920
0.2460412 0.0295101
0.2388689 0.1311327
0.2149745 0.2252575
0.1753767 0.3057343
0.1252070 0.3673148
0.0700602 0.4066912
0.0138580 0.4227656
-0.0382699 0.4161800
-0.0819636 0.3889637
-0.1151246 0.3433881
-0.1337077 0.2813520
-0.1295929 0.2034381
-0.0849196 0.1096434
0.0000000 0.0000000
0.0000000 0.0000000
-0.1082014 -0.0667344
-0.1111426 -0.1333112
-0.0930566 -0.1916669
-0.0670628 -0.2378507
-0.0355198 -0.2682732
0.0003012 -0.2801697
0.0368079 -0.2724176
0.0718671 -0.2440885
0.1036923 -0.1963040
0.1284877 -0.1315706
0.1447252 -0.0539268
0.1516447 0.0310773
0.1468103 0.1165111
0.1313153 0.1964448
0.1074400 0.2655284
0.0766025 0.3194041
0.0424857 0.3551406
0.0083654 0.3716275
-0.0232234 0.3692856
-0.0492263 0.3500763
-0.0666197 0.3165624
-0.0695330 0.2729766
-0.0361869 0.2294551
0.0785948 0.1994917
0.0000000 0.0000000
0.0000000 0.0000000
-0.0523476 -0.0571963
-0.0505361 -0.1088762
-0.0414279 -0.1539603
-0.0289023 -0.1886695
-0.0140843 -0.2102031
0.0021623 -0.2167491
0.0190962 -0.2089616
0.0350533 -0.1853467
0.0489781 -0.1467699
0.0601942 -0.0955821
0.0669473 -0.0350869
0.0690347 0.0304372
0.0665269 0.0962764
0.0588085 0.1582537
0.0471323 0.2121278
0.0328941 0.2543878
0.0170960 0.2828433
0.0014385 0.2965113
-0.0125418 0.2961400
-0.0236230 0.2838895
-0.0295613 0.2623915
-0.0195692 0.2449773
0.0727024 0.3023460
0.3221049 0.4363371
0.0000000 0.0000000
0.0000000 0.0000000
0.0000000 0.0000000
0.0000000 0.0000000
0.0000000 0.0000000
0.0000000 0.0000000
0.0000000 0.0000000
0.0000000 0.0000000
0.0000000 0.0000000
0.0000000 0.0000000
0.0000000 0.0000000
0.0000000 0.0000000
0.0000000 0.0000000
0.0000000 0.0000000
0.0000000 0.0000000
0.0000000 0.0000000
0.0000000 0.0000000
0.0000000 0.0000000
0.0000000 0.0000000
0.0000000 0.0000000
0.0000000 0.0000000
0.0000000 0.0000000
0.0000000 0.0000000
0.0000000 0.0000000
0.0000000 0.0000000
0.0000000 0.0000000
0.0000000 0.0000000
0.0000000 0.0000000
-0.1950561 0.2139104
0.0000000 0.0000000
-0.6919228 0.1638862
-0.3090481 0.7557523
-0.2629918 1.2447038
0.0000000 0.0000000
-0.7165871 0.9484526
-0.2664042 1.6899911
-0.2862993 2.1278546
0.0000000 0.0000000
-0.7420983 1.6697899
-0.2936543 2.6311104
-0.3100550 3.1311960
0.0000000 0.0000000
-0.8494955 2.4649560
-0.3296153 3.6852038
-0.3498615 4.2632384
0.0000000 0.0000000
-0.9900471 3.3761857
-0.3785240 4.8979712
-0.4027289 5.5646291
0.0000000 0.0000000
-1.1636696 4.4202318
-0.4333223 6.3015761
-0.4651586 7.0700502
0.0000000 0.0000000
-1.3617569 5.6114531
-0.4984837 7.9380722
-0.5498568 8.8164291
0.0000000 0.0000000
-1.5863769 6.9547014
-0.5888988 9.8817739
-0.6972478 10.8938532
0.0000000 0.0000000
-1.8961384 8.4805050
-0.7899655 12.3402319
-1.0246369 13.6437893
0.0000000 0.0000000
-2.4691882 10.4119177
-1.4003825 15.7202291
-1.5641805 18.1333351
0.0000000 0.0000000
-3.9119768 14.2627831
-1.1889442 20.5677643
-2.1370845 23.2898540
0.0000000 0.0000000
2.5480905 13.7852697
5.2051983 15.4625635
7.5215611 10.0671425
0.0000000 0.0000000
12.3959198 9.3095932
11.8710279 -8.4674025
-1.6299444 -8.0167418
0.0000000 0.0000000
11.2441902 -2.3438547
-0.7324464 -12.1809969
-0.4143196 -12.0230198
0.0000000 0.0000000
-5.2514157 -9.4796953
-0.0587177 -9.4038277
-0.3706163 -8.6356125
0.0000000 0.0000000
-1.3245686 -7.3680820
-0.3654613 -7.9319324
-0.3721077 -7.3051176
0.0000000 0.0000000
-0.8732205 -6.0573468
-0.3631684 -6.7134919
-0.3709916 -6.1821294
0.0000000 0.0000000
-0.7688270 -5.1272283
-0.3586622 -5.6128359
-0.3381893 -5.0930495
0.0000000 0.0000000
-0.7792556 -4.2247190
-0.3217095 -4.5714483
-0.3065681 -4.0769992
0.0000000 0.0000000
-0.7475324 -3.3948221
-0.2946633 -3.6083336
-0.2722507 -3.1398840
0.0000000 0.0000000
-0.6893060 -2.6272764
-0.2635598 -2.7355862
-0.2405940 -2.3044846
0.0000000 0.0000000
-0.6273618 -1.9418637
-0.2348346 -1.9511589
-0.2162019 -1.5585798
0.0000000 0.0000000
-0.5729858 -1.3298343
-0.2120018 -1.2355809
-0.2014580 -0.8803374
0.0000000 0.0000000
-0.5521001 -0.7703708
-0.2191233 -0.5359156
-0.2216360 -0.1820783
0.0000000 0.0000000
-0.5060249 -0.1754662
0.0000000 0.0000000
0.0000000 0.0000000
-1.0331345 0.2509697
-1.4383858 0.1980138
-1.2240204 0.6429853
-1.0812246 1.0416416
-1.4492909 0.9210114
-1.0758687 1.4030915
-1.1387628 1.7977257
-1.5220541 1.6302391
-1.1976341 2.1989188
-1.2707162 2.6230533
-1.7079507 2.3956983
-1.3520198 3.0689144
-1.4450711 3.5518935
-1.9632294 3.2675469
-1.5498110 4.0567365
-1.6505274 4.6075249
-2.2760046 4.2712817
-1.7802440 5.1801133
-1.8836108 5.8046088
-2.6233907 5.4261928
-2.0414979 6.4596310
-2.1793616 7.1386223
-3.0088470 6.7266994
-2.3791347 7.9260421
-2.6725965 8.5962782
-3.4941800 8.0234995
-2.9303105 9.6059990
-3.8409050 10.0715103
-4.3323364 9.1765728
-4.9259806 11.5776978
-7.7619162 12.9107523
-7.4038467 10.7529135
-0.8247169 10.9811220
6.9500198 11.7470770
12.7501678 10.8327169
11.8235006 8.7117462
17.7166748 5.0129833
22.5528870 3.3226917
23.8610687 -6.2449250
13.0926228 -5.2175441
17.7720451 -5.8877659
4.2663689 -8.7735348
-5.4877124 -8.1057215
-3.2205729 -7.1290607
-2.5698164 -7.4319148
-2.1890142 -7.3180485
-2.5159636 -7.4525404
-1.6221594 -6.3863764
-1.4749562 -6.0325999
-1.7429074 -6.0575747
-1.3755888 -5.5376325
-1.3722649 -5.1983294
-1.6730719 -5.0707664
-1.3478249 -4.7367177
-1.3149885 -4.2992611
-1.6300819 -4.1598177
-1.2803011 -3.8609204
-1.2053268 -3.4319265
-1.5668571 -3.2683365
-1.1532865 -3.0677240
-1.0781289 -2.6531196
-1.4256721 -2.5098221
-1.0294933 -2.3414116
-0.9634652 -1.9628412
-1.2843105 -1.8490933
-0.9258817 -1.6819892
-0.8706729 -1.3370739
-1.1716771 -1.2583399
-0.8414803 -1.0836709
-0.8263180 -0.7610877
-1.1189979 -0.7244789
-0.8980104 -0.4647478
-0.8168637 -0.1691839
-1.0919045 -0.1641173
0.0000000 0.0000000
0.0000000 0.0000000
-1.7694319 0.2105050
-2.1218426 0.1947208
-1.9164497 0.5732566
-1.7652109 0.8800903
-2.0906956 0.7979339
-1.7924167 1.2126188
-1.8710355 1.5599734
-2.2174315 1.4361129
-1.9715009 1.9199523
-2.0889380 2.2971733
-2.4858544 2.1338758
-2.2378299 2.7000473
-2.3797727 3.1496553
-2.8693452 2.9436908
-2.5802455 3.6122911
-2.7250679 4.1540618
-3.3576868 3.9099295
-2.9778998 4.6988120
-3.1194320 5.3410096
-3.9141111 5.0663400
-3.4193230 5.9696879
-3.5453570 6.7467852
-4.4651651 6.4378772
-3.8732090 7.3802004
-3.9249172 8.2714939
-5.1867623 7.9690242
-4.2458401 9.0108709
-5.1229992 9.6149158
-5.6423054 9.7714643
-5.1722407 10.4564219
-6.8546624 8.4504995
-3.8657899 8.3970451
-5.9294715 6.9772029
10.6601200 7.0625138
14.5130892 3.5595050
20.2676315 6.6024070
26.0877743 3.2633014
35.2481728 -1.9752337
31.4401169 -5.7274857
21.8261776 -4.7125926
24.2821999 -2.7702565
-3.0712650 -5.3875113
-2.6374221 -6.4757824
0.1741681 -5.3434954
-3.2386973 -7.6589427
-3.5071843 -7.7907290
-3.1238413 -7.7504649
-3.0538883 -7.0154524
-2.7030694 -6.4714603
-2.9849586 -6.8879466
-2.3808050 -5.6759062
-2.2752271 -5.1318812
-2.6887257 -5.1986437
-2.3196948 -4.6393008
-2.2307692 -4.1388187
-2.6579456 -3.9966016
-2.1586921 -3.7109821
-2.0145028 -3.1887617
-2.4021564 -3.0452571
-1.9225504 -2.8800058
-1.7872014 -2.4244268
-2.1324844 -2.2976339
-1.7012854 -2.1628478
-1.5929502 -1.7799671
-1.9003842 -1.6787416
-1.5262654 -1.5344442
-1.4459497 -1.2076123
-1.7281873 -1.1336571
-1.3977935 -0.9830501
-1.3627138 -0.6885343
-1.6306527 -0.6458877
-1.4423007 -0.4233693
-1.3695457 -0.1659355
-1.6423007 -0.1606435
0.0000000 0.0000000
0.0000000 0.0000000
-2.4283605 0.1856405
-2.7313180 0.1698792
-2.4360008 0.5120273
-2.3639307 0.7236952
-2.6423607 0.6381701
-2.4221327 1.0362635
-2.5236845 1.3127921
-2.8133276 1.1702334
-2.6634066 1.6436187
-2.8297267 1.9629101
-3.1689022 1.7575244
-3.0456066 2.3263295
-3.2557118 2.7355323
-3.6880960 2.4565382
-3.5542445 3.1398199
-3.7808342 3.6949482
-4.3846917 3.3408825
-4.1723285 4.1528125
-4.3461480 4.9133301
-5.2559695 4.4970603
-4.8630757 5.4701362
-4.9613018 6.3739376
-6.1135192 6.0001888
-5.6323323 6.9764581
-5.5899181 8.5956411
-7.3832054 8.4163818
-6.0143871 9.5375605
-6.1515069 9.3821602
-4.4386139 8.0964918
-3.3222485 7.8179636
-2.4896123 6.7213936
-2.2945764 5.6622443
3.4112408 -3.1812644
11.5282230 1.9156144
14.1213627 -0.4022623
22.0536804 2.2615397
34.0404739 -1.0219386
36.3171501 -6.7761602
34.3828278 -4.6438575
17.7040730 -2.1876936
15.8297024 -1.6042631
4.6827445 -3.4383280
1.9135301 -5.0967212
3.4743392 -4.4320974
-1.1144896 -7.2469258
-3.1181014 -7.6879907
-2.7613902 -7.3048673
-4.1403069 -7.6052899
-4.3037481 -7.4501247
-5.0352569 -7.4146605
-3.8690443 -6.3583789
-3.6108956 -5.4714222
-4.4291534 -5.5838385
-3.5714488 -4.6005654
-3.2713990 -3.9068844
-3.8273091 -3.6620374
-3.0956266 -3.5451479
-2.8463838 -2.8998382
-3.2832735 -2.6904073
-2.6725569 -2.6614430
-2.4706724 -2.1654601
-2.8156881 -1.9936975
-2.3309102 -1.9480811
-2.1768858 -1.5731761
-2.4676013 -1.4399097
-2.0739574 -1.3582574
-1.9697572 -1.0600415
-2.2258799 -0.9673454
-1.9033750 -0.8526664
-1.8509189 -0.5991222
-2.0893064 -0.5462594
-1.8571651 -0.3718767
-1.8973571 -0.1566831
-2.1485069 -0.1463299
0.0000000 0.0000000
0.0000000 0.0000000
-2.9935653 0.1522614
-3.2335615 0.1306085
-2.7771554 0.4347541
-2.8718908 0.5452026
-3.0919368 0.4512665
-2.9280229 0.8414418
-3.0704706 1.0089742
-3.2881367 0.8425610
-3.2348900 1.3271534
-3.4664340 1.5195824
-3.7122083 1.2702893
-3.7227688 1.8831573
-4.0396962 2.1351991
-4.3552446 1.7813867
-4.4135227 2.5506706
-4.7997341 2.9598415
-5.2751894 2.4749479
-5.3336496 3.3850906
-5.6715693 4.1925468
-6.5241060 3.5240886
-6.4049196 4.5500274
-6.6151438 6.0461950
-8.2498980 5.4385500
-7.9131374 6.4780626
-8.5617762 8.0307503
-8.3104448 6.9447880
-6.1700850 8.6154146
-1.4266921 5.7524529
-1.2560660 3.8334985
1.5060108 4.6096063
1.4019428 5.2638149
1.2633502 2.0958214
12.1053638 -5.1215553
16.1938591 -2.6200073
18.5633087 -2.9569306
24.5162678 0.3462504
39.2638054 -5.8183050
37.3292847 -5.5306478
30.3459988 -3.3063447
17.1674099 -1.7215593
17.4357681 -2.0701118
8.7683592 -3.8181987
5.3929124 -4.8593836
5.9173460 -3.8397434
1.5852594 -6.3825135
-1.7020838 -6.7025175
-1.4523723 -5.7638555
-4.0475368 -6.9931970
-5.5288615 -6.9909673
-6.1834245 -6.4207826
-5.9874988 -5.4795814
-5.6863136 -5.4732857
-6.8239083 -4.8994713
-5.0308390 -4.3293715
-4.4153132 -3.3833573
-5.0330663 -2.9830160
-4.0557408 -3.1425564
-3.6697681 -2.4329102
-4.0945272 -2.1221445
-3.3793812 -2.2634087
-3.1041257 -1.7948446
-3.4180298 -1.5629346
-2.8936200 -1.6133853
-2.6977937 -1.2924405
-2.9475589 -1.1246154
-2.5502679 -1.1041397
-2.4232652 -0.8681396
-2.6362936 -0.7568178
-2.3287284 -0.6786533
-2.2768922 -0.4879932
-2.4758897 -0.4270666
-2.1433830 -0.2992746
-2.3688869 -0.1336010
-2.5788217 -0.1175614
0.0000000 0.0000000
0.0000000 0.0000000
-3.4328427 0.1071602
-3.5888712 0.0794594
-2.9582870 0.3341928
-3.2659450 0.3491802
-3.4124217 0.2526598
-3.2800355 0.6184288
-3.4811716 0.6558136
-3.6126819 0.4777850
-3.6468544 0.9603221
-3.9371758 0.9839413
-4.0731702 0.7111108
-4.2087035 1.3650504
-4.6382475 1.3608836
-4.7919507 0.9665402
-5.0379801 1.8808188
-5.6626072 1.8538116
-5.8665819 1.2974179
-6.2615819 2.5573845
-7.0595679 2.6650734
-7.4885631 1.8868487
-8.1296749 3.3563888
-9.0516739 4.6460714
-10.1425180 3.4934089
-9.8719645 3.7137737
-7.4272189 5.2046919
-7.1917620 3.9611950
-2.6056957 3.2450006
0.9319887 3.2622108
-0.6622960 2.5518167
4.3966956 2.8394454
4.5272632 1.9483662
6.4302154 1.1536803
16.9069958 -4.7333474
20.1537590 -4.2514253
21.6924477 -4.8072724
25.3705502 -0.0476799
37.1779175 -4.6582685
34.0793533 -4.8023167
26.7587700 -3.5665109
18.2209873 -1.7913570
18.3239231 -1.7241997
10.3757477 -2.8427451
6.8014917 -2.2804832
6.8068419 -2.2492673
4.0012107 -3.9814243
-0.8230225 -4.1568594
-0.6624821 -2.8081164
-3.1400905 -4.5671678
-6.1997132 -5.1444483
-6.6096449 -3.7371135
-7.5428333 -2.8555942
-7.5776987 -4.0686817
-8.3719101 -3.0364881
-6.3364000 -3.2416289
-5.4724469 -2.4770699
-6.0159655 -1.9093728
-4.8752627 -2.3382552
-4.3693905 -1.7442861
-4.6908984 -1.3356351
-3.9595184 -1.6268466
-3.6219265 -1.2913232
-3.8567717 -0.9986489
-3.3379278 -1.1396025
-3.1114721 -0.9340395
-3.2930512 -0.7336730
-2.9173055 -0.7733770
-2.7788787 -0.6323550
-2.9288173 -0.5040046
-2.6424015 -0.4700833
-2.6192727 -0.3589029
-2.7596521 -0.2890892
-2.3325968 -0.2075509
-2.7454355 -0.0969855
-2.8953969 -0.0782739
0.0000000 0.0000000
0.0000000 0.0000000
-3.7146149 0.0500978
-3.7687628 0.0208809
-3.0270636 0.2124609
-3.5132902 0.1485533
-3.5671844 0.0511427
-3.4741213 0.3598369
-3.7260389 0.2809182
-3.7525628 0.0974982
-3.8777275 0.5339220
-4.2046423 0.4001808
-4.2061701 0.1100506
-4.4758062 0.7317857
-4.9558420 0.5031693
-4.9242840 0.0647692
-5.3697882 0.9821308
-6.1133223 0.5919430
-6.0191574 -0.0782622
-6.7536430 1.3989849
-7.8840637 0.7787253
-7.7435441 -0.1925285
-9.2874765 1.5987262
-10.6348457 1.9156419
-10.3921528 0.0351427
-10.2961903 0.4217880
-6.1345148 2.3511572
-6.2069006 -0.4397428
-1.2389792 1.3805515
1.6943928 0.1999625
1.4153925 0.4582391
4.2199869 0.9649323
9.4787703 -0.3033274
12.8771505 -2.8730779
21.6282864 -5.6037517
22.6632252 -6.7755141
21.5853939 -5.5485835
26.0583878 -0.9376675
33.4032059 -4.2746119
29.9227409 -4.0557885
25.0528088 -3.2920566
18.7075481 -1.6932271
18.8662224 -1.5138564
10.3437405 -1.8889818
6.4917712 -1.9590511
6.2413573 -1.5564644
4.6589603 -1.0881488
0.5842890 -1.8151182
-0.7193527 -1.3453718
-2.3883665 -1.8846672
-6.5140905 -1.9954911
-6.2793574 -0.4161497
-8.1099176 -0.6486463
-8.5211716 -1.7102824
-8.8541641 -0.4242951
-7.1691484 -1.2082007
-6.1653438 -1.1323079
-6.4064908 -0.4436800
-5.3404207 -1.0614111
-4.7876649 -0.8452117
-4.9409328 -0.4016142
-4.2934833 -0.7781337
-3.9324799 -0.6624785
-4.0429173 -0.3556398
-3.6046762 -0.5639324
-3.3664203 -0.5052188
-3.4542000 -0.2964752
-3.1433494 -0.3931596
-3.0055614 -0.3586837
-3.0784242 -0.2252143
-2.8328700 -0.2409504
-2.8497522 -0.2134713
-2.9140487 -0.1417958
-2.4556587 -0.1041794
-2.9973404 -0.0552568
-3.0750189 -0.0353308
0.0000000 0.0000000
0.0000000 0.0000000
-3.8154545 -0.0103804
-3.7697058 -0.0376543
-3.0283568 0.0768797
-3.5873110 -0.0437094
-3.5454190 -0.1303266
-3.5208278 0.0723868
-3.7723424 -0.0873952
-3.6966259 -0.2477916
-3.9091022 0.0457978
-4.2197056 -0.1845088
-4.0945597 -0.4327776
-4.4750805 -0.0217946
-4.9194584 -0.3686707
-4.7143531 -0.7267207
-5.3161750 -0.1934640
-5.9866500 -0.7333536
-5.6327028 -1.2489558
-6.5789442 -0.3566387
-7.8575830 -1.3493819
-7.1516190 -2.1844978
-9.2259521 -0.8598866
-10.3201771 -2.0519800
-9.1942320 -3.3966091
-9.7781448 -3.4487338
-6.1476254 -3.4124315
-3.8566852 -4.8775625
-2.4510314 -3.4768836
0.5706571 -3.4693751
3.1032550 -5.8028808
6.4550924 -4.1854801
14.8905306 -5.9132156
15.7375336 -8.5416031
20.8824863 -6.1058354
22.9157619 -3.7573211
21.9073257 -4.6695838
25.4892960 -1.2770693
28.3284988 -1.9172643
26.3542614 -2.1242712
23.4782562 -1.8270941
20.2130222 -0.6843480
18.8664227 0.4229869
9.4393654 -1.2112249
6.4688611 -0.8536586
6.5157251 1.0759554
2.9567146 1.7201315
-0.7891048 1.0306946
-1.0054631 2.3804345
-3.4985561 1.2059995
-5.5224094 1.1889973
-6.4315224 2.7317898
-8.5920382 1.8417838
-8.2491522 1.1785542
-7.7955146 2.1210899
-7.0847368 0.8063420
-6.1746988 0.4268900
-5.9198933 1.0977074
-5.3545151 0.2898113
-4.8407960 0.1391980
-4.7199855 0.5839430
-4.3361187 0.0971555
-3.9961832 0.0045132
-3.9352891 0.3044288
-3.6636558 0.0134803
-3.4388361 -0.0567594
-3.4117985 0.1465988
-3.2135327 -0.0185736
-3.0852334 -0.0725541
-3.0756648 0.0583058
-2.9053540 -0.0177151
-2.9443016 -0.0594287
-2.9366620 0.0111730
-2.5259280 0.0014174
-3.1086395 -0.0171567
-3.1212182 0.0015140
0.0000000 0.0000000
0.0000000 0.0000000
-3.7351243 -0.0571310
-3.6179700 -0.0767682
-2.9807165 -0.0506164
-3.4863455 -0.2162758
-3.3827925 -0.2889757
-3.4194441 -0.2027991
-3.6300015 -0.4038531
-3.4857078 -0.5357348
-3.7416711 -0.4021038
-3.9954813 -0.6762744
-3.7887156 -0.8763815
-4.2019134 -0.6806519
-4.5623689 -1.0854950
-4.2509995 -1.3669593
-4.8727651 -1.1565294
-5.3704486 -1.7395047
-4.8864212 -2.1238146
-5.7972937 -1.8694743
-6.5686626 -2.8345375
-5.7188020 -3.3810346
-7.5651994 -3.2657058
-8.6074047 -4.6646433
-6.9001513 -5.6066608
-8.5479126 -5.4600973
-6.5357208 -6.5353613
-4.9300447 -7.7114692
-1.0384771 -7.8595262
3.8858135 -7.8747292
4.6225872 -8.9844341
8.4594250 -8.4455729
14.2077923 -8.4597883
13.1525688 -6.5663815
16.6261730 -8.8011684
18.7823181 -7.2345519
19.3348122 -4.8966713
22.9099007 -1.9448184
26.2242012 -2.9267921
24.4943218 -2.3306563
21.9886208 -2.4571171
13.8356781 3.9701676
15.3281956 4.2631483
10.9624205 2.1473823
4.4780841 3.8881936
5.9100957 4.5538521
1.9967772 3.8937275
-2.3329077 4.5094748
-1.3879989 6.0491252
-3.1813793 4.3213940
-5.9317651 4.4364228
-6.2496576 5.4550266
-7.6185699 4.1283283
-7.0770669 2.9436584
-5.9725890 3.6888816
-5.9980769 2.4810281
-5.5591559 1.6319261
-4.9368300 2.2245014
-4.8441463 1.4604162
-4.5063992 0.9807655
-4.1669145 1.3692734
-4.0556026 0.8681279
-3.8033078 0.5949411
-3.6047554 0.8557684
-3.5082624 0.5274491
-3.3294849 0.3516516
-3.2038474 0.5283428
-3.1281657 0.3193776
-3.0250521 0.1933578
-2.9400611 0.3083833
-2.8602273 0.1861170
-2.9137609 0.0869863
-2.8435121 0.1502245
-2.5069933 0.0949353
-3.0940585 0.0168861
-3.0502214 0.0339451
0.0000000 0.0000000
0.0000000 0.0000000
-3.5230336 -0.0886067
-3.3530564 -0.1020807
-2.8257942 -0.1590063
-3.2606087 -0.3516838
-3.1146011 -0.4043678
-3.1857502 -0.4203224
-3.3452380 -0.6469693
-3.1607111 -0.7403517
-3.4165492 -0.7443808
-3.5942459 -1.0394328
-3.3492026 -1.1740824
-3.7235091 -1.1732492
-3.9617956 -1.5932262
-3.6194239 -1.7712905
-4.1321535 -1.8153274
-4.4522820 -2.4414232
-3.9552696 -2.6762927
-4.6290450 -2.6853666
-5.0488129 -3.6990840
-4.3740110 -4.0070748
-5.3043437 -4.3885460
-5.8136301 -5.9874477
-4.8006930 -5.9457736
-5.1319466 -7.5960197
-3.2566228 -8.2223320
-3.1879156 -8.3881321
-1.0150127 -9.3086433
3.9090874 -8.6409607
2.1583781 -8.8500452
8.5493479 -7.0593309
11.0941858 -6.8198590
11.1817989 -6.1734023
13.6760912 -6.5348630
17.4307575 -3.8512561
17.6054935 -3.3044052
20.2635098 -1.5357314
17.4857159 1.2003295
17.5353260 -1.7773432
17.0207729 1.4893856
13.7042942 2.7946820
11.4032478 3.6483433
9.3203583 3.8410900
5.7857485 4.8383827
1.6068857 7.5874958
-1.0994767 7.0051637
-0.5985984 5.4696355
-0.8095866 6.9748678
-3.9182587 6.8366714
-5.9819026 6.1175208
-3.9102259 6.4557776
-5.3917027 5.3330817
-5.1729894 3.8185804
-3.9747443 4.1876621
-4.6547637 3.3793716
-4.5047641 2.4024844
-3.7573826 2.7985144
-4.0595250 2.1786168
-3.8861861 1.5749555
-3.4407263 1.8581388
-3.5665503 1.4171168
-3.4140859 1.0385370
-3.1319895 1.2350039
-3.1908879 0.9203806
-3.0723345 0.6719609
-2.8814557 0.8081174
-2.9151332 0.5876971
-2.8469489 0.4095818
-2.7067583 0.4998582
-2.7083800 0.3515466
-2.7793188 0.2100515
-2.6585886 0.2605674
-2.3953822 0.1693331
-2.9708018 0.0457261
-2.8816216 0.0603583
0.0000000 0.0000000
0.0000000 0.0000000
-3.2137375 -0.1078115
-3.0119534 -0.1159133
-2.5837522 -0.2387770
-2.9457605 -0.4403651
-2.7783196 -0.4711886
-2.8613036 -0.5700759
-2.9668548 -0.8015902
-2.7693505 -0.8545284
-2.9942157 -0.9656318
-3.0910578 -1.2555512
-2.8504345 -1.3246642
-3.1412745 -1.4693582
-3.2484498 -1.8585594
-2.9501145 -1.9308907
-3.2824745 -2.1858029
-3.3605320 -2.7101686
-3.0249016 -2.7630093
-3.3194201 -3.1252298
-3.2922215 -3.8862476
-3.0150332 -3.8112216
-3.0397518 -4.7151022
-2.9180734 -5.5591888
-2.7870309 -5.3250189
-2.7095280 -6.3777223
-1.7507854 -8.0629463
-1.7937542 -6.6561189
0.4498199 -9.2823048
3.0700355 -8.5892954
2.5015974 -8.1746225
5.5288224 -7.0095358
8.2512312 -7.2093143
7.2556920 -4.6378384
11.7227402 -7.7689676
15.4247580 -5.7436361
13.2359524 -0.7841700
17.2035656 -3.0180640
14.5439119 0.7726551
12.9204540 4.5508056
11.7249546 3.6490345
10.4870033 4.6003222
9.5393419 6.2781391
6.3393278 6.6434875
1.9297556 7.7215090
2.2320440 8.7911062
0.1451560 7.9274559
-1.9807554 8.7413292
-0.7543807 7.6574941
-2.9875894 7.1778474
-3.2950070 5.8182120
-1.7759038 5.6893792
-3.3043351 5.1042094
-3.4862380 3.9943190
-2.4332500 4.0981627
-3.3468049 3.5692706
-3.3713453 2.7618737
-2.6669364 2.9208977
-3.1959274 2.4752574
-3.1480739 1.9041349
-2.6803105 2.0656676
-2.9864116 1.7073779
-2.9159164 1.3143584
-2.6011920 1.4382441
-2.7835896 1.1630570
-2.7209051 0.8866777
-2.4957707 0.9766009
-2.6172211 0.7670687
-2.5844390 0.5622531
-2.4115210 0.6239694
-2.4785109 0.4664501
-2.5643816 0.3004337
-2.4101896 0.3358339
-2.2122109 0.2203441
-2.7609420 0.0678262
-2.6410749 0.0789334
0.0000000 0.0000000
0.0000000 0.0000000
-2.8448415 -0.1162640
-2.6306493 -0.1194036
-2.2879958 -0.2871779
-2.5799167 -0.4818792
-2.4097197 -0.4923823
-2.4897492 -0.6508791
-2.5443258 -0.8678992
-2.3552032 -0.8829943
-2.5324874 -1.0709294
-2.5545504 -1.3269498
-2.3444753 -1.3356526
-2.5398510 -1.5826806
-2.5320990 -1.8983779
-2.3040178 -1.8787508
-2.4750931 -2.2524848
-2.3897185 -2.6400168
-2.1752565 -2.5511727
-2.2385185 -3.0632234
-2.0365026 -3.5563951
-1.8840401 -3.3160934
-1.7276533 -4.1944385
-1.2561650 -4.7443309
-1.2819599 -4.2243299
-0.6953842 -5.2798824
-0.0557724 -5.8714256
-0.0621292 -5.1250420
0.7619313 -6.7518859
2.4939737 -6.9281869
2.0733807 -5.5049567
4.5287514 -6.9758754
6.1517758 -5.3715625
5.2692389 -4.9798751
8.2038069 -3.0807514
9.5945654 -1.8706068
7.4937010 -0.8888324
10.8134403 0.3872800
10.9389620 3.3777976
7.2630253 3.2895379
9.0598688 5.5188904
6.6039572 8.3062592
5.5534172 6.0384045
4.0281658 8.3743362
2.0745924 7.7369218
2.8580809 6.3129940
1.0404476 7.2999220
-0.0500312 6.2549868
0.6605198 5.5517068
-0.7789651 5.7052846
-1.3645889 4.9483962
-0.6662363 4.5718899
-1.7762403 4.4104795
-2.0805640 3.7351239
-1.4258941 3.5991359
-2.2327068 3.3311207
-2.3688843 2.7560663
-1.8188792 2.7478070
-2.3841920 2.4588172
-2.4266248 2.0028286
-2.0115211 2.0482600
-2.3967564 1.7837793
-2.3909886 1.4348869
-2.0864902 1.4890990
-2.3449137 1.2632927
-2.3265800 0.9988153
-2.0964200 1.0442352
-2.2771595 0.8572512
-2.2739024 0.6504539
-2.0884972 0.6842457
-2.2015903 0.5292549
-2.2971714 0.3562072
-2.1260161 0.3767093
-1.9828384 0.2476041
-2.4917691 0.0825128
-2.3558433 0.0894674
0.0000000 0.0000000
0.0000000 0.0000000
-2.4524238 -0.1157923
-2.2414896 -0.1146494
-1.9705547 -0.3063348
-2.2001202 -0.4832565
-2.0387135 -0.4770623
-2.1100926 -0.6701363
-2.1232147 -0.8610290
-1.9528939 -0.8457888
-2.0854211 -1.0747809
-2.0541484 -1.2872016
-1.8760237 -1.2503548
-1.9989868 -1.5411131
-1.9224451 -1.7835101
-1.7420849 -1.7032185
-1.8211110 -2.0971892
-1.6652926 -2.3697145
-1.4990965 -2.2105916
-1.4784932 -2.7232523
-1.2179887 -3.0253739
-1.0789983 -2.7398922
-0.9186625 -3.4453168
-0.4689442 -3.7399364
-0.3892562 -3.2476206
0.0607185 -4.1684918
0.7712709 -4.3635817
0.7234274 -3.6652579
1.4652680 -4.4292684
2.2741485 -4.4337292
2.0523469 -3.5893822
3.1473169 -4.3414979
4.0932398 -3.9776242
3.5997396 -2.8751361
5.4031410 -2.9308498
5.9842057 -1.8612882
4.7656984 -1.4527717
6.6242404 0.2036411
6.4150715 1.1616715
4.8550348 0.7009941
6.1008854 2.3913147
5.2446175 3.8833861
3.9754896 2.6807752
3.9542980 4.0749488
2.9584448 4.8643408
2.4637260 3.7614148
1.7510242 4.6029162
0.9750496 4.5788369
1.0403721 3.8923817
0.2125828 4.2621837
-0.3233941 3.9358208
-0.0502659 3.5230591
-0.7825729 3.5994146
-1.1172329 3.2166464
-0.7833593 2.9782088
-1.3859129 2.8959808
-1.5711923 2.5246167
-1.2157450 2.4120755
-1.7028089 2.2549186
-1.7986882 1.9281756
-1.4800280 1.8874637
-1.8581072 1.7090778
-1.8977991 1.4312110
-1.6365954 1.4270982
-1.9179893 1.2530231
-1.9325961 1.0245444
-1.7196801 1.0314330
-1.9288925 0.8722353
-1.9472096 0.6820307
-1.7664927 0.6913594
-1.9058764 0.5464593
-2.0041857 0.3803414
-1.8308191 0.3877025
-1.7310526 0.2540977
-2.1908026 0.0901215
-2.0510449 0.0929911
0.0000000 0.0000000
0.0000000 0.0000000
-2.0660398 -0.1089224
-1.8695147 -0.1044804
-1.6579890 -0.3015933
-1.8353651 -0.4556835
-1.6886283 -0.4376946
-1.7504852 -0.6420152
-1.7362256 -0.8037391
-1.5859652 -0.7683115
-1.6848346 -1.0061933
-1.6227697 -1.1773754
-1.4718325 -1.1133412
-1.5488217 -1.4031206
-1.4416844 -1.5853415
-1.2919489 -1.4758884
-1.3235408 -1.8381274
-1.1499529 -2.0259941
-1.0080714 -1.8474686
-0.9658154 -2.2914155
-0.7036713 -2.4743180
-0.5730998 -2.1967621
-0.4299025 -2.7403367
-0.0413085 -2.8798065
0.0529905 -2.4828835
0.3319994 -3.0680640
0.8657326 -3.1177280
0.8634872 -2.5946128
1.4028002 -3.1258857
1.9777757 -3.0177751
1.8071402 -2.4190364
2.5585539 -2.6222959
3.0166662 -2.3504717
2.6703799 -1.8274128
3.6425669 -1.6479771
3.9316318 -1.1132935
3.2758486 -0.8963873
4.2761040 0.1112146
4.1065969 0.5630695
3.3180158 0.3810400
4.0230327 1.4780951
3.5355861 2.1170700
2.8287916 1.5902232
3.0282152 2.4974070
2.4409983 3.0437360
1.9714611 2.3851104
1.7500048 3.0349557
1.2175763 3.2556086
1.0430110 2.6986475
0.6216453 3.0790026
0.2077072 3.0416112
0.2330819 2.6420457
-0.2229182 2.8106389
-0.5186169 2.6441987
-0.3889860 2.3779259
-0.8072152 2.4023941
-0.9974807 2.1878996
-0.8010832 2.0268443
-1.1783134 1.9630320
-1.2966715 1.7452179
-1.0779337 1.6553495
-1.4038635 1.5467477
-1.4696872 1.3422645
-1.2665222 1.2958995
-1.5323360 1.1695920
-1.5676196 0.9857528
-1.3867092 0.9631227
-1.5968109 0.8327021
-1.6293449 0.6693590
-1.4652162 0.6594448
-1.6128674 0.5287541
-1.7078003 0.3789531
-1.5438067 0.3758945
-1.4768848 0.2448869
-1.8816991 0.0916152
-1.7472514 0.0910699
0.0000000 0.0000000
0.0000000 0.0000000
-1.7067946 -0.0981288
-1.5310118 -0.0916676
-1.3680255 -0.2802746
-1.5029621 -0.4106767
-1.3735762 -0.3857890
-1.4274895 -0.5841078
-1.3977817 -0.7180415
-1.2670829 -0.6715822
-1.3416539 -0.8975687
-1.2667977 -1.0331827
-1.1383694 -0.9570919
-1.1879554 -1.2217021
-1.0720295 -1.3571326
-0.9475379 -1.2400132
-0.9553886 -1.5514549
-0.7873026 -1.6799086
-0.6683343 -1.5074028
-0.6201097 -1.8658154
-0.3855446 -1.9741939
-0.2755131 -1.7314254
-0.1575765 -2.1311827
0.1574117 -2.1930771
0.2310421 -1.8759604
0.4471869 -2.2530458
0.8242185 -2.2483540
0.8174914 -1.8728985
1.1759707 -2.1563871
1.5384480 -2.0671124
1.4440992 -1.6614667
1.9351518 -1.7260301
2.2033558 -1.5257673
1.9727792 -1.2139227
2.5626397 -1.0111620
2.7030110 -0.7067609
2.3178639 -0.5741506
2.9297853 0.0576410
2.8198655 0.3310246
2.3421245 0.2379656
2.8022146 0.9642233
2.5014296 1.3181540
2.0513718 1.0276659
2.2483923 1.6547716
1.8767350 2.0002728
1.5330738 1.6046937
1.4854743 2.0948632
1.1190218 2.3029680
0.9217888 1.9109565
0.7159647 2.2428286
0.4032592 2.3010461
0.3365909 1.9742653
0.0629016 2.1623845
-0.1817213 2.1122041
-0.1571177 1.8655989
-0.4396152 1.9404559
-0.6142363 1.8293766
-0.5209581 1.6590778
-0.7989647 1.6528845
-0.9180077 1.5158002
-0.7816829 1.4051145
-1.0423862 1.3469976
-1.1196449 1.2033314
-0.9711236 1.1337763
-1.2015418 1.0463014
-1.2479829 0.9054065
-1.1038829 0.8637609
-1.2971457 0.7600989
-1.3361615 0.6261532
-1.1958140 0.6028998
-1.3377212 0.4882702
-1.4249612 0.3593565
-1.2777848 0.3487515
-1.2343961 0.2254926
-1.5826538 0.0883793
-1.4591726 0.0853562
0.0000000 0.0000000
0.0000000 0.0000000
-1.3865439 -0.0856342
-1.2342147 -0.0780987
-1.1101145 -0.2497112
-1.2118227 -0.3578836
-1.0998613 -0.3301674
-1.1475405 -0.5117570
-1.1104840 -0.6207174
-0.9988858 -0.5706701
-1.0565473 -0.7736065
-0.9800374 -0.8800687
-0.8713831 -0.8025727
-0.9042941 -1.0316893
-0.7932210 -1.1321800
-0.6900122 -1.0202091
-0.6874417 -1.2767651
-0.5359351 -1.3645589
-0.4399359 -1.2103095
-0.3927213 -1.4893457
-0.1954772 -1.5536447
-0.1096018 -1.3516603
-0.0137337 -1.6339766
0.2279535 -1.6600894
0.2793745 -1.4156134
0.4484059 -1.6586745
0.7119892 -1.6362747
0.7038346 -1.3656458
0.9601862 -1.5163919
1.1944586 -1.4405665
1.1241405 -1.1710484
1.4578260 -1.1750923
1.6240983 -1.0313812
1.4662026 -0.8334672
1.8491534 -0.6547787
1.9232756 -0.4636656
1.6763314 -0.3797431
2.0700333 0.0365851
1.9970416 0.2192956
1.6924888 0.1655995
2.0028679 0.6583005
1.8134234 0.8791446
1.5109568 0.7029596
1.6730845 1.1505916
1.4289771 1.3766742
1.1790806 1.1244415
1.1939306 1.4942101
0.9384611 1.6568029
0.7692025 1.3848062
0.6705999 1.6579207
0.4375535 1.7353438
0.3492134 1.4857792
0.1854700 1.6619846
-0.0087093 1.6633532
-0.0299573 1.4568101
-0.2192804 1.5485208
-0.3704385 1.4969828
-0.3338917 1.3397050
-0.5345597 1.3642493
-0.6441733 1.2812283
-0.5645319 1.1688844
-0.7661092 1.1438873
-0.8426065 1.0450686
-0.7401021 0.9677828
-0.9288396 0.9092563
-0.9796703 0.8041872
-0.8687893 0.7529249
-1.0362469 0.6720762
-1.0765680 0.5652278
-0.9614864 0.5342785
-1.0898546 0.4359694
-1.1660706 0.3283733
-1.0398761 0.3131804
-1.0123770 0.2008379
-1.3058081 0.0818499
-1.1959767 0.0774302
0.0000000 0.0000000
0.0000000 0.0000000
-1.1096197 -0.0727946
-0.9808600 -0.0649293
-0.8878420 -0.2156139
-0.9639508 -0.3040904
-0.8683413 -0.2764337
-0.9109023 -0.4361635
-0.8723522 -0.5241174
-0.7779545 -0.4754310
-0.8239684 -0.6506059
-0.7517588 -0.7339870
-0.6615276 -0.6612577
-0.6844996 -0.8530725
-0.5852516 -0.9279759
-0.5004607 -0.8276972
-0.4936166 -1.0329889
-0.3646582 -1.0939243
-0.2882079 -0.9627051
-0.2467134 -1.1736299
-0.0876721 -1.2128456
-0.0233569 -1.0501631
0.0555340 -1.2481174
0.2361726 -1.2570683
0.2706360 -1.0716677
0.4020529 -1.2272760
0.5865220 -1.2017047
0.5775190 -1.0067325
0.7649459 -1.0863856
0.9208670 -1.0245836
0.8653398 -0.8420748
1.1000364 -0.8198335
1.2057955 -0.7159805
1.0948023 -0.5858026
1.3553730 -0.4407318
1.3972991 -0.3111709
1.2299094 -0.2556777
1.4923333 0.0287359
1.4447557 0.1582095
1.2401978 0.1256983
1.4562525 0.4668528
1.3322470 0.6160995
1.1239004 0.5034413
1.2513028 0.8281416
1.0862068 0.9820487
0.9034175 0.8147323
0.9379598 1.0948330
0.7582172 1.2165512
0.6212238 1.0259991
0.5783820 1.2452286
0.4045529 1.3173921
0.3209137 1.1307930
0.2226983 1.2839544
0.0710211 1.3052332
0.0341718 1.1405135
-0.0936460 1.2316753
-0.2178205 1.2113823
-0.2117604 1.0769808
-0.3543227 1.1145397
-0.4508159 1.0652661
-0.4056884 0.9622578
-0.5582322 0.9565882
-0.6285962 0.8891150
-0.5595659 0.8138329
-0.7102080 0.7753294
-0.7590067 0.6972868
-0.6763387 0.6444657
-0.8150784 0.5813688
-0.8539248 0.4974020
-0.7616091 0.4636050
-0.8725538 0.3804052
-0.9366599 0.2920159
-0.8316308 0.2746372
-0.8153428 0.1749211
-1.0574160 0.0734565
-0.9620082 0.0684954
0.0000000 0.0000000
0.0000000 0.0000000
-0.8756294 -0.0606194
-0.7685338 -0.0530424
-0.7005740 -0.1818555
-0.7567925 -0.2537336
-0.6761424 -0.2278581
-0.7144324 -0.3645388
-0.6780428 -0.4351660
-0.5988374 -0.3906824
-0.6364852 -0.5378275
-0.5725504 -0.6032789
-0.4977845 -0.5388037
-0.5155424 -0.6951853
-0.4301574 -0.7518623
-0.3619456 -0.6658831
-0.3542788 -0.8270745
-0.2487346 -0.8703382
-0.1885236 -0.7624100
-0.1533536 -0.9193135
-0.0292920 -0.9440973
0.0182335 -0.8160502
0.0820080 -0.9539303
0.2161509 -0.9553493
0.2379740 -0.8156533
0.3406317 -0.9151149
0.4699854 -0.8910432
0.4607657 -0.7506104
0.5999623 -0.7911579
0.7063805 -0.7417722
0.6623377 -0.6155968
0.8300623 -0.5835201
0.9007311 -0.5073028
0.8185937 -0.4187921
1.0030582 -0.3041947
1.0269827 -0.2111890
0.9099528 -0.1738546
1.0919755 0.0266070
1.0598305 0.1223684
0.9169022 0.1021183
1.0695037 0.3436043
0.9873641 0.4500794
0.8385980 0.3755307
0.9390196 0.6135157
0.8241022 0.7227650
0.6900942 0.6084121
0.7288560 0.8211284
0.6004483 0.9122908
0.4926733 0.7772652
0.4769390 0.9508986
0.3491133 1.0115538
0.2751305 0.8732715
0.2184358 1.0012214
0.1003712 1.0278890
0.0619828 0.8995928
-0.0236782 0.9819647
-0.1237194 0.9775466
-0.1313769 0.8674810
-0.2334467 0.9079681
-0.3134999 0.8788016
-0.2906702 0.7903296
-0.4034794 0.7943856
-0.4655357 0.7478971
-0.4186726 0.6799911
-0.5360885 0.6542641
-0.5801653 0.5958568
-0.5189913 0.5465156
-0.6315603 0.4967342
-0.6657564 0.4304413
-0.5932728 0.3975245
-0.6856133 0.3272946
-0.7382270 0.2549438
-0.6519902 0.2374070
-0.6436696 0.1504213
-0.8395323 0.0643857
-0.7574949 0.0594923
0.0000000 0.0000000
0.0000000 0.0000000
-0.6808352 -0.0497465
-0.5925777 -0.0429348
-0.5451258 -0.1508864
-0.5861776 -0.2092190
-0.5183197 -0.1863852
-0.5533944 -0.3006000
-0.5207227 -0.3575305
-0.4549045 -0.3186841
-0.4869031 -0.4399247
-0.4327219 -0.4917161
-0.3709193 -0.4368005
-0.3855388 -0.5620819
-0.3153042 -0.6056464
-0.2601166 -0.5343786
-0.2542072 -0.6588193
-0.1696742 -0.6905559
-0.1231872 -0.6038137
-0.0947298 -0.7196086
0.0000992 -0.7358508
0.0350343 -0.6368869
0.0862292 -0.7325682
0.1850093 -0.7307722
0.1987711 -0.6261932
0.2776107 -0.6890895
0.3700204 -0.6681784
0.3594256 -0.5663225
0.4647965 -0.5848101
0.5376554 -0.5451075
0.5030288 -0.4568354
0.6261194 -0.4230191
0.6741912 -0.3653515
0.6117144 -0.3037429
0.7440831 -0.2132834
0.7599546 -0.1439592
0.6733545 -0.1179290
0.8051093 0.0272570
0.7816623 0.1007006
0.6792472 0.0872539
0.7908513 0.2616813
0.7346959 0.3412310
0.6257796 0.2907239
0.7034525 0.4670876
0.6240714 0.5475430
0.5221673 0.4680925
0.5612651 0.6298753
0.4679455 0.6992981
0.3843798 0.6025700
0.3838497 0.7388200
0.2890772 0.7884689
0.2270256 0.6863027
0.1944510 0.7906104
0.1054355 0.8166502
0.0678564 0.7186033
0.0127655 0.7888725
-0.0668499 0.7919365
-0.0791633 0.7043878
-0.1510861 0.7420274
-0.2160834 0.7249934
-0.2057659 0.6521229
-0.2891026 0.6598356
-0.3400262 0.6270211
-0.3095852 0.5694376
-0.3983154 0.5509656
-0.4366083 0.5065049
-0.3905337 0.4633901
-0.4795572 0.4228025
-0.5083054 0.3697484
-0.4513704 0.3403176
-0.5270163 0.2805748
-0.5682009 0.2206309
-0.4981091 0.2045068
-0.4956307 0.1291414
-0.6507067 0.0556780
-0.5799729 0.0512470
0.0000000 0.0000000
0.0000000 0.0000000
-0.5199097 -0.0406582
-0.4473397 -0.0348735
-0.4171562 -0.1240933
-0.4466368 -0.1718778
-0.3895253 -0.1526904
-0.4218300 -0.2464625
-0.3943337 -0.2927477
-0.3391051 -0.2603526
-0.3678243 -0.3583201
-0.3231826 -0.3999484
-0.2722819 -0.3546631
-0.2861552 -0.4537230
-0.2301001 -0.4878162
-0.1851261 -0.4304911
-0.1818983 -0.5254727
-0.1162535 -0.5494969
-0.0798044 -0.4813287
-0.0584970 -0.5658426
0.0132487 -0.5771173
0.0382260 -0.5013400
0.0785544 -0.5675962
0.1502872 -0.5642022
0.1591735 -0.4865175
0.2196836 -0.5257075
0.2858673 -0.5077888
0.2752042 -0.4338142
0.3538707 -0.4390652
0.4058280 -0.4069920
0.3760005 -0.3441329
0.4689237 -0.3118110
0.5009291 -0.2663803
0.4529037 -0.2233194
0.5513212 -0.1516156
0.5616918 -0.0976133
0.4955134 -0.0791551
0.5920389 0.0290893
0.5766338 0.0868748
0.4985428 0.0779768
0.5841545 0.2063944
0.5440860 0.2683977
0.4627411 0.2333801
0.5251787 0.3653274
0.4691016 0.4271357
0.3904642 0.3713254
0.4260007 0.4948562
0.3599932 0.5489122
0.2922918 0.4795404
0.3018017 0.5856548
0.2311679 0.6263419
0.1804079 0.5511046
0.1646264 0.6344308
0.0975113 0.6582164
0.0636142 0.5841821
0.0286171 0.6420000
-0.0317140 0.6482310
-0.0471578 0.5805936
-0.0953949 0.6125261
-0.1472494 0.6027578
-0.1430986 0.5448273
-0.2029782 0.5523073
-0.2434471 0.5287474
-0.2235560 0.4821748
-0.2899265 0.4672296
-0.3199898 0.4325062
-0.2862255 0.3973634
-0.3540182 0.3624944
-0.3771290 0.3190640
-0.3315078 0.2946453
-0.3917595 0.2426110
-0.4228975 0.1915728
-0.3650466 0.1778904
-0.3679661 0.1123001
-0.4869563 0.0481833
-0.4249507 0.0445510
0.0000000 0.0000000
0.0000000 0.0000000
-0.3870999 -0.0335195
-0.3269596 -0.0290052
-0.3117470 -0.1019830
-0.3321028 -0.1420300
-0.2837710 -0.1266096
-0.3145821 -0.2025698
-0.2924062 -0.2410071
-0.2456536 -0.2151573
-0.2723302 -0.2931685
-0.2374385 -0.3273767
-0.1945803 -0.2915424
-0.2092917 -0.3684226
-0.1659098 -0.3959810
-0.1290021 -0.3510597
-0.1295533 -0.4227456
-0.0801631 -0.4413402
-0.0506888 -0.3891583
-0.0365798 -0.4501185
0.0164735 -0.4581570
0.0351974 -0.4012413
0.0643413 -0.4459714
0.1168158 -0.4422259
0.1213952 -0.3847863
0.1676117 -0.4081202
0.2139028 -0.3922497
0.2042461 -0.3389350
0.2636235 -0.3363092
0.3002654 -0.3094589
0.2747378 -0.2646510
0.3440124 -0.2343231
0.3669660 -0.1975085
0.3270048 -0.1667389
0.4026670 -0.1091230
0.4085790 -0.0649464
0.3569333 -0.0519778
0.4309121 0.0304300
0.4202344 0.0779439
0.3587747 0.0720049
0.4249362 0.1688018
0.3981574 0.2188848
0.3331046 0.1946272
0.3861384 0.2943679
0.3457548 0.3440469
0.2841123 0.3046149
0.3178325 0.3990875
0.2706777 0.4428805
0.2154077 0.3932444
0.2297730 0.4756176
0.1795267 0.5094335
0.1357097 0.4546933
0.1327131 0.5200971
0.0824640 0.5414876
0.0532263 0.4864089
0.0337288 0.5323856
-0.0112956 0.5401666
-0.0271510 0.4890447
-0.0587081 0.5145248
-0.0970121 0.5091419
-0.0978202 0.4649431
-0.1383276 0.4700496
-0.1693245 0.4529777
-0.1558536 0.4172838
-0.2031572 0.4031435
-0.2252216 0.3756984
-0.2002522 0.3492072
-0.2501275 0.3172536
-0.2659803 0.2806665
-0.2299785 0.2628413
-0.2752084 0.2153019
-0.2971730 0.1698953
-0.2484853 0.1593556
-0.2553541 0.1012641
-0.3436340 0.0419406
-0.2854470 0.0386994
0.0000000 0.0000000
0.0000000 0.0000000
-0.2766746 -0.0283536
-0.2258593 -0.0250742
-0.2241631 -0.0847281
-0.2375136 -0.1195093
-0.1956372 -0.1078678
-0.2258642 -0.1685943
-0.2088558 -0.2018246
-0.1686055 -0.1820404
-0.1948167 -0.2434488
-0.1690014 -0.2725390
-0.1318877 -0.2452920
-0.1487587 -0.3042039
-0.1168659 -0.3273355
-0.0853882 -0.2933472
-0.0909941 -0.3463386
-0.0548972 -0.3616437
-0.0308949 -0.3223929
-0.0237444 -0.3657643
0.0136260 -0.3715977
0.0288192 -0.3295462
0.0482242 -0.3590280
0.0851456 -0.3549015
0.0879471 -0.3128555
0.1203156 -0.3250113
0.1532299 -0.3108063
0.1432483 -0.2720700
0.1879260 -0.2647362
0.2126270 -0.2410062
0.1911794 -0.2091403
0.2436296 -0.1812676
0.2594989 -0.1496193
0.2256957 -0.1274929
0.2831511 -0.0799515
0.2879524 -0.0423594
0.2443391 -0.0327842
0.3037753 0.0313989
0.2954863 0.0725026
0.2460962 0.0685600
0.3001131 0.1427568
0.2819258 0.1855182
0.2284584 0.1687954
0.2734706 0.2454696
0.2466586 0.2871648
0.1947070 0.2595092
0.2284487 0.3322543
0.1948814 0.3694051
0.1492872 0.3338783
0.1682124 0.3977626
0.1329442 0.4270225
0.0950951 0.3873862
0.1002788 0.4385353
0.0653539 0.4578221
0.0384260 0.4174471
0.0316187 0.4533469
-0.0011756 0.4618676
-0.0158067 0.4237866
-0.0336881 0.4433406
-0.0609646 0.4410422
-0.0640907 0.4080535
-0.0903531 0.4107517
-0.1112487 0.3984956
-0.1030310 0.3724838
-0.1342874 0.3582347
-0.1482973 0.3369774
-0.1300573 0.3191493
-0.1631574 0.2881528
-0.1706423 0.2578692
-0.1437214 0.2478915
-0.1727674 0.2011447
-0.1828922 0.1598444
-0.1452576 0.1528805
-0.1487517 0.0989611
-0.2132189 0.0342543
-0.1593223 0.0214544
0.0000000 0.0000000
0.0000000 0.0000000
-0.1831774 -0.0250227
-0.1384505 -0.0229081
-0.1502401 -0.0720113
-0.1576307 -0.1037811
-0.1201489 -0.0954579
-0.1509644 -0.1440760
-0.1388923 -0.1743555
-0.1029897 -0.1592038
-0.1302682 -0.2077683
-0.1124495 -0.2341787
-0.0796157 -0.2127382
-0.0992729 -0.2588042
-0.0780293 -0.2794601
-0.0498089 -0.2525550
-0.0607545 -0.2931433
-0.0366035 -0.3066412
-0.0155632 -0.2752224
-0.0166470 -0.3075330
0.0087994 -0.3124487
0.0208443 -0.2786829
0.0312766 -0.2998798
0.0552848 -0.2954780
0.0576433 -0.2622216
0.0787655 -0.2693405
0.1005073 -0.2559837
0.0913000 -0.2255352
0.1224845 -0.2171203
0.1393413 -0.1953671
0.1194633 -0.1703166
0.1596350 -0.1463810
0.1692525 -0.1173546
0.1406099 -0.1000821
0.1853946 -0.0614094
0.1888525 -0.0271503
0.1509935 -0.0192169
0.1982248 0.0319158
0.1939533 0.0692111
0.1505690 0.0668224
0.1975351 0.1253107
0.1850454 0.1640787
0.1400738 0.1516150
0.1810204 0.2125094
0.1636771 0.2499324
0.1187423 0.2288783
0.1518374 0.2876683
0.1305752 0.3207506
0.0901396 0.2930320
0.1139752 0.3456254
0.0902107 0.3720174
0.0574078 0.3400870
0.0700027 0.3835468
0.0468803 0.4014587
0.0224776 0.3680940
0.0246829 0.4001717
0.0034643 0.4088416
-0.0107988 0.3764958
-0.0175530 0.3957449
-0.0356637 0.3953429
-0.0393774 0.3667279
-0.0540890 0.3720580
-0.0669008 0.3636466
-0.0615087 0.3412685
-0.0809791 0.3316326
-0.0867431 0.3166526
-0.0742246 0.3028279
-0.0931026 0.2761844
-0.0895812 0.2554537
-0.0757415 0.2492304
-0.0852147 0.2023924
-0.0681267 0.1783901
-0.0735133 0.1530690
-0.0476840 0.0998780
-0.0308227 0.0739883
-0.0861810 -0.0720811
0.0000000 0.0000000
0.0000000 0.0000000
-0.1013055 -0.0235106
-0.0602039 -0.0224210
-0.0858324 -0.0636335
-0.0877310 -0.0949690
-0.0532213 -0.0835579
-0.0853944 -0.1287782
-0.0782341 -0.1587853
-0.0447120 -0.1358835
-0.0739879 -0.1860783
-0.0636482 -0.2126505
-0.0333024 -0.1788169
-0.0572339 -0.2316168
-0.0447512 -0.2527118
-0.0194157 -0.2094248
-0.0358244 -0.2618653
-0.0223417 -0.2759013
-0.0032956 -0.2255089
-0.0114196 -0.2739641
0.0029811 -0.2795764
0.0135261 -0.2263510
0.0146271 -0.2660312
0.0286693 -0.2625520
0.0298767 -0.2109937
0.0412996 -0.2379836
0.0533662 -0.2253700
0.0451280 -0.1794446
0.0656139 -0.1908382
0.0755669 -0.1698505
0.0571208 -0.1330030
0.0859128 -0.1273245
0.0922218 -0.0991743
0.0653135 -0.0745074
0.1012855 -0.0516866
0.1027675 -0.0181153
0.0694041 -0.0078738
0.1089676 0.0311713
0.1069038 0.0678388
0.0678456 0.0626514
0.1085806 0.1149408
0.1025030 0.1527172
0.0614405 0.1319220
0.1008634 0.1938012
0.0908831 0.2300312
0.0511746 0.1946796
0.0854499 0.2627485
0.0736305 0.2944460
0.0373004 0.2468589
0.0646829 0.3172395
0.0517006 0.3421982
0.0217811 0.2854016
0.0410428 0.3542327
0.0277169 0.3710511
0.0060852 0.3085880
0.0161571 0.3724574
0.0041302 0.3805366
-0.0087222 0.3163638
-0.0073423 0.3721098
-0.0173146 0.3717456
-0.0210258 0.3105145
-0.0272876 0.3548310
-0.0341427 0.3478135
-0.0292038 0.2932169
-0.0414948 0.3236976
-0.0420718 0.3142605
-0.0310393 0.2709835
-0.0453816 0.2815770
-0.0249009 0.2836651
-0.0326884 0.2462767
-0.0382378 0.2115101
0.0886442 0.2973485
-0.1001318 0.1666282
-0.0027447 0.0425209
0.4394536 0.3604172
-0.2197313 -0.2472249
0.0000000 0.0000000
0.0000000 0.0000000
-0.0230104 -0.0249276
0.0000000 0.0000000
-0.0230862 -0.0616048
-0.0213927 -0.1005749
0.0000000 0.0000000
-0.0217690 -0.1303822
-0.0197200 -0.1669637
0.0000000 0.0000000
-0.0192245 -0.1915464
-0.0167361 -0.2223273
0.0000000 0.0000000
-0.0156043 -0.2400364
-0.0124510 -0.2630428
0.0000000 0.0000000
-0.0108963 -0.2723207
-0.0072417 -0.2858838
0.0000000 0.0000000
-0.0049404 -0.2853956
-0.0012696 -0.2882417
0.0000000 0.0000000
0.0014827 -0.2775766
0.0051041 -0.2693081
0.0000000 0.0000000
0.0078270 -0.2486834
0.0110403 -0.2296317
0.0000000 0.0000000
0.0140651 -0.2000669
0.0164509 -0.1712487
0.0000000 0.0000000
0.0193075 -0.1345836
0.0210135 -0.0975247
0.0000000 0.0000000
0.0230639 -0.0562998
0.0236242 -0.0131382
0.0000000 0.0000000
0.0256163 0.0294681
0.0246995 0.0762577
0.0000000 0.0000000
0.0259970 0.1168429
0.0240814 0.1642624
0.0000000 0.0000000
0.0242324 0.1999175
0.0213682 0.2447052
0.0000000 0.0000000
0.0209258 0.2730339
0.0172573 0.3121409
0.0000000 0.0000000
0.0160664 0.3315390
0.0120932 0.3626035
0.0000000 0.0000000
0.0102419 0.3722355
0.0062645 0.3937250
0.0000000 0.0000000
0.0041890 0.3936096
0.0004055 0.4049482
0.0000000 0.0000000
-0.0017577 0.3958535
-0.0048394 0.3973027
0.0000000 0.0000000
-0.0067835 0.3811214
-0.0094361 0.3736345
0.0000000 0.0000000
-0.0111948 0.3536585
-0.0150301 0.3396253
0.0000000 0.0000000
-0.0246429 0.3148812
0.0111942 0.3526484
0.0000000 0.0000000
-0.1073586 0.2202715
0.2756869 0.6736681
0.0000000 0.0000000
-0.2850698 -0.1253181
1.3214265 1.3582134
0.0000000 0.0000000
0.0000000 0.0000000
-40.35829
-40.44656
-41.97441
-44.36849
-48.04906
-53.19221
-60.04036
-69.00626
-80.77669
-96.96284
-122.9382
-171.3639
-231.5752
-14.03338
-60.4183
-28.32407
-25.96077
-25.19695
-24.48302
-23.42891
-22.40834
-21.49348
-20.73142
-20.13803
-19.72844
-19.63183
-40.28208
-40.49883
-41.95085
-44.43371
-48.14248
-53.33508
-60.2853
-69.37165
-81.13169
-96.5219
-119.1355
-177.2771
-177.6266
27.24255
-51.37384
-29.79648
-26.7884
-26.13491
-25.20775
-24.03164
-22.7853
-21.72286
-20.89063
-20.28183
-19.88293
-19.83887
-40.14299
-40.4394
-41.90912
-44.50115
-48.39046
-53.89499
-61.35228
-71.04883
-83.08312
-96.86431
-106.8322
-108.1804
-112.5318
29.11323
-8.978295
-26.58845
-29.5875
-30.11589
-28.21386
-26.21956
-24.26876
-22.7296
-21.61391
-20.87632
-20.41305
-20.3563
-39.7385
-40.11164
-41.6224
-44.35853
-48.5435
-54.59382
-63.00549
-74.24283
-88.39334
-103.5017
-111.7199
-108.3451
-65.10627
30.94096
-9.055413
-35.24075
-38.29727
-37.06376
-33.92029
-29.79879
-26.58112
-24.29954
-22.7398
-21.75569
-21.19445
-21.09231
-38.91455
-39.32987
-40.86175
-43.72502
-48.2527
-55.07299
-65.06817
-79.05216
-97.30842
-126.3594
-124.7627
-98.33707
-57.66583
-25.07312
-41.43271
-64.95421
-65.53484
-49.44947
-41.86637
-34.45716
-29.41009
-26.13552
-24.01177
-22.70534
-22.00918
-21.84587
-37.45835
-37.88763
-39.3837
-42.26749
-46.99868
-54.50919
-66.53898
-86.09642
-116.3746
-161.0579
-154.8068
-129.9261
-99.41422
-109.0248
-97.99119
-107.8055
-99.97266
-71.2772
-50.77466
-39.21466
-32.18777
-27.81189
-25.07491
-23.43034
-22.58816
-22.36219
-35.15429
-35.5799
-36.96434
-39.69148
-44.30001
-51.87758
-64.81592
-88.46279
-136.8252
-178.8809
-187.3859
-172.8536
-135.7279
-131.589
-134.4466
-138.0663
-125.263
-91.05212
-58.54683
-42.7316
-33.98394
-28.72581
-25.50795
-23.6027
-22.6405
-22.37872
-31.89809
-32.27036
-33.44263
-35.78022
-39.78878
-46.44109
-57.77641
-80.46206
-134.1234
-189.0402
-204.5222
-201.7962
-164.7594
-146.3613
-154.6692
-151.0245
-133.1178
-96.02113
-60.75441
-43.37411
-33.9407
-28.36918
-24.98159
-22.97403
-21.94235
-21.68925
-27.75895
-27.9883
-28.88713
-30.65016
-33.65501
-38.7469
-47.38663
-62.53559
-100.1954
-152.3295
-155.8564
-140.3374
-124.8801
-141.1239
-158.8317
-147.3245
-119.4923
-83.3931
-55.10943
-40.00773
-31.51227
-26.45894
-23.34911
-21.47693
-20.49036
-20.25891
-23.03311
-23.14627
-23.67325
-24.70247
-26.41647
-29.25247
-34.04102
-43.68247
-60.29034
-82.41874
-67.50884
-73.01276
-60.40546
-67.74503
-86.94353
-100.0722
-89.86611
-61.16958
-43.58052
-33.36622
-27.1165
-23.20583
-20.72848
-19.20198
-18.37935
-18.17985
-18.01619
-18.03712
-18.17369
-18.45245
-18.91078
-19.679
-20.56196
-21.96695
-21.1822
-26.23229
-10.12858
-8.88445
-10.84919
-37.24483
-57.18736
-57.67302
-51.58837
-38.66877
-30.54161
-25.23892
-21.58926
-19.09025
-17.4149
-16.34568
-15.75392
-15.60373
-13.02873
-12.97235
-12.76477
-12.382
-11.72933
-10.66914
-8.645052
-5.611205
0.6855393
7.345568
23.6278
31.32413
33.82723
6.42116
-19.35053
-19.6696
-20.31787
-20.18645
-18.71281
-17.13211
-15.75151
-14.61169
-13.74979
-13.15958
-12.81767
-12.72534
-8.339122
-8.224295
-7.760852
-6.901111
-5.505441
-3.369176
-0.04900144
4.669581
11.86448
21.7196
30.79462
41.85086
41.3914
35.20884
20.03809
4.697988
-3.10756
-7.156697
-9.18731
-10.01787
-10.25764
-10.20358
-10.0429
-9.884725
-9.775728
-9.740927
-4.135992
-3.983349
-3.369544
-2.251371
-0.5129573
2.003887
5.545087
10.30132
16.53734
24.4387
32.20842
37.31146
37.43002
32.86523
24.51952
14.48952
6.525429
1.179558
-2.206387
-4.270662
-5.483375
-6.167301
-6.530817
-6.716645
-6.799916
-6.815871
-0.5166755
-0.3435134
0.3277002
1.521798
3.311223
5.78769
9.062276
13.20617
18.2444
23.71755
28.81072
31.92657
32.21397
29.16972
23.74246
17.18302
11.05402
6.172519
2.600786
0.1134564
-1.562037
-2.662337
-3.363428
-3.790319
-4.014807
-4.070132
2.505128
2.684602
3.346187
4.495542
6.165349
8.393277
11.20656
14.58474
18.39751
22.2473
25.53332
27.48383
27.63625
25.62681
21.99203
17.50596
12.98156
8.997503
5.779887
3.332983
1.539822
0.2646845
-0.6129621
-1.182242
-1.495961
-1.577726
4.973795
5.145716
5.754442
6.791299
8.260742
10.16371
12.4786
15.13654
17.96237
20.66217
22.8256
24.06037
24.09218
22.72619
20.22734
17.06191
13.71373
10.57009
7.857221
5.653367
3.935453
2.642231
1.707419
1.07779
0.721595
0.6260243
6.962726
7.112405
7.641807
8.534972
9.778921
11.35282
13.21116
15.26618
17.35557
19.2635
20.7248
21.51597
21.47292
20.49683
18.72254
16.4274
13.91652
11.45297
9.220463
7.313809
5.756935
4.535248
3.622757
2.993676
2.63207
2.533919
8.548533
8.665264
9.102226
9.843006
10.86663
12.14111
13.61235
15.19158
16.74621
18.1173
19.13023
19.64592
19.56371
18.83186
17.52648
15.81528
13.89528
11.94974
10.12082
8.498368
7.12725
6.020737
5.1774
4.588762
4.247544
4.156057
9.796068
9.87806
10.22422
10.81994
11.6437
12.66053
13.81628
15.03029
16.1979
17.20151
17.92144
18.264
18.16457
17.59385
16.59799
15.28355
13.7815
12.22193
10.71533
9.342069
8.153281
7.176219
6.422737
5.893959
5.58732
5.509286
10.75566
10.81047
11.08097
11.55338
12.20822
13.013
13.91825
14.85519
15.74098
16.48716
17.00816
17.23726
17.12977
16.66812
15.88166
14.84084
13.63708
12.36554
11.11294
9.949108
8.924724
8.071599
7.407891
6.940626
6.671459
6.609384
11.46746
11.50755
11.72529
12.10646
12.63224
13.27362
13.98793
14.71838
15.39926
15.96249
16.34403
16.49439
16.3811
15.99247
15.34908
14.4996
13.5101
12.45276
11.39661
10.40088
9.512102
8.762525
8.173124
7.755724
7.517433
7.468122
11.9663
12.00382
12.19237
12.51635
12.95636
13.48505
14.06539
14.65045
15.18749
15.62288
15.90722
16.00205
15.88324
15.54258
14.99536
14.27759
13.43876
12.53503
11.62228
10.75065
9.961694
9.286263
8.746892
8.359451
8.135389
8.094835
12.28377
12.3273
12.50556
12.80145
13.19456
13.65781
14.1572
14.65176
15.0974
15.45047
15.67145
15.72951
15.60569
15.29454
14.80826
14.17497
13.43398
12.63075
11.81173
11.02006
10.29372
9.661727
9.146448
8.765316
8.530696
8.435519
12.4448
12.50078
12.68125
12.97019
13.34639
13.78239
14.24537
14.69627
15.09566
15.4056
15.59234
15.62982
15.50231
15.20606
14.75209
14.16423
13.47597
12.72652
11.95662
11.20543
10.50894
9.894664
9.38214
8.974067
8.570183
7.707721
12.45964
12.53743
12.72783
13.02412
13.4057
13.84395
14.30489
14.75036
15.1418
15.44272
15.62136
15.65346
15.52467
15.2321
14.78651
14.21037
13.53536
12.7987
12.0394
11.29543
10.60142
9.985019
9.465433
8.99394
7.709244
0
