0.0000000 0.0000000
0.0000000 0.0000000
0.0000000 0.0000000
0.0000000 0.0000000
0.0000000 0.0000000
0.0000000 0.0000000
0.0000000 0.0000000
0.0000000 0.0000000
0.0000000 0.0000000
0.0000000 0.0000000
0.0000000 0.0000000
0.0000000 0.0000000
0.0000000 0.0000000
0.0000000 0.0000000
0.0000000 0.0000000
0.0000000 0.0000000
0.0000000 0.0000000
0.0000000 0.0000000
0.0000000 0.0000000
0.0000000 0.0000000
0.0000000 0.0000000
0.0000000 0.0000000
0.0000000 0.0000000
0.0000000 0.0000000
0.0000000 0.0000000
0.0000000 0.0000000
0.0000000 0.0000000
-0.2767020 0.2455249
-1.7767899 1.2436804
-1.5414542 2.5109034
-0.9296986 3.5390131
-0.7406702 4.2520666
-0.7912563 5.0522003
-0.9754468 5.9662156
-1.3303397 7.0712595
-2.0921900 8.5085478
-3.7346942 10.7228384
-8.5642290 13.3589630
9.2914066 11.4606943
16.0112019 -8.2601633
-7.1832900 -10.7865686
-2.9680665 -7.5980029
-2.2675765 -5.1334810
-1.3937776 -3.7290559
-0.8960819 -2.7261608
-0.6164389 -2.0567908
-0.4510926 -1.5719178
-0.3527544 -1.1944683
-0.3385283 -0.8759190
-0.4363618 -0.4784574
-0.3423302 -0.1283927
0.0000000 0.0000000
0.0000000 0.0000000
-1.2283392 0.4576761
-3.1756151 1.7122957
-2.2960382 2.4832449
-1.6517245 3.2191279
-1.5894608 4.0239687
-1.7144248 4.8996921
-1.9679853 5.7315602
-2.4832790 6.5721126
-3.5670123 7.4378052
-5.7311521 7.8447094
0.5404661 8.2673035
17.9258080 9.6201916
28.2953892 -7.5478177
2.2083611 -7.5051756
-6.0818229 -5.2642727
-3.2092054 -4.2971973
-2.2402091 -3.0038567
-1.5249305 -2.2477217
-1.0885890 -1.7575803
-0.8319692 -1.3830485
-0.6770142 -1.0531591
-0.6231952 -0.7753912
-0.7812468 -0.4764844
-0.7209293 -0.1727851
0.0000000 0.0000000
0.0000000 0.0000000
-2.5768135 0.7037860
-4.0747504 1.9360809
-2.8253541 2.3879955
-2.4657683 3.1689448
-2.4524024 3.9810271
-2.5073056 4.7645965
-2.6942558 5.4468436
-3.1072819 5.9516935
-3.9739323 6.0890098
-6.0036654 5.5825787
-0.8000197 -0.8390343
19.7201595 5.4755979
35.5341148 0.2158864
16.8977985 -0.0468433
-10.2173796 -0.2499965
-5.0575075 -1.0164725
-2.8382881 -1.5886772
-1.9039555 -1.5673411
-1.3971356 -1.3934635
-1.1134822 -1.1796857
-0.9528271 -0.9424209
-0.8780699 -0.7022875
-1.0277723 -0.4827028
-1.1074493 -0.1987972
0.0000000 0.0000000
0.0000000 0.0000000
-4.1520066 0.8696328
-4.6049995 1.9904296
-3.4489508 2.3737681
-3.3046920 3.2097847
-3.2379482 4.0082693
-3.2087102 4.7534518
-3.2118540 5.3641491
-3.3076801 5.7064872
-3.5783262 5.6005306
-4.2738137 4.2257123
2.8784883 -3.6018698
13.5173693 3.4935057
32.2227135 -3.2600453
18.6997643 5.4664216
-4.5948086 0.1026036
-3.6716707 -0.2590175
-2.4637127 -0.7755685
-1.8712369 -1.0414940
-1.5013877 -1.0810329
-1.2825338 -0.9967709
-1.1605875 -0.8472573
-1.1005067 -0.6470563
-1.2220709 -0.4742799
-1.4805266 -0.2114567
0.0000000 0.0000000
0.0000000 0.0000000
-5.6890049 0.9495257
-4.9745779 1.9446782
-4.2000327 2.4284105
-4.1192594 3.2777302
-4.0324492 4.0953574
-3.8825216 4.9205880
-3.7546663 5.6540270
-3.5430145 6.1827526
-2.9634843 6.0464487
-2.0034456 4.5203109
6.7090297 -2.9445865
12.1380701 0.5860871
33.2235641 1.6118350
1.7354182 1.2494167
-2.4743028 0.5137377
-2.3730192 0.0513336
-1.8463168 -0.4270597
-1.6386441 -0.7761506
-1.4758186 -0.9053336
-1.3697087 -0.8888335
-1.3146819 -0.7904727
-1.2951839 -0.6197785
-1.3942585 -0.4661529
-1.8215888 -0.2227727
0.0000000 0.0000000
0.0000000 0.0000000
-7.0175853 0.9610365
-5.3988647 1.8581306
-5.0263276 2.5012338
-4.9486442 3.3576698
-4.8756485 4.2443409
-4.7896256 5.2526760
-4.6680312 6.2944140
-3.9266312 6.8980036
-2.0390010 6.4106479
0.3686731 4.3954616
9.7636509 -1.5986141
13.6137114 0.8755013
34.5277710 -0.2287972
1.1778471 -0.3798277
-1.8619790 -0.3997597
-1.7196810 -0.2660326
-1.3483876 -0.4795460
-1.3799821 -0.7654572
-1.4102334 -0.8916734
-1.4241216 -0.8830135
-1.4449260 -0.7932972
-1.4761120 -0.6302512
-1.5662109 -0.4724375
-2.1315989 -0.2380207
0.0000000 0.0000000
0.0000000 0.0000000
-8.0842981 0.9340968
-5.9951344 1.7710168
-5.8846183 2.5521624
-5.8328547 3.4358585
-5.8861785 4.4369349
-6.0230861 5.6408734
-5.6986928 6.6445475
-3.6516275 6.7170372
-0.5548174 5.6103587
3.1986392 3.8195295
12.1643658 -1.7421610
14.2368259 0.2351004
33.5277596 -2.5666060
0.8104749 -1.2899891
-1.6329392 -0.8975723
-1.4264753 -0.7332894
-1.0371826 -0.7798672
-1.1936264 -0.9620828
-1.3752301 -1.0308716
-1.4944054 -0.9815515
-1.5850029 -0.8618427
-1.6634490 -0.6812428
-1.7552863 -0.4991719
-2.4205532 -0.2591757
0.0000000 0.0000000
0.0000000 0.0000000
-8.9120550 0.8932757
-6.7589684 1.6886268
-6.7654476 2.5557134
-6.7931008 3.4854045
-7.0883770 4.5953031
-7.2932153 5.8318291
-5.9910378 6.3079901
-2.5759232 5.6045322
1.1568534 4.3122368
5.2110848 2.7547784
14.1257992 -1.1070316
15.2714491 -0.3167872
37.4180908 1.2524217
0.4026456 -1.8232414
-0.6797652 -1.0940597
-1.0829360 -1.1189477
-0.8254946 -1.2577264
-1.1117918 -1.3335276
-1.4151278 -1.2993760
-1.6195742 -1.1696771
-1.7643751 -0.9883530
-1.8772250 -0.7672641
-1.9756030 -0.5454043
-2.7007873 -0.2850344
0.0000000 0.0000000
0.0000000 0.0000000
-9.5408955 0.8462288
-7.6206193 1.6061023
-7.6691017 2.5044031
-7.8173575 3.4652820
-8.3987579 4.6551609
-8.1831369 5.7086310
-5.2838674 5.3696585
-1.1492826 4.1620951
2.8486853 2.4359663
6.7227783 1.2104821
15.2593565 -1.2338436
15.8699293 -1.4315070
37.8544197 -3.8094151
1.7085406 -1.9790365
0.8106577 -1.5893459
-0.5209898 -2.0545139
-0.7098988 -1.9853210
-1.1668007 -1.8605528
-1.5688033 -1.6683247
-1.8313994 -1.4221739
-2.0065258 -1.1548438
-2.1336825 -0.8754752
-2.2371235 -0.6035588
-2.9801676 -0.3126350
0.0000000 0.0000000
0.0000000 0.0000000
-10.0098343 0.7953041
-8.4966555 1.5046406
-8.5790854 2.3817558
-8.8954725 3.3401692
-9.6651793 4.4879637
-8.3185034 5.0016208
-3.9206290 4.0009604
0.4031672 2.5534105
4.3215351 0.8548454
7.7265625 -0.4919937
14.0027208 -1.5455571
21.7814293 -6.0590296
36.0829506 -3.8186712
6.5571117 -2.0003674
0.9890449 -3.6466393
-0.5410071 -3.4048436
-0.9300136 -2.9209330
-1.4400328 -2.4952207
-1.8821315 -2.0928333
-2.1550264 -1.7036464
-2.3266399 -1.3357823
-2.4433012 -0.9879531
-2.5442929 -0.6621939
-3.2586620 -0.3379018
0.0000000 0.0000000
0.0000000 0.0000000
-10.3368340 0.7320827
-9.3219414 1.3799235
-9.4551353 2.1882842
-9.9814119 3.0797620
-10.5040693 4.0287638
-7.6624165 3.9214361
-2.3559694 2.4223821
1.9430772 1.1661257
6.0689464 -0.4359940
9.1390762 -2.8042374
13.8744364 -3.6070354
29.7271824 -13.0150805
8.4674940 -5.5395198
4.3981066 -5.6383252
0.4593921 -5.6887813
-1.2937018 -4.9827533
-1.6534575 -3.9700177
-1.9933171 -3.1567423
-2.3846009 -2.5149598
-2.6042371 -1.9718902
-2.7297897 -1.5005246
-2.8077807 -1.0842018
-2.8938463 -0.7082524
-3.5288048 -0.3554955
0.0000000 0.0000000
0.0000000 0.0000000
-10.5501356 0.6580169
-10.0483999 1.2216144
-10.2634439 1.9274845
-11.0437460 2.6565874
-10.6018677 3.1675119
-6.4712529 2.7628646
-1.0363990 1.2207116
3.3666873 -0.2932370
8.0695810 -1.8530979
11.6749020 -4.5549092
18.3247452 -6.7115355
33.3349724 -11.8385696
8.9229307 -6.5634375
4.6086178 -6.8064022
0.0164020 -7.0916281
-2.4888327 -6.3218689
-2.9174500 -4.9250979
-2.8576810 -3.7287488
-3.0818725 -2.8624792
-3.1752348 -2.1789153
-3.2086892 -1.6149151
-3.2190530 -1.1411151
-3.2725656 -0.7283645
-3.7788417 -0.3594638
0.0000000 0.0000000
0.0000000 0.0000000
-10.6661949 0.5634168
-10.6500149 1.0326794
-10.9513044 1.6128311
-11.9327602 2.1383080
-10.0940924 2.2635162
-5.0116072 1.7288104
0.0622221 0.6147529
4.9992681 -1.4557043
9.5492201 -2.6153812
14.3903799 -5.5254145
28.7988510 -11.6092587
30.5960426 -10.6302671
11.5733042 -5.7682796
5.5224800 -7.0254083
-0.1563176 -7.5002642
-3.7777560 -6.9431844
-4.5162702 -5.5184293
-4.0049739 -4.0749440
-3.9418077 -3.0555351
-3.8395588 -2.2713563
-3.7398553 -1.6434046
-3.6587286 -1.1354347
-3.6587007 -0.7088298
-3.9952526 -0.3444705
0.0000000 0.0000000
0.0000000 0.0000000
-10.7399464 0.4539291
-11.1366987 0.8096094
-11.5527868 1.2734404
-12.5631771 1.5432470
-9.4493208 1.5741063
-3.7024071 1.0724772
1.4298589 -0.1662455
6.5137782 -2.1841841
11.0505981 -2.9332926
17.9912014 -5.4038129
32.7640305 -11.7838631
16.8729515 -7.1323533
11.6627045 -6.3178148
6.2017846 -6.4693174
0.0403754 -6.9312730
-4.7905273 -6.7965050
-6.2245765 -5.5515866
-5.3614573 -4.0811706
-4.8914452 -3.0362630
-4.5553160 -2.2020879
-4.2903686 -1.5521847
-4.0972061 -1.0458758
-4.0215716 -0.6376489
-4.1671681 -0.3049048
0.0000000 0.0000000
0.0000000 0.0000000
-10.7948580 0.3205169
-11.5046844 0.5396027
-12.0643053 0.8899708
-13.0649195 1.0554208
-8.7241364 0.9606858
-2.4401920 0.5867035
2.8053484 -0.5646526
7.6339831 -2.1577542
13.4060030 -3.9760845
22.4026299 -6.1773305
32.2609711 -13.4087572
15.0965967 -6.2522635
11.5451784 -5.5883355
6.4076152 -5.2273884
0.9250335 -5.5308142
-5.1605434 -5.9524121
-7.7752895 -4.6421795
-6.7751293 -3.7525842
-5.8670511 -2.7448566
-5.2567439 -1.9267515
-4.8085690 -1.3128065
-4.4941487 -0.8559304
-4.3270531 -0.5064445
-4.2914596 -0.2385377
0.0000000 0.0000000
0.0000000 0.0000000
-10.8648911 0.1662697
-11.7548475 0.1974397
-12.5024433 0.4187036
-13.4014416 0.3972391
-7.9145794 0.3315723
-1.4517018 0.0530601
4.0452085 -0.9744633
8.7605925 -2.1137671
14.8086405 -3.8290477
31.3359680 -9.3048525
27.2004642 -7.5332031
15.2704906 -5.0751991
10.9225359 -4.4045596
6.2105002 -3.8067501
1.5349524 -3.8218567
-4.7138429 -4.4323072
-8.6771002 -3.2864537
-8.2427254 -2.9384251
-6.7343822 -2.1515782
-5.8739920 -1.4300902
-5.2475152 -0.9131323
-4.8082643 -0.5588279
-4.5424356 -0.3128780
-4.3588920 -0.1399277
0.0000000 0.0000000
0.0000000 0.0000000
-10.8534527 -0.0451323
-11.8206263 -0.2435362
-12.8219824 -0.1957487
-13.5021572 -0.4435384
-7.3728218 -0.2354285
-0.7994291 -0.3433286
5.3036361 -1.6175469
10.1976500 -2.7339790
15.7524567 -2.9686902
33.3672905 -12.3368587
20.1844349 -6.9885259
14.3280172 -4.6283736
10.0048752 -3.3104150
5.9278374 -2.6073861
1.0876642 -2.4546046
-3.9844079 -2.4492431
-9.1835814 -1.2694600
-9.4005728 -1.7911485
-7.4590597 -1.1887293
-6.3359842 -0.6756574
-5.5420790 -0.3468103
-4.9922347 -0.1597454
-4.6455092 -0.0614126
-4.3815379 -0.0158269
0.0000000 0.0000000
0.0000000 0.0000000
-10.5814400 -0.3181967
-11.6117573 -0.8381099
-12.8676643 -1.1039058
-13.7482853 -1.5245047
-7.0844436 -1.2836039
-0.7879342 -1.0724916
6.0188355 -1.5287974
10.9525757 -3.0216904
18.5609722 -4.0208125
39.4114037 -9.7873459
14.6706858 -5.3787713
12.4251156 -3.3353980
8.6369133 -1.7570516
6.0276208 -1.3759463
0.4005906 -1.0279688
-3.7293406 -0.4302208
-9.2269716 0.0002765
-10.2401485 0.0381712
-7.8570833 0.0890089
-6.5469680 0.2817515
-5.6358786 0.3372388
-5.0087214 0.3098973
-4.6084890 0.2322885
-4.3077369 0.1248070
0.0000000 0.0000000
0.0000000 0.0000000
-9.9726982 -0.6427687
-11.0278654 -1.5410727
-12.4441891 -2.3261614
-13.6920681 -3.4372246
-7.3777165 -2.8002043
-0.5865345 -2.7702167
6.2783718 -1.8779485
10.7882376 -2.4528897
22.9679470 -6.0230913
38.9665985 -10.4068422
13.2969246 -3.6959007
10.7016487 -2.4560599
7.1864262 -0.7232662
5.3564491 -0.2291495
0.3023878 0.5932042
-4.0129232 1.7083306
-10.0922375 2.3268924
-10.2145977 1.8734696
-7.8519025 1.5981854
-6.4497848 1.3444103
-5.4855976 1.0873181
-4.8285494 0.8200306
-4.4056549 0.5488806
-4.0899625 0.2740504
0.0000000 0.0000000
0.0000000 0.0000000
-8.9941654 -1.0005774
-9.9821787 -2.3124013
-11.3010635 -3.7026365
-12.8235025 -5.7328100
-8.7304964 -5.6445327
-0.5481805 -3.5473688
6.5633702 -3.9579356
12.2297907 -3.7190897
35.2135239 -9.3951149
28.9195061 -5.8222332
12.0598507 -2.7626021
8.8566790 -1.1497700
7.2515278 0.1484988
3.0227389 1.1608695
-1.0350944 2.7682626
-4.5104351 3.2833138
-8.8974257 5.9407034
-9.4790440 4.1720166
-7.3693333 3.1306543
-6.0106506 2.4184220
-5.0745020 1.8406154
-4.4364872 1.3299770
-4.0273275 0.8647800
-3.7221229 0.4182787
0.0000000 0.0000000
0.0000000 0.0000000
-7.6514902 -1.3421035
-8.4772167 -3.0449491
-9.4837713 -4.9991255
-11.5055094 -7.5162973
-8.5936413 -9.2324991
0.3266343 -6.8916316
5.0969410 -7.1929364
17.1616516 -7.9106998
33.9829254 -9.3877106
24.9710979 -4.7943959
12.3504934 -0.8137202
7.4235291 1.3848461
4.4587846 2.8682566
1.9861754 4.2495866
-2.1515901 6.6018167
-7.2795672 8.0501795
-9.3594704 8.6214724
-7.8593197 5.9700847
-6.3257656 4.4371629
-5.2067127 3.3678873
-4.4081717 2.5121753
-3.8491230 1.7936826
-3.4801862 1.1567373
-3.1990721 0.5611087
0.0000000 0.0000000
0.0000000 0.0000000
-6.0080442 -1.6275524
-6.5966678 -3.6037307
-7.2206578 -5.7576270
-8.1212072 -8.6448078
-6.3165979 -12.2106695
-0.2037483 -14.5061083
10.1597757 -12.9977684
21.4499683 -12.2906265
28.9001179 -4.3132582
17.2676373 -0.3834191
10.3324852 4.2657056
3.4058073 6.1207056
4.0294881 7.4070611
0.6288329 8.7788219
-2.9024363 10.7521629
-7.0503983 12.6671972
-7.5890598 9.7452421
-5.9147339 7.3164592
-4.8888011 5.5599356
-4.0777202 4.1952147
-3.4764025 3.0937245
-3.0506752 2.1704235
-2.7760661 1.3698786
-2.5205894 0.6703537
0.0000000 0.0000000
0.0000000 0.0000000
-4.1054988 -1.9388529
-4.5131907 -4.1536570
-4.9052343 -6.4789886
-5.3374453 -9.2352591
-5.1398816 -12.3572321
-2.0228646 -14.2940063
4.7269492 -15.0253410
13.1032219 -10.5187187
16.0289764 -0.3156869
13.7027044 4.6910219
12.8244772 7.7194924
0.8361788 14.4070873
3.9363549 12.3322687
-1.6380086 17.0320988
-2.8951004 15.9860287
-4.5049810 13.6351662
-4.2101803 10.2922802
-3.8868153 8.1070986
-3.3519399 6.4310951
-2.8295941 5.0152531
-2.4115465 3.7797117
-2.1151822 2.6828806
-1.9403462 1.6838577
-1.8716576 0.7578813
0.0000000 0.0000000
0.0000000 0.0000000
-1.8687221 -2.4242659
-2.1101229 -5.2086678
-2.4275169 -7.9382839
-2.6966758 -10.3063040
-2.6630783 -12.0609627
-1.3754909 -12.1723986
2.2302792 -10.4730024
4.8003755 -4.2255135
6.4937415 3.9621539
5.4876661 10.1224794
4.2958264 13.3399420
2.2439120 15.9165344
-0.1611953 17.5961475
-1.2886561 16.5262566
-1.8859642 15.8758974
-2.1293330 15.2604151
-2.0454690 13.8083811
-1.7849892 11.4894438
-1.4481083 9.1476440
-1.1662829 7.0392594
-0.9695157 5.2300987
-0.8443192 3.6730587
-0.7822393 2.2748425
-0.9171295 0.7247412
0.0000000 0.0000000
0.0000000 0.0000000
0.0000000 0.0000000
0.0000000 0.0000000
0.0000000 0.0000000
0.0000000 0.0000000
0.0000000 0.0000000
0.0000000 0.0000000
0.0000000 0.0000000
0.0000000 0.0000000
0.0000000 0.0000000
0.0000000 0.0000000
0.0000000 0.0000000
0.0000000 0.0000000
0.0000000 0.0000000
0.0000000 0.0000000
0.0000000 0.0000000
0.0000000 0.0000000
0.0000000 0.0000000
0.0000000 0.0000000
0.0000000 0.0000000
0.0000000 0.0000000
0.0000000 0.0000000
0.0000000 0.0000000
0.0000000 0.0000000
0.0000000 0.0000000
0.0000000 0.0000000
0.0000000 0.0000000
0.1962039 -0.2203236
0.0000000 0.0000000
0.3318085 -0.1243079
-0.2357669 -0.1381048
-0.2621846 0.1024891
0.0000000 0.0000000
-1.3474557 0.3802217
-0.5558683 1.0921451
-0.5641415 2.1365778
0.0000000 0.0000000
-1.6781416 1.9570191
-0.5054741 3.0612171
-0.4560615 3.8551650
0.0000000 0.0000000
-1.1639844 3.1412184
-0.3528917 4.5123405
-0.3165247 5.0254865
0.0000000 0.0000000
-0.7994522 3.9146850
-0.2910849 5.5202031
-0.2997448 5.9961777
0.0000000 0.0000000
-0.7449672 4.6554818
-0.3177605 6.5126104
-0.3596392 7.0256696
0.0000000 0.0000000
-0.8543177 5.4934492
-0.3914247 7.6773324
-0.4728558 8.3136435
0.0000000 0.0000000
-1.0905510 6.4696360
-0.5356982 9.2322378
-0.7034951 10.0815268
0.0000000 0.0000000
-1.5553131 7.6909065
-0.8663062 11.5764952
-1.1889919 12.9044790
0.0000000 0.0000000
-2.5706148 9.6288624
-1.7107981 15.3463087
-1.9127200 18.2177944
0.0000000 0.0000000
-4.8734922 14.1690140
-1.5964562 21.3155842
-2.4885085 24.7070618
0.0000000 0.0000000
3.3465869 12.6473799
4.3126779 18.3383274
10.6630650 7.5299125
0.0000000 0.0000000
16.8471470 5.7245889
10.3312368 -10.0031538
-1.5832388 -10.7246962
0.0000000 0.0000000
13.3369064 -4.8021731
-1.7637241 -14.5591135
-1.0981702 -13.3022623
0.0000000 0.0000000
-7.7596283 -10.2226954
-0.5766607 -9.2537527
-0.8139353 -7.7877884
0.0000000 0.0000000
-2.1836200 -5.8567204
-0.6974315 -6.6081624
-0.5371045 -5.5096135
0.0000000 0.0000000
-1.7611423 -4.1066928
-0.4407861 -4.6904802
-0.3634191 -3.8901753
0.0000000 0.0000000
-1.1087087 -3.0910389
-0.3081276 -3.3898487
-0.2526248 -2.8556709
0.0000000 0.0000000
-0.7409928 -2.3399363
-0.2129442 -2.5049243
-0.1837210 -2.1433022
0.0000000 0.0000000
-0.5260180 -1.7986283
-0.1572704 -1.8770498
-0.1415755 -1.6126245
0.0000000 0.0000000
-0.3971643 -1.3773865
-0.1249278 -1.4069867
-0.1139572 -1.1900209
0.0000000 0.0000000
-0.3358393 -1.0346501
-0.1150249 -1.0015771
-0.1299113 -0.7982832
0.0000000 0.0000000
-0.3770910 -0.7064497
-0.1519472 -0.5490626
-0.1551218 -0.2996897
0.0000000 0.0000000
-0.4387103 -0.2853301
-0.0988441 -0.1137510
-0.0345208 0.0739928
0.0000000 0.0000000
-0.0252439 0.0268697
0.0000000 0.0000000
0.0000000 0.0000000
0.5512292 -0.1004430
0.4065417 0.0175996
-0.8398721 0.2290689
-1.7962674 0.7474472
-2.6676166 0.9842808
-2.3417923 1.5222490
-2.3258009 2.1424353
-2.7272322 2.1551380
-1.8284801 2.6600475
-1.4831871 3.0934212
-1.8951033 2.8288758
-1.2596034 3.4240751
-1.1686687 3.8071065
-1.5889310 3.5934467
-1.1675277 4.2017679
-1.2223790 4.6274700
-1.6306679 4.4569697
-1.2957898 5.1050797
-1.4240701 5.5188622
-1.7996986 5.2815881
-1.5467042 6.0638881
-1.7882702 6.4738393
-2.1434114 6.0585952
-2.0349526 7.1574354
-2.5384526 7.5666466
-2.8757203 6.7445631
-3.0542183 8.5780363
-4.2923088 8.8682909
-4.4337473 7.0506721
-5.7768865 10.3786163
-8.9654064 11.7174978
-10.2163620 8.0529528
-1.5001012 8.4517546
8.4565802 11.0764627
12.5591679 12.5695934
12.8812180 8.8761415
17.1289234 9.3996420
23.4662495 7.9765739
21.9841022 -3.7415996
18.1907654 -3.6277928
20.6906109 -1.9898252
3.1498735 -9.9782991
-9.9997778 -9.5781116
-12.2433567 -6.5949593
-3.4456384 -6.5772710
-2.9643936 -6.4197044
-4.4847398 -5.7736702
-2.8524673 -4.8605461
-2.1358924 -3.7164822
-2.6796081 -3.3336315
-1.7710551 -3.3969593
-1.4193968 -2.7945924
-1.8559283 -2.5219572
-1.1589414 -2.5061631
-0.9717736 -2.1476200
-1.2830751 -1.9989719
-0.8162436 -1.8974783
-0.7110698 -1.6639478
-0.9450629 -1.5832146
-0.6163561 -1.4552836
-0.5567402 -1.2798175
-0.7457037 -1.2329966
-0.4985681 -1.1026843
-0.4704471 -0.9521276
-0.6356737 -0.9191028
-0.4637125 -0.8058705
-0.5098607 -0.6507464
-0.6720948 -0.6480049
-0.5989082 -0.4520874
-0.6470383 -0.2950679
-0.8291681 -0.3292078
-0.5254278 -0.1348575
-0.0069730 -0.0063772
-0.0831325 -0.0347123
0.0000000 0.0000000
0.0000000 0.0000000
0.2201735 0.0723207
-0.0737875 0.1654360
-1.9199023 0.5483509
-3.3020654 1.2264235
-3.9347472 1.3837873
-3.6026473 1.8696324
-3.1271870 2.1551776
-3.3765597 2.1363621
-2.5358570 2.4453163
-2.1795971 2.7896054
-2.5740352 2.7331803
-2.0309415 3.1672180
-2.0091887 3.5753362
-2.4447401 3.5493088
-2.0226407 4.0073509
-2.0801799 4.4154158
-2.4599552 4.3581567
-2.1286294 4.8461204
-2.2469199 5.1797771
-2.5656903 5.0703287
-2.3530350 5.6170964
-2.5997975 5.8543472
-2.8285425 5.6426606
-2.8185790 6.3232117
-3.2967081 6.3885236
-3.3778481 5.9987907
-3.6989062 6.8231940
-4.4694958 6.7486167
-4.4259219 6.0904946
-4.6316037 7.1316595
-9.9451180 7.7008367
-9.6108961 7.2580028
-8.9052629 6.0007563
7.5828161 6.8488483
12.7831783 1.8819318
16.7587776 8.9211588
22.9944458 7.8086076
30.2953148 3.6628568
33.9810944 -1.7881708
29.1073780 2.7468567
34.6188545 11.6036224
3.5148277 -6.6179571
-8.8094845 -2.9530952
-9.7153215 -0.5244220
-7.3366513 -3.1735034
-5.5837188 -3.9380713
-8.5280371 -2.4533265
-3.6393230 -3.2671158
-3.0581079 -2.8204093
-3.9614336 -2.2430255
-2.4612768 -2.3838377
-2.0576651 -2.1751471
-2.3454270 -1.8192978
-1.6812351 -1.8992180
-1.4459453 -1.7779026
-1.6234565 -1.5668095
-1.2232386 -1.5653086
-1.0884889 -1.4497491
-1.2372038 -1.3318973
-0.9589566 -1.2729741
-0.8830675 -1.1565410
-1.0219748 -1.0934230
-0.8074163 -0.9903926
-0.7742547 -0.8763328
-0.9051978 -0.8413114
-0.7475563 -0.7347240
-0.7928441 -0.6211515
-0.9150109 -0.6077441
-0.8983411 -0.4728366
-0.9858638 -0.3517520
-1.1335018 -0.3641035
-0.9059223 -0.1883325
-0.1575919 -0.0493723
-0.2599461 -0.0624059
0.0000000 0.0000000
0.0000000 0.0000000
-0.4962869 0.2247302
-0.9845130 0.3001923
-3.3746018 0.7775016
-4.4977055 1.5142171
-4.9534349 1.5861322
-4.3439641 1.9974538
-3.6213696 2.1050558
-3.8668044 2.0879755
-3.1243360 2.3653176
-2.9318645 2.7601392
-3.3403671 2.7686985
-2.8676090 3.1719887
-2.8603482 3.5752227
-3.2725220 3.5801163
-2.8377731 3.9760108
-2.8457754 4.3603015
-3.2250295 4.3523860
-2.8578873 4.7310643
-2.9093320 5.0450521
-3.2201896 5.0200195
-2.9549417 5.3666034
-3.0786653 5.5509548
-3.2426629 5.4672127
-3.1787007 5.7584500
-3.4884322 5.7021904
-3.3842108 5.4707723
-3.7589126 5.7776675
-4.4981260 5.1532187
-3.9303274 4.5479274
-5.2080889 5.1889215
-10.7927914 4.4985604
-8.0997133 2.9757636
0.2038639 -4.6493835
10.6941462 0.7898736
6.9441028 -0.1703312
14.2670431 3.6210036
17.9187698 4.6529775
21.7956791 2.0523610
34.5840721 -4.5998578
30.5045319 3.9170790
25.2432919 5.5333328
15.0387611 1.8433599
-6.2125220 3.7815270
5.2253318 7.9953036
-8.8546152 1.0350889
-7.0175595 0.4934182
-3.2617769 2.6458192
-4.5963244 0.0519439
-3.6548333 -0.9917003
-2.6815362 -0.0661749
-2.7325797 -1.0247128
-2.3077595 -1.2990507
-2.0542057 -0.9006212
-1.9148216 -1.2495413
-1.6797948 -1.3151233
-1.6489052 -1.1078274
-1.4547584 -1.2107942
-1.3261973 -1.1972404
-1.3733683 -1.0829501
-1.1982155 -1.0748256
-1.1276685 -1.0190593
-1.2107881 -0.9569864
-1.0555500 -0.8866429
-1.0244445 -0.8058863
-1.1238670 -0.7739087
-0.9907246 -0.6715100
-1.0240518 -0.5852404
-1.1247239 -0.5693973
-1.1220506 -0.4752059
-1.2561187 -0.3699221
-1.3786672 -0.3713518
-1.2860291 -0.2061316
-0.3786013 -0.0700188
-0.4998088 -0.0771548
0.0000000 0.0000000
0.0000000 0.0000000
-1.5633274 0.3548649
-2.2073228 0.4081966
-4.9242401 0.9124337
-5.3751407 1.6266167
-5.6939278 1.6341873
-4.7964640 1.9891194
-4.1099677 2.0699880
-4.4204044 2.0721228
-3.8073809 2.3850045
-3.7437754 2.8187301
-4.1574101 2.8477018
-3.7016973 3.2282932
-3.6593711 3.6394854
-4.0871282 3.6627178
-3.6240284 4.0232339
-3.5812399 4.4292126
-4.0074058 4.4601998
-3.5580018 4.7678862
-3.4708238 5.1458931
-3.8975918 5.2163162
-3.4530253 5.4019370
-3.3835294 5.6563959
-3.6879418 5.8923783
-3.2964499 5.8289299
-3.2574720 5.7954035
-3.3077154 6.2278867
-3.1290393 5.6494336
-2.9298489 5.3101392
-2.4945180 5.6092544
-2.3356371 3.6680925
-4.3431168 4.2028790
-3.7131445 4.6225295
5.0839300 -3.2763155
8.3969145 0.4030742
9.5124464 1.0651171
12.8112297 2.3353207
19.3339233 4.4156065
22.8888149 0.1901811
33.8556328 -1.4194219
32.4661255 1.8517150
27.9249020 3.0711486
-2.2785902 0.6911478
-0.4240374 5.0126362
-2.1047409 1.1639689
-3.1706202 0.4524967
-3.3085916 1.4104344
-2.8584862 1.0465219
-2.9461448 0.1737494
-2.5763509 -0.1039954
-2.0763555 0.0688262
-2.1553152 -0.4609771
-1.9663051 -0.7455359
-1.6897302 -0.5819104
-1.7713615 -0.8475903
-1.6421434 -0.9777088
-1.5411572 -0.8710996
-1.4991285 -0.9615164
-1.4199893 -0.9994216
-1.4119895 -0.9342938
-1.3329657 -0.9257059
-1.2894453 -0.9069784
-1.3349104 -0.8696987
-1.2414026 -0.8089259
-1.2237111 -0.7496068
-1.3004831 -0.7308570
-1.2010351 -0.6283650
-1.2266110 -0.5549303
-1.3149977 -0.5449134
-1.3082978 -0.4674050
-1.4797357 -0.3698123
-1.5851957 -0.3678724
-1.6415993 -0.2168651
-0.6374411 -0.0818184
-0.7706050 -0.0861072
0.0000000 0.0000000
0.0000000 0.0000000
-2.8885295 0.4453991
-3.6128290 0.4717150
-6.3506045 0.9630567
-6.0024104 1.6145973
-6.2538667 1.5831323
-5.1893392 1.9102013
-4.7288632 2.0795915
-5.1083989 2.0925565
-4.5961733 2.4551709
-4.5688195 2.9003978
-4.9964724 2.9265549
-4.5270925 3.3056729
-4.4791074 3.7366531
-4.9345322 3.7766910
-4.4494495 4.1312003
-4.3403068 4.6251545
-4.9043555 4.6869445
-4.3529100 4.9872012
-4.1925445 5.5352664
-4.8292780 5.7377586
-4.1449928 5.9046574
-3.9580674 6.3691463
-4.3856730 6.7281284
-3.6074796 6.6367373
-3.1181715 6.6684494
-3.0560486 6.8000727
-2.3585076 6.3414183
-1.3955110 5.7488322
-0.8274695 5.4259200
-0.5027229 4.3356056
-2.2598135 4.4267101
-0.8204973 3.2469497
8.4277754 -2.0604727
9.4059324 0.8699917
11.2823315 1.1003349
11.6865482 0.7300060
16.7417126 0.5276081
16.4064140 -0.0745484
34.7665176 -2.5648239
34.4313965 1.1073794
26.6336231 2.2618713
-0.2440437 0.5072471
-0.3640146 1.4429622
-0.1388898 1.4448985
-2.2502792 -0.1059974
-2.2674575 0.8507880
-2.0635772 0.4635953
-2.0637021 -0.1013355
-1.8101493 -0.0305443
-1.5420424 -0.1745096
-1.6082875 -0.3958369
-1.5495026 -0.5897009
-1.3306954 -0.6181860
-1.5262420 -0.7304410
-1.5019999 -0.8508377
-1.3960727 -0.8552488
-1.4567801 -0.8717976
-1.4380394 -0.9161100
-1.4143190 -0.9159111
-1.4074554 -0.8692381
-1.4002479 -0.8584547
-1.4309109 -0.8588449
-1.3869059 -0.7818320
-1.3898815 -0.7266811
-1.4568543 -0.7288584
-1.3901647 -0.6192312
-1.4146135 -0.5433046
-1.5000315 -0.5448208
-1.4821092 -0.4664713
-1.6757982 -0.3672833
-1.7732805 -0.3673698
-1.9657571 -0.2296981
-0.9205907 -0.0895336
-1.0631666 -0.0924658
0.0000000 0.0000000
0.0000000 0.0000000
-4.3359013 0.4845053
-5.0708556 0.4864067
-7.5412092 0.9548845
-6.5156531 1.5336082
-6.7682767 1.4861541
-5.6957874 1.8132694
-5.4819331 2.1112716
-5.9049358 2.1223838
-5.4431887 2.5217011
-5.4102845 2.9712298
-5.8610907 2.9902372
-5.3826990 3.3849647
-5.3495817 3.8653371
-5.8665490 3.9145951
-5.3701878 4.3065720
-5.3368664 4.9012122
-6.0040965 5.0202012
-5.4018016 5.3975954
-5.2908630 6.0904298
-5.9587660 6.2691970
-5.0966134 6.5687733
-4.6811075 6.9094634
-4.7889743 6.9714503
-3.7198408 7.0344796
-2.4734201 6.7351236
-2.1374009 6.2367907
-0.9607587 6.1318855
0.6904622 5.1838889
1.1933924 4.6741624
2.2557838 4.1340399
1.0971031 3.3691912
2.1589465 3.4070768
10.5519381 -2.0267060
11.3459120 0.2805136
12.6161585 0.4591790
14.4104071 -0.2102223
18.0356483 0.9047400
16.3326187 0.2034634
32.0659790 -1.7193403
34.1070709 -0.1264726
23.5554104 1.2177228
0.5017601 -1.5182716
0.1821955 0.9715998
-0.7467700 0.1641464
-1.6237390 -0.6470678
-1.7669578 0.1532018
-1.8366106 -0.2342746
-1.5090610 -0.4721690
-1.3660051 -0.3942933
-1.2597365 -0.6675206
-1.1842917 -0.5985107
-1.2270595 -0.7509462
-1.0832994 -0.9095918
-1.3040541 -0.8375421
-1.3720680 -0.9314922
-1.2947102 -1.0259721
-1.4097646 -0.9412555
-1.4475694 -0.9631857
-1.4370877 -1.0241333
-1.4727029 -0.9186643
-1.5011940 -0.8904930
-1.5389683 -0.9298800
-1.5243372 -0.8189386
-1.5489707 -0.7497246
-1.6205403 -0.7748494
-1.5752889 -0.6504880
-1.6039180 -0.5584091
-1.6956105 -0.5730615
-1.6633756 -0.4834622
-1.8631740 -0.3720424
-1.9628584 -0.3770911
-2.2636952 -0.2480184
-1.2239348 -0.0960228
-1.3769226 -0.0988366
0.0000000 0.0000000
0.0000000 0.0000000
-5.7830691 0.4795067
-6.4872913 0.4670071
-8.4838085 0.9191109
-7.0428214 1.4294763
-7.3337169 1.3751982
-6.3747239 1.7270843
-6.3176789 2.1305997
-6.7600198 2.1223896
-6.3182611 2.5533340
-6.2898364 3.0151596
-6.7648592 3.0150080
-6.3067741 3.4537508
-6.3427711 3.9919522
-6.9260097 4.0272174
-6.4792118 4.5039186
-6.5753384 5.1982517
-7.2733464 5.2773061
-6.6445932 5.7713432
-6.4776955 6.3682137
-6.8309946 6.3490500
-5.7837195 6.6926599
-4.6939311 6.5931211
-4.3298364 6.2475324
-3.0806627 6.2666101
-1.2761477 5.7104940
-0.6951656 5.0085258
0.5478807 4.9935184
2.4684436 4.1876321
3.1932018 3.5554681
4.4303937 3.2796066
3.3950338 2.9923079
4.3514109 2.2872584
13.5502958 -1.3588158
13.8269577 0.4830194
14.5716410 0.0856577
14.4355145 0.4025588
14.8314877 -1.1034888
14.9723577 -2.1169131
36.4503937 -1.1512800
33.3576317 -1.1364453
24.7052116 -1.7035140
0.2721371 -1.8385929
-0.0373945 0.5642274
-0.5028051 0.2415507
-1.0953801 -1.0162809
-1.4709885 -0.4319423
-1.2881472 -0.8615021
-1.2538602 -0.8671392
-1.1380649 -0.9152589
-0.9801548 -1.2180518
-0.9608561 -0.9784583
-1.0481451 -1.1132845
-0.9344586 -1.3386928
-1.1852893 -1.1288241
-1.3176603 -1.1742100
-1.2774209 -1.3333173
-1.4195729 -1.1512616
-1.5015178 -1.1276630
-1.5221798 -1.2363408
-1.5734738 -1.0659902
-1.6309828 -0.9999283
-1.6927589 -1.0708815
-1.6860836 -0.9192014
-1.7275642 -0.8195468
-1.8169920 -0.8640738
-1.7766185 -0.7204419
-1.8109747 -0.6009088
-1.9175155 -0.6267037
-1.8678880 -0.5209153
-2.0605397 -0.3882113
-2.1711531 -0.3981638
-2.5467942 -0.2721522
-1.5495027 -0.1032705
-1.7157738 -0.1067885
0.0000000 0.0000000
0.0000000 0.0000000
-7.1601396 0.4503651
-7.8153114 0.4311734
-9.2105856 0.8729631
-7.6443257 1.3167354
-7.9778466 1.2610413
-7.1871624 1.6449589
-7.1901259 2.1076443
-7.6366100 2.0764410
-7.2157722 2.5326431
-7.2172256 3.0107059
-7.7058444 2.9820642
-7.3056855 3.4763234
-7.4752774 4.0594711
-8.1047592 4.0659862
-7.7353573 4.6218953
-7.9002090 5.3437901
-8.5044155 5.3518820
-7.7385592 5.8457451
-7.0993638 6.1095314
-6.9806838 5.8318682
-5.6545506 6.0348887
-3.8229599 5.4941502
-3.1405113 4.8907442
-1.8971711 4.8428493
0.0536924 4.1069503
0.9195954 3.4468133
1.8796414 3.2789464
4.0218225 2.6385047
4.9262857 1.8626794
6.0043788 1.9277333
5.7125893 1.4015832
7.0444479 0.4899962
15.1386652 -1.7984394
14.8532925 -0.9034987
15.5171652 -0.9106565
16.1580582 -0.9632032
19.3768177 -2.8075070
25.8387108 -6.4858446
33.4303894 -4.6796169
27.3308487 -3.7034948
21.7007751 -3.2085590
-1.2091972 -2.4099469
-1.1964817 0.5124093
2.6122708 1.6948050
-1.0580664 -0.6953582
-1.1353240 -1.0734658
0.2173336 -1.0289929
-1.1281559 -1.4773867
-1.0114772 -1.4914999
-0.5902056 -1.7838414
-0.9067057 -1.5835228
-1.0162662 -1.6095333
-0.8969889 -1.8714032
-1.2028075 -1.5813731
-1.3745500 -1.5409032
-1.3795249 -1.7396401
-1.5266246 -1.4752053
-1.6383766 -1.3832422
-1.7050718 -1.5213825
-1.7453781 -1.2905787
-1.8208119 -1.1695094
-1.9200184 -1.2592250
-1.8981794 -1.0691015
-1.9484574 -0.9261668
-2.0659442 -0.9816674
-2.0124285 -0.8199882
-2.0499637 -0.6644763
-2.1784046 -0.6962290
-2.1079595 -0.5745560
-2.2830970 -0.4139556
-2.4105623 -0.4265007
-2.8255203 -0.2996503
-1.9021513 -0.1122029
-2.0847113 -0.1165239
0.0000000 0.0000000
0.0000000 0.0000000
-8.4366512 0.4106419
-9.0374479 0.3899261
-9.7603016 0.8232885
-8.3243027 1.2016573
-8.6841831 1.1397953
-8.0575933 1.5558680
-8.0677719 2.0296626
-8.5046825 1.9674424
-8.1274214 2.4488306
-8.1750393 2.9338610
-8.6651363 2.8652191
-8.3621683 3.4134884
-8.7294083 4.0567703
-9.3832006 3.9968150
-9.0419703 4.6127415
-9.0108604 5.2519965
-9.2971258 5.0174713
-8.2764912 5.4965239
-6.8006864 5.2707939
-6.2996840 4.6990328
-4.6342287 4.8193531
-2.4606736 4.0529757
-1.6667962 3.2152085
-0.4522925 3.3299203
1.5620914 2.5194974
2.3460307 1.6463804
3.4587021 1.6032894
5.5312057 0.8853905
6.3629646 0.0691822
7.1488371 0.4136462
8.0948124 -0.5399899
9.4837179 -1.1338068
15.0433607 -1.9692149
15.8566895 -0.4785627
15.2985048 -0.2127612
18.8665962 -3.1115525
28.1614170 -8.4300776
33.7088623 -10.4041796
34.7515335 -5.6542559
1.0978357 -3.8860364
2.4576340 -3.4012489
6.3620515 -0.7240075
3.4474132 -1.9887244
1.9447162 -4.2535920
0.8643763 -2.6764395
-0.2163486 -2.4756653
-0.0533062 -3.4339211
-0.6993652 -2.6961813
-0.8491600 -2.4888380
-0.7962683 -3.0586030
-0.9409836 -2.4420755
-1.1181084 -2.2831104
-1.1634332 -2.6365573
-1.3671513 -2.1731484
-1.5669552 -2.0054696
-1.6742144 -2.2383702
-1.7601678 -1.8795843
-1.8865629 -1.6972299
-2.0228410 -1.8478268
-2.0142813 -1.5632050
-2.0925839 -1.3724134
-2.2416804 -1.4660341
-2.1795771 -1.2468184
-2.2278609 -1.0509973
-2.3804712 -1.1067152
-2.2955301 -0.9332070
-2.3311541 -0.7368885
-2.4852357 -0.7675257
-2.3913934 -0.6347572
-2.5397587 -0.4435121
-2.6869164 -0.4554287
-3.1038053 -0.3269128
-2.2863252 -0.1225858
-2.4866562 -0.1271956
0.0000000 0.0000000
0.0000000 0.0000000
-9.6033735 0.3681888
-10.1460419 0.3463556
-10.1596737 0.7658294
-9.0471754 1.0742695
-9.4143696 1.0078795
-8.9098701 1.4436023
-8.9221258 1.8909235
-9.3365393 1.8020117
-9.0257215 2.2923589
-9.1318550 2.7661698
-9.5971050 2.6536860
-9.4475574 3.2157226
-10.0448694 3.8997102
-10.6314287 3.7762580
-10.1227694 4.3062630
-9.4642248 4.6487365
-9.3716841 4.2461352
-8.0225468 4.5399413
-5.7163148 3.9534023
-4.9602866 3.2415407
-3.1559699 3.2411737
-0.8950394 2.4957597
-0.2061751 1.7442861
1.2196990 1.8389930
3.1467254 0.9024430
3.9150281 0.2396298
5.0816140 0.2000913
7.0894628 -0.8871406
8.0546703 -1.6580813
8.2982101 -1.5529556
9.8491983 -2.6745155
10.8112116 -3.8037481
12.7467880 -1.8879750
19.4082890 -4.9342847
22.5685501 -7.4454584
30.6914406 -12.2686329
35.2270966 -13.0949278
33.4010925 -10.7095385
19.1299820 -5.2087622
5.0084004 -3.8274243
6.1780519 -5.6552505
4.6383739 -4.8804259
2.4129138 -4.8868899
2.0029678 -6.0376930
0.7418238 -4.6446476
-0.4746693 -4.5136857
-0.6275492 -5.4153023
-1.0331572 -4.2180614
-1.2789974 -3.8038797
-1.5776479 -4.4410648
-1.3869079 -3.4622929
-1.5437818 -3.0905118
-1.8032765 -3.4683142
-1.7749057 -2.8369589
-1.9616631 -2.5189419
-2.1923041 -2.7509589
-2.1641710 -2.3110833
-2.2761343 -2.0261512
-2.4952035 -2.1642253
-2.3998542 -1.8447585
-2.4612405 -1.5747303
-2.6665971 -1.6543133
-2.5406804 -1.4242719
-2.5738060 -1.1703520
-2.7641449 -1.2143477
-2.6321223 -1.0405527
-2.6582642 -0.8031544
-2.8375344 -0.8250834
-2.7186594 -0.6891023
-2.8329840 -0.4693142
-2.9992142 -0.4766856
-3.3779130 -0.3491377
-2.7029421 -0.1327877
-2.9196286 -0.1367095
0.0000000 0.0000000
0.0000000 0.0000000
-10.6493673 0.3214798
-11.1265421 0.2981679
-10.4311895 0.6958100
-9.7721949 0.9367716
-10.1228952 0.8609145
-9.6891899 1.3029404
-9.7254877 1.6960870
-10.1039648 1.5784184
-9.8665905 2.0634594
-10.0512991 2.5295932
-10.4995232 2.3788846
-10.5313959 2.8991904
-11.1757641 3.5846865
-11.5376310 3.3187566
-10.6023340 3.6695740
-9.2162571 3.7054691
-8.8461943 3.1567008
-7.1056309 3.3792429
-4.1636410 2.4900353
-3.3390207 1.7979608
-1.7653211 1.7422336
0.5934082 1.0669129
1.4033041 0.4235939
2.6505764 0.3990581
4.7163901 -0.4572602
5.6650252 -1.1731216
7.0251060 -1.1590742
8.8908014 -2.2715266
9.7082367 -2.7750113
10.3958321 -3.7737536
12.3820286 -4.7643499
14.0152569 -5.5142665
16.8345490 -5.7133260
25.6690235 -10.3545246
29.7541027 -13.1143579
33.1459503 -12.2457685
31.1545658 -10.1779919
23.2599564 -8.9121914
8.6447239 -6.1398973
6.4524055 -5.9775958
7.7027621 -5.6871185
4.3423901 -6.2407837
2.1870673 -6.5056658
2.1673968 -6.9735746
0.3254197 -6.3689704
-1.1860992 -6.2499661
-1.4364828 -6.8473535
-1.9646287 -5.7054901
-2.3083537 -5.1407790
-2.9063208 -5.6690979
-2.3472602 -4.4900079
-2.3763258 -3.8959613
-2.8799078 -4.2206793
-2.4716516 -3.4691298
-2.5899212 -3.0052667
-2.9478216 -3.1881869
-2.7596967 -2.7048306
-2.8201857 -2.3139482
-3.1254733 -2.4078116
-2.9075639 -2.0899169
-2.9299378 -1.7373213
-3.1901736 -1.7833421
-2.9800198 -1.5685872
-2.9845092 -1.2582014
-3.2090204 -1.2775302
-3.0193624 -1.1202278
-3.0267944 -0.8469264
-3.2264640 -0.8525085
-3.0821335 -0.7240608
-3.1588159 -0.4833325
-3.3398378 -0.4821168
-3.6380916 -0.3607652
-3.1464322 -0.1401494
-3.3739045 -0.1419189
0.0000000 0.0000000
0.0000000 0.0000000
-11.5617352 0.2730424
-11.9692535 0.2456677
-10.5976248 0.6122290
-10.4510517 0.7824311
-10.7671633 0.7055777
-10.3542938 1.1295091
-10.4503117 1.4503367
-10.7755928 1.3174976
-10.6215734 1.7762192
-10.9120750 2.1974294
-11.2954741 2.0165586
-11.5017929 2.4016738
-11.8601999 3.0487823
-12.0191002 2.7629855
-10.3516140 2.7106183
-8.4429617 2.5922744
-7.9140368 2.1105700
-5.7819834 2.2113962
-2.6245282 1.1404842
-1.8410597 0.6516085
-0.6884509 0.7341027
2.0894461 -0.1721480
2.9680483 -0.7831755
4.1314077 -0.9692611
6.5483274 -1.8065470
7.3121901 -2.3268836
8.8644342 -2.3100796
10.5693922 -3.3321774
11.6337671 -3.8621764
12.7927723 -5.2644272
16.0688152 -5.7647791
17.5201778 -5.9683924
26.4677315 -11.0846281
32.8331070 -13.4380398
33.3257713 -12.6105280
28.9652557 -9.8759089
16.9745388 -7.3946204
13.6880465 -7.0060267
10.9649019 -5.9508514
8.3811035 -6.2184744
8.4398699 -6.7565174
5.3017578 -6.9844942
2.7022262 -7.2265863
2.4893608 -7.3142338
0.2307803 -7.3029642
-1.8056848 -7.3054996
-2.1221344 -7.4982519
-3.1309936 -6.7286367
-3.7687376 -6.1401033
-4.5048151 -6.4034462
-3.7719207 -5.2838430
-3.5991158 -4.5454073
-4.3133669 -4.7596331
-3.4598258 -3.9397588
-3.4470744 -3.3686638
-3.9199731 -3.4538028
-3.5347681 -2.9871466
-3.5080035 -2.4932139
-3.8868918 -2.5100243
-3.5237038 -2.2473583
-3.4858875 -1.8186237
-3.7882674 -1.8111027
-3.4841330 -1.6445466
-3.4470184 -1.2876478
-3.6941206 -1.2700495
-3.4443240 -1.1487864
-3.4235897 -0.8518208
-3.6340728 -0.8334873
-3.4643772 -0.7258949
-3.5068393 -0.4772858
-3.6944654 -0.4638702
-3.8716781 -0.3559440
-3.6033518 -0.1421493
-3.8302617 -0.1400931
0.0000000 0.0000000
0.0000000 0.0000000
-12.3186426 0.2170943
-12.6457520 0.1842981
-10.6947956 0.5083304
-11.0482702 0.6262483
-11.3137894 0.5370445
-10.8986111 0.9206014
-11.0590477 1.1838040
-11.3420849 1.0351282
-11.2507086 1.4388651
-11.6562891 1.8642894
-11.9928913 1.6749436
-12.2642584 1.8580716
-12.0827122 2.4579113
-12.0560360 2.1373794
-9.7395229 1.9151454
-7.3874111 1.7034842
-6.8638406 1.3565056
-4.3701410 1.3471761
-1.1957177 0.2556261
-0.5149122 -0.0727097
0.5666067 0.1146852
3.7593811 -1.1337572
4.4505725 -1.3811951
5.7460608 -1.9544768
8.0044222 -2.4952641
8.5456581 -2.5532706
10.2732296 -2.7974114
13.1566067 -4.1299310
14.1819372 -4.5784955
15.9914865 -5.5305672
20.7221203 -8.6302872
24.0085182 -9.7821321
32.2630119 -11.8754063
34.3984795 -10.4127779
30.6809845 -8.6103334
21.7928486 -7.7389984
12.3012304 -6.0632672
13.5214882 -5.8990946
11.9655628 -6.0916505
8.7951136 -6.6700568
9.0475492 -6.3755298
6.1328249 -6.8019290
3.2551346 -7.0813208
3.1763113 -6.7777953
0.4638691 -7.2971730
-2.1621840 -7.3819404
-2.5015826 -7.1137886
-4.2098060 -6.9210095
-5.2617507 -6.5772557
-5.9533358 -6.5812740
-5.4055200 -5.6337104
-5.1276817 -4.9242992
-5.9628553 -5.0227895
-4.7019663 -4.1216021
-4.4925642 -3.5007772
-5.0526810 -3.4271824
-4.4405003 -3.0852840
-4.2993941 -2.4992824
-4.7238784 -2.4193058
-4.2124062 -2.2646008
-4.0985684 -1.7783763
-4.4226179 -1.7025710
-4.0234470 -1.6163527
-3.9352398 -1.2338101
-4.1889529 -1.1689444
-3.8826919 -1.1034274
-3.8270431 -0.8028310
-4.0340700 -0.7543189
-3.8391018 -0.6818543
-3.8577783 -0.4431992
-4.0407748 -0.4140745
-4.0671434 -0.3289238
-4.0507040 -0.1355515
-4.2619505 -0.1282938
0.0000000 0.0000000
0.0000000 0.0000000
-12.8928299 0.1511836
-13.1198025 0.1131755
-10.7699461 0.3887815
-11.5206776 0.4480069
-11.7198191 0.3461128
-11.3228951 0.6771423
-11.5681429 0.8858051
-11.7962914 0.7067208
-11.8118944 1.0863665
-12.2686262 1.4885783
-12.5738335 1.2696608
-12.7918215 1.2838849
-11.9722805 1.8860601
-11.9039936 1.6386497
-9.0673199 1.2816304
-6.3366570 1.0594437
-5.8364248 0.7417010
-3.0497162 0.7949694
0.1330226 -0.2953843
0.6473678 -0.6462336
2.1232443 -0.3711664
5.0316901 -1.4203014
5.4391694 -1.4542814
7.0795164 -2.2042291
9.3557959 -2.5593331
10.2493162 -2.5542860
12.1844511 -3.6103280
15.6443644 -4.6562414
16.8748684 -4.3411050
21.1923122 -5.7815223
25.3083725 -7.8965917
29.8322392 -12.1848516
32.6881638 -12.4880610
31.4624901 -11.5729847
23.3214283 -8.5219793
14.9671850 -6.5815001
13.3773394 -5.8663025
13.8375578 -5.2613349
11.6784992 -5.8793941
8.9622402 -5.8950109
9.1047878 -5.1193748
6.4080739 -5.8941002
3.5824685 -5.9613800
3.8948462 -5.2187066
0.8480107 -6.3191752
-2.0785387 -6.4607482
-2.0681021 -5.7889652
-4.7673035 -6.4318380
-6.4456406 -6.2771134
-7.0056691 -5.8529906
-7.0078058 -5.2044792
-6.8372278 -4.9887614
-7.7408409 -4.8191547
-6.0913777 -3.9814527
-5.6352906 -3.3227324
-6.2311854 -3.1117914
-5.4022775 -2.9402966
-5.1346188 -2.2857094
-5.5685711 -2.0871539
-4.9166098 -2.0966804
-4.7202754 -1.5872226
-5.0356417 -1.4294268
-4.5582767 -1.4538857
-4.4124432 -1.0763998
-4.6474614 -0.9564172
-4.3022099 -0.9652005
-4.2078300 -0.6878395
-4.3912067 -0.6045163
-4.1758227 -0.5812947
-4.1854324 -0.3746547
-4.3454051 -0.3286700
-4.2155213 -0.2761338
-4.4557743 -0.1164546
-4.6353927 -0.1029242
0.0000000 0.0000000
0.0000000 0.0000000
-13.2551126 0.0648223
-13.3462696 0.0168389
-10.8507662 0.2369230
-11.8344460 0.2417557
-11.9320068 0.0988743
-11.6423388 0.3697367
-11.9430199 0.5295429
-12.1069794 0.3066635
-12.2787924 0.6536075
-12.8199282 1.0662007
-13.0879440 0.7888910
-13.2251987 0.7821078
-11.7805977 1.3879213
-11.6659288 0.9740407
-8.2254562 0.6726482
-5.2735415 0.3949966
-4.8012404 0.0152802
-1.8534391 0.3301719
1.2318797 -0.7240921
1.5064718 -1.0759856
3.5071280 -0.7750881
5.9270506 -1.6616756
6.3758454 -1.9418315
8.1729422 -2.1160572
10.9493351 -2.8993344
11.8009939 -3.4877052
14.1497440 -3.8507216
17.3499546 -4.8047543
19.1704311 -5.1058803
29.2703972 -9.2572317
35.3954163 -9.8385754
33.1643333 -7.6149831
28.6209316 -7.5296073
19.5110569 -7.1011047
17.1433697 -6.0049114
14.9566383 -5.2734556
13.9481707 -5.0274730
13.1573935 -4.8496542
11.2833929 -5.0313468
8.8100548 -4.5180345
8.4980202 -3.9320846
6.3182850 -4.5076094
3.8436012 -4.3941102
3.9764256 -3.6361229
1.3492275 -4.6922126
-1.4816005 -4.8329773
-1.2102730 -3.9146507
-4.8344455 -5.2146649
-7.0912890 -5.2158723
-7.2418761 -4.6279426
-8.1423616 -3.9785893
-8.4766426 -4.4622269
-9.1875238 -4.0090232
-7.5463290 -3.4267271
-6.8033934 -2.7928586
-7.3810520 -2.3612585
-6.3323941 -2.5067375
-5.9288359 -1.8250378
-6.3133559 -1.5140585
-5.5819526 -1.7089070
-5.2942586 -1.2220470
-5.5620375 -0.9824631
-5.0384774 -1.1331841
-4.8331375 -0.8019499
-5.0241332 -0.6250296
-4.6591635 -0.7212886
-4.5280743 -0.4993494
-4.6662593 -0.3794690
-4.4397397 -0.4185455
-4.4557915 -0.2710586
-4.5675826 -0.2037297
-4.3173156 -0.1942069
-4.7811775 -0.0825610
-4.9048409 -0.0646367
0.0000000 0.0000000
0.0000000 0.0000000
-13.3384695 -0.0310744
-13.2894115 -0.0805719
-10.9228716 0.0586045
-11.9526892 -0.0682316
-11.9277029 -0.2582388
-11.8238869 -0.0097983
-12.1977997 0.0494334
-12.2825966 -0.2714975
-12.6887884 0.1338671
-13.2504349 0.4652323
-13.4524622 0.0380396
-13.3665495 -0.0058192
-11.4447517 0.5204613
-11.3459158 0.1595485
-7.5198998 0.0246066
-4.3172994 -0.3210457
-3.9907644 -0.5339396
-0.9318382 -0.2240781
2.1832974 -1.0916501
2.2195592 -1.3013953
4.7802939 -1.4459256
7.0638900 -2.1499240
7.6950188 -2.1911132
9.4600706 -2.5371804
12.6699171 -3.3033574
12.6815329 -3.1565521
15.4525652 -3.4537768
24.4430408 -6.4399700
22.4180145 -4.3118844
31.5029259 -8.4793205
36.0330772 -11.8708973
34.9151421 -13.5253344
26.0000420 -9.5523930
14.4964361 -4.9698043
15.0917807 -5.3962083
14.3970718 -4.7013631
12.7686129 -4.4047642
12.2627935 -3.7293446
10.4882002 -3.8352501
8.2504158 -3.3094070
7.9288039 -2.6199780
6.0968003 -3.1943381
3.7942579 -2.9416671
3.9032075 -2.2981410
1.4918076 -3.0663347
-1.0090147 -3.0427094
-0.9268395 -2.1504860
-4.2165713 -3.4700854
-7.1312246 -3.7786009
-7.0778604 -2.7499080
-8.9179392 -2.2922196
-9.7708702 -3.3286955
-10.2730942 -2.4527831
-8.8498077 -2.4783540
-7.8252969 -1.8657631
-8.2931709 -1.3363192
-7.1339316 -1.7283832
-6.6037207 -1.1163106
-6.8988299 -0.6812176
-6.1200366 -1.0834548
-5.7470570 -0.6854462
-5.9379430 -0.3626726
-5.4074206 -0.6516441
-5.1444826 -0.4081469
-5.2621827 -0.1774190
-4.9120107 -0.3726586
-4.7462502 -0.2341653
-4.8158531 -0.0809145
-4.6035042 -0.1941243
-4.6278596 -0.1259899
-4.6681499 -0.0415894
-4.3712192 -0.0839799
-4.9872184 -0.0394365
-5.0320573 -0.0169275
0.0000000 0.0000000
0.0000000 0.0000000
-13.1291342 -0.1389536
-12.8895636 -0.1978166
-10.8047819 -0.1810275
-11.8259344 -0.4800417
-11.6375284 -0.7190750
-11.7877150 -0.5334530
-12.2479906 -0.6325854
-12.1668615 -1.0476415
-12.9162846 -0.6365146
-13.5257730 -0.4017708
-13.6811047 -1.0004433
-13.5349236 -0.8859705
-11.1909542 -0.2196463
-11.1897020 -0.8435631
-7.0405116 -0.6025046
-3.6354923 -0.8915879
-3.7741463 -1.4547956
-0.0647370 -0.6342203
2.9266188 -1.4252895
2.2937007 -1.9365324
5.8709402 -1.4731982
8.4021111 -2.3168056
9.0365314 -2.4269753
10.5359840 -2.8698196
13.1230154 -3.0876670
13.5918846 -2.6442726
18.1129818 -3.7448292
30.1738453 -7.4056201
37.5178986 -9.1159019
35.4213524 -7.2805266
32.8485031 -6.1755657
24.7539883 -5.5481243
18.9924774 -6.2399793
13.3999310 -4.7195630
12.2701397 -4.6073589
13.3074226 -4.1924696
11.4420977 -3.2142260
10.3695278 -2.8170388
9.3237572 -2.6080461
7.4506650 -1.8354001
6.9160004 -1.0694495
5.9415412 -1.9468243
3.9453795 -1.5886925
4.3065124 -0.8174641
0.9777149 -1.7042177
-1.1909090 -1.2458770
-0.9227573 -0.5737417
-3.8126836 -1.4556245
-6.9411969 -1.7165846
-6.9673343 -0.7859864
-9.0961313 -0.6504630
-10.5230589 -1.4803541
-10.6399565 -0.4883028
-9.9375992 -0.9633476
-8.5923109 -0.6336725
-8.9215450 0.1403178
-7.6840110 -0.6040305
-7.0449872 -0.1702151
-7.1772728 0.3480728
-6.4735742 -0.2146329
-6.0156212 0.0155208
-6.0759649 0.4010736
-5.6107106 -0.0143571
-5.2953863 0.0926521
-5.3104634 0.3655878
-5.0172477 0.0678574
-4.8206401 0.0993755
-4.8052182 0.2798049
-4.6409864 0.0804010
-4.6578760 0.0593388
-4.6205144 0.1605177
-4.3627090 0.0518964
-5.0345955 0.0079150
-4.9982724 0.0325392
0.0000000 0.0000000
0.0000000 0.0000000
-12.5508194 -0.2699024
-12.0807495 -0.3345623
-10.3919582 -0.4737978
-11.3922615 -1.0036745
-10.9811630 -1.2774037
-11.4347715 -1.1796077
-12.0040417 -1.5473433
-11.6497164 -2.0436234
-12.8256092 -1.6910312
-13.6263046 -1.7306943
-13.4770288 -2.5489976
-13.8511553 -2.3577025
-11.1002522 -1.5656464
-11.0869150 -2.8755941
-6.6365480 -1.9131233
-3.1057422 -1.8343439
-4.1016879 -2.7053189
0.5935357 -1.4270495
3.3375113 -1.9888462
2.9988503 -3.1644554
6.2783823 -1.3761336
9.1496477 -2.7904139
9.0590773 -3.2930229
10.7881517 -2.7459941
14.1931057 -2.5942006
14.6533365 -2.8941829
25.3351479 -7.7245078
32.7232208 -11.0431509
36.8182640 -9.1721230
36.2351112 -10.2876387
31.7524452 -10.1054020
24.0033798 -7.0794888
13.4261837 -4.3685737
11.4997702 -3.7072830
11.9959297 -2.9362922
11.3839359 -2.7610257
9.5877838 -2.2143855
8.8779459 -1.7253951
7.8265166 -1.0681779
6.1237350 -0.7593255
5.5563450 -0.7450374
6.0511551 -0.8128688
4.0799046 -0.0740329
3.3136647 0.6262137
0.6895547 -0.3809239
-1.6782537 0.3388789
-1.3681279 1.5115966
-3.9056132 0.5947824
-6.8228221 0.3500622
-6.8851609 1.7308319
-9.3043747 0.9199752
-10.9459534 0.5199446
-11.2134304 1.7638329
-10.3966188 0.8493007
-8.9447174 1.0307963
-8.8761778 1.8375111
-7.9116635 0.8435358
-7.1740794 0.9453724
-7.1210694 1.5379040
-6.5305572 0.8069318
-6.0273876 0.8321241
-5.9455585 1.2512697
-5.5849123 0.7077624
-5.2414379 0.6702909
-5.1401505 0.9648933
-4.9386172 0.5624402
-4.7258439 0.4821862
-4.6129513 0.6770516
-4.5253010 0.3893102
-4.5366168 0.2749071
-4.4125037 0.3848388
-4.2230959 0.1996234
-4.9146419 0.0606085
-4.7866154 0.0882344
0.0000000 0.0000000
0.0000000 0.0000000
-11.5470953 -0.4070294
-10.8313646 -0.4702615
-9.6125813 -0.8150095
-10.5499773 -1.5837620
-9.8968887 -1.8569100
-10.6431761 -1.9164964
-11.2846041 -2.6466813
-10.5878410 -3.1657884
-12.1163826 -2.9729898
-13.1839046 -3.5798461
-12.4064579 -4.4480543
-13.5707712 -4.6494994
-11.1037302 -4.0350165
-11.3771143 -5.2246170
-7.5451484 -3.6532533
-3.5569708 -2.6993959
-4.9991803 -4.4351091
0.9553670 -2.7195702
3.9259455 -3.2775190
3.3104789 -4.3699069
7.3081188 -3.0229235
9.3608694 -3.7352579
9.1574059 -3.8342135
10.6254911 -2.4405291
19.1095943 -6.2909560
21.6016693 -8.1942530
33.2859879 -9.7234297
38.4326172 -8.2120581
36.9412842 -6.3673816
29.9129753 -5.3807883
19.6744652 -3.9521213
17.4132557 -3.3118339
13.1363239 -3.0869286
11.3841887 -2.8960786
9.9287519 -2.2115936
9.8568211 -2.0694678
8.2093639 -1.4092791
7.1984367 -1.0179274
7.3591309 -0.5375870
5.3886609 -0.5192682
4.9141798 0.3357250
4.7534766 0.4103089
2.7023549 1.0225859
0.6515572 2.0298142
0.3321747 1.5737494
-2.1074250 2.3363354
-2.5278881 3.0063400
-4.2276645 2.6460936
-7.1917095 3.0176737
-6.9531426 4.6537719
-9.9510994 4.2805152
-10.8531475 3.4387131
-11.0468769 4.7320366
-9.9985695 2.8398242
-8.5844355 2.7757380
-8.2780037 3.5778079
-7.6392632 2.3333368
-6.9094172 2.1883922
-6.6212010 2.7895718
-6.2540150 1.8876853
-5.7566557 1.7081681
-5.4994249 2.1390724
-5.3035035 1.4705375
-4.9641619 1.2827009
-4.7287807 1.5822797
-4.6554446 1.0797617
-4.4455385 0.8850958
-4.2247353 1.0814675
-4.2397909 0.7096071
-4.2507319 0.5034282
-4.0334692 0.6137573
-3.9379430 0.3497598
-4.6098971 0.1176258
-4.3890491 0.1439923
0.0000000 0.0000000
0.0000000 0.0000000
-10.1040478 -0.5356349
-9.1551638 -0.5909604
-8.4531040 -1.1697662
-9.2566996 -2.1351089
-8.3890028 -2.3645909
-9.3416147 -2.6806030
-9.9319286 -3.7097492
-8.9345922 -4.1078935
-10.5569372 -4.2868271
-11.7808599 -5.5297842
-10.3764458 -6.1870537
-12.8190317 -6.5492153
-11.1599255 -6.8453522
-10.6501789 -8.1721973
-8.8536997 -7.4464307
-4.1110897 -6.3960481
-2.5693586 -7.7893848
-0.3125248 -5.8825221
2.7406120 -5.6706829
2.8226423 -6.1173954
6.0959902 -4.6890154
10.1271706 -4.8217082
11.5026970 -7.2966290
17.3362751 -6.5267577
19.4060211 -8.1969337
26.0963821 -10.3369284
33.0708351 -11.5915480
34.6662064 -9.9185171
31.8248463 -9.4343271
26.4275284 -6.7763638
16.8219700 -2.0958557
15.3896399 -0.4064370
12.2168560 -1.4378148
9.9817801 -1.5171913
9.6608744 -0.9652005
8.3467388 -0.0210640
6.1768160 0.0695220
5.4161296 1.9548714
6.0672073 1.3899719
4.6909122 1.8594217
3.6223557 3.5999799
3.4289932 2.4745226
1.2157346 3.4768066
-0.1332047 5.6029859
-1.0506434 4.5432191
-3.4641240 4.6313338
-4.5852537 7.3119287
-6.2172070 5.1792822
-7.4666080 6.1304135
-8.8725739 7.5332866
-9.7380762 6.7850237
-10.1168804 6.2637653
-9.0688410 7.0957627
-8.5947838 5.1562200
-7.7554340 4.4322252
-6.9519176 5.1742368
-6.8187718 3.8713691
-6.2318211 3.3631747
-5.6658168 3.9364789
-5.6104813 2.9493957
-5.1815162 2.5507293
-4.7426639 2.9712496
-4.7539616 2.2094517
-4.4521046 1.8722768
-4.0885139 2.1691291
-4.1608620 1.5793827
-3.9755127 1.2756376
-3.6556923 1.4686970
-3.7786822 1.0202559
-3.7992120 0.7212524
-3.4887595 0.8257672
-3.5034695 0.4918548
-4.1195292 0.1713151
-3.8122344 0.1911370
0.0000000 0.0000000
0.0000000 0.0000000
-8.2557745 -0.6406512
-7.1223946 -0.6892685
-6.9455838 -1.4851117
-7.5702019 -2.5915117
-6.5600276 -2.7852192
-7.6220331 -3.3419950
-8.0854616 -4.5232501
-6.9607520 -4.9037380
-8.3999538 -5.4404702
-9.2669477 -6.8620749
-7.7419286 -7.4512444
-10.2185287 -8.1726971
-10.2810450 -9.8997402
-7.9710670 -10.6234064
-9.5771151 -11.5539560
-5.8840718 -12.0611238
-3.9043262 -12.9090700
-1.7218689 -11.3255291
0.9107532 -9.3024130
3.0459073 -12.6606379
6.3638172 -10.1373034
11.8626614 -10.1467571
12.0905170 -12.8477859
20.4486809 -11.6416321
24.0264378 -11.7782593
27.3622990 -9.2559710
27.0276279 -5.8858271
25.2154980 -1.6587602
22.5916424 1.0839734
17.9279175 -0.4842670
16.0793171 0.1791874
15.8302460 1.9946523
11.3129168 1.9286983
7.6949644 1.5604649
6.3947067 3.4953744
6.0960178 3.6307580
5.1200643 3.9221337
3.3325238 6.6233597
4.3315735 4.7720823
2.9422641 6.2769017
2.6337917 8.1114569
1.0113680 6.9030466
-0.9174092 6.9533076
-2.5180044 9.1991072
-1.7509561 7.7526450
-3.8807175 9.2973099
-5.1778030 11.8849716
-7.4483790 10.0343857
-8.6107445 10.0133152
-8.1327305 11.5306053
-8.8619871 9.1366758
-7.9036922 7.7533197
-6.4087358 8.4451046
-6.7876840 6.8321409
-6.3012056 5.7607474
-5.3174205 6.4117827
-5.5924664 5.1135073
-5.1636977 4.3919506
-4.4248476 4.8764977
-4.6559620 3.8631074
-4.3240309 3.3023968
-3.7315500 3.6638670
-3.9641523 2.8650610
-3.7232354 2.4034173
-3.2291780 2.6561289
-3.4760377 2.0229528
-3.3213351 1.6263329
-2.8994627 1.7866349
-3.1513474 1.2891359
-3.1860912 0.9089407
-2.8015289 0.9989943
-2.9064913 0.6359592
-3.4928465 0.1766761
-3.0726290 0.2168358
0.0000000 0.0000000
0.0000000 0.0000000
-6.0646749 -0.7217746
-4.7699885 -0.7789509
-5.1617179 -1.7746525
-5.5359187 -2.9235659
-4.4324069 -3.1295712
-5.5551534 -3.8728197
-5.8029237 -5.1102505
-4.6943641 -5.3906379
-5.9690537 -6.1161518
-6.3458934 -7.6651039
-5.1160331 -7.9603014
-6.5604463 -8.8057594
-6.9998050 -11.0315952
-5.5348926 -11.1042976
-5.8627634 -12.2929983
-4.8355851 -13.8940849
-4.2084651 -13.8904715
-1.9253905 -14.8405380
0.6170577 -16.0507545
0.1856367 -15.2402430
7.6978726 -15.7584372
12.9736929 -13.6160831
8.4325113 -14.2700319
14.5262690 -12.1641741
17.3731995 -8.7323618
15.2051039 -5.9190364
18.1972294 -4.1358275
18.7320042 -0.7669628
15.5518084 4.8540626
18.2522125 -1.2093363
13.2987013 5.4561086
12.3851795 10.0066614
8.4590931 7.8286605
6.5638809 6.6716838
5.4276009 12.2205868
1.8400892 10.0574932
1.7647202 10.7414913
1.8998417 13.3203478
3.4419496 10.3964138
2.7759414 10.6720047
1.8411469 14.4698515
-1.0907657 13.5176907
-4.1059742 14.5955687
-2.8633087 16.3665295
-4.3494625 14.7380304
-5.5097308 14.3401051
-4.0825791 15.2822933
-6.3854551 13.6784105
-6.6452641 12.0033617
-4.2479596 11.8681431
-5.7615271 10.2381334
-5.2863998 8.8619833
-4.0954647 9.1709852
-4.8484979 7.8334270
-4.4905038 6.8022680
-3.6016099 7.2684155
-4.1031756 6.0020576
-3.7922585 5.2175484
-3.0671210 5.7276158
-3.4690924 4.5786204
-3.2201972 3.9465871
-2.5931823 4.4064493
-2.9719894 3.4150071
-2.7980435 2.8646603
-2.2362261 3.2488840
-2.6167228 2.4156554
-2.5191169 1.9256421
-2.0095971 2.2182391
-2.3977289 1.5157897
-2.4187200 1.1224508
-1.9980460 1.3025388
-2.2064657 0.7140986
-2.6607454 0.3175204
-2.2602737 0.4449793
0.0000000 0.0000000
0.0000000 0.0000000
-3.5467143 -0.8182887
-2.0591183 -0.9081493
-3.0895216 -2.1516259
-3.2746475 -3.4285851
-2.0034111 -3.8405926
-3.3253210 -4.5722961
-3.4557438 -5.8183274
-2.2817163 -6.6149263
-3.4814286 -6.9298797
-3.5239220 -8.2564144
-2.6149981 -9.2052898
-3.2606688 -9.4639034
-3.0961559 -10.8373327
-2.7738194 -11.2841005
-2.4408135 -12.2710161
-1.5482559 -13.5326691
-2.3896492 -12.2138262
0.3491012 -14.4899635
2.3876784 -14.0976677
0.2661437 -12.3978357
4.7488933 -12.4278936
7.2976871 -10.7408400
3.6292686 -9.3924723
9.3815479 -7.5788283
10.7235556 -5.6212015
6.2759967 -0.9306138
11.3542185 -2.6956449
10.8548441 1.2463752
6.0674872 8.1086264
9.5622187 5.5268416
8.3552237 10.5949745
4.8476601 12.8182278
5.5911789 14.8356152
2.5558798 16.6140347
3.4729285 14.8915567
1.8759525 16.2497749
2.3746827 15.3143969
1.0868803 17.2101631
1.1628729 16.9220066
-1.4662112 19.0970078
-0.6742917 17.0995197
-2.5715203 18.4496498
-2.5505185 17.1508827
-1.7005464 16.1865139
-3.1211166 16.1907635
-3.3585582 14.4821463
-1.9568880 15.5667315
-3.1528070 13.1410303
-3.1848357 12.0608902
-2.1387711 14.6607685
-3.3647947 11.1952782
-3.2520540 10.2485600
-1.9273697 12.6059923
-3.0252700 9.4038515
-2.8138788 8.5078144
-1.5937108 10.2726030
-2.5598164 7.6429167
-2.3477738 6.7977767
-1.2777791 8.0468512
-2.1273143 5.9824395
-1.9571973 5.2281361
-1.0451655 6.0950589
-1.7947817 4.4983721
-1.6763599 3.8387871
-0.8901082 4.4179668
-1.5694473 3.1886268
-1.5143869 2.6003275
-0.8001366 2.9414937
-1.4652410 2.0120797
-1.5621985 1.4808806
-0.7744107 1.6489016
-1.4779544 0.8631684
-1.6210039 0.4801138
-0.7442369 0.4228065
0.0000000 0.0000000
0.0000000 0.0000000
-0.6342718 -0.8384308
0.0000000 0.0000000
-0.6212025 -1.8515732
-0.6558781 -3.0478461
0.0000000 0.0000000
-0.6817250 -4.1791201
-0.7465873 -5.4542632
0.0000000 0.0000000
-0.7671568 -6.8200297
-0.8416958 -8.2587061
0.0000000 0.0000000
-0.8077970 -9.7481842
-0.6746526 -11.1631985
0.0000000 0.0000000
-0.4073595 -12.7405262
-0.2876830 -13.7302980
0.0000000 0.0000000
-0.0220992 -14.3301229
0.6434325 -14.5052576
0.0000000 0.0000000
1.3295479 -12.9680061
1.9853234 -11.1108532
0.0000000 0.0000000
2.5591185 -7.4359813
2.2873180 -3.6093018
0.0000000 0.0000000
2.6686397 0.7386699
2.3934770 5.0845323
0.0000000 0.0000000
2.3118176 8.1392269
2.0409346 12.4968557
0.0000000 0.0000000
1.3398325 14.6408920
1.0938559 17.5054760
0.0000000 0.0000000
0.5672642 18.9288921
0.3099039 19.6476746
0.0000000 0.0000000
0.0136039 20.4227734
-0.3379074 19.9125347
0.0000000 0.0000000
-0.6122684 19.4942894
-0.7804374 18.2281799
0.0000000 0.0000000
-1.0114974 17.1454697
-1.1364714 15.5076132
0.0000000 0.0000000
-1.0959820 13.9788847
-0.9891461 12.2671452
0.0000000 0.0000000
-0.9173191 10.7743807
-0.8257625 9.3745337
0.0000000 0.0000000
-0.7033023 8.1045809
-0.5967158 7.0046024
0.0000000 0.0000000
-0.5020486 6.0680351
-0.4316348 5.2453938
0.0000000 0.0000000
-0.3804472 4.5326691
-0.3367656 3.8948076
0.0000000 0.0000000
-0.3094050 3.3224576
-0.2819090 2.7927346
0.0000000 0.0000000
-0.2662575 2.3088393
-0.2493804 1.8187906
0.0000000 0.0000000
-0.2180170 1.4295491
-0.4174553 0.6319632
0.0000000 0.0000000
0.0294702 0.7485594
-1.3601667 -1.0752072
0.0000000 0.0000000
0.0000000 0.0000000
8.841935
9.278319
10.81856
9.655302
6.332813
2.643145
-1.635498
-6.942126
-14.90794
-28.62127
-56.64807
-116.5622
-200.4733
-43.54516
-58.20127
-7.086459
4.816091
10.04922
11.4815
11.77781
11.6149
11.25688
10.91862
10.6396
10.3273
10.11129
8.495506
8.794816
9.947458
8.706458
5.60499
2.307839
-1.656654
-6.713187
-14.03524
-25.95501
-49.62998
-122.5126
-152.4706
12.59375
-40.03736
-0.1807265
5.704046
9.834345
11.40477
11.73377
11.55661
11.1936
10.82583
10.55123
10.2279
10.07244
7.062855
7.241509
7.56934
6.12667
3.924781
1.277694
-2.197462
-6.429835
-11.83548
-19.19397
-29.0057
-47.12627
-97.22299
-19.1791
-58.42585
-15.71533
4.681211
9.478849
11.22354
11.53556
11.29074
10.88133
10.45427
10.13798
9.84465
9.732503
5.258009
5.363827
4.701943
3.467732
1.666657
-0.5960162
-3.440122
-6.477733
-9.40227
-11.86158
-15.06563
-31.24696
4.205271
69.74356
-108.2189
-33.47603
2.049027
9.996693
11.42752
11.36524
10.8923
10.35366
9.858341
9.49067
9.241949
9.144882
2.984491
2.963827
1.474821
0.3847061
-1.340571
-3.390495
-5.631048
-7.513024
-7.983626
-5.230251
3.641435
33.86455
48.93551
76.32721
53.57023
19.87137
13.78407
13.00524
12.17634
11.24317
10.36596
9.619978
9.032626
8.609391
8.381811
8.297655
-0.002416437
-0.2059708
-2.24768
-3.415331
-5.244501
-7.312381
-9.309224
-10.58545
-9.739841
-4.268178
7.237263
31.13148
18.42143
33.49609
29.52532
23.18227
17.76917
14.71717
12.55458
10.88326
9.602235
8.635996
7.945197
7.470329
7.243186
7.169302
-3.879199
-4.313535
-6.622096
-8.11888
-10.25655
-12.67533
-15.11689
-17.14405
-17.17865
-11.79788
0.5847204
19.57727
22.31676
52.89015
27.01369
23.94464
19.07709
15.23706
12.29774
10.08077
8.47257
7.324054
6.546378
6.035439
5.804203
5.737289
-8.70109
-9.349999
-11.74502
-13.78151
-16.518
-19.83871
-23.87979
-28.36824
-30.95438
-27.00084
-15.95668
1.461736
6.186286
12.50191
22.73236
23.36622
18.93541
14.60828
11.20307
8.648457
6.839961
5.591187
4.775705
4.261915
4.039036
3.977948
-14.35703
-15.15787
-17.60707
-20.31392
-23.94949
-28.74675
-35.37979
-42.69735
-46.79656
-45.29502
-37.95164
-24.95449
-11.4419
19.75701
30.74812
24.92656
17.81488
12.71393
9.071621
6.409782
4.569124
3.343041
2.572794
2.109643
1.923018
1.871001
-20.56539
-21.46307
-24.01984
-27.46157
-32.20443
-38.85063
-48.38447
-56.81521
-60.62405
-59.94586
-56.91462
-52.04628
-27.3317
15.36089
36.42663
23.68976
15.34488
9.463529
5.716289
3.186331
1.530286
0.4967924
-0.109651
-0.4470418
-0.557526
-0.5922334
-26.94459
-27.9174
-30.65368
-34.82423
-40.69458
-49.2781
-61.1909
-68.82129
-70.71948
-68.89539
-66.4807
-69.80705
-74.75021
-6.226615
9.062172
12.84033
7.915659
3.520139
0.6053019
-1.272904
-2.398292
-3.001737
-3.288992
-3.405814
-3.392105
-3.396359
-33.01905
-34.08193
-37.04678
-41.92652
-48.876
-59.10914
-71.23499
-77.07948
-77.18428
-73.37783
-69.24715
-62.93247
-54.13819
-9.430234
-3.267151
-1.121086
-3.121326
-5.199215
-6.45754
-7.103993
-7.259611
-7.142494
-6.929443
-6.719595
-6.531709
-6.489161
-38.22865
-39.39749
-42.64986
-48.19527
-56.10544
-67.39493
-77.99914
-81.83035
-80.71882
-74.62421
-69.30729
-58.4629
-28.24585
-16.83499
-20.74919
-20.54488
-18.67156
-16.95967
-15.57543
-14.29155
-12.96436
-11.81781
-10.921
-10.28057
-9.873242
-9.768898
-41.97599
-43.27463
-46.84821
-53.09096
-62.01338
-73.54672
-81.84357
-84.04241
-82.36824
-75.08574
-64.02697
-64.92413
-60.6276
-48.98552
-48.70618
-47.58965
-39.90408
-31.8175
-26.68145
-22.56785
-19.24503
-16.79304
-15.05829
-13.90706
-13.24352
-13.06158
-43.38049
-44.9533
-49.02798
-56.1658
-66.24211
-78.16835
-84.9691
-86.06085
-84.38418
-78.9604
-72.37404
-61.5252
-72.16982
-76.68492
-79.83488
-77.68182
-65.88476
-48.98125
-39.16993
-31.33732
-25.64149
-21.70406
-19.04069
-17.3384
-16.40461
-16.12171
-41.59311
-43.44495
-48.36673
-56.98798
-69.27539
-82.44868
-88.83835
-89.50312
-88.96001
-87.333
-90.38835
-80.36364
-80.67264
-96.0027
-103.9856
-103.3303
-91.83678
-68.18151
-51.68661
-39.63498
-31.50907
-26.07016
-22.47797
-20.23392
-19.04813
-18.66647
-35.76515
-37.65638
-44.08791
-55.02244
-71.14222
-86.70822
-92.93775
-93.70909
-93.69977
-91.46086
-79.6352
-93.47018
-108.1068
-114.5905
-120.7307
-121.465
-111.5773
-86.33481
-62.50931
-46.41107
-36.13037
-29.35742
-24.95023
-22.22679
-20.79978
-20.36776
-25.51543
-27.62338
-35.55055
-49.42637
-71.15657
-89.89726
-96.73925
-97.40555
-98.04724
-103.2148
-115.0972
-107.1359
-116.9363
-126.2592
-132.5156
-133.378
-125.8418
-100.7138
-70.38827
-50.77885
-38.83142
-31.06371
-26.07391
-23.00441
-21.35269
-20.93188
-10.56037
-12.81826
-21.72069
-38.44087
-67.68058
-95.23607
-101.6597
-100.7558
-99.45619
-109.5219
-121.7257
-132.2339
-127.1705
-131.3196
-138.4246
-140.9247
-132.8863
-108.6342
-73.48524
-52.00317
-39.04451
-30.85949
-25.66363
-22.4883
-20.77505
-20.34676
8.731605
6.591517
-2.140773
-19.59277
-54.57962
-94.59235
-105.8106
-100.8053
-90.43747
-93.9065
-99.82859
-107.7831
-122.5153
-131.0783
-138.9443
-142.6107
-135.3913
-112.9001
-70.52614
-49.77869
-36.85671
-28.7953
-23.76129
-20.71906
-19.08507
-18.67293
31.06058
29.28699
21.95377
7.189752
-25.17992
-77.89713
-108.3962
-102.0017
-85.51154
-55.61302
-97.78569
-116.9903
-123.897
-134.5788
-142.5985
-143.8571
-128.8426
-102.4862
-64.82005
-44.36817
-32.43036
-25.12433
-20.61359
-17.91491
-16.48756
-16.14055
54.29547
53.04749
47.65255
36.63455
16.48018
-31.7062
-79.35315
-84.59867
-73.04012
-42.79008
-63.39731
-96.84736
-116.2772
-130.208
-142.6944
-142.6139
-120.7979
-84.12183
-53.34962
-36.45032
-26.52125
-20.4561
-16.72956
-14.50705
-13.32674
-13.13823
75.94954
75.29284
72.51852
67.24126
57.19504
32.98937
0.1357398
5.805899
40.25837
53.77055
-15.04451
-79.38382
-102.8072
-108.7825
-133.223
-121.5197
-94.83414
-60.27991
-41.01721
-28.30286
-20.42058
-15.57154
-12.65646
-11.00058
-10.06622
-9.601667
93.451
93.26821
91.77899
89.24124
86.157
86.09526
95.94534
140.8671
183.8886
182.951
105.4483
8.18529
-47.98025
-81.14771
-95.48304
-85.93335
-61.86393
-44.34661
-31.01566
-21.43109
-15.20445
-11.37762
-9.128329
-7.894789
-7.381155
-7.031709
104.5231
104.6119
104.9418
105.9337
108.9646
115.4968
138.2619
186.1186
235.9763
233.1118
178.1767
98.68867
17.89893
-32.66168
-60.76298
-62.72973
-48.60157
-34.22378
-24.14456
-16.80453
-11.9652
-8.884025
-6.982632
-5.839491
-5.376043
-5.723821
106.3808
106.6663
107.5869
109.5296
114.7714
122.9422
148.4099
195.9288
241.3587
242.7432
192.3906
120.0359
38.59561
-19.01884
-48.37987
-52.69959
-44.37854
-32.80595
-23.63959
-16.76831
-11.98084
-8.850166
-6.894901
-5.735217
-5.061634
0
