0.0000000 0.0000000
0.0000000 0.0000000
0.0000000 0.0000000
0.0000000 0.0000000
0.0000000 0.0000000
0.0000000 0.0000000
0.0000000 0.0000000
0.0000000 0.0000000
0.0000000 0.0000000
0.0000000 0.0000000
0.0000000 0.0000000
0.0000000 0.0000000
0.0000000 0.0000000
0.0000000 0.0000000
0.0000000 0.0000000
0.0000000 0.0000000
0.0000000 0.0000000
0.0000000 0.0000000
0.0000000 0.0000000
0.0000000 0.0000000
0.0000000 0.0000000
0.0000000 0.0000000
0.0000000 0.0000000
0.0000000 0.0000000
0.0000000 0.0000000
0.0000000 0.0000000
0.0000000 0.0000000
-0.9503078 0.5197613
-1.6038975 1.6287110
-1.0118939 2.7056603
-0.7919506 3.5735180
-0.8293383 4.4095659
-0.9170329 5.3173847
-1.0439610 6.2734456
-1.3212936 7.3610883
-2.0087335 8.7286959
-3.5959156 10.7841606
-8.2772455 13.3151007
5.7956719 12.2351189
17.7737122 -9.1335611
-5.8645787 -9.5186739
-3.2236581 -7.2300205
-1.8981000 -5.1838508
-1.1803769 -3.9549289
-0.7875568 -3.1195297
-0.5808434 -2.5076995
-0.4707330 -2.0094073
-0.4064161 -1.5700507
-0.3842762 -1.1717755
-0.4623396 -0.7274351
-0.4861018 -0.2570508
0.0000000 0.0000000
0.0000000 0.0000000
-2.2602124 0.6776130
-2.5781004 1.8071886
-1.8053720 2.5529327
-1.7016664 3.4665465
-1.7545837 4.3768206
-1.8314642 5.2573042
-2.0073664 6.1139836
-2.4163296 6.9562707
-3.3768957 7.7600121
-5.4730763 7.9692712
1.4023857 7.8215728
16.1719093 8.5788908
31.0322590 -4.7882810
5.1957412 -6.7873249
-6.0159049 -4.6919436
-3.1133864 -3.9263964
-1.9387674 -3.2501359
-1.3695579 -2.7437010
-1.0659294 -2.2979379
-0.9060823 -1.8865838
-0.8166882 -1.4863602
-0.7694412 -1.1013638
-0.8799325 -0.7207467
-1.0167148 -0.2939854
0.0000000 0.0000000
0.0000000 0.0000000
-3.6168311 0.7982009
-3.2641346 1.8370010
-2.6669452 2.5240397
-2.6359816 3.4720430
-2.6294386 4.3640656
-2.6660042 5.2101789
-2.7588458 5.9624977
-3.0222607 6.4935346
-3.6708531 6.5964561
-5.4684124 6.1047168
-0.5100505 -2.1366801
19.9734020 4.9327307
29.8793659 -1.3043306
5.5014186 2.6084800
-5.6375098 -1.6836960
-3.3372843 -2.3985560
-2.2010913 -2.5106292
-1.7020266 -2.3649342
-1.4225256 -2.0986764
-1.2712952 -1.7810394
-1.1925055 -1.4367819
-1.1487172 -1.0671277
-1.2286793 -0.7295262
-1.5189071 -0.3248137
0.0000000 0.0000000
0.0000000 0.0000000
-4.8960409 0.8580914
-3.8797112 1.8058869
-3.5818436 2.5553060
-3.5437908 3.4831061
-3.5089409 4.4145322
-3.4539187 5.3012638
-3.3740201 6.0458450
-3.2625942 6.4924884
-3.2179453 6.3418007
-3.6123631 4.8849654
4.2205510 -4.2854505
13.6324453 2.3904991
35.9543495 -7.9303555
12.2867813 2.7123439
-3.5199106 -1.4878411
-2.8251591 -1.9842967
-2.0698156 -2.1239722
-1.8145978 -2.1264989
-1.6651896 -1.9722060
-1.5790673 -1.7147822
-1.5344191 -1.4087619
-1.5132786 -1.0571553
-1.5581143 -0.7345219
-1.9924271 -0.3421195
0.0000000 0.0000000
0.0000000 0.0000000
-5.9885726 0.8714703
-4.5649176 1.7339133
-4.4925156 2.5686321
-4.4814086 3.5001416
-4.4582605 4.5025678
-4.3190012 5.5300736
-4.0944500 6.5412235
-3.6630142 7.2586913
-2.6860335 7.2298522
-1.1243845 5.3902164
8.2470732 -3.5476882
15.8809605 1.1972511
36.0725441 2.2076509
1.5918517 -0.3149641
-2.4166491 -1.6792462
-2.3694203 -1.9993739
-1.8868335 -2.0729575
-1.8470255 -2.0924473
-1.8607287 -1.9601889
-1.8622253 -1.7106816
-1.8610394 -1.4092122
-1.8663670 -1.0642216
-1.8933854 -0.7369210
-2.4253204 -0.3538765
0.0000000 0.0000000
0.0000000 0.0000000
-6.8416901 0.8503275
-5.3625684 1.6351004
-5.4014468 2.5211408
-5.4751048 3.4873261
-5.5200849 4.5709362
-5.5204220 5.9111586
-5.4341102 7.3192000
-4.1252894 7.8952646
-1.5686913 7.2667899
1.9378079 4.6224461
11.3681517 -2.4881413
14.9071331 -0.2949556
34.9078789 -2.7208867
1.7376676 -1.9580626
-1.4078423 -2.4409306
-2.0967753 -2.5565827
-1.8391391 -2.4063773
-1.9223251 -2.2818174
-2.0872121 -2.0725744
-2.1635249 -1.7740287
-2.1969886 -1.4420078
-2.2192931 -1.0854746
-2.2439611 -0.7409678
-2.8136394 -0.3621038
0.0000000 0.0000000
0.0000000 0.0000000
-7.4485149 0.8054402
-6.2172742 1.5073850
-6.3221040 2.3796456
-6.5208969 3.3625216
-6.7762785 4.5505366
-7.3218017 6.1338677
-6.3195839 7.0848174
-3.5673065 6.6842623
0.5934767 5.1528702
5.4025073 2.9631901
14.5397978 -2.0449061
15.6838465 -0.6452906
36.8460388 -1.5197548
3.3259778 -2.7843804
-0.0293240 -3.2522748
-1.9841270 -3.5787244
-2.1182456 -3.1200716
-2.1580987 -2.6637049
-2.4166088 -2.2834110
-2.5236819 -1.8879796
-2.5642188 -1.4978735
-2.5846269 -1.1129762
-2.6121604 -0.7447763
-3.1560242 -0.3662620
0.0000000 0.0000000
0.0000000 0.0000000
-7.8194361 0.7349685
-7.0301471 1.3544059
-7.2215300 2.1466706
-7.5959845 3.0707958
-8.2369976 4.2632537
-8.6490040 5.5805063
-6.1695609 5.6738658
-1.7411910 4.5815496
2.7113137 3.1445765
7.1629586 1.5512998
16.1656342 -2.4083374
18.8378029 -1.7512878
37.2211952 -5.4837666
5.9027772 -3.2895646
1.1338731 -4.3711824
-2.1078851 -4.7679496
-2.9372590 -4.0021663
-2.6669307 -3.1425021
-2.9024489 -2.5281701
-2.9661403 -2.0122321
-2.9748998 -1.5523760
-2.9696591 -1.1318879
-2.9940248 -0.7406863
-3.4515905 -0.3638907
0.0000000 0.0000000
0.0000000 0.0000000
-8.0065069 0.6386004
-7.7119160 1.1589030
-8.0165157 1.8284938
-8.6097832 2.6122041
-9.5760813 3.4398570
-8.9117203 4.1391692
-5.3530593 4.0209041
-0.4266994 2.8365386
4.1396317 1.2414213
8.7109118 0.3095248
16.3934097 -2.2776866
26.4280052 -6.2634869
31.7541599 -3.9190924
7.7568979 -4.1735792
1.9846467 -5.2145095
-2.3263175 -5.3872566
-4.1210213 -4.6009350
-3.5196161 -3.4974344
-3.5542481 -2.6990154
-3.4928098 -2.0869105
-3.4271352 -1.5696898
-3.3723338 -1.1219425
-3.3775842 -0.7185487
-3.7001946 -0.3508895
0.0000000 0.0000000
0.0000000 0.0000000
-8.0625973 0.5112554
-8.2246094 0.9025866
-8.6421480 1.4037558
-9.4111080 1.9792035
-10.4776773 2.3478010
-8.5632162 2.4101672
-4.1951222 2.1494255
0.5274279 1.3810791
5.5386357 -0.3422971
9.7463636 -1.3214760
16.4546070 -2.5173800
32.7617798 -8.8268661
21.8837795 -5.9191704
9.1302519 -5.0023489
2.3421326 -5.5667953
-2.5757382 -5.4926968
-5.2797928 -4.6260586
-4.6070156 -3.5375574
-4.2954335 -2.7187552
-4.0733285 -2.0576775
-3.9011273 -1.5147305
-3.7780836 -1.0618626
-3.7437859 -0.6674575
-3.9022815 -0.3231123
0.0000000 0.0000000
0.0000000 0.0000000
-8.0552273 0.3503103
-8.5573492 0.5880824
-9.0619755 0.8854818
-9.9658060 1.2159719
-10.8890209 1.1713654
-8.2405348 1.1018786
-3.3558176 0.7908855
1.7161355 0.0431145
6.0859299 -0.6941915
11.1818867 -2.3727024
17.6950912 -4.1240854
38.8342972 -9.4097137
13.6296062 -6.0390143
8.8464231 -5.4276552
2.5641966 -5.2422857
-3.1033354 -5.1714740
-6.3088193 -4.1591349
-5.7184358 -3.2849684
-5.0540881 -2.5329494
-4.6532073 -1.8855640
-4.3621473 -1.3616823
-4.1611342 -0.9366617
-4.0696616 -0.5786416
-4.0611382 -0.2771345
0.0000000 0.0000000
0.0000000 0.0000000
-8.0234995 0.1781787
-8.7153463 0.2128871
-9.2623377 0.2807256
-10.2186928 0.3672670
-11.0771770 0.2393219
-7.9208350 0.0764668
-2.4162641 -0.2308329
2.8532374 -1.3798026
6.9891567 -1.5116535
12.1055708 -2.4366348
24.2552814 -7.0298100
38.2174530 -11.2177916
12.2958384 -5.3577943
8.2176628 -4.8162370
2.7560349 -4.5117464
-3.3668187 -4.5065837
-7.3255219 -3.2599862
-6.7173972 -2.8238549
-5.7545214 -2.1480455
-5.1852446 -1.5590465
-4.7754245 -1.0988448
-4.4926515 -0.7393732
-4.3340406 -0.4478695
-4.1788259 -0.2122248
0.0000000 0.0000000
0.0000000 0.0000000
-7.9877787 -0.0100835
-8.6825247 -0.1776959
-9.2393875 -0.3294581
-10.2513571 -0.4806787
-11.1165504 -0.8168340
-7.6475248 -0.9044499
-1.5664283 -0.9807452
3.2552986 -2.1084836
8.4282856 -3.2880142
13.5725641 -3.4017072
33.4450340 -9.6548853
31.5890331 -7.6118722
12.5508366 -4.1136031
7.7393889 -3.8526430
2.5335085 -3.4621615
-3.1991930 -3.4394326
-8.3567295 -2.1048539
-7.5430856 -2.1157598
-6.3511415 -1.5359131
-5.6162357 -1.0727757
-5.0982752 -0.7284265
-4.7408214 -0.4743875
-4.5177431 -0.2794475
-4.2528839 -0.1263513
0.0000000 0.0000000
0.0000000 0.0000000
-7.7767940 -0.1977166
-8.4389744 -0.5634994
-8.9844627 -0.9332144
-9.9527264 -1.3488375
-11.0919924 -1.8609145
-7.4092317 -1.9505210
-1.0978748 -1.9541773
3.5074046 -1.9694074
8.9309587 -3.3769701
17.7834301 -4.7375183
36.6620903 -10.7853899
25.8401356 -7.0723062
12.0169935 -3.9968784
7.1586094 -3.1050177
1.9327774 -2.4776700
-3.0468085 -1.8614181
-9.0530481 -0.8434751
-8.1381636 -1.0639964
-6.7466655 -0.7134160
-5.8906436 -0.4514099
-5.2921948 -0.2748483
-4.8799558 -0.1582301
-4.6130142 -0.0806199
-4.2970543 -0.0278525
0.0000000 0.0000000
0.0000000 0.0000000
-7.3788438 -0.3736329
-7.9925022 -0.9231015
-8.4955826 -1.5044636
-9.3761520 -2.1585364
-10.8716202 -3.0402730
-7.4517746 -3.0621984
-1.2137772 -3.0716836
4.1702971 -2.8452010
10.3097868 -3.9669678
25.3057232 -8.9588070
36.9714584 -7.8645420
18.8612804 -5.2043014
10.1450748 -2.6412299
6.4596519 -1.7818686
0.9025345 -1.4407227
-4.1057076 -0.2653022
-9.7131767 0.5506686
-8.3599529 0.2430371
-6.9001117 0.2540283
-5.9770079 0.2536599
-5.3341484 0.2290663
-4.8921518 0.1877035
-4.6034474 0.1364056
-4.2689161 0.0767334
0.0000000 0.0000000
0.0000000 0.0000000
-6.8146925 -0.5296450
-7.3589306 -1.2397048
-7.7843919 -2.0130763
-8.4607410 -2.9172914
-10.0547342 -4.2384257
-7.6875138 -4.8980436
-1.8303003 -3.9869564
4.4580517 -3.8275723
10.8110027 -4.4089370
24.9428482 -8.2489576
35.2735825 -10.5082760
16.6260815 -2.3842773
9.6326008 -1.3242834
5.8681149 -0.8154230
0.1127651 -0.1490042
-4.4277911 1.3002350
-9.7224722 2.6730964
-8.0531073 1.6331818
-6.7401056 1.2575395
-5.8393130 0.9750118
-5.2056894 0.7433023
-4.7664995 0.5411012
-4.4760871 0.3577797
-4.1366677 0.1816012
0.0000000 0.0000000
0.0000000 0.0000000
-6.1146975 -0.6560301
-6.5706487 -1.4892391
-6.8807278 -2.4091117
-7.3312955 -3.4741027
-8.4879227 -5.0075293
-7.8855672 -6.8797073
-1.4668987 -5.3063641
4.9926705 -5.1821389
13.3573236 -6.1800723
30.1781654 -5.3265738
26.9244061 -1.3530051
13.4217863 -1.7606577
9.3633652 0.9344642
3.3490033 0.4520610
-1.4990201 1.7838613
-5.8896227 4.1632681
-9.1056271 4.4294639
-7.3993235 2.8536499
-6.2693634 2.1477849
-5.4752059 1.6344864
-4.9054537 1.2210574
-4.5038552 0.8733621
-4.2326374 0.5673075
-3.9017079 0.2798220
0.0000000 0.0000000
0.0000000 0.0000000
-5.3185368 -0.7462027
-5.6746988 -1.6573786
-5.8480053 -2.6620615
-6.0663390 -3.8351779
-6.4486880 -5.4042544
-6.6007013 -7.7374425
-1.1128551 -8.1750727
5.6888604 -7.8643126
16.8219185 -7.9081211
25.0591431 -8.5940847
28.3717117 -6.0398293
14.0256567 1.2817034
8.6992817 2.9655597
2.4115245 2.9445865
-2.8342004 4.9903073
-7.8672137 7.3251061
-7.5792446 5.2620106
-6.4149179 3.8397372
-5.5729580 2.8708940
-4.9328370 2.1772659
-4.4598322 1.6273155
-4.1190739 1.1624041
-3.8829486 0.7515686
-3.5727134 0.3653048
0.0000000 0.0000000
0.0000000 0.0000000
-4.4712296 -0.7959276
-4.7273078 -1.7343152
-4.7675633 -2.7552922
-4.7617331 -3.9621475
-4.7514839 -5.4462380
-4.7263632 -7.5704217
-2.2575548 -10.1721516
4.6447134 -9.5607290
14.7406158 -6.8138304
21.2620201 -4.8920588
18.6519737 3.9079933
13.1321630 3.3856790
7.8833289 6.2301846
1.0616390 7.5447078
-3.8274119 9.2150784
-6.5031800 8.0917377
-5.7300897 5.8264613
-5.1942587 4.4316783
-4.6939282 3.3892343
-4.2590113 2.5862575
-3.9058342 1.9418731
-3.6377432 1.3941864
-3.4446607 0.9020761
-3.1632195 0.4344872
0.0000000 0.0000000
0.0000000 0.0000000
-3.6165273 -0.8075309
-3.7859213 -1.7280819
-3.7279661 -2.7067761
-3.5838709 -3.7936959
-3.3366897 -5.0370073
-2.8812010 -6.5640912
-1.5776742 -8.2325649
3.1900945 -9.6705265
8.4704361 -7.3173270
14.1221285 -0.4258394
15.8204689 7.4769239
12.8257933 9.0024109
5.7713623 10.3697462
0.7146937 11.3590870
-3.2467701 10.5062857
-3.8043528 7.7524776
-4.0381031 6.0150380
-3.9504023 4.7226772
-3.7401457 3.7026443
-3.5023258 2.8663437
-3.2760441 2.1691425
-3.0864024 1.5651239
-2.9384952 1.0164235
-2.6910107 0.4864433
0.0000000 0.0000000
0.0000000 0.0000000
-2.7897234 -0.7862965
-2.8920815 -1.6541419
-2.7739446 -2.5414982
-2.5323694 -3.4593973
-2.1206083 -4.3990607
-1.3990672 -5.3502784
0.0979482 -6.1752276
2.4747345 -6.4922361
5.6254601 -5.4210968
8.2335463 -1.4807667
9.4705925 3.2040985
8.1621790 7.3958678
3.8996797 10.4689093
0.4716261 10.0152779
-1.3441733 8.5894871
-2.2674789 7.1496973
-2.6924176 5.8755713
-2.8342977 4.7836280
-2.8160408 3.8472908
-2.7209525 3.0366321
-2.6031017 2.3213379
-2.4872494 1.6837542
-2.3833179 1.0973793
-2.1747236 0.5256682
0.0000000 0.0000000
0.0000000 0.0000000
-2.0120792 -0.7443271
-2.0654366 -1.5450537
-1.9252592 -2.3271930
-1.6581067 -3.0785797
-1.2080977 -3.7567594
-0.4792901 -4.3010111
0.6751354 -4.5502558
2.1565077 -4.1868992
3.7393198 -2.9913278
5.0544825 -0.4583628
5.5908408 2.3609474
4.6911321 4.9185233
2.8934984 6.7744670
0.9163427 7.4209886
-0.5047880 7.1191587
-1.3197721 6.4089665
-1.7282654 5.5601988
-1.9178216 4.7001781
-1.9790144 3.8786142
-1.9682657 3.1168222
-1.9204820 2.4152045
-1.8622546 1.7628618
-1.7958477 1.1524050
-1.6202538 0.5492010
0.0000000 0.0000000
0.0000000 0.0000000
-1.2915097 -0.6963367
-1.3131920 -1.4350890
-1.1859142 -2.1303668
-0.9577162 -2.7503242
-0.5915343 -3.2212548
-0.0608220 -3.4832804
0.6659136 -3.4445539
1.5081803 -2.9232929
2.3469608 -1.7993597
2.9771757 0.1752996
3.1663272 1.9883373
2.6584330 3.8097675
1.7434697 5.2137918
0.6994436 5.9445448
-0.1791732 6.0416112
-0.7431729 5.7385731
-1.0299525 5.2219853
-1.1732527 4.5797768
-1.2329500 3.8796160
-1.2485392 3.1679828
-1.2393037 2.4755707
-1.2201065 1.8135601
-1.1905619 1.1873676
-1.0205207 0.6138626
0.0000000 0.0000000
0.0000000 0.0000000
-0.5983506 -0.6940744
-0.5803431 -1.3871180
-0.5092760 -1.9753822
-0.3920777 -2.4038370
-0.2051002 -2.6222770
0.0651770 -2.7177739
0.4058303 -2.5786290
0.7716293 -2.0311706
1.0792073 -1.0786464
1.3257359 0.3328121
1.3584931 1.7172488
1.1088395 3.1006460
0.6931619 4.1847739
0.2339573 4.8022795
-0.1543002 4.9407606
-0.3932252 4.9003181
-0.5248030 4.7164059
-0.5788185 4.3742704
-0.5911499 3.9028037
-0.5837370 3.3333139
-0.5685778 2.7027273
-0.5547095 2.0425959
-0.5492034 1.3836513
-0.4804296 0.8086384
0.0000000 0.0000000
0.0000000 0.0000000
0.0000000 0.0000000
0.0000000 0.0000000
0.0000000 0.0000000
0.0000000 0.0000000
0.0000000 0.0000000
0.0000000 0.0000000
0.0000000 0.0000000
0.0000000 0.0000000
0.0000000 0.0000000
0.0000000 0.0000000
0.0000000 0.0000000
0.0000000 0.0000000
0.0000000 0.0000000
0.0000000 0.0000000
0.0000000 0.0000000
0.0000000 0.0000000
0.0000000 0.0000000
0.0000000 0.0000000
0.0000000 0.0000000
0.0000000 0.0000000
0.0000000 0.0000000
0.0000000 0.0000000
0.0000000 0.0000000
0.0000000 0.0000000
0.0000000 0.0000000
0.0000000 0.0000000
0.0076689 -0.0078393
0.0000000 0.0000000
-0.1903322 0.0088769
-0.3745118 0.3818065
-0.4661984 1.0057949
0.0000000 0.0000000
-1.4359391 0.9751763
-0.4889421 1.9272559
-0.4485290 2.7724082
0.0000000 0.0000000
-1.2612824 2.2630737
-0.3706244 3.4418225
-0.3359260 4.0207343
0.0000000 0.0000000
-0.8619245 3.1825743
-0.3043041 4.5388031
-0.3046973 5.0222163
0.0000000 0.0000000
-0.7983657 3.9998107
-0.3094538 5.5471067
-0.3287671 6.0687766
0.0000000 0.0000000
-0.8644715 4.8746395
-0.3427215 6.6557965
-0.3768805 7.2202787
0.0000000 0.0000000
-0.9551640 5.7913656
-0.3973027 7.9090776
-0.4686486 8.5552893
0.0000000 0.0000000
-1.1192663 6.7776136
-0.5197169 9.4743662
-0.6836879 10.2877550
0.0000000 0.0000000
-1.5028594 7.9573841
-0.8380710 11.7520323
-1.1658244 13.0213099
0.0000000 0.0000000
-2.4343424 9.7978001
-1.7028342 15.3895550
-1.9051661 18.2679214
0.0000000 0.0000000
-4.6507835 14.3006220
-1.7678908 21.1407642
-2.3590376 24.9357777
0.0000000 0.0000000
3.1398652 13.4125748
4.8091745 18.1368027
10.7771044 6.7423668
0.0000000 0.0000000
11.7538786 11.4916840
11.9159689 -8.6631222
-1.9957607 -10.8270187
0.0000000 0.0000000
14.1608219 -2.9279897
-1.5128452 -14.4811020
-0.9257370 -13.2118158
0.0000000 0.0000000
-8.5312119 -10.5930662
-0.2611363 -9.2759399
-0.6049514 -7.8230038
0.0000000 0.0000000
-2.3915002 -6.3518724
-0.6201193 -6.7410145
-0.4976042 -5.6192746
0.0000000 0.0000000
-1.4807756 -4.5099425
-0.3984241 -4.9586654
-0.3317115 -4.2900882
0.0000000 0.0000000
-0.9574396 -3.5209937
-0.2681821 -3.8144329
-0.2362226 -3.3697884
0.0000000 0.0000000
-0.6713838 -2.8206034
-0.2036351 -3.0110645
-0.1872258 -2.6753347
0.0000000 0.0000000
-0.5196503 -2.2686327
-0.1688782 -2.3807201
-0.1598446 -2.1005609
0.0000000 0.0000000
-0.4357418 -1.7971048
-0.1467348 -1.8424087
-0.1396843 -1.5887749
0.0000000 0.0000000
-0.3895252 -1.3743420
-0.1353817 -1.3490754
-0.1429829 -1.1042063
0.0000000 0.0000000
-0.4100082 -0.9710617
-0.1635106 -0.8301291
-0.1741553 -0.5426056
0.0000000 0.0000000
-0.5020833 -0.4919896
-0.1578338 -0.2695120
-0.0995882 -0.0046380
0.0000000 0.0000000
-0.1817285 -0.0391148
0.0000000 0.0000000
0.0000000 0.0000000
-0.2629462 0.0742002
-0.6157323 0.1472715
-1.6080296 0.5602701
-2.0520191 1.2055539
-2.6838448 1.2725134
-1.9584370 1.8517627
-1.6821049 2.3140576
-2.1103935 2.1617203
-1.3892436 2.7016699
-1.2561321 3.1664381
-1.7265799 2.9954994
-1.2427034 3.5893769
-1.2641900 4.0434451
-1.7263110 3.9181397
-1.2983468 4.5140076
-1.3490167 4.9622593
-1.7793169 4.8055120
-1.3882843 5.4503379
-1.4803127 5.8733001
-1.8842188 5.6494579
-1.5643585 6.4154348
-1.7703041 6.8187370
-2.1370864 6.4452477
-1.9768919 7.4939828
-2.4509830 7.8651123
-2.7564318 7.0955763
-2.9283671 8.8585253
-4.1595030 9.0648775
-4.2286258 7.2430243
-5.6261706 10.5853949
-8.9557209 11.6526842
-9.6270466 7.7286916
-1.7327098 8.3660450
7.2101531 11.2121124
11.8525457 11.8453550
11.3172159 8.9565353
16.9054718 10.2628527
21.4705029 4.9908514
24.5846729 -5.4878354
19.8763523 -0.2843470
23.9332561 -0.4482802
4.2884212 -9.4928617
-10.4395895 -8.9659252
-9.8679209 -5.5572109
-3.9078469 -5.9162493
-3.1089246 -5.9020581
-4.4887481 -4.8268685
-2.2451677 -4.6330800
-1.8469813 -4.1691999
-2.4606276 -3.7524157
-1.4568025 -3.6391933
-1.2384225 -3.3016198
-1.6209410 -3.0931597
-1.0294458 -2.9385867
-0.9135965 -2.6844132
-1.1971551 -2.5734081
-0.8011379 -2.3990023
-0.7410536 -2.1827672
-0.9740133 -2.1226990
-0.6798925 -1.9407502
-0.6468021 -1.7426251
-0.8558338 -1.7071127
-0.6089662 -1.5217944
-0.5879462 -1.3305678
-0.7869642 -1.3025129
-0.5715764 -1.1312045
-0.5945155 -0.9306459
-0.7954171 -0.9205874
-0.6675265 -0.7087013
-0.7491397 -0.4926402
-0.9773858 -0.5154788
-0.7455221 -0.2623386
-0.2706648 -0.0645179
-0.4191153 -0.0863071
0.0000000 0.0000000
0.0000000 0.0000000
-0.9597562 0.2004944
-1.4244868 0.2641537
-2.9286678 0.7347254
-3.2290218 1.3646566
-3.6761470 1.4079611
-2.8878560 1.8582729
-2.4488878 2.1411333
-2.8574002 2.1052263
-2.2176714 2.5153141
-2.1622903 3.0069568
-2.6461546 2.9852104
-2.1694300 3.4660378
-2.1804848 3.9244769
-2.6409793 3.8963978
-2.1943977 4.3717570
-2.2212958 4.7964520
-2.6477706 4.7596736
-2.2514591 5.2408066
-2.3313365 5.6106658
-2.6972175 5.5500145
-2.3939984 6.0629158
-2.5797539 6.3221874
-2.8324060 6.1783714
-2.7311423 6.7798686
-3.1359928 6.8414121
-3.1984270 6.5524645
-3.4550879 7.2207928
-4.0953398 7.0831480
-4.0474939 6.5966749
-4.0361986 7.4314318
-9.1364355 7.2560749
-8.3904877 7.2875810
-9.1887760 6.1991863
5.8227892 6.6271892
12.5628176 1.1492791
17.0294781 7.2555270
25.0525188 6.0563636
30.0178089 1.4944093
28.5718842 -2.0625176
25.2809525 0.9582226
27.8709030 3.4425113
9.7412596 -3.2209682
-9.1174212 -2.7905841
-8.4692955 -0.4079393
-6.0644975 -3.2387116
-4.6360059 -3.3596284
-4.3965597 -2.3702826
-3.3007910 -3.0469179
-2.6427519 -3.1029127
-2.6216085 -2.5813437
-2.0884669 -2.8147509
-1.8020381 -2.7742522
-1.8923717 -2.5117652
-1.5344409 -2.5241206
-1.3897554 -2.4158444
-1.5377157 -2.2891171
-1.2421905 -2.1827476
-1.1673838 -2.0419700
-1.3338788 -1.9786856
-1.0883245 -1.8255386
-1.0486411 -1.6654024
-1.2242055 -1.6346446
-1.0057567 -1.4555379
-0.9854354 -1.2833881
-1.1664680 -1.2674396
-0.9620198 -1.0812596
-0.9806588 -0.9034956
-1.1606113 -0.8973693
-1.0516465 -0.7194001
-1.1708566 -0.5312074
-1.3672349 -0.5418870
-1.2562886 -0.3111073
-0.5770507 -0.1024417
-0.7577027 -0.1148839
0.0000000 0.0000000
0.0000000 0.0000000
-1.9195102 0.3112104
-2.4939888 0.3533291
-4.2458620 0.8306974
-4.1027179 1.4353912
-4.4497147 1.4387933
-3.5641828 1.8347965
-3.2116430 2.1065793
-3.6516519 2.1046741
-3.1060541 2.5247788
-3.0972843 3.0187726
-3.5702074 3.0060976
-3.0897796 3.4598451
-3.0631123 3.9276233
-3.5508828 3.9149296
-3.0705211 4.3577871
-3.0554633 4.8069620
-3.5250061 4.8125205
-3.0641770 5.2140899
-3.0513561 5.6045856
-3.4597516 5.6191626
-3.0546169 5.9491806
-3.0964227 6.2018991
-3.3332090 6.2077670
-3.1002195 6.4274750
-3.3019888 6.3799815
-3.1896701 6.2692423
-3.4579327 6.4057260
-4.1211576 5.8687935
-3.5197921 5.4069886
-5.0105495 5.4137750
-8.5773497 6.1888685
-6.7347555 3.6489379
1.1868836 -4.9307413
10.0153446 0.5125377
8.0748158 -0.5218738
14.8604956 3.3349061
18.8360901 3.7473724
21.8819122 1.3504852
37.0766563 -7.8451109
36.1615982 -0.1874287
20.8926811 4.6741052
5.6319141 2.1236656
-6.5956559 1.7080085
-2.8000948 2.5319543
-5.1108394 -0.8060967
-4.2583470 -1.6281575
-3.1495996 -0.7977225
-3.1966295 -1.9724979
-2.6636395 -2.1807053
-2.3309669 -1.8457227
-2.1930618 -2.2318530
-1.9754920 -2.2979438
-1.8841133 -2.1287956
-1.7866142 -2.2037981
-1.6773494 -2.1768909
-1.7230722 -2.0898798
-1.5589930 -2.0145409
-1.5006033 -1.9222995
-1.6127131 -1.8777279
-1.4355541 -1.7379302
-1.4039086 -1.6057395
-1.5504646 -1.5822767
-1.3697983 -1.4176706
-1.3546270 -1.2570143
-1.5198057 -1.2462304
-1.3364515 -1.0602540
-1.3440342 -0.8908255
-1.5157763 -0.8855850
-1.3932046 -0.7303281
-1.5358543 -0.5477973
-1.7155037 -0.5494561
-1.7433310 -0.3352653
-0.9564905 -0.1226049
-1.1586953 -0.1292869
0.0000000 0.0000000
0.0000000 0.0000000
-3.0763862 0.3832991
-3.7107215 0.4038107
-5.4305615 0.8702271
-4.7973704 1.4247997
-5.1055775 1.3964007
-4.2193069 1.7746447
-4.0492535 2.1126354
-4.5060668 2.1065683
-4.0214591 2.5557332
-4.0102301 3.0303583
-4.4965129 3.0154140
-4.0074120 3.4719522
-3.9755449 3.9776993
-4.5106192 3.9694674
-3.9889293 4.4151607
-3.9084179 4.9393897
-4.4770541 4.9500623
-3.9061117 5.3300085
-3.7569175 5.8369741
-4.3509874 5.9415770
-3.6993964 6.1633668
-3.5027201 6.5482383
-3.9421971 6.8885884
-3.2694330 6.7581263
-3.0827117 6.8044872
-3.2112610 7.4144568
-2.7764962 6.6768889
-2.3987865 6.3071685
-1.9003910 6.6407504
-1.6438311 4.7925076
-2.9984043 4.4259782
-1.7530373 5.3957567
6.9581742 -3.6031284
10.5359859 0.4406251
11.4313068 0.8609448
14.9956284 1.9225571
19.3863087 2.5546694
21.1335964 -0.9644625
35.6411247 -0.8768475
38.0612183 0.8197750
21.5533772 3.0403101
0.4033945 -0.4792806
0.2575598 1.1124237
-2.0462992 -1.4171426
-2.8264596 -1.8993770
-2.8483551 -1.1425987
-2.8109522 -1.5861229
-2.5767274 -1.9122317
-2.2863994 -1.8833272
-2.1518276 -1.9670057
-2.0074258 -2.0377018
-1.9189416 -2.0999262
-1.8281738 -2.1015506
-1.8660967 -2.0753591
-1.8345912 -2.0651550
-1.8512028 -2.0579498
-1.7871076 -1.9474473
-1.7664431 -1.8643486
-1.8580841 -1.8578304
-1.7373129 -1.7029784
-1.7240782 -1.5750389
-1.8575895 -1.5678185
-1.7089658 -1.4043654
-1.7013060 -1.2431315
-1.8590424 -1.2374810
-1.6967275 -1.0589869
-1.6985930 -0.8842354
-1.8680259 -0.8798801
-1.7276880 -0.7355176
-1.8742825 -0.5486375
-2.0462403 -0.5452253
-2.1955795 -0.3490172
-1.3762467 -0.1334737
-1.5922723 -0.1371429
0.0000000 0.0000000
0.0000000 0.0000000
-4.3292012 0.4147214
-4.9719820 0.4153414
-6.4032011 0.8665267
-5.4197516 1.3539265
-5.7338400 1.3019279
-4.9597230 1.6840500
-4.9276776 2.1025302
-5.3851771 2.0742898
-4.9371648 2.5431032
-4.9392276 3.0228863
-5.4484525 2.9886301
-4.9689651 3.4807403
-4.9639454 4.0271935
-5.5438952 4.0033822
-4.9899583 4.4964676
-4.8856945 5.1207809
-5.6303267 5.1448402
-4.9493637 5.5898547
-4.7174044 6.3820210
-5.6338010 6.6037908
-4.6520782 6.8870168
-4.3497877 7.4931488
-4.8240256 7.8829889
-3.7147090 7.8831272
-2.9940164 7.8278332
-2.9105835 7.7575250
-1.9022106 7.4635816
-0.5577282 6.5834136
-0.0314083 5.9390640
0.8674533 5.1112857
0.1785679 4.8156738
1.4361510 3.5685215
10.3168344 -2.5275772
12.8135891 1.2688415
12.3651114 0.3592290
15.3259773 0.1366422
18.5400391 0.6630775
23.2702198 -0.7983783
37.5677338 -7.3235621
37.2033043 -3.4987302
25.9304657 -0.0335232
-0.4434145 -2.3097632
-0.4505156 -0.3478608
-0.0465693 -0.6634657
-2.0145791 -2.0475311
-2.3794985 -1.7353604
-2.0043781 -2.2019823
-2.2788689 -2.2068415
-2.1397870 -2.1530857
-2.0364902 -2.4558971
-1.9046377 -2.1875515
-1.8894589 -2.2078876
-1.8377866 -2.3504238
-1.9257095 -2.1617689
-1.9740571 -2.1185811
-2.0077662 -2.1868584
-2.0037847 -2.0022860
-2.0217495 -1.8907595
-2.1254065 -1.9224738
-2.0329897 -1.7350696
-2.0376432 -1.5841593
-2.1772830 -1.5946373
-2.0431755 -1.4225513
-2.0416296 -1.2436090
-2.2021120 -1.2440038
-2.0512133 -1.0733798
-2.0515883 -0.8826277
-2.2238865 -0.8792648
-2.0715649 -0.7396086
-2.2039611 -0.5423478
-2.3742492 -0.5365201
-2.6058967 -0.3588327
-1.8214098 -0.1399708
-2.0472648 -0.1416903
0.0000000 0.0000000
0.0000000 0.0000000
-5.5808563 0.4081927
-6.1920609 0.3937207
-7.1344018 0.8324689
-6.0517712 1.2395282
-6.3889837 1.1641756
-5.7869287 1.5719806
-5.8059659 2.0370944
-6.2539854 1.9639059
-5.8574033 2.4541802
-5.9041638 2.9580252
-6.4216733 2.8745866
-5.9935408 3.4227083
-6.0305381 4.0130877
-6.6524262 3.9387984
-6.1405101 4.5320730
-6.1685400 5.3368878
-7.1120586 5.3466339
-6.3904653 6.0086684
-6.3364596 6.9289999
-7.0177240 6.9077229
-5.8113275 7.5077491
-5.0250130 7.6433601
-4.9167747 7.2772980
-3.6644711 7.6948051
-2.0823534 7.2499776
-1.4958227 6.0784006
-0.0498618 6.4667206
2.0678778 5.1893053
3.0070069 4.0003953
4.1801238 3.7315853
3.8099399 2.9648905
4.9434886 2.4852214
13.7018967 -2.0752044
13.9619122 0.0828142
14.9892359 0.0041828
15.3898544 -0.2242730
21.6128922 -0.4984869
24.2461662 -2.4591906
35.7643471 -1.2538564
30.5200138 0.0084717
26.2794571 -2.2692511
1.6458881 -3.1316402
0.3409072 -0.9102936
1.9068823 -1.1396858
-1.1194487 -2.5385051
-1.9044412 -2.7055063
-1.1411313 -3.1430454
-2.1974399 -2.9653859
-2.2567716 -2.8799989
-2.1799946 -3.3156133
-2.0590231 -2.7127686
-2.0367415 -2.5928075
-2.0931182 -2.8291214
-2.0912607 -2.4544671
-2.1902938 -2.3188539
-2.2827346 -2.4355142
-2.2850554 -2.1708386
-2.3239515 -1.9941118
-2.4676313 -2.0495942
-2.3655808 -1.8277582
-2.3760693 -1.6290526
-2.5407286 -1.6486731
-2.3956373 -1.4700124
-2.3938832 -1.2574345
-2.5672035 -1.2606003
-2.4108484 -1.0993396
-2.4101446 -0.8846308
-2.5892599 -0.8806058
-2.4309881 -0.7442938
-2.5352676 -0.5329868
-2.7092583 -0.5252479
-2.9711795 -0.3652231
-2.2843094 -0.1438365
-2.5170865 -0.1442449
0.0000000 0.0000000
0.0000000 0.0000000
-6.7555909 0.3729145
-7.3054070 0.3463228
-7.6254611 0.7736440
-6.7182298 1.0785605
-7.0657401 0.9864613
-6.6251121 1.4301457
-6.6589222 1.8755057
-7.0825243 1.7534292
-6.7750182 2.2677424
-6.8765783 2.7756085
-7.3816237 2.6183863
-7.0595722 3.2256577
-7.1993599 3.8522632
-7.8504949 3.6967905
-7.5218849 4.4201574
-7.8813243 5.3545918
-8.6955996 5.1408448
-8.0022917 6.0130715
-7.4106350 6.5193596
-7.5013719 5.9229879
-6.0958343 6.6584926
-4.7660484 6.1904655
-4.1220632 5.4353428
-2.6939354 5.7250643
-0.2967432 4.9467440
0.5218126 3.8099904
1.8481363 3.9489214
4.1364274 2.9683797
4.9335170 2.2837296
6.3808651 2.1438243
5.9476905 1.7935438
7.0670075 1.0454440
15.6651688 -2.0126507
15.6433678 -0.5506944
16.4983006 -0.7563899
17.0999928 -0.6567028
23.3724995 -4.7174578
33.9559593 -7.4005842
35.7009926 -5.7150016
23.2947598 -3.1387222
16.1939030 -4.2739887
5.2616305 -2.6370842
2.6004007 -2.2894735
3.9008088 -2.8312514
0.3588555 -3.5885296
-1.1545057 -3.9385724
-0.5539329 -4.3687553
-2.1919909 -4.1347384
-2.6427732 -3.9485154
-2.7996752 -4.3761730
-2.6169205 -3.5595067
-2.5134130 -3.1894326
-2.7983484 -3.4795525
-2.4682305 -2.8986197
-2.5552809 -2.6135972
-2.7579308 -2.7471511
-2.6903951 -2.4089017
-2.7199578 -2.1402292
-2.9273918 -2.1949353
-2.7668648 -1.9541247
-2.7648025 -1.6883171
-2.9658220 -1.7035697
-2.7840362 -1.5289569
-2.7717140 -1.2741624
-2.9647427 -1.2717209
-2.7856865 -1.1251429
-2.7796414 -0.8842199
-2.9674711 -0.8757592
-2.8052812 -0.7455197
-2.8753514 -0.5204549
-3.0556600 -0.5100347
-3.2901113 -0.3664261
-2.7579377 -0.1455722
-2.9942293 -0.1447623
0.0000000 0.0000000
0.0000000 0.0000000
-7.7938900 0.3150595
-8.2597113 0.2800339
-7.9039059 0.6898839
-7.3958030 0.8851010
-7.7215137 0.7780596
-7.3799043 1.2605593
-7.4552197 1.6071000
-7.8246183 1.4374051
-7.6355495 1.9960635
-7.8117242 2.4278121
-8.2613325 2.1869693
-8.1172123 2.8589573
-8.4333801 3.4877694
-9.0310106 3.1776628
-8.9433804 3.9029179
-9.3498554 4.7599697
-9.7853165 4.3027802
-8.8140087 4.9826913
-7.4959731 5.0484920
-7.2644734 4.2753778
-5.7239413 4.9743900
-3.4047277 4.2371240
-2.6893985 3.2757585
-0.9904186 3.1781175
1.1469380 2.6373339
1.8990312 2.1447437
3.2506974 2.1235740
5.6035781 1.5052977
6.4246645 0.7922221
7.9181051 0.9928835
8.2070150 0.0265923
9.5949564 -1.0606412
16.6367855 -2.3370543
16.2464142 -0.8949862
16.5011997 -1.9454508
24.6268120 -5.9538617
31.9853535 -8.7475595
36.9421692 -7.1862769
32.0234833 -4.7102895
13.3803320 -5.1457829
11.8227444 -4.1789212
7.7448158 -3.1033754
4.5588098 -4.1699553
5.0568447 -4.5844078
1.9707884 -4.7610531
-0.3574347 -4.9649925
-0.2367799 -5.3054581
-2.2531137 -5.1450696
-3.2924104 -4.8531909
-3.6065116 -5.0877695
-3.5900948 -4.3658986
-3.4104686 -3.8367836
-3.9608414 -4.0290847
-3.1383367 -3.3579032
-3.1320496 -2.9150453
-3.4707129 -3.0000525
-3.2556772 -2.6303327
-3.2347453 -2.2657588
-3.5159481 -2.2800407
-3.2490997 -2.0632532
-3.2153962 -1.7278961
-3.4547811 -1.7197993
-3.2134187 -1.5696059
-3.1799464 -1.2743074
-3.3922024 -1.2560508
-3.1783717 -1.1322557
-3.1597402 -0.8711396
-3.3551302 -0.8524600
-3.1869664 -0.7339672
-3.2257018 -0.5017619
-3.4109769 -0.4869352
-3.5618083 -0.3595004
-3.2332606 -0.1446335
-3.4672208 -0.1420846
0.0000000 0.0000000
0.0000000 0.0000000
-8.6500206 0.2428346
-9.0151539 0.2022380
-8.0278854 0.5786305
-8.0152397 0.6593263
-8.2841520 0.5386797
-7.9821696 1.0339381
-8.1418877 1.2391884
-8.4293385 1.0327345
-8.3563089 1.6256523
-8.6371698 1.8977022
-8.9718409 1.5932965
-9.0452442 2.3134890
-9.5420904 2.8002846
-9.9814262 2.3846052
-10.0737123 2.9517057
-10.1070747 3.7212412
-10.2241144 3.0615652
-8.7187395 3.3048964
-7.0347772 3.4449866
-6.7133470 2.6749992
-4.7417822 3.0705273
-2.0784724 2.5458939
-1.7404106 1.6257399
-0.1497468 2.3483605
2.3411212 1.6521022
3.0423605 0.6621197
4.8672900 0.2718087
7.1577897 0.0769943
7.7583423 -0.4451402
9.2356348 -0.5884998
11.2779112 -1.6720203
12.4349604 -2.1372058
16.8029842 -2.4995880
19.6871758 -3.1401041
20.4705620 -3.8772736
31.8351688 -8.1899233
36.8024864 -9.9879198
34.7283516 -8.9713793
25.0727291 -6.5872302
10.8768921 -4.6384735
10.3970318 -4.8918343
8.6799822 -4.4971824
5.3447108 -5.1148705
5.8396816 -5.2567558
2.7937446 -5.3417392
-0.0557746 -5.4776797
-0.2394298 -5.5196471
-2.3740606 -5.4952841
-3.9517219 -5.2357097
-4.3080473 -5.2157483
-4.7287507 -4.6917458
-4.6230001 -4.1611943
-5.2423286 -4.1775484
-4.0967975 -3.5642712
-3.9173374 -3.0786061
-4.3562617 -3.0586836
-3.9484785 -2.7373233
-3.8477304 -2.2921100
-4.1807590 -2.2451441
-3.7978261 -2.0923946
-3.7171016 -1.7066579
-3.9836500 -1.6580881
-3.6732881 -1.5550755
-3.6100492 -1.2345883
-3.8331068 -1.1906019
-3.5807307 -1.0999571
-3.5428302 -0.8325983
-3.7391894 -0.7981246
-3.5607409 -0.6985849
-3.5797544 -0.4718595
-3.7640994 -0.4498346
-3.7870264 -0.3399261
-3.6970861 -0.1396709
-3.9188476 -0.1345977
0.0000000 0.0000000
0.0000000 0.0000000
-9.2870064 0.1591048
-9.5209990 0.1129205
-8.0513296 0.4330263
-8.5031748 0.4174122
-8.6860294 0.2968702
-8.4096613 0.7490754
-8.6612215 0.8089529
-8.8449564 0.5856022
-8.8844900 1.1523396
-9.2496939 1.2530049
-9.4600191 0.9170020
-9.7412233 1.6107923
-10.3231344 1.8967148
-10.5326786 1.3947077
-10.7101011 1.7586579
-10.2726955 2.3316581
-10.2332239 1.6885273
-8.3824806 1.7459540
-6.3882003 1.9330955
-6.0176992 1.2915845
-3.8255162 1.4145244
-1.3161833 1.0975451
-0.8716790 0.4973472
1.1427910 0.7130862
3.6590750 0.0176374
4.0678005 -0.3858543
5.8141828 -0.5258685
8.3219604 -0.8300667
8.9178343 -1.0895684
10.4374475 -1.9961873
13.8078022 -2.4134212
15.0328236 -1.9068267
17.1546993 -3.0281284
24.9804173 -5.8359666
32.9994049 -8.1232643
37.0925179 -9.5916862
36.2408524 -9.3978510
25.9868755 -7.3884177
18.8834839 -5.4191437
10.3382406 -5.5185523
9.7622604 -6.2683802
9.6464529 -5.5890574
5.9144034 -5.4036827
5.6633377 -5.6614394
3.0381563 -5.4735990
0.0393038 -5.4441743
-0.4679329 -5.3873577
-2.6384466 -5.3669901
-4.6650052 -5.1193523
-5.1697164 -4.9675088
-5.7885962 -4.4602976
-5.8092008 -4.1350799
-6.3848114 -4.0301247
-5.1814547 -3.4544938
-4.8218527 -2.9939528
-5.3009839 -2.8329821
-4.6938009 -2.6645021
-4.5086284 -2.1703730
-4.8549099 -2.0471303
-4.3741202 -1.9946313
-4.2386832 -1.5902141
-4.5067148 -1.4903462
-4.1393099 -1.4532162
-4.0402503 -1.1340001
-4.2569466 -1.0565351
-3.9744668 -1.0093168
-3.9137366 -0.7564425
-4.0984120 -0.7018151
-3.9065990 -0.6295431
-3.9219155 -0.4243739
-4.0953093 -0.3927936
-3.9680834 -0.3034786
-4.1296601 -0.1284940
-4.3283539 -0.1201256
0.0000000 0.0000000
0.0000000 0.0000000
-9.6692314 0.0603629
-9.7525425 0.0154484
-8.0559683 0.2629468
-8.7993174 0.1713465
-8.8611441 0.0385973
-8.6618471 0.4030805
-8.9664040 0.3555663
-9.0309353 0.1201494
-9.1950884 0.5894901
-9.6076632 0.5668460
-9.6779099 0.2180958
-10.1331015 0.7958537
-10.6953259 0.9034973
-10.8022738 0.4448428
-10.9893961 0.7196289
-10.1952934 1.1091057
-10.1464176 0.5709268
-8.0798321 0.5978293
-5.7263427 0.6334806
-5.3040004 0.1320711
-3.0477912 0.1486779
-0.4482169 -0.4560237
-0.0167914 -0.8992181
2.2571681 -0.8544974
4.4160442 -1.0997932
4.7845850 -1.6981320
6.5018554 -0.8902342
8.8995314 -1.9238672
9.5216265 -2.9059784
11.1953592 -2.2942541
14.6378794 -2.3942738
15.1504192 -3.2073877
24.3833637 -7.6979585
33.0652885 -10.5887508
37.4451790 -11.2135830
37.7722244 -11.9759617
34.1519127 -11.4480562
25.4920292 -8.2046766
11.7977457 -5.8063793
9.6663761 -5.5010805
10.6618834 -4.4155788
8.5643959 -5.0002241
5.4203949 -5.1391549
5.6642237 -4.4468322
2.9262605 -4.8368845
-0.0143232 -4.9111009
-0.1712381 -4.5241628
-3.0546222 -4.8726306
-5.4943008 -4.6596689
-5.9468966 -4.3508463
-6.7625804 -3.7541664
-6.9270864 -3.8229129
-7.4815516 -3.5214336
-6.2375212 -3.1021044
-5.7185979 -2.6292708
-6.1709523 -2.3673894
-5.4188995 -2.3781767
-5.1509113 -1.8839319
-5.4750686 -1.6872684
-4.9270282 -1.7454389
-4.7361178 -1.3616306
-4.9817309 -1.2082759
-4.5745029 -1.2455529
-4.4390998 -0.9597360
-4.6317072 -0.8457204
-4.3313580 -0.8483419
-4.2488751 -0.6349926
-4.4075885 -0.5575279
-4.2026272 -0.5202470
-4.2307758 -0.3545333
-4.3780956 -0.3125014
-4.1067243 -0.2481403
-4.5064158 -0.1086154
-4.6710086 -0.0966250
0.0000000 0.0000000
0.0000000 0.0000000
-9.7716856 -0.0288133
-9.7211571 -0.0676363
-8.0533466 0.0793640
-8.8689175 -0.0991618
-8.8133526 -0.2340928
-8.7387781 0.0163481
-9.0490198 -0.1245560
-8.9982290 -0.3632576
-9.2899399 -0.0284840
-9.7023716 -0.1352108
-9.6659756 -0.4849720
-10.2762880 -0.0494838
-10.8529110 -0.0229313
-10.8311520 -0.5360265
-11.0916500 -0.2555608
-10.0772038 0.0426334
-10.0499067 -0.5157709
-7.7306390 -0.3799548
-4.9991140 -0.3766272
-4.7621031 -0.8879790
-1.9884161 -0.5988386
0.5738059 -1.2620102
0.7921163 -1.5230614
2.8358874 -2.1207709
5.2750626 -2.0237975
5.7613993 -2.3188741
7.8324165 -2.6237702
10.2894258 -3.3656816
10.8078451 -3.5172579
12.3812780 -2.5824306
18.5612354 -6.0172582
22.1643009 -7.5918698
33.5754852 -10.1194496
39.0018539 -9.6971807
39.4340134 -9.6344061
32.2311134 -7.8507533
20.1648140 -5.6526804
17.4776936 -5.3878999
12.2946796 -4.4412036
10.6347761 -4.2508454
9.9377594 -4.2083688
8.1191568 -4.3325944
5.2971916 -4.0498109
5.1638846 -3.6365097
2.8386374 -3.9715071
-0.0825707 -3.8737702
-0.2041004 -3.2892919
-3.1414700 -3.9835584
-6.1182981 -3.8979855
-6.3540730 -3.4411218
-7.7664080 -2.7364581
-7.9597020 -3.1216645
-8.4329300 -2.6219208
-7.1682100 -2.5409007
-6.5184002 -2.0275304
-6.8922615 -1.6546510
-6.0641899 -1.8771660
-5.7197275 -1.4315526
-5.9868674 -1.1556785
-5.4061546 -1.3362752
-5.1623006 -1.0163445
-5.3602166 -0.8098001
-4.9411292 -0.9279785
-4.7709851 -0.7064326
-4.9197283 -0.5576652
-4.6212735 -0.6164021
-4.5206141 -0.4648555
-4.6364293 -0.3654521
-4.4288201 -0.3696335
-4.4799967 -0.2631398
-4.5816116 -0.2077884
-4.2088189 -0.1735863
-4.8027997 -0.0792493
-4.9168353 -0.0649477
0.0000000 0.0000000
0.0000000 0.0000000
-9.6198654 -0.1027632
-9.4494429 -0.1346810
-7.9392753 -0.1057308
-8.7231207 -0.3781627
-8.5628557 -0.5113187
-8.6037378 -0.3719708
-8.9150209 -0.6156240
-8.7452164 -0.8511842
-9.1583052 -0.6322731
-9.5861216 -0.8545662
-9.4020243 -1.2155612
-10.1621094 -0.9142769
-10.7494421 -1.0531882
-10.6362333 -1.5480375
-11.1081400 -1.3289926
-9.9827461 -1.0693452
-9.9804115 -1.6317762
-7.4715304 -1.4267377
-4.4676833 -1.3387743
-4.3825893 -1.8717515
-1.1269571 -1.4114398
1.2900090 -1.8321487
1.3695554 -2.0624352
3.2543149 -1.9035493
6.0840960 -2.3984370
6.1566777 -2.4182532
8.6803913 -3.3456137
11.8646755 -3.0198934
12.4175034 -3.2961431
16.8711338 -4.3191662
21.8211136 -6.1455674
29.3384380 -9.2144299
36.3250046 -10.6328344
37.8994217 -11.1528902
35.8613930 -11.5713949
28.6268692 -8.7523499
15.2850542 -4.2000031
16.1438599 -4.2768927
11.6763620 -3.9408386
9.8432198 -3.9119732
9.8902473 -3.2393043
7.4776740 -3.4260755
4.9579291 -3.1676934
4.8464966 -2.5840425
2.4019721 -2.9428596
-0.2609383 -2.7649426
-0.5108733 -2.1487958
-3.0346754 -2.6621478
-6.5895166 -2.8122056
-6.8528295 -2.0553327
-8.6905012 -1.4497378
-8.7915554 -2.0321050
-9.1466913 -1.3401383
-7.8795938 -1.6695378
-7.1251454 -1.2094077
-7.3879018 -0.7567491
-6.5615201 -1.1569149
-6.1462350 -0.8258231
-6.3162155 -0.4877312
-5.7641993 -0.7802395
-5.4722819 -0.5639313
-5.5899596 -0.3148495
-5.2029929 -0.5125182
-5.0020661 -0.3809339
-5.0850029 -0.2032483
-4.8169637 -0.3232826
-4.7008586 -0.2483507
-4.7598228 -0.1310803
-4.5703411 -0.1838516
-4.6412773 -0.1454687
-4.6846466 -0.0812635
-4.2753730 -0.0816333
-4.9945540 -0.0452940
-5.0450234 -0.0283421
0.0000000 0.0000000
0.0000000 0.0000000
-9.2444544 -0.1674658
-8.9583292 -0.1958741
-7.6386571 -0.2859302
-8.3782368 -0.6495244
-8.1154661 -0.7721012
-8.2614937 -0.7461346
-8.5606842 -1.0965233
-8.2759142 -1.3164053
-8.7922945 -1.2245655
-9.1898365 -1.5843265
-8.8641119 -1.9133450
-9.7395926 -1.7565286
-10.4585333 -2.0378361
-10.1247082 -2.5509212
-11.0492458 -2.4119966
-9.9267673 -2.1446438
-9.9880524 -2.8829937
-7.3019619 -2.4139404
-4.2667027 -2.3751907
-4.4794497 -2.8633769
-0.8373088 -2.4896851
1.7025249 -2.6061299
1.7773404 -3.2203090
3.9171700 -2.2893655
6.3415122 -2.8865170
6.5229316 -3.4063313
9.5041523 -3.6223571
14.2089376 -4.4290614
16.3611069 -4.6139259
21.2795086 -7.3875699
29.9573669 -9.8027315
34.6260986 -8.5840111
35.3454323 -6.5440278
32.3830986 -5.1793094
26.4299450 -4.0117698
22.1046734 -3.9890049
15.0382071 -4.5114641
12.9376001 -4.7802858
11.3666105 -3.6745970
9.1287012 -2.8650937
8.0344877 -2.3450520
6.8088317 -2.5100582
4.6039562 -1.9842266
4.6611218 -1.3815671
1.8662157 -1.9593174
-0.9325919 -1.4960178
-0.8982123 -0.9007331
-3.2227206 -1.1614927
-7.1393094 -1.1595427
-7.3280149 -0.2774364
-9.3167505 -0.2498190
-9.3426142 -0.5183780
-9.4851074 0.3001100
-8.3075504 -0.4690218
-7.4798346 -0.2068269
-7.5609493 0.3164589
-6.8412676 -0.2375835
-6.3748593 -0.0959418
-6.4258976 0.2861959
-5.9459004 -0.1056533
-5.6220045 -0.0295876
-5.6486506 0.2463542
-5.3222699 -0.0279721
-5.1008182 0.0001578
-5.1091013 0.1952659
-4.8938532 0.0108828
-4.7659659 0.0049923
-4.7615266 0.1344144
-4.6153378 0.0249215
-4.6887884 -0.0051594
-4.6746368 0.0672521
-4.2953839 0.0228640
-5.0608735 -0.0096983
-5.0515585 0.0077928
0.0000000 0.0000000
0.0000000 0.0000000
-8.6585884 -0.2242511
-8.2713528 -0.2483151
-7.1586399 -0.4513942
-7.8402686 -0.8941367
-7.4869447 -0.9965617
-7.7182059 -1.0849624
-7.9940410 -1.5382308
-7.6028066 -1.7248672
-8.1901569 -1.7615936
-8.5653601 -2.2594717
-8.0931864 -2.5539627
-9.0264549 -2.5289705
-9.7763138 -3.1281497
-9.1318674 -3.5777974
-10.6467304 -3.6770594
-9.8688259 -3.7408226
-9.7022390 -4.4975104
-7.3721118 -3.8869267
-4.2464685 -3.3930764
-4.9083643 -4.2637100
-0.8733025 -3.2620978
1.8636849 -3.3641996
1.4863766 -4.0511422
4.7178116 -3.1361494
6.9190044 -3.9228132
7.1334610 -4.2472544
10.1736336 -4.2028627
17.4527264 -4.8498611
19.3023529 -5.9989548
26.4148388 -8.2486153
29.9083633 -10.0288067
33.1827164 -10.0090103
34.3357010 -11.0865097
31.9892502 -10.1750908
29.2661839 -8.6537790
17.7336826 -4.8753576
11.7368526 -3.0206978
11.4508028 -2.0578721
9.7244062 -1.7817858
7.1188436 -1.8527948
6.3365712 -1.7986352
6.3651686 -1.3108270
4.4757853 -0.7687690
4.2740345 -0.1769173
1.2034938 -0.9427989
-1.8872426 -0.1973765
-1.7758671 0.9073189
-4.1917706 0.7068309
-7.7683268 0.5361833
-8.3236456 1.9443047
-9.8780975 1.4967341
-9.2874269 1.2013915
-9.2317944 1.9149390
-8.2355671 0.9043125
-7.4528317 0.9108291
-7.3627343 1.4355214
-6.8270240 0.7470960
-6.3492990 0.7121957
-6.2724528 1.0962400
-5.9137006 0.6124310
-5.5840664 0.5529261
-5.5098486 0.8314670
-5.2764978 0.4851491
-5.0513191 0.4118426
-4.9785132 0.6096118
-4.8368211 0.3639890
-4.7077146 0.2785697
-4.6349535 0.4108979
-4.5484009 0.2468814
-4.6259909 0.1490469
-4.5495639 0.2240145
-4.2191920 0.1297401
-5.0050426 0.0280130
-4.9321833 0.0466154
0.0000000 0.0000000
0.0000000 0.0000000
-7.8916168 -0.2704542
-7.4244432 -0.2891507
-6.5241051 -0.5924595
-7.1330748 -1.0931747
-6.7106605 -1.1699193
-6.9999118 -1.3711098
-7.2291951 -1.8994615
-6.7607899 -2.0406606
-7.3705211 -2.2252274
-7.6609688 -2.8287995
-7.0979972 -3.0480385
-7.9476786 -3.2107332
-8.6069393 -4.0071878
-7.7773957 -4.3058672
-9.5396557 -4.6508160
-9.5887728 -5.2153215
-8.8886585 -5.8426409
-7.9193568 -5.6890864
-4.6379151 -4.7994204
-4.7982292 -5.9139981
-1.4740529 -4.5564051
1.5561061 -4.4325485
1.5349844 -5.1476169
5.2510180 -4.1807094
7.6198130 -4.9109535
8.3955555 -5.7616262
11.8227644 -5.4356260
21.7882671 -7.7190609
23.4368286 -7.9214072
29.2050037 -7.0520854
31.7016468 -4.4663773
30.1301250 -1.5059714
28.0767517 -1.3860633
24.1671696 -0.1438219
21.1614132 0.4129694
16.3938084 -2.0699549
11.3990688 -2.4662659
10.1670856 -1.1656858
9.8314266 -0.2932128
5.5738826 -1.7467072
4.7978678 -1.1328132
5.1546507 -0.1163581
3.5248666 0.2274528
1.5305669 0.8539919
0.5915510 0.5638224
-2.4581504 1.5282845
-3.9532413 3.0444124
-5.8985801 2.6540437
-8.1666574 3.3993416
-8.9984369 4.1460223
-9.8442631 3.2969632
-8.6590672 2.8675041
-8.1431141 3.4155872
-7.7203422 2.2582307
-7.1028013 2.0164781
-6.7457776 2.4962952
-6.4989648 1.7281147
-6.0773597 1.5071084
-5.8260727 1.8677584
-5.6572843 1.3202804
-5.3568277 1.1289496
-5.1647692 1.3926210
-5.0595779 0.9908581
-4.8504858 0.8205813
-4.6909361 1.0085855
-4.6421423 0.7120221
-4.5227571 0.5519190
-4.3804412 0.6784105
-4.3643842 0.4655776
-4.4485006 0.3046599
-4.3098598 0.3770807
-4.0406017 0.2336861
-4.8239412 0.0665609
-4.6885648 0.0855006
0.0000000 0.0000000
0.0000000 0.0000000
-6.9830933 -0.3024562
-6.4641662 -0.3143523
-5.7685843 -0.7011024
-6.2911878 -1.2321528
-5.8271947 -1.2769914
-6.1424627 -1.5814162
-6.3110924 -2.1542082
-5.7989302 -2.2345827
-6.3788247 -2.5506167
-6.5691657 -3.2148802
-5.9643755 -3.3388796
-6.7096167 -3.6753953
-7.0799532 -4.5485125
-6.2247605 -4.7148886
-7.6727161 -5.2417836
-8.3197174 -6.5644684
-6.7936206 -6.6314521
-8.0988169 -7.8125014
-5.5712891 -7.5833378
-4.2735610 -8.1141911
-2.7536020 -7.2372441
0.7169076 -6.6743622
1.4885186 -7.5196581
5.0938358 -6.4681082
9.7171268 -6.6395421
10.8585062 -7.8730736
14.7219877 -7.2897553
18.7699718 -8.5472527
21.0026264 -8.8664551
25.0088730 -8.2548666
27.1245689 -7.8568625
27.6415424 -7.7288256
27.9342155 -6.9468126
26.5140133 -3.5330544
18.8999882 2.2991736
13.4933338 0.5342013
10.8892117 0.1975686
10.8698301 0.9757221
9.4604082 1.6979989
5.2653999 0.4676878
5.3925390 2.2685881
3.3116786 1.5943736
1.2775429 2.3341608
0.1018797 3.8211067
-1.4601039 3.3512280
-4.1209645 4.4256144
-6.0719199 6.0350566
-7.2677245 5.0198088
-8.7830000 5.8514290
-8.4080591 6.1436176
-8.3314161 4.7779570
-7.5583048 3.9355893
-6.8220286 4.4734988
-6.8027425 3.4525707
-6.4060259 2.9090071
-5.8848672 3.3329277
-5.8755574 2.5818017
-5.5644879 2.1886511
-5.1849709 2.5076389
-5.1885233 1.9439862
-4.9496298 1.6385491
-4.6593151 1.8742453
-4.6814046 1.4443363
-4.5070105 1.1910003
-4.2698550 1.3597136
-4.3171372 1.0291078
-4.2174616 0.8037776
-4.0110083 0.9178336
-4.0689611 0.6659544
-4.1605797 0.4502206
-3.9640481 0.5158056
-3.7639313 0.3278133
-4.5217500 0.1034081
-4.3296180 0.1215897
0.0000000 0.0000000
0.0000000 0.0000000
-5.9832172 -0.3184109
-5.4421992 -0.3240130
-4.9369931 -0.7713097
-5.3644052 -1.3022130
-4.8894687 -1.3173847
-5.2031064 -1.7053924
-5.3008957 -2.2779422
-4.7870331 -2.3023498
-5.2948847 -2.7282088
-5.3720989 -3.3870149
-4.7826819 -3.4121940
-5.3837624 -3.9154668
-5.4904513 -4.7263017
-4.7759910 -4.7509761
-5.5441179 -5.4163866
-5.9185820 -6.6003962
-4.7210526 -6.5735836
-6.3914137 -7.7868071
-5.6126857 -9.1915493
-4.2193675 -8.9415913
-2.8923867 -9.6615620
0.1296486 -9.2810640
0.6561403 -10.1137600
4.5514793 -9.1359329
10.4009218 -8.9501162
9.5470877 -8.3521690
16.2723274 -8.0392790
20.4994106 -6.9515295
18.4468613 -6.2305737
21.7883587 -3.6475129
19.7786255 1.4861584
19.7817631 -1.1799704
18.6757889 4.9918857
22.5266819 0.9556538
21.7185688 1.3375736
14.5388021 1.1703213
8.9441490 2.8460152
7.6630673 5.6559196
7.9644094 4.8868594
5.0165534 4.1704645
3.3628922 6.2300453
1.5507421 5.3517208
-0.6201175 6.0994768
-0.9022660 7.7103648
-4.0267024 7.2759976
-6.1217513 8.1383200
-6.0487990 8.9363098
-7.5412159 7.8193488
-7.2904925 6.6332250
-5.8680396 6.8364367
-6.4400654 5.8224936
-6.2215352 4.7364721
-5.3551569 5.1091418
-5.6686401 4.3107085
-5.4713550 3.5575075
-4.8601546 3.8945730
-5.0606256 3.2355459
-4.8680468 2.7134783
-4.4164090 2.9734671
-4.5636311 2.4434896
-4.3973289 2.0497072
-4.0420413 2.2455821
-4.1733098 1.8174034
-4.0435247 1.4982483
-3.7493629 1.6413838
-3.8811970 1.2956474
-3.8073957 1.0180346
-3.5495503 1.1154212
-3.6753371 0.8365634
-3.7740364 0.5760602
-3.5278733 0.6323504
-3.4001698 0.4068793
-4.1104431 0.1358891
-3.8698609 0.1522274
0.0000000 0.0000000
0.0000000 0.0000000
-4.9429259 -0.3187953
-4.4078741 -0.3187633
-4.0737424 -0.8015379
-4.4032722 -1.3070860
-3.9462497 -1.2969441
-4.2371812 -1.7376505
-4.2675447 -2.2800376
-3.7963612 -2.2568052
-4.1965747 -2.7412126
-4.1737409 -3.3593733
-3.6842341 -3.3013270
-4.0491996 -3.8865595
-3.9727466 -4.6280122
-3.5047867 -4.5016351
-3.7398179 -5.2575579
-3.5443540 -6.2100677
-3.2249782 -5.8846059
-3.1955128 -7.0879116
-2.8098114 -8.2930450
-2.4730165 -7.5716119
-1.7850738 -9.6691256
0.6334987 -10.2327566
0.1841072 -9.2133598
3.6016030 -10.2603741
7.5130377 -8.5183659
5.8395243 -8.9836788
11.7614717 -5.1081395
15.6200657 -1.2469767
11.3267040 -5.1547346
16.9300747 -0.5379289
17.4432526 -1.0829535
16.1199741 3.5568967
17.0906525 4.6918192
20.2311935 1.6456127
13.8656006 13.6196356
9.6067886 7.9971824
8.8131323 7.4402428
10.8445320 8.8214550
6.9723144 7.7490010
1.5943455 9.1277990
2.5009160 10.7803335
0.3566488 9.3125677
-2.5695188 10.3676224
-2.1644697 11.5093460
-5.1608629 10.4839525
-5.6757560 9.1658821
-3.4480772 8.9366407
-5.1481767 7.9776978
-5.0594320 6.7646732
-3.9042311 6.8345108
-4.8452053 6.0849338
-4.7640014 5.2074447
-3.9503450 5.3481526
-4.5167303 4.7093425
-4.4141135 4.0147219
-3.8004911 4.1998305
-4.1697721 3.6459122
-4.0672765 3.0861778
-3.5790548 3.2764044
-3.8510597 2.7950773
-3.7488847 2.3534184
-3.3552146 2.5076158
-3.5780954 2.0980442
-3.4914472 1.7352481
-3.1595085 1.8497154
-3.3619380 1.5025773
-3.3145840 1.1872633
-3.0201743 1.2665368
-3.2028372 0.9714114
-3.3050394 0.6777693
-3.0211022 0.7237133
-2.9641600 0.4685821
-3.6070666 0.1613274
-3.3281686 0.1758301
0.0000000 0.0000000
0.0000000 0.0000000
-3.9102631 -0.3067861
-3.4010949 -0.3023380
-3.2216125 -0.7968469
-3.4550874 -1.2578934
-3.0369973 -1.2297055
-3.2984109 -1.6978960
-3.2681024 -2.1764495
-2.8675916 -2.1158378
-3.1571496 -2.6381049
-3.0456216 -3.1464872
-2.6816900 -3.0229404
-2.8568559 -3.6591880
-2.6278584 -4.2084675
-2.3618350 -3.9612272
-2.3086095 -4.7796564
-1.9117062 -5.3821692
-1.8205234 -4.9119906
-1.3498985 -6.0729680
-0.6422160 -6.6870232
-0.7962552 -5.8681993
0.1677577 -7.2372680
1.3519156 -7.6985040
1.1083955 -6.4368525
2.8519468 -8.5794163
5.1267877 -7.7259870
4.2135701 -6.5630035
7.7241559 -5.9815826
9.2995634 -4.2916775
7.2274494 -4.4787130
10.8417873 -1.2564242
11.8985453 -0.0304833
9.0682240 0.3030154
13.2313251 2.3624070
13.1769314 5.4095697
9.2301922 5.5740137
11.0321426 7.4411807
7.8257451 11.0172806
6.1651402 9.9368601
4.3377004 11.3752642
1.7381543 11.5576363
1.9271383 10.9857388
-0.6028891 11.6425591
-1.8348399 10.2866383
-0.4553696 9.4016209
-2.3914492 9.3432856
-2.9543900 8.1252499
-1.8138274 7.8964005
-3.1754880 7.4788184
-3.4003739 6.5568042
-2.4849648 6.4966617
-3.4129739 6.0149765
-3.4730265 5.2815142
-2.7589207 5.3093810
-3.4044583 4.8220782
-3.3815184 4.2221150
-2.8113019 4.2995181
-3.2730582 3.8368843
-3.2210395 3.3292019
-2.7493632 3.4302590
-3.1017661 3.0050204
-3.0477951 2.5620303
-2.6402535 2.6710503
-2.9332395 2.2856734
-2.8824067 1.9041356
-2.5279431 1.9923023
-2.7876163 1.6503394
-2.7629087 1.3123037
-2.4429677 1.3745347
-2.6731584 1.0708057
-2.7728744 0.7553918
-2.4616804 0.7930095
-2.4745703 0.5145127
-3.0270147 0.1839789
-2.7223389 0.1967591
0.0000000 0.0000000
0.0000000 0.0000000
-2.9205968 -0.2870092
-2.4462779 -0.2795319
-2.4115841 -0.7658312
-2.5588906 -1.1767104
-2.1806507 -1.1397722
-2.4296899 -1.6051800
-2.3664999 -2.0132892
-2.0189235 -1.9364091
-2.2533159 -2.4461095
-2.1104300 -2.8470218
-1.8093798 -2.7028992
-1.9297315 -3.2909598
-1.6832929 -3.6785195
-1.4539285 -3.4204149
-1.3910879 -4.1188493
-1.0020828 -4.4735546
-0.8775616 -4.0307722
-0.5583375 -4.9057226
0.1002561 -5.1531348
0.0542396 -4.4669819
0.8349133 -5.4317861
1.7421455 -5.3727131
1.4148704 -4.5203562
2.5856314 -5.2597027
3.6762333 -4.9461164
3.0970850 -3.7666941
5.0507860 -4.1413879
6.1612034 -3.2382979
4.7468543 -2.2160456
7.2707920 -0.9355307
7.5638533 0.2596337
5.5833178 0.4410830
7.8998585 2.5043395
7.5291305 4.5204945
5.3628340 3.6410553
6.6154485 6.0993295
5.4365911 8.0668020
3.8519921 6.2244430
3.7136958 8.2711430
2.3911963 8.8495846
1.8346411 7.5111432
0.9269816 8.5147810
-0.0567355 8.2254305
0.1750297 7.5053878
-0.8287373 7.8267188
-1.4066125 7.2237124
-0.9373142 6.8602171
-1.7942368 6.7884774
-2.0875731 6.1665516
-1.5342830 6.0075984
-2.2451503 5.7378902
-2.3778830 5.1665177
-1.8270608 5.1305208
-2.4120083 4.7673182
-2.4477086 4.2579041
-1.9459859 4.2819204
-2.4195797 3.8933148
-2.4094324 3.4379563
-1.9670008 3.4891958
-2.3549063 3.1081564
-2.3283691 2.6961877
-1.9345571 2.7586422
-2.2659693 2.3982403
-2.2419870 2.0169461
-1.8814696 2.0826859
-2.1796453 1.7471216
-2.1730468 1.3978817
-1.8389966 1.4480114
-2.1059058 1.1398789
-2.1986675 0.8104938
-1.8627753 0.8415849
-1.9520382 0.5433852
-2.3835356 0.2042217
-2.0602882 0.2067054
0.0000000 0.0000000
0.0000000 0.0000000
-1.9939818 -0.2664702
-1.5471731 -0.2584875
-1.6619235 -0.7205744
-1.7358979 -1.0917274
-1.3841807 -1.0540278
-1.6486570 -1.4931226
-1.5808855 -1.8489276
-1.2616060 -1.7755264
-1.4903841 -2.2345309
-1.3652695 -2.5641711
-1.0813719 -2.4348733
-1.2234499 -2.9277298
-1.0240682 -3.2132757
-0.7859205 -2.9858768
-0.8058807 -3.5262420
-0.5059034 -3.7374761
-0.3381120 -3.3579049
-0.1923890 -3.9595227
0.2753922 -4.0123615
0.2873175 -3.4942741
0.7365813 -4.0423136
1.3432548 -3.8902335
1.1203940 -3.2551403
1.9294012 -3.5433822
2.5210721 -3.1608512
2.0536535 -2.4782586
3.2262237 -2.2998016
3.7085965 -1.6363518
2.8567779 -1.1668237
4.3068604 -0.0177938
4.4844451 0.6646686
3.2059796 0.7469690
4.6115456 2.1704104
4.3467436 3.3008883
2.9980574 2.9061432
3.9700987 4.3242407
3.3879180 5.4553666
2.2335083 4.6791558
2.6377790 5.9282665
1.9247053 6.6202698
1.1913638 5.7834015
1.0975181 6.6468911
0.4889695 6.8077893
0.2221508 6.1590862
-0.1235732 6.6160932
-0.5462811 6.4194570
-0.4939847 5.9806294
-0.9072393 6.1317534
-1.1590867 5.7516360
-0.8962145 5.5199594
-1.3461850 5.4180841
-1.4831183 4.9904766
-1.1053560 4.9177456
-1.5612700 4.6458478
-1.6203911 4.2213736
-1.2017206 4.2350264
-1.6357350 3.8852775
-1.6511849 3.4791043
-1.2375449 3.5236201
-1.6347104 3.1568961
-1.6286365 2.7715852
-1.2391596 2.8201041
-1.5984166 2.4667466
-1.5883460 2.0992386
-1.2254748 2.1422391
-1.5540529 1.8127037
-1.5590147 1.4579240
-1.2178005 1.4944614
-1.5130129 1.1903641
-1.5942920 0.8422517
-1.2503827 0.8670695
-1.3907057 0.5917889
-1.7166941 0.1816809
-1.3467295 0.2069848
0.0000000 0.0000000
0.0000000 0.0000000
-1.1280867 -0.2540657
-0.6845275 -0.2575561
-0.9682322 -0.6833784
-0.9825345 -1.0372735
-0.6071302 -1.0277684
-0.9455260 -1.4085109
-0.8909664 -1.7397009
-0.5418003 -1.6800506
-0.8382904 -2.0798919
-0.7519241 -2.3798678
-0.4471238 -2.1989012
-0.6685292 -2.6772656
-0.5426543 -2.9251218
-0.2975073 -2.5353713
-0.4170124 -3.1437175
-0.2388485 -3.3009455
-0.0707827 -2.6982570
-0.0649647 -3.3815949
0.2071800 -3.3807371
0.2465518 -2.7306020
0.4503644 -3.2447925
0.7774547 -3.0716774
0.6261281 -2.4256525
1.0806074 -2.6284413
1.3771982 -2.2670789
1.0115448 -1.7004756
1.7228316 -1.5072478
1.9394832 -0.9631371
1.3122835 -0.6031032
2.2788134 0.2704240
2.3224475 0.8531767
1.4019134 0.9024575
2.4376342 1.9402610
2.2878544 2.8122180
1.2499145 2.4755640
2.1316037 3.6229441
1.8503671 4.4618940
0.8934481 3.7995820
1.5124786 4.9665060
1.1637059 5.5529280
0.4390422 4.6727552
0.7655513 5.7628307
0.4409186 6.0192852
0.0174550 5.0383368
0.1000766 6.0043640
-0.1484695 5.9640260
-0.2880825 5.0254030
-0.3715011 5.7901411
-0.5298470 5.5311594
-0.4671096 4.8693051
-0.6648259 5.2682815
-0.7612204 4.9178777
-0.5509168 4.5837545
-0.8294224 4.6122718
-0.8805375 4.2337351
-0.5806414 4.1644096
-0.9077184 3.9188633
-0.9304448 3.5383108
-0.5817148 3.6330361
-0.9327388 3.2250865
-0.9391710 2.8532183
-0.5700145 3.0233905
-0.9284067 2.5455358
-0.9301549 2.1837075
-0.5577896 2.3687093
-0.9138260 1.8861101
-0.9310125 1.5312680
-0.5721290 1.6959271
-0.9096255 1.2474464
-0.9735315 0.9140531
-0.6680650 1.0379596
-0.9020693 0.5231534
-0.9470147 0.5399339
-0.4615780 0.1681620
0.0000000 0.0000000
0.0000000 0.0000000
-0.2562781 -0.2728609
0.0000000 0.0000000
-0.2460543 -0.6609590
-0.2321671 -1.0805738
0.0000000 0.0000000
-0.2266188 -1.4305873
-0.2197849 -1.8060552
0.0000000 0.0000000
-0.2112188 -2.1403768
-0.1977408 -2.4636273
0.0000000 0.0000000
-0.1805900 -2.7597709
-0.1491148 -3.0079041
0.0000000 0.0000000
-0.1167064 -3.2136850
-0.0582270 -3.3465962
0.0000000 0.0000000
-0.0092993 -3.3816457
0.0526008 -3.3337953
0.0000000 0.0000000
0.1143193 -3.1690061
0.1842032 -2.9180844
0.0000000 0.0000000
0.2637430 -2.4908805
0.3218444 -2.0189946
0.0000000 0.0000000
0.4115181 -1.3422477
0.4440859 -0.7111440
0.0000000 0.0000000
0.5438976 0.2551609
0.5441474 1.0577286
0.0000000 0.0000000
0.5930124 1.9694769
0.5496760 2.9139376
0.0000000 0.0000000
0.5322720 3.6481369
0.4595006 4.5121379
0.0000000 0.0000000
0.3952258 5.0203342
0.3077604 5.6311336
0.0000000 0.0000000
0.2232763 5.8984947
0.1353549 6.1994433
0.0000000 0.0000000
0.0479709 6.2351065
-0.0251685 6.2508025
0.0000000 0.0000000
-0.1010120 6.0978489
-0.1478363 5.8854570
0.0000000 0.0000000
-0.1835968 5.6160736
-0.2062671 5.2793050
0.0000000 0.0000000
-0.2208234 4.9438434
-0.2278578 4.5606065
0.0000000 0.0000000
-0.2315677 4.1972728
-0.2301837 3.8025701
0.0000000 0.0000000
-0.2275110 3.4386806
-0.2227429 3.0481634
0.0000000 0.0000000
-0.2171750 2.6959229
-0.2134078 2.3158510
0.0000000 0.0000000
-0.2054779 1.9782873
-0.2225681 1.6077324
0.0000000 0.0000000
-0.2134108 1.2487373
-0.2538608 1.0083008
0.0000000 0.0000000
-0.1427980 0.2654379
-0.1920103 0.0763203
0.0000000 0.0000000
0.0000000 0.0000000
-29.14219
-29.11603
-28.83618
-31.56444
-34.99479
-38.80822
-43.65008
-49.96956
-58.98814
-73.79272
-103.1175
-165.3732
-251.7044
-79.34189
-93.0542
-35.82603
-21.28074
-14.35235
-11.46154
-10.28334
-9.73956
-9.434762
-9.272837
-9.257609
-9.417562
-9.620192
-29.56359
-29.3838
-29.68852
-32.05824
-35.32602
-39.07191
-43.80071
-49.83223
-58.06937
-70.74436
-94.95652
-168.014
-210.0405
-37.4682
-84.04927
-35.0088
-19.37932
-13.6265
-11.27484
-10.28698
-9.858605
-9.652223
-9.557389
-9.515461
-9.646275
-9.752899
-30.73797
-30.6784
-31.71001
-33.69975
-36.55816
-40.14007
-44.51791
-49.65311
-55.69664
-62.94367
-70.77286
-82.05907
-136.291
-15.99069
-41.37103
-25.15862
-15.41498
-12.12726
-10.84941
-10.39292
-10.25439
-10.21359
-10.22416
-10.23953
-10.31603
-10.35925
-32.59882
-32.69225
-34.23539
-36.00453
-38.74492
-42.16249
-46.06959
-50.11407
-53.5438
-55.36255
-56.28402
-58.75574
-23.87598
49.05232
-25.71457
-11.80226
-9.400454
-9.697662
-10.20117
-10.61146
-10.91472
-11.11586
-11.2429
-11.33078
-11.35834
-11.37077
-35.13459
-35.40725
-37.2772
-39.13586
-41.92459
-45.33176
-49.00737
-52.21073
-53.44744
-49.56479
-36.32699
-1.951813
6.053853
61.40418
21.86902
1.486619
-4.565585
-7.845273
-9.915134
-11.18738
-11.94807
-12.39809
-12.6409
-12.79355
-12.8032
-12.80454
-38.34632
-38.82113
-40.89835
-43.11471
-46.20641
-49.998
-54.0445
-57.57898
-58.38718
-52.72063
-38.34362
-12.39151
-15.95726
5.412719
-10.46164
-0.3720661
-3.707911
-7.654056
-10.56235
-12.4293
-13.52745
-14.1488
-14.46746
-14.65462
-14.66661
-14.67561
-42.15214
-42.82576
-45.08074
-47.88175
-51.69024
-56.51032
-62.07197
-68.30385
-72.11957
-67.78782
-52.23477
-24.35898
-20.48982
-7.621442
3.668104
3.478395
-3.246733
-8.81686
-12.4283
-14.62177
-15.84733
-16.48153
-16.78046
-16.94132
-16.94467
-16.9689
-46.32189
-47.16655
-49.65752
-53.2429
-58.22419
-64.92332
-74.30917
-85.77335
-92.69928
-90.28998
-76.74162
-56.54672
-45.83851
-18.16457
19.10254
6.396183
-4.892698
-12.04813
-16.00798
-18.08586
-19.09695
-19.49923
-19.6206
-19.65715
-19.60957
-19.63713
-50.42489
-51.41124
-54.21394
-58.75047
-65.32787
-74.51527
-89.04925
-104.2266
-111.3742
-108.6922
-98.85254
-83.4005
-64.59141
-9.953496
10.61844
-3.219597
-13.48833
-19.02329
-21.94505
-23.13021
-23.39041
-23.2369
-22.97577
-22.75964
-22.59574
-22.59825
-53.8583
-54.95939
-58.08757
-63.59037
-72.01516
-84.15627
-102.0631
-118.0263
-123.3236
-122.3999
-115.7128
-100.7479
-74.90791
-21.21932
-25.08291
-27.24577
-30.85457
-30.86244
-30.53753
-29.81274
-28.67373
-27.60111
-26.73913
-26.13833
-25.78425
-25.727
-55.86088
-57.09836
-60.50057
-66.7874
-76.73941
-91.50074
-110.9911
-126.0889
-132.0561
-130.8348
-126.7589
-121.8265
-105.0216
-60.23758
-55.72148
-55.37999
-52.91592
-46.29276
-41.40099
-37.67483
-34.62036
-32.32945
-30.68745
-29.59901
-28.99136
-28.83882
-55.55268
-56.96066
-60.63558
-67.51406
-78.43633
-94.93092
-114.3814
-128.5454
-135.2542
-134.8135
-134.764
-142.9157
-124.4018
-113.5563
-93.27377
-84.61682
-76.32406
-63.05335
-53.16567
-45.82598
-40.63933
-36.9938
-34.48605
-32.86371
-31.97761
-31.70169
-52.46776
-53.73715
-57.75333
-65.14617
-76.82528
-94.33149
-113.804
-126.5547
-133.7753
-133.4589
-123.1725
-119.5423
-109.8536
-107.3712
-110.9359
-106.8941
-96.95947
-79.1734
-63.92403
-53.23086
-46.02508
-41.07893
-37.7348
-35.59826
-34.44748
-34.06139
-46.54901
-47.66256
-51.85231
-59.48206
-71.58331
-89.97447
-110.0299
-121.8922
-128.5489
-133.4206
-125.1853
-101.2507
-123.8427
-131.4087
-127.0473
-122.8745
-112.9151
-92.61319
-72.1426
-58.86233
-50.04884
-44.05564
-40.03009
-37.46682
-36.07936
-35.63634
-38.05517
-39.10217
-43.1177
-50.47709
-62.35154
-81.5202
-103.0565
-115.6644
-121.4854
-130.8768
-137.6749
-128.9732
-121.3527
-130.727
-136.2848
-133.7946
-124.4519
-101.5757
-76.99908
-61.99451
-52.10521
-45.47002
-41.04064
-38.21069
-36.63471
-36.19869
-27.45624
-28.38034
-31.90233
-38.4275
-49.20996
-67.77598
-93.33571
-105.5252
-110.5537
-118.5649
-126.3521
-136.744
-156.6662
-148.2439
-144.6419
-140.5761
-129.3961
-104.1238
-77.62244
-62.14926
-51.93593
-45.13592
-40.6319
-37.7681
-36.1719
-35.74523
-15.40259
-16.13458
-18.89878
-24.03254
-32.49791
-47.46712
-75.55234
-89.95637
-94.15101
-95.30831
-106.1012
-97.44365
-123.9066
-137.845
-141.5957
-140.2325
-128.0635
-98.46115
-74.08255
-59.17018
-49.45285
-43.03152
-38.80741
-36.14087
-34.66715
-34.29289
-2.680191
-3.162985
-4.972715
-8.357808
-13.93793
-23.14513
-44.89846
-68.98322
-75.23558
-62.04968
-58.30983
-98.32625
-142.2683
-145.2178
-142.9177
-136.588
-118.027
-86.41816
-65.77959
-53.01981
-44.77715
-39.31656
-35.72023
-33.45946
-32.22614
-31.94252
9.89691
9.677866
8.851936
7.293958
4.768613
0.4022812
-7.531781
-29.52673
-37.8734
-20.06899
-20.5622
-42.09818
-111.6259
-129.0462
-133.4161
-123.7461
-97.15925
-69.58333
-54.28133
-44.79932
-38.59284
-34.44018
-31.69352
-29.97342
-29.05392
-28.88241
21.60479
21.63339
21.71851
21.8357
21.95194
21.94753
21.64234
21.30347
25.12762
45.74016
52.06481
21.6344
-66.37088
-104.7774
-100.0555
-86.69209
-62.61579
-49.90036
-41.43889
-35.64186
-31.68715
-28.97727
-27.15467
-26.01315
-25.41851
-25.3555
31.88572
32.10757
32.91189
34.38875
36.83668
40.87511
47.2357
57.22341
68.2889
94.41636
103.6366
77.86768
14.70947
-32.32304
-42.84201
-37.89648
-34.51624
-31.33526
-28.68625
-26.49584
-24.76611
-23.46295
-22.53114
-21.9263
-21.61641
-21.62185
40.39087
40.73942
42.02247
44.35653
48.08129
53.74279
61.86656
73.75325
87.36758
103.7788
115.9618
99.68343
74.06639
36.04861
7.708175
-6.260434
-13.08584
-16.32207
-17.76905
-18.33532
-18.45419
-18.36315
-18.19051
-18.02176
-17.92452
-17.97328
46.94754
47.34733
48.84548
51.51418
55.59353
61.43752
69.39261
79.69587
91.55492
101.9895
106.7705
98.08557
79.48468
54.67464
30.94156
13.1765
1.80028
-5.094712
-9.250906
-11.75916
-13.24032
-14.0612
-14.44848
-14.5571
-14.55017
-14.67441
51.5288
51.92617
53.45744
56.1537
60.16696
65.72445
73.0238
81.66945
90.58951
97.41762
99.3874
92.89478
78.72876
59.79835
40.31014
23.52353
10.92303
2.3828
-3.278183
-6.998563
-9.381609
-10.81918
-11.55522
-11.75865
-11.63299
-11.63708
54.16917
54.57367
56.09155
58.70582
62.54062
67.78608
74.56295
82.08743
89.31399
94.24826
94.91782
89.1454
77.20292
61.137
43.96613
28.24313
15.54525
6.438069
0.1069881
-4.218536
-7.081277
-8.850493
-9.751481
-9.856102
-9.066106
-8.64946
54.83105
55.2217
56.72274
59.3409
63.17338
68.36156
74.88482
82.1044
88.90477
93.35055
93.69988
88.06665
76.66087
61.28544
44.71505
29.44202
16.90656
7.558694
0.9650835
-3.572006
-6.60448
-8.48833
-9.467835
-9.670128
-8.4165
0
