0.0000000 0.0000000
0.0000000 0.0000000
0.0000000 0.0000000
0.0000000 0.0000000
0.0000000 0.0000000
0.0000000 0.0000000
0.0000000 0.0000000
0.0000000 0.0000000
0.0000000 0.0000000
0.0000000 0.0000000
0.0000000 0.0000000
0.0000000 0.0000000
0.0000000 0.0000000
0.0000000 0.0000000
0.0000000 0.0000000
0.0000000 0.0000000
0.0000000 0.0000000
0.0000000 0.0000000
0.0000000 0.0000000
0.0000000 0.0000000
0.0000000 0.0000000
0.0000000 0.0000000
0.0000000 0.0000000
0.0000000 0.0000000
0.0000000 0.0000000
0.0000000 0.0000000
0.0000000 0.0000000
-0.6369736 0.4411922
-0.6208671 1.0620717
-0.7165908 1.7466686
-0.8489203 2.5391338
-1.0417383 3.4867249
-1.2987559 4.6298437
-1.6206630 6.0009580
-2.0515094 7.6483884
-2.8076017 9.6946974
-3.9463446 12.4130344
-5.5794811 15.2228909
9.0076761 16.1560211
15.0709248 -11.3530712
-3.7106593 -10.8318367
-2.1912131 -9.3803024
-1.2082396 -7.3908839
-1.0467377 -6.1885900
-0.9975094 -5.0776038
-0.9379010 -4.0479822
-0.8353977 -3.1365499
-0.7269894 -2.3426738
-0.6352766 -1.6540531
-0.5643111 -1.0485908
-0.5742169 -0.4689656
0.0000000 0.0000000
0.0000000 0.0000000
-1.2949556 0.5006467
-1.2869748 1.0771292
-1.4649615 1.7161648
-1.7258976 2.4493525
-2.0713801 3.3272386
-2.4869614 4.4046617
-2.9609606 5.7229285
-3.4973924 7.2290282
-4.8975806 8.7597961
-7.5140815 10.7493515
3.9615865 9.2842960
18.4748783 10.1970453
26.9621468 -6.5751615
9.0196953 -8.0662775
-3.4648795 -9.5812626
-2.7159030 -8.0905943
-2.2497165 -6.2112932
-2.1574292 -4.9946017
-1.9408140 -3.9322996
-1.6944650 -3.0234671
-1.4608138 -2.2463703
-1.2745703 -1.5826753
-1.1430807 -1.0046855
-1.1372185 -0.4348813
0.0000000 0.0000000
0.0000000 0.0000000
-1.7885866 0.4595432
-1.8593119 0.9418662
-2.0919459 1.4898942
-2.4583600 2.1137338
-2.9575255 2.8665731
-3.6034443 3.8207393
-4.3853946 5.0866013
-5.1365004 6.9746599
-7.2859392 9.5000772
-6.0462790 8.0082846
-1.1520640 1.5883865
25.4995251 5.5633450
31.9595356 -7.7154670
2.4290278 -5.5962729
-1.6997768 -8.1968431
-5.7282233 -8.3279266
-3.7026184 -6.5228128
-3.5677648 -4.8303418
-2.9934099 -3.6590128
-2.5150135 -2.7288294
-2.1361883 -1.9890972
-1.8520471 -1.3822411
-1.6634794 -0.8623899
-1.5753020 -0.3719718
0.0000000 0.0000000
0.0000000 0.0000000
-2.1231892 0.3878788
-2.3115442 0.7610138
-2.5990152 1.1942564
-3.0547338 1.6926637
-3.7045670 2.3000140
-4.5876560 3.0843897
-5.8364477 4.1558580
-7.6069503 5.5508304
-7.2900701 6.4711661
-2.6288979 7.0420513
9.5646601 -4.9858031
24.8732948 3.0087242
30.0725479 -6.4018316
6.8795705 -4.3827200
0.7391850 -6.6237679
-5.6671958 -7.2877812
-6.8275590 -5.2905593
-4.9749284 -4.3461833
-4.0100641 -3.1318855
-3.2567515 -2.2331161
-2.7165139 -1.5866973
-2.3371329 -1.0862722
-2.0909843 -0.6658947
-1.8756280 -0.2885638
0.0000000 0.0000000
0.0000000 0.0000000
-2.3093014 0.2943216
-2.6238258 0.5506096
-2.9568975 0.8504742
-3.4635520 1.2001337
-4.2216144 1.6319771
-5.3140440 2.1672425
-6.8424573 2.9917371
-9.9799280 3.9206166
-7.0234380 3.1897469
-0.2925774 1.3947394
16.9098816 -6.0301437
25.5220051 0.4897961
27.3199844 -3.0258048
10.2568741 -2.4875004
1.5734030 -1.6845155
-4.7343469 -4.4949560
-9.1496334 -2.4065323
-6.2291570 -2.9691000
-4.7939062 -2.1266909
-3.8278372 -1.4797111
-3.1524060 -1.0425067
-2.6952534 -0.7122272
-2.3922064 -0.4347654
-2.0543337 -0.1894868
0.0000000 0.0000000
0.0000000 0.0000000
-2.3739858 0.1815820
-2.7895753 0.3142578
-3.1446068 0.4552246
-3.6581035 0.6030211
-4.4222898 0.7910233
-5.5899758 0.9666936
-7.3908520 0.8386118
-11.1326637 0.6072398
-5.7196021 -1.7398208
1.4675633 0.1245153
18.7758617 -6.8240862
25.3911572 -0.5574984
23.5719051 -1.0036980
15.8153181 -1.2925791
2.0366919 0.2638387
-5.8135271 0.2402700
-9.3615189 0.1115303
-7.1129789 -0.7105100
-5.2177439 -0.6916543
-4.1111140 -0.5589676
-3.3816628 -0.4351019
-2.8935909 -0.3178760
-2.5592680 -0.2002136
-2.1521313 -0.0827105
0.0000000 0.0000000
0.0000000 0.0000000
-2.3703923 0.0646259
-2.8244007 0.0594069
-3.1590936 0.0292471
-3.6274760 -0.0553011
-4.3086843 -0.2215827
-5.3102674 -0.4425489
-6.9032965 -1.2012749
-9.4259691 -2.9145601
-4.5195951 -5.8776107
7.0013199 -5.4710479
18.0159130 -7.5194468
26.5701103 -0.7173023
23.4369202 -2.7820709
13.0181742 3.3952010
2.6702201 3.9519858
-4.5055056 3.8942628
-8.8731232 3.5114057
-6.7969332 1.3430480
-5.1021810 0.6635846
-4.0587411 0.3106435
-3.3815374 0.1316916
-2.9264772 0.0480513
-2.6085987 0.0180718
-2.2027559 0.0157799
0.0000000 0.0000000
0.0000000 0.0000000
-2.3357277 -0.0472333
-2.7424576 -0.1741088
-3.0153189 -0.3464770
-3.3838136 -0.6015154
-3.9006367 -1.0190198
-4.6059999 -1.6097186
-5.5585766 -2.9676466
-7.2119265 -5.0834470
-4.2816992 -8.8035412
7.2100077 -8.8149481
17.2591686 -8.6157703
26.4061298 -2.5683491
17.9868736 -0.4985491
9.0568094 3.7692895
4.7250977 4.8253183
-4.0808659 7.3083329
-7.1043768 4.6051006
-5.5771112 2.5981338
-4.4842110 1.5722457
-3.7056692 0.9751922
-3.1726990 0.5972576
-2.8047917 0.3586102
-2.5376825 0.2057319
-2.1623211 0.0994377
0.0000000 0.0000000
0.0000000 0.0000000
-2.2115650 -0.1379530
-2.5537684 -0.3531057
-2.7501194 -0.6250542
-2.9952109 -0.9923111
-3.3112445 -1.5388253
-3.6915960 -2.3276336
-4.1452127 -3.7109511
-4.6137314 -5.5251136
-2.9462171 -9.2356806
3.9131591 -6.8020887
14.8187237 -3.0968974
19.9479046 -0.7247403
13.9467430 4.3495398
6.5977645 5.0821357
0.6133909 8.5912457
-2.6816645 8.0807104
-3.7953022 5.2318678
-3.8679230 3.2610140
-3.5303895 2.1126058
-3.1405156 1.3948125
-2.8133667 0.9190933
-2.5644114 0.5879386
-2.3668876 0.3490186
-2.0348094 0.1625156
0.0000000 0.0000000
0.0000000 0.0000000
-2.0174472 -0.2017727
-2.2948112 -0.4713678
-2.4131179 -0.7966631
-2.5367174 -1.2131170
-2.6649401 -1.7829772
-2.7657557 -2.5415719
-2.7593603 -3.6460073
-2.5096524 -4.9623017
-1.1515234 -6.5468230
3.2405055 -7.2832580
8.2599678 -1.7580620
12.6117401 3.4343927
10.7311020 6.6278462
5.6533246 8.8561983
1.1794798 8.3334398
-0.9450795 6.3387427
-2.0115123 4.6843443
-2.4262986 3.3316133
-2.5458877 2.3147056
-2.4936826 1.6012346
-2.3745790 1.0975057
-2.2516320 0.7272790
-2.1282382 0.4408686
-1.8453014 0.2029904
0.0000000 0.0000000
0.0000000 0.0000000
-1.7818774 -0.2379513
-1.9995958 -0.5305877
-2.0496397 -0.8687717
-2.0700581 -1.2780521
-2.0481808 -1.7933139
-1.9358560 -2.4180019
-1.6369730 -3.1987016
-1.0157015 -3.9855504
0.3887578 -4.7667294
2.3291864 -5.0733767
4.8242140 -4.2183394
6.8199148 -0.4186969
6.7173471 2.4292562
4.3492012 4.4745336
1.9255224 5.1559720
0.1814129 4.6784482
-0.9297990 3.8180571
-1.4858533 2.9739881
-1.7647574 2.2288172
-1.8971913 1.6228904
-1.9288424 1.1539729
-1.9109333 0.7852620
-1.8544337 0.4838010
-1.6201925 0.2219482
0.0000000 0.0000000
0.0000000 0.0000000
-1.5307717 -0.2498869
-1.6973939 -0.5401177
-1.6947665 -0.8619231
-1.6409738 -1.2290295
-1.5206732 -1.6542844
-1.2887959 -2.1279814
-0.8658293 -2.6444178
-0.1623176 -3.0935292
0.9349816 -3.4069946
2.1581464 -3.1748695
3.4109285 -2.4254692
4.3638563 -0.4651793
4.3106241 1.3075669
3.2741592 2.5327463
1.8933672 3.2458684
0.6249090 3.2990866
-0.3088968 2.9575784
-0.8771470 2.4765263
-1.2056025 1.9765661
-1.4129951 1.5151892
-1.5268346 1.1166165
-1.5790459 0.7791209
-1.5732142 0.4870382
-1.3833449 0.2233404
0.0000000 0.0000000
0.0000000 0.0000000
-1.2842644 -0.2431844
-1.4099809 -0.5136037
-1.3721398 -0.8020127
-1.2742424 -1.1134369
-1.1044863 -1.4478822
-0.8300930 -1.7910200
-0.3987139 -2.1146030
0.2093364 -2.3496792
0.9820997 -2.4151330
1.7633644 -2.1477833
2.5028572 -1.4853580
2.9935107 -0.3212191
2.9876380 0.8036143
2.4112990 1.6144093
1.5873510 2.1583817
0.7409896 2.3421128
0.0273653 2.2449217
-0.4864407 1.9897395
-0.8146371 1.6705400
-1.0412110 1.3374772
-1.1893166 1.0196536
-1.2789379 0.7283807
-1.3051831 0.4615358
-1.1530279 0.2121024
0.0000000 0.0000000
0.0000000 0.0000000
-1.0564342 -0.2241112
-1.1503558 -0.4654302
-1.0933985 -0.7139104
-0.9758750 -0.9691091
-0.7927002 -1.2250623
-0.5227833 -1.4659398
-0.1410508 -1.6619607
0.3339868 -1.7679232
0.8769017 -1.7251735
1.3932306 -1.4704162
1.8475411 -0.9616196
2.1223300 -0.2190299
2.1144927 0.5173966
1.7832942 1.0844446
1.2701427 1.4911686
0.7022321 1.6878551
0.1787428 1.6957501
-0.2447462 1.5712539
-0.5442097 1.3732805
-0.7619488 1.1387048
-0.9169225 0.8939393
-1.0198575 0.6521459
-1.0628034 0.4184434
-0.9413640 0.1929658
0.0000000 0.0000000
0.0000000 0.0000000
-0.8549869 -0.1986251
-0.9248280 -0.4072514
-0.8606729 -0.6156564
-0.7409114 -0.8202106
-0.5657908 -1.0131387
-0.3244909 -1.1790682
-0.0103510 -1.2936355
0.3486934 -1.3293799
0.7311299 -1.2497977
1.0827402 -1.0303497
1.3738070 -0.6528918
1.5392290 -0.1557806
1.5300115 0.3449091
1.3284656 0.7528169
0.9979033 1.0597961
0.6114359 1.2360590
0.2308314 1.2848523
-0.1015144 1.2317708
-0.3587303 1.1109097
-0.5542546 0.9476419
-0.7008429 0.7618601
-0.8026893 0.5661319
-0.8512793 0.3671905
-0.7546680 0.1699932
0.0000000 0.0000000
0.0000000 0.0000000
-0.6822767 -0.1710608
-0.7345636 -0.3473683
-0.6710570 -0.5190578
-0.5594293 -0.6809905
-0.4033909 -0.8250270
-0.1996050 -0.9385642
0.0484238 -1.0037450
0.3178411 -1.0035919
0.5910326 -0.9181273
0.8352863 -0.7380851
1.0294611 -0.4594445
1.1348317 -0.1139001
1.1260883 0.2372372
0.9970948 0.5364174
0.7777296 0.7700977
0.5101943 0.9186721
0.2343272 0.9797347
-0.0209613 0.9645570
-0.2330778 0.8913464
-0.4004863 0.7776859
-0.5307420 0.6373975
-0.6240421 0.4809824
-0.6711578 0.3148828
-0.5945053 0.1463988
0.0000000 0.0000000
0.0000000 0.0000000
-0.5379232 -0.1443743
-0.5767742 -0.2910993
-0.5187958 -0.4308291
-0.4207606 -0.5581410
-0.2883660 -0.6655832
-0.1221365 -0.7431662
0.0697055 -0.7793082
0.2713311 -0.7627180
0.4693720 -0.6838937
0.6420566 -0.5394353
0.7747704 -0.3323159
0.8453428 -0.0844698
0.8387015 0.1680288
0.7521101 0.3907011
0.6034203 0.5703228
0.4153785 0.6925444
0.2144583 0.7533050
0.0214022 0.7570675
-0.1485573 0.7136603
-0.2871935 0.6339522
-0.3975373 0.5277634
-0.4784714 0.4032688
-0.5202709 0.2662873
-0.4594551 0.1243048
0.0000000 0.0000000
0.0000000 0.0000000
-0.4189597 -0.1202891
-0.4478565 -0.2412026
-0.3976284 -0.3542149
-0.3149667 -0.4541514
-0.2065596 -0.5347583
-0.0748670 -0.5881866
0.0723002 -0.6071245
0.2228946 -0.5847689
0.3670867 -0.5162871
0.4915361 -0.4020177
0.5841206 -0.2458792
0.6320580 -0.0635336
0.6278112 0.1227191
0.5686407 0.2906909
0.4650037 0.4300336
0.3322200 0.5296742
0.1855515 0.5853818
0.0403702 0.5980606
-0.0919058 0.5728628
-0.2034204 0.5167614
-0.2935323 0.4359522
-0.3600932 0.3367250
-0.3946358 0.2241828
-0.3466389 0.1052260
0.0000000 0.0000000
0.0000000 0.0000000
-0.3217510 -0.0995732
-0.3430108 -0.1989216
-0.3012033 -0.2903344
-0.2340639 -0.3690360
-0.1476888 -0.4300339
-0.0456559 -0.4676575
0.0656318 -0.4765840
0.1780481 -0.4534114
0.2832600 -0.3956828
0.3725853 -0.3049692
0.4387486 -0.1856259
0.4721380 -0.0484461
0.4685907 0.0922194
0.4282158 0.2212337
0.3554665 0.3305273
0.2605188 0.4119066
0.1543034 0.4610684
0.0463068 0.4777746
-0.0543986 0.4640529
-0.1410504 0.4241650
-0.2118485 0.3624571
-0.2639388 0.2830661
-0.2898058 0.1902445
-0.2520602 0.0900287
0.0000000 0.0000000
0.0000000 0.0000000
-0.2425691 -0.0825113
-0.2577616 -0.1643741
-0.2242713 -0.2388041
-0.1714757 -0.3015664
-0.1046262 -0.3484014
-0.0270713 -0.3753755
0.0555753 -0.3790249
0.1380495 -0.3569143
0.2148633 -0.3088666
0.2787462 -0.2361950
0.3253098 -0.1429600
0.3492543 -0.0372412
0.3466667 0.0713327
0.3180877 0.1726772
0.2675532 0.2598544
0.2000438 0.3269448
0.1234353 0.3700835
0.0448813 0.3880956
-0.0298093 0.3820342
-0.0947558 0.3539177
-0.1472321 0.3065889
-0.1849911 0.2428654
-0.2017810 0.1655044
-0.1714888 0.0793138
0.0000000 0.0000000
0.0000000 0.0000000
-0.1777474 -0.0689538
-0.1879593 -0.1372682
-0.1620440 -0.1986689
-0.1220568 -0.2496471
-0.0723506 -0.2866786
-0.0153735 -0.3065111
0.0448850 -0.3072468
0.1039724 -0.2872729
0.1582793 -0.2466919
0.2037247 -0.1876923
0.2358843 -0.1131296
0.2521012 -0.0290162
0.2508001 0.0572294
0.2308548 0.1387450
0.1955179 0.2101641
0.1487121 0.2663807
0.0946102 0.3045633
0.0388622 0.3230843
-0.0141022 0.3221608
-0.0602686 0.3031107
-0.0963870 0.2674118
-0.1199162 0.2165149
-0.1262107 0.1513716
-0.1001197 0.0743570
0.0000000 0.0000000
0.0000000 0.0000000
-0.1237324 -0.0586469
-0.1298368 -0.1168697
-0.1109542 -0.1687548
-0.0822781 -0.2111444
-0.0470017 -0.2413349
-0.0073776 -0.2567068
0.0339350 -0.2556781
0.0747138 -0.2377850
0.1114083 -0.2031320
0.1417620 -0.1536110
0.1635709 -0.0923032
0.1739316 -0.0232700
0.1724904 0.0478870
0.1595712 0.1155501
0.1356324 0.1756720
0.1040501 0.2242246
0.0678491 0.2584531
0.0301611 0.2772044
-0.0052800 0.2801906
-0.0353896 0.2683337
-0.0570824 0.2428960
-0.0667580 0.2044953
-0.0585633 0.1523643
-0.0251120 0.0844353
0.0000000 0.0000000
0.0000000 0.0000000
-0.0777434 -0.0513165
-0.0801998 -0.1017102
-0.0673707 -0.1462494
-0.0490775 -0.1822020
-0.0268780 -0.2071118
-0.0018826 -0.2191762
0.0237188 -0.2172849
0.0485558 -0.2009404
0.0712531 -0.1708631
0.0893200 -0.1284579
0.1019413 -0.0764052
0.1083740 -0.0182736
0.1069180 0.0418213
0.0984957 0.0995404
0.0840281 0.1511755
0.0644560 0.1936931
0.0423390 0.2246649
0.0195349 0.2430085
-0.0016453 0.2486834
-0.0187387 0.2426427
-0.0288056 0.2268426
-0.0255779 0.2045662
0.0108995 0.1840678
0.1177348 0.1766077
0.0000000 0.0000000
0.0000000 0.0000000
-0.0375635 -0.0437512
-0.0362372 -0.0826639
-0.0296027 -0.1169696
-0.0206171 -0.1442336
-0.0101393 -0.1624448
0.0013253 -0.1702361
0.0132680 -0.1676420
0.0245011 -0.1539606
0.0345320 -0.1296283
0.0427470 -0.0961360
0.0479396 -0.0554914
0.0501525 -0.0104763
0.0492733 0.0357767
0.0448498 0.0804554
0.0377720 0.1206564
0.0286592 0.1539020
0.0183184 0.1785990
0.0079765 0.1938141
-0.0013767 0.1997215
-0.0084777 0.1975994
-0.0112311 0.1902060
0.0007411 0.1900129
0.0950885 0.2636341
0.3739343 0.4469007
0.0000000 0.0000000
0.0000000 0.0000000
0.0000000 0.0000000
0.0000000 0.0000000
0.0000000 0.0000000
0.0000000 0.0000000
0.0000000 0.0000000
0.0000000 0.0000000
0.0000000 0.0000000
0.0000000 0.0000000
0.0000000 0.0000000
0.0000000 0.0000000
0.0000000 0.0000000
0.0000000 0.0000000
0.0000000 0.0000000
0.0000000 0.0000000
0.0000000 0.0000000
0.0000000 0.0000000
0.0000000 0.0000000
0.0000000 0.0000000
0.0000000 0.0000000
0.0000000 0.0000000
0.0000000 0.0000000
0.0000000 0.0000000
0.0000000 0.0000000
0.0000000 0.0000000
0.0000000 0.0000000
0.0000000 0.0000000
-0.1904342 0.2004264
0.0000000 0.0000000
-0.6238312 0.1433557
-0.2480473 0.6710019
-0.2227798 1.0721095
0.0000000 0.0000000
-0.6079284 0.7999995
-0.2436142 1.4712894
-0.2638945 1.8619078
0.0000000 0.0000000
-0.6599572 1.4358593
-0.2715510 2.3226392
-0.2970281 2.7813463
0.0000000 0.0000000
-0.7758123 2.1526215
-0.3176845 3.3028352
-0.3457236 3.8623180
0.0000000 0.0000000
-0.9476545 3.0047266
-0.3804883 4.4801736
-0.4111536 5.1608090
0.0000000 0.0000000
-1.1801661 4.0284071
-0.4557117 5.9130559
-0.4972579 6.7397008
0.0000000 0.0000000
-1.4733579 5.2536159
-0.5513121 7.6744952
-0.6205919 8.6776333
0.0000000 0.0000000
-1.8456966 6.7132764
-0.7018437 9.9052792
-0.8360353 11.1479006
0.0000000 0.0000000
-2.4086821 8.5191164
-0.9683287 12.9056101
-1.2102227 14.5321426
0.0000000 0.0000000
-3.2059643 11.0520515
-1.4907080 16.8866653
-1.5150207 19.4669743
0.0000000 0.0000000
-4.0441046 15.7124109
-0.7885920 21.7053661
-1.9073250 23.7065144
0.0000000 0.0000000
2.2752640 15.1864309
5.7135425 16.1551323
8.6058445 8.8707294
0.0000000 0.0000000
14.8996983 8.1850214
9.9525766 -9.6308508
-0.8108708 -7.9392495
0.0000000 0.0000000
9.4041004 -5.1931858
0.1403336 -13.0035496
0.0494627 -13.4959602
0.0000000 0.0000000
-4.3474793 -11.2093792
-0.2917302 -11.0873747
-0.5040535 -10.0319777
0.0000000 0.0000000
-1.6311141 -8.5751514
-0.5188606 -9.1396437
-0.4902477 -8.3150330
0.0000000 0.0000000
-1.1070560 -6.8317947
-0.4720916 -7.5730686
-0.4591619 -6.8791189
0.0000000 0.0000000
-1.0317354 -5.6514249
-0.4376290 -6.1690269
-0.4113147 -5.5127163
0.0000000 0.0000000
-0.9602898 -4.5339408
-0.3906124 -4.8977103
-0.3514907 -4.2957029
0.0000000 0.0000000
-0.8858492 -3.5372679
-0.3321582 -3.7784915
-0.2951487 -3.2367475
0.0000000 0.0000000
-0.7752046 -2.6816540
-0.2807314 -2.8096173
-0.2505661 -2.3389957
0.0000000 0.0000000
-0.6734674 -1.9508989
-0.2395862 -1.9707881
-0.2191836 -1.5664556
0.0000000 0.0000000
-0.5940074 -1.3212426
-0.2109987 -1.2286316
-0.2020984 -0.8787365
0.0000000 0.0000000
-0.5481021 -0.7628193
-0.2082217 -0.5350443
-0.2194122 -0.1924922
0.0000000 0.0000000
-0.5157117 -0.1858374
0.0000000 0.0000000
0.0000000 0.0000000
-0.9359946 0.2212701
-1.2796835 0.1691734
-0.9933444 0.5658780
-0.9339532 0.8909403
-1.2494779 0.7802136
-0.9662748 1.2183222
-1.0338130 1.5624038
-1.3557858 1.3977107
-1.0958500 1.9260764
-1.1899408 2.3126512
-1.5671756 2.0783253
-1.2847229 2.7271373
-1.4062884 3.1837926
-1.8722606 2.8780189
-1.5339580 3.6689405
-1.6780658 4.2113442
-2.2767987 3.8305361
-1.8431760 4.7837281
-2.0004427 5.4290490
-2.7806110 4.9547052
-2.2356906 6.0961490
-2.4244790 6.8611660
-3.3690755 6.2448936
-2.8338618 7.6239796
-3.1341348 8.5466518
-4.2069869 7.6313238
-3.7223206 9.5913858
-4.7565594 10.5001001
-6.2929120 9.5591383
-5.7275362 12.6375713
-7.9697471 13.9852123
-7.4363208 11.2051659
0.1320692 11.9363432
8.1379519 12.7401476
13.9508657 11.6713886
12.8629084 10.0742655
20.9402542 5.9804525
28.0513477 1.0879387
24.0298901 -7.3400016
13.0988703 -6.6179085
17.4563847 -7.4720464
4.7216363 -10.3958492
-4.8221273 -9.7969494
-3.0895832 -8.7398672
-2.9930804 -9.1001415
-2.7956064 -8.8365135
-3.2467480 -9.3091612
-2.2366755 -7.6811700
-2.0096097 -7.0564008
-2.3616703 -7.1934476
-1.8839493 -6.3061695
-1.7551575 -5.7062669
-2.2169588 -5.4602480
-1.6743499 -5.1729226
-1.5938419 -4.6188426
-2.0287235 -4.3778281
-1.5194501 -4.1307735
-1.3799796 -3.5774772
-1.8154396 -3.3434918
-1.2943780 -3.2038765
-1.1763164 -2.7174058
-1.5698076 -2.5251367
-1.1014928 -2.3985002
-1.0095417 -1.9834957
-1.3574859 -1.8390334
-0.9526528 -1.6968184
-0.8875484 -1.3376459
-1.1999078 -1.2435862
-0.8462870 -1.0734410
-0.8197642 -0.7561085
-1.1081917 -0.7142392
-0.8403276 -0.4621466
-0.8347143 -0.1758121
-1.1083522 -0.1686206
0.0000000 0.0000000
0.0000000 0.0000000
-1.5735011 0.1787007
-1.8612958 0.1582548
-1.5601914 0.4984412
-1.5295935 0.7362622
-1.8055366 0.6553286
-1.5842700 1.0388070
-1.6751633 1.3158401
-1.9546728 1.1879053
-1.7824601 1.6431363
-1.9314190 1.9539434
-2.2484844 1.7769386
-2.0932937 2.3243454
-2.2841523 2.7113717
-2.6809278 2.4751971
-2.5161910 3.1337929
-2.7132580 3.6457837
-3.2684751 3.3477309
-3.0402975 4.1306777
-3.2018816 4.8070245
-4.0343056 4.4750104
-3.6395445 5.4054136
-3.7910757 6.1475282
-4.8725824 5.8924923
-4.3532290 6.9027433
-4.9026041 7.6977420
-6.0621696 7.9865689
-5.9461174 8.9534359
-7.2363372 10.4246483
-6.5765429 9.1243753
-5.6133628 10.3540449
-7.0526571 7.9543400
-3.7093186 6.4750295
-4.9205251 5.3708062
10.9872074 6.0476251
14.9516745 2.0055532
22.9895096 4.9983449
32.3560257 3.0908763
42.4252663 -5.2067189
29.7060318 -6.9966888
21.7976437 -6.0334339
24.6619892 -3.9839542
-2.3465517 -6.8077087
-2.1314352 -7.5220318
0.5563042 -6.0194793
-3.1270850 -9.0022459
-4.3359752 -9.4823828
-3.8673625 -8.6490059
-4.3873086 -8.4328194
-3.9879415 -7.7426243
-5.2733350 -7.8678570
-3.3308625 -6.4418216
-2.9608703 -5.5073476
-3.3827677 -5.5055990
-2.9346735 -4.9261112
-2.6901164 -4.2613153
-3.2738688 -3.9730275
-2.5202687 -3.8537667
-2.2845597 -3.1974981
-2.7427809 -2.9736545
-2.1287072 -2.9062109
-1.9350876 -2.4000218
-2.3110971 -2.2184637
-1.8045849 -2.1366689
-1.6606227 -1.7437024
-1.9814403 -1.6074108
-1.5623759 -1.4945413
-1.4646811 -1.1756803
-1.7473736 -1.0825620
-1.3980542 -0.9406856
-1.3506987 -0.6681316
-1.6079301 -0.6173682
-1.3438007 -0.4023556
-1.3841811 -0.1657206
-1.6448294 -0.1566654
0.0000000 0.0000000
0.0000000 0.0000000
-2.1214392 0.1477588
-2.3537340 0.1294006
-1.9786768 0.4302490
-2.0382936 0.5781264
-2.2636700 0.4954565
-2.0996206 0.8610699
-2.2221208 1.0507901
-2.4414654 0.9083508
-2.3629138 1.3566891
-2.5612090 1.5719708
-2.8083172 1.3599069
-2.7818449 1.9233339
-3.0531683 2.1948028
-3.3620694 1.8923753
-3.3715076 2.6116898
-3.7171392 2.9948645
-4.1425600 2.5760241
-4.1598592 3.4803455
-4.5217700 4.1333699
-5.2519951 3.5665281
-5.1228647 4.6481538
-5.3287864 5.8417478
-6.7373242 5.0317512
-6.3097773 6.4014182
-7.4120908 7.9785671
-8.9662046 7.4474673
-7.5734701 8.4307194
-5.9359469 7.1928692
-4.3913798 6.6491156
-3.8470049 7.3112798
-2.0303330 5.2909765
-2.6973937 6.1284776
4.2308702 -4.2819691
13.4843082 0.2621034
17.2610359 -2.0647507
23.5412292 1.8972348
38.6348610 -3.1077354
38.3884277 -7.5616717
33.6555519 -5.2429347
17.7362976 -2.7669108
15.5074835 -1.3866948
5.5510573 -4.4182701
1.3225453 -5.5198903
2.2899284 -4.3967853
-0.3042421 -7.3614931
-2.8128636 -7.6641536
-2.0402696 -7.1133690
-5.6578684 -7.7456818
-6.7713757 -7.6863966
-7.6813707 -7.2081475
-5.4459910 -6.2461100
-4.4544363 -5.5781989
-5.3411055 -5.3337994
-4.4288092 -4.6702695
-3.8671522 -3.6731582
-4.4813180 -3.2677331
-3.5240986 -3.4364476
-3.1592872 -2.7223191
-3.6191030 -2.4187441
-2.8924828 -2.5053897
-2.6233785 -2.0239327
-2.9717159 -1.7930732
-2.4259007 -1.8017356
-2.2339821 -1.4622257
-2.5148385 -1.2928140
-2.0909343 -1.2422278
-1.9675710 -0.9829549
-2.2070308 -0.8700755
-1.8733480 -0.7689623
-1.8180680 -0.5563099
-2.0342197 -0.4946460
-1.7188351 -0.3296767
-1.8812402 -0.1482756
-2.1083677 -0.1343243
0.0000000 0.0000000
0.0000000 0.0000000
-2.5651708 0.1121209
-2.7308388 0.0903221
-2.2461722 0.3464623
-2.4457753 0.4044309
-2.6099656 0.3171300
-2.4852567 0.6625369
-2.6513309 0.7436823
-2.7981946 0.5867761
-2.8012702 1.0337037
-3.0562460 1.1063740
-3.2058084 0.8662184
-3.2967596 1.4637297
-3.6652298 1.5235134
-3.8394258 1.1720116
-4.0206118 1.9911245
-4.5383191 2.0517042
-4.7692800 1.5568653
-5.0524144 2.6597672
-5.7854471 2.8187518
-6.1189122 2.1530626
-6.5243173 3.5404973
-7.2765245 4.2984133
-8.3355265 3.3923535
-8.6149740 4.8136554
-9.3186598 6.9972897
-10.3651495 5.7641015
-6.0596004 5.0684214
-3.6062288 6.0057974
-3.4429941 4.2959523
-0.2155359 6.2509227
0.9568273 4.8152399
1.7038037 2.4849021
14.5137691 -6.1398511
20.0253429 -4.3679705
22.1990948 -4.2995739
27.0171967 0.6184087
40.3300591 -5.7173448
38.2754478 -4.9585624
30.5188026 -3.0318515
16.9847374 -0.9901476
18.7509460 -0.7237858
9.3139925 -3.0014708
4.6146173 -4.3514557
3.3005104 -3.7161779
2.2320325 -5.5496449
-1.5847567 -6.2740717
-2.2489681 -4.3919482
-4.7343245 -6.0770407
-8.0207319 -6.2432919
-8.2400293 -5.0100775
-8.0349531 -3.8958793
-6.4596543 -4.9054098
-7.8344531 -3.9471953
-5.7000751 -3.9218738
-4.9439187 -2.8216779
-5.5264087 -2.3083014
-4.4269209 -2.6942317
-3.9289589 -2.0522478
-4.3021979 -1.6475232
-3.5416813 -1.8815786
-3.2038572 -1.5235289
-3.4793024 -1.2305726
-2.9301612 -1.3267385
-2.7025368 -1.1006529
-2.9162154 -0.8987411
-2.5124619 -0.9050680
-2.3730512 -0.7428449
-2.5490131 -0.6134021
-2.2403920 -0.5531598
-2.2013910 -0.4218605
-2.3602500 -0.3524469
-1.9650127 -0.2384311
-2.2950790 -0.1174185
-2.4688628 -0.0983889
0.0000000 0.0000000
0.0000000 0.0000000
-2.8825371 0.0686444
-2.9653385 0.0431096
-2.3786585 0.2439934
-2.7318015 0.2221878
-2.8219614 0.1357653
-2.7269635 0.4384116
-2.9383986 0.4103778
-2.9999828 0.2490523
-3.0766764 0.6625846
-3.3670096 0.5880516
-3.4065943 0.3366999
-3.6011145 0.9222288
-4.0409327 0.7520376
-4.0492177 0.3781163
-4.3931932 1.2534512
-5.0488610 0.9310077
-5.0253673 0.3636118
-5.5893135 1.6457372
-6.5488009 1.1800039
-6.4510031 0.2876363
-7.4709601 2.0561979
-9.0809555 1.9402107
-9.1042557 0.5429454
-11.1455441 2.3643494
-10.1978855 3.8557484
-10.0311928 0.6208217
-5.5158105 1.4021120
-0.5462719 3.0173092
-0.5149238 3.1171050
2.0896788 0.8692067
6.0343657 0.6776292
9.7679234 -2.4595680
19.4118252 -6.5343866
22.0169468 -5.7934608
21.7549248 -6.0393205
26.3241844 -0.0562706
36.8327446 -2.5072508
30.0806103 -2.6237097
25.3744316 -1.0874877
20.6540508 0.3627593
19.6026630 1.1870422
13.9130049 -1.7855314
5.1001377 -2.2617085
4.4653153 -0.8758884
2.9217064 -1.0123750
-1.0980810 -2.5415764
-2.1966875 -1.1734352
-4.4222817 -2.2112343
-7.6306157 -3.3121545
-7.4664373 -1.7842361
-8.9688921 -1.2790062
-8.3630838 -2.5787892
-9.0251474 -1.2550694
-6.6710005 -1.9474258
-5.7808418 -1.5777874
-6.1660981 -0.8893017
-4.9965968 -1.4439958
-4.4440136 -1.1660829
-4.6675863 -0.7165855
-3.9567447 -1.0265779
-3.5879135 -0.8941587
-3.7410765 -0.5842546
-3.2579143 -0.7402357
-3.0161412 -0.6688642
-3.1336434 -0.4586354
-2.7905886 -0.5144910
-2.6495070 -0.4671590
-2.7460794 -0.3329861
-2.4772332 -0.3159967
-2.4754961 -0.2746805
-2.5600445 -0.2023073
-2.1141269 -0.1357309
-2.5921233 -0.0750386
-2.6954143 -0.0540406
0.0000000 0.0000000
0.0000000 0.0000000
-3.0502903 0.0170842
-3.0439043 -0.0078744
-2.4189224 0.1269873
-2.8745961 0.0484675
-2.8812463 -0.0331938
-2.8300362 0.1929795
-3.0603297 0.0813684
-3.0312092 -0.0694779
-3.1794343 0.2514114
-3.4655650 0.0721083
-3.3962946 -0.1600228
-3.6826711 0.2859686
-4.1008382 -0.0145788
-3.9622576 -0.3487029
-4.4309735 0.2945280
-5.0698605 -0.2314730
-4.8034911 -0.7052168
-5.5697455 0.2410361
-6.5129113 -0.6171717
-6.0462966 -1.3230672
-7.4320636 -0.1530081
-9.3529415 -1.2655258
-8.2473907 -2.4368503
-10.9941120 -1.1389122
-10.5775156 -2.2169108
-8.8310413 -3.4699562
-5.9028854 -5.6293173
-1.1377600 -3.7192607
1.9922103 -5.0419888
3.0634272 -2.6207516
12.7733707 -4.4890552
14.6173859 -6.8475604
22.0360107 -6.1626525
19.5427132 -7.7070718
20.6131153 -5.5991192
27.1023579 0.3252189
27.9149857 -4.1041241
27.1479149 -5.8023219
24.9139118 -2.5165317
20.8763161 0.6458628
17.9494228 1.8250320
14.5974388 0.4240382
5.4147768 2.2689712
7.3117347 3.7079215
2.1254888 2.3088083
-1.4506422 1.1930654
0.0784013 2.7493875
-5.0343404 1.5783557
-6.6730061 0.5568876
-7.6586232 2.7995420
-9.2444458 1.5145079
-8.4450989 0.5590023
-8.0812635 1.7113590
-6.9019642 0.2657382
-6.0014863 0.0360959
-5.8378396 0.7582908
-5.1393695 -0.0212316
-4.6039023 -0.1433735
-4.5234895 0.3286593
-4.0778837 -0.1191591
-3.7235148 -0.2074694
-3.6908555 0.1090080
-3.3767695 -0.1444249
-3.1448581 -0.2100807
-3.1400077 0.0016837
-2.9088824 -0.1285463
-2.7774405 -0.1763724
-2.7860060 -0.0418029
-2.5876410 -0.0861536
-2.6176889 -0.1181566
-2.6239922 -0.0466188
-2.2034197 -0.0299017
-2.7483680 -0.0343769
-2.7816312 -0.0136987
0.0000000 0.0000000
0.0000000 0.0000000
-3.0585296 -0.0280405
-2.9809356 -0.0490027
-2.4062080 0.0104749
-2.8610172 -0.1100691
-2.8021719 -0.1785219
-2.8072639 -0.0582984
-3.0087798 -0.2133965
-2.9130328 -0.3389786
-3.1092658 -0.1652979
-3.3497636 -0.3841509
-3.2024977 -0.5740062
-3.5348175 -0.3470471
-3.8672183 -0.6693963
-3.6377978 -0.9363172
-4.1425610 -0.6589663
-4.6257572 -1.1678755
-4.2450080 -1.5387855
-5.0235872 -1.0888411
-5.7368317 -1.9865414
-5.0783377 -2.5138180
-6.3207541 -2.1077106
-7.7088718 -3.5582733
-6.4137797 -4.3128843
-8.7025671 -3.9492269
-8.4827023 -5.5482073
-6.5238776 -7.4253855
-6.0693135 -6.9790735
-0.6439742 -7.9352074
-0.4604005 -8.9880543
6.9388428 -9.0462952
13.1251764 -8.9248466
11.7150192 -8.9991903
17.7686176 -7.8983750
21.0298538 -5.0872951
23.7072926 -4.6393700
25.5105438 -3.1049747
21.5732651 -2.3471673
20.8171139 -1.3189546
18.2443295 2.0879509
14.8410912 3.2260699
15.9227266 -0.5585741
12.3072424 2.1701753
5.7061262 5.3851323
4.3990798 7.8119044
2.3584523 5.3942266
0.0870871 4.2356930
-0.1828396 6.5501847
-5.8381124 5.8399305
-6.3135600 4.5599070
-5.8861775 5.8505378
-7.9895830 4.4220009
-7.2681694 2.6431105
-5.8778539 3.7054317
-5.9774303 2.3265474
-5.4859958 1.3855999
-4.8245778 2.0682707
-4.7004695 1.2604556
-4.3300295 0.7686311
-3.9976332 1.1942494
-3.8503599 0.6937922
-3.5801256 0.4213447
-3.3933845 0.7018741
-3.2687161 0.3881841
-3.0785499 0.2177741
-2.9667017 0.4061765
-2.8654633 0.2166127
-2.7564201 0.0991946
-2.6851277 0.2206865
-2.5804942 0.1200797
-2.6241820 0.0320177
-2.5655880 0.0978296
-2.2186072 0.0649273
-2.7700717 0.0017806
-2.7462883 0.0200793
0.0000000 0.0000000
0.0000000 0.0000000
-2.9328108 -0.0605462
-2.8060863 -0.0752704
-2.3225679 -0.0905714
-2.7209351 -0.2379374
-2.6216342 -0.2907640
-2.6620424 -0.2672815
-2.8183248 -0.4445425
-2.6840429 -0.5389054
-2.8880990 -0.4957545
-3.0637136 -0.7326689
-2.8789461 -0.8708904
-3.1896851 -0.8158500
-3.4235778 -1.1561183
-3.1594760 -1.3397988
-3.5944154 -1.3155303
-3.8993859 -1.8207713
-3.5150270 -2.0581770
-4.1059051 -2.0177841
-4.4830489 -2.8348949
-3.9520178 -3.1274557
-4.6267667 -3.3674445
-5.2218928 -4.5497689
-4.4375114 -4.9235859
-5.5571585 -5.4797287
-5.0154567 -7.7069731
-4.6409669 -7.0440650
-2.4511523 -9.3327837
1.4512433 -8.4893961
-0.1321080 -9.2264824
5.8881278 -6.3466563
11.0225554 -6.9151955
8.8502808 -5.5607562
13.2298851 -9.5683937
17.9440002 -6.9941311
19.3540363 -0.3501698
20.3363285 -2.0333388
18.1523857 -1.5496800
18.2133579 2.5653791
16.9091530 0.2192589
9.7144566 4.8846769
6.0384111 6.5922041
5.8374104 7.3986206
6.8556056 5.3093567
5.7415199 5.2346334
3.4619176 5.8710914
-2.6531994 8.3787851
-0.8002593 7.9323392
-3.6720684 7.1650720
-5.8331943 6.3593144
-3.4901497 6.6363564
-5.2763062 5.3956380
-5.1106319 3.7729661
-3.7683866 4.2122025
-4.5684457 3.3090246
-4.3867955 2.2642593
-3.5797629 2.7179213
-3.9221156 2.0492871
-3.7212758 1.4249207
-3.2605896 1.7375207
-3.3859816 1.2811579
-3.2164781 0.9010988
-2.9352796 1.1154103
-2.9819267 0.8019806
-2.8519022 0.5591564
-2.6677186 0.7065483
-2.6854641 0.4957201
-2.6098111 0.3271579
-2.4792321 0.4242724
-2.4619968 0.2902135
-2.5221710 0.1605464
-2.4107199 0.2143363
-2.1400833 0.1407324
-2.6799290 0.0322147
-2.6093793 0.0478688
0.0000000 0.0000000
0.0000000 0.0000000
-2.7139838 -0.0812095
-2.5547321 -0.0909367
-2.1574290 -0.1686054
-2.4934645 -0.3274763
-2.3709829 -0.3619945
-2.4272916 -0.4174642
-2.5353451 -0.6012869
-2.3849683 -0.6607338
-2.5693691 -0.7228557
-2.6722918 -0.9548330
-2.4855084 -1.0352638
-2.7333088 -1.1233807
-2.8527820 -1.4370942
-2.6156929 -1.5303206
-2.9143028 -1.6978068
-3.0265841 -2.1321120
-2.7416456 -2.2186823
-3.0427539 -2.4891644
-3.1025040 -3.1110232
-2.8152914 -3.1387804
-2.9787362 -3.7828343
-2.8154006 -4.5856218
-2.7349513 -4.4137254
-2.5354142 -5.3322387
-2.2923770 -6.5347919
-2.0715301 -5.7692041
-1.3817223 -8.7450619
1.5718080 -8.8329220
0.5982748 -7.6630101
4.5238199 -7.5162368
6.7425199 -6.7154107
6.0183449 -5.6008348
9.4988165 -4.7913332
13.3729630 -3.8105421
10.5368261 -0.0969533
16.7755051 -0.1223864
16.3873692 2.8816812
12.7555342 5.9291844
11.5233345 4.8642664
8.1368866 5.6966338
8.2490892 8.2780628
6.3251925 6.8120694
2.7928231 8.6915579
3.1908457 8.5919628
0.6977725 8.5309248
-1.0895191 8.4207010
-0.0386406 7.4340858
-2.3472495 7.2066536
-2.8657837 5.7955508
-1.4369193 5.6087537
-3.0199647 5.1089087
-3.2787178 3.9448183
-2.1952627 4.0345764
-3.1629596 3.4927671
-3.1926250 2.6665490
-2.4611983 2.8329434
-3.0321758 2.3652253
-2.9712667 1.7871510
-2.4914374 1.9638275
-2.8121536 1.5914433
-2.7286465 1.2022543
-2.4112954 1.3376043
-2.5930188 1.0588564
-2.5213046 0.7910064
-2.2996125 0.8899419
-2.4123981 0.6844931
-2.3721352 0.4903881
-2.2063193 0.5582070
-2.2601476 0.4100561
-2.3343215 0.2564047
-2.1883450 0.2951242
-1.9869955 0.1932299
-2.5002754 0.0559295
-2.3971162 0.0677659
0.0000000 0.0000000
0.0000000 0.0000000
-2.4332359 -0.0921884
-2.2588418 -0.0972636
-1.9374547 -0.2198168
-2.2118397 -0.3766706
-2.0814846 -0.3931375
-2.1407731 -0.5072047
-2.2029800 -0.6822202
-2.0540924 -0.7080832
-2.2045674 -0.8453800
-2.2417572 -1.0528729
-2.0721698 -1.0793757
-2.2479885 -1.2669061
-2.2662554 -1.5248348
-2.0754542 -1.5353574
-2.2473898 -1.8245986
-2.2123461 -2.1472874
-2.0157785 -2.1095231
-2.1252854 -2.5352585
-1.9855633 -2.9471295
-1.8227327 -2.7942514
-1.7745259 -3.5149016
-1.4309464 -3.9934907
-1.3740790 -3.6139319
-0.9735844 -4.5947404
-0.4115178 -5.1564846
-0.4392588 -4.4780321
0.1725001 -5.7502370
1.3226447 -6.2453475
1.2534901 -5.0265164
2.7679734 -6.8606153
4.5528774 -5.9741220
3.8549175 -4.9225440
6.8141694 -4.7159343
8.1305809 -2.9173472
6.2638168 -3.0187094
9.7412472 0.7293552
9.8296871 3.5090539
6.9284759 0.6347606
8.8428688 4.2959819
7.5288587 6.6310954
5.7421060 4.2580914
4.9868054 6.6582208
3.1158810 6.9543457
3.2784045 5.5112319
1.7559198 6.6948910
0.5207568 5.9368544
1.0604119 5.2045512
-0.3190874 5.5193520
-0.9990811 4.8054142
-0.4014800 4.3691969
-1.4759011 4.2982802
-1.8245996 3.6273234
-1.2173862 3.4600670
-2.0153410 3.2134166
-2.1645997 2.6503947
-1.6243346 2.6320763
-2.2030799 2.3405836
-2.2422996 1.8985007
-1.8303759 1.9420006
-2.2239428 1.6726248
-2.2095931 1.3355275
-1.9082754 1.3948463
-2.1675208 1.1666064
-2.1424789 0.9145899
-1.9164947 0.9655634
-2.0915411 0.7808553
-2.0822258 0.5867564
-1.9032167 0.6250016
-2.0067208 0.4768420
-2.0902271 0.3167201
-1.9275118 0.3399734
-1.7846373 0.2219133
-2.2584074 0.0719361
-2.1374488 0.0793587
0.0000000 0.0000000
0.0000000 0.0000000
-2.1224368 -0.0949965
-1.9472059 -0.0959697
-1.6903239 -0.2449129
-1.9087057 -0.3902455
-1.7807747 -0.3913493
-1.8367658 -0.5416499
-1.8614514 -0.6983455
-1.7229732 -0.6963720
-1.8397186 -0.8767151
-1.8278484 -1.0520004
-1.6796523 -1.0364006
-1.7971491 -1.2709899
-1.7512105 -1.4729253
-1.5947223 -1.4255226
-1.6869446 -1.7503176
-1.5785959 -1.9814653
-1.4235100 -1.8730576
-1.4505888 -2.3085158
-1.2479601 -2.5731993
-1.1038169 -2.3555052
-1.0176679 -2.9755833
-0.6617697 -3.2357171
-0.5503260 -2.8524570
-0.2819783 -3.6231775
0.3130722 -3.8721638
0.3536853 -3.2564640
0.9418427 -4.1631303
1.7448149 -4.1706276
1.5918874 -3.4081247
2.5089886 -3.9560530
3.2832103 -3.8144088
2.9440939 -2.8537240
4.3583698 -3.2276917
5.0788956 -2.4393852
4.1745949 -1.7739747
5.8894944 -0.6047887
5.8599949 0.2769166
4.4582405 0.0834505
5.7532263 1.6376652
5.0841107 2.8750224
3.8666768 1.9826618
4.1262569 3.2913461
3.2168536 4.2103662
2.5971203 3.1764808
2.0955701 4.0565057
1.3345927 4.2426987
1.2389834 3.5025237
0.5127120 3.9382215
-0.0335745 3.7297118
0.1383873 3.2670147
-0.5405620 3.3940947
-0.8853003 3.0641177
-0.6145476 2.7971199
-1.1844481 2.7383051
-1.3743352 2.3983994
-1.0489208 2.2727094
-1.5259928 2.1220434
-1.6206465 1.8193725
-1.3182691 1.7727526
-1.6918228 1.5956466
-1.7268109 1.3370001
-1.4755810 1.3321116
-1.7529169 1.1592689
-1.7624772 0.9463663
-1.5574514 0.9560471
-1.7605470 0.7996037
-1.7735085 0.6236296
-1.6006092 0.6359239
-1.7313818 0.4966545
-1.8182710 0.3443243
-1.6542439 0.3537958
-1.5571623 0.2295598
-1.9826881 0.0804321
-1.8562717 0.0836289
0.0000000 0.0000000
0.0000000 0.0000000
-1.8083358 -0.0916836
-1.6424297 -0.0892912
-1.4395976 -0.2482131
-1.6100352 -0.3771138
-1.4906528 -0.3666669
-1.5413343 -0.5324320
-1.5397012 -0.6675966
-1.4146850 -0.6455861
-1.5040225 -0.8409075
-1.4620672 -0.9847271
-1.3335762 -0.9417810
-1.4114192 -1.1834879
-1.3325784 -1.3385286
-1.2010014 -1.2597681
-1.2476158 -1.5676534
-1.1134336 -1.7317647
-0.9820932 -1.5956352
-0.9751632 -1.9799626
-0.7649130 -2.1453946
-0.6353418 -1.9240270
-0.5496230 -2.4099874
-0.2260621 -2.5496669
-0.1130663 -2.2141919
0.0793226 -2.7475352
0.5326297 -2.8295875
0.5833575 -2.3744924
0.9641583 -2.9113610
1.5099691 -2.8656414
1.4323475 -2.3114100
2.0554774 -2.5659144
2.4872746 -2.3963513
2.2462432 -1.8616335
3.0600932 -1.8399508
3.3902972 -1.4129353
2.8936841 -1.1087930
3.8307848 -0.3505129
3.7745488 0.0657434
3.0559745 -0.0113159
3.8117244 1.0426126
3.3920746 1.5612181
2.7150695 1.1477935
3.0193026 2.0257330
2.4864323 2.5613151
1.9974682 1.9787199
1.8878140 2.6331568
1.3784008 2.9138839
1.1442521 2.3700294
0.8036547 2.7756100
0.3942176 2.8043540
0.3603389 2.3917558
-0.0437617 2.5853984
-0.3387997 2.4676251
-0.2566862 2.1861365
-0.6390256 2.2272310
-0.8285792 2.0474594
-0.6634092 1.8767614
-1.0204654 1.8217914
-1.1359891 1.6305208
-0.9391459 1.5355040
-1.2522460 1.4317288
-1.3144062 1.2484238
-1.1255331 1.1999503
-1.3813303 1.0773406
-1.4136878 0.9108663
-1.2432653 0.8889189
-1.4451149 0.7628233
-1.4727893 0.6141876
-1.3186901 0.6059123
-1.4576647 0.4811687
-1.5416459 0.3453465
-1.3886210 0.3436148
-1.3248522 0.2212608
-1.6975174 0.0824337
-1.5749922 0.0821592
0.0000000 0.0000000
0.0000000 0.0000000
-1.5103664 -0.0843124
-1.3600814 -0.0794449
-1.2017019 -0.2357779
-1.3329033 -0.3464938
-1.2250718 -0.3286113
-1.2709409 -0.4940719
-1.2527877 -0.6077099
-1.1424602 -0.5739043
-1.2107991 -0.7643847
-1.1541442 -0.8804954
-1.0431640 -0.8233684
-1.0953975 -1.0494304
-1.0039237 -1.1672851
-0.8934763 -1.0764326
-0.9147534 -1.3464833
-0.7782446 -1.4616653
-0.6690691 -1.3232329
-0.6466171 -1.6396143
-0.4522485 -1.7424209
-0.3457073 -1.5416044
-0.2677408 -1.9030191
0.0011467 -1.9742225
0.0900217 -1.7003378
0.2454109 -2.0602503
0.5788037 -2.0783329
0.6092392 -1.7430598
0.8798794 -2.0396194
1.2301199 -1.9877605
1.1798230 -1.6112274
1.5865228 -1.7235142
1.8496695 -1.5841193
1.6928772 -1.2591152
2.1958196 -1.1490848
2.3612404 -0.9002231
2.0617602 -0.7253920
2.6192193 -0.2335563
2.5735376 0.0118035
2.1585798 -0.0205230
2.6311495 0.6622699
2.3787892 0.9508070
1.9568112 0.7227896
2.1998329 1.3308117
1.8643494 1.6527432
1.5220518 1.3055663
1.5331004 1.7914432
1.1887594 2.0137470
0.9714500 1.6453054
0.8188128 1.9848338
0.5160432 2.0735404
0.4217779 1.7520837
0.1872103 1.9513386
-0.0509437 1.9322326
-0.0539288 1.6837482
-0.3083965 1.7683952
-0.4785880 1.6848559
-0.4096851 1.5113810
-0.6653647 1.5127398
-0.7818074 1.3991138
-0.6639648 1.2855185
-0.9096040 1.2335200
-0.9827722 1.1093005
-0.8504364 1.0386934
-1.0680028 0.9565575
-1.1115906 0.8323099
-0.9796377 0.7905626
-1.1619955 0.6923782
-1.1976656 0.5730225
-1.0681797 0.5504278
-1.2011535 0.4425591
-1.2780643 0.3271551
-1.1434057 0.3173388
-1.1027625 0.2027312
-1.4213833 0.0793577
-1.3090237 0.0766637
0.0000000 0.0000000
0.0000000 0.0000000
-1.2404263 -0.0746147
-1.1089050 -0.0684788
-0.9864390 -0.2136318
-1.0865865 -0.3066933
-0.9912923 -0.2849982
-1.0328668 -0.4399955
-1.0058507 -0.5339558
-0.9101744 -0.4947022
-0.9639181 -0.6693455
-0.9022394 -0.7619898
-0.8079697 -0.7002102
-0.8430284 -0.8998505
-0.7519644 -0.9890500
-0.6599492 -0.8980521
-0.6676432 -1.1247599
-0.5410286 -1.2055972
-0.4528181 -1.0777816
-0.4246916 -1.3281131
-0.2568211 -1.3924245
-0.1744506 -1.2208951
-0.1049714 -1.4819468
0.1059292 -1.5175050
0.1680470 -1.3023832
0.2946782 -1.5396278
0.5327675 -1.5352132
0.5500814 -1.2902273
0.7514292 -1.4559509
0.9793671 -1.4061103
0.9394517 -1.1525934
1.2171286 -1.1919931
1.3841572 -1.0858984
1.2741063 -0.8798574
1.6056553 -0.7619594
1.6955422 -0.6033757
1.5018848 -0.4951073
1.8559383 -0.1633983
1.8221335 -0.0019148
1.5615927 -0.0175946
1.8689404 0.4354329
1.7129416 0.6181923
1.4363059 0.4813544
1.6200711 0.9104099
1.4008760 1.1155349
1.1605971 0.8959168
1.2061681 1.2581711
0.9694033 1.4200716
0.7944811 1.1696103
0.7291778 1.4430616
0.5076638 1.5330646
0.4069375 1.2941756
0.2719647 1.4742516
0.0847899 1.4940588
0.0501819 1.2919834
-0.1187770 1.3891399
-0.2634183 1.3567663
-0.2445948 1.2010788
-0.4258156 1.2314024
-0.5316024 1.1664312
-0.4671273 1.0541974
-0.6526326 1.0349047
-0.7266667 0.9528013
-0.6374379 0.8751851
-0.8135430 0.8227093
-0.8612251 0.7322778
-0.7632817 0.6814693
-0.9189687 0.6067880
-0.9565656 0.5135394
-0.8527485 0.4830123
-0.9713417 0.3919059
-1.0388484 0.2971960
-0.9252981 0.2822108
-0.9001107 0.1789831
-1.1666319 0.0728816
-1.0675942 0.0687318
0.0000000 0.0000000
0.0000000 0.0000000
-1.0038581 -0.0643309
-0.8916884 -0.0577693
-0.7984502 -0.1871291
-0.8740579 -0.2641417
-0.7918528 -0.2415687
-0.8289126 -0.3801753
-0.7991322 -0.4567495
-0.7170358 -0.4168007
-0.7603027 -0.5704157
-0.7000510 -0.6438732
-0.6207846 -0.5838371
-0.6458941 -0.7536198
-0.5615618 -0.8213542
-0.4861633 -0.7372783
-0.4864560 -0.9217001
-0.3760731 -0.9792920
-0.3060144 -0.8674697
-0.2774550 -1.0606440
-0.1393340 -1.1017834
-0.0774423 -0.9606937
-0.0169595 -1.1473424
0.1442487 -1.1649392
0.1856036 -0.9991711
0.2888311 -1.1545761
0.4582666 -1.1430525
0.4654173 -0.9642893
0.6185657 -1.0580963
0.7702415 -1.0147974
0.7371247 -0.8415959
0.9347268 -0.8457996
1.0440911 -0.7669591
0.9625416 -0.6311662
1.1899372 -0.5269543
1.2432976 -0.4193873
1.1100647 -0.3488312
1.3479050 -0.1183401
1.3225148 -0.0045451
1.1495564 -0.0132452
1.3575363 0.2956769
1.2570761 0.4209053
1.0685989 0.3344574
1.2050326 0.6414351
1.0586593 0.7790167
0.8862422 0.6344008
0.9391028 0.9054372
0.7727599 1.0223792
0.6381097 0.8488137
0.6144238 1.0651798
0.4520839 1.1415540
0.3621305 0.9662961
0.2840216 1.1202753
0.1397594 1.1514815
0.0953366 0.9934080
-0.0151491 1.0874038
-0.1350165 1.0802194
-0.1386824 0.9489079
-0.2667848 0.9911643
-0.3585621 0.9553189
-0.3262556 0.8541388
-0.4646100 0.8538733
-0.5323387 0.7997248
-0.4747433 0.7251186
-0.6125324 0.6926182
-0.6596952 0.6274970
-0.5880688 0.5749688
-0.7160589 0.5187730
-0.7518436 0.4467870
-0.6711409 0.4133942
-0.7722452 0.3378558
-0.8292536 0.2615102
-0.7365561 0.2442884
-0.7213022 0.1538064
-0.9399330 0.0644788
-0.8548666 0.0597326
0.0000000 0.0000000
0.0000000 0.0000000
-0.8017156 -0.0544200
-0.7079095 -0.0480909
-0.6379115 -0.1599395
-0.6946450 -0.2230270
-0.6247144 -0.2015304
-0.6584727 -0.3214382
-0.6287372 -0.3835582
-0.5596281 -0.3461606
-0.5946426 -0.4768477
-0.5401141 -0.5351567
-0.4738252 -0.4802892
-0.4927843 -0.6211401
-0.4189860 -0.6727829
-0.3574447 -0.5989583
-0.3552796 -0.7460237
-0.2625203 -0.7877984
-0.2075116 -0.6936868
-0.1812951 -0.8400767
-0.0712467 -0.8675923
-0.0252890 -0.7540773
0.0261263 -0.8875096
0.1475346 -0.8959440
0.1749799 -0.7693926
0.2581542 -0.8719331
0.3796954 -0.8591228
0.3804585 -0.7283589
0.4973066 -0.7812284
0.6015767 -0.7459722
0.5726640 -0.6246600
0.7183765 -0.6135177
0.7906556 -0.5542931
0.7294944 -0.4623671
0.8913774 -0.3766437
0.9249094 -0.2997996
0.8288076 -0.2519491
0.9939646 -0.0870626
0.9764588 -0.0041611
0.8548669 -0.0091294
1.0021118 0.2069624
0.9340752 0.2974072
0.8021711 0.2401787
0.9043449 0.4624150
0.8041784 0.5591106
0.6780786 0.4611860
0.7269632 0.6648881
0.6095433 0.7500752
0.5052176 0.6281418
0.5033463 0.7975012
0.3827949 0.8588886
0.3086857 0.7300509
0.2640364 0.8575526
0.1534425 0.8894488
0.1095049 0.7678905
0.0366045 0.8521044
-0.0589523 0.8559701
-0.0731712 0.7498371
-0.1627852 0.7937828
-0.2403271 0.7749406
-0.2255627 0.6883788
-0.3277274 0.6976055
-0.3866815 0.6617593
-0.3503721 0.5951672
-0.4564849 0.5754524
-0.4992665 0.5279976
-0.4476391 0.4791566
-0.5497146 0.4362280
-0.5820962 0.3810378
-0.5199096 0.3483739
-0.6036699 0.2862558
-0.6500059 0.2250180
-0.5758589 0.2076283
-0.5673721 0.1300355
-0.7431553 0.0554969
-0.6712725 0.0508068
0.0000000 0.0000000
0.0000000 0.0000000
-0.6320555 -0.0455655
-0.5548015 -0.0399158
-0.5032558 -0.1343358
-0.5458245 -0.1859749
-0.4867148 -0.1665763
-0.5170810 -0.2679122
-0.4898118 -0.3181454
-0.4320469 -0.2849966
-0.4616148 -0.3936646
-0.4141678 -0.4400325
-0.3593712 -0.3923930
-0.3745330 -0.5064796
-0.3125182 -0.5465971
-0.2623580 -0.4839998
-0.2599672 -0.5996803
-0.1845688 -0.6305285
-0.1412048 -0.5536103
-0.1192975 -0.6637161
-0.0332077 -0.6826631
0.0007423 -0.5930884
0.0431657 -0.6880636
0.1340561 -0.6922789
0.1521614 -0.5957306
0.2186355 -0.6641001
0.3058513 -0.6518232
0.3038894 -0.5559995
0.3931074 -0.5855235
0.4667503 -0.5571954
0.4417327 -0.4708214
0.5496973 -0.4534116
0.5998445 -0.4088300
0.5517750 -0.3444375
0.6711048 -0.2759012
0.6919233 -0.2186075
0.6216079 -0.1857819
0.7404878 -0.0655035
0.7281860 -0.0029954
0.6393354 -0.0057443
0.7454898 0.1494831
0.6995413 0.2166982
0.6029708 0.1779863
0.6821286 0.3406347
0.6111683 0.4114985
0.5184357 0.3433007
0.5610569 0.4969133
0.4771398 0.5604638
0.3961832 0.4737085
0.4034976 0.6057878
0.3152750 0.6540663
0.2539626 0.5594907
0.2309342 0.6625885
0.1458288 0.6915082
0.1072126 0.5986573
0.0597621 0.6705340
-0.0153388 0.6790304
-0.0330413 0.5951860
-0.0959855 0.6361526
-0.1586990 0.6266103
-0.1544178 0.5556861
-0.2285068 0.5681223
-0.2781375 0.5442900
-0.2549908 0.4874773
-0.3356776 0.4752268
-0.3720854 0.4402008
-0.3352607 0.3976606
-0.4152472 0.3642160
-0.4428165 0.3212591
-0.3949175 0.2919096
-0.4624126 0.2404390
-0.4993414 0.1911301
-0.4400432 0.1750098
-0.4366984 0.1092358
-0.5750186 0.0469423
-0.5146145 0.0427329
0.0000000 0.0000000
0.0000000 0.0000000
-0.4912831 -0.0380021
-0.4281426 -0.0332226
-0.3919004 -0.1116798
-0.4232595 -0.1540664
-0.3738616 -0.1374698
-0.4009942 -0.2212888
-0.3774597 -0.2623527
-0.3292016 -0.2340087
-0.3546793 -0.3228898
-0.3150406 -0.3600993
-0.2697724 -0.3203089
-0.2829838 -0.4113752
-0.2324700 -0.4429042
-0.1917409 -0.3916276
-0.1901811 -0.4810319
-0.1306809 -0.5046509
-0.0961135 -0.4429269
-0.0792054 -0.5253429
-0.0129957 -0.5387194
0.0127048 -0.4693390
0.0459236 -0.5369949
0.1140479 -0.5388584
0.1260081 -0.4658358
0.1776379 -0.5109316
0.2409755 -0.5003363
0.2372926 -0.4293960
0.3060826 -0.4453154
0.3576752 -0.4220961
0.3375606 -0.3602623
0.4182968 -0.3415931
0.4538421 -0.3070294
0.4155953 -0.2610596
0.5035926 -0.2060733
0.5182230 -0.1624986
0.4643005 -0.1389425
0.5529654 -0.0497994
0.5432280 -0.0010709
0.4776304 -0.0029723
0.5564897 0.1105555
0.5248395 0.1622762
0.4522628 0.1356630
0.5130993 0.2565458
0.4636438 0.3099541
0.3926877 0.2621615
0.4304488 0.3781303
0.3691919 0.4270119
0.3069530 0.3644914
0.3189341 0.4669344
0.2539892 0.5053262
0.2039694 0.4358919
0.1932369 0.5182703
0.1295625 0.5430541
0.0955846 0.4731921
0.0663562 0.5321379
0.0079536 0.5423309
-0.0092472 0.4771715
-0.0528001 0.5125483
-0.1021431 0.5084307
-0.1035542 0.4520873
-0.1566868 0.4644561
-0.1964506 0.4481524
-0.1821971 0.4020790
-0.2417865 0.3932721
-0.2717020 0.3671060
-0.2447320 0.3317692
-0.3063642 0.3045282
-0.3284394 0.2704092
-0.2914138 0.2458913
-0.3449275 0.2025785
-0.3732133 0.1619848
-0.3254720 0.1482268
-0.3261239 0.0923521
-0.4323249 0.0395926
-0.3810486 0.0360799
0.0000000 0.0000000
0.0000000 0.0000000
-0.3754132 -0.0318554
-0.3236619 -0.0278666
-0.3001417 -0.0924966
-0.3227777 -0.1277076
-0.2815224 -0.1140626
-0.3060604 -0.1825606
-0.2865511 -0.2164618
-0.2462488 -0.1932660
-0.2685506 -0.2646472
-0.2367415 -0.2952316
-0.1989956 -0.2627790
-0.2115956 -0.3346942
-0.1714403 -0.3599213
-0.1381942 -0.3191752
-0.1387606 -0.3876549
-0.0925318 -0.4061662
-0.0651467 -0.3579292
-0.0526711 -0.4186602
-0.0029862 -0.4288052
0.0167842 -0.3753887
0.0421184 -0.4235191
0.0920813 -0.4237860
0.1007820 -0.3692216
0.1396918 -0.3988081
0.1861367 -0.3895593
0.1817297 -0.3372875
0.2333298 -0.3441481
0.2705817 -0.3252937
0.2533619 -0.2801954
0.3148053 -0.2621889
0.3392142 -0.2341358
0.3095149 -0.2015330
0.3754630 -0.1574410
0.3858855 -0.1228878
0.3436719 -0.1058504
0.4098021 -0.0378885
0.4033843 0.0006890
0.3526509 -0.0001396
0.4135160 0.0840961
0.3905918 0.1255013
0.3357199 0.1067361
0.3837307 0.1974095
0.3488923 0.2393093
0.2936675 0.2055940
0.3258212 0.2939454
0.2823422 0.3323503
0.2327482 0.2875764
0.2476473 0.3664526
0.1996823 0.3978499
0.1595155 0.3468584
0.1569515 0.4117317
0.1097423 0.4330187
0.0804424 0.3810155
0.0635520 0.4284254
0.0196605 0.4386536
0.0032675 0.3894276
-0.0250960 0.4180291
-0.0631552 0.4173574
-0.0667581 0.3737922
-0.1040143 0.3839954
-0.1342441 0.3728970
-0.1259591 0.3371522
-0.1688529 0.3295135
-0.1914994 0.3094732
-0.1720291 0.2820736
-0.2174988 0.2581923
-0.2342777 0.2304645
-0.2049990 0.2113107
-0.2462459 0.1736442
-0.2669057 0.1389426
-0.2276196 0.1280530
-0.2319051 0.0800182
-0.3105784 0.0338709
-0.2656290 0.0312963
0.0000000 0.0000000
0.0000000 0.0000000
-0.2799314 -0.0269595
-0.2369943 -0.0238021
-0.2244464 -0.0767817
-0.2402868 -0.1067750
-0.2053170 -0.0958149
-0.2283309 -0.1514133
-0.2125118 -0.1800265
-0.1786377 -0.1616972
-0.1991227 -0.2186070
-0.1743300 -0.2442724
-0.1428018 -0.2188424
-0.1548964 -0.2746432
-0.1245554 -0.2957265
-0.0967253 -0.2639008
-0.0996164 -0.3159253
-0.0648322 -0.3307435
-0.0425471 -0.2940542
-0.0352340 -0.3384002
0.0018739 -0.3462076
0.0169853 -0.3061005
0.0349597 -0.3391944
0.0713933 -0.3391044
0.0773902 -0.2984536
0.1066649 -0.3172177
0.1394755 -0.3086717
0.1355539 -0.2707738
0.1739196 -0.2719312
0.2007020 -0.2558944
0.1858172 -0.2232858
0.2317536 -0.2057110
0.2492746 -0.1827165
0.2247594 -0.1589518
0.2754284 -0.1232483
0.2821185 -0.0943361
0.2489472 -0.0822911
0.2994581 -0.0296847
0.2953410 0.0023067
0.2548338 0.0020164
0.3020618 0.0662945
0.2865421 0.1002235
0.2427493 0.0873676
0.2825143 0.1559312
0.2574670 0.1904527
0.2141282 0.1664957
0.2423332 0.2339637
0.2116320 0.2654818
0.1712374 0.2336248
0.1873688 0.2945675
0.1531401 0.3206791
0.1197191 0.2839431
0.1234848 0.3342017
0.0888198 0.3530595
0.0641360 0.3147638
0.0561621 0.3519919
0.0243293 0.3621200
0.0088360 0.3257537
-0.0081770 0.3481187
-0.0358501 0.3494920
-0.0410048 0.3172807
-0.0651075 0.3242158
-0.0870526 0.3172095
-0.0824770 0.2909119
-0.1115294 0.2827395
-0.1268479 0.2675919
-0.1133260 0.2481708
-0.1445537 0.2255401
-0.1550476 0.2025197
-0.1325774 0.1895446
-0.1615909 0.1545991
-0.1753796 0.1232529
-0.1424433 0.1154118
-0.1489806 0.0731395
-0.2051684 0.0293334
-0.1618595 0.0273393
0.0000000 0.0000000
0.0000000 0.0000000
-0.2004371 -0.0232225
-0.1638552 -0.0207907
-0.1616064 -0.0645032
-0.1719616 -0.0908600
-0.1416761 -0.0825039
-0.1637021 -0.1272666
-0.1517858 -0.1524581
-0.1223785 -0.1382950
-0.1421041 -0.1835162
-0.1236572 -0.2057515
-0.0965446 -0.1864033
-0.1099528 -0.2296166
-0.0874058 -0.2477936
-0.0640492 -0.2236970
-0.0694758 -0.2625296
-0.0444006 -0.2753372
-0.0259602 -0.2475928
-0.0228882 -0.2797709
0.0032537 -0.2859524
0.0155813 -0.2563085
0.0269735 -0.2788349
0.0528829 -0.2782534
0.0569392 -0.2483385
0.0773725 -0.2590203
0.1005580 -0.2514241
0.0961740 -0.2235218
0.1248770 -0.2211290
0.1431200 -0.2066277
0.1305151 -0.1832468
0.1648723 -0.1667219
0.1773810 -0.1466104
0.1561134 -0.1293064
0.1948568 -0.0993085
0.1997616 -0.0745164
0.1717205 -0.0654169
0.2123066 -0.0240377
0.2088580 0.0040474
0.1760269 0.0040391
0.2140315 0.0537177
0.2037864 0.0831422
0.1672807 0.0744850
0.2008166 0.1274856
0.1839885 0.1568625
0.1477579 0.1402828
0.1743655 0.1920805
0.1527294 0.2193742
0.1193321 0.1966474
0.1366173 0.2437922
0.1130949 0.2665568
0.0842006 0.2403272
0.0926806 0.2794671
0.0685148 0.2963579
0.0467450 0.2687797
0.0464166 0.2975684
0.0238513 0.3078016
0.0097483 0.2812600
0.0016462 0.2983962
-0.0172088 0.3015111
-0.0234974 0.2783245
-0.0372930 0.2827057
-0.0513595 0.2790513
-0.0497855 0.2609354
-0.0671211 0.2518053
-0.0751499 0.2416107
-0.0668323 0.2298849
-0.0846456 0.2068199
-0.0871649 0.1890659
-0.0724607 0.1833032
-0.0868138 0.1473971
-0.0911278 0.1184506
-0.0674925 0.1134832
-0.0683957 0.0742490
-0.1091477 0.0228836
-0.0683109 0.0112578
0.0000000 0.0000000
0.0000000 0.0000000
-0.1329343 -0.0206061
-0.1002310 -0.0188869
-0.1083584 -0.0553040
-0.1139709 -0.0795044
-0.0867274 -0.0733614
-0.1093125 -0.1097701
-0.1005590 -0.1329353
-0.0744859 -0.1217497
-0.0944590 -0.1581842
-0.0818542 -0.1787167
-0.0577237 -0.1629827
-0.0725480 -0.1976766
-0.0575113 -0.2141808
-0.0367303 -0.1946547
-0.0455825 -0.2253745
-0.0285916 -0.2369810
-0.0128194 -0.2142445
-0.0147009 -0.2390975
0.0030278 -0.2447947
0.0128035 -0.2203189
0.0186504 -0.2375853
0.0355577 -0.2366667
0.0386363 -0.2124128
0.0517261 -0.2199939
0.0672532 -0.2127906
0.0623879 -0.1901491
0.0827273 -0.1870749
0.0948944 -0.1737969
0.0828261 -0.1545926
0.1094233 -0.1409347
0.1170810 -0.1221484
0.0986046 -0.1080619
0.1286403 -0.0840603
0.1323555 -0.0612389
0.1071648 -0.0531836
0.1397850 -0.0203153
0.1381198 0.0052453
0.1088932 0.0063253
0.1420072 0.0451351
0.1348778 0.0722466
0.1037186 0.0662871
0.1335813 0.1080328
0.1229498 0.1347923
0.0909901 0.1227433
0.1166946 0.1642115
0.1027649 0.1888187
0.0732844 0.1716628
0.0930102 0.2098093
0.0773757 0.2307114
0.0520017 0.2100554
0.0645184 0.2427114
0.0489127 0.2584901
0.0288655 0.2363838
0.0346278 0.2614812
0.0200154 0.2716027
0.0066988 0.2497717
0.0059974 0.2658478
-0.0059256 0.2703374
-0.0126273 0.2508637
-0.0184519 0.2567778
-0.0261425 0.2562271
-0.0266176 0.2414601
-0.0351209 0.2355166
-0.0363117 0.2311322
-0.0323501 0.2235494
-0.0390432 0.2025412
-0.0303595 0.1948430
-0.0277955 0.1939897
-0.0240170 0.1538865
-0.0012088 0.1420263
-0.0195084 0.1221404
0.0131564 0.0796834
0.0394274 0.0542546
-0.0309212 -0.0824322
0.0000000 0.0000000
0.0000000 0.0000000
-0.0733729 -0.0192215
-0.0429469 -0.0181677
-0.0617507 -0.0491588
-0.0631344 -0.0730347
-0.0380044 -0.0638453
-0.0613505 -0.0987828
-0.0560825 -0.1216743
-0.0318047 -0.1036993
-0.0530953 -0.1428103
-0.0455354 -0.1634068
-0.0235647 -0.1370911
-0.0409552 -0.1785267
-0.0320776 -0.1953807
-0.0135935 -0.1619635
-0.0257279 -0.2035404
-0.0161926 -0.2154635
-0.0021770 -0.1767953
-0.0085365 -0.2158430
0.0016114 -0.2219955
0.0096493 -0.1806109
0.0097811 -0.2141029
0.0195604 -0.2138685
0.0212314 -0.1729384
0.0284499 -0.1982220
0.0370398 -0.1914221
0.0320413 -0.1537755
0.0454691 -0.1686387
0.0528153 -0.1558007
0.0406061 -0.1238296
0.0601241 -0.1270714
0.0649237 -0.1088595
0.0468505 -0.0849427
0.0715665 -0.0763273
0.0732091 -0.0537765
0.0503520 -0.0396767
0.0778086 -0.0194296
0.0772143 0.0057784
0.0499989 0.0092679
0.0790147 0.0395632
0.0755289 0.0661135
0.0465581 0.0585343
0.0752570 0.0964790
0.0691364 0.1227589
0.0403064 0.1045413
0.0661579 0.1480456
0.0585750 0.1719728
0.0314501 0.1445601
0.0534058 0.1908900
0.0446772 0.2110406
0.0214141 0.1762721
0.0380778 0.2226869
0.0291881 0.2380108
0.0108835 0.1982776
0.0216065 0.2423975
0.0134799 0.2523007
0.0009653 0.2103049
0.0059954 0.2498441
-0.0006071 0.2545907
-0.0070347 0.2131594
-0.0072647 0.2460492
-0.0110046 0.2468830
-0.0116816 0.2091599
-0.0158400 0.2330489
-0.0135404 0.2340181
-0.0100958 0.2049843
-0.0153818 0.2123510
0.0093113 0.2282416
-0.0065839 0.2040797
-0.0026887 0.1674180
0.1303832 0.2667090
-0.0704729 0.1361182
0.0297873 0.0254296
0.5098101 0.3691763
-0.2121013 -0.2736809
0.0000000 0.0000000
0.0000000 0.0000000
-0.0154876 -0.0203559
0.0000000 0.0000000
-0.0158354 -0.0480158
-0.0143507 -0.0775092
0.0000000 0.0000000
-0.0146164 -0.1003086
-0.0129275 -0.1285441
0.0000000 0.0000000
-0.0124673 -0.1474802
-0.0104830 -0.1718881
0.0000000 0.0000000
-0.0096304 -0.1858300
-0.0072006 -0.2049756
0.0000000 0.0000000
-0.0060713 -0.2128412
-0.0033947 -0.2254426
0.0000000 0.0000000
-0.0017915 -0.2264636
0.0008927 -0.2315535
0.0000000 0.0000000
0.0027228 -0.2253903
0.0053348 -0.2225522
0.0000000 0.0000000
0.0071540 -0.2093255
0.0093975 -0.1986411
0.0000000 0.0000000
0.0114762 -0.1790555
0.0131550 -0.1610906
0.0000000 0.0000000
0.0150328 -0.1363212
0.0163179 -0.1120224
0.0000000 0.0000000
0.0176579 -0.0836622
0.0181272 -0.0544556
0.0000000 0.0000000
0.0195115 -0.0245759
0.0190053 0.0078315
0.0000000 0.0000000
0.0198842 0.0370253
0.0187226 0.0706368
0.0000000 0.0000000
0.0189411 0.0971581
0.0170700 0.1298086
0.0000000 0.0000000
0.0169020 0.1519304
0.0145014 0.1814858
0.0000000 0.0000000
0.0137333 0.1980482
0.0110525 0.2228092
0.0000000 0.0000000
0.0099232 0.2330641
0.0071855 0.2518995
0.0000000 0.0000000
0.0057967 0.2557035
0.0032573 0.2680933
0.0000000 0.0000000
0.0017448 0.2660218
-0.0003388 0.2720990
0.0000000 0.0000000
-0.0016298 0.2654703
-0.0036597 0.2655535
0.0000000 0.0000000
-0.0048963 0.2574976
-0.0090075 0.2529425
0.0000000 0.0000000
-0.0187954 0.2421103
0.0154589 0.2908534
0.0000000 0.0000000
-0.1052927 0.1710276
0.3154514 0.6646451
0.0000000 0.0000000
-0.2990209 -0.1485076
1.3994828 1.4246293
0.0000000 0.0000000
0.0000000 0.0000000
-33.20289
-33.36657
-34.86137
-37.2227
-40.76772
-45.70233
-52.35764
-61.235
-73.15685
-90.31271
-119.1987
-169.6229
-224.7852
-14.86861
-76.95927
-52.08636
-46.85622
-43.11157
-39.37263
-36.01495
-33.11068
-30.82645
-29.12987
-27.96518
-27.29274
-27.17123
-33.09877
-33.35997
-34.75602
-37.16613
-40.76271
-45.82697
-52.72426
-61.92821
-74.10319
-91.11568
-118.136
-181.3133
-166.4882
21.66447
-83.9261
-55.62836
-48.49351
-44.42846
-40.23911
-36.55
-33.38672
-30.96299
-29.20842
-28.02497
-27.33467
-27.2128
-32.72178
-33.03238
-34.4257
-36.91726
-40.70739
-46.20547
-53.98844
-64.7707
-79.23335
-97.38485
-119.3891
-130.4699
-134.2719
-8.085749
-48.84777
-59.18217
-53.84643
-49.1341
-43.88044
-38.55396
-34.49078
-31.5649
-29.54243
-28.23534
-27.47979
-27.33504
-31.93099
-32.29064
-33.68105
-36.23782
-40.24142
-46.25971
-55.20574
-68.22732
-85.76485
-110.1958
-140.1051
-135.5174
-78.83097
-14.05138
-52.63181
-80.8924
-71.88243
-57.44228
-49.97338
-41.62705
-36.09103
-32.41227
-29.97601
-28.44939
-27.60789
-27.41603
-30.61503
-30.99612
-32.34242
-34.87167
-38.94728
-45.3193
-55.37535
-71.74205
-97.04545
-132.7588
-158.6621
-132.1882
-85.83131
-70.08453
-94.11659
-115.4798
-108.0479
-73.89174
-56.60986
-44.96268
-37.68124
-33.10363
-30.20007
-28.42851
-27.48955
-27.24081
-28.63699
-29.01473
-30.24669
-32.59603
-36.47107
-42.75207
-53.18975
-71.8479
-109.2056
-170.568
-187.8684
-171.7058
-140.0271
-143.4235
-150.047
-159.059
-143.1164
-95.06875
-62.57889
-47.1593
-38.39137
-33.09243
-29.83341
-27.88521
-26.87465
-26.58412
-25.8999
-26.24664
-27.28635
-29.27567
-32.59116
-37.99674
-47.11049
-63.68981
-102.521
-191.8637
-212.1693
-197.1677
-156.375
-175.1949
-199.2327
-181.7743
-153.7279
-101.9332
-64.08305
-46.71765
-37.35918
-31.87956
-28.56122
-26.58979
-25.56212
-25.274
-22.43834
-22.68986
-23.45941
-24.91574
-27.32852
-31.27991
-37.87615
-50.00448
-76.26352
-137.3315
-166.1693
-162.8322
-139.6441
-127.7542
-139.1302
-151.0809
-132.2007
-87.99186
-57.35621
-42.17091
-33.97359
-29.17322
-26.23822
-24.46454
-23.51188
-23.26143
-18.43887
-18.56365
-19.01242
-19.82625
-21.13911
-23.29274
-26.77299
-33.29474
-43.28143
-69.04204
-50.6767
-56.08843
-52.22996
-77.07435
-86.92696
-102.9981
-90.10147
-60.46498
-43.87302
-34.42351
-28.73499
-25.22637
-23.01787
-21.64746
-20.88688
-20.67376
-14.17067
-14.19656
-14.2939
-14.45102
-14.66009
-14.96865
-15.23827
-15.6221
-14.10813
-14.01994
7.470515
15.65413
7.096123
-46.49709
-56.45766
-54.25101
-47.00219
-35.77437
-29.48933
-25.41799
-22.54417
-20.55269
-19.20959
-18.33744
-17.83203
-17.67615
-9.904039
-9.845032
-9.628144
-9.211181
-8.49062
-7.301585
-5.193194
-1.737221
4.886854
13.34433
27.0287
41.16389
44.66169
24.95644
-1.74904
-12.05553
-15.68412
-17.28614
-17.34196
-16.88725
-16.28133
-15.67218
-15.166
-14.79352
-14.5558
-14.46828
-5.870083
-5.74515
-5.293049
-4.462367
-3.120551
-1.058922
2.110198
6.748295
13.65702
23.35257
34.15953
41.74973
45.85565
38.91183
26.06135
10.58487
0.7391146
-4.776247
-7.955595
-9.681164
-10.58534
-11.01559
-11.19549
-11.25734
-11.26369
-11.2462
-2.230562
-2.066727
-1.478315
-0.4235999
1.206465
3.572053
6.909248
11.40292
17.34579
24.59631
32.43566
37.46019
39.15349
35.23561
27.37739
17.54959
9.043081
2.8622
-1.313656
-4.035068
-5.771447
-6.86043
-7.525731
-7.919198
-8.122458
-8.16819
0.928706
1.101986
1.732875
2.847247
4.51395
6.826061
9.895956
13.78301
18.53603
23.74231
28.74399
31.95279
32.74575
30.28468
25.20152
18.75794
12.44441
7.144147
3.088134
0.1523649
-1.91497
-3.33911
-4.294181
-4.905581
-5.246133
-5.340726
3.58673
3.745289
4.346408
5.402852
6.950021
9.026877
11.66157
14.83437
18.4413
22.12157
25.34409
27.35042
27.71282
26.045
22.63973
18.22776
13.61542
9.402528
5.890691
3.136849
1.054066
-0.4740297
-1.556334
-2.279487
-2.695871
-2.819892
5.765951
5.895965
6.423532
7.352504
8.696624
10.46178
12.62738
15.128
17.81069
20.40022
22.52279
23.77795
23.904
22.71246
20.34722
17.22262
13.81783
10.53353
7.626483
5.204319
3.271914
1.787566
0.6970694
-0.05133762
-0.4895087
-0.6227022
7.510858
7.60961
8.047699
8.821743
9.932305
11.36842
13.08974
15.01319
16.9906
18.81592
20.23952
21.02803
21.02344
20.13
18.42385
16.14555
13.59169
11.03232
8.666447
6.606403
4.897039
3.53994
2.517425
1.804307
1.384403
1.258792
8.875242
8.947912
9.300398
9.923661
10.80912
11.93755
13.26528
14.71305
16.15678
17.44339
18.40486
18.89544
18.81619
18.11712
16.84211
15.13558
13.18748
11.18204
9.269147
7.550067
6.082672
4.889778
3.975
3.331367
2.953008
2.844748
9.915307
9.970479
10.25145
10.74548
11.43792
12.30516
13.30591
14.37353
15.41246
16.31142
16.95478
17.24649
17.12211
16.5532
15.56857
14.25806
12.74627
11.16159
9.616307
8.195881
6.958331
5.934866
5.140205
4.578266
4.24941
4.160457
10.68639
10.73185
10.95779
11.34973
11.88969
12.55211
13.29925
14.07694
14.81414
15.43175
15.85008
16.0033
15.84839
15.36807
14.58189
13.54891
12.35279
11.0846
9.829186
8.656923
7.619885
6.751585
6.071585
5.589065
5.307338
5.23394
11.24079
11.28167
11.46679
11.78172
12.20749
12.71853
13.28054
13.84921
14.3712
14.78983
15.04988
15.10593
14.92877
14.50805
13.85762
13.01789
12.0475
11.01258
9.978229
9.001789
8.128817
7.392033
6.812377
6.400392
6.159459
6.095849
11.62539
11.66422
11.81925
12.07739
12.42024
12.82356
13.25656
13.68206
14.05838
14.34322
14.49689
14.48751
14.2953
13.91424
13.35534
12.64776
11.83469
10.96629
10.09371
9.264407
8.518632
7.887667
7.392592
7.042969
6.838006
6.779299
11.87959
11.9173
12.05056
12.26767
12.55183
12.88079
13.22707
13.55869
13.84114
14.04083
14.12748
14.07747
13.87694
13.52256
13.02386
12.40391
11.69652
10.94182
10.18189
9.457435
8.805227
8.256088
7.832532
7.543706
7.37604
7.313037
12.03395
12.0711
12.18973
12.37914
12.62418
12.90467
13.19589
13.46933
13.69482
13.84387
13.8915
13.81879
13.61481
13.27795
12.81692
12.25159
11.6106
10.92808
10.24074
9.585283
8.996577
8.506267
8.141973
7.923656
7.823792
7.649838
12.10856
12.14739
12.25837
12.43248
12.65587
12.90982
13.17147
13.41424
13.61022
13.73362
13.76204
13.67857
13.47369
13.14645
12.70532
12.16868
11.5626
10.91834
10.26992
9.651994
9.098677
8.642013
8.313577
8.15548
8.087377
7.110283
12.11105
12.15688
12.2674
12.43849
12.65745
12.90602
13.16152
13.398
13.58843
13.70725
13.73249
13.64752
13.44293
13.11791
12.68096
12.15012
11.55101
10.91436
10.27373
9.66339
9.117158
8.666555
8.334413
8.074984
7.111129
0
