0.0000000 0.0000000
0.0000000 0.0000000
0.0000000 0.0000000
0.0000000 0.0000000
0.0000000 0.0000000
0.0000000 0.0000000
0.0000000 0.0000000
0.0000000 0.0000000
0.0000000 0.0000000
0.0000000 0.0000000
0.0000000 0.0000000
0.0000000 0.0000000
0.0000000 0.0000000
0.0000000 0.0000000
0.0000000 0.0000000
0.0000000 0.0000000
0.0000000 0.0000000
0.0000000 0.0000000
0.0000000 0.0000000
0.0000000 0.0000000
0.0000000 0.0000000
0.0000000 0.0000000
0.0000000 0.0000000
0.0000000 0.0000000
0.0000000 0.0000000
0.0000000 0.0000000
0.0000000 0.0000000
-0.0029652 0.1486416
-1.7720344 1.0504097
-1.7876770 2.4048700
-1.0624093 3.5573571
-0.7639245 4.2713065
-0.7589278 5.0206633
-0.9329545 5.8957767
-1.3061173 6.9974489
-2.0918062 8.4497652
-3.7635577 10.6540909
-8.5808592 13.4528875
9.2495375 19.9358273
12.4328527 -11.2810736
-6.5738893 -9.8140087
-3.5543640 -7.5181804
-2.6651988 -4.5043101
-1.4102561 -3.2560468
-0.8469574 -2.3814518
-0.5652138 -1.7827940
-0.4002737 -1.3453912
-0.3050218 -1.0140878
-0.3016486 -0.7378570
-0.4036804 -0.3719897
-0.2761228 -0.0766959
0.0000000 0.0000000
0.0000000 0.0000000
-0.7064881 0.3557515
-3.3403716 1.6429278
-2.6200969 2.4935968
-1.7277991 3.1931999
-1.5399287 3.9230986
-1.6577117 4.7857566
-1.9346755 5.6266074
-2.4754968 6.4761066
-3.5803628 7.3605075
-5.7440562 7.8368688
0.3579144 8.3345928
16.8206635 10.2982140
27.0927925 -8.4474764
6.1232419 -3.0848591
-6.1533279 -2.0380189
-2.5607150 -3.7631266
-2.0562367 -2.6602342
-1.4086622 -1.9444896
-0.9855021 -1.4825717
-0.7306227 -1.1441988
-0.5759958 -0.8570431
-0.5343568 -0.6305783
-0.7061232 -0.3720091
-0.5866294 -0.1232797
0.0000000 0.0000000
0.0000000 0.0000000
-1.9526289 0.6432157
-4.3940330 1.9738135
-3.0647187 2.4076495
-2.4379447 3.0887251
-2.3884575 3.8580325
-2.4502079 4.6346011
-2.6593566 5.3017058
-3.1114485 5.8095770
-4.0173502 5.9561830
-6.1021686 5.3597312
-0.4645704 -1.9213274
20.4878483 6.4030404
36.9569130 -3.3602042
-7.5383773 0.9239445
-4.9549880 1.5857831
-4.5735874 -0.3896422
-2.6302702 -1.3598698
-1.7629527 -1.2878451
-1.2575244 -1.1158119
-0.9682767 -0.9344195
-0.8025905 -0.7390628
-0.7331129 -0.5521712
-0.9069515 -0.3801428
-0.9171814 -0.1488377
0.0000000 0.0000000
0.0000000 0.0000000
-3.5879409 0.8598021
-5.0029426 2.0977018
-3.5316253 2.3746114
-3.2265556 3.1391969
-3.1532314 3.8923657
-3.1215138 4.5928974
-3.1612797 5.1675920
-3.3263280 5.5017557
-3.6791444 5.4363160
-4.4383483 4.2141724
3.5145819 -3.9942005
13.3166685 2.5789280
29.7039452 -3.6619329
-3.2626953 0.7759374
-5.3041444 1.8556366
-3.6646643 0.2140509
-2.2934141 -0.4083124
-1.7038734 -0.7099740
-1.3234874 -0.7783930
-1.0914561 -0.7360449
-0.9600132 -0.6344199
-0.8983912 -0.4889255
-1.0493373 -0.3706627
-1.2385187 -0.1608458
0.0000000 0.0000000
0.0000000 0.0000000
-5.2996287 0.9818200
-5.3504696 2.0896959
-4.1553769 2.4310453
-4.0069008 3.2465534
-3.8796804 3.9983013
-3.7383585 4.7354426
-3.6541362 5.3797145
-3.5258627 5.8334894
-3.1277621 5.7269483
-2.3396804 4.4917130
6.3620324 -2.4667397
13.2228279 1.9915724
33.6562538 -2.8271549
3.5325916 1.0682930
-3.1231220 0.6734842
-2.7354527 0.3955533
-1.8182240 -0.0146652
-1.4761059 -0.3942132
-1.2601016 -0.5688346
-1.1274652 -0.6071758
-1.0591351 -0.5667435
-1.0345125 -0.4542957
-1.1641635 -0.3604908
-1.5293479 -0.1718107
0.0000000 0.0000000
0.0000000 0.0000000
-6.8624053 1.0192002
-5.6760373 2.0232804
-4.9170351 2.5381770
-4.7915792 3.3848438
-4.6382995 4.2011657
-4.5195751 5.0852056
-4.3897285 5.9670315
-3.8705969 6.5175896
-2.3953991 6.2148600
-0.0393640 4.5436840
8.4162827 -1.2822051
11.8493776 0.7730525
29.1073341 1.4702339
1.8663749 -0.5172346
-1.9049375 0.1334456
-1.8127925 0.2768010
-1.2740811 0.0379646
-1.1801726 -0.3155955
-1.1378103 -0.5141911
-1.1188176 -0.5793635
-1.1270465 -0.5596844
-1.1545385 -0.4604042
-1.2751822 -0.3661091
-1.7916834 -0.1877320
0.0000000 0.0000000
0.0000000 0.0000000
-8.1856680 1.0066437
-6.1483030 1.9463986
-5.7673068 2.6477051
-5.6360955 3.5427353
-5.5497627 4.4922237
-5.5794334 5.6185756
-5.3080735 6.6181893
-3.8383479 6.8270302
-1.0579724 5.8464589
2.2842562 3.9385002
9.9761944 -0.5566069
12.2021866 1.2362530
24.5169277 2.1229410
0.7365593 -1.2824247
-1.3438488 -0.1648950
-1.1826270 0.1051058
-0.7947358 -0.1068225
-0.8898463 -0.4342858
-1.0112969 -0.6141366
-1.1079561 -0.6610004
-1.1953976 -0.6238052
-1.2782552 -0.5125933
-1.4016016 -0.3960543
-2.0394244 -0.2114335
0.0000000 0.0000000
0.0000000 0.0000000
-9.2747326 0.9768581
-6.8181129 1.8793616
-6.6811004 2.7290301
-6.5839996 3.6915028
-6.7076850 4.8207450
-6.8821578 6.1881609
-5.8577433 6.8472829
-2.9670010 6.3342276
0.7079887 4.7574968
4.5166130 2.9431651
11.8682089 -1.3228246
12.4265385 -1.7536212
34.2240067 1.4082302
-1.6136291 -1.4763854
-1.3273422 0.4509868
-0.7997674 -0.0225747
-0.4058750 -0.4589545
-0.6679408 -0.7409582
-0.9321841 -0.8555599
-1.1356384 -0.8441784
-1.2954682 -0.7568143
-1.4271805 -0.6086215
-1.5594538 -0.4513990
-2.2896519 -0.2429377
0.0000000 0.0000000
0.0000000 0.0000000
-10.1599159 0.9419924
-7.6528616 1.8158368
-7.6442904 2.7596641
-7.6429234 3.7841280
-8.1761503 5.1109867
-7.9361572 6.3513575
-5.4708562 6.1726875
-1.4655317 5.0714965
2.5258882 3.3882062
6.4153419 1.6795902
13.4204502 -1.9901676
14.9182968 -2.6380904
29.2469044 -4.6874576
0.4675128 -0.6793427
1.0009211 0.0624411
0.4471074 -0.7370374
0.0798893 -1.0742455
-0.4986870 -1.2339917
-0.9301804 -1.2284037
-1.2342793 -1.1160867
-1.4535798 -0.9476671
-1.6215981 -0.7397127
-1.7628372 -0.5270985
-2.5544193 -0.2807596
0.0000000 0.0000000
0.0000000 0.0000000
-10.8688164 0.9064042
-8.5840101 1.7445444
-8.6345730 2.7216995
-8.8201618 3.7863374
-9.7123260 5.1312771
-8.1008301 5.7192183
-4.2721720 4.8148446
0.2733539 3.3350072
4.1943073 1.6518565
8.1254044 0.1781138
15.5970736 -3.3933072
17.7453232 -6.7525268
32.3946648 -4.4939675
5.8803773 0.3514988
1.8811839 -2.0021973
0.9207658 -2.0869238
0.2176722 -2.0248640
-0.5295662 -1.9060415
-1.0720192 -1.7067288
-1.4410280 -1.4527780
-1.6940056 -1.1780646
-1.8778266 -0.8922738
-2.0222764 -0.6143582
-2.8383791 -0.3215215
0.0000000 0.0000000
0.0000000 0.0000000
-11.4163656 0.8618731
-9.5376816 1.6603129
-9.6148577 2.6188493
-10.0565624 3.6641216
-10.7566051 4.7519827
-7.4287357 4.5030012
-2.5339336 3.1973712
1.7313188 1.7747891
5.6750040 0.1241191
8.9355421 -1.1556762
16.9516525 -3.4654579
25.5551720 -10.1347542
6.1958613 -4.4062786
3.7438729 -4.9443436
1.5340918 -4.5061450
0.5455506 -3.7975008
-0.1125188 -3.1634157
-0.8412881 -2.6882367
-1.4094888 -2.2463136
-1.7858686 -1.8205726
-2.0340743 -1.4224533
-2.2055683 -1.0486808
-2.3422565 -0.7016063
-3.1385796 -0.3600378
0.0000000 0.0000000
0.0000000 0.0000000
-11.8342724 0.8117080
-10.4525728 1.5559604
-10.5683880 2.4695630
-11.2143564 3.4012382
-10.9503794 4.0999813
-6.2918267 3.2366731
-0.9010116 1.6961168
3.1213479 0.4358034
7.2877698 -1.0997336
11.2154531 -3.1230953
17.6805763 -3.4482076
31.3585567 -12.6282330
6.7606001 -6.2496157
3.5609455 -6.7392879
0.8700160 -6.4817233
-0.4814892 -5.4796028
-0.9102536 -4.3538499
-1.4570692 -3.4904876
-1.9675667 -2.7823358
-2.2839518 -2.1746051
-2.4803832 -1.6488107
-2.6067340 -1.1868017
-2.7202003 -0.7746459
-3.4448993 -0.3897745
0.0000000 0.0000000
0.0000000 0.0000000
-12.1509676 0.7508243
-11.2949886 1.4290067
-11.4766474 2.2715082
-12.2186060 3.1005149
-10.4361620 3.5066600
-4.8644423 2.2429688
0.1643876 0.8888618
4.5362945 -0.9803167
8.4636555 -2.0280120
13.4773684 -4.0366430
23.9800739 -10.1810846
30.0350304 -10.5498629
9.6147194 -7.0747104
3.6980999 -8.2161121
0.0441623 -8.1449413
-1.9429564 -7.0648346
-2.2365067 -5.4902453
-2.3849480 -4.2064824
-2.7459588 -3.2416966
-2.9337437 -2.4627569
-3.0259259 -1.8197824
-3.0718939 -1.2807770
-3.1425333 -0.8167508
-3.7404389 -0.4030853
0.0000000 0.0000000
0.0000000 0.0000000
-12.3864641 0.6844912
-12.0575886 1.2832174
-12.3913326 2.0591633
-12.8495636 2.6140292
-9.3738937 2.6980200
-3.3666351 1.3956344
1.2671933 -0.0779733
6.2039261 -2.4527550
9.5476665 -3.0616925
15.3386250 -3.4875867
34.0854492 -14.8571310
12.3227739 -8.9701529
9.3464184 -8.2289295
4.0447206 -8.5109205
-0.5549608 -8.7416563
-3.4492311 -8.1085882
-4.1184082 -6.4550605
-3.6286073 -4.7372437
-3.7279391 -3.5438058
-3.7112248 -2.6295102
-3.6472657 -1.8942878
-3.5803912 -1.3020383
-3.5850003 -0.8110857
-4.0044212 -0.3927429
0.0000000 0.0000000
0.0000000 0.0000000
-12.5599813 0.5993021
-12.7264748 1.0998721
-13.2738800 1.8012007
-13.0793991 2.1778295
-7.8589754 1.9718131
-1.8985709 0.7284853
3.0475283 -0.9705079
7.6192479 -3.3468924
11.2723913 -5.0976720
28.3425617 -13.2770405
34.9725227 -13.0338812
13.3599348 -6.9934945
9.5237703 -7.4255557
4.8605490 -7.5336070
-0.4793411 -7.9242334
-4.3826690 -7.9355555
-6.2277789 -6.8017812
-5.2075214 -4.9633260
-4.8955503 -3.6190765
-4.5721421 -2.6178992
-4.3057146 -1.8309799
-4.0987067 -1.2227774
-4.0105376 -0.7412855
-4.2161813 -0.3520164
0.0000000 0.0000000
0.0000000 0.0000000
-12.6920338 0.4865061
-13.3226099 0.8606358
-14.2243862 1.4598751
-12.8389730 1.4451222
-6.3793392 1.3767407
-0.4614482 0.1480945
4.7137413 -1.5429527
9.0068378 -3.2505710
14.5724134 -5.5813918
31.4007950 -12.4210091
28.7580929 -9.8543844
13.8071747 -5.4374356
9.7356930 -5.5056157
5.2530890 -5.5024347
0.4292999 -5.9602127
-4.4397435 -6.6023164
-7.5783577 -6.0717430
-7.1863232 -4.5691147
-6.1216340 -3.4049938
-5.4582191 -2.3660045
-4.9469833 -1.5861310
-4.5788665 -1.0176361
-4.3757167 -0.5947539
-4.3657126 -0.2775738
0.0000000 0.0000000
0.0000000 0.0000000
-12.7766056 0.3259589
-13.8033295 0.5326791
-15.0689316 0.9572291
-11.9952421 0.5198550
-4.7956643 0.3446008
0.6089422 -0.4271408
6.2755132 -2.4299419
10.9249773 -3.8591592
18.6502743 -6.3037786
33.7610283 -10.1034222
20.6697216 -6.2520328
13.3431454 -3.9675419
9.3678122 -3.4783323
5.3658829 -3.3267832
1.3692452 -3.6222248
-3.7067630 -4.6252904
-7.8171906 -4.0937891
-9.1458120 -3.6088581
-7.3372202 -2.7882435
-6.2635336 -1.8176767
-5.5017977 -1.1315829
-4.9667306 -0.6703789
-4.6355300 -0.3648675
-4.4413781 -0.1600293
0.0000000 0.0000000
0.0000000 0.0000000
-12.9078779 0.0771036
-14.1313324 0.0120858
-15.6496611 0.1701613
-11.3824873 -0.0527324
-3.5956366 -0.3574515
1.7916113 -1.5178989
7.3271718 -2.9066238
12.7498007 -4.6167440
23.1142902 -7.0099268
32.9773216 -10.1544971
16.9184437 -3.5491533
13.0063648 -2.6471593
8.8564405 -1.8403332
5.3334770 -1.5470375
1.2325749 -1.5932933
-2.8141503 -2.0430865
-6.9502058 -1.6278563
-10.8043842 -1.2662199
-8.3179626 -1.6594248
-6.8972588 -0.8862639
-5.8882618 -0.4278174
-5.1968870 -0.1754012
-4.7560897 -0.0534292
-4.4593163 -0.0066136
0.0000000 0.0000000
0.0000000 0.0000000
-12.7670364 -0.2821103
-14.1825695 -0.7291362
-15.9539642 -1.1358054
-10.6986399 -1.5832744
-2.9374120 -1.7139839
3.4094744 -2.6618021
8.2571163 -3.0645664
13.4320736 -4.0913606
27.8370495 -7.7795515
26.8837757 -4.2998395
14.3244143 -2.5199108
11.8426609 -1.3358870
8.0258675 -0.1865229
5.5242286 -0.0522545
1.3179337 0.1554831
-2.1339536 0.0574327
-7.0329185 0.0963658
-11.1521702 0.2584064
-9.0120525 0.1913759
-7.1826925 0.3733259
-6.0119405 0.4553634
-5.2136459 0.4241716
-4.7014456 0.3182141
-4.3511043 0.1704739
0.0000000 0.0000000
0.0000000 0.0000000
-12.1289425 -0.7770170
-13.7071819 -1.7854434
-15.3738508 -2.9141457
-9.3683186 -3.9816914
-2.4153936 -3.9047287
3.9947174 -3.5474715
9.1699705 -4.2053647
13.5006380 -3.2850556
27.5921040 -8.5802336
24.0778885 -5.9312463
12.9351797 -2.4791539
10.3254604 -0.4696813
6.9132438 1.3306198
5.3148165 1.3818203
0.9601113 2.5363741
-2.3485246 2.5849848
-6.7842169 2.8788393
-11.3425255 3.2511609
-8.9515133 2.1837440
-7.0451102 1.8324941
-5.8012872 1.4479494
-4.9636178 1.0884656
-4.4260287 0.7271934
-4.0600333 0.3583623
0.0000000 0.0000000
0.0000000 0.0000000
-10.9205179 -1.3662301
-12.3916063 -3.1663179
-14.4304504 -4.9899192
-9.3428545 -5.1414704
-3.6979280 -4.6511526
3.1533489 -4.3299942
8.5452738 -4.2893014
15.1940088 -4.5084462
33.1583824 -5.9864163
18.1149197 -5.4270911
9.9601402 -1.0115672
8.2627439 0.9391911
6.1333733 2.1588895
4.2161808 3.3268242
1.0164089 4.7415662
-2.7072093 5.1185436
-7.0441184 5.6199970
-10.1500177 6.5720811
-8.1510468 4.2257962
-6.4443970 3.2088883
-5.2683444 2.4201190
-4.4501462 1.7475722
-3.9130657 1.1341616
-3.5588298 0.5590926
0.0000000 0.0000000
0.0000000 0.0000000
-9.0807056 -2.1040223
-10.4003382 -4.4549227
-12.0878172 -7.2960706
-9.4315357 -11.0376425
-3.1243200 -8.1312122
2.5207763 -7.0125699
7.5280967 -5.7011948
19.5383759 -7.3916249
31.7063370 -9.7984791
14.2311420 -1.4273729
8.0329542 1.5211723
6.5505333 2.9450135
3.8145890 4.5426979
1.9870229 5.9947004
0.5695738 8.8380861
-2.2551517 9.8936901
-8.0953903 10.8429155
-8.5382137 8.5774374
-6.2549953 5.9392767
-5.1950455 4.4835820
-4.3264165 3.3679366
-3.6521091 2.3933501
-3.1939299 1.5265157
-2.8368623 0.7461150
0.0000000 0.0000000
0.0000000 0.0000000
-6.2416706 -3.2202930
-7.5548353 -6.6969314
-8.8034763 -10.0112925
-7.5918517 -13.5669823
-0.4485258 -14.1855545
1.7635211 -13.5532780
10.8321257 -11.7580738
24.6741047 -10.6884727
22.7641544 -1.6325350
11.5128212 0.4198423
5.5042858 6.2266054
4.6038651 7.8536363
2.9405437 10.2747536
-0.7223265 13.4858179
-3.0622885 12.4011765
-2.5409105 14.3125820
-6.9958320 14.0641108
-5.8909693 10.8170700
-4.8306093 9.2956924
-3.7386026 7.2948360
-2.8819149 5.3331590
-2.3928778 3.6737270
-2.1173403 2.2883844
-1.9734303 1.0803142
0.0000000 0.0000000
0.0000000 0.0000000
-2.6977458 -3.6343884
-3.5560536 -8.5374861
-4.5694594 -14.5965452
-4.5264053 -19.3569851
-3.5285027 -21.2067871
-0.1600006 -20.5351524
8.3457050 -15.6626806
12.7758036 -3.2003014
13.1557045 4.5424070
8.4156904 9.0948534
2.3164163 13.7068787
2.5429997 15.4346504
2.7813847 16.7680302
0.9664636 20.1515961
-1.5070949 19.9559555
-1.9831401 21.4117985
-3.1941364 19.8074341
-2.6680126 15.7237444
-1.9720844 11.6431694
-1.3420246 8.3782082
-1.0022475 6.0523520
-0.8439191 4.2000265
-0.7541821 2.6094251
-0.7871730 0.7905142
0.0000000 0.0000000
0.0000000 0.0000000
0.0000000 0.0000000
0.0000000 0.0000000
0.0000000 0.0000000
0.0000000 0.0000000
0.0000000 0.0000000
0.0000000 0.0000000
0.0000000 0.0000000
0.0000000 0.0000000
0.0000000 0.0000000
0.0000000 0.0000000
0.0000000 0.0000000
0.0000000 0.0000000
0.0000000 0.0000000
0.0000000 0.0000000
0.0000000 0.0000000
0.0000000 0.0000000
0.0000000 0.0000000
0.0000000 0.0000000
0.0000000 0.0000000
0.0000000 0.0000000
0.0000000 0.0000000
0.0000000 0.0000000
0.0000000 0.0000000
0.0000000 0.0000000
0.0000000 0.0000000
0.0000000 0.0000000
0.2839311 -0.2836783
0.0000000 0.0000000
0.5365237 -0.1806395
-0.1458212 -0.3507078
-0.1870859 -0.2773096
0.0000000 0.0000000
-1.2595241 0.1329048
-0.5693927 0.7374242
-0.5871136 1.7997069
0.0000000 0.0000000
-1.8239692 1.7622483
-0.5516171 2.8165984
-0.5131344 3.7347744
0.0000000 0.0000000
-1.3487470 3.1303804
-0.3930822 4.4794741
-0.3420926 5.0455480
0.0000000 0.0000000
-0.8687358 3.9495931
-0.2975236 5.5663228
-0.2947760 6.0465217
0.0000000 0.0000000
-0.7360451 4.6504340
-0.3059490 6.5499425
-0.3441834 7.0486145
0.0000000 0.0000000
-0.8149523 5.4362283
-0.3764067 7.6775374
-0.4585600 8.3052378
0.0000000 0.0000000
-1.0586234 6.3909278
-0.5247028 9.2048454
-0.6929477 10.0620365
0.0000000 0.0000000
-1.5470060 7.6203580
-0.8585619 11.5279102
-1.1745379 12.8972054
0.0000000 0.0000000
-2.5742517 9.5767956
-1.7016685 15.2758160
-1.9089350 18.2289829
0.0000000 0.0000000
-4.8355579 14.1556425
-1.6678964 21.2449703
-2.3444715 24.6869259
0.0000000 0.0000000
3.0231352 13.4148169
4.6347828 18.8025703
11.3494511 5.8146214
0.0000000 0.0000000
12.6350546 13.1572456
11.5323534 -9.1513109
-1.9443420 -11.3679008
0.0000000 0.0000000
12.8917074 -3.1887338
-1.5570737 -14.1846981
-1.0864133 -13.1158323
0.0000000 0.0000000
-8.1056423 -10.4892054
-0.5597040 -9.0470648
-0.6388412 -7.3292198
0.0000000 0.0000000
-3.0150321 -6.2799273
-0.4837473 -6.2014055
-0.4426643 -5.1219969
0.0000000 0.0000000
-2.0960903 -3.9182768
-0.3463670 -4.2713056
-0.3284940 -3.4880476
0.0000000 0.0000000
-1.1112436 -2.8047061
-0.2846595 -3.0146968
-0.2336550 -2.4877458
0.0000000 0.0000000
-0.6920817 -2.0343599
-0.1960996 -2.1761358
-0.1650596 -1.8278232
0.0000000 0.0000000
-0.4734228 -1.5309913
-0.1403329 -1.5994444
-0.1223186 -1.3551029
0.0000000 0.0000000
-0.3460890 -1.1591587
-0.1079699 -1.1858790
-0.0954703 -0.9918892
0.0000000 0.0000000
-0.2918892 -0.8667074
-0.1002626 -0.8323418
-0.1167316 -0.6514276
0.0000000 0.0000000
-0.3434795 -0.5803965
-0.1388254 -0.4239663
-0.1373412 -0.1965401
0.0000000 0.0000000
-0.3932224 -0.1973780
-0.0698420 -0.0534669
-0.0022950 0.0967979
0.0000000 0.0000000
0.0422346 0.0514534
0.0000000 0.0000000
0.0000000 0.0000000
0.8730558 -0.1308379
0.7886344 -0.0299158
-0.4698269 0.0941448
-1.6018001 0.5317154
-2.5255690 0.8311873
-2.4464970 1.3510369
-2.5335646 2.0586765
-3.0355701 2.1332731
-2.0628233 2.6495278
-1.6778092 3.1088047
-2.0818586 2.8391550
-1.3512456 3.4379072
-1.1884723 3.8002684
-1.5879974 3.5178976
-1.1408165 4.1495538
-1.1708057 4.5557857
-1.5726478 4.3445091
-1.2428162 5.0119872
-1.3751935 5.4212990
-1.7541229 5.1731205
-1.5114806 5.9645824
-1.7614115 6.3842402
-2.1239383 5.9592056
-2.0207086 7.0675993
-2.5251110 7.4966712
-2.8843479 6.6560583
-3.0480430 8.4989576
-4.2851262 8.8190193
-4.4771471 6.9540324
-5.7579937 10.3424892
-9.0281649 11.6081381
-10.2837524 7.6833510
-1.6267304 8.7513418
6.5390677 11.2421236
10.5633621 10.9108448
12.1413546 9.9814663
19.0475636 5.5675001
23.7799511 3.3395333
23.5530109 -3.5136235
17.5425205 -1.3188328
21.8012619 -1.7041202
3.1772470 -8.2844563
-8.6694841 -7.5421662
-6.0725107 -4.2852845
-5.0965385 -5.9401846
-3.9088144 -6.0518837
-3.9349849 -5.1847510
-3.2417741 -4.0595264
-2.3278236 -3.1179709
-2.1336672 -2.7425311
-1.8080840 -2.8783276
-1.4124731 -2.3756270
-1.6697235 -2.0635202
-1.1110156 -2.1502962
-0.9128749 -1.8086787
-1.1618779 -1.6479483
-0.7524069 -1.6022961
-0.6391972 -1.3809184
-0.8394058 -1.2973307
-0.5448782 -1.2062138
-0.4802785 -1.0481426
-0.6428170 -1.0001242
-0.4252593 -0.9023953
-0.3973799 -0.7723183
-0.5380710 -0.7392571
-0.4000860 -0.6558109
-0.4517351 -0.5217937
-0.5910951 -0.5217194
-0.5441872 -0.3423720
-0.5766160 -0.2105672
-0.7343727 -0.2471003
-0.4236404 -0.0836713
0.1051621 0.0157219
0.0589918 -0.0148608
0.0000000 0.0000000
0.0000000 0.0000000
0.6711947 0.0466822
0.4490088 0.1329286
-1.3745497 0.4477675
-3.1627169 1.1334373
-3.8763824 1.3420098
-3.8575647 1.8447299
-3.4756088 2.1889091
-3.7298458 2.1960056
-2.8045816 2.4880798
-2.3147409 2.7755826
-2.6528680 2.6949778
-2.0451086 3.1022091
-1.9602877 3.4754267
-2.3854730 3.4346986
-1.9563857 3.8846879
-2.0163255 4.2929144
-2.3939815 4.2357411
-2.0718563 4.7257676
-2.2005081 5.0589943
-2.5140376 4.9346042
-2.3191557 5.4927187
-2.5768030 5.7346845
-2.8096948 5.5048800
-2.8137958 6.2005506
-3.2957563 6.2892876
-3.3970582 5.8921013
-3.7117209 6.7088847
-4.4503002 6.7035222
-4.4365726 6.0888982
-4.6088648 6.9733601
-9.6919317 7.7220864
-9.4660168 7.5781965
-8.6459093 5.6140208
7.7419219 6.8964691
12.9641647 1.7347569
18.3108425 10.1676760
22.5354881 6.0627241
32.3280106 3.8039935
29.8344097 -3.7528884
26.1140022 -0.3762792
31.6339149 2.1657803
-5.8543591 1.0738388
-5.3549623 -1.8760741
-6.2587986 -0.9053977
-5.2810793 1.6489735
-5.9477105 -3.8449011
-6.4627810 -1.5768263
-3.6384647 -2.7059965
-2.9052358 -2.5272074
-3.5034232 -1.5231746
-2.3787639 -2.0993979
-1.9291308 -1.8020754
-2.1591814 -1.3635041
-1.5656426 -1.5992651
-1.3189692 -1.4539866
-1.4808500 -1.2208185
-1.1037364 -1.2871522
-0.9611859 -1.1704550
-1.0946310 -1.0446303
-0.8363214 -1.0304966
-0.7545219 -0.9245251
-0.8741481 -0.8571290
-0.6820025 -0.7901881
-0.6481917 -0.6951650
-0.7557636 -0.6567342
-0.6302572 -0.5870008
-0.6834396 -0.4956165
-0.7808176 -0.4807378
-0.8002272 -0.3696882
-0.8691952 -0.2730953
-0.9940051 -0.2859584
-0.7427023 -0.1397141
0.0225079 -0.0294096
-0.0494413 -0.0424475
0.0000000 0.0000000
0.0000000 0.0000000
0.0597220 0.1929342
-0.3659075 0.2748224
-2.7981744 0.7327285
-4.5058584 1.5256332
-5.0468283 1.6382195
-4.7129116 2.0709658
-3.9571996 2.1766460
-4.1384768 2.1649666
-3.2862308 2.3836033
-2.9414701 2.7081091
-3.3108821 2.7200677
-2.8084249 3.0867782
-2.7886353 3.4685466
-3.1823351 3.4850783
-2.7581675 3.8600106
-2.7744012 4.2299066
-3.1254678 4.2190514
-2.7841763 4.5895133
-2.8516529 4.8835888
-3.1383934 4.8433022
-2.9142153 5.1983056
-3.0623908 5.3797202
-3.2208636 5.2693768
-3.1963468 5.5860629
-3.5287018 5.5571795
-3.4398422 5.2870855
-3.8302481 5.6349592
-4.6048126 5.0585041
-4.0597034 4.4335532
-5.3582354 5.1342049
-10.9520960 4.6334739
-8.3208075 3.2533708
0.3621337 -5.0582180
9.9080973 0.3045464
7.9139891 -0.2530299
14.6769991 4.1425118
19.6128159 6.2277708
21.0810547 3.4347575
34.1988792 -0.7532684
34.0746422 3.6370933
33.7883034 4.7342858
-7.0024252 0.8795950
-4.3363853 0.3969105
-0.9574094 1.9973818
-3.8744867 1.5641758
-5.3739028 0.1802200
-4.6735382 1.0468490
-3.8934894 0.0497447
-3.1394975 -0.5991561
-2.8014963 -0.1136661
-2.4780767 -0.8342783
-2.0602052 -0.9146578
-1.9247355 -0.6117001
-1.7464665 -0.9623058
-1.4973885 -0.9779959
-1.4861314 -0.7832798
-1.2892728 -0.9258805
-1.1502297 -0.9076352
-1.1914557 -0.7919620
-1.0263089 -0.8243659
-0.9488875 -0.7798009
-1.0156621 -0.7150711
-0.8780974 -0.6797547
-0.8448188 -0.6190856
-0.9219871 -0.5848626
-0.8160751 -0.5181165
-0.8583009 -0.4566288
-0.9332383 -0.4391853
-0.9742430 -0.3726665
-1.0925902 -0.2928497
-1.1921101 -0.2946329
-1.0684528 -0.1567073
-0.1317461 -0.0503346
-0.2230980 -0.0577055
0.0000000 0.0000000
0.0000000 0.0000000
-0.9302002 0.3330055
-1.5491538 0.3980899
-4.4576616 0.9200180
-5.5436225 1.7165184
-5.9256716 1.7510426
-5.1908822 2.1209137
-4.3233080 2.1428473
-4.5546360 2.1469371
-3.8285422 2.3869708
-3.6724792 2.7804158
-4.0612750 2.8308227
-3.6030016 3.1755149
-3.5602021 3.5555773
-3.9489710 3.5999577
-3.5022674 3.9192321
-3.4633491 4.2856770
-3.8374386 4.3245564
-3.4359624 4.6016884
-3.3820994 4.9368010
-3.7492235 4.9960437
-3.3847969 5.1785879
-3.3598077 5.4013405
-3.6219661 5.5774574
-3.3244369 5.5646129
-3.3241594 5.5346427
-3.3793755 5.8656831
-3.2652512 5.4046493
-3.1286843 5.1421027
-2.8135364 5.3675799
-2.6071119 3.5905452
-4.8413320 4.4416504
-4.1817346 4.2382689
5.1810803 -3.3185685
8.6222715 -0.0742787
9.4091129 1.1156254
13.2167845 1.9200890
16.6145039 3.2231314
17.4637794 1.8411630
36.9944954 -3.9601431
31.9314175 8.4559212
30.0629711 4.8973069
-3.1979914 0.1048620
-1.9298575 2.9527633
-0.9231734 3.3472240
-4.6298380 1.6003741
-4.1010785 1.0804520
-3.2553661 1.2838495
-2.9455376 0.7847712
-2.5850849 0.0244843
-2.1826758 0.2530391
-1.9467267 -0.0823905
-1.7898834 -0.4179159
-1.5879500 -0.2738996
-1.5733958 -0.5064359
-1.4384562 -0.6360499
-1.3549147 -0.5347306
-1.2887474 -0.6478965
-1.2005500 -0.6973378
-1.1843394 -0.6307873
-1.1090920 -0.6566303
-1.0597558 -0.6583812
-1.0864220 -0.6193091
-1.0093020 -0.5913945
-0.9895297 -0.5573074
-1.0425961 -0.5378271
-0.9677681 -0.4671757
-1.0019170 -0.4226250
-1.0635524 -0.4123033
-1.1051679 -0.3632110
-1.2670790 -0.2932713
-1.3487518 -0.2918563
-1.3721571 -0.1665493
-0.3254236 -0.0623041
-0.4284021 -0.0666276
0.0000000 0.0000000
0.0000000 0.0000000
-2.2358396 0.4435419
-2.9723618 0.4806679
-6.0839853 1.0075083
-6.2890253 1.7528707
-6.5760002 1.7378830
-5.5204539 2.0708675
-4.8004227 2.1512978
-5.1208334 2.1747122
-4.5190840 2.4719815
-4.4558911 2.9079094
-4.8636341 2.9674580
-4.3914618 3.3021128
-4.3159857 3.6947665
-4.7307191 3.7716711
-4.2509761 4.0608897
-4.1481147 4.4915676
-4.6298699 4.5889330
-4.1389818 4.8191109
-4.0188994 5.2771692
-4.5380893 5.4829273
-3.9827795 5.5881591
-3.8350732 5.9767447
-4.2010503 6.3138847
-3.5950367 6.1830616
-3.2356095 6.2638235
-3.2242301 6.5243406
-2.6679227 6.0174699
-1.7984731 5.6042161
-1.2650887 5.5331793
-0.9566297 4.2741933
-2.4264336 4.4696445
-1.0060279 3.9364741
7.7168460 -1.3737406
9.8502617 2.2424693
9.5962009 2.0981185
13.2612877 2.2990546
16.3195419 2.0965841
20.4338627 -0.8759707
29.2479477 2.1164420
29.8088856 5.5214643
24.2406559 2.1073842
5.9615822 -0.3631287
-0.5697067 3.3267944
0.6756434 3.4352808
-3.3771887 0.3695456
-2.9496567 1.3625536
-2.0216961 1.6397239
-2.3393555 0.5488718
-1.9709630 0.3267713
-1.4928260 0.4395706
-1.5135175 0.1199104
-1.4271784 -0.2031108
-1.1745855 -0.1658651
-1.3188273 -0.3092859
-1.2778807 -0.4780093
-1.1552382 -0.4621041
-1.1993964 -0.5147594
-1.1705358 -0.5946892
-1.1239557 -0.5868765
-1.1261474 -0.5764531
-1.1144940 -0.5994198
-1.1190977 -0.5976537
-1.0956295 -0.5527922
-1.0981870 -0.5304932
-1.1377981 -0.5332212
-1.0966707 -0.4514651
-1.1296356 -0.4094309
-1.1864918 -0.4122154
-1.2196729 -0.3606181
-1.4121332 -0.2916164
-1.4855736 -0.2931169
-1.6466073 -0.1791653
-0.5443934 -0.0696447
-0.6558893 -0.0723480
0.0000000 0.0000000
0.0000000 0.0000000
-3.7236450 0.5016934
-4.4968677 0.5122415
-7.5156755 1.0211686
-6.8679709 1.6994234
-7.1339869 1.6599370
-5.9135747 1.9885831
-5.4537301 2.1995242
-5.8529382 2.2264740
-5.3264508 2.5848901
-5.2737308 3.0455556
-5.7146831 3.1027184
-5.2054310 3.4507363
-5.1194983 3.8979940
-5.6009684 3.9967504
-5.0831809 4.3094573
-5.0158486 4.8350368
-5.6195335 5.0136924
-5.0453539 5.2784467
-4.9316902 5.8803382
-5.5388770 6.1574979
-4.7940612 6.2939563
-4.4906120 6.6642661
-4.6784720 6.9256120
-3.8172693 6.8365688
-2.8814449 6.6339436
-2.5094352 6.4493070
-1.6112663 6.1373367
-0.1227573 5.3009543
0.5339960 4.8197117
1.3198985 4.3073926
-0.0970418 3.5654464
1.0216095 3.3074267
9.4876270 -0.5959638
9.8381128 2.6200149
9.9490261 1.7527170
11.7832870 1.2073723
20.5186920 2.5343318
18.6974640 2.6479309
28.6765747 1.3343146
30.5796528 -0.7778451
24.6220608 -3.2109990
2.5957587 -0.6627318
1.2003334 2.2309058
-0.8046561 0.6338291
-1.7305735 -0.1842801
-1.8032950 1.1594958
-1.5955808 0.7772587
-1.6121588 0.1905790
-1.3210543 0.2758504
-1.0129296 0.1629932
-1.0537422 0.0199289
-1.0457560 -0.2363649
-0.8001726 -0.3149571
-1.0498114 -0.3354764
-1.0889329 -0.5008016
-0.9529841 -0.5627879
-1.0861378 -0.5382019
-1.1139113 -0.6163470
-1.0587119 -0.6657997
-1.1223418 -0.6036444
-1.1494875 -0.6220601
-1.1502835 -0.6599292
-1.1674814 -0.5815272
-1.1947750 -0.5528516
-1.2341852 -0.5808030
-1.2198408 -0.4803384
-1.2576789 -0.4267279
-1.3189093 -0.4448440
-1.3391800 -0.3782251
-1.5486175 -0.2993948
-1.6247301 -0.3071656
-1.8995712 -0.1988573
-0.7838655 -0.0754876
-0.9053079 -0.0781375
0.0000000 0.0000000
0.0000000 0.0000000
-5.2574773 0.5122010
-6.0182266 0.5065349
-8.7135201 0.9979111
-7.4153500 1.6099064
-7.7078624 1.5637013
-6.4806876 1.9111559
-6.2565832 2.2554145
-6.7109923 2.2721958
-6.2118392 2.6851044
-6.1499200 3.1710312
-6.6335893 3.2118769
-6.1015434 3.6085765
-6.0539103 4.1323256
-6.6295600 4.2306523
-6.1130614 4.6263051
-6.1444087 5.3051906
-6.8891902 5.5220408
-6.2012253 5.8881712
-6.0528679 6.5151229
-6.4972553 6.7163286
-5.5245719 6.8952336
-4.7516394 6.9131408
-4.5088873 6.8418550
-3.3897934 6.7544703
-1.7694919 6.1369290
-1.0793276 5.5364833
0.0311772 5.3831453
1.8081557 4.3681479
2.6716344 3.8139672
3.5660527 3.4588253
2.2831433 2.9860268
3.2864089 2.3794570
11.0112171 -0.8756329
10.9252911 0.4423036
11.5894070 0.3246288
12.3164825 -0.4571421
16.8040657 -0.1458867
18.9137783 -2.7013893
35.6725388 3.1382532
31.9778500 1.0181890
23.0456066 -1.9548223
0.7188329 -1.4507507
0.0617034 0.9858054
-3.3353827 0.9392986
-0.6539379 -0.1250101
-1.3000675 0.6580899
-1.5558916 0.2629388
-0.9709172 0.0379168
-0.7950485 -0.0556965
-0.6045587 -0.3080841
-0.6218132 -0.2267093
-0.7037688 -0.4889588
-0.5213434 -0.6610768
-0.8039395 -0.5576695
-0.9198754 -0.6898466
-0.8141494 -0.8269392
-0.9923004 -0.7141373
-1.0740863 -0.7606942
-1.0385026 -0.8643424
-1.1363744 -0.7386829
-1.2000593 -0.7293006
-1.2166946 -0.8041052
-1.2551886 -0.6816257
-1.3056005 -0.6291500
-1.3588358 -0.6807291
-1.3577962 -0.5552949
-1.4030206 -0.4771946
-1.4785697 -0.5097446
-1.4815489 -0.4213647
-1.6973999 -0.3219245
-1.7859179 -0.3365393
-2.1468050 -0.2268293
-1.0468552 -0.0825844
-1.1825848 -0.0863474
0.0000000 0.0000000
0.0000000 0.0000000
-6.7571177 0.4965229
-7.4859996 0.4838549
-9.6976948 0.9635487
-8.0127850 1.5130353
-8.3449688 1.4644260
-7.2305574 1.8442968
-7.1586533 2.2874968
-7.6438560 2.2858250
-7.1544986 2.7441704
-7.1008205 3.2549345
-7.6210523 3.2668307
-7.1072917 3.7344482
-7.1791501 4.3457217
-7.8731465 4.4255443
-7.4181151 4.9487667
-7.5662413 5.7769070
-8.2889385 5.9078135
-7.4000573 6.3629694
-6.8321705 6.7063775
-6.8443556 6.5500121
-5.6226406 6.7611308
-4.0983849 6.2933002
-3.4947431 5.7759724
-2.1404068 5.7448206
-0.1326679 4.8316474
0.5083724 4.2515159
1.7460775 4.0248313
3.6445158 3.0629144
4.5122991 2.4029245
5.4983568 2.3390470
4.2586522 1.5590529
5.3668208 0.5607014
12.7645035 -1.2598671
13.0379658 0.0887572
13.2261677 -1.5169845
13.7201948 -2.5170126
19.7039261 -5.2676697
22.8972130 -4.7788210
34.4239082 -4.5995154
30.2201653 -2.2898774
23.6758366 -2.1906829
-3.7901363 -0.9485051
-3.0190585 2.7477922
1.5647508 4.3616319
-1.1906952 1.6538074
-0.7463478 0.3326160
1.0675266 1.0117947
-0.5529379 -0.2849526
-0.4058066 -0.4162012
0.3784077 -0.5834850
-0.3708572 -0.7359731
-0.4865327 -0.8693060
-0.1815325 -1.0944532
-0.6698334 -0.9616252
-0.8318959 -1.0169699
-0.7253958 -1.2093998
-0.9728301 -1.0247115
-1.0961379 -1.0122659
-1.0886325 -1.1581385
-1.2077878 -0.9694509
-1.2999878 -0.9117381
-1.3464705 -1.0155610
-1.3879713 -0.8460646
-1.4558021 -0.7539122
-1.5349896 -0.8237728
-1.5310904 -0.6706662
-1.5830076 -0.5567923
-1.6818880 -0.5998387
-1.6622348 -0.4879951
-1.8757520 -0.3587545
-1.9836292 -0.3787291
-2.4032855 -0.2621475
-1.3414022 -0.0927027
-1.4970767 -0.0981236
0.0000000 0.0000000
0.0000000 0.0000000
-8.1909437 0.4699968
-8.8812838 0.4552864
-10.4950333 0.9263011
-8.6851330 1.4151576
-9.0522232 1.3651829
-8.1142712 1.7789092
-8.1127644 2.2760911
-8.6031990 2.2472348
-8.1370840 2.7441235
-8.1156311 3.2683644
-8.6616135 3.2429881
-8.2281017 3.7906010
-8.5538960 4.5104165
-9.3253956 4.5187588
-8.9401598 5.1674085
-8.8842306 5.9079013
-9.2347822 5.7420073
-8.0477238 6.2026420
-6.7166867 6.0473456
-6.3397355 5.5115995
-4.8526764 5.6924381
-2.6939862 4.9543343
-1.9189939 4.1044512
-0.5132735 4.1177459
1.4615395 3.3448079
2.2355347 2.5262313
3.4496479 2.5346453
5.4235277 1.7380621
6.2290268 1.0634626
7.3922954 0.9674638
7.0781507 -0.0786566
8.6107588 -0.5750869
14.4836321 -2.4640419
14.7692976 -2.6164439
15.7957850 -2.9083102
16.4089050 -3.9105113
25.3264923 -6.4705167
30.0856876 -7.8457870
34.6846809 -2.1861346
-2.4063156 -1.3142772
-1.1558108 -1.0730214
4.4339943 0.4528598
4.6869903 3.7253952
1.3578979 -3.5041721
1.5215068 -0.9111179
0.7959710 -0.9321951
1.2605840 -1.8740002
0.4396366 -1.3428388
0.2011763 -1.4139137
0.5768619 -1.9255915
-0.0273964 -1.5340492
-0.3054356 -1.5369085
-0.1590106 -1.9005243
-0.6043061 -1.5562441
-0.8371754 -1.5013837
-0.8192064 -1.7610469
-1.0498884 -1.4578670
-1.2103511 -1.3593692
-1.2658951 -1.5413291
-1.3645728 -1.2785397
-1.4762571 -1.1539288
-1.5710613 -1.2775110
-1.5895445 -1.0601916
-1.6665522 -0.9147975
-1.7832838 -0.9951723
-1.7574193 -0.8149037
-1.8125941 -0.6563725
-1.9421060 -0.7046262
-1.8932244 -0.5709996
-2.0950036 -0.4058449
-2.2264278 -0.4283723
-2.6773431 -0.3023591
-1.6775185 -0.1062917
-1.8581712 -0.1131146
0.0000000 0.0000000
0.0000000 0.0000000
-9.5485134 0.4403187
-10.1965160 0.4237682
-11.1258154 0.8854090
-9.4229631 1.3122846
-9.8144073 1.2617080
-9.0580301 1.7011564
-9.0717936 2.2085767
-9.5467453 2.1593719
-9.1299038 2.6751692
-9.1788712 3.1932604
-9.7214603 3.1377156
-9.4448280 3.7265375
-10.0716209 4.4951696
-10.7528267 4.4055982
-10.2611799 5.0225940
-9.4157391 5.3818445
-9.3039923 4.9538555
-7.8049083 5.2273145
-5.8252234 4.7258854
-5.1626468 4.0149622
-3.4622276 4.0763273
-1.0336962 3.2734969
-0.3117363 2.3576679
0.9921064 2.4551103
2.9839046 1.7194687
3.7016854 0.9214782
4.9587836 0.8138600
6.9283175 0.2401861
7.6612310 -0.6035046
8.6647110 -0.4772008
9.7604551 -1.3376722
11.4136171 -2.5023911
16.2875710 -3.4903297
16.5121841 -3.0603869
17.2734070 -3.2556212
22.5538044 -9.7967243
29.6058025 -11.7048445
34.5959435 -9.5863647
21.0741539 -4.4005198
3.1141217 -0.6755674
3.9279063 -4.3917603
2.5742083 -4.7687788
2.6670165 -3.7572203
2.3916543 -4.9225421
1.7095695 -3.2382886
0.9254395 -3.1552796
0.9518918 -4.1182170
0.5028819 -2.9930475
0.1966748 -2.7572803
0.1946333 -3.4005098
-0.1057854 -2.6071310
-0.4168265 -2.4158261
-0.4734280 -2.8495579
-0.7674217 -2.2966316
-1.0324506 -2.1058881
-1.1452818 -2.4016609
-1.2875245 -1.9763235
-1.4632698 -1.7738026
-1.6070044 -1.9729735
-1.6402398 -1.6369575
-1.7556661 -1.4318084
-1.9134529 -1.5607921
-1.8799531 -1.3020209
-1.9545501 -1.0933014
-2.1171472 -1.1736884
-2.0497756 -0.9724666
-2.1018703 -0.7636403
-2.2660885 -0.8103430
-2.1822565 -0.6601849
-2.3608508 -0.4564947
-2.5175176 -0.4779971
-2.9694619 -0.3430522
-2.0633230 -0.1221972
-2.2710910 -0.1294279
0.0000000 0.0000000
0.0000000 0.0000000
-10.8195677 0.4068050
-11.4196053 0.3885553
-11.6084843 0.8363301
-10.2082062 1.2090789
-10.6086884 1.1581763
-9.9959154 1.6087058
-10.0011702 2.0959537
-10.4515181 2.0311248
-10.0960131 2.5485194
-10.2608633 3.0692911
-10.7891788 2.9907355
-10.6602879 3.5527203
-11.3508749 4.2168784
-11.7461128 4.0207973
-10.8949223 4.4668884
-9.0719681 4.3786812
-8.6332445 3.8540945
-6.9272366 3.8983250
-4.3699179 3.2285242
-3.4790618 2.5013599
-1.8310322 2.3648541
0.4178375 1.6900692
1.1745446 1.1373996
2.3909276 1.0890322
4.4820561 0.3360949
5.1783595 -0.2594782
6.4690838 -0.5388536
8.5318089 -1.2409010
9.2556963 -1.9091527
10.0533714 -2.1186819
13.2749233 -3.5545139
13.7776337 -4.9649115
17.4876518 -3.6377568
19.0927677 -4.8218770
24.0641708 -9.4684114
29.9916992 -12.7916288
33.0687675 -11.9604540
17.5050125 -6.0522408
6.4338846 -4.9684234
4.9878817 -4.8634930
5.5184560 -5.4245696
2.9716148 -6.0318160
1.9410392 -5.7364650
2.1289458 -6.5784764
0.9397971 -5.5152259
0.2096409 -5.1426086
0.0452094 -5.9638214
-0.1823477 -4.6677656
-0.4400257 -4.1902738
-0.7392947 -4.8338385
-0.6499286 -3.7792444
-0.8971447 -3.3789420
-1.1574298 -3.8128679
-1.2222919 -3.1007249
-1.4691048 -2.7534420
-1.7250009 -3.0424759
-1.7283837 -2.5233023
-1.8882568 -2.2074258
-2.1313348 -2.3942249
-2.0593388 -2.0050166
-2.1568034 -1.7106792
-2.3848593 -1.8250381
-2.2720633 -1.5426533
-2.3292382 -1.2648512
-2.5409465 -1.3320533
-2.4136775 -1.1232778
-2.4541590 -0.8629501
-2.6527162 -0.8996177
-2.5303364 -0.7426285
-2.6741498 -0.5021237
-2.8555067 -0.5179809
-3.2729044 -0.3781712
-2.5005741 -0.1379796
-2.7336748 -0.1442875
0.0000000 0.0000000
0.0000000 0.0000000
-11.9931297 0.3711990
-12.5455351 0.3529153
-11.9790545 0.7814314
-11.0072889 1.1060442
-11.4055519 1.0575888
-10.8737917 1.4936004
-10.8840513 1.9582044
-11.3063097 1.8861662
-11.0291290 2.3734636
-11.3089561 2.8998718
-11.8133602 2.8230042
-11.7314577 3.2642677
-12.0856571 3.8287899
-12.2471485 3.6222105
-10.7335720 3.8295228
-8.1242504 3.2969961
-7.4337702 2.8007536
-5.6819959 2.7311225
-2.6737924 1.7652448
-1.6263559 1.2296363
-0.7024824 1.0553951
1.7209719 0.3857994
2.6406012 -0.1530581
3.7496970 -0.2389778
5.8781638 -0.9050412
6.5564671 -1.5885470
7.8538289 -1.6396184
10.4205542 -2.0746238
10.9497681 -2.3361044
12.7701721 -4.2429266
16.1192970 -3.7486014
16.4002380 -1.9710785
24.3067684 -9.5427914
29.4409008 -15.2581034
35.8632660 -13.6290426
30.2005901 -12.1248951
16.0140781 -8.6031065
11.0285072 -8.3824606
9.3331814 -6.2461801
6.3958206 -7.0259094
6.4456096 -8.0283432
4.1185055 -7.4613652
1.9993447 -7.5607257
1.6000625 -8.3124838
0.4087481 -7.3390651
-0.7218133 -6.9750252
-1.1443989 -7.7513027
-1.3166592 -6.3176146
-1.5756308 -5.6343689
-2.2248659 -6.2866940
-1.6641754 -4.9551172
-1.7709028 -4.3224592
-2.2850199 -4.7173891
-1.9829396 -3.8728609
-2.1620209 -3.3591886
-2.5568285 -3.6029468
-2.3873036 -3.0288582
-2.4963918 -2.5987859
-2.8403604 -2.7402968
-2.6299219 -2.3340318
-2.6841352 -1.9460295
-2.9820695 -2.0223010
-2.7660549 -1.7470620
-2.7895429 -1.3998519
-3.0465851 -1.4385027
-2.8457716 -1.2429550
-2.8640501 -0.9357056
-3.0909848 -0.9526945
-2.9295435 -0.8026376
-3.0304034 -0.5323684
-3.2319913 -0.5371001
-3.5745156 -0.4005356
-2.9820809 -0.1502087
-3.2338135 -0.1538637
0.0000000 0.0000000
0.0000000 0.0000000
-13.0651035 0.3365136
-13.5699425 0.3163063
-12.2617540 0.7171217
-11.7943678 1.0066123
-12.1763477 0.9469897
-11.6747999 1.3545498
-11.7083063 1.8178006
-12.1248331 1.7338480
-11.9271173 2.1642561
-12.3159561 2.7714000
-12.7872162 2.6822722
-12.5758829 2.8824744
-12.2920895 3.3371966
-12.1255941 2.9914999
-9.9352722 3.1619127
-6.7504568 2.2443759
-5.9914007 1.7115929
-4.1823697 1.8176571
-0.9859440 0.5793751
-0.0439518 0.0750072
0.2978533 0.3244674
3.3556809 -0.8644636
4.3218284 -1.4921378
5.3045831 -1.7925671
7.2629552 -2.3791711
7.9127707 -2.9552631
8.8859358 -2.3758562
10.9100084 -3.5224490
11.7365465 -4.4929571
13.2250090 -3.5574424
21.9139843 -6.7051349
30.2004166 -12.8977041
33.4476204 -13.9954624
36.2669067 -15.3644552
29.2128506 -11.3310442
18.7457676 -9.3926468
10.5863895 -8.3572311
11.4390011 -8.2066755
9.8763494 -8.1159267
7.0175323 -8.3219652
6.9931555 -8.6231585
4.5544567 -8.5401163
2.1517007 -8.5806923
1.4084388 -8.8098116
0.0302803 -8.5558214
-1.6824309 -8.3476305
-2.1935074 -8.6912680
-2.7111113 -7.6736979
-3.1814888 -6.9731703
-4.0453944 -7.5160627
-3.2132635 -6.0251412
-3.0983844 -5.1781974
-3.9284952 -5.5336208
-3.0485013 -4.5171266
-3.1042614 -3.8519082
-3.6295443 -4.0050812
-3.2626424 -3.4189560
-3.2820492 -2.8779356
-3.7139153 -2.9378502
-3.3425293 -2.5708134
-3.3263528 -2.0868006
-3.6822186 -2.0991597
-3.3479223 -1.8755666
-3.3215711 -1.4653519
-3.6118617 -1.4586824
-3.3320289 -1.3041899
-3.3162706 -0.9612283
-3.5604453 -0.9485241
-3.3616827 -0.8227813
-3.4183831 -0.5365893
-3.6306365 -0.5254270
-3.8552320 -0.4028164
-3.4906323 -0.1556247
-3.7475371 -0.1547059
0.0000000 0.0000000
0.0000000 0.0000000
-14.0262976 0.2990622
-14.4834824 0.2752527
-12.4720936 0.6441343
-12.5304279 0.8880213
-12.8920908 0.8192391
-12.3909655 1.1928159
-12.5054073 1.6446296
-12.8991451 1.5411922
-12.8236799 1.9373484
-13.2404270 2.5946493
-13.6670074 2.4864717
-12.9866781 2.4005344
-11.8399258 2.7197957
-11.4938955 2.4599051
-8.6360331 2.3143711
-5.2495680 1.1757953
-4.3758917 0.7185040
-2.6921074 1.0386469
0.6000701 -0.3860222
1.4570426 -0.9920674
2.0466428 -0.5865517
5.0269403 -2.0087836
5.8292422 -2.3514106
6.7610636 -3.0319505
8.6339169 -3.3664575
9.4552994 -3.6293592
10.1547136 -4.2145648
13.4028177 -5.5244298
15.3272619 -6.6968355
19.2220478 -5.7609844
31.7847443 -15.3074293
38.3389473 -15.1882267
33.8463135 -14.1378584
30.1742954 -12.0820551
20.1579266 -8.7013073
12.9642458 -7.6689687
11.5384254 -7.7457523
11.8770523 -7.0250168
9.7601995 -7.9384451
7.1046267 -8.0556173
7.3805676 -7.3139234
4.8167615 -8.0996161
2.4297049 -8.3395824
2.0266581 -7.7947450
-0.0354967 -8.4740858
-2.1504743 -8.5711451
-2.5079942 -8.2163000
-3.7753241 -8.1980019
-4.8652477 -7.8109622
-5.5839515 -7.7847500
-5.1864233 -6.7539301
-4.9540911 -5.8603711
-6.0633121 -6.1118488
-4.4572115 -4.8962088
-4.2828140 -4.1457486
-4.9283648 -4.1935077
-4.3238606 -3.6225154
-4.2183042 -2.9719136
-4.7341137 -2.9064665
-4.1621308 -2.6588516
-4.0524678 -2.0831807
-4.4449296 -2.0122163
-3.9871423 -1.8856198
-3.8969247 -1.4283512
-4.2003946 -1.3631108
-3.8451266 -1.2780077
-3.7854869 -0.9194329
-4.0294390 -0.8683575
-3.7963336 -0.7867435
-3.8162961 -0.5041366
-4.0258937 -0.4724451
-4.0955744 -0.3774747
-3.9979804 -0.1506905
-4.2405887 -0.1434472
0.0000000 0.0000000
0.0000000 0.0000000
-14.8564987 0.2515576
-15.2367916 0.2159777
-12.6199598 0.5414504
-13.2033100 0.7533810
-13.5300903 0.6536223
-13.0222387 0.9789881
-13.2448425 1.4589943
-13.6531639 1.3256366
-13.7146444 1.6362267
-14.0162716 2.4300210
-14.3653717 2.2806773
-12.9889832 1.9229479
-10.9908829 2.1560767
-10.4501362 1.7792541
-7.0525336 1.7090672
-3.5645270 0.3114848
-2.8287299 -0.0775765
-1.1259574 0.3758490
2.2250926 -1.2402788
2.9410393 -1.6303226
3.9285634 -1.2522696
6.4724765 -2.6563175
7.0523963 -2.9227557
8.1876621 -3.2354898
10.1287737 -4.1442280
11.1225328 -4.7439499
12.2927828 -5.5759139
19.0273056 -8.6286259
22.9603519 -9.0106697
31.0411301 -13.3636789
34.6090698 -13.5696640
34.7947922 -10.6035700
28.4663467 -10.0988693
19.0011177 -7.8088470
16.9224453 -6.5808697
13.4025536 -6.2482610
11.9136896 -6.3745022
12.0175362 -5.5402641
9.7491283 -6.4327011
7.4801846 -6.4114032
7.5237393 -5.3632178
5.1130114 -6.5749774
2.7474728 -6.7083654
3.0317576 -5.6974001
0.3619821 -7.0963960
-2.0480316 -7.3042831
-2.0845935 -6.3360934
-4.2235012 -7.3082471
-5.7874880 -7.3365521
-6.0882707 -6.8226604
-6.8911943 -6.5409875
-7.1146808 -6.1325665
-8.1850204 -6.0896826
-6.1972570 -4.8723221
-5.6769795 -4.1754255
-6.4586363 -3.9853952
-5.5406971 -3.5639076
-5.2548213 -2.7840950
-5.8022451 -2.5725598
-5.0344787 -2.5366349
-4.8159184 -1.8893991
-5.2109413 -1.7139256
-4.6364508 -1.7356555
-4.4728918 -1.2618338
-4.7623711 -1.1245729
-4.3460374 -1.1382158
-4.2362356 -0.7938240
-4.4564943 -0.6976410
-4.1953282 -0.6796913
-4.1929955 -0.4267702
-4.3784723 -0.3730601
-4.2776294 -0.3200237
-4.4633937 -0.1306980
-4.6716962 -0.1152530
0.0000000 0.0000000
0.0000000 0.0000000
-15.4929314 0.1665146
-15.7427397 0.1121136
-12.7472811 0.4054331
-13.7633381 0.5428120
-13.9947844 0.3902209
-13.5773354 0.7049586
-13.9804201 1.1622765
-14.3548422 0.9067425
-14.6594057 1.2420546
-14.5308695 1.9986620
-14.6236639 1.5852413
-12.3388624 0.8968769
-9.8767977 1.1509743
-9.1219540 0.6177635
-5.5266776 0.9066374
-2.0521710 -0.5194864
-1.5854412 -0.8975019
0.4140549 -0.3085050
3.7662408 -1.8794321
4.3298035 -2.1883228
5.5475092 -2.0413816
7.9126129 -2.9948661
8.5467196 -3.1279211
10.0008450 -3.6677952
12.7958870 -4.7965717
13.8745832 -4.8217373
16.8593140 -5.7181191
22.4158134 -7.5208430
27.7571354 -9.4433441
33.5838127 -9.4396896
34.2536087 -8.3173199
29.4922695 -7.1068568
22.9368401 -6.6351743
15.5935774 -5.4298811
13.9730949 -4.2237339
13.6807585 -4.8468466
11.7777481 -4.7659497
11.4051952 -3.7957518
9.5855255 -4.4781771
7.4014030 -4.3112130
7.2763767 -3.3391948
5.3181634 -4.4107633
3.1643002 -4.4098582
3.4414210 -3.3138301
0.9808913 -4.8090196
-1.3723586 -5.0999389
-0.9345595 -3.8860984
-3.9212916 -5.7159872
-5.7775583 -5.8983564
-5.7333922 -4.8527384
-7.5163221 -5.2701306
-8.9801836 -5.8155088
-9.8002920 -5.1635547
-8.1928711 -4.2381968
-7.2592506 -3.7401998
-8.0440235 -3.4445119
-6.7838159 -3.1872778
-6.3027477 -2.2670586
-6.8252959 -1.8661569
-5.8806901 -2.1403155
-5.5413766 -1.4730982
-5.8904595 -1.1850674
-5.2382507 -1.3863319
-4.9929338 -0.9416801
-5.2333879 -0.7290961
-4.7825518 -0.8622537
-4.6220512 -0.5721853
-4.7907591 -0.4275256
-4.5121160 -0.4914159
-4.5072470 -0.3035716
-4.6369886 -0.2219689
-4.3964853 -0.2250327
-4.8397942 -0.0910159
-4.9814682 -0.0691385
0.0000000 0.0000000
0.0000000 0.0000000
-15.8326931 0.0501326
-15.9034109 -0.0202697
-12.8939238 0.1950534
-14.1032696 0.2222643
-14.1891880 0.0005157
-14.0104761 0.2746296
-14.5735798 0.6499227
-14.8624992 0.3236304
-15.3214722 0.6082034
-14.6239519 1.2467076
-14.6250648 0.8078672
-11.6407442 0.3565046
-8.5325270 0.3004378
-7.9970422 -0.1462096
-4.0409861 -0.0937410
-0.7966878 -1.2680806
-0.4696040 -1.6926540
1.7258910 -0.8477732
4.9940996 -2.4460793
5.4547219 -2.8086588
6.7733936 -2.7250378
9.1627178 -3.4916904
9.9713507 -3.7289555
11.6480627 -4.2427816
14.5505896 -5.2061620
15.9767122 -5.1697111
21.2805367 -7.0999370
26.5944023 -8.3324642
30.7884140 -9.6548128
32.7935791 -10.5253267
31.5043793 -9.1661453
27.1604729 -7.3722463
16.5191708 -4.5452046
14.0167017 -3.1487963
14.2001343 -2.5781076
13.1954966 -3.2680283
11.1956263 -2.8050807
11.0116034 -1.9516680
9.0515404 -2.6042392
7.1364708 -2.3549123
7.0798221 -1.3736100
5.2937956 -2.3603957
3.4131567 -2.3079302
3.6444018 -1.3810230
1.3872007 -2.5119090
-0.5211740 -2.6868048
-0.1646904 -1.5054355
-3.1805358 -3.3545842
-5.3785100 -3.4195611
-5.0823841 -2.2090096
-7.1777821 -2.5736122
-9.9012690 -3.8873639
-9.6592989 -2.7649875
-10.0297279 -2.5041077
-8.8494978 -2.8928745
-9.6510201 -1.9972180
-7.8941388 -2.3490560
-7.2039585 -1.3824869
-7.6204705 -0.8551631
-6.6050448 -1.4024018
-6.1389332 -0.8166757
-6.3920259 -0.4085794
-5.7133431 -0.8117656
-5.3872023 -0.4605552
-5.5378499 -0.1704807
-5.0973697 -0.4421645
-4.8878965 -0.2474312
-4.9722223 -0.0561405
-4.7086430 -0.2188003
-4.7052975 -0.1248138
-4.7471900 -0.0196075
-4.4539933 -0.0906065
-5.0724006 -0.0380026
-5.1160097 -0.0095254
0.0000000 0.0000000
0.0000000 0.0000000
-15.7773647 -0.0999470
-15.5970688 -0.1825042
-12.9520969 -0.1005258
-14.1640472 -0.2823465
-14.0604038 -0.6212441
-14.2621994 -0.3458519
-15.0014782 -0.0718628
-15.1328058 -0.6314153
-15.8722639 -0.3945723
-14.5151701 0.3589459
-14.4433651 -0.5483190
-10.7575073 -0.4548665
-7.2761126 -0.7088951
-6.7881050 -1.6928694
-3.0079727 -0.8193009
0.4722276 -1.8370441
0.0882112 -2.9187880
3.2908001 -1.6117368
6.0830750 -2.9171455
6.1041350 -3.4677389
7.9249830 -3.0088296
10.5468502 -3.9539733
10.9257946 -4.3651757
13.3210945 -4.4738626
17.0541992 -5.3130651
17.8332691 -5.1474462
25.7995663 -7.4968734
31.3032036 -7.8940582
31.5322590 -6.4629073
27.4746227 -4.8380113
22.1839371 -3.4165275
19.7474670 -4.5356054
14.9489975 -2.8679409
13.6281652 -2.2264082
12.9053049 -1.8580195
12.5275173 -1.9548482
10.4588957 -1.2454693
9.8746500 -0.5783517
8.4300642 -1.0103298
6.8245039 -0.4127088
6.5192919 0.6303103
5.3348398 -0.7798086
3.8833780 -0.4061045
4.2520132 0.6728913
1.2071500 -0.5741292
-0.5783483 -0.5720019
-0.0309324 0.1229284
-2.5671299 -0.9488072
-4.8309011 -1.3404827
-4.6532717 -0.3365962
-6.9194593 -1.0613868
-9.4856091 -1.7671422
-9.6316671 -0.6478477
-10.8539305 -0.5531296
-10.0908413 -0.9057977
-10.3584909 0.1326935
-8.7867451 -0.8600718
-7.8464780 -0.1666794
-8.0241585 0.5501455
-7.0910969 -0.2741936
-6.4967771 0.0768402
-6.5741711 0.5781755
-5.9822474 0.0007753
-5.5783725 0.1734411
-5.5992908 0.5237251
-5.2272921 0.1145264
-4.9739265 0.1724201
-4.9523964 0.4014016
-4.7467523 0.1257744
-4.7284560 0.1083847
-4.6746049 0.2363361
-4.4304910 0.0791322
-5.1064076 0.0223069
-5.0467253 0.0524896
0.0000000 0.0000000
0.0000000 0.0000000
-15.2243080 -0.2942480
-14.7012329 -0.3891715
-12.6127014 -0.5170672
-13.8407898 -1.0504863
-13.4091530 -1.4891210
-14.1447916 -1.2051637
-15.0565319 -1.3851675
-14.7889671 -2.2166421
-15.9186125 -2.0388358
-14.0749741 -1.9015672
-13.5310049 -3.0019765
-9.8047419 -2.9307115
-6.0508742 -2.9729865
-5.8441510 -3.9834640
-2.2593927 -2.9181597
0.9672648 -3.3209500
0.4511008 -4.1445346
4.3015075 -3.1769664
6.7200427 -3.6374135
6.9945097 -4.1238942
8.9362726 -3.6373737
11.5413084 -4.3603344
11.0969191 -4.4447179
13.6670465 -3.4734733
19.8126297 -5.0291843
20.0005779 -5.2421732
28.1327229 -7.4969730
31.4170742 -8.8810587
31.2437820 -10.7142630
26.5845394 -8.4085197
16.4970493 -3.1969330
16.3280869 -3.2922018
13.1782293 -2.3464258
12.4614286 -1.5904688
11.7076044 -1.0531650
11.1279411 -0.9033340
9.1442900 0.1111113
8.4710560 0.7520801
7.3806968 0.6517437
5.8742418 1.4141687
5.5935063 1.7829672
5.5396838 0.6258023
4.3348255 1.5581404
3.8349874 2.5729115
1.6910241 1.1740746
-0.4258029 1.3679613
-0.2295546 2.8527083
-1.9695377 1.3669202
-4.6601224 1.2309165
-4.3107948 2.9817173
-6.7721272 1.7738649
-9.8575392 0.9051299
-9.5517635 2.6432068
-11.2530813 1.5101460
-10.4810934 1.2447610
-10.7362900 2.3903441
-9.0617790 1.1063037
-7.9716611 1.3384476
-7.9176793 2.0830481
-7.1596084 1.0790794
-6.5066886 1.1406902
-6.3934150 1.6903774
-5.9468956 0.9429981
-5.5035472 0.9206057
-5.3590746 1.3060089
-5.1200962 0.7526734
-4.8438988 0.6641133
-4.6869974 0.9181245
-4.5911694 0.5209647
-4.5603976 0.3849479
-4.3908973 0.5239483
-4.2399688 0.2653966
-4.9284983 0.0866314
-4.7537837 0.1190308
0.0000000 0.0000000
0.0000000 0.0000000
-14.0281067 -0.4997308
-13.1090460 -0.6014122
-11.7270346 -1.0668792
-12.8613434 -1.9752870
-12.0281429 -2.3952811
-13.2643175 -2.4440043
-14.2675695 -3.2243395
-13.3909702 -4.0131054
-15.4030123 -3.8825080
-13.1888285 -3.8173163
-13.4361000 -5.0307894
-9.0660172 -4.3759527
-5.5236773 -4.2225528
-6.2166314 -4.6561351
-1.9108397 -4.2561102
1.1146979 -4.7624288
-0.5981524 -4.9406681
4.5361748 -4.5522909
7.3225346 -4.7732306
6.6161766 -4.4963555
9.2291794 -4.3190827
11.2958164 -4.5193725
11.6083012 -4.1567893
14.7263470 -4.0261602
22.9593449 -6.1986232
24.9662571 -6.1942315
31.4654427 -4.6408935
29.9616108 -2.8841023
23.5521412 -2.9021766
20.0975151 -3.8863184
15.7567682 -3.9228151
10.2026377 -2.5053585
11.8492098 -1.9580463
10.6921892 -0.8648341
8.8756914 -0.5425637
9.4047031 0.1109531
7.6976080 1.1169053
6.7594190 1.5147643
6.7009783 1.7555391
5.4236512 2.0440187
5.1494498 2.7788422
4.7598462 2.2925329
3.2104244 3.2437456
3.0175595 4.2897911
1.5134245 3.4108484
-0.2002634 3.8434958
-1.1025085 5.2138367
-2.3923402 4.0324087
-4.4661121 3.6584344
-4.6785178 5.0664539
-6.6487894 3.9518347
-9.2924738 4.2936826
-9.8984470 6.0797648
-11.3433256 4.7208910
-10.0620203 4.0200567
-9.4309740 5.2029724
-8.6019573 3.1988220
-7.6165595 2.9880683
-7.1492915 3.8007009
-6.7672982 2.5593817
-6.1361527 2.2893834
-5.8033438 2.8501079
-5.5562463 1.9525747
-5.1267180 1.7168354
-4.8293095 2.1006358
-4.7353969 1.4285539
-4.4680648 1.1860234
-4.1750803 1.4353771
-4.2042761 0.9374165
-4.1786380 0.6694503
-3.8804061 0.8049280
-3.8599102 0.4622639
-4.5176573 0.1561829
-4.2287636 0.1814872
0.0000000 0.0000000
0.0000000 0.0000000
-12.1030598 -0.7395918
-10.6376076 -0.8943111
-10.2648535 -1.6982018
-11.2263088 -2.9297354
-10.0080290 -3.5234988
-11.6077557 -3.7678642
-12.5240097 -5.0390940
-11.2153234 -5.9097538
-13.7082167 -6.0008631
-13.2399082 -7.0290909
-12.0960836 -8.5286818
-9.4902449 -7.8024998
-5.2769828 -5.9964371
-5.6961861 -9.0927439
-1.6810653 -5.8790946
0.9355422 -6.5000200
-0.2671300 -8.4222546
4.0419197 -5.6151972
5.9701090 -5.2903538
5.7143817 -5.5728030
8.3548708 -4.1290770
11.7990408 -4.9929581
12.5554342 -6.0874443
15.8954182 -4.7968745
24.1322060 -7.8592982
27.1479321 -9.8564320
31.2791252 -9.8637285
31.0092030 -9.7583122
26.1741562 -8.4009790
16.1078796 -4.4982133
11.0746927 -1.6652515
9.9553413 -0.5797979
9.1206350 0.0460021
8.1185532 0.5526628
6.9200335 1.5595191
7.6117449 1.7888770
6.2045918 2.4084909
5.1421585 3.7549067
5.4982576 3.1319144
4.5101619 3.9631603
2.8051980 5.2281594
3.2250216 4.6837945
1.7097338 5.7305260
1.4850557 7.3424888
0.3087444 6.7389035
-0.9591962 7.6913695
-0.7213557 10.1969423
-2.2748902 7.9248066
-4.7949595 7.9138174
-4.4860539 10.2964792
-8.3401222 8.2036371
-9.5853806 8.3691750
-9.5193758 9.6128178
-9.5780373 7.4123988
-8.5580540 6.2885261
-7.0088496 7.1173291
-7.2082405 5.1933112
-6.5852489 4.4739480
-5.7018733 5.2571278
-5.8881741 3.8966348
-5.3527770 3.3692954
-4.7436872 4.0227098
-4.8480344 2.9195955
-4.4543991 2.4813771
-3.9642067 2.9450970
-4.0877490 2.0834515
-3.8368347 1.6935145
-3.4100409 1.9934261
-3.5840397 1.3388931
-3.5808754 0.9432147
-3.1690085 1.1194242
-3.2560599 0.6638138
-3.9116843 0.1886314
-3.4686282 0.2615287
0.0000000 0.0000000
0.0000000 0.0000000
-9.2357082 -1.0969236
-7.0446000 -1.2949342
-8.0516863 -2.6053748
-8.8289909 -4.2636290
-6.9416370 -5.1623425
-9.3194466 -5.3996301
-10.0651360 -7.0182009
-8.2480917 -8.3751717
-10.7261629 -8.2893744
-10.9802227 -10.0797167
-8.8906136 -11.2170572
-9.6859398 -12.8446903
-6.0561924 -12.1583261
-3.7893496 -13.9655609
-3.5824640 -10.8891497
-1.5278666 -10.3967962
-0.0956108 -12.7663660
1.3180972 -8.8549566
3.6233723 -9.8238173
5.9050913 -13.5909853
8.7130299 -8.4427891
13.0711937 -9.5990810
14.6307354 -13.6026602
20.9960423 -12.2915344
27.1594715 -9.0180569
26.2952137 -6.1281753
22.3191376 -2.6023345
18.0009670 1.0661162
14.9484739 1.7434964
14.9588881 -0.5890055
7.9090137 0.7361258
5.9444718 3.4510131
7.2734914 3.6810517
5.8736563 3.3142192
4.6095963 5.7461710
5.6377020 5.1131282
4.5497179 6.0819831
3.8573823 9.0359135
3.7339349 7.2969418
2.9754527 8.2041245
2.0188723 10.8745012
1.1404102 9.2310429
-0.9644955 8.9257174
-3.9943278 12.7939157
-1.4180669 10.2481680
-1.9626654 11.2906027
-2.1211770 12.8869200
-2.5397894 11.0191393
-4.4491768 12.2206182
-5.1768765 14.8849268
-8.2385826 12.3623390
-8.1432781 10.9064493
-6.5192456 12.2324715
-6.8268690 9.5272169
-5.9623370 8.0738230
-5.2232008 10.0318527
-5.4886222 7.2623782
-5.1168084 6.4371433
-4.2955947 8.2860374
-4.6139226 5.6407509
-4.2034326 4.9799280
-3.2210443 6.3205581
-3.7784369 4.2442923
-3.4677830 3.5949817
-2.5731182 4.5375786
-3.1599982 2.9909828
-2.9601469 2.4101784
-2.2226982 3.0397038
-2.7578609 1.8804990
-2.7249970 1.4098955
-2.1421735 1.7708879
-2.4762485 0.9011815
-2.9919140 0.3991544
-2.3794560 0.5236396
0.0000000 0.0000000
0.0000000 0.0000000
-5.1112490 -1.4013747
-2.7364044 -1.3483171
-4.6316118 -3.6345928
-5.2518983 -5.9669232
-3.0997794 -6.1461501
-5.9183588 -7.8947692
-6.6301737 -10.2453203
-3.9997211 -11.6419811
-7.1375895 -12.3182592
-7.6807923 -13.8766041
-4.8023043 -17.7166729
-7.9160218 -15.9682732
-6.3493738 -17.1402321
-4.6907649 -20.9355297
-4.0906997 -18.3535805
-1.8674148 -18.5625134
-2.4071560 -21.9314766
1.6995465 -18.1515026
5.2210627 -17.9918041
3.9258680 -20.3691711
7.9665875 -16.6621246
12.5864649 -15.5394297
10.3169956 -11.2309942
12.7832594 -12.8908758
15.0975485 -10.3800306
14.4392557 1.3405617
18.3806515 -8.2829151
17.4209309 0.7820360
9.8058434 11.9729300
7.3864512 5.5207267
4.3956261 8.0234356
6.1749167 11.2963667
3.3702953 10.5649462
2.4563425 11.2019587
1.5470908 14.7113209
2.8562281 12.5788450
2.1802111 13.3584528
2.8131304 15.8481550
1.2394137 14.4480476
0.5402824 15.3835678
2.3764377 18.7483692
-0.0934629 17.2180786
-1.9674191 18.0667858
-0.5646287 20.0590649
-3.5140772 18.6436787
-3.5665183 18.0913067
-1.8303139 20.3526363
-3.5447559 17.5280018
-4.7976747 17.3028393
-2.9806921 21.1884823
-5.5879760 16.3373470
-5.2890453 14.9468441
-2.9895563 18.0121212
-4.6511836 13.8337631
-4.1532660 12.6213465
-2.2779989 13.6596956
-3.6377630 11.4188137
-3.1141241 9.9239092
-1.5407119 9.8671865
-2.5816631 8.5448580
-2.2337298 7.2714391
-1.1250843 7.1502247
-1.9599973 6.1140151
-1.7798808 5.1287279
-0.9027616 5.0985274
-1.6579210 4.1837249
-1.5644916 3.4078875
-0.7953165 3.4022770
-1.5125872 2.5896611
-1.5214018 1.9771020
-0.7391979 1.9885224
-1.4334378 1.1083685
-1.4643455 0.5563582
-0.7961636 0.3701754
0.0000000 0.0000000
0.0000000 0.0000000
-0.5745333 -1.0773373
0.0000000 0.0000000
-0.6913829 -2.1806135
-0.8862612 -3.8092942
0.0000000 0.0000000
-1.0442909 -5.3583684
-1.4177802 -7.5944324
0.0000000 0.0000000
-1.8129777 -9.9464455
-2.2182543 -12.9777269
0.0000000 0.0000000
-1.9370617 -16.6186428
-2.0069449 -19.8771458
0.0000000 0.0000000
-0.9505440 -22.5063820
-0.5124812 -25.1303062
0.0000000 0.0000000
0.3651709 -24.0801086
0.9092411 -23.5393639
0.0000000 0.0000000
1.9443312 -20.6170502
2.7336197 -17.0487938
0.0000000 0.0000000
3.4502373 -9.2574100
3.9862778 -1.5115813
0.0000000 0.0000000
3.9448340 3.2656307
4.7581649 11.9643888
0.0000000 0.0000000
3.0838273 16.2265968
1.3049917 22.0036125
0.0000000 0.0000000
-0.2374675 24.5852547
0.0356075 23.5828114
0.0000000 0.0000000
-0.0654369 25.4072495
0.7489859 28.7425556
0.0000000 0.0000000
-0.3766069 23.7014198
-0.9053298 28.4119072
0.0000000 0.0000000
-1.7702425 25.4870319
-1.8615925 23.5322437
0.0000000 0.0000000
-1.8728136 23.4856491
-1.8816000 20.1067543
0.0000000 0.0000000
-2.0729909 17.5866089
-1.8692281 14.7289858
0.0000000 0.0000000
-1.5058918 12.0840578
-1.2268726 9.7783442
0.0000000 0.0000000
-0.9148402 7.9352856
-0.6595392 6.4093461
0.0000000 0.0000000
-0.4380272 5.3087192
-0.3246564 4.4785380
0.0000000 0.0000000
-0.2431667 3.8391900
-0.1957420 3.3280995
0.0000000 0.0000000
-0.1807365 2.8620973
-0.1740199 2.4892972
0.0000000 0.0000000
-0.1820613 2.0742486
-0.1829424 1.7208848
0.0000000 0.0000000
-0.2028376 1.3342174
-0.2659906 0.7500327
0.0000000 0.0000000
-0.0822027 0.7174975
-0.4270982 -0.1825612
0.0000000 0.0000000
0.0000000 0.0000000
11.58587
11.93725
13.6018
12.9571
9.39424
5.427832
1.048135
-4.124104
-11.76308
-24.87566
-51.59453
-109.8516
-190.6805
-50.66428
-61.68053
-5.204098
10.0707
17.68061
20.76351
22.1381
22.64951
22.76492
22.79598
22.81757
22.76202
22.78218
11.22861
11.34832
12.72252
11.91457
8.595105
5.055957
1.050258
-3.871136
-10.93175
-22.41465
-45.17824
-115.9455
-150.9042
-26.71596
-59.97573
-4.70701
9.604416
17.63589
20.8632
22.14148
22.60274
22.70193
22.69344
22.69855
22.59501
22.58575
9.666078
9.693823
10.36075
9.084364
6.7156
4.034816
0.5735984
-3.649979
-9.11848
-16.64477
-26.27215
-40.07827
-68.1708
7.584986
-14.72025
6.380517
15.75529
19.18445
21.37201
22.24972
22.49647
22.48537
22.37641
22.31006
22.19958
22.19593
8.039872
8.061633
7.67129
6.386382
4.53632
2.326883
-0.5447022
-3.70118
-7.036186
-10.54201
-15.94119
-37.09519
-2.451809
61.1948
-26.51936
-6.07324
15.94377
20.72147
22.05049
22.39139
22.31979
22.11528
21.8896
21.73699
21.63458
21.63256
6.220619
6.174237
4.765644
3.559176
1.830144
-0.1573993
-2.399661
-4.414938
-5.431675
-4.152662
1.741555
25.11082
25.91418
53.11093
3.523442
8.827524
19.26732
22.58911
22.91377
22.5597
22.05989
21.58993
21.21637
20.96492
20.85276
20.85159
3.811106
3.617063
1.442304
0.1966579
-1.620391
-3.563732
-5.410425
-6.600295
-6.091754
-1.936241
7.335432
27.03196
17.5317
52.58465
19.58064
23.94642
24.45291
24.72094
23.78942
22.64672
21.64447
20.86358
20.31279
19.95811
19.81188
19.81066
0.4529242
0.05177388
-2.531671
-3.997096
-6.05302
-8.203496
-10.16892
-11.46064
-10.90351
-6.408316
2.412538
14.04488
4.072398
35.92098
62.74186
39.8158
30.70201
27.00808
24.48812
22.47618
20.94771
19.84609
19.11348
18.66125
18.47212
18.46652
-4.029366
-4.642854
-7.345645
-9.205813
-11.71378
-14.51142
-17.508
-20.21333
-20.93523
-16.809
-8.324189
3.207401
5.261585
-1.361459
45.33009
40.89745
33.53512
28.27863
24.55904
21.78486
19.79395
18.41959
17.53908
17.01254
16.78918
16.77673
-9.600253
-10.36197
-13.07162
-15.49941
-18.75262
-22.75074
-28.0154
-33.2389
-35.21498
-31.18207
-22.88424
-11.8448
-0.1994598
29.99569
35.93328
37.44326
33.60644
27.83538
23.4674
20.24212
17.97638
16.45397
15.50291
14.95386
14.72513
14.70343
-16.01481
-16.86142
-19.60889
-22.76476
-27.09281
-32.95759
-41.58167
-48.74215
-50.70545
-45.85478
-36.86496
-22.26587
-8.192141
52.36025
61.5381
41.01404
32.18383
25.76427
21.01391
17.6192
15.31774
13.82906
12.93564
12.44257
12.24936
12.22689
-22.88731
-23.79981
-26.67597
-30.64859
-36.26223
-44.64808
-56.1298
-63.54448
-64.49352
-59.31804
-49.80193
-36.78429
-27.35237
43.89842
36.59396
33.77905
26.62187
20.87697
16.59817
13.60215
11.64481
10.45142
9.79053
9.460825
9.363308
9.35045
-29.78578
-30.77106
-33.83515
-38.6073
-45.4792
-56.33439
-68.32355
-74.82017
-74.73694
-69.46217
-58.40979
-38.72238
-19.73637
43.17023
25.64729
22.12132
17.02844
12.85986
9.916625
7.993773
6.851919
6.284137
6.069302
6.032134
6.09844
6.113191
-36.23435
-37.29394
-40.58291
-46.0088
-53.77293
-65.69194
-76.32102
-81.78102
-82.25261
-78.51005
-69.26391
-43.70101
1.440989
8.29184
6.275041
4.962789
2.941858
1.545551
0.8707162
0.7349219
0.9480519
1.376117
1.842064
2.235182
2.53326
2.59926
-41.75912
-42.88991
-46.41268
-52.38891
-60.71576
-72.36062
-80.76762
-85.1293
-86.76214
-84.62217
-86.81131
-98.22504
-51.02971
-26.54503
-24.13599
-21.31723
-16.98871
-13.38369
-10.49793
-8.077328
-5.912986
-4.102937
-2.731609
-1.778487
-1.191156
-1.053908
-45.68264
-46.94978
-50.8386
-57.46774
-66.35362
-77.67173
-83.59147
-85.94403
-87.75702
-86.33498
-81.11824
-100.1025
-83.0792
-70.34165
-62.95589
-56.14442
-43.48101
-31.79964
-23.91862
-18.11218
-13.36327
-9.845149
-7.382606
-5.773543
-4.859233
-4.62934
-47.25306
-48.87372
-53.32019
-61.04422
-71.03598
-81.16708
-84.61529
-84.28053
-84.60178
-86.64232
-85.93375
-95.91783
-102.0903
-102.6153
-100.0463
-92.03716
-75.36744
-53.05587
-38.89869
-28.78041
-20.84202
-15.38714
-11.73383
-9.426386
-8.172773
-7.823111
-45.24953
-47.52625
-53.15098
-62.91192
-75.82165
-85.78855
-86.46147
-83.70488
-79.74695
-74.45274
-79.42527
-114.7736
-118.4913
-124.1916
-125.9365
-120.1244
-104.9795
-77.38205
-54.52813
-38.9092
-27.5637
-20.14784
-15.3136
-12.32789
-10.76336
-10.28554
-38.4423
-41.0678
-48.8918
-62.446
-80.13547
-89.36341
-88.53513
-84.63741
-80.98083
-83.25676
-91.30037
-123.5113
-127.182
-135.1067
-138.9411
-137.3155
-126.247
-101.408
-69.10811
-46.87576
-32.64198
-23.48257
-17.60921
-14.02737
-12.16847
-11.62054
-25.48257
-28.53322
-39.6135
-59.3134
-82.50771
-92.50582
-90.06371
-83.31328
-77.48083
-76.29182
-84.5892
-103.3441
-119.5237
-134.2085
-143.0718
-145.1721
-138.207
-117.0498
-81.52552
-52.10054
-35.28004
-24.74772
-18.1339
-14.1406
-12.02303
-11.48892
-5.449665
-9.197832
-23.44605
-50.82529
-87.35255
-97.0769
-92.94563
-81.59968
-70.73186
-64.08794
-70.9477
-98.28189
-113.0354
-129.0413
-141.5497
-149.447
-143.7898
-124.0882
-87.1074
-52.70328
-34.65526
-23.52495
-16.68963
-12.62433
-10.47452
-9.937377
21.91726
17.91853
2.155334
-30.90909
-80.90119
-89.85177
-89.90769
-79.14747
-67.4272
-62.2481
-51.88917
-76.7369
-100.0739
-119.8499
-135.361
-146.8986
-146.6815
-128.7714
-86.00342
-49.54274
-30.94459
-19.85758
-13.32857
-9.562299
-7.617805
-7.117104
55.25512
51.27415
35.32301
2.054413
-60.9004
-80.35966
-78.87461
-71.00129
-59.8401
-55.65442
-75.72116
-79.86245
-95.03794
-114.7971
-131.8559
-142.7076
-142.6735
-120.0725
-71.66189
-40.94703
-24.23709
-14.34754
-8.612101
-5.414605
-3.815637
-3.50477
91.43962
87.77109
73.40052
43.5963
-22.54197
-67.90303
-62.02306
-58.08526
-40.84277
-1.505964
-23.65963
-55.85961
-81.7237
-107.6938
-124.2381
-129.6355
-133.6019
-105.3864
-55.22719
-29.44695
-15.21893
-7.4022
-3.142296
-0.926352
0.2693483
0.8177414
123.7045
121.4747
110.1194
85.16262
40.53532
-12.62577
-24.29732
19.37596
90.91202
80.61218
-4.154309
-39.49887
-71.04317
-101.1338
-124.6007
-113.4134
-109.7471
-73.30959
-41.10261
-20.43596
-7.317324
-1.001493
1.867218
3.08707
3.556034
4.158554
142.3789
140.3087
134.0121
118.867
88.13657
58.226
83.3127
174.004
267.2839
233.4707
108.1095
8.137345
-40.5775
-79.03303
-107.5312
-96.26687
-80.08618
-49.28592
-28.92614
-14.70205
-5.398641
0.3216524
3.376805
4.671353
4.735898
4.078304
143.2719
142.2898
137.5689
128.5008
110.0449
94.11902
145.7137
245.0617
337.8232
309.3385
176.727
43.85993
-19.22742
-79.72871
-93.1227
-84.6308
-67.65884
-46.83826
-29.57367
-15.76963
-6.31578
-0.2544398
3.131573
4.700923
4.370197
0
