0.0000000 0.0000000
0.0000000 0.0000000
0.0000000 0.0000000
0.0000000 0.0000000
0.0000000 0.0000000
0.0000000 0.0000000
0.0000000 0.0000000
0.0000000 0.0000000
0.0000000 0.0000000
0.0000000 0.0000000
0.0000000 0.0000000
0.0000000 0.0000000
0.0000000 0.0000000
0.0000000 0.0000000
0.0000000 0.0000000
0.0000000 0.0000000
0.0000000 0.0000000
0.0000000 0.0000000
0.0000000 0.0000000
0.0000000 0.0000000
0.0000000 0.0000000
0.0000000 0.0000000
0.0000000 0.0000000
0.0000000 0.0000000
0.0000000 0.0000000
0.0000000 0.0000000
0.0000000 0.0000000
0.3214984 -0.1890617
-1.7547505 0.6462581
-2.2121542 2.1697476
-1.4630473 3.6328382
-0.9354568 4.5099778
-0.7933709 5.2198815
-0.9115935 6.0245047
-1.2970170 7.1068172
-2.1327848 8.6073055
-3.8332531 10.8263950
-8.2871351 13.4274139
4.4580293 13.0259333
11.1920366 -10.3059349
-5.5345163 -9.0657339
-2.6869252 -7.9863291
-2.0030689 -5.1247163
-1.3031709 -3.7388649
-0.9142888 -2.7544539
-0.6664228 -2.0343764
-0.4875264 -1.4928092
-0.3723180 -1.0912775
-0.3602805 -0.7651452
-0.4447870 -0.3590420
-0.2506507 -0.0730856
0.0000000 0.0000000
0.0000000 0.0000000
0.3710312 0.1216932
-3.4778755 1.4228956
-3.4264233 2.5575743
-2.1615093 3.3104191
-1.5901763 3.9265211
-1.6087487 4.7232928
-1.9246228 5.5987554
-2.5429041 6.5186324
-3.7236800 7.4960527
-5.9027100 8.1572275
-0.5061608 9.2115955
16.5904617 9.2902565
26.9627514 -4.7111378
5.7872925 -3.2029648
-5.4086313 -3.4649668
-2.8550973 -4.4210234
-2.2821205 -3.3381286
-1.6857718 -2.4728737
-1.2394999 -1.8018471
-0.9194102 -1.3081146
-0.7006243 -0.9280640
-0.6256653 -0.6574176
-0.7720143 -0.3621902
-0.5201777 -0.1183695
0.0000000 0.0000000
0.0000000 0.0000000
-0.4681549 0.4722512
-4.8968720 1.9826435
-3.9593892 2.6141229
-2.6569169 3.1045032
-2.3583887 3.7552698
-2.4240983 4.5316586
-2.6841269 5.2011247
-3.2409315 5.7338619
-4.2981987 5.9751110
-6.5533180 5.5507936
-2.3548512 -0.4184427
18.9960728 6.9929657
33.1761322 -5.1690898
0.0377716 -0.1624063
-4.1255169 -0.9892886
-4.7289753 -3.0870776
-3.1884933 -2.5358989
-2.3404024 -1.8313301
-1.6969110 -1.3385044
-1.2597331 -0.9928218
-0.9745632 -0.7205795
-0.8325752 -0.5153164
-0.9769846 -0.3366628
-0.8175710 -0.1248883
0.0000000 0.0000000
0.0000000 0.0000000
-2.0980713 0.7601295
-5.9177036 2.2991812
-4.2226510 2.6076715
-3.2610524 3.1423151
-3.1038201 3.8156853
-3.0594409 4.4680562
-3.1552641 4.9631920
-3.4905040 5.2651029
-4.1180849 5.2880721
-5.0659971 4.5762591
2.7349851 -2.2498856
12.5756159 4.7549243
37.8846321 -2.4492719
14.4643497 4.4009933
-3.9163806 0.9434195
-7.2950373 -0.6172109
-3.8469062 -1.2475326
-2.7151792 -0.8673708
-1.9400762 -0.7008491
-1.4477868 -0.5858967
-1.1437513 -0.4764785
-0.9755714 -0.3582723
-1.0895325 -0.2762524
-1.0930321 -0.1117118
0.0000000 0.0000000
0.0000000 0.0000000
-4.0642076 0.9751012
-6.5626097 2.4279585
-4.5416784 2.6413128
-3.9445138 3.3042679
-3.7617631 3.9786160
-3.5732813 4.5927925
-3.5149040 5.0686669
-3.5985377 5.3743644
-3.6512058 5.2353816
-3.4692903 4.3151970
4.7515364 -1.5286595
10.2083168 3.4124451
32.5930939 3.0092053
28.9098797 9.4783773
2.3659029 3.1765101
-8.3200884 2.1547751
-4.3352666 0.4760712
-2.6921165 0.1531352
-1.9209965 -0.0580508
-1.4602906 -0.1971705
-1.1927983 -0.2481531
-1.0479164 -0.2216283
-1.1388831 -0.2092154
-1.3133612 -0.0963135
0.0000000 0.0000000
0.0000000 0.0000000
-6.1002636 1.0985897
-6.9879413 2.4469938
-5.0470591 2.7360590
-4.6805840 3.5277479
-4.4119935 4.2439322
-4.1279044 4.9358754
-3.9987829 5.6063409
-3.8287847 6.0976081
-3.0942316 5.9548216
-1.6054276 4.7684431
6.5704660 -0.3845804
9.8942842 3.2649412
21.7569084 2.1770711
25.5585747 12.5222731
4.3681970 5.2282963
-5.9513278 3.5957115
-3.7749841 1.9246557
-2.2193594 0.8619770
-1.6366173 0.3707196
-1.3094897 0.0685489
-1.1383855 -0.0940601
-1.0572270 -0.1370582
-1.1508689 -0.1635026
-1.4799972 -0.0897161
0.0000000 0.0000000
0.0000000 0.0000000
-8.0334711 1.1577120
-7.3759437 2.4346845
-5.7558646 2.8961530
-5.4824262 3.8019400
-5.1432772 4.6191664
-4.9186530 5.5495234
-4.8788614 6.5791898
-4.0422740 7.0661936
-2.1530609 6.4800520
0.2584926 4.7583380
7.8705993 -0.2578813
8.8659754 1.4533358
15.7985458 3.0074766
28.2322025 7.0480752
1.8632628 5.7811880
-0.9368253 4.4510827
-1.8995986 2.6411402
-1.3457700 1.1516854
-1.1352924 0.5265043
-1.0407022 0.1512029
-1.0153944 -0.0543801
-1.0283527 -0.1260320
-1.1505493 -0.1576855
-1.6139510 -0.0990397
0.0000000 0.0000000
0.0000000 0.0000000
-9.8245335 1.1825002
-7.8684111 2.4553425
-6.6392341 3.1178157
-6.3772817 4.1280847
-6.0932202 5.1525311
-6.1564627 6.4115634
-5.8184648 7.3795443
-3.6177864 7.2628675
-0.6412313 5.8960238
2.4800155 3.8231733
9.9148378 -0.7970053
10.1708727 1.0816067
18.3855095 2.4125879
1.6640632 -0.9262983
-0.3814716 5.1011977
-0.0135028 3.5008955
0.0483200 2.3876112
-0.3272430 0.9892924
-0.5794731 0.3844883
-0.7447982 0.0399487
-0.8786162 -0.1410691
-0.9956586 -0.1957067
-1.1647787 -0.1993474
-1.7437099 -0.1278796
0.0000000 0.0000000
0.0000000 0.0000000
-11.5502892 1.2115376
-8.5345736 2.5104823
-7.6582751 3.3724964
-7.4365015 4.5122509
-7.4021406 5.8311071
-7.4608912 7.1386328
-5.8322587 7.3235588
-2.3341393 6.3144827
1.2221183 4.5420818
4.8814864 2.4099722
11.4342709 -1.4186656
11.4036121 -2.8187215
32.0959129 -5.6581759
4.3323984 -0.3685289
3.6255291 6.1082311
1.7416506 1.4377279
1.2104956 1.1836177
0.4841369 0.4204980
-0.0926393 -0.0068357
-0.4975770 -0.2453964
-0.7832609 -0.3470289
-0.9980873 -0.3423325
-1.2184603 -0.2883897
-1.8984065 -0.1769527
0.0000000 0.0000000
0.0000000 0.0000000
-13.1917171 1.2541165
-9.3931141 2.5629418
-8.8093348 3.6321983
-8.7490425 4.9436097
-8.9151478 6.4742832
-7.9976454 7.2010112
-4.6677976 6.3093500
-0.5392409 4.6370940
3.3430810 2.7233777
6.8185725 0.7351930
13.1721497 -2.2999218
12.4983597 -4.1612673
24.5393810 -3.3678138
2.1074300 1.1399949
3.3254230 0.5626150
3.1428058 0.3420216
1.8989166 -0.1162030
0.9431960 -0.4003167
0.1870187 -0.6005560
-0.3780572 -0.6772400
-0.7781826 -0.6544787
-1.0725392 -0.5551993
-1.3349104 -0.4197867
-2.1046867 -0.2440267
0.0000000 0.0000000
0.0000000 0.0000000
-14.7070360 1.3079457
-10.4651098 2.6782887
-10.1032619 3.9521470
-10.3615704 5.4782915
-10.0813923 6.8999257
-7.2752385 6.4505277
-2.6848378 4.6479001
1.5893511 2.5860326
5.1910939 0.8200155
8.2141018 -0.8515963
13.6111174 -2.6403461
16.7153912 -8.1336975
19.8976326 -1.8054605
3.9592929 -3.3068068
4.2002583 -1.5674462
3.1201563 -1.5108405
2.0665808 -1.4379042
1.0567589 -1.4096535
0.2105879 -1.3444085
-0.4355072 -1.2173046
-0.9029480 -1.0383216
-1.2474438 -0.8183784
-1.5335004 -0.5842187
-2.3837366 -0.3243272
0.0000000 0.0000000
0.0000000 0.0000000
-16.1622448 1.3733898
-11.7507467 2.8169434
-11.5779009 4.3137784
-12.1222906 6.0118251
-9.9937325 6.3872738
-5.5240798 4.8985929
-0.4908904 2.7863014
3.4417307 0.6747448
7.0292230 -1.0296593
9.3213882 -2.8427861
13.0685425 -3.5040956
22.3227177 -9.2670145
2.6321511 -3.1961994
3.7892914 -3.9810576
3.5950675 -3.5665307
2.9520009 -3.1163239
1.9407750 -2.7860537
0.8819019 -2.4859297
-0.0164094 -2.1657114
-0.6869348 -1.8207920
-1.1802979 -1.4683390
-1.5426421 -1.1117442
-1.8283319 -0.7680131
-2.7460291 -0.4113364
0.0000000 0.0000000
0.0000000 0.0000000
-17.5385284 1.4441059
-13.2806492 2.9927852
-13.3872032 4.8121958
-13.0806026 6.1255631
-8.5351124 5.0470438
-3.2371833 3.0813208
1.5386750 0.9229540
5.1091166 -0.8094071
8.9760523 -2.8430448
11.7638130 -5.5223904
16.0787239 -8.2416449
25.9852505 -9.3007812
5.3746829 -5.1391692
4.2382522 -5.5375872
3.4588573 -5.2944851
2.6696949 -4.7016673
1.5969511 -4.1379266
0.4299057 -3.5923994
-0.4901575 -3.0146728
-1.1418782 -2.4456618
-1.6200570 -1.9120157
-1.9672947 -1.4123232
-2.2282174 -0.9544073
-3.1856241 -0.4972916
0.0000000 0.0000000
0.0000000 0.0000000
-18.7712002 1.4913961
-15.0685205 3.0949183
-15.2520161 4.9307957
-12.5031757 5.0963292
-6.6251893 3.3386261
-1.0236503 1.2952093
2.9067569 -0.4756566
6.9035549 -2.1448717
10.6370687 -3.7825048
14.4855328 -6.9817548
23.0234756 -12.0765018
9.5062304 -7.0555964
7.0200691 -7.4173813
4.3210406 -8.2390280
2.8517296 -7.8549266
1.9102150 -6.7722187
0.8579439 -5.6799235
-0.3226569 -4.7425752
-1.2139783 -3.8626096
-1.8050026 -3.0532362
-2.2264502 -2.3364620
-2.5213330 -1.6963116
-2.7361617 -1.1251605
-3.6795037 -0.5740871
0.0000000 0.0000000
0.0000000 0.0000000
-19.8283863 1.5235314
-16.9672623 3.2289588
-15.9628916 4.4137073
-10.8635283 3.2464535
-4.9180884 1.6009629
0.2584140 0.0046603
4.4592838 -1.6768426
8.8117256 -3.6184118
12.7155676 -4.8250837
17.1135330 -7.4496961
26.6984539 -13.1198759
11.3722773 -8.9236536
8.0206556 -9.7732105
4.2287712 -10.4223309
1.4942119 -10.3938761
0.0433385 -9.3883247
-0.7664899 -7.6654096
-1.5609232 -5.9564290
-2.2070177 -4.6565299
-2.6817310 -3.6005301
-3.0013390 -2.7102051
-3.1999793 -1.9382023
-3.3457518 -1.2608969
-4.1915436 -0.6310306
0.0000000 0.0000000
0.0000000 0.0000000
-20.8682575 1.4676487
-18.7371063 3.1585503
-14.6805801 2.7902327
-8.1740742 0.7604154
-3.8337684 0.3594989
0.4503829 -0.7047477
6.0424666 -2.9321144
10.0514851 -4.3285542
14.9170933 -5.8419948
24.9047470 -12.7526751
14.6657143 -10.3042402
11.8846321 -9.9382982
8.6683483 -10.1027260
4.8286538 -10.0967741
1.2565186 -10.3670301
-1.3377439 -10.2866726
-2.9587409 -9.2788095
-3.6457920 -7.2527227
-3.4818244 -5.3475695
-3.7795951 -4.0295653
-3.9142058 -2.9923301
-3.9777865 -2.1063941
-4.0331287 -1.3398877
-4.6753178 -0.6561145
0.0000000 0.0000000
0.0000000 0.0000000
-21.6380653 1.1510386
-19.1815968 2.2970774
-12.4699678 0.4325337
-6.5251894 -0.8829650
-2.3576498 -1.2337456
3.2311926 -3.0066161
7.2444162 -4.1502213
11.3729773 -5.1505408
17.6109371 -5.6192555
29.5266247 -13.7354002
14.4511576 -9.1988239
11.4370022 -8.9871206
8.3072939 -8.3404951
5.1626725 -8.0618649
1.9588253 -7.9062018
-1.2596126 -8.2387028
-3.7871838 -8.5177221
-6.1029153 -7.7486043
-5.2170420 -5.7732153
-5.1000133 -4.2569480
-4.9668489 -3.1236241
-4.8463807 -2.1611493
-4.7670703 -1.3312113
-5.0914631 -0.6309504
0.0000000 0.0000000
0.0000000 0.0000000
-22.3336201 0.2258062
-17.0928230 0.1861054
-11.3350248 -1.3806196
-5.8812890 -2.3575020
-0.5810807 -3.4640756
4.1619215 -3.7103736
7.7160535 -3.9503016
11.7732086 -4.7815151
30.1141491 -12.8076515
21.8474789 -11.4063540
14.7216091 -7.7050319
11.0740643 -6.8530159
7.7308331 -5.8516979
4.8273230 -4.9976501
2.2895911 -4.7622423
-0.4971329 -4.7473388
-3.1477919 -5.8246460
-6.6621957 -5.9049306
-7.4098659 -5.2663159
-6.4288106 -4.1560493
-6.0764680 -3.0645466
-5.7416630 -2.0506248
-5.4526167 -1.1878242
-5.3903036 -0.5337549
0.0000000 0.0000000
0.0000000 0.0000000
-21.9437275 -1.3914537
-15.3641539 -1.3314109
-10.1036005 -3.0624952
-4.9557147 -4.0470810
-0.2387259 -4.1265664
4.3674788 -3.9241607
8.4615631 -3.8645442
13.1301651 -2.3856444
34.0250969 -15.5386419
16.1585827 -8.0092707
13.1394901 -6.1161366
9.7549868 -4.4205689
6.5808635 -2.9471827
4.0679312 -1.9619396
2.0533044 -1.4131585
-0.1257202 -1.4401839
-2.4100125 -2.0592518
-4.9852457 -2.1007044
-7.3991418 -2.2502997
-7.6923919 -3.7189596
-7.3676267 -2.7890527
-6.7367702 -1.7582186
-6.0760593 -0.8323408
-5.5346713 -0.2891601
0.0000000 0.0000000
0.0000000 0.0000000
-19.4427319 -3.9214489
-14.5404596 -3.7053277
-8.8093262 -4.7112651
-4.4734678 -5.4931378
-0.5067854 -5.3741989
2.4879572 -3.9697859
9.1381798 -4.1240668
28.4470558 -9.6366367
33.8817863 -8.8096867
12.9738264 -5.7242889
11.2038937 -3.8335531
8.0727253 -1.9623486
5.2645144 -0.2328472
2.8926785 0.9295276
1.9698026 1.7345309
0.3044725 2.1406820
-2.0192101 1.9188248
-4.2113285 1.4897588
-5.4918342 0.3825550
-8.3379936 -0.7674814
-8.5071392 -1.3173207
-7.5566335 -0.6444863
-6.3607898 -0.0203715
-5.5138683 0.1331895
0.0000000 0.0000000
0.0000000 0.0000000
-18.4043503 -4.8554630
-12.4096022 -5.7703528
-8.0186176 -6.8649144
-4.3206267 -7.3486576
-1.1134013 -6.9488859
0.7347131 -6.0200744
11.3678350 -5.6053305
32.2563972 -16.0030003
24.7760868 -9.6465921
11.7640028 -4.7328649
8.6129751 -1.8167757
6.0296350 0.1234634
3.8865983 2.8639925
1.8821595 4.2689004
0.9029015 5.0562072
0.4003308 5.4432316
-1.2339866 5.1298308
-3.1952450 4.2901368
-5.3273010 3.8145139
-7.2373214 4.8731179
-9.1390371 3.8776186
-7.6369424 2.9139824
-5.9647956 1.9200056
-4.9331670 0.8687114
0.0000000 0.0000000
0.0000000 0.0000000
-14.1586065 -8.4166861
-11.7137375 -8.4140835
-6.6817012 -8.6442604
-4.3006859 -9.3016615
-2.1232209 -9.2479849
1.2543977 -9.3996067
17.9253082 -11.9222450
30.1809959 -7.7547445
16.7541294 -5.1948581
8.2912989 -1.6608772
4.5357246 2.0953066
2.2559388 3.3802576
2.2268097 6.1031055
1.0940783 7.4365296
0.3226761 7.8787274
0.2373948 8.0157127
-1.2083172 8.7155676
-3.0131328 9.0321779
-6.2846441 10.4899569
-6.7403078 10.6876392
-7.4458170 11.0894547
-5.2940321 7.7815185
-3.5315654 3.9303513
-3.4310851 1.6186217
0.0000000 0.0000000
0.0000000 0.0000000
-10.6827412 -9.1211662
-10.0754061 -12.3188496
-8.0684357 -11.9189892
-5.1583691 -11.4953947
-2.6283216 -11.7998524
3.3891041 -13.1028757
17.2286854 -11.0269299
24.5423679 -7.3628645
18.1130772 -2.7123470
6.4885125 4.4109550
1.5380403 7.4139562
-0.3229560 7.6906075
0.7800797 9.5035582
0.5606351 10.5628719
0.2584381 10.8710976
-0.2185881 11.0169649
-1.1827501 11.1025362
-4.3326583 13.4212904
-8.0950584 14.6526814
-8.3711538 16.1872501
-6.5324945 14.0746059
-1.9214550 8.8713102
-0.3327680 4.7259741
-1.0135894 2.1529248
0.0000000 0.0000000
0.0000000 0.0000000
-2.9223599 -0.0783219
-6.4303265 -10.7572289
-3.1525884 -16.9974232
-2.0621116 -16.7155781
0.4595706 -17.5251923
4.4606509 -16.8197021
10.7612848 -11.8943806
12.6205740 0.8715606
9.9930325 7.6828780
8.0651712 12.0469065
2.3416238 14.0749159
-0.1726142 13.1004276
0.2250631 14.1276464
-0.3636031 14.8266487
0.5501109 15.9007473
-0.9834954 16.4130783
-1.1899947 19.0748386
-4.1967406 20.0585365
-5.1528192 14.8651390
-2.4578919 5.2872853
-0.2325888 1.1735661
0.2649425 0.9818080
0.1653309 1.5370761
-0.0115010 1.1144292
0.0000000 0.0000000
0.0000000 0.0000000
0.0000000 0.0000000
0.0000000 0.0000000
0.0000000 0.0000000
0.0000000 0.0000000
0.0000000 0.0000000
0.0000000 0.0000000
0.0000000 0.0000000
0.0000000 0.0000000
0.0000000 0.0000000
0.0000000 0.0000000
0.0000000 0.0000000
0.0000000 0.0000000
0.0000000 0.0000000
0.0000000 0.0000000
0.0000000 0.0000000
0.0000000 0.0000000
0.0000000 0.0000000
0.0000000 0.0000000
0.0000000 0.0000000
0.0000000 0.0000000
0.0000000 0.0000000
0.0000000 0.0000000
0.0000000 0.0000000
0.0000000 0.0000000
0.0000000 0.0000000
0.0000000 0.0000000
0.4121630 -0.4029292
0.0000000 0.0000000
0.9746331 -0.3293617
0.1269261 -0.8335014
-0.2179085 -0.9838203
0.0000000 0.0000000
-1.0629808 -0.3771952
-0.5520688 0.1084569
-0.5586399 1.0269853
0.0000000 0.0000000
-2.0859239 1.2610221
-0.6175326 2.2131240
-0.6277404 3.4402754
0.0000000 0.0000000
-1.7727044 3.1050227
-0.5158876 4.4043894
-0.4496945 5.1432586
0.0000000 0.0000000
-1.1315151 4.1654248
-0.3504384 5.8097863
-0.3202729 6.3540730
0.0000000 0.0000000
-0.8276588 4.8857694
-0.3121343 6.8914056
-0.3405262 7.3999515
0.0000000 0.0000000
-0.8158914 5.6014333
-0.3731183 8.0241785
-0.4569969 8.6418209
0.0000000 0.0000000
-1.0410361 6.5007653
-0.5284261 9.5453339
-0.7025519 10.3926601
0.0000000 0.0000000
-1.5626638 7.7431283
-0.8699986 11.8886557
-1.1939534 13.2620583
0.0000000 0.0000000
-2.6288838 9.7630243
-1.7198761 15.6826019
-1.9431020 18.6859360
0.0000000 0.0000000
-4.8474131 14.4621553
-1.8480717 21.3634262
-2.1834900 25.6857281
0.0000000 0.0000000
3.6607494 14.2657404
5.0912023 16.4288883
8.0146542 10.9545937
0.0000000 0.0000000
12.3342209 9.1813488
11.3948259 -8.1261892
-0.3341315 -7.2879658
0.0000000 0.0000000
13.0350447 -3.6016438
-0.9367155 -13.2459507
-0.6269464 -12.3637152
0.0000000 0.0000000
-6.4170065 -10.4354429
-0.7040197 -8.9295149
-0.7245417 -7.4999590
0.0000000 0.0000000
-2.1058178 -6.3572359
-0.5175454 -6.5036387
-0.4611868 -5.5964246
0.0000000 0.0000000
-1.6288713 -4.2784162
-0.4084650 -4.7895470
-0.3647390 -4.0362201
0.0000000 0.0000000
-1.0822207 -3.1503847
-0.3454828 -3.5025125
-0.2753749 -2.9067612
0.0000000 0.0000000
-0.7777423 -2.2931437
-0.2466952 -2.5427296
-0.2010346 -2.1142821
0.0000000 0.0000000
-0.5680040 -1.7021811
-0.1756061 -1.8439808
-0.1467132 -1.5389448
0.0000000 0.0000000
-0.4229891 -1.2637343
-0.1282580 -1.3356800
-0.1107003 -1.1000528
0.0000000 0.0000000
-0.3537684 -0.9248220
-0.1134322 -0.9046246
-0.1315521 -0.6943994
0.0000000 0.0000000
-0.3955759 -0.5976533
-0.1472965 -0.4333088
-0.1393988 -0.1874326
0.0000000 0.0000000
-0.4099066 -0.1864757
-0.0524704 -0.0494528
0.0114262 0.0912834
0.0000000 0.0000000
0.0519473 0.0530274
0.0000000 0.0000000
0.0000000 0.0000000
1.4818120 -0.1414103
1.4909964 -0.0965837
0.2174747 -0.2191324
-1.1643713 0.0626562
-2.0820425 0.4706801
-2.5354352 0.9781082
-2.8280792 1.7699647
-3.6927054 1.9890298
-2.6031730 2.5476758
-2.2640233 3.1745114
-2.7010145 2.9972093
-1.7409624 3.6161025
-1.4167610 4.0020208
-1.7979517 3.5740249
-1.2298714 4.2995005
-1.1712921 4.6698928
-1.5559902 4.2941980
-1.2024293 5.0711031
-1.3243936 5.4624743
-1.7200377 5.1204844
-1.4799070 5.9984798
-1.7567049 6.4306726
-2.1539054 5.9623156
-2.0470862 7.1519828
-2.5843906 7.6073928
-2.9978790 6.7323923
-3.1193581 8.6709003
-4.3728657 9.0228243
-4.6577616 7.1563759
-5.7920070 10.6083784
-9.0400658 11.8915434
-10.1436214 7.9652762
-1.9109130 8.9859915
6.7467241 11.7807045
10.0001211 12.5959539
10.5084944 8.8018274
18.7783985 12.2274303
22.5577145 5.4408569
25.2189541 -2.8560193
14.4686584 -3.6517899
21.2693844 -2.3981061
5.7253900 -6.7184424
-7.1657510 -8.7616405
-6.2891002 -6.2006001
-3.8316002 -6.6712422
-3.2701392 -6.9323401
-4.2875051 -6.5550547
-2.7366135 -4.9323077
-2.0915787 -4.0175486
-2.3413281 -3.6910460
-1.8721591 -3.5925808
-1.5035272 -2.9651320
-1.9681171 -2.6490710
-1.2956378 -2.6857271
-1.0705190 -2.1730242
-1.4465498 -1.9785666
-0.9256405 -1.9556544
-0.7776489 -1.6036137
-1.0686687 -1.4800354
-0.6705926 -1.4149408
-0.5776082 -1.1754205
-0.8012322 -1.0925914
-0.5065522 -1.0146552
-0.4647717 -0.8388475
-0.6439564 -0.7815984
-0.4608845 -0.7073409
-0.5111817 -0.5489559
-0.6731899 -0.5376886
-0.5878196 -0.3457356
-0.5923269 -0.2055955
-0.7609413 -0.2403950
-0.3725727 -0.0818082
0.1261387 0.0199799
0.0930557 -0.0180853
0.0000000 0.0000000
0.0000000 0.0000000
1.4910060 0.0343382
1.3240659 0.0970359
-0.2569310 0.2055240
-2.5973821 0.8583652
-3.4642382 1.1579584
-4.1983619 1.7104510
-4.2581902 2.2255883
-4.6685171 2.3492334
-3.6456635 2.6579602
-2.9527447 2.9059386
-3.1794426 2.8193200
-2.3635318 3.1665478
-2.0583429 3.4642110
-2.4373448 3.3583560
-1.9437724 3.7986941
-1.9641938 4.1952028
-2.3506846 4.1291146
-2.0222199 4.6356792
-2.1768806 4.9838991
-2.5023983 4.8360977
-2.3255434 5.4355812
-2.6239336 5.7000179
-2.8775721 5.4122972
-2.9031248 6.1861181
-3.4369338 6.3196526
-3.6041038 5.8552437
-3.8953323 6.7877131
-4.6916075 6.8902802
-4.8038511 6.2062654
-4.8490963 7.2322555
-9.7483540 8.1790533
-10.2896929 7.7349563
-9.1816740 7.3939781
7.6557837 7.2112775
12.1332474 3.3150406
14.7016029 8.9401302
23.2616501 5.0627909
31.6053257 7.2931533
35.2121544 -6.2267494
29.2289124 -0.8526525
31.7482681 5.9308357
-3.3768253 -0.4705098
-4.2237606 -4.0373631
-3.5367076 -4.3860674
-4.9888716 -0.0892243
-5.5046353 -6.2342901
-6.3619766 -5.7616625
-4.2346230 -3.8137805
-3.0861812 -3.4735365
-3.5385823 -2.9117048
-2.8825533 -3.0502214
-2.3350639 -2.3436370
-2.7650838 -1.9038813
-1.9960734 -2.1878893
-1.6763442 -1.7580492
-2.0068460 -1.4798440
-1.4370139 -1.5903314
-1.2276578 -1.3150094
-1.4697011 -1.1366644
-1.0596108 -1.1610290
-0.9301168 -0.9778228
-1.1081848 -0.8670673
-0.8170180 -0.8279318
-0.7558511 -0.7027945
-0.8888752 -0.6314231
-0.7158048 -0.5881044
-0.7644171 -0.4903641
-0.8677090 -0.4547823
-0.8636047 -0.3455480
-0.9014416 -0.2580805
-1.0234171 -0.2629758
-0.6654317 -0.1261556
0.0603422 -0.0284763
0.0079179 -0.0406287
0.0000000 0.0000000
0.0000000 0.0000000
1.0710716 0.1571718
0.7727086 0.1903318
-1.4296001 0.5631838
-4.1894135 1.4390932
-4.9717717 1.6356797
-5.4429975 2.1641746
-4.9759669 2.4295571
-5.1541147 2.4738009
-4.0868006 2.6335366
-3.3507464 2.8013155
-3.5957179 2.8157048
-2.9290633 3.0824015
-2.7776034 3.3983490
-3.1387711 3.4334974
-2.7050283 3.7652497
-2.7331998 4.1255355
-3.0489669 4.1313944
-2.7354708 4.4841022
-2.8309693 4.7487545
-3.0727100 4.6857667
-2.9184856 5.0499072
-3.1318743 5.2212582
-3.2721002 5.0552549
-3.3419516 5.4313912
-3.7606568 5.4586458
-3.7157619 5.0958219
-4.1511497 5.5723395
-5.0596485 5.0775518
-4.5571432 4.4091659
-5.7899513 5.3408151
-11.4379005 4.6554270
-9.0862007 3.4787376
0.0090109 -3.3214390
7.5814786 1.6398567
7.0390143 1.1878164
12.0407686 4.6861434
18.4349346 9.2745266
16.5111942 6.4804540
39.4608459 -1.6321280
42.3927460 6.2698793
28.1325588 14.7733135
2.2677848 2.3000748
1.5842359 -3.6115603
1.6958227 -2.4348190
-2.0029466 -0.3577416
-7.8364167 -4.8768911
-7.6737213 -3.2048068
-6.0778751 -2.2012918
-4.1891508 -2.6175926
-5.1426506 -1.9414710
-3.5195644 -2.0374198
-2.8830059 -1.4537995
-3.2941434 -1.0166465
-2.4532058 -1.3912559
-2.0946891 -1.1513892
-2.3424327 -0.8570233
-1.7736253 -1.0378619
-1.5444492 -0.9077702
-1.6874136 -0.7173986
-1.3286583 -0.7928259
-1.1849556 -0.7157561
-1.2865595 -0.5910851
-1.0430034 -0.5964707
-0.9704084 -0.5396170
-1.0491921 -0.4621088
-0.8971733 -0.4356942
-0.9300313 -0.3949219
-0.9900601 -0.3489228
-1.0269833 -0.3035479
-1.1160660 -0.2526822
-1.1966462 -0.2409382
-0.9554313 -0.1189243
-0.0618955 -0.0432775
-0.1217885 -0.0495602
0.0000000 0.0000000
0.0000000 0.0000000
0.2776957 0.2458992
-0.1928395 0.3107162
-3.1346493 0.8479919
-5.6921701 1.8068415
-6.3382683 1.9139071
-6.2690887 2.3911607
-5.3183312 2.4818308
-5.4486752 2.4957378
-4.3780708 2.6266356
-3.8318939 2.8658831
-4.1330485 2.9356623
-3.5801876 3.2021942
-3.5011635 3.5302434
-3.8438990 3.6173069
-3.4087589 3.8755260
-3.3692439 4.1977310
-3.6591170 4.2672048
-3.3077934 4.4837008
-3.2958930 4.7320690
-3.5439157 4.7882314
-3.3163416 4.9386706
-3.3906655 5.0849509
-3.5555284 5.1819530
-3.4775238 5.2226424
-3.6399767 5.1624594
-3.6477370 5.3438058
-3.7731981 5.0729895
-3.8561051 4.9203377
-3.6717103 5.0109129
-3.6351197 3.5238347
-6.3494616 4.7414384
-6.1650825 4.4783316
3.5597086 -2.5794632
7.1897120 0.8265648
7.4510007 2.3641586
11.5056572 2.9898317
13.2418299 4.7090597
12.4518509 4.2908344
36.5016022 3.6553326
38.1535225 9.5714369
32.8852806 10.4213476
25.0586033 6.5523767
1.7852899 2.1154957
6.8305912 5.9711967
0.6063720 3.2858002
-5.5345397 -1.5001131
-7.4985223 -0.4634222
-7.0970879 -0.1304095
-5.0896192 -0.9548634
-6.4184933 -0.4393559
-3.8271439 -0.7100620
-3.1876259 -0.3969466
-3.3522415 -0.1160904
-2.6451108 -0.3467970
-2.2845101 -0.4505038
-2.2908599 -0.1707446
-1.8913665 -0.3605678
-1.6809068 -0.4633382
-1.6717046 -0.2760538
-1.4375021 -0.3771844
-1.3086977 -0.4327131
-1.3122724 -0.3135376
-1.1609285 -0.3509118
-1.0929787 -0.3698049
-1.1114920 -0.2981008
-1.0094154 -0.2826737
-1.0306071 -0.2915903
-1.0515431 -0.2481658
-1.1125318 -0.2381226
-1.2519094 -0.2179592
-1.2957783 -0.1995463
-1.2038468 -0.1014019
-0.1987556 -0.0475386
-0.2557965 -0.0490227
0.0000000 0.0000000
0.0000000 0.0000000
-0.8360358 0.3643847
-1.4987882 0.4236809
-5.1006575 1.0348492
-6.9436479 1.9903755
-7.4567475 2.0332210
-6.7935925 2.4594185
-5.6006188 2.4910223
-5.7863321 2.5094721
-4.7842598 2.6809733
-4.4517312 3.0255039
-4.8118949 3.1207540
-4.2961202 3.4006300
-4.1992259 3.7473545
-4.5601692 3.8704393
-4.0707164 4.0838656
-3.9455094 4.4247112
-4.2853808 4.5567470
-3.8513649 4.6957526
-3.7486682 5.0087967
-4.1100345 5.2124214
-3.7364204 5.2313218
-3.6890354 5.5053515
-3.9633493 5.8617702
-3.6379006 5.6315589
-3.5322063 5.7217660
-3.5301499 6.1423311
-3.3297915 5.5222025
-2.8552811 5.3078675
-2.4480031 5.4934025
-2.4187140 4.2723832
-4.7333035 4.7290797
-3.2960589 4.1349010
5.9918518 -0.4232988
6.9830904 2.4625545
7.7484946 2.8636022
8.5528555 3.0691822
10.8598309 2.8431561
10.3446321 2.1631880
27.0523701 2.8451748
29.5406952 10.3123274
27.9060688 6.2179914
30.2935829 8.2646446
16.2170925 8.0883646
16.7267342 9.0363951
2.9871206 5.3027043
-6.0078530 2.1765914
-2.9251072 5.2368393
-6.8542509 3.6841235
-5.6732235 1.0711355
-4.7257681 2.3348637
-3.7656691 1.4747593
-3.1408308 0.5076740
-2.6386063 1.0081688
-2.4206252 0.5966341
-2.1562259 0.1887931
-1.8568201 0.4629227
-1.7718304 0.2170690
-1.6068739 -0.0667228
-1.4393126 0.0935964
-1.3840392 -0.0280244
-1.2936444 -0.1895046
-1.2050004 -0.0969313
-1.1678985 -0.1495533
-1.1234802 -0.2278131
-1.0876287 -0.1759289
-1.0566173 -0.1661953
-1.0755196 -0.2075113
-1.0672307 -0.1778772
-1.1472803 -0.1793891
-1.3267021 -0.1780353
-1.3456092 -0.1624669
-1.3963994 -0.0883626
-0.3312036 -0.0451222
-0.3812825 -0.0432925
0.0000000 0.0000000
0.0000000 0.0000000
-2.2413402 0.4639052
-3.0266087 0.5023744
-7.0669208 1.1319630
-7.9482889 2.0516276
-8.3797483 2.0615897
-7.1926122 2.4513061
-6.0047512 2.5275199
-6.2901940 2.5692077
-5.3865070 2.8025901
-5.1971469 3.2411730
-5.6158566 3.3573990
-5.0698047 3.6493719
-4.9259295 4.0372057
-5.3340878 4.1910996
-4.7681832 4.3962450
-4.5922394 4.8072548
-5.0613017 5.0199294
-4.5315681 5.1454802
-4.3982282 5.6385255
-4.9841456 6.0178237
-4.3939219 6.0041466
-4.2630572 6.4199467
-4.5587492 6.9490185
-3.9134648 6.6467261
-3.3868790 6.5837808
-3.1505997 6.9026556
-2.6309700 6.2864156
-1.7087259 5.6312356
-0.9593427 5.6945415
-0.7190248 4.7164836
-2.5555983 4.1305437
-1.1152095 4.2943110
7.2549262 -0.1414208
7.5016203 2.6240194
7.9304357 1.9755275
9.1601963 2.9448481
10.9365215 0.9171325
10.1105852 0.1409512
18.7666855 4.1876493
23.9421158 6.0022492
26.5534267 -0.2247953
26.5534725 3.4004347
18.0843143 9.0259724
18.5914993 3.8951006
6.5953250 4.6682868
-4.8157182 6.1925316
0.2710667 7.9280639
-4.6276555 5.2758060
-4.0081954 2.5229466
-1.7134479 4.1667686
-2.9525464 2.8986154
-2.3804536 1.2355758
-1.3669538 1.8207130
-1.8289005 1.1943394
-1.6877295 0.6287613
-1.1634163 0.8460791
-1.4275639 0.5379058
-1.3396908 0.1926605
-1.0523756 0.2886592
-1.2015334 0.1582035
-1.1617880 -0.0418171
-1.0105467 0.0018767
-1.0917133 -0.0466499
-1.0829480 -0.1476996
-1.0116364 -0.1291891
-1.0525379 -0.1151960
-1.0822107 -0.1645471
-1.0573149 -0.1569659
-1.1575223 -0.1520608
-1.3655298 -0.1522988
-1.3767844 -0.1466820
-1.5444267 -0.0889703
-0.4527023 -0.0406346
-0.4993364 -0.0382241
0.0000000 0.0000000
0.0000000 0.0000000
-3.8419013 0.5265044
-4.6841264 0.5453337
-8.9144335 1.1748986
-8.8065853 2.0604663
-9.2206621 2.0666270
-7.6272774 2.4427974
-6.6068807 2.6263316
-6.9956622 2.7009869
-6.1816306 2.9923577
-6.0549731 3.5033484
-6.5295630 3.6405168
-5.9202447 3.9470830
-5.7370195 4.4019227
-6.2391868 4.6063910
-5.6034818 4.8355551
-5.4800620 5.3958406
-6.1429281 5.7298484
-5.5347929 5.9077139
-5.4919810 6.5931635
-6.1074753 7.0106053
-5.2857313 7.0811539
-4.8407259 7.3209820
-4.8110132 7.5580840
-3.8474116 7.3788352
-2.6879821 6.9477963
-2.1135960 6.6272545
-1.3354536 6.3215261
0.0366803 5.4002953
0.9065970 4.8447943
1.4241868 4.3292503
0.0505634 3.8855054
1.2047826 3.0643160
9.0819941 -0.4779767
8.8973303 1.6121249
9.9661808 1.0105622
9.5300026 1.0778300
10.0348978 1.1742408
8.3027458 0.3507714
19.0117569 4.7042446
23.2334480 -1.7176092
26.0106983 -7.3751874
25.0806999 -2.9945719
10.0828876 3.8037808
0.2882016 3.0587087
5.9052720 6.2283645
2.5506167 5.8833156
-0.2749636 4.9702430
-1.3821805 3.3435585
-1.5277239 3.5533130
0.0813204 4.0505676
-1.3203762 2.8808444
-1.0803157 1.6080788
-0.0269293 1.9004517
-0.9901059 1.2495322
-0.9920375 0.7646638
-0.4238553 0.8262159
-0.9425303 0.5427103
-0.9538904 0.2437841
-0.6440509 0.2422595
-0.9394260 0.1408306
-0.9650149 -0.0310049
-0.8015511 -0.0538319
-0.9741906 -0.0717074
-1.0060748 -0.1551608
-0.9313340 -0.1804329
-1.0265499 -0.1450803
-1.0759728 -0.1769278
-1.0529153 -0.1964964
-1.1667873 -0.1700770
-1.3996742 -0.1532678
-1.4190998 -0.1617589
-1.6739576 -0.1083056
-0.5706570 -0.0392880
-0.6239224 -0.0389511
0.0000000 0.0000000
0.0000000 0.0000000
-5.5305419 0.5529670
-6.3852420 0.5555999
-10.6599607 1.1961529
-9.6499882 2.0773165
-10.0990486 2.0903506
-8.2048407 2.4850471
-7.4086251 2.7895114
-7.8856773 2.8756671
-7.1333942 3.2357943
-7.0180941 3.8028507
-7.5621057 3.9525952
-6.8936734 4.3000922
-6.7404218 4.8756070
-7.3949380 5.1370878
-6.7242393 5.4495397
-6.7615266 6.1840978
-7.4981751 6.5570374
-6.8031321 6.8141565
-6.6451588 7.3466759
-6.8322716 7.5267158
-5.7876811 7.6153340
-4.5975003 7.3277464
-4.0889564 7.0093718
-2.9517546 6.8950067
-1.2520546 6.1244102
-0.5230451 5.4147954
0.4750370 5.2949867
2.1671286 4.2006383
3.1191852 3.4309485
3.8096793 3.1603744
2.4995208 2.3520713
3.7490692 1.4824153
10.6660271 -0.8663648
10.1484604 -0.2262233
10.9402800 -1.1013596
10.3869276 -0.9271670
10.2295752 -4.3412747
15.0326376 -4.9449301
27.0432701 -6.3448882
34.6342773 -6.7070622
31.9197273 -5.2971430
3.4266567 -0.2619716
2.0253723 3.9768801
4.8364186 5.2795935
2.5908659 6.4784231
2.2189815 5.2545223
1.7955565 4.0748720
1.1677934 1.9872681
1.0758724 3.1606765
1.6215789 2.1919351
0.3103206 1.6232438
0.2189553 1.3770616
0.8928254 1.1762291
-0.1273062 0.7706094
-0.2662377 0.5385395
0.2053806 0.3961715
-0.4577817 0.2296557
-0.5647400 0.0683309
-0.3001300 -0.0547554
-0.6840881 -0.0728575
-0.7761408 -0.1709045
-0.6400151 -0.2675058
-0.8656670 -0.2242427
-0.9413185 -0.2606360
-0.8890111 -0.3323256
-1.0160388 -0.2562948
-1.0872447 -0.2498882
-1.0863711 -0.2979274
-1.2019057 -0.2367554
-1.4581071 -0.1872152
-1.4991950 -0.2116470
-1.8133711 -0.1483882
-0.7053475 -0.0450773
-0.7777702 -0.0484973
0.0000000 0.0000000
0.0000000 0.0000000
-7.2492504 0.5590839
-8.1274757 0.5723404
-12.3677826 1.2345659
-10.5457201 2.0926132
-11.0246401 2.0977879
-8.9608469 2.5329714
-8.3854084 2.9616880
-8.9527941 3.0472596
-8.2175808 3.4903026
-8.1196394 4.1212697
-8.7558146 4.2828465
-8.0753059 4.7098861
-8.0628986 5.4507828
-8.8547373 5.7334776
-8.1423626 6.1603212
-8.1760750 6.8809505
-8.6370239 7.0831141
-7.7678871 7.3172760
-6.9313722 7.3218851
-6.5148082 7.0715876
-5.2791719 7.0929494
-3.3479757 6.3090949
-2.5124655 5.5280156
-1.3699002 5.4860892
0.5387493 4.5478120
1.4495494 3.6448863
2.3803689 3.6365247
4.2363920 2.5796263
5.2028913 1.7034440
5.9366894 1.5514171
5.2260766 0.7730194
6.4707150 -0.0276602
12.6729231 -2.0320821
12.8777714 -0.9870069
13.0594482 -1.4522864
12.7435198 -3.0067012
15.7702875 -4.6083217
21.4999218 -5.8201470
33.5551987 -6.5406623
1.3022989 -1.6786633
-0.0534755 0.1682137
5.2315507 2.0711339
5.7866154 4.5356579
4.4120255 1.3131255
3.5500209 3.7317715
2.1067467 1.3030732
3.6233463 0.7322068
3.1527340 1.3505352
2.4511940 1.3259975
2.4055798 0.1801477
1.5525789 0.4150113
1.1283900 0.4753428
1.3754336 -0.0965376
0.5538376 -0.0048993
0.2619945 -0.0576418
0.5432473 -0.3870641
-0.0717575 -0.2939456
-0.2808367 -0.3405265
-0.1168317 -0.5723374
-0.5038455 -0.4468156
-0.6582960 -0.4588645
-0.5880583 -0.6242394
-0.8173467 -0.4886624
-0.9344731 -0.4610969
-0.9282256 -0.5757976
-1.0556163 -0.4402968
-1.1492140 -0.3810927
-1.1862775 -0.4551719
-1.2877862 -0.3489019
-1.5640073 -0.2555611
-1.6380377 -0.2951913
-1.9910830 -0.2082774
-0.8832362 -0.0598195
-0.9884008 -0.0675879
0.0000000 0.0000000
0.0000000 0.0000000
-9.0348577 0.5901625
-9.9542456 0.6070901
-13.9693699 1.2786543
-11.4935980 2.1184759
-12.0228662 2.1515386
-9.9228382 2.6103470
-9.5439730 3.1582222
-10.2006245 3.2728083
-9.4393415 3.7749977
-9.4146414 4.4833589
-10.1740370 4.6962323
-9.5279541 5.1884303
-9.6655197 6.0718908
-10.4415836 6.3573356
-9.5199823 6.7637606
-8.9993906 7.1201630
-8.8931875 7.0068126
-7.7178359 7.0298033
-5.9793224 6.3745117
-5.0074186 5.7356524
-3.7641311 5.6388183
-1.5562686 4.6197076
-0.4443682 3.5664096
0.4748893 3.6145992
2.4478092 2.5964124
3.4618671 1.5626878
4.2753830 1.7345899
6.1137958 0.7480397
6.9857922 -0.2478431
7.6922026 -0.0428483
7.6959167 -0.9754320
9.1136618 -1.9546702
13.3626137 -2.1451178
13.2169409 -2.2286763
14.5519390 -2.2042432
15.6239786 -6.7649875
26.4126835 -6.4076953
28.0366211 -6.4648805
23.0016384 -1.3791009
1.2051756 0.7001340
-2.0127466 -1.3317860
3.6911092 -1.8338095
4.2685647 -1.9156220
4.4321356 -2.4434123
4.4567795 -0.4201463
3.8766124 -0.4512869
3.5655699 -1.8303519
3.1446888 -0.7035368
2.5572937 -0.7209624
2.6223850 -1.5001386
1.9933158 -0.7746181
1.4302341 -0.7979582
1.5342468 -1.3889191
0.8812125 -0.9288087
0.4858376 -0.9005771
0.6033671 -1.3209243
0.0964969 -0.9793352
-0.1853996 -0.9252641
-0.1410742 -1.2293404
-0.4653308 -0.9431934
-0.6695367 -0.8681002
-0.6846316 -1.0835209
-0.8756214 -0.8409833
-1.0238707 -0.7415153
-1.0816382 -0.8887606
-1.1795561 -0.6827372
-1.2902945 -0.5613632
-1.3776200 -0.6552197
-1.4445729 -0.4991211
-1.7362064 -0.3541770
-1.8504530 -0.4052547
-2.2316473 -0.2841381
-1.1315325 -0.0833429
-1.2818089 -0.0951504
0.0000000 0.0000000
0.0000000 0.0000000
-10.9169216 0.6276222
-11.8892908 0.6502773
-15.4669189 1.3380599
-12.5376301 2.1966157
-13.1120462 2.2383983
-11.0965242 2.7417092
-10.8752575 3.4069035
-11.6215668 3.5431592
-10.8182812 4.1099195
-10.9724293 4.9403267
-11.8684731 5.2061696
-11.2218552 5.7401481
-11.1515808 6.5377555
-11.4641380 6.5626721
-10.1677818 6.8365684
-8.6004419 6.4902411
-7.9001312 5.8532853
-6.4362659 5.8524227
-4.0045724 4.7168984
-2.8732026 3.8177135
-1.6565485 3.6452992
0.5337233 2.5605631
1.5322248 1.7121332
2.4878316 1.5420083
4.3548465 0.5648696
5.2453599 -0.2463986
6.0236306 -0.0950501
7.7886825 -1.1927177
8.6390562 -1.9894617
8.7888165 -1.6740617
10.0675058 -2.9055834
11.2014370 -3.9820046
13.3956709 -2.5045259
15.2365456 -3.7344766
17.3911285 -6.0304646
20.6038647 -8.4825459
24.4508095 -9.8281803
24.0183506 -8.8349953
11.6129265 -3.6437242
1.8647642 -1.5203978
3.4050233 -2.8029470
3.5114861 -3.5260999
3.4642560 -3.1365132
3.8354170 -3.6269267
3.6766698 -2.6956441
3.2370954 -2.7041206
3.3834250 -3.3659029
2.9862635 -2.3372328
2.4108999 -2.3016939
2.4815931 -2.9796972
1.8963141 -2.1440604
1.3400693 -2.0603189
1.3968760 -2.6318145
0.8292918 -1.9749173
0.4021702 -1.8432611
0.3973590 -2.2925470
0.0055060 -1.7650578
-0.3113159 -1.6108459
-0.3810442 -1.9482861
-0.6137364 -1.5205344
-0.8449353 -1.3556482
-0.9505622 -1.5968989
-1.0731062 -1.2527400
-1.2388161 -1.0761811
-1.3682660 -1.2402803
-1.4137005 -0.9650209
-1.5310498 -0.7750407
-1.6772654 -0.8786939
-1.6898799 -0.6758747
-1.9874718 -0.4730918
-2.1463649 -0.5293844
-2.5508988 -0.3700016
-1.4734286 -0.1139857
-1.6779311 -0.1286984
0.0000000 0.0000000
0.0000000 0.0000000
-12.9181185 0.6726578
-13.9568520 0.6970176
-16.8947887 1.4052304
-13.6930103 2.2895801
-14.3312731 2.3406191
-12.4953213 2.9018755
-12.4033823 3.7273057
-13.3053236 3.9156530
-12.4392605 4.5483432
-12.7862511 5.5534468
-13.5765333 5.7652087
-12.6907835 6.2286973
-11.5197153 6.3158875
-11.1173620 5.8927116
-9.3538570 5.8547449
-7.0155578 4.9541693
-5.9478955 4.1229491
-4.4236488 4.0552664
-1.6983060 2.8000908
-0.6042407 1.8131539
0.6155759 1.5451009
2.5669959 0.6491547
3.3670592 -0.0374810
4.2539754 -0.1080875
6.0770903 -1.0562365
6.9994187 -1.8614168
7.9289560 -1.9962950
9.3599796 -2.8584106
10.2447729 -3.6485224
10.5127935 -4.2146587
12.1998568 -4.9574194
12.9326763 -6.0705075
14.1822176 -5.3265514
21.5239677 -7.5046043
23.1257782 -10.6564608
26.0066853 -9.8526754
16.0524158 -6.5238628
9.1010494 -4.4757838
4.6784625 -3.3335104
4.1475253 -4.0451503
5.0143318 -4.6701250
3.8537889 -4.3673320
3.4363465 -4.5248404
3.8818743 -5.3207898
3.1994104 -4.3616705
2.7899477 -4.2717013
3.1283743 -4.9565887
2.4770088 -3.9381106
1.9855146 -3.7687135
2.1714592 -4.3941793
1.5033071 -3.4986503
0.9807701 -3.2873123
1.0024179 -3.8494189
0.4796027 -3.0652647
0.0540326 -2.8085234
-0.0740584 -3.2635167
-0.3368614 -2.5981979
-0.6603767 -2.3358784
-0.8437278 -2.6770875
-0.9633265 -2.1383393
-1.1985404 -1.8777480
-1.3956890 -2.1214161
-1.4296713 -1.6934061
-1.5948583 -1.4339770
-1.7985479 -1.5977415
-1.7728471 -1.2656516
-1.8849602 -1.0012094
-2.0931950 -1.1026992
-2.0359659 -0.8639042
-2.3239729 -0.5980207
-2.5289984 -0.6517962
-2.9514298 -0.4585221
-1.9242234 -0.1488827
-2.1875749 -0.1646705
0.0000000 0.0000000
0.0000000 0.0000000
-15.0467291 0.7272788
-16.1793747 0.7586693
-18.2157421 1.4661229
-14.9854717 2.3671219
-15.6700439 2.3932569
-14.1551609 3.0481186
-14.2917452 4.0745888
-15.3143311 4.1701827
-14.3566275 4.9588842
-14.1094398 5.7207470
-14.2039967 5.4194770
-12.8737707 5.8028560
-10.4783106 5.1592965
-9.6959524 4.3441772
-7.5522380 4.2708507
-4.8067365 3.1609199
-3.6471195 2.2072771
-2.1475637 2.1439104
0.5237996 1.0135758
1.3667357 0.2142285
2.3650284 0.1025618
4.3005381 -0.7061525
5.1091866 -1.3665714
6.0250673 -1.4965430
7.9841785 -2.5510092
8.8379116 -3.2665479
9.8385630 -3.3639596
11.4361773 -4.3418727
12.5274839 -5.0768685
13.0036678 -6.5211277
14.6567574 -6.6644554
16.7774887 -7.1680689
20.5124302 -11.7061062
25.0711460 -13.4831381
26.2310810 -12.9502153
18.9845924 -8.1621370
6.9643064 -5.4948654
8.6578064 -6.4388571
6.6930909 -5.6497474
5.3688073 -6.3939514
5.6571121 -7.8043704
4.4427524 -6.6341658
3.4896133 -6.7762456
3.5075877 -8.1179075
2.8080716 -6.5547771
2.1863167 -6.2971964
2.3951986 -7.3383851
1.7648842 -5.7878375
1.3195579 -5.3915958
1.4522526 -6.1740446
0.8491217 -4.9487519
0.3802013 -4.5420890
0.2640033 -5.1315346
-0.1338544 -4.1843305
-0.5500273 -3.7765594
-0.8028104 -4.2180767
-0.9322798 -3.4462626
-1.2319355 -3.0538802
-1.5311606 -3.3767073
-1.5194465 -2.7570279
-1.7355201 -2.3940480
-2.0247512 -2.6193008
-1.9521849 -2.1314552
-2.0972512 -1.7827793
-2.3752573 -1.9288846
-2.2628467 -1.5617741
-2.3564491 -1.2167594
-2.6257606 -1.3037096
-2.4890363 -1.0456653
-2.7463992 -0.7125410
-2.9958680 -0.7563106
-3.4186025 -0.5415139
-2.4886732 -0.1841860
-2.8098748 -0.1990245
0.0000000 0.0000000
0.0000000 0.0000000
-17.3230820 0.7908998
-18.5695915 0.8129621
-19.3443775 1.5008875
-16.3731537 2.4507375
-17.1710167 2.5485885
-16.0135612 3.1485922
-16.3254299 4.2789207
-17.1856689 4.3495293
-15.7893324 4.8542390
-13.9613285 4.8322649
-13.3883438 4.1294179
-11.7933283 4.2899275
-8.6930590 3.3051786
-7.6255770 2.2219348
-5.6622877 2.4935751
-2.4598236 1.2112249
-1.4554888 0.2052054
-0.3619740 0.4406182
2.2810626 -0.4069986
2.9330502 -0.9963253
3.6689949 -1.0692592
6.1237512 -1.9228735
6.9531956 -2.6176007
7.9654493 -2.9556580
9.8468332 -3.7835159
10.4779129 -4.2479076
11.7025757 -4.2644305
13.8357134 -5.8294158
14.6545525 -6.8031154
15.7535601 -6.7446418
20.1144695 -10.9983225
25.9646282 -14.0771217
26.7452583 -14.7610216
17.2911587 -10.5881481
14.0879440 -8.7630701
11.3046675 -7.1943550
9.2389154 -8.2347775
9.8458195 -9.1938419
7.7514338 -8.7118263
6.2273364 -9.1900959
6.2223034 -10.0932217
4.8697090 -9.4009762
3.4626174 -9.4525442
2.6962118 -10.5212078
2.2966313 -9.2798862
1.3262826 -8.9279432
0.6878743 -10.0548391
0.7072384 -8.2215042
0.2062382 -7.5465889
-0.3625754 -8.6407385
-0.1970167 -6.7068148
-0.6126909 -6.0085878
-1.1462530 -6.7549744
-1.0892030 -5.3720417
-1.4430836 -4.7360787
-1.9055922 -5.1537323
-1.7884643 -4.2762904
-2.0297863 -3.7284956
-2.4442964 -4.0125360
-2.2859089 -3.3379223
-2.4553087 -2.8674138
-2.8396993 -3.0538874
-2.6403337 -2.5351162
-2.7435360 -2.0885758
-3.0987923 -2.1986573
-2.8782723 -1.8291334
-2.9404533 -1.3978866
-3.2684720 -1.4580407
-3.0465171 -1.2028884
-3.2496297 -0.8013810
-3.5413015 -0.8271237
-3.9225180 -0.6098477
-3.1585207 -0.2145332
-3.5303659 -0.2256021
0.0000000 0.0000000
0.0000000 0.0000000
-19.6875706 0.8386490
-21.1538162 0.8478374
-20.3448277 1.5213028
-18.0184269 2.6346226
-19.0094147 2.7106564
-17.9120960 3.3146241
-17.6904888 4.2211986
-17.7118855 3.7962921
-15.4129515 3.8467565
-12.7858477 3.2840164
-11.9742012 2.3813033
-9.6076183 2.0186455
-6.5308375 1.0509188
-5.6045842 0.0811419
-4.3199573 0.8654958
-0.4826694 -0.6605668
-0.0066984 -1.3795472
0.4066971 -0.4468336
3.8561604 -1.9322044
4.5519004 -2.7973490
5.2529135 -2.3946087
7.8087473 -3.2424076
8.3128443 -3.8522227
9.4472313 -4.1204338
11.6104450 -4.5114055
12.4621944 -4.9303536
13.8179264 -5.6786942
16.9736042 -6.5736489
19.2854767 -6.7642784
24.6795025 -12.0292673
26.8901958 -14.0866957
26.4073143 -13.1761618
19.2332058 -10.7495155
13.0934134 -9.8375216
13.2440310 -10.0170927
12.2048397 -9.7243719
10.3145342 -9.8710079
10.2878914 -10.0419016
8.6116848 -10.1991920
6.9201088 -10.4595737
6.9595447 -10.1845217
5.2752500 -10.5973167
3.5803399 -10.6207314
2.8838842 -10.2074480
2.0330944 -10.6251049
0.6473904 -10.5085077
-0.0658866 -10.4997540
-0.4780412 -10.1015463
-1.3491306 -9.5889015
-2.2561107 -10.0793695
-1.8964573 -8.6044674
-2.3554387 -7.7333941
-3.4136875 -8.5228643
-2.6430805 -6.6470866
-2.7787111 -5.7066913
-3.6274862 -6.1989751
-2.9174230 -5.0151377
-3.0465968 -4.3204818
-3.5818501 -4.5574365
-3.2598512 -3.8350136
-3.3580554 -3.2578223
-3.8317924 -3.3790939
-3.4881938 -2.8711724
-3.5257504 -2.3134520
-3.9422534 -2.3688221
-3.6098239 -2.0398793
-3.6239269 -1.5175878
-3.9965417 -1.5368316
-3.6965013 -1.3143406
-3.8254116 -0.8486809
-4.1495705 -0.8485646
-4.4228220 -0.6524135
-3.9131894 -0.2355576
-4.3136182 -0.2393507
0.0000000 0.0000000
0.0000000 0.0000000
-22.0537376 0.8943000
-23.8348808 0.8547044
-21.1851788 1.3755845
-19.8857651 2.6356611
-20.9670391 2.5643098
-19.1316776 2.9928010
-17.2220058 3.0468798
-16.2987785 1.9565631
-13.4512300 1.6096393
-11.4214516 1.4362024
-10.4903297 0.1616189
-6.9087267 -0.2267428
-4.9469099 -0.5997260
-4.4143400 -1.3927238
-3.2737131 -0.2579937
0.7668608 -2.1985524
1.2175806 -3.0095360
2.3425462 -2.3230505
5.1915622 -3.3905702
5.6557250 -3.8835909
6.5804892 -3.6951637
8.7452412 -4.2770486
9.2642536 -4.4176021
10.4706125 -4.8506374
12.9648361 -5.4262104
13.8927670 -5.0414538
15.6422119 -5.7544799
23.7237358 -10.2715425
28.5993423 -13.8044271
30.9265270 -13.6909828
28.0472584 -13.4509439
16.2904091 -10.5107327
14.3744154 -9.7522211
13.3140984 -9.6961622
13.3703022 -9.0565147
11.9688292 -9.5990791
10.2051420 -9.5128155
10.1262560 -8.6170635
8.7480679 -9.4036989
6.8969460 -9.1649075
6.8207879 -8.0833359
5.2309356 -9.1517668
3.7400644 -9.2905855
3.5153296 -7.8904591
2.2776217 -9.4860954
0.6423377 -9.5392008
0.3236538 -8.0685768
-0.9239130 -9.5624781
-2.1539512 -9.5233669
-2.5433772 -8.4840870
-3.2499728 -9.1497831
-4.3628788 -8.7946682
-5.0532341 -8.5706921
-4.8896360 -7.6546292
-4.8063836 -6.7109170
-6.0424523 -7.1453662
-4.3903766 -5.6223254
-4.2961607 -4.8184719
-5.0147095 -4.9902329
-4.4510999 -4.1815968
-4.4386234 -3.5029857
-5.0116272 -3.5209560
-4.4692249 -3.0915508
-4.4227080 -2.4208548
-4.9006915 -2.3983848
-4.4316883 -2.1584892
-4.3808408 -1.5460222
-4.7970200 -1.5041028
-4.4041338 -1.3553208
-4.4537778 -0.8349484
-4.8095183 -0.7980512
-4.8731432 -0.6533242
-4.7073503 -0.2399909
-5.1113219 -0.2332270
0.0000000 0.0000000
0.0000000 0.0000000
-24.2268715 0.8713747
-26.0008316 0.8306417
-21.7534256 0.9187075
-21.3842258 2.1019831
-22.0844498 1.2290652
-18.0048027 1.3122013
-15.1162453 0.7332374
-14.4307480 -0.6140665
-11.8467684 -0.5650701
-9.5225849 -0.9257573
-8.8719254 -1.9344673
-6.1658416 -1.6132830
-3.6614721 -2.1902444
-3.2333543 -3.0837617
-1.0795341 -2.5912271
1.6369195 -3.2757618
1.8755984 -3.9954298
3.7039492 -3.4562688
5.9141312 -4.1892571
5.9359145 -4.4147243
7.5093627 -4.0727191
9.2442160 -4.7884097
9.6494513 -5.2213397
10.8532820 -5.1353469
14.4963951 -5.0521388
15.6380739 -5.4227142
29.3452702 -13.9528103
33.3618698 -15.5775805
31.4796104 -11.3944578
27.5271149 -11.3790302
17.1115704 -10.1807070
15.2630777 -8.3565683
14.5764980 -8.3630142
13.0661364 -8.3476496
12.7160797 -7.4415736
11.4971399 -7.8882051
9.6813250 -7.5634179
9.2606955 -6.3657961
8.1187658 -7.1355529
6.5611978 -6.8743238
6.1630669 -5.3776088
4.9176893 -6.5473542
3.6254506 -6.2975879
3.5359418 -4.8272820
2.3730123 -6.4115739
0.8591570 -6.4665837
0.8447357 -4.5994592
-0.6770532 -6.7180071
-1.9231650 -6.9427280
-1.7798402 -5.1415658
-3.1923053 -7.3958516
-4.7259936 -7.4307170
-4.6771107 -5.8753591
-6.3447833 -7.1095734
-7.0820012 -7.1018009
-7.9288321 -6.5668397
-6.3117027 -5.7089744
-5.8542347 -5.1533504
-6.8659806 -5.4267883
-5.7797751 -4.2290087
-5.6367402 -3.5323229
-6.2438836 -3.4700305
-5.5439725 -3.1325760
-5.4041696 -2.3649452
-5.9060364 -2.2594151
-5.3251987 -2.1423519
-5.1858602 -1.4340881
-5.6048999 -1.3031441
-5.1273446 -1.2876030
-5.1032391 -0.7335048
-5.4442286 -0.6500443
-5.2338276 -0.5938688
-5.4781537 -0.2167455
-5.8416667 -0.1959440
0.0000000 0.0000000
0.0000000 0.0000000
-25.8609314 0.3413977
-22.9304142 -0.4028507
-22.8766823 -0.6162165
-21.7027130 0.7747946
-20.1950073 -0.5730919
-15.9226360 -0.5143798
-13.5739069 -1.5493051
-12.8503275 -2.5195789
-10.7460670 -2.2238431
-8.1849060 -2.7822633
-7.6144085 -3.7423298
-5.2940960 -3.2656968
-2.5927975 -3.7993574
-2.4979837 -4.3480725
-0.2535787 -3.9975095
2.0878496 -3.8714840
1.9905553 -4.2442460
4.3645835 -4.2290440
6.3747244 -3.9132919
6.1941895 -3.5427203
8.4894381 -3.9229290
10.2705135 -5.0495296
10.4817410 -4.2089901
11.8435841 -3.7062340
21.2037716 -8.0891428
32.1609573 -14.7004309
34.1143456 -14.3142519
34.5958290 -14.4836407
27.0275669 -11.4656162
17.7356472 -9.2141562
14.3970404 -7.5441504
13.9681807 -6.3362746
13.6764736 -6.9375000
11.9736757 -6.4164352
11.5259085 -5.0207829
10.3887472 -5.6326718
8.6566858 -5.0331511
8.0727615 -3.6112990
7.1295385 -4.3738699
5.6880841 -3.8359444
5.1531172 -2.3896439
4.3145695 -3.5013635
3.2739546 -3.1128020
3.2300487 -1.4949553
2.0912418 -3.0997543
1.0283692 -2.9745414
1.1095556 -1.3747841
-0.2849201 -3.0744956
-1.3793244 -3.2968535
-1.1806381 -1.3611224
-2.6611981 -4.0753727
-4.0098906 -3.9324076
-3.7725739 -2.0543621
-5.6022558 -4.0460248
-7.4967370 -5.1191936
-6.8739743 -3.4953024
-7.6037216 -3.9615357
-7.6800690 -5.2947822
-8.4060202 -4.6993132
-7.0777397 -4.0277224
-6.8777776 -3.4246421
-7.4384742 -3.3491397
-6.7383747 -2.9813650
-6.4733987 -2.1470671
-7.0643306 -1.9009646
-6.2704639 -1.9526768
-5.9990740 -1.1269765
-6.4679017 -0.8715200
-5.7658896 -1.0484252
-5.7078958 -0.5276346
-6.0155935 -0.3641929
-5.4546375 -0.4325843
-6.1241794 -0.1539684
-6.3746963 -0.1131570
0.0000000 0.0000000
0.0000000 0.0000000
-27.5744495 -0.2878050
-24.6963577 0.6502898
-21.3629074 -2.5679021
-19.3338356 -1.7328092
-18.3172073 -2.6197104
-14.9590340 -2.2692337
-12.2287960 -3.2164943
-11.6178513 -4.2368984
-9.4120798 -3.8396184
-7.0742936 -4.5521455
-6.5948844 -5.3826833
-4.6837087 -4.7694578
-2.4315715 -4.9226089
-2.3659673 -5.5708342
-0.4024428 -4.8252592
1.7070223 -4.5140414
0.9701460 -4.7689571
3.2677352 -3.7315528
5.7106185 -3.2881658
5.9487877 -3.4541962
9.1904249 -3.7018340
11.8655653 -3.9994733
11.3764467 -4.8203611
17.4594231 -3.5642257
36.6591034 -15.2199211
37.5003319 -10.4603100
28.7305508 -10.1712589
23.7653332 -8.5458565
20.6426716 -9.0966568
14.6679935 -6.6853805
13.1638002 -5.6400223
12.2240047 -4.9521718
12.2289658 -4.9975772
10.5715885 -3.9378855
9.6363134 -2.7276537
8.7862625 -3.1728816
7.3121929 -2.2047172
6.6335454 -0.7564928
5.8882685 -1.5647132
4.5795574 -0.9504840
4.0259061 0.4490587
3.3847525 -0.5520977
2.8155766 -0.0262864
2.5254066 1.5108938
1.7427758 0.2000788
0.9185447 0.5143652
1.1918839 2.2157059
-0.1066193 0.4034118
-1.0336120 0.3251069
-0.7654390 2.1924808
-2.2105217 -0.0079308
-3.6069121 -0.2475766
-3.2655950 1.6842805
-4.6135745 -0.3507600
-5.8574643 -1.5074941
-5.0720177 0.2040543
-6.0714903 -0.6217189
-8.1170168 -3.1186559
-7.4087968 -1.0229404
-8.0302935 -2.7295127
-7.9944725 -2.9717317
-8.4839811 -1.8598275
-8.0157032 -2.3512173
-7.6730914 -1.4742535
-8.0993710 -0.6094435
-7.3037658 -1.4245586
-6.7752833 -0.4361215
-7.0914030 0.1808482
-6.2953033 -0.5241017
-6.1512365 -0.0820012
-6.1820164 0.2324039
-5.5827675 -0.1022095
-6.5018449 -0.0213483
-6.4848132 0.0656559
0.0000000 0.0000000
0.0000000 0.0000000
-23.4084091 -0.8610448
-21.3834610 -0.5716553
-19.9636898 -3.6476712
-17.7378349 -3.2941558
-16.4075928 -3.9611683
-13.2852774 -4.7839808
-10.8377552 -5.3616495
-9.9426966 -6.4218268
-8.4884090 -5.7783141
-6.4259267 -6.4068489
-6.1394372 -7.3752341
-4.4126501 -6.4908018
-2.6244674 -6.4915004
-2.6421208 -7.2122364
-1.1036972 -6.2317991
0.1714524 -5.4430537
-0.0432987 -6.0452609
1.3585218 -4.5591106
6.0696034 -4.7603974
6.3404016 -4.9435501
9.0262051 -3.8570223
15.4430189 -7.0634131
24.0533905 -11.5849209
32.1362038 -14.5865011
33.6463852 -15.1728592
32.1981316 -12.0863333
27.0127583 -10.2353840
16.4280033 -6.9489107
14.1948233 -6.1239319
13.0793409 -5.1140108
11.2943077 -4.3856592
9.5714893 -4.2802153
10.1744461 -2.8990970
8.4519196 -1.9435300
6.8911963 -1.1555383
6.8493609 -1.0021924
5.7249169 0.6348637
4.9970083 2.2377360
4.4914093 1.3043332
3.3775330 1.9918805
2.8155057 3.5878084
2.3304157 2.6431406
1.7562908 3.1331942
1.1984055 4.7117238
1.1848599 3.3963892
0.6756166 3.8842921
0.7447831 5.4771495
-0.0698014 3.9721839
-0.8741907 3.9925683
-0.2591641 5.3722439
-1.7949594 3.6162326
-2.7485707 3.4137585
-2.2898519 4.8101668
-3.7589364 2.7946529
-4.3246937 1.8448117
-4.0112596 4.0144539
-4.8355737 1.7846104
-6.5584598 1.4044720
-6.0218787 4.1576815
-7.6835742 1.8979032
-8.6080818 0.4602510
-8.5709848 3.8574588
-8.7717686 0.6863193
-8.5666580 0.8918841
-8.7280273 3.1412096
-8.0086222 0.6639876
-7.1407490 1.3232211
-7.0269523 2.7572172
-6.3424616 0.7969100
-6.0450511 0.7775238
-5.7003398 1.4285804
-5.3608913 0.4695278
-6.3235273 0.1893231
-5.8788805 0.3408388
0.0000000 0.0000000
0.0000000 0.0000000
-19.1531372 -1.9373738
-14.1344070 -2.1829901
-17.6662159 -6.1076345
-15.1834507 -6.0649872
-14.9563694 -7.0562387
-11.7834711 -6.8850913
-9.3498211 -7.4959092
-8.6074333 -8.4448910
-7.5462074 -7.9077630
-6.1008902 -8.3145599
-5.2786784 -9.0810509
-4.5630426 -8.1542759
-3.5066755 -8.3111696
-3.0675526 -9.3357878
-2.1668854 -7.8660407
-1.3345482 -7.7155070
-0.4683884 -9.1051836
0.4068082 -6.8955970
5.4261627 -8.2006054
6.8795319 -10.6530247
15.7740908 -10.1150990
22.9545383 -12.2569265
27.5131111 -11.0436258
29.6361790 -9.7594204
31.5935326 -6.4768476
24.7077827 -3.6368711
20.4174118 -5.4969034
14.7537756 -5.1606903
13.7674265 -3.1402559
10.7094040 -3.6287196
8.3860121 -3.0972164
6.2490816 -1.9565357
7.3683248 0.4352860
5.1832814 0.1039882
2.6705315 1.5272354
4.2525630 1.4516214
3.8117523 3.6472020
2.4561024 5.3421631
2.9766781 4.3995743
2.1335511 5.2405591
1.6384287 6.9629755
1.3881110 5.9002256
0.6939472 6.2922583
0.5720685 7.7242084
0.3868986 6.5943270
0.3122237 6.8350844
0.3780685 8.0050793
0.0157480 6.7908301
-0.5847275 6.8584127
-0.2553174 8.4704771
-1.4511670 6.8522277
-2.1368110 6.7517037
-2.0381823 9.0632782
-2.7538841 6.8916173
-4.2223878 6.8445687
-4.4721169 9.5185194
-5.8099575 7.0431170
-6.3103428 7.4051371
-6.9565158 10.3230343
-6.8247857 7.6820254
-7.7965651 7.7679338
-6.8973956 10.5349693
-8.5776730 7.4876728
-8.3208637 6.4988346
-7.3241334 9.6206999
-7.1630654 5.1366014
-6.0470119 4.5616484
-3.7621331 6.3185263
-5.3513103 3.1413126
-4.9924436 2.2222383
-3.5612028 3.1999683
-4.4562716 1.3414131
-5.2066560 0.5441042
-4.2250590 0.7699317
0.0000000 0.0000000
0.0000000 0.0000000
-10.9581470 -3.0596023
-5.4814987 -2.9098930
-13.5462303 -7.6674299
-13.5330906 -8.9550009
-9.9806843 -11.1125021
-11.8543234 -9.5557613
-8.9852419 -10.0427752
-9.8510160 -11.0066338
-6.7078118 -9.8797188
-5.2831354 -9.8779192
-6.7401743 -12.0181513
-3.9555264 -9.6203690
-3.4728277 -10.1167049
-3.7128794 -12.0113745
-2.6781042 -10.0932407
-0.4689729 -10.4925890
-0.1160087 -12.2244587
2.3096685 -10.8952761
8.6207409 -11.6598682
9.5716343 -12.7460337
15.6252804 -11.8525276
19.0168476 -11.3414125
21.1765480 -10.1544628
23.4768162 -7.9133968
25.2621937 -3.7288060
23.2664413 -2.7341650
18.8682671 -3.6086073
14.1713476 -0.3343844
12.9021339 3.9048405
7.2393742 1.1682075
5.4755435 1.0132313
4.2276554 3.9477713
4.5758538 4.6868391
1.8297944 4.4015918
-0.9448561 6.1029835
1.1657304 5.7532744
1.4743525 7.2379365
0.4960655 8.4611912
1.2118340 8.0004883
0.9389678 8.8580484
0.6890255 10.3539543
0.5569476 9.1697817
0.2604392 9.2912741
0.2997626 10.7687740
0.2138496 9.4402456
-0.0014410 9.4562874
0.2490392 10.8954878
-0.3812437 9.7032003
-1.0470586 9.8761559
-0.6060675 11.1853676
-1.8800981 10.0177860
-2.4939725 10.2215166
-2.1717973 11.9799795
-3.3817632 10.2568026
-4.8616199 11.6750011
-6.8559670 14.4639511
-6.7248054 12.7744970
-7.1725979 12.9990797
-8.7416639 15.4616785
-7.1716738 13.0167952
-7.2762713 13.3135014
-7.9847083 15.6219091
-6.9581528 13.6754398
-6.1294727 11.8401527
-4.2843003 11.1458006
-3.2793980 9.1609697
-2.1503456 6.7379313
-0.5336656 6.4232988
-2.1272869 4.5575185
-2.3451521 3.3672609
-0.8469653 3.5281215
-2.5170615 1.9654207
-3.0086050 0.7582064
-1.6030974 0.7962149
0.0000000 0.0000000
0.0000000 0.0000000
-1.3113960 -1.7841607
-0.4470318 -0.1374374
-6.6975298 -6.1223779
-7.9568377 -10.4325075
-5.9199162 -5.4380550
-10.5025873 -14.3494701
-8.5617952 -12.5518713
-4.3879709 -15.2871237
-7.4645348 -13.9008770
-6.1100702 -13.5088024
-2.8512397 -16.1033058
-4.0751162 -13.2698574
-3.7711086 -15.3397646
-0.8230456 -18.5626984
-2.3648720 -14.9227915
-0.6216404 -15.5156498
2.1399617 -17.6644535
2.7795620 -15.5368481
6.8749061 -15.7349100
6.4412618 -16.4396229
12.4354610 -11.7966824
15.0467405 -7.3614578
11.2595387 -5.8892579
14.5884399 -4.3472486
15.1066780 1.6871377
12.6476307 6.7298856
14.4897928 1.0775450
11.6394901 7.7402248
8.2278681 13.8611269
5.2911463 9.3176432
3.6384807 9.5110111
4.7150278 12.8414450
1.0843498 12.9321127
-0.9827350 11.8967590
-0.3854904 13.4707394
-0.4434658 12.2157755
-0.2211303 11.9473534
-1.0231222 13.0255651
-0.1464881 12.4881086
0.0065782 12.9219189
0.3688287 14.7741528
0.1037585 13.0456572
-0.0252001 13.5572357
-0.1378448 15.2721605
-0.0011073 13.9115858
-0.4235419 13.7228870
0.0917803 15.9178448
-0.8188082 14.1549797
-1.4202092 14.3506641
-1.3223816 17.7465057
-2.4819272 14.8849678
-3.9866154 15.3711729
-2.8212860 19.0957317
-6.0005631 15.9874191
-6.9916229 17.2258835
-4.9009085 19.3820992
-8.0185490 17.2164383
-7.8797393 17.6915150
-3.4269307 9.8213921
-6.7456856 15.3481674
-5.3595362 11.9794626
-0.7568068 2.7151279
-2.5536540 8.9283457
-0.6937925 6.9139519
0.1353211 -0.0936815
1.1311356 5.4066477
1.4195493 4.1174469
0.2104791 0.9824771
0.8282766 3.1199265
0.2613404 2.6192315
-0.0854418 1.4701928
-0.2240613 1.4796101
0.0031388 0.7194080
-0.0547446 0.1954075
0.0000000 0.0000000
0.0000000 0.0000000
1.5398927 0.2604017
0.0000000 0.0000000
1.1339272 0.7930914
-2.8585265 -1.2087666
0.0000000 0.0000000
-5.0580339 -2.7433159
-3.0978186 -9.1664181
0.0000000 0.0000000
-3.6269290 -15.2761698
-3.4262478 -18.7994118
0.0000000 0.0000000
-1.2118729 -22.2974358
-1.0845701 -20.2330894
0.0000000 0.0000000
0.0193404 -28.6414890
-1.1588416 -24.9077225
0.0000000 0.0000000
1.2840246 -24.0470486
1.8539401 -21.6643867
0.0000000 0.0000000
1.8217771 -17.5970001
3.9067764 -11.2986994
0.0000000 0.0000000
3.9373903 -7.3056231
4.4659257 3.6561716
0.0000000 0.0000000
5.1960258 6.6321578
3.5535340 15.7994938
0.0000000 0.0000000
1.2974603 21.1299324
1.2378913 24.1745739
0.0000000 0.0000000
0.9147871 24.8620205
-1.0805494 24.5154552
0.0000000 0.0000000
-1.1942309 26.1322269
0.6461434 25.6890240
0.0000000 0.0000000
0.4366961 21.1255245
-1.0117189 23.9606209
0.0000000 0.0000000
-1.3572052 23.7454700
0.4458632 23.1320953
0.0000000 0.0000000
0.9842702 21.1715183
-1.5880890 22.7600613
0.0000000 0.0000000
-2.1285131 22.4765110
-0.6583672 20.2802467
0.0000000 0.0000000
-1.3704671 17.1427860
-3.8148658 16.9701042
0.0000000 0.0000000
-3.5413132 10.4258528
-2.9716609 6.1480584
0.0000000 0.0000000
-1.2964228 2.4822741
-1.0861624 0.1445809
0.0000000 0.0000000
-1.0930985 -1.5898895
-0.4847897 -3.0649555
0.0000000 0.0000000
-0.0139376 -2.8927181
0.3534818 -3.7317405
0.0000000 0.0000000
0.8696868 -2.2469025
0.6328154 -1.7878702
0.0000000 0.0000000
0.5338886 -1.2496850
0.5927514 -0.1220920
0.0000000 0.0000000
-0.0439001 -0.7007701
1.6544034 1.2887195
0.0000000 0.0000000
0.0000000 0.0000000
16.4333
16.72464
18.49909
18.94647
14.6039
9.14609
2.890045
-4.141299
-13.70516
-29.14213
-59.16225
-122.8846
-206.8864
31.91093
-44.67439
-21.10323
-12.32393
-8.761972
-6.547546
-4.634763
-3.129807
-2.001721
-1.14878
-0.6029917
-0.4399179
-0.5026767
16.06721
15.57669
17.2878
17.55028
13.41499
8.218868
2.615395
-3.905475
-12.71136
-26.3579
-52.05581
-126.4824
-174.8054
41.44736
-49.96026
-17.69808
-13.87586
-9.945676
-6.903292
-4.696334
-3.073447
-1.904725
-1.073836
-0.5213896
-0.3596017
-0.3712527
13.71728
13.33156
14.42474
13.77473
10.43988
6.626402
1.987365
-3.596179
-10.66712
-20.00996
-31.72071
-46.61939
-89.73672
1.154459
-52.90047
-31.08371
-18.59428
-13.09869
-8.14209
-4.973715
-2.958071
-1.657949
-0.8385106
-0.3123713
-0.1305642
-0.1123359
11.91366
11.61
11.70703
10.33245
7.740869
4.746144
0.8117233
-3.666958
-8.640026
-14.06692
-21.19242
-41.7832
-32.86773
19.68089
-72.72172
-52.11469
-29.15104
-16.34433
-9.073006
-4.892517
-2.514689
-1.133005
-0.3452789
0.1201983
0.3297122
0.3487148
10.29121
10.18187
9.170294
7.395866
5.037557
2.352318
-0.9443595
-4.252565
-7.101117
-8.776928
-7.909825
8.355234
18.22577
31.06934
-109.323
-85.55789
-38.21239
-17.27144
-8.441315
-3.766157
-1.392834
-0.1717887
0.4559432
0.7859751
0.9577984
0.9718368
8.561782
8.482531
6.347616
4.353472
1.915676
-0.6752942
-3.473357
-5.823418
-7.054855
-5.905445
-1.418856
12.55965
-15.30725
3.514293
-43.64821
-104.2468
-43.30995
-13.94802
-4.701777
-1.035437
0.5755508
1.262045
1.536119
1.636106
1.695184
1.690967
6.149669
5.919843
2.907656
0.7245987
-1.9627
-4.652967
-7.244062
-9.141011
-9.5137
-7.158675
-2.390138
5.388961
-8.083567
-11.26221
-22.69747
-38.69004
-16.17665
-2.72137
1.981172
3.056119
3.191232
3.006004
2.762752
2.558247
2.451044
2.415143
2.569819
2.138291
-1.398906
-3.873097
-6.991338
-10.07653
-12.99415
-15.33618
-16.01345
-13.5708
-8.678099
-1.888595
-6.778344
27.05388
47.79344
51.64282
22.3958
12.637
9.833538
7.540814
5.914867
4.739782
3.92458
3.394696
3.105302
3.031188
-2.354539
-2.961927
-6.801828
-9.771731
-13.55725
-17.53142
-21.76834
-25.92089
-27.84393
-25.02835
-18.8929
-12.57481
-9.855067
-17.84639
54.41827
43.59472
35.14538
22.16299
15.65627
11.05895
8.052133
6.067759
4.775424
3.973421
3.527646
3.418808
-8.689415
-9.451557
-13.58564
-17.23654
-21.9923
-27.57191
-34.26188
-40.54506
-42.65371
-39.31956
-32.07483
-22.93035
-5.869261
50.28305
58.18334
23.9279
34.64578
25.07894
17.84058
12.66141
9.06928
6.6531
5.089804
4.136391
3.600061
3.469786
-16.55689
-17.40709
-21.81261
-26.3382
-32.46031
-40.44825
-49.54666
-56.38999
-57.2301
-52.94546
-44.76014
-36.8208
-31.05703
15.40732
20.88274
31.31552
26.88887
22.43368
16.81149
12.1289
8.665866
6.260234
4.697072
3.75831
3.231194
3.101068
-25.5652
-26.57985
-31.39676
-37.13925
-45.10284
-55.99205
-65.6837
-70.654
-69.42509
-63.7172
-54.31055
-45.03058
-30.12496
12.1147
14.2516
19.57975
19.88366
16.96123
13.11696
9.556804
6.753688
4.766371
3.492537
2.758627
2.363734
2.261997
-35.40813
-36.62358
-42.20124
-49.60696
-60.2798
-73.27691
-81.36129
-82.37048
-78.24872
-70.7533
-61.4834
-46.78376
-19.61223
12.88783
11.41692
11.30004
11.0516
9.542546
7.328876
5.140679
3.351549
2.12891
1.431135
1.104716
0.9787089
0.9389354
-45.85578
-47.32723
-53.82366
-63.43788
-78.07627
-89.52518
-94.37803
-91.47866
-84.79241
-74.5089
-63.29952
-47.28265
3.169642
7.467135
3.456633
1.251187
0.4010857
0.01082877
-0.4621179
-1.132589
-1.556585
-1.664542
-1.480506
-1.180455
-0.8960533
-0.8349061
-56.68255
-58.55523
-66.06774
-78.3069
-95.79664
-104.5498
-104.7169
-99.08648
-90.65576
-78.46004
-67.16339
-61.19052
-10.94063
-10.14396
-13.29029
-14.81065
-14.02845
-12.23229
-10.73659
-9.464086
-8.062619
-6.613316
-5.175082
-3.997763
-3.165624
-2.958619
-67.04111
-69.45441
-78.61131
-93.97861
-108.8592
-115.2535
-111.6791
-105.3246
-96.46347
-84.00285
-70.87367
-49.02495
-40.34094
-41.92227
-43.3434
-42.85851
-37.0061
-29.97511
-24.53783
-20.22624
-16.28648
-12.66014
-9.496831
-7.145718
-5.637984
-5.246318
-75.93738
-79.02378
-89.85668
-107.0269
-116.65
-118.5747
-114.089
-106.2312
-98.93566
-93.67208
-99.74262
-91.26213
-81.29326
-82.42932
-83.54606
-80.79646
-72.05223
-56.55102
-42.70121
-33.77374
-26.25749
-19.53118
-14.09075
-10.25063
-7.95601
-7.331435
-80.85826
-85.72849
-97.25546
-112.0512
-119.191
-117.5143
-110.0253
-100.8044
-95.80957
-93.63211
-108.9915
-107.4232
-110.4124
-114.8919
-117.1699
-114.6892
-107.3714
-91.56508
-66.96668
-49.98904
-37.72061
-26.80206
-18.40833
-12.76694
-9.627101
-8.698366
-76.35034
-85.1664
-95.88805
-105.9108
-111.7193
-109.8885
-101.6803
-90.38408
-77.00287
-84.82745
-114.0196
-120.5943
-128.3756
-134.3887
-137.5819
-136.7781
-130.8517
-119.786
-97.50225
-68.0602
-49.72707
-33.47792
-21.36685
-13.71401
-9.836823
-8.602241
-55.72247
-50.79226
-73.91746
-87.71264
-95.42627
-95.72138
-93.1378
-89.09035
-69.74488
-88.7568
-110.1099
-120.2697
-132.8795
-140.549
-144.3719
-145.4887
-142.7889
-134.243
-117.3893
-86.96861
-60.78063
-38.40839
-21.82823
-12.152
-7.539372
-6.129926
21.78745
-9.657939
-40.43718
-58.66734
-70.59148
-75.76285
-80.54444
-91.50126
-90.2283
-97.65909
-107.1991
-115.2108
-126.8351
-136.9585
-142.1317
-144.5699
-144.7995
-138.905
-123.4118
-100.9902
-71.42727
-39.74374
-16.82045
-6.113109
-1.675189
-0.6274564
88.07796
50.32168
1.338573
-21.78149
-35.90817
-44.2207
-55.2083
-80.78166
-83.92079
-82.63972
-94.8943
-104.7931
-113.4671
-127.2092
-134.2332
-136.5029
-138.419
-135.8432
-125.3818
-107.7416
-79.05785
-40.48664
-6.880509
2.720621
6.193919
7.204823
167.4659
118.1216
52.17634
24.06449
6.667529
1.11524
1.95796
14.29462
10.17793
-54.79538
-95.19084
-103.9583
-101.4279
-113.2537
-123.3021
-126.5978
-128.8529
-127.4413
-122.9127
-103.7129
-69.78955
-31.67616
6.018104
12.87027
13.19627
13.3963
200.0385
179.5366
105.6207
66.77295
42.69044
49.81081
68.41899
113.8635
111.2007
24.59859
-69.22285
-102.0067
-92.27963
-100.6583
-113.2412
-117.4006
-117.6829
-112.7267
-106.6915
-92.16816
-69.0357
-38.26712
-6.397645
9.829412
13.964
15.00808
186.48
176.0858
178.3524
130.6799
79.80238
108.9104
164.8305
262.8832
281.3509
164.1042
20.99849
-71.14021
-83.66741
-92.45529
-107.7042
-115.5994
-104.7881
-86.78599
-63.53292
-49.25369
-55.4192
-47.18337
-19.89114
0.2436694
8.207449
9.10749
175.9783
181.0179
204.5501
156.5071
92.91876
123.7847
249.0913
401.1817
423.6082
275.499
107.5972
-33.70687
-67.52569
-110.1424
-95.24977
-119.9337
-86.1425
-60.50118
-42.34845
-46.21899
-50.55126
-42.167
-21.31613
-3.271768
5.294124
0
