0.0000000 0.0000000
0.0000000 0.0000000
0.0000000 0.0000000
0.0000000 0.0000000
0.0000000 0.0000000
0.0000000 0.0000000
0.0000000 0.0000000
0.0000000 0.0000000
0.0000000 0.0000000
0.0000000 0.0000000
0.0000000 0.0000000
0.0000000 0.0000000
0.0000000 0.0000000
0.0000000 0.0000000
0.0000000 0.0000000
0.0000000 0.0000000
0.0000000 0.0000000
0.0000000 0.0000000
0.0000000 0.0000000
0.0000000 0.0000000
0.0000000 0.0000000
0.0000000 0.0000000
0.0000000 0.0000000
0.0000000 0.0000000
0.0000000 0.0000000
0.0000000 0.0000000
0.0000000 0.0000000
-0.1603205 0.1530445
-0.2299254 0.3569831
-0.2947805 0.6052397
-0.3955387 0.9319711
-0.5651965 1.3935052
-0.8575815 2.0815945
-1.3787731 3.1460125
-2.3146844 4.8420091
-3.6182752 7.5102491
-4.5716357 11.0941019
-9.1449013 14.1985378
10.4023724 17.7548237
26.3212547 -6.1333547
-9.2398281 -13.8213100
-3.0626903 -13.1527252
-2.5707068 -8.2241135
-2.2886407 -5.5910420
-1.5842810 -3.6571577
-1.0445337 -2.3587871
-0.6973943 -1.5386560
-0.4805996 -1.0143957
-0.3471566 -0.6582074
-0.2671480 -0.3961824
-0.2124152 -0.1869455
0.0000000 0.0000000
0.0000000 0.0000000
-0.3518872 0.1822145
-0.4770674 0.3911978
-0.6052586 0.6342160
-0.8075258 0.9385461
-1.1429780 1.3392034
-1.7075685 1.8878051
-2.6414557 2.6654460
-4.1738334 3.8282280
-7.1455865 5.3100271
-7.0876222 6.0074110
6.5726728 8.3007545
21.1278801 10.6900597
25.4437256 -6.6550851
0.7462265 -9.5664196
-7.0128865 -1.9309183
-6.2727375 -6.2547541
-4.1363649 -4.3520803
-2.7636688 -2.8556314
-1.8310161 -1.8966779
-1.2403531 -1.3024675
-0.8733304 -0.9004470
-0.6467209 -0.6029510
-0.5077470 -0.3659071
-0.3899453 -0.1631994
0.0000000 0.0000000
0.0000000 0.0000000
-0.5055085 0.1551099
-0.6714307 0.3173186
-0.8360277 0.4981126
-1.0902345 0.7101090
-1.4937327 0.9710766
-2.1326821 1.3138304
-3.1550655 1.7987373
-4.7729812 2.5913134
-8.2645111 3.6889722
-10.1092806 2.9114945
-1.5689828 -0.2347721
28.2978783 7.4887071
29.0896473 -3.4286320
12.5174170 0.3595421
-7.2802019 0.7408161
-10.7192430 -0.2700741
-5.6842518 -1.0653925
-3.4627271 -1.0480129
-2.2711096 -0.9278131
-1.5641603 -0.7542866
-1.1286738 -0.5753394
-0.8568982 -0.4081766
-0.6851100 -0.2538223
-0.5240453 -0.1113419
0.0000000 0.0000000
0.0000000 0.0000000
-0.6076773 0.1080073
-0.7963398 0.2074904
-0.9701345 0.3069527
-1.2270623 0.4042738
-1.6181297 0.4939208
-2.2061450 0.5639301
-3.0996892 0.5889606
-4.5184808 -0.1169032
-6.6533709 -0.7732426
-2.5294616 -9.4868116
6.8066626 -7.2844710
24.5249043 -3.2292502
21.8673744 0.1163305
12.3484783 9.2319098
-1.9755799 4.9686565
-8.4856625 2.5342786
-5.2107940 0.9330235
-3.3637152 0.2122004
-2.2901535 -0.0970734
-1.6401420 -0.2171383
-1.2288135 -0.2326015
-0.9637792 -0.1939485
-0.7878556 -0.1294005
-0.6035815 -0.0563398
0.0000000 0.0000000
0.0000000 0.0000000
-0.6578398 0.0557825
-0.8507654 0.0919280
-1.0102344 0.1107088
-1.2313524 0.0957308
-1.5511161 0.0109207
-2.0034082 -0.2102640
-2.6052194 -0.6664019
-3.3840151 -2.2353349
-4.7761841 -3.0988452
-2.3492212 -9.8545589
2.6072140 -10.9438639
10.1122923 -0.5214335
16.4231300 3.3474393
7.3210254 10.9573517
-2.0256162 9.6088772
-3.1792936 5.0435305
-3.2605526 2.0489669
-2.5790446 0.9898154
-1.9654614 0.4537807
-1.5117784 0.1779703
-1.1933548 0.0452704
-0.9753544 -0.0080094
-0.8196074 -0.0180220
-0.6312442 -0.0071425
0.0000000 0.0000000
0.0000000 0.0000000
-0.6626433 0.0074331
-0.8450465 -0.0113719
-0.9738668 -0.0596392
-1.1385272 -0.1597767
-1.3555361 -0.3475239
-1.6250242 -0.6790980
-1.9179732 -1.2130333
-2.0981729 -2.2472718
-2.1696141 -3.8488226
-1.9531569 -3.5290437
0.7388693 -5.5384450
5.3194575 -3.3599153
7.8699827 1.3587558
4.9641175 4.5678449
0.1071825 4.8501167
-1.1880654 3.9069560
-1.6007559 2.3870821
-1.6439514 1.3606429
-1.4788326 0.7773457
-1.2595088 0.4382942
-1.0657041 0.2409357
-0.9147552 0.1287202
-0.7954155 0.0668570
-0.6229129 0.0309929
0.0000000 0.0000000
0.0000000 0.0000000
-0.6380843 -0.0312140
-0.7948833 -0.0894576
-0.8849754 -0.1785361
-0.9855844 -0.3180151
-1.0992792 -0.5358836
-1.2021726 -0.8668246
-1.2518840 -1.3221254
-1.1152108 -1.8703585
-0.4134913 -2.5709367
0.7212083 -2.8731682
2.2760670 -3.3414981
4.0205212 -1.3260059
4.1756334 0.8884004
2.8850510 2.3776431
1.1349939 2.9674497
-0.2148101 2.6576226
-0.7217228 2.0245965
-0.9645759 1.3789753
-1.0188034 0.8947163
-0.9739824 0.5710766
-0.8922203 0.3583358
-0.8100199 0.2184836
-0.7298294 0.1247572
-0.5818683 0.0571618
0.0000000 0.0000000
0.0000000 0.0000000
-0.5869573 -0.0568250
-0.7149187 -0.1374121
-0.7691167 -0.2443595
-0.8144810 -0.3909546
-0.8473008 -0.5921623
-0.8390666 -0.8590919
-0.7403405 -1.1864821
-0.4693891 -1.5399604
0.0712218 -1.8695234
0.7086104 -1.9565045
1.5768982 -1.8284363
2.3728828 -0.7649319
2.6297705 0.4647962
2.0408642 1.3537400
1.0857112 1.8094831
0.2512074 1.8115221
-0.2559731 1.5531228
-0.5326234 1.1971558
-0.6711600 0.8662029
-0.7182207 0.6026645
-0.7132569 0.4071741
-0.6857875 0.2641333
-0.6416605 0.1570133
-0.5200123 0.0717839
0.0000000 0.0000000
0.0000000 0.0000000
-0.5208373 -0.0704242
-0.6218835 -0.1596522
-0.6468488 -0.2682344
-0.6525620 -0.4037246
-0.6331170 -0.5719081
-0.5656525 -0.7727687
-0.4156406 -0.9944181
-0.1387141 -1.2023990
0.2659557 -1.3443933
0.7384821 -1.3204169
1.2491204 -1.0591528
1.6300629 -0.4412345
1.7213140 0.2545046
1.4209633 0.8107594
0.9046084 1.1494668
0.3846941 1.2418513
-0.0155358 1.1544024
-0.2704142 0.9706578
-0.4281032 0.7614468
-0.5142254 0.5682747
-0.5533739 0.4062064
-0.5615429 0.2748096
-0.5445838 0.1678440
-0.4486564 0.0769697
0.0000000 0.0000000
0.0000000 0.0000000
-0.4490916 -0.0745281
-0.5272574 -0.1630167
-0.5319884 -0.2640253
-0.5123187 -0.3809255
-0.4657133 -0.5146877
-0.3757640 -0.6602112
-0.2223897 -0.8031417
0.0079267 -0.9165386
0.2998519 -0.9631510
0.6204978 -0.8963425
0.9270594 -0.6726810
1.1379501 -0.2865734
1.1769079 0.1429849
1.0128897 0.5075020
0.7162651 0.7553980
0.3865186 0.8626212
0.0988668 0.8507640
-0.1165284 0.7620792
-0.2656049 0.6353522
-0.3617449 0.5004869
-0.4195465 0.3741992
-0.4491077 0.2620453
-0.4492896 0.1632135
-0.3755578 0.0751487
0.0000000 0.0000000
0.0000000 0.0000000
-0.3788307 -0.0721876
-0.4379355 -0.1541939
-0.4305275 -0.2434656
-0.3981510 -0.3404017
-0.3401770 -0.4433820
-0.2486864 -0.5463509
-0.1128238 -0.6362367
0.0673528 -0.6940278
0.2770637 -0.6970190
0.4938768 -0.6214353
0.6867122 -0.4506264
0.8119648 -0.1976121
0.8320439 0.0813904
0.7363260 0.3287410
0.5575441 0.5100361
0.3439409 0.6080725
0.1394131 0.6277742
-0.0298535 0.5887684
-0.1586726 0.5142456
-0.2515898 0.4227372
-0.3133015 0.3273013
-0.3515979 0.2355357
-0.3625255 0.1493107
-0.3063310 0.0688531
0.0000000 0.0000000
0.0000000 0.0000000
-0.3138550 -0.0660704
-0.3584884 -0.1388412
-0.3439599 -0.2149118
-0.3075151 -0.2935208
-0.2492406 -0.3715411
-0.1649474 -0.4431603
-0.0525443 -0.4989593
0.0848051 -0.5258662
0.2365606 -0.5103987
0.3850291 -0.4421894
0.5113604 -0.3149440
0.5901610 -0.1418090
0.6027148 0.0464511
0.5446112 0.2186359
0.4313042 0.3525096
0.2903568 0.4343106
0.1452726 0.4648610
0.0150953 0.4521174
-0.0898422 0.4086707
-0.1719672 0.3472794
-0.2315256 0.2768086
-0.2703071 0.2033140
-0.2861210 0.1306644
-0.2443099 0.0604336
0.0000000 0.0000000
0.0000000 0.0000000
-0.2559893 -0.0581194
-0.2897485 -0.1208875
-0.2729211 -0.1843280
-0.2362511 -0.2468372
-0.1833338 -0.3057223
-0.1112783 -0.3555328
-0.0202052 -0.3894044
0.0834230 -0.4001260
0.1935755 -0.3788513
0.2979207 -0.3212245
0.3833031 -0.2273487
0.4355767 -0.1054075
0.4440751 0.0264600
0.4078245 0.1485455
0.3341033 0.2480067
0.2377643 0.3145779
0.1354255 0.3457375
0.0372259 0.3462284
-0.0472989 0.3219416
-0.1151630 0.2802801
-0.1680167 0.2285256
-0.2045763 0.1709979
-0.2208834 0.1108562
-0.1902397 0.0513531
0.0000000 0.0000000
0.0000000 0.0000000
-0.2063776 -0.0498676
-0.2313380 -0.1027401
-0.2149364 -0.1550165
-0.1818287 -0.2044293
-0.1350276 -0.2484032
-0.0760219 -0.2834862
-0.0045143 -0.3041451
0.0747607 -0.3058142
0.1549204 -0.2849217
0.2293940 -0.2381276
0.2889900 -0.1675531
0.3250135 -0.0802761
0.3316429 0.0141417
0.3077723 0.1032891
0.2590820 0.1771749
0.1925555 0.2303235
0.1186172 0.2593449
0.0463570 0.2651249
-0.0200176 0.2522766
-0.0754614 0.2244249
-0.1190649 0.1859360
-0.1511192 0.1411490
-0.1666189 0.0923953
-0.1441070 0.0427240
0.0000000 0.0000000
0.0000000 0.0000000
-0.1644402 -0.0421287
-0.1833239 -0.0861288
-0.1676388 -0.1285159
-0.1395003 -0.1676721
-0.1006002 -0.2007764
-0.0519621 -0.2251515
0.0031847 -0.2381319
0.0630848 -0.2357424
0.1229391 -0.2162522
0.1764465 -0.1796636
0.2189089 -0.1263001
0.2444980 -0.0616236
0.2499743 0.0067620
0.2344022 0.0726921
0.2008291 0.1290649
0.1550635 0.1705071
0.1017110 0.1959261
0.0476939 0.2044388
-0.0022408 0.1976020
-0.0463840 0.1789764
-0.0818812 0.1507113
-0.1078320 0.1154977
-0.1214669 0.0762034
-0.1054860 0.0353168
0.0000000 0.0000000
0.0000000 0.0000000
-0.1294043 -0.0352314
-0.1437867 -0.0716567
-0.1303865 -0.1059628
-0.1059954 -0.1365388
-0.0748125 -0.1619275
-0.0363729 -0.1793045
0.0072961 -0.1868017
0.0521496 -0.1832789
0.0965916 -0.1664031
0.1362745 -0.1368876
0.1668445 -0.0969036
0.1854447 -0.0484429
0.1898146 0.0030571
0.1799191 0.0519678
0.1567619 0.0952379
0.1242369 0.1285499
0.0865972 0.1495229
0.0465244 0.1587651
0.0086992 0.1561815
-0.0245866 0.1431742
-0.0526751 0.1222816
-0.0732500 0.0948768
-0.0839526 0.0629323
-0.0731639 0.0292891
0.0000000 0.0000000
0.0000000 0.0000000
-0.1009873 -0.0294802
-0.1112422 -0.0592898
-0.1003395 -0.0871779
-0.0806606 -0.1113224
-0.0547090 -0.1303809
-0.0250730 -0.1433154
0.0083883 -0.1478404
0.0432803 -0.1432437
0.0760308 -0.1296720
0.1053124 -0.1061522
0.1281255 -0.0747797
0.1418903 -0.0385514
0.1454609 0.0005914
0.1388943 0.0385189
0.1234006 0.0715462
0.1002656 0.0983184
0.0731165 0.1164200
0.0446006 0.1249049
0.0162580 0.1248350
-0.0086795 0.1162938
-0.0293359 0.1003608
-0.0450885 0.0788593
-0.0530760 0.0529218
-0.0460053 0.0247970
0.0000000 0.0000000
0.0000000 0.0000000
-0.0778204 -0.0247121
-0.0854700 -0.0492217
-0.0758257 -0.0715992
-0.0604945 -0.0910250
-0.0402083 -0.1057383
-0.0161756 -0.1148677
0.0089442 -0.1180230
0.0351884 -0.1135288
0.0604711 -0.1016967
0.0819281 -0.0835453
0.0987409 -0.0589370
0.1093259 -0.0303322
0.1124966 -0.0006373
0.1081013 0.0289940
0.0974198 0.0555935
0.0816846 0.0768019
0.0620751 0.0923270
0.0416469 0.1007732
0.0217594 0.1018110
0.0034403 0.0964181
-0.0111267 0.0846759
-0.0217577 0.0673765
-0.0272627 0.0459291
-0.0230687 0.0219488
0.0000000 0.0000000
0.0000000 0.0000000
-0.0589776 -0.0207028
-0.0646218 -0.0410369
-0.0569735 -0.0592904
-0.0440176 -0.0745885
-0.0286836 -0.0864385
-0.0104023 -0.0932922
0.0096266 -0.0948089
0.0289753 -0.0911779
0.0476990 -0.0812953
0.0642277 -0.0661427
0.0765892 -0.0471379
0.0843755 -0.0244900
0.0872212 -0.0005005
0.0847237 0.0225969
0.0771780 0.0441865
0.0663502 0.0621976
0.0531088 0.0752364
0.0384807 0.0834460
0.0248997 0.0859720
0.0129252 0.0826830
0.0033288 0.0742119
-0.0026061 0.0604794
-0.0049978 0.0421046
-0.0030326 0.0206997
0.0000000 0.0000000
0.0000000 0.0000000
-0.0441244 -0.0175095
-0.0475787 -0.0342857
-0.0417432 -0.0495006
-0.0318610 -0.0619894
-0.0192278 -0.0711426
-0.0057578 -0.0767731
0.0090741 -0.0776765
0.0242551 -0.0739390
0.0378167 -0.0661384
0.0498401 -0.0536795
0.0593806 -0.0377883
0.0652303 -0.0199584
0.0672969 -0.0004574
0.0659736 0.0188745
0.0612362 0.0364051
0.0535589 0.0518695
0.0447399 0.0638734
0.0353068 0.0716536
0.0262157 0.0754153
0.0193359 0.0745298
0.0148857 0.0687487
0.0133000 0.0580321
0.0145240 0.0419311
0.0154626 0.0213214
0.0000000 0.0000000
0.0000000 0.0000000
-0.0320117 -0.0149282
-0.0343403 -0.0291070
-0.0292365 -0.0416644
-0.0220378 -0.0522583
-0.0127807 -0.0598073
-0.0020516 -0.0639702
0.0085546 -0.0648464
0.0194442 -0.0615573
0.0298329 -0.0545196
0.0383623 -0.0445105
0.0450596 -0.0312731
0.0496378 -0.0160409
0.0513729 -0.0001444
0.0503748 0.0162046
0.0474764 0.0316010
0.0426861 0.0449420
0.0366208 0.0561637
0.0309067 0.0644032
0.0259209 0.0692265
0.0227246 0.0707366
0.0228902 0.0682428
0.0265027 0.0607736
0.0324577 0.0466470
0.0338110 0.0245878
0.0000000 0.0000000
0.0000000 0.0000000
-0.0219390 -0.0128603
-0.0233575 -0.0251295
-0.0197179 -0.0359005
-0.0139936 -0.0447020
-0.0076252 -0.0512942
-0.0002229 -0.0547679
0.0077667 -0.0550697
0.0151492 -0.0524605
0.0221855 -0.0463827
0.0284421 -0.0374360
0.0330241 -0.0264381
0.0359780 -0.0133839
0.0374532 0.0006385
0.0370399 0.0145883
0.0349258 0.0282689
0.0321066 0.0407050
0.0285804 0.0512465
0.0250479 0.0599426
0.0229274 0.0663626
0.0228745 0.0703446
0.0265276 0.0718612
0.0359317 0.0697311
0.0503938 0.0602490
0.0568672 0.0352840
0.0000000 0.0000000
0.0000000 0.0000000
-0.0136218 -0.0113699
-0.0139614 -0.0219072
-0.0116020 -0.0313123
-0.0080267 -0.0388879
-0.0035480 -0.0442858
0.0009937 -0.0473761
0.0058897 -0.0475609
0.0108437 -0.0449308
0.0151270 -0.0398162
0.0188449 -0.0320284
0.0218848 -0.0221763
0.0237283 -0.0110175
0.0244180 0.0012668
0.0243080 0.0138353
0.0232052 0.0259375
0.0213334 0.0374019
0.0195029 0.0476802
0.0178546 0.0565392
0.0171121 0.0642023
0.0186465 0.0707603
0.0241160 0.0766781
0.0380843 0.0830551
0.0691642 0.0904937
0.1116372 0.0863870
0.0000000 0.0000000
0.0000000 0.0000000
-0.0064815 -0.0095683
-0.0061014 -0.0175917
-0.0046823 -0.0246018
-0.0030040 -0.0303764
-0.0009514 -0.0344057
0.0013884 -0.0364532
0.0036227 -0.0365002
0.0058313 -0.0343056
0.0079276 -0.0300142
0.0095953 -0.0239575
0.0108336 -0.0162357
0.0116965 -0.0073495
0.0120017 0.0021712
0.0117653 0.0120571
0.0112808 0.0217741
0.0104848 0.0309210
0.0095933 0.0394339
0.0090417 0.0472139
0.0090784 0.0544498
0.0103227 0.0616946
0.0138839 0.0697884
0.0248321 0.0832579
0.0766150 0.1290587
0.2715406 0.2794117
0.0000000 0.0000000
0.0000000 0.0000000
0.0000000 0.0000000
0.0000000 0.0000000
0.0000000 0.0000000
0.0000000 0.0000000
0.0000000 0.0000000
0.0000000 0.0000000
0.0000000 0.0000000
0.0000000 0.0000000
0.0000000 0.0000000
0.0000000 0.0000000
0.0000000 0.0000000
0.0000000 0.0000000
0.0000000 0.0000000
0.0000000 0.0000000
0.0000000 0.0000000
0.0000000 0.0000000
0.0000000 0.0000000
0.0000000 0.0000000
0.0000000 0.0000000
0.0000000 0.0000000
0.0000000 0.0000000
0.0000000 0.0000000
0.0000000 0.0000000
0.0000000 0.0000000
0.0000000 0.0000000
0.0000000 0.0000000
-0.0705831 0.1063584
0.0000000 0.0000000
-0.2427263 0.0509747
-0.0621124 0.2698635
-0.0916205 0.3884405
0.0000000 0.0000000
-0.2145483 0.2743269
-0.0938358 0.5779107
-0.1150308 0.7056901
0.0000000 0.0000000
-0.2439785 0.5147087
-0.1229704 0.9490970
-0.1554999 1.1053455
0.0000000 0.0000000
-0.3093449 0.8090867
-0.1679380 1.4343363
-0.2232701 1.6494951
0.0000000 0.0000000
-0.4252700 1.1984986
-0.2420584 2.1099169
-0.3355682 2.4432724
0.0000000 0.0000000
-0.6279269 1.7470657
-0.3679746 3.0953710
-0.5151086 3.6676326
0.0000000 0.0000000
-0.9892519 2.5731246
-0.5777146 4.5921578
-0.7722098 5.5925131
0.0000000 0.0000000
-1.6467533 3.9019046
-0.8758644 6.9349675
-1.0896769 8.4984102
0.0000000 0.0000000
-2.7421358 6.0139380
-1.2070467 10.4302454
-1.4326428 12.6699142
0.0000000 0.0000000
-4.0797262 9.2301931
-1.8268552 15.1894350
-1.7143515 18.7794685
0.0000000 0.0000000
-5.9857926 15.8633127
-0.4351050 21.8846111
-1.8472996 22.4927673
0.0000000 0.0000000
1.8515136 9.6003227
5.7185035 17.1876583
14.7409058 1.0003504
0.0000000 0.0000000
23.7958164 4.7939391
11.7498627 -20.8328247
-2.2389033 -20.7832890
0.0000000 0.0000000
4.8016768 -8.8490810
-1.9526646 -19.9733238
0.0238753 -20.3292656
0.0000000 0.0000000
-10.1381416 -15.0065470
-1.0126011 -14.6645889
-1.6305369 -11.8714075
0.0000000 0.0000000
-2.3001609 -11.2433062
-1.7506285 -10.1387081
-1.0419019 -7.9243321
0.0000000 0.0000000
-2.3767781 -6.1193705
-0.8955939 -6.8771939
-0.6346846 -5.3381925
0.0000000 0.0000000
-1.9204489 -4.1624408
-0.5188904 -4.5980234
-0.4212453 -3.5962470
0.0000000 0.0000000
-1.2983255 -2.8524768
-0.3319345 -3.0505245
-0.2850850 -2.4630795
0.0000000 0.0000000
-0.8695493 -1.9589018
-0.2118451 -2.0417211
-0.1936748 -1.6822045
0.0000000 0.0000000
-0.5933110 -1.3439060
-0.1421160 -1.3701627
-0.1365566 -1.1255689
0.0000000 0.0000000
-0.4181269 -0.9059422
-0.1037483 -0.8948163
-0.1031093 -0.7133911
0.0000000 0.0000000
-0.3094658 -0.5812390
-0.0833887 -0.5313969
-0.0859092 -0.3870784
0.0000000 0.0000000
-0.2448924 -0.3251259
-0.0755844 -0.2314292
-0.0832476 -0.0961213
0.0000000 0.0000000
-0.2186246 -0.0927301
0.0000000 0.0000000
0.0000000 0.0000000
-0.3646010 0.0815230
-0.4780088 0.0586609
-0.2872232 0.2244867
-0.3675222 0.3110118
-0.4539749 0.2634065
-0.3777098 0.4742277
-0.4452689 0.5655009
-0.5267549 0.4858782
-0.4826832 0.7713785
-0.5852301 0.8769805
-0.6719819 0.7464402
-0.6514733 1.1507056
-0.8169892 1.2830710
-0.9178473 1.0726854
-0.9252449 1.6627450
-1.1991732 1.8396435
-1.3251413 1.5037426
-1.3721529 2.3810046
-1.8460932 2.6338928
-2.0081971 2.1066527
-2.1284964 3.3994281
-2.8751576 3.8844795
-3.1846983 3.0315902
-3.4161882 4.8229208
-3.8976119 6.0992169
-5.3203959 4.7165842
-4.8146200 7.3176398
-5.4256573 8.9070559
-8.7460938 8.2910728
-7.5453486 11.6352615
-8.5505190 11.4287033
-9.3160496 7.7083068
3.7161117 12.2593603
13.5142641 8.9583530
19.0203094 7.2018027
17.5683022 10.6046925
24.5877800 -10.1389694
26.3346615 1.6037539
26.0928764 -6.3858681
14.1150808 -7.1688251
18.2353058 -5.1576562
2.2004042 -13.5947218
-9.4719820 -11.8684273
-9.5249128 -10.0593519
-5.9785004 -8.6540127
-5.6346984 -12.1991930
-10.7728405 -10.5296707
-4.8819842 -8.3535595
-3.6732867 -6.2047892
-4.8387203 -5.2374516
-3.3898461 -5.4165707
-2.5481727 -3.9990411
-3.3387594 -3.1708677
-2.0877342 -3.5207663
-1.6763967 -2.7724257
-2.2541564 -2.2750640
-1.3389770 -2.3544784
-1.1206270 -1.9254603
-1.5171347 -1.6459727
-0.8928775 -1.5945587
-0.7731762 -1.3335425
-1.0477426 -1.1723449
-0.6210831 -1.0811619
-0.5567873 -0.9050087
-0.7546883 -0.8135678
-0.4577216 -0.7115117
-0.4262132 -0.5803829
-0.5745393 -0.5325897
-0.3634811 -0.4242854
-0.3562504 -0.3188376
-0.4729322 -0.3007231
-0.2982953 -0.1825221
-0.3621778 -0.0817488
-0.4602232 -0.0804423
0.0000000 0.0000000
0.0000000 0.0000000
-0.5943166 0.0599547
-0.6719242 0.0451993
-0.4661784 0.1895322
-0.5841355 0.2372038
-0.6477783 0.1946720
-0.5933738 0.3856114
-0.6905665 0.4294524
-0.7464463 0.3538379
-0.7405781 0.6117844
-0.8870889 0.6473656
-0.9379740 0.5246097
-0.9752086 0.8874304
-1.2083573 0.9062712
-1.2539701 0.7098956
-1.3526534 1.2399559
-1.7246448 1.2229270
-1.7633049 0.9057019
-1.9613079 1.7116754
-2.5640459 1.6089689
-2.5909636 1.0900073
-2.9563754 2.3904324
-4.0145984 2.0356877
-3.9617631 1.2161695
-4.7470822 3.3758781
-6.5617242 2.7865741
-6.6051831 1.6300100
-8.1142149 4.4811134
-7.8480005 5.0387406
-8.9402838 2.2593408
-6.6068740 3.8455372
-7.2327752 6.4413128
-8.1702433 5.5588913
-3.5300186 4.7623034
16.2679520 2.7645044
13.9066553 -3.1393459
32.9702873 7.0374913
35.1789017 6.1965008
35.8208694 2.0027466
25.2960167 -7.5477352
20.6180077 0.1226629
27.2356663 7.7461700
1.3524317 -8.6893578
-6.8114319 -6.2519221
-6.3183064 -0.8894793
-4.8322258 -0.9438363
-12.1712303 -6.1715326
-11.7611990 -2.7375448
-8.1205997 -3.7684305
-5.8028946 -4.2614918
-8.3306313 -2.7429156
-4.5808463 -3.1352544
-3.6998932 -2.5465786
-4.5648336 -1.8879782
-3.0091197 -2.0510011
-2.4882302 -1.8162863
-2.8250847 -1.3591896
-2.0085938 -1.4371320
-1.7027106 -1.3307610
-1.8842822 -1.0269436
-1.3761810 -1.0420518
-1.1977562 -0.9679353
-1.3233179 -0.7775674
-0.9801090 -0.7465834
-0.8776836 -0.6846162
-0.9781968 -0.5686476
-0.7353679 -0.5100712
-0.6817346 -0.4533638
-0.7663703 -0.3870929
-0.5866134 -0.3093584
-0.5770130 -0.2561494
-0.6480336 -0.2248783
-0.4707247 -0.1297119
-0.5851075 -0.0677843
-0.6542684 -0.0612376
0.0000000 0.0000000
0.0000000 0.0000000
-0.7645087 0.0397473
-0.8074593 0.0257678
-0.5964056 0.1433505
-0.7407665 0.1564324
-0.7799917 0.1116140
-0.7455851 0.2762098
-0.8557693 0.2789255
-0.8853118 0.1968355
-0.9100291 0.4202189
-1.0681909 0.4004571
-1.0870848 0.2679312
-1.1651763 0.5795036
-1.4090106 0.5125858
-1.4089105 0.3069236
-1.5627789 0.7602245
-1.9455668 0.5889705
-1.9048272 0.2726784
-2.1843195 0.9769396
-2.8047228 0.5694398
-2.6705096 0.0698106
-3.1648252 1.2683518
-4.2403269 0.3506759
-3.8693631 -0.6112582
-4.7463698 1.8388666
-7.3720112 -0.6796477
-5.6446981 -2.2254987
-8.7935457 2.1861651
-9.7007151 -0.6498922
-6.1317620 -5.2193570
-9.8935757 -1.8188556
-3.6669078 -4.6605296
4.9621172 -7.1203828
5.0902066 -5.7336273
10.4566174 -4.9642763
14.1875315 -8.5032272
27.8771381 -0.8425186
31.7207565 0.7005027
29.0389709 2.5901284
20.6609344 1.8517406
17.6628780 7.2001972
18.3776741 8.2889290
12.4233665 6.0738697
-5.3811536 3.9162495
0.5277774 8.4890757
-5.5246263 3.0985906
-6.9795713 2.2434633
-6.7813039 5.1529632
-9.8626575 1.2292809
-7.4530630 0.0437709
-5.9327869 1.8169919
-5.3889427 0.2320040
-4.4210663 -0.6416633
-3.9492452 0.3370175
-3.3984077 -0.2582494
-2.8569725 -0.7172580
-2.6857338 -0.1840762
-2.2855463 -0.4367944
-1.9662504 -0.6562855
-1.8996333 -0.3285860
-1.6081797 -0.4499490
-1.4158713 -0.5479456
-1.3998319 -0.3381653
-1.1811274 -0.3846273
-1.0667264 -0.4234081
-1.0757945 -0.2907850
-0.9109697 -0.2884079
-0.8488460 -0.2976973
-0.8713127 -0.2181139
-0.7399969 -0.1816250
-0.7323058 -0.1757268
-0.7588316 -0.1354639
-0.5902783 -0.0727946
-0.7467743 -0.0485431
-0.7843651 -0.0387094
0.0000000 0.0000000
0.0000000 0.0000000
-0.8697577 0.0200458
-0.8796185 0.0066539
-0.6728908 0.0902368
-0.8312288 0.0755961
-0.8463817 0.0320076
-0.8286659 0.1567558
-0.9369201 0.1279079
-0.9417270 0.0479607
-0.9853735 0.2156105
-1.1318790 0.1572748
-1.1215391 0.0307942
-1.2189020 0.2561526
-1.4345903 0.1390626
-1.3960667 -0.0512354
-1.5662221 0.2589201
-1.8885829 0.0193671
-1.7897733 -0.2563060
-2.0799212 0.1792206
-2.5589907 -0.3138153
-2.3243909 -0.6797359
-2.8508720 -0.1532855
-3.4602976 -1.0644752
-3.0121732 -1.5194206
-3.7132270 -1.2626262
-4.9921832 -3.0891485
-4.1456208 -4.0736399
-5.7884173 -1.2448128
-8.3067837 -7.2372775
-5.2047987 -6.9875422
-6.4438996 -11.6285648
1.7756168 -12.9225826
0.4895947 -12.0054522
7.6280332 -14.5692968
3.7290275 -11.4032898
7.1399035 -6.2770720
12.9853764 -0.2309907
24.9111500 0.8631265
20.2995129 0.1625753
18.8403988 0.8137580
14.7524099 8.6594267
13.1431723 8.5065126
6.2062826 10.0975599
2.4090979 11.1814384
2.1702313 10.7873259
-3.2175727 9.5101452
-8.6976404 4.6809154
-2.2690694 7.7999945
-5.3509970 5.6720691
-5.2803550 2.0085120
-3.0647297 3.5254443
-4.1321831 2.0795588
-3.6791966 0.8357570
-2.7366021 1.5926714
-2.9810941 0.8318602
-2.6079438 0.2151988
-2.1607077 0.6799203
-2.1572645 0.2742548
-1.9027903 -0.0501187
-1.6734605 0.2443042
-1.6042811 0.0335863
-1.4348024 -0.1497298
-1.3149631 0.0441144
-1.2309374 -0.0602517
-1.1235830 -0.1653974
-1.0631136 -0.0380259
-0.9814953 -0.0811686
-0.9237549 -0.1385291
-0.8953552 -0.0597148
-0.8163306 -0.0600816
-0.8159896 -0.0911017
-0.8038858 -0.0498989
-0.6542679 -0.0197852
-0.8401515 -0.0271663
-0.8475946 -0.0159674
0.0000000 0.0000000
0.0000000 0.0000000
-0.9107822 0.0023689
-0.8926328 -0.0094622
-0.6989537 0.0372440
-0.8582003 0.0042238
-0.8519275 -0.0332961
-0.8472624 0.0430753
-0.9404122 -0.0038641
-0.9255252 -0.0717398
-0.9773644 0.0253917
-1.0910625 -0.0475429
-1.0618048 -0.1498187
-1.1576121 -0.0407578
-1.3082724 -0.1570102
-1.2551299 -0.2984445
-1.4046711 -0.1946130
-1.5950116 -0.3878990
-1.5051593 -0.5696615
-1.7148538 -0.4965990
-1.9476132 -0.8372440
-1.8043108 -1.0508134
-2.0743768 -1.0349938
-2.2281129 -1.5332465
-2.0943506 -1.6492405
-2.1224067 -2.6601386
-1.7262586 -2.8900039
-2.1801746 -2.8313224
-1.2650709 -3.8344676
-0.0746173 -4.7934580
-1.7528979 -4.5346107
0.6376963 -4.5405035
0.4009111 -5.4246645
-1.4180760 -4.1747417
1.2834598 -8.1723232
3.6431062 -5.9994073
2.3502321 -5.5530114
8.8919640 -3.1519954
11.5887213 -2.0812902
8.0648899 -1.7357718
11.7321215 3.5382657
9.2092924 8.0177965
6.6926579 3.3489213
6.1252785 6.4053354
3.0938692 8.4901400
2.3503261 6.0227280
-0.3163474 7.1750240
-1.6385103 5.8032632
-0.5211341 5.1613240
-2.4100869 4.6573987
-2.7456577 3.0529449
-1.3059667 3.4359560
-2.5719295 2.5709579
-2.4590752 1.5904410
-1.5930929 2.0094655
-2.2183223 1.3576858
-2.0202861 0.8196614
-1.5247934 1.1229602
-1.7893214 0.7102101
-1.6193746 0.3910997
-1.3322184 0.6087614
-1.4295880 0.3587156
-1.3047937 0.1642091
-1.1336262 0.3179277
-1.1594061 0.1733065
-1.0736178 0.0504760
-0.9722163 0.1564711
-0.9654721 0.0796428
-0.9170375 0.0005450
-0.8563128 0.0686908
-0.8255466 0.0375002
-0.8327677 -0.0145823
-0.7923535 0.0221097
-0.6714370 0.0230541
-0.8673924 -0.0074127
-0.8510140 0.0028010
0.0000000 0.0000000
0.0000000 0.0000000
-0.8951830 -0.0115751
-0.8572125 -0.0206547
-0.6858979 -0.0088216
-0.8311349 -0.0507447
-0.8093029 -0.0785448
-0.8151913 -0.0515188
-0.8834302 -0.1031232
-0.8558497 -0.1518030
-0.9079807 -0.1253791
-0.9789205 -0.1928154
-0.9421818 -0.2618275
-1.0225691 -0.2531953
-1.1031284 -0.3459181
-1.0513194 -0.4304768
-1.1578819 -0.4703714
-1.2326169 -0.5979401
-1.1641486 -0.6835733
-1.2814196 -0.8320143
-1.3110654 -1.0100107
-1.2403752 -1.0669372
-1.3035400 -1.3455287
-1.2611339 -1.6040192
-1.2030324 -1.5699667
-1.1791484 -2.1768122
-0.7836341 -2.5296803
-0.8426911 -2.0677719
-0.2796698 -3.4327049
0.4560488 -3.4901578
0.2654431 -2.7848630
1.2561432 -3.3056462
1.7979214 -3.3463349
1.4930456 -2.7539022
1.9313171 -4.8675518
3.6949210 -4.3337369
3.6440811 -2.9086170
5.1142292 -1.8765684
5.8442817 -1.3700296
4.4442501 -0.9841545
6.3160372 1.1047574
5.6658654 2.7148826
3.6294553 1.5731657
4.3278980 3.3518572
2.6893668 4.3151283
2.0066130 3.0622015
1.3619026 3.9185126
0.5535242 4.1387138
0.2760713 3.0960822
-0.5441865 3.1756599
-0.8879148 2.8432276
-0.4898860 2.5756526
-1.2776821 2.2223313
-1.3389157 1.8125803
-0.8608398 1.8339403
-1.4306018 1.4329960
-1.3665243 1.0908884
-0.9939499 1.2132727
-1.3330081 0.8909365
-1.2456272 0.6455739
-0.9865315 0.7683281
-1.1701239 0.5427753
-1.0921471 0.3717330
-0.9191456 0.4724866
-1.0127177 0.3244853
-0.9554108 0.2061370
-0.8395606 0.2814304
-0.8856125 0.1905071
-0.8515786 0.1064456
-0.7746627 0.1579584
-0.7839289 0.1074977
-0.7962680 0.0460351
-0.7401690 0.0748947
-0.6485595 0.0531030
-0.8411363 0.0084772
-0.8080598 0.0166134
0.0000000 0.0000000
0.0000000 0.0000000
-0.8375134 -0.0207509
-0.7883499 -0.0263959
-0.6447567 -0.0426168
-0.7666051 -0.0871695
-0.7357821 -0.1049686
-0.7484117 -0.1161466
-0.7918436 -0.1662328
-0.7575378 -0.1957142
-0.8038688 -0.2186581
-0.8393410 -0.2776092
-0.7985271 -0.3149702
-0.8611678 -0.3678593
-0.8893471 -0.4397605
-0.8395914 -0.4770622
-0.9110387 -0.5852698
-0.9170704 -0.6743742
-0.8552626 -0.6939137
-0.9246190 -0.8947546
-0.8742898 -1.0084672
-0.8044358 -0.9748884
-0.8321289 -1.2942652
-0.7023154 -1.4414834
-0.6255250 -1.3142470
-0.5865624 -1.7426929
-0.3469695 -1.9102314
-0.2353104 -1.6485457
-0.1269559 -2.2729437
0.3303508 -2.3528273
0.3952927 -1.9176725
0.7736793 -2.3456643
1.2536931 -2.3267381
1.1550750 -1.7894704
1.5855049 -2.4802821
2.3046274 -2.2097504
2.2023330 -1.4954877
3.2025006 -0.8744517
3.2767971 -0.7564057
2.7107949 -0.5274002
3.7416735 0.7164765
3.2139368 1.1826169
2.3981872 0.7406120
2.8674290 1.8617219
2.1315470 2.4106519
1.5207427 1.6572707
1.4451212 2.3176849
0.8762419 2.5760100
0.5843483 1.9396057
0.2466169 2.1678045
-0.0633055 2.1749671
-0.0665614 1.8082738
-0.4788525 1.7394866
-0.6072840 1.6109608
-0.4230936 1.4722437
-0.8110380 1.2812473
-0.8326268 1.1160769
-0.6189939 1.0990165
-0.9095108 0.8957373
-0.8859744 0.7391801
-0.6984931 0.7760481
-0.8935457 0.6061574
-0.8574443 0.4771233
-0.7127523 0.5259596
-0.8356053 0.3990818
-0.8031273 0.2983910
-0.6960255 0.3421113
-0.7699028 0.2533004
-0.7516510 0.1755578
-0.6717967 0.2081244
-0.7068779 0.1497003
-0.7241468 0.0877206
-0.6619906 0.1073384
-0.5967460 0.0709067
-0.7763002 0.0196434
-0.7341140 0.0254204
0.0000000 0.0000000
0.0000000 0.0000000
-0.7550176 -0.0253875
-0.7012709 -0.0282155
-0.5832750 -0.0633714
-0.6823874 -0.1066698
-0.6464809 -0.1154429
-0.6628054 -0.1517089
-0.6859287 -0.1976939
-0.6488087 -0.2110361
-0.6886469 -0.2626971
-0.6980377 -0.3132641
-0.6565720 -0.3260853
-0.7027682 -0.4073384
-0.6986926 -0.4647366
-0.6503853 -0.4684162
-0.6978184 -0.5959177
-0.6673403 -0.6618134
-0.6107064 -0.6421134
-0.6492758 -0.8331059
-0.5745487 -0.9089078
-0.5057582 -0.8426582
-0.5209346 -1.1106648
-0.3790360 -1.1923903
-0.2962045 -1.0514817
-0.2646172 -1.3966004
-0.0295254 -1.4597766
0.0526895 -1.2258523
0.1532172 -1.6173786
0.4874459 -1.6373060
0.5195834 -1.3071122
0.7602591 -1.5904610
1.0822393 -1.5552032
1.0435491 -1.1889672
1.3386154 -1.3386995
1.6387649 -1.2293184
1.5395850 -0.8914229
2.0282292 -0.5034755
2.0550683 -0.4060947
1.7636733 -0.3071527
2.2823849 0.3937975
2.0122626 0.6053612
1.6093060 0.4053887
1.9272119 1.0855255
1.5256978 1.3688169
1.1460307 0.9700722
1.1979879 1.4446576
0.8414216 1.6411811
0.6022504 1.2446749
0.4729267 1.4828600
0.2272806 1.5562115
0.1411179 1.2630148
-0.0737319 1.3115340
-0.2121243 1.2921424
-0.1695088 1.1240996
-0.4090128 1.0612277
-0.4699802 0.9913644
-0.3670810 0.9163433
-0.5816861 0.8089331
-0.5966721 0.7208570
-0.4816459 0.7015172
-0.6478615 0.5898821
-0.6437323 0.5028447
-0.5366436 0.5104088
-0.6584159 0.4141800
-0.6469700 0.3363326
-0.5588048 0.3529445
-0.6429591 0.2765175
-0.6361657 0.2103103
-0.5646145 0.2260684
-0.6118257 0.1677096
-0.6328924 0.1112725
-0.5716454 0.1217839
-0.5270637 0.0779872
-0.6883703 0.0262170
-0.6430138 0.0296930
0.0000000 0.0000000
0.0000000 0.0000000
-0.6607059 -0.0266468
-0.6072667 -0.0273511
-0.5121062 -0.0729427
-0.5907258 -0.1127601
-0.5535694 -0.1146399
-0.5707550 -0.1642383
-0.5800447 -0.2051831
-0.5420487 -0.2064498
-0.5759360 -0.2712566
-0.5682710 -0.3139848
-0.5285357 -0.3103209
-0.5629137 -0.3994416
-0.5405022 -0.4451877
-0.4960072 -0.4289577
-0.5257500 -0.5521336
-0.4800158 -0.6007506
-0.4290673 -0.5616183
-0.4496253 -0.7268047
-0.3679930 -0.7761241
-0.3103396 -0.7008621
-0.3115979 -0.9091102
-0.1833159 -0.9548191
-0.1173849 -0.8286304
-0.0896880 -1.0655864
0.0896878 -1.0949190
0.1514598 -0.9142265
0.2247515 -1.1417388
0.4405962 -1.1451858
0.4746572 -0.9190403
0.6185632 -1.0665621
0.8150690 -1.0367907
0.8094132 -0.8026236
1.0124258 -0.8109747
1.1558896 -0.7482198
1.0855582 -0.5661588
1.3706368 -0.3187307
1.3728000 -0.2455379
1.2052376 -0.1945794
1.4994748 0.2220128
1.3517146 0.3453529
1.1178962 0.2380064
1.3225828 0.6634223
1.0948492 0.8238958
0.8595321 0.6025749
0.9309742 0.9355201
0.7037938 1.0692191
0.5303999 0.8207837
0.4873322 1.0252470
0.3076481 1.0987183
0.2167205 0.8881125
0.1031601 0.9746820
-0.0172645 0.9911054
-0.0320329 0.8433605
-0.1748587 0.8452869
-0.2470157 0.8217864
-0.2054268 0.7325179
-0.3536067 0.6875288
-0.3884844 0.6409740
-0.3239842 0.5960724
-0.4545878 0.5314506
-0.4676364 0.4757516
-0.3973208 0.4582964
-0.5018617 0.3911200
-0.5062963 0.3351259
-0.4382409 0.3317367
-0.5190476 0.2710677
-0.5213770 0.2180891
-0.4617686 0.2207529
-0.5130407 0.1679891
-0.5346394 0.1194319
-0.4800523 0.1227484
-0.4500836 0.0770893
-0.5905017 0.0288994
-0.5461366 0.0303194
0.0000000 0.0000000
0.0000000 0.0000000
-0.5646988 -0.0256415
-0.5144898 -0.0248092
-0.4387771 -0.0742672
-0.4999782 -0.1094351
-0.4641463 -0.1066537
-0.4816079 -0.1610927
-0.4814126 -0.1966150
-0.4453220 -0.1901624
-0.4727667 -0.2574484
-0.4567118 -0.2932745
-0.4190169 -0.2795701
-0.4452305 -0.3656288
-0.4138797 -0.4016163
-0.3748330 -0.3756604
-0.3937809 -0.4845341
-0.3437300 -0.5204190
-0.3008387 -0.4748140
-0.3087683 -0.6085126
-0.2335353 -0.6418395
-0.1868073 -0.5693589
-0.1801143 -0.7239947
-0.0740351 -0.7504188
-0.0266271 -0.6456949
0.0035143 -0.8039139
0.1346260 -0.8180895
0.1743669 -0.6827204
0.2382263 -0.8160660
0.3788639 -0.8129219
0.3988450 -0.6586280
0.5030338 -0.7291633
0.6236784 -0.7047892
0.6140150 -0.5575382
0.7569435 -0.5288770
0.8334223 -0.4857398
0.7800158 -0.3796092
0.9589838 -0.2152574
0.9562481 -0.1598046
0.8493884 -0.1311073
1.0310518 0.1272863
0.9447141 0.2086687
0.7994465 0.1464615
0.9345124 0.4215555
0.7982628 0.5210857
0.6472045 0.3908929
0.7093973 0.6245502
0.5629672 0.7140299
0.4394884 0.5564137
0.4327553 0.7189910
0.3032531 0.7790309
0.2272163 0.6306915
0.1679788 0.7213364
0.0699787 0.7464737
0.0393758 0.6289157
-0.0487751 0.6598346
-0.1153047 0.6563555
-0.1068998 0.5738145
-0.2053302 0.5636306
-0.2478586 0.5410048
-0.2134035 0.4883205
-0.3106719 0.4557575
-0.3332974 0.4211240
-0.2890629 0.3917452
-0.3748107 0.3486107
-0.3864977 0.3090213
-0.3385029 0.2942648
-0.4083205 0.2481998
-0.4172900 0.2078860
-0.3692525 0.2013722
-0.4181492 0.1564321
-0.4392974 0.1164973
-0.3929970 0.1146421
-0.3738893 0.0712941
-0.4921880 0.0284834
-0.4518535 0.0284439
0.0000000 0.0000000
0.0000000 0.0000000
-0.4734190 -0.0232284
-0.4282433 -0.0215179
-0.3684025 -0.0701040
-0.4160397 -0.1004443
-0.3824438 -0.0948178
-0.3994735 -0.1485825
-0.3933555 -0.1786714
-0.3606794 -0.1681204
-0.3837333 -0.2318372
-0.3634977 -0.2615056
-0.3299698 -0.2430909
-0.3486663 -0.3199384
-0.3164078 -0.3486158
-0.2816071 -0.3189598
-0.2943111 -0.4107208
-0.2460307 -0.4371320
-0.2114408 -0.3925894
-0.2129364 -0.4971376
-0.1480625 -0.5202233
-0.1122522 -0.4563464
-0.0999217 -0.5679048
-0.0177836 -0.5844501
0.0162423 -0.5004491
0.0454577 -0.6059411
0.1402802 -0.6122569
0.1644389 -0.5129538
0.2183394 -0.5917774
0.3120475 -0.5866367
0.3213131 -0.4804422
0.4012323 -0.5116091
0.4771058 -0.4923977
0.4644552 -0.3968198
0.5672253 -0.3629470
0.6114318 -0.3298717
0.5697883 -0.2654910
0.6896964 -0.1531909
0.6863944 -0.1107910
0.6134276 -0.0935164
0.7315670 0.0745867
0.6794823 0.1307861
0.5834229 0.0936738
0.6760946 0.2762809
0.5901831 0.3428029
0.4902157 0.2617111
0.5401489 0.4269210
0.4429552 0.4881761
0.3557551 0.3857247
0.3612494 0.5118787
0.2697918 0.5571278
0.2082364 0.4537514
0.1791563 0.5342692
0.1016697 0.5592839
0.0709937 0.4687914
0.0164809 0.5092188
-0.0408903 0.5138972
-0.0465387 0.4442146
-0.1136618 0.4525479
-0.1535739 0.4419292
-0.1389290 0.3921378
-0.2083675 0.3784440
-0.2353216 0.3577282
-0.2071494 0.3243676
-0.2743785 0.2983133
-0.2898290 0.2707259
-0.2567780 0.2507820
-0.3154551 0.2174466
-0.3264321 0.1868940
-0.2901291 0.1757587
-0.3327449 0.1385239
-0.3528040 0.1068184
-0.3143144 0.1015608
-0.3027039 0.0627292
-0.4000811 0.0260390
-0.3648985 0.0250314
0.0000000 0.0000000
0.0000000 0.0000000
-0.3903149 -0.0201768
-0.3508275 -0.0180973
-0.3045267 -0.0630740
-0.3410850 -0.0887519
-0.3111702 -0.0818843
-0.3263046 -0.1313559
-0.3182459 -0.1566853
-0.2885181 -0.1442167
-0.3082440 -0.2015038
-0.2867020 -0.2256579
-0.2580414 -0.2062317
-0.2725269 -0.2719681
-0.2417320 -0.2947971
-0.2125562 -0.2656935
-0.2194566 -0.3399270
-0.1780540 -0.3601646
-0.1489228 -0.3195034
-0.1479760 -0.4001050
-0.0938913 -0.4160304
-0.0673664 -0.3629695
-0.0539676 -0.4428994
0.0089983 -0.4536768
0.0324684 -0.3879765
0.0603649 -0.4579057
0.1277414 -0.4610409
0.1431411 -0.3875357
0.1870226 -0.4356069
0.2513672 -0.4292350
0.2536837 -0.3559115
0.3152647 -0.3683561
0.3650440 -0.3529941
0.3516981 -0.2890594
0.4270782 -0.2577017
0.4544164 -0.2328175
0.4216699 -0.1909529
0.5055519 -0.1132448
0.5025199 -0.0799983
0.4508867 -0.0698147
0.5319483 0.0434069
0.4989197 0.0838296
0.4329990 0.0608797
0.4973682 0.1863640
0.4423588 0.2319558
0.3725748 0.1804142
0.4123257 0.2976061
0.3455974 0.3414076
0.2841452 0.2723118
0.2943687 0.3686879
0.2287620 0.4024478
0.1812233 0.3298135
0.1661497 0.3978455
0.1081039 0.4187011
0.0791514 0.3513193
0.0467226 0.3908243
-0.0015836 0.3988823
-0.0110407 0.3418820
-0.0565349 0.3582386
-0.0918103 0.3539719
-0.0873144 0.3105839
-0.1381488 0.3082744
-0.1631162 0.2952998
-0.1471651 0.2638772
-0.1975116 0.2483180
-0.2148675 0.2296167
-0.1911613 0.2080932
-0.2386861 0.1843741
-0.2502055 0.1614263
-0.2231424 0.1485183
-0.2595167 0.1187283
-0.2767859 0.0935652
-0.2460729 0.0869322
-0.2391806 0.0532699
-0.3176148 0.0225739
-0.2875680 0.0209555
0.0000000 0.0000000
0.0000000 0.0000000
-0.3172894 -0.0171154
-0.2833935 -0.0149810
-0.2480786 -0.0549542
-0.2757344 -0.0762639
-0.2499702 -0.0692860
-0.2639573 -0.1129724
-0.2548997 -0.1340361
-0.2293746 -0.1215491
-0.2448814 -0.1706975
-0.2256279 -0.1906618
-0.2001573 -0.1717512
-0.2121569 -0.2267387
-0.1840519 -0.2445825
-0.1604812 -0.2185120
-0.1650733 -0.2774905
-0.1300039 -0.2931149
-0.1068630 -0.2581623
-0.1030558 -0.3187737
-0.0610147 -0.3307095
-0.0397052 -0.2871341
-0.0279135 -0.3450412
0.0205805 -0.3515723
0.0363233 -0.3015133
0.0601918 -0.3485150
0.1091098 -0.3498791
0.1185056 -0.2954988
0.1545728 -0.3244606
0.1987579 -0.3189837
0.1985486 -0.2664435
0.2453730 -0.2710201
0.2793486 -0.2576602
0.2668743 -0.2146202
0.3227232 -0.1886298
0.3406991 -0.1694460
0.3151946 -0.1411081
0.3750997 -0.0851023
0.3732424 -0.0602725
0.3353355 -0.0528238
0.3930386 0.0247054
0.3709440 0.0553389
0.3248861 0.0398090
0.3713965 0.1278285
0.3347138 0.1604066
0.2852502 0.1266284
0.3150365 0.2117985
0.2697999 0.2428470
0.2243187 0.1962579
0.2363216 0.2684227
0.1881180 0.2944570
0.1529669 0.2421436
0.1460579 0.2974186
0.1023019 0.3142987
0.0778520 0.2643139
0.0569470 0.3002075
0.0194631 0.3079646
0.0078591 0.2636642
-0.0219048 0.2812846
-0.0526588 0.2809508
-0.0517619 0.2442346
-0.0886881 0.2476307
-0.1106048 0.2395359
-0.1017919 0.2119802
-0.1403289 0.2035404
-0.1558865 0.1901519
-0.1399013 0.1703258
-0.1766838 0.1529291
-0.1882558 0.1360299
-0.1672916 0.1229142
-0.1975248 0.0992854
-0.2119154 0.0794391
-0.1876455 0.0725953
-0.1844508 0.0443155
-0.2457179 0.0187343
-0.2206479 0.0170118
0.0000000 0.0000000
0.0000000 0.0000000
-0.2545807 -0.0144011
-0.2262478 -0.0125463
-0.1992858 -0.0467626
-0.2207196 -0.0644764
-0.1983383 -0.0578502
-0.2110703 -0.0954086
-0.2017772 -0.1125886
-0.1805788 -0.1012563
-0.1938378 -0.1424835
-0.1765562 -0.1587994
-0.1554638 -0.1417908
-0.1638342 -0.1862846
-0.1409944 -0.2008441
-0.1204427 -0.1778945
-0.1243512 -0.2246938
-0.0948230 -0.2363560
-0.0771487 -0.2077714
-0.0733977 -0.2533607
-0.0401813 -0.2623415
-0.0241412 -0.2275130
-0.0124869 -0.2686791
0.0230874 -0.2735570
0.0353479 -0.2346696
0.0542085 -0.2673791
0.0905522 -0.2668852
0.0958516 -0.2273409
0.1241451 -0.2451694
0.1556523 -0.2403996
0.1541217 -0.2024554
0.1901868 -0.2021673
0.2134718 -0.1919483
0.2033285 -0.1611335
0.2445558 -0.1412740
0.2568220 -0.1253155
0.2373521 -0.1065008
0.2809280 -0.0658215
0.2799087 -0.0467958
0.2520667 -0.0412436
0.2932207 0.0143402
0.2788737 0.0366960
0.2453602 0.0270711
0.2798462 0.0890122
0.2542325 0.1138218
0.2194513 0.0902781
0.2422545 0.1525607
0.2107802 0.1753842
0.1773470 0.1433601
0.1874190 0.1983888
0.1533304 0.2175762
0.1259781 0.1807355
0.1243785 0.2236976
0.0906379 0.2379333
0.0721990 0.2001941
0.0587620 0.2306896
0.0298890 0.2377301
0.0189047 0.2037895
-0.0020598 0.2209325
-0.0262477 0.2216829
-0.0281784 0.1926348
-0.0538648 0.1975341
-0.0731500 0.1930193
-0.0671836 0.1694765
-0.0965331 0.1649994
-0.1097384 0.1553700
-0.0989075 0.1382936
-0.1277535 0.1256625
-0.1375375 0.1126177
-0.1217734 0.1009923
-0.1458456 0.0818730
-0.1578036 0.0663226
-0.1381554 0.0597811
-0.1378581 0.0363692
-0.1843248 0.0151631
-0.1636048 0.0135699
0.0000000 0.0000000
0.0000000 0.0000000
-0.2015662 -0.0122027
-0.1783876 -0.0107457
-0.1584605 -0.0394127
-0.1746619 -0.0540796
-0.1561879 -0.0482833
-0.1665383 -0.0794983
-0.1589174 -0.0937585
-0.1404560 -0.0836183
-0.1520448 -0.1178148
-0.1366447 -0.1307742
-0.1197820 -0.1164805
-0.1268730 -0.1521908
-0.1077026 -0.1639199
-0.0912049 -0.1446460
-0.0928442 -0.1807256
-0.0702764 -0.1902458
-0.0550131 -0.1665293
-0.0524813 -0.2014094
-0.0257840 -0.2076103
-0.0142769 -0.1807753
-0.0047452 -0.2104654
0.0223405 -0.2139906
0.0310686 -0.1841701
0.0472638 -0.2061178
0.0730822 -0.2058102
0.0773270 -0.1758230
0.0987082 -0.1877044
0.1218957 -0.1826597
0.1196077 -0.1558761
0.1468513 -0.1537218
0.1635869 -0.1455310
0.1553276 -0.1232737
0.1861567 -0.1068950
0.1946695 -0.0949355
0.1801169 -0.0809281
0.2120257 -0.0519033
0.2113216 -0.0361800
0.1911508 -0.0328382
0.2210891 0.0074075
0.2115758 0.0244385
0.1871217 0.0183279
0.2120769 0.0638436
0.1948127 0.0819449
0.1692448 0.0664058
0.1872397 0.1114283
0.1643632 0.1294794
0.1406952 0.1063662
0.1490642 0.1480357
0.1247497 0.1627276
0.1038463 0.1365112
0.1036326 0.1705121
0.0791547 0.1814294
0.0641954 0.1541204
0.0566058 0.1782341
0.0336851 0.1850795
0.0254736 0.1587449
0.0106023 0.1737543
-0.0079446 0.1751515
-0.0109948 0.1526169
-0.0297395 0.1581353
-0.0448692 0.1551139
-0.0415141 0.1365349
-0.0627456 0.1334982
-0.0742098 0.1268628
-0.0658095 0.1124153
-0.0883397 0.1028141
-0.0960857 0.0926438
-0.0842731 0.0829207
-0.1034958 0.0675210
-0.1126593 0.0548618
-0.0969498 0.0493666
-0.0985689 0.0298580
-0.1325899 0.0122237
-0.1153293 0.0108396
0.0000000 0.0000000
0.0000000 0.0000000
-0.1578433 -0.0105723
-0.1390456 -0.0094347
-0.1243905 -0.0330838
-0.1362869 -0.0450996
-0.1214825 -0.0403762
-0.1305471 -0.0660247
-0.1237921 -0.0777838
-0.1088610 -0.0692701
-0.1175038 -0.0967049
-0.1056915 -0.1075323
-0.0908562 -0.0953057
-0.0973701 -0.1240573
-0.0810504 -0.1330603
-0.0683969 -0.1177004
-0.0700254 -0.1456498
-0.0518476 -0.1532255
-0.0399527 -0.1341836
-0.0365908 -0.1599871
-0.0170729 -0.1651909
-0.0070163 -0.1436570
-0.0001814 -0.1659382
0.0210977 -0.1677551
0.0268266 -0.1456082
0.0394104 -0.1608276
0.0588323 -0.1603696
0.0614629 -0.1377862
0.0788293 -0.1446793
0.0950265 -0.1409897
0.0935309 -0.1206611
0.1138420 -0.1186597
0.1262308 -0.1110923
0.1194237 -0.0957287
0.1424320 -0.0827258
0.1488857 -0.0732566
0.1376296 -0.0629010
0.1613705 -0.0405270
0.1610203 -0.0287592
0.1460859 -0.0255280
0.1684088 0.0032023
0.1616390 0.0173274
0.1441110 0.0125546
0.1625674 0.0461295
0.1508981 0.0600534
0.1317936 0.0495502
0.1453003 0.0835708
0.1294460 0.0970001
0.1116387 0.0812746
0.1193697 0.1120097
0.1011686 0.1243000
0.0862088 0.1048693
0.0867771 0.1312625
0.0692238 0.1400904
0.0570550 0.1202850
0.0522951 0.1398402
0.0354776 0.1453642
0.0284204 0.1260776
0.0190672 0.1378189
0.0042389 0.1401053
0.0020063 0.1224301
-0.0117282 0.1273635
-0.0229705 0.1255141
-0.0214866 0.1111751
-0.0370568 0.1091625
-0.0458320 0.1040357
-0.0396998 0.0928367
-0.0563255 0.0847021
-0.0626972 0.0768739
-0.0530938 0.0689164
-0.0684999 0.0561549
-0.0750145 0.0456558
-0.0624566 0.0412959
-0.0657723 0.0250425
-0.0890881 0.0100054
-0.0745807 0.0089584
0.0000000 0.0000000
0.0000000 0.0000000
-0.1222241 -0.0093644
-0.1073099 -0.0084921
-0.0962599 -0.0276721
-0.1054889 -0.0377907
-0.0930974 -0.0337655
-0.1009169 -0.0548305
-0.0947436 -0.0643454
-0.0831400 -0.0575577
-0.0904817 -0.0796062
-0.0806899 -0.0885200
-0.0689463 -0.0785377
-0.0731655 -0.1008489
-0.0611953 -0.1084998
-0.0498907 -0.0957592
-0.0520580 -0.1177991
-0.0370023 -0.1233148
-0.0283142 -0.1087424
-0.0260483 -0.1281600
-0.0107005 -0.1322303
-0.0031557 -0.1154311
0.0033350 -0.1311836
0.0183950 -0.1329728
0.0237536 -0.1155031
0.0328207 -0.1268239
0.0479441 -0.1254722
0.0491532 -0.1091803
0.0622865 -0.1133879
0.0745875 -0.1102947
0.0729200 -0.0950728
0.0890195 -0.0920826
0.0975942 -0.0864967
0.0926587 -0.0745578
0.1098992 -0.0650200
0.1147932 -0.0565018
0.1060392 -0.0495931
0.1237797 -0.0325560
0.1240863 -0.0231618
0.1124375 -0.0204436
0.1293653 0.0016510
0.1247669 0.0122909
0.1115835 0.0097284
0.1260573 0.0340049
0.1175472 0.0458161
0.1036583 0.0379263
0.1140429 0.0635127
0.1033027 0.0741618
0.0893026 0.0633036
0.0957896 0.0870815
0.0829493 0.0965445
0.0712520 0.0831471
0.0733711 0.1027905
0.0600557 0.1107719
0.0511106 0.0958919
0.0482454 0.1112043
0.0364509 0.1160899
0.0299359 0.1020914
0.0240352 0.1115992
0.0132594 0.1137175
0.0109322 0.1009024
0.0021513 0.1042134
-0.0065518 0.1036691
-0.0054250 0.0926094
-0.0167346 0.0906667
-0.0227170 0.0868368
-0.0186535 0.0785347
-0.0306498 0.0714961
-0.0351950 0.0649448
-0.0274675 0.0590914
-0.0391808 0.0478710
-0.0437363 0.0389410
-0.0330962 0.0355788
-0.0380966 0.0217304
-0.0523869 0.0085823
-0.0399426 0.0079011
0.0000000 0.0000000
0.0000000 0.0000000
-0.0933576 -0.0083258
-0.0815928 -0.0076191
-0.0738515 -0.0232763
-0.0805469 -0.0318076
-0.0707512 -0.0285064
-0.0765337 -0.0454117
-0.0720968 -0.0535609
-0.0620726 -0.0478193
-0.0684763 -0.0657269
-0.0599997 -0.0728165
-0.0512116 -0.0651280
-0.0549362 -0.0826587
-0.0452428 -0.0890045
-0.0365270 -0.0788911
-0.0371717 -0.0953948
-0.0266032 -0.1002835
-0.0186591 -0.0884544
-0.0177020 -0.1035395
-0.0052148 -0.1061894
-0.0000497 -0.0937882
0.0045842 -0.1052666
0.0163211 -0.1066074
0.0200582 -0.0932133
0.0279720 -0.1005703
0.0383802 -0.0998473
0.0400048 -0.0869833
0.0495833 -0.0901488
0.0591517 -0.0867044
0.0572751 -0.0759811
0.0693147 -0.0730648
0.0760690 -0.0683986
0.0717491 -0.0593471
0.0853578 -0.0510483
0.0886718 -0.0446359
0.0821584 -0.0388306
0.0957310 -0.0264280
0.0960976 -0.0179517
0.0871552 -0.0164084
0.0999466 0.0004130
0.0972991 0.0090937
0.0866661 0.0076591
0.0981284 0.0265888
0.0922083 0.0356806
0.0815024 0.0307540
0.0904252 0.0495252
0.0824958 0.0589467
0.0720447 0.0507997
0.0774345 0.0690031
0.0689059 0.0769037
0.0590110 0.0675767
0.0617630 0.0830371
0.0523801 0.0895587
0.0450138 0.0793295
0.0446450 0.0905894
0.0358753 0.0956418
0.0307625 0.0852338
0.0272111 0.0924270
0.0202726 0.0948335
0.0172341 0.0858167
0.0121427 0.0880669
0.0062997 0.0880682
0.0066390 0.0804629
-0.0002015 0.0777300
-0.0042180 0.0752491
-0.0011754 0.0692671
-0.0094037 0.0625029
-0.0118305 0.0569880
-0.0060052 0.0530623
-0.0143998 0.0428471
-0.0170993 0.0345830
-0.0078388 0.0324167
-0.0141313 0.0200781
-0.0209379 0.0079590
-0.0095575 0.0075080
0.0000000 0.0000000
0.0000000 0.0000000
-0.0704166 -0.0074379
-0.0608411 -0.0067716
-0.0557509 -0.0196324
-0.0602044 -0.0267490
-0.0525462 -0.0241865
-0.0576320 -0.0379641
-0.0538482 -0.0448933
-0.0459694 -0.0402599
-0.0503515 -0.0543374
-0.0444632 -0.0606307
-0.0365895 -0.0542021
-0.0401577 -0.0683217
-0.0319521 -0.0732559
-0.0257300 -0.0656813
-0.0266585 -0.0783881
-0.0182041 -0.0824815
-0.0123581 -0.0732805
-0.0105650 -0.0841282
-0.0021024 -0.0867329
0.0027397 -0.0767644
0.0057540 -0.0855869
0.0151105 -0.0859852
0.0172367 -0.0763725
0.0230276 -0.0813787
0.0311688 -0.0806679
0.0318562 -0.0709436
0.0399914 -0.0721248
0.0463897 -0.0696698
0.0452705 -0.0611182
0.0543102 -0.0588968
0.0595626 -0.0542093
0.0557304 -0.0480535
0.0659854 -0.0412235
0.0689204 -0.0357882
0.0632220 -0.0312910
0.0741412 -0.0209321
0.0742719 -0.0143351
0.0673546 -0.0125088
0.0776189 -0.0000917
0.0757591 0.0078558
0.0674858 0.0064940
0.0763969 0.0211015
0.0728566 0.0287824
0.0637322 0.0256003
0.0714345 0.0404939
0.0658811 0.0480766
0.0575237 0.0428692
0.0630210 0.0563670
0.0567990 0.0637998
0.0490597 0.0569206
0.0518783 0.0688518
0.0460375 0.0747950
0.0390866 0.0678495
0.0403842 0.0766863
0.0345229 0.0813237
0.0299009 0.0744823
0.0292227 0.0792763
0.0246792 0.0825470
0.0217194 0.0763290
0.0193497 0.0772176
0.0166889 0.0782176
0.0154672 0.0735617
0.0126573 0.0700615
0.0110356 0.0686214
0.0125841 0.0653069
0.0088274 0.0578289
0.0081767 0.0533501
0.0125098 0.0511599
0.0074695 0.0410615
0.0067122 0.0328575
0.0148707 0.0317063
0.0075522 0.0202722
0.0071496 0.0080077
0.0187644 0.0078170
0.0000000 0.0000000
0.0000000 0.0000000
-0.0520164 -0.0066601
-0.0441207 -0.0060442
-0.0410126 -0.0165563
-0.0443406 -0.0228189
-0.0376066 -0.0205896
-0.0423150 -0.0319974
-0.0388236 -0.0377758
-0.0327431 -0.0342637
-0.0368113 -0.0456322
-0.0319958 -0.0510662
-0.0258702 -0.0459776
-0.0280489 -0.0568006
-0.0226089 -0.0613909
-0.0168212 -0.0551469
-0.0181803 -0.0652970
-0.0112248 -0.0683936
-0.0072611 -0.0617029
-0.0063281 -0.0698369
0.0003659 -0.0720141
0.0036092 -0.0644031
0.0068021 -0.0702702
0.0129524 -0.0710264
0.0150565 -0.0633737
0.0192482 -0.0671033
0.0256052 -0.0658510
0.0253320 -0.0590758
0.0314324 -0.0593506
0.0365005 -0.0571287
0.0348129 -0.0507073
0.0425524 -0.0478556
0.0459336 -0.0442448
0.0428701 -0.0391949
0.0510138 -0.0339165
0.0532733 -0.0285625
0.0482277 -0.0256409
0.0567404 -0.0172600
0.0573953 -0.0114987
0.0510283 -0.0099202
0.0597809 0.0004146
0.0583618 0.0068838
0.0515535 0.0065174
0.0594042 0.0175185
0.0568479 0.0247723
0.0493747 0.0223040
0.0558315 0.0339876
0.0526244 0.0407169
0.0448713 0.0373310
0.0504631 0.0482534
0.0461990 0.0546590
0.0395419 0.0503279
0.0434586 0.0592738
0.0394495 0.0653336
0.0334408 0.0604571
0.0356208 0.0672453
0.0326499 0.0720896
0.0274242 0.0678809
0.0290412 0.0713677
0.0268152 0.0751916
0.0233485 0.0718352
0.0241835 0.0712299
0.0238716 0.0738866
0.0214376 0.0717520
0.0221309 0.0669606
0.0237929 0.0674259
0.0226645 0.0668039
0.0240810 0.0578424
0.0262296 0.0546895
0.0279102 0.0546802
0.0284023 0.0432528
0.0294028 0.0343521
0.0364728 0.0340558
0.0293992 0.0229745
0.0336590 0.0081655
0.0485828 0.0082301
0.0000000 0.0000000
0.0000000 0.0000000
-0.0368235 -0.0058915
-0.0300956 -0.0053810
-0.0293417 -0.0141494
-0.0313852 -0.0197387
-0.0257050 -0.0180001
-0.0296346 -0.0271464
-0.0274165 -0.0324704
-0.0216897 -0.0295422
-0.0257293 -0.0389014
-0.0217122 -0.0434828
-0.0169640 -0.0397361
-0.0195061 -0.0483738
-0.0151652 -0.0524435
-0.0107035 -0.0475836
-0.0114115 -0.0551402
-0.0070126 -0.0582194
-0.0032236 -0.0527224
-0.0030988 -0.0591927
0.0021618 -0.0607149
0.0041377 -0.0552294
0.0061644 -0.0595140
0.0109508 -0.0601027
0.0119377 -0.0542189
0.0158276 -0.0562488
0.0198335 -0.0554940
0.0196103 -0.0499637
0.0243422 -0.0500606
0.0281806 -0.0475450
0.0259987 -0.0430853
0.0320314 -0.0403787
0.0348125 -0.0370395
0.0313039 -0.0331310
0.0384876 -0.0280913
0.0398151 -0.0236807
0.0353435 -0.0210573
0.0426991 -0.0144798
0.0431889 -0.0087945
0.0373620 -0.0078634
0.0446381 0.0005608
0.0441740 0.0064567
0.0374464 0.0064436
0.0448090 0.0157186
0.0429873 0.0219377
0.0363553 0.0206276
0.0428647 0.0297376
0.0405904 0.0363202
0.0336988 0.0337992
0.0390327 0.0426593
0.0367880 0.0487096
0.0299756 0.0459297
0.0348117 0.0534813
0.0322958 0.0591685
0.0265776 0.0562145
0.0303300 0.0615602
0.0287583 0.0669955
0.0235355 0.0643510
0.0264864 0.0671140
0.0265852 0.0719363
0.0218968 0.0705949
0.0252388 0.0695844
0.0272944 0.0741103
0.0233626 0.0744975
0.0276311 0.0683937
0.0329250 0.0724120
0.0287177 0.0748143
0.0356601 0.0628325
0.0435502 0.0638387
0.0392681 0.0670596
0.0497258 0.0512549
0.0549686 0.0421152
0.0561780 0.0419935
0.0580546 0.0313098
0.0604554 0.0049901
0.0821444 0.0000612
0.0000000 0.0000000
0.0000000 0.0000000
-0.0242023 -0.0053147
-0.0179372 -0.0048979
-0.0194664 -0.0123024
-0.0203087 -0.0174010
-0.0153726 -0.0161282
-0.0196055 -0.0237441
-0.0178615 -0.0286776
-0.0129320 -0.0262060
-0.0164594 -0.0338199
-0.0141153 -0.0382708
-0.0094247 -0.0348512
-0.0124029 -0.0422818
-0.0091113 -0.0457876
-0.0055739 -0.0418004
-0.0071438 -0.0482120
-0.0038617 -0.0510221
-0.0009668 -0.0462306
-0.0009100 -0.0513823
0.0022023 -0.0530900
0.0041384 -0.0479940
0.0051590 -0.0519105
0.0086413 -0.0520800
0.0088640 -0.0472324
0.0114404 -0.0490959
0.0144433 -0.0483018
0.0135087 -0.0434365
0.0176283 -0.0433072
0.0198747 -0.0412760
0.0177559 -0.0369827
0.0227189 -0.0351980
0.0246769 -0.0316811
0.0209620 -0.0284676
0.0268264 -0.0245448
0.0280804 -0.0203312
0.0232131 -0.0178139
0.0299612 -0.0122243
0.0301159 -0.0072000
0.0245916 -0.0058426
0.0314599 0.0007447
0.0311289 0.0066132
0.0247416 0.0065992
0.0314049 0.0142469
0.0306542 0.0201752
0.0237767 0.0193744
0.0304530 0.0273579
0.0289113 0.0333782
0.0223684 0.0316571
0.0283677 0.0392403
0.0268906 0.0453132
0.0204123 0.0428493
0.0255432 0.0498754
0.0245090 0.0555615
0.0183109 0.0531072
0.0231804 0.0588136
0.0225413 0.0643547
0.0172073 0.0622017
0.0215692 0.0658032
0.0225261 0.0715771
0.0174524 0.0704220
0.0218866 0.0710658
0.0257025 0.0776564
0.0205303 0.0788508
0.0265303 0.0741310
0.0355707 0.0832213
0.0288691 0.0883960
0.0393229 0.0736103
0.0580509 0.0861667
0.0442739 0.0951245
0.0679579 0.0668302
0.0939360 0.0714782
0.0657312 0.0693295
0.1070290 0.0506294
0.1170215 0.0034575
0.0836634 -0.0620810
0.0000000 0.0000000
0.0000000 0.0000000
-0.0130609 -0.0050162
-0.0070153 -0.0046798
-0.0107945 -0.0110378
-0.0109507 -0.0161240
-0.0062855 -0.0137947
-0.0107064 -0.0215862
-0.0094308 -0.0263185
-0.0051576 -0.0221434
-0.0090390 -0.0308922
-0.0075118 -0.0352819
-0.0034729 -0.0291930
-0.0064085 -0.0384982
-0.0047842 -0.0421818
-0.0013506 -0.0345961
-0.0035570 -0.0441252
-0.0014864 -0.0467231
0.0007637 -0.0381852
-0.0002101 -0.0471488
0.0017865 -0.0487858
0.0030721 -0.0394899
0.0035535 -0.0474087
0.0053316 -0.0478341
0.0054470 -0.0384810
0.0070583 -0.0450861
0.0089065 -0.0440591
0.0074925 -0.0353069
0.0104022 -0.0398909
0.0119188 -0.0377871
0.0092675 -0.0298435
0.0135217 -0.0321974
0.0145000 -0.0289501
0.0107522 -0.0224754
0.0159177 -0.0226480
0.0166605 -0.0182135
0.0116872 -0.0137104
0.0175249 -0.0113479
0.0178838 -0.0062829
0.0120307 -0.0037368
0.0185698 0.0009534
0.0183025 0.0065798
0.0120530 0.0068299
0.0187490 0.0134608
0.0182577 0.0195393
0.0115711 0.0174200
0.0180402 0.0259393
0.0174618 0.0319456
0.0107075 0.0278032
0.0170980 0.0377394
0.0162280 0.0436562
0.0098975 0.0376081
0.0157467 0.0484602
0.0151396 0.0542818
0.0091039 0.0466717
0.0143402 0.0581904
0.0143762 0.0638372
0.0087890 0.0552695
0.0137648 0.0669706
0.0146201 0.0728880
0.0095779 0.0639076
0.0144122 0.0752490
0.0172584 0.0823889
0.0124808 0.0741746
0.0174402 0.0836912
0.0255281 0.0956345
0.0207988 0.0920873
0.0258075 0.0911048
0.0549343 0.1225616
0.0399268 0.1307031
0.0537533 0.0888490
0.1554484 0.1722801
0.0372558 0.1386335
0.1257558 0.0490541
0.4320439 0.2062322
-0.0974346 -0.2288296
0.0000000 0.0000000
0.0000000 0.0000000
-0.0016309 -0.0055720
0.0000000 0.0000000
-0.0021492 -0.0112113
-0.0017778 -0.0172796
0.0000000 0.0000000
-0.0018199 -0.0220675
-0.0014389 -0.0281499
0.0000000 0.0000000
-0.0013759 -0.0320837
-0.0008659 -0.0375083
0.0000000 0.0000000
-0.0007996 -0.0403788
-0.0002497 -0.0448698
0.0000000 0.0000000
0.0000320 -0.0464081
0.0005828 -0.0496554
0.0000000 0.0000000
0.0008583 -0.0498981
0.0014777 -0.0516480
0.0000000 0.0000000
0.0017273 -0.0504891
0.0022868 -0.0507045
0.0000000 0.0000000
0.0026866 -0.0480709
0.0031506 -0.0466591
0.0000000 0.0000000
0.0035232 -0.0428510
0.0039399 -0.0398092
0.0000000 0.0000000
0.0042122 -0.0349411
0.0045134 -0.0305109
0.0000000 0.0000000
0.0048396 -0.0247614
0.0049730 -0.0190851
0.0000000 0.0000000
0.0052640 -0.0129044
0.0052918 -0.0062392
0.0000000 0.0000000
0.0054030 0.0001376
0.0053353 0.0073745
0.0000000 0.0000000
0.0054385 0.0137251
0.0052185 0.0212575
0.0000000 0.0000000
0.0052912 0.0272012
0.0050343 0.0347644
0.0000000 0.0000000
0.0049050 0.0402175
0.0046700 0.0475079
0.0000000 0.0000000
0.0045091 0.0524617
0.0042666 0.0593704
0.0000000 0.0000000
0.0041048 0.0638151
0.0040900 0.0704883
0.0000000 0.0000000
0.0037671 0.0747892
0.0040992 0.0814462
0.0000000 0.0000000
0.0038922 0.0864558
0.0041167 0.0929012
0.0000000 0.0000000
0.0041174 0.1014353
0.0008819 0.1058686
0.0000000 0.0000000
-0.0040288 0.1211056
-0.0007848 0.1490963
0.0000000 0.0000000
-0.0657121 0.1090773
0.2016188 0.4519682
0.0000000 0.0000000
-0.2323234 -0.0873509
1.3572009 1.3614314
0.0000000 0.0000000
0.0000000 0.0000000
-9.546937
-10.30708
-11.4739
-13.3423
-16.10154
-20.06026
-25.80963
-34.49243
-48.3941
-71.44873
-108.8023
-167.6455
-223.066
-194.4213
-189.1278
-94.27239
-72.24855
-50.83769
-36.87077
-28.48808
-23.12856
-19.57619
-17.24473
-15.79766
-15.04806
-14.91361
-9.922833
-10.26471
-11.33568
-13.11944
-15.75523
-19.53292
-25.02257
-33.3813
-47.14124
-70.9921
-112.2202
-202.4836
-173.339
-212.6519
-227.1022
-110.6274
-71.78238
-50.36017
-36.33247
-27.89951
-22.64884
-19.21411
-16.96022
-15.55637
-14.81521
-14.65586
-9.481813
-9.761428
-10.67886
-12.25048
-14.5816
-17.92937
-22.85344
-30.62607
-44.57026
-74.24718
-131.8501
-199.915
-158.0904
-209.6612
-261.8236
-163.2945
-75.95585
-46.92456
-33.44427
-25.67975
-20.93845
-17.89708
-15.92285
-14.69783
-14.04977
-13.91058
-8.569558
-8.812955
-9.559319
-10.84169
-12.73194
-15.41026
-19.30533
-25.51818
-36.95422
-66.15265
-150.6121
-247.2252
-129.0018
-64.24965
-249.0842
-189.5682
-84.02681
-43.32435
-28.74451
-21.9187
-18.11253
-15.75543
-14.24358
-13.31028
-12.81972
-12.71939
-7.295046
-7.492578
-8.051235
-8.993988
-10.3471
-12.19298
-14.74403
-18.55123
-24.81607
-36.79197
-115.2539
-165.7948
-16.82715
-26.53772
-109.948
-127.8776
-45.95713
-27.97678
-20.52159
-16.67001
-14.43587
-13.01164
-12.08331
-11.50883
-11.21061
-11.16039
-5.747851
-5.895794
-6.26308
-6.850728
-7.63169
-8.574298
-9.625789
-10.94276
-13.70633
-10.15807
-2.805169
-26.54432
1.206189
45.6127
-0.1154114
-16.03889
-15.3835
-12.81806
-11.77857
-11.0035
-10.40849
-9.961224
-9.642138
-9.436757
-9.333716
-9.339954
-4.035225
-4.133908
-4.326007
-4.587936
-4.852448
-5.01034
-4.862917
-3.882869
-2.299262
1.325205
9.954168
13.77052
42.53401
47.2557
33.90733
17.23247
4.03261
-1.551541
-4.355138
-5.785985
-6.519187
-6.907891
-7.123365
-7.248582
-7.324341
-7.379951
-2.271573
-2.32833
-2.383433
-2.395225
-2.27818
-1.896563
-1.050612
0.6451241
3.494488
7.104971
13.39264
20.24355
33.01757
36.5482
31.96654
21.1233
11.64107
5.056332
0.9736726
-1.551909
-3.109331
-4.081297
-4.696075
-5.078856
-5.29686
-5.39117
-0.5587115
-0.5884647
-0.5475015
-0.3940326
-0.04570047
0.6207882
1.765499
3.591576
6.331303
10.04852
15.11748
20.50693
26.15359
27.95108
25.54506
19.75075
13.44398
8.16816
4.274504
1.535837
-0.3486508
-1.625979
-2.479143
-3.027587
-3.341433
-3.461585
1.034369
1.019541
1.115188
1.35639
1.810869
2.574376
3.760031
5.483804
7.847842
10.84654
14.41392
18.0099
21.04205
22.09367
20.67092
17.31895
13.22081
9.348011
6.126805
3.625251
1.759117
0.4092019
-0.5344323
-1.158383
-1.520005
-1.652632
2.465897
2.455813
2.572696
2.84254
3.316738
4.062702
5.153698
6.649529
8.579564
10.87958
13.37704
15.70778
17.46536
18.05522
17.18308
15.10771
12.39826
9.612778
7.09409
4.989713
3.319253
2.048235
1.12493
0.4991134
0.131436
-0.0001220437
3.714968
3.702084
3.817274
4.077923
4.519863
5.188345
6.125222
7.355429
8.865827
10.57264
12.31719
13.85677
14.93708
15.26734
14.69608
13.34241
11.50149
9.496991
7.575443
5.87953
4.468967
3.353773
2.519038
1.941366
1.599221
1.480909
4.774785
4.755336
4.856038
5.087544
5.473711
6.041352
6.811409
7.786696
8.937522
10.18547
11.40763
12.44353
13.13272
13.31814
12.92134
12.00069
10.71756
9.265499
7.81406
6.480601
5.332236
4.397969
3.682864
3.181043
2.883713
2.787723
5.647226
5.621436
5.703821
5.90033
6.225489
6.693112
7.309734
8.066387
8.929251
9.835239
10.69426
11.39986
11.84889
11.95107
11.66296
11.01609
10.10285
9.042671
7.950618
6.917177
6.003751
5.24426
4.654137
4.237063
3.992649
3.923179
6.339658
6.311506
6.378902
6.543781
6.814146
7.195129
7.684208
8.266938
8.911361
9.568894
10.17545
10.66014
10.95581
11.00824
10.79217
10.3258
9.664517
8.883858
8.061984
7.266743
6.548966
5.94236
5.465864
5.129095
4.935862
4.892035
6.865028
6.84137
6.900595
7.042257
7.269349
7.581452
7.971518
8.423306
8.909292
9.391621
9.825465
10.16253
10.35945
10.38235
10.21656
9.872938
9.386038
8.804908
8.182937
7.569748
7.006689
6.523892
6.141852
5.872799
5.723123
5.700171
7.242069
7.229352
7.288451
7.416571
7.613092
7.874026
8.190795
8.547727
8.921588
9.28407
9.602126
9.843149
9.977952
9.985285
9.856323
9.598217
9.233142
8.793808
8.317151
7.839646
7.394084
7.006901
6.698183
6.48147
6.36449
6.355429
7.494965
7.496924
7.561563
7.684246
7.861386
8.086984
8.351462
8.641238
8.937595
9.218532
9.46037
9.639929
9.737263
9.738336
9.637806
9.440716
9.161736
8.823287
8.451733
8.07409
7.7164
7.401198
7.147021
6.967671
6.871954
6.868836
7.65128
7.667459
7.738894
7.860508
8.026311
8.228641
8.457774
8.701652
8.945139
9.171576
9.363288
9.503827
9.579162
9.579607
9.501748
9.34912
9.132055
8.866399
8.571413
8.267496
7.975366
7.713718
7.499072
7.344757
7.260348
7.255607
7.738209
7.765101
7.841169
7.961529
8.11931
8.306025
8.511763
8.725246
8.9341
9.12511
9.284803
9.401229
9.464292
9.467157
9.407506
9.288236
9.116449
8.904009
8.66513
8.415678
8.171958
7.949638
7.763081
7.624847
7.545247
7.53458
7.779453
7.81244
7.889038
8.005381
8.154873
8.32885
8.51766
8.710798
8.897198
9.065989
9.20625
9.308929
9.366432
9.373668
9.329251
9.235138
9.097038
8.923523
8.725843
8.516405
8.308139
8.114453
7.947924
7.820666
7.743678
7.726498
7.793162
7.82804
7.901597
8.011098
8.150381
8.311729
8.486242
8.663854
8.834826
8.989276
9.118048
9.213499
9.269497
9.282327
9.250471
9.175871
9.062891
8.918256
8.750827
8.570703
8.388682
8.21608
8.064186
7.944874
7.870461
7.851142
7.791402
7.825492
7.894228
7.99533
8.123635
8.272377
8.433513
8.597902
8.756622
8.900804
9.022058
9.113541
9.170068
9.18811
9.166668
9.106985
9.012756
8.88953
8.744658
8.586706
8.424589
8.267788
8.125739
8.009493
7.935
7.925535
7.781345
7.813707
7.877664
7.971086
8.089542
8.22713
8.376708
8.530083
8.67897
8.815099
8.930937
9.019924
9.077131
9.099474
9.085789
9.037035
8.956449
8.848865
8.720666
8.579115
8.432053
8.286656
8.149259
8.026278
7.93519
7.914819
7.765231
7.797462
7.858254
7.946582
8.058329
8.188354
8.330234
8.476289
8.618548
8.749623
8.861983
8.949467
9.007422
9.032543
9.023875
8.982094
8.910121
8.812454
8.694838
8.564188
8.427229
8.290148
8.155061
8.01573
7.8782
7.119405
7.738517
7.777032
7.837853
7.924397
8.033948
8.16177
8.301563
8.445761
8.586865
8.717244
8.829477
8.917703
8.976845
9.00378
8.997486
8.958558
8.889803
8.795671
8.682016
8.555209
8.422126
8.290059
8.167864
8.017748
7.129493
0
