0.0000000 0.0000000
0.0000000 0.0000000
0.0000000 0.0000000
0.0000000 0.0000000
0.0000000 0.0000000
0.0000000 0.0000000
0.0000000 0.0000000
0.0000000 0.0000000
0.0000000 0.0000000
0.0000000 0.0000000
0.0000000 0.0000000
0.0000000 0.0000000
0.0000000 0.0000000
0.0000000 0.0000000
0.0000000 0.0000000
0.0000000 0.0000000
0.0000000 0.0000000
0.0000000 0.0000000
0.0000000 0.0000000
0.0000000 0.0000000
0.0000000 0.0000000
0.0000000 0.0000000
0.0000000 0.0000000
0.0000000 0.0000000
0.0000000 0.0000000
0.0000000 0.0000000
0.0000000 0.0000000
-1.1550109 0.6373749
-0.8438280 1.5689348
-0.8585199 2.4193597
-0.9449952 3.3283429
-1.0298899 4.3014345
-1.1329427 5.3524208
-1.2689615 6.4986844
-1.5028100 7.7758341
-2.0489416 9.2587290
-3.3621619 11.2596560
-7.4137959 13.6967974
8.8217163 16.7755680
15.4973421 -10.9264488
-7.4943013 -7.8165784
-2.7430029 -7.4008484
-1.2397383 -5.5167298
-0.8588839 -4.6773853
-0.6962919 -3.9724262
-0.6137733 -3.3105335
-0.5755672 -2.6858819
-0.5476946 -2.0949552
-0.5206798 -1.5372818
-0.5045472 -1.0138566
-0.6211834 -0.4313587
0.0000000 0.0000000
0.0000000 0.0000000
-2.2046604 0.6770821
-1.6793997 1.5366460
-1.7609130 2.3865545
-1.8764894 3.2840259
-2.0309873 4.2494669
-2.2091162 5.2865443
-2.4299612 6.3822727
-2.7703786 7.5001345
-3.4912462 8.5313625
-5.1165390 8.7577944
2.8483207 7.8666730
16.5652637 8.8440857
29.1377449 -1.1128078
10.8033247 -4.4109573
-3.3218999 -5.4079437
-1.9347478 -4.9446664
-1.4683098 -4.3993850
-1.3359876 -3.8338852
-1.2604306 -3.2236774
-1.1947364 -2.6172380
-1.1335636 -2.0422766
-1.0776905 -1.4885852
-1.0308627 -0.9868025
-1.2664375 -0.4254494
0.0000000 0.0000000
0.0000000 0.0000000
-3.0495925 0.6655101
-2.4839904 1.4179063
-2.6164958 2.2465165
-2.7848098 3.1292000
-3.0057018 4.0958710
-3.2429771 5.1464386
-3.4925478 6.2655640
-3.7203240 7.2857213
-4.1394982 7.9486923
-4.7546973 8.0387173
-5.7365055 5.8151846
20.2286396 5.3930182
35.4176865 -8.0827551
-0.5335153 -2.7756355
-1.9424863 -5.1281986
-2.2665865 -5.2499619
-2.0360787 -4.5097284
-1.9265705 -3.8285546
-1.8927156 -3.1793759
-1.8045450 -2.5548716
-1.7013397 -1.9796858
-1.6141242 -1.4330693
-1.5385666 -0.9391216
-1.7950236 -0.4219225
0.0000000 0.0000000
0.0000000 0.0000000
-3.6855335 0.6306501
-3.2602270 1.2734525
-3.4302142 2.0367815
-3.6966312 2.8746896
-3.9986651 3.8516502
-4.2967343 4.9766841
-4.6201243 6.1806717
-4.7598386 7.6319904
-4.9560304 8.6076136
-2.6328349 7.0598893
5.1151710 -4.0518055
14.4069262 2.2987170
32.6513519 -4.1495709
3.4030206 -2.7275214
-0.4915502 -5.5616245
-2.6930285 -6.0218401
-3.0946927 -5.0679431
-2.6753898 -3.9553881
-2.5965357 -3.1533446
-2.4279201 -2.4823253
-2.2612753 -1.8915664
-2.1265028 -1.3575553
-2.0314775 -0.8743596
-2.2138855 -0.4025015
0.0000000 0.0000000
0.0000000 0.0000000
-4.1102724 0.5725814
-3.9481456 1.1075537
-4.1793208 1.7647650
-4.5691009 2.5131180
-5.0497437 3.4218848
-5.5333171 4.6031299
-5.9800272 6.1279321
-7.2230978 7.9863167
-3.0961742 6.9673390
1.0104011 4.1660829
10.5312729 -3.8290603
16.0581245 0.6069753
35.9447594 -4.3150110
7.0020108 -3.3514121
0.8537881 -5.2946725
-2.8684914 -5.9849257
-4.6369877 -5.2599754
-3.7364552 -3.9583955
-3.3985205 -3.0482502
-3.0682960 -2.3381391
-2.8046472 -1.7448344
-2.6064525 -1.2368464
-2.4874654 -0.7825784
-2.5351889 -0.3637159
0.0000000 0.0000000
0.0000000 0.0000000
-4.3506684 0.4876469
-4.4862075 0.9110247
-4.8095002 1.4386258
-5.3383203 2.0632396
-6.0678477 2.8346255
-6.9503412 3.9058733
-8.1150742 5.4468107
-6.8351793 6.4030533
-0.4740929 4.4017940
5.0020413 1.4688860
14.0757771 -3.3406045
16.9962578 -0.5283330
34.1636467 -2.7791414
8.6884699 -3.4600475
2.2813132 -4.5759778
-2.6259017 -5.1868200
-5.7379642 -4.4655704
-5.0260410 -3.5563340
-4.2182970 -2.7425833
-3.6882877 -2.0547514
-3.3064125 -1.5025960
-3.0360076 -1.0494962
-2.8760595 -0.6542884
-2.7736082 -0.3050198
0.0000000 0.0000000
0.0000000 0.0000000
-4.4527860 0.3700327
-4.8520508 0.6603678
-5.2751670 1.0324169
-5.9279623 1.5068581
-6.8942552 2.1144466
-8.4251556 2.9536831
-9.5357304 3.1691935
-4.7979546 3.8607755
0.5467820 2.9792092
7.3874192 0.2157837
16.5551395 -4.1627388
21.2012882 -1.6021820
31.9783974 -3.1773839
10.4489479 -2.8765075
3.0874949 -3.6271727
-2.4309866 -3.9077499
-6.1684685 -2.9716215
-6.2072296 -2.6357527
-4.9230947 -2.1535621
-4.2121315 -1.5970693
-3.7221611 -1.1486531
-3.3850462 -0.7911407
-3.1736364 -0.4881071
-2.9403210 -0.2276196
0.0000000 0.0000000
0.0000000 0.0000000
-4.4572797 0.2194613
-5.0367785 0.3472956
-5.5278654 0.5067599
-6.2710605 0.7314144
-7.3940244 0.9770550
-9.4723721 1.4872382
-10.0936823 0.7740229
-3.4789453 1.0859693
2.3158290 0.4811836
8.0344486 -0.1037105
17.6629353 -4.7264028
28.5441341 -4.7990656
27.7671089 -3.3751092
11.5599232 -2.4240582
4.2139273 -2.6365185
-2.5076823 -2.3343937
-6.6967592 -1.7913331
-6.9103627 -1.5108420
-5.4131508 -1.3258893
-4.5768099 -0.9816421
-4.0110502 -0.7006313
-3.6252069 -0.4793060
-3.3687258 -0.2942504
-3.0415664 -0.1342737
0.0000000 0.0000000
0.0000000 0.0000000
-4.4263530 0.0566730
-5.0461764 -0.0167641
-5.5322042 -0.1028613
-6.2624373 -0.1868296
-7.3860936 -0.4186364
-9.5569487 -0.7458869
-9.7311344 -2.5012054
-3.0334790 -1.6184682
2.1655390 -1.5857503
7.9176793 -0.5836356
19.0266495 -5.5405860
30.8940735 -6.7039223
22.5244808 -3.1303842
11.1403694 -1.7689275
4.9675536 -1.7845402
-2.3393204 -1.0094770
-7.9087911 -0.2388459
-7.0369439 -0.4183806
-5.6354814 -0.3731511
-4.7515502 -0.2807363
-4.1493592 -0.2044157
-3.7405894 -0.1432251
-3.4638977 -0.0876835
-3.1011472 -0.0343802
0.0000000 0.0000000
0.0000000 0.0000000
-4.3269391 -0.1091265
-4.8675084 -0.3572985
-5.2870960 -0.6612723
-5.9054289 -1.0383111
-6.8130374 -1.7245116
-8.5781078 -2.7798612
-8.8930321 -4.5066056
-1.7212924 -4.4842415
2.9046912 -4.9188738
11.9287052 -5.0536985
19.0991859 -6.2447424
30.0500946 -6.3590455
18.2321301 -2.3379886
10.2805948 -0.5520846
4.4106374 -0.4715664
-3.3600018 0.9915653
-8.1663361 1.8137299
-6.8325601 0.9426296
-5.5490623 0.6299391
-4.6964040 0.4255075
-4.1176863 0.2849509
-3.7235527 0.1853040
-3.4552772 0.1147475
-3.0973015 0.0609255
0.0000000 0.0000000
0.0000000 0.0000000
-4.0731635 -0.2501306
-4.5212326 -0.6358796
-4.8336015 -1.1039819
-5.2705679 -1.6876887
-5.8546376 -2.6081874
-6.8660331 -3.9532545
-6.8638701 -6.5643029
-3.2106223 -7.9120660
5.0867219 -9.1922998
13.1552095 -8.3275461
17.4166260 -6.8372574
27.8271122 -4.6350746
16.5870209 -1.3536384
9.5922899 1.4244784
2.8120723 1.5569624
-4.6301198 3.2952173
-8.1598091 4.1345520
-6.3097911 2.2317238
-5.1762877 1.5114721
-4.4236288 1.0462558
-3.9186625 0.7187831
-3.5757031 0.4796889
-3.3381886 0.2970576
-2.9968638 0.1449951
0.0000000 0.0000000
0.0000000 0.0000000
-3.7036526 -0.3547173
-4.0562778 -0.8321726
-4.2452950 -1.4006131
-4.4770217 -2.1035867
-4.7416072 -3.1282833
-5.0482597 -4.5083222
-5.1430950 -6.7922020
-2.0619791 -8.1373377
3.2131071 -8.4121952
9.1610813 -6.6649456
16.4456177 -4.8789911
24.3432446 -3.4777231
13.6280661 0.9331387
8.6294031 3.9982674
2.4265180 5.5829420
-3.7668016 6.1926060
-6.6105227 4.5814295
-5.2582278 3.0669346
-4.5106268 2.1294959
-3.9657738 1.5041165
-3.5836654 1.0546615
-3.3188226 0.7141009
-3.1291778 0.4440096
-2.8141479 0.2117839
0.0000000 0.0000000
0.0000000 0.0000000
-3.2628686 -0.4188313
-3.5264075 -0.9400015
-3.6002343 -1.5428348
-3.6530175 -2.2668328
-3.6547813 -3.2411554
-3.5922511 -4.4074001
-3.2884724 -6.0652356
-1.7708688 -7.8573709
2.9198656 -8.0531607
7.2951159 -6.3417368
12.8498383 -3.9631162
18.1679382 -0.7359698
11.7235126 4.2379732
6.5539746 6.7262039
0.6239237 8.2191706
-3.3926945 8.2463388
-3.8133903 5.1159024
-3.8477268 3.5054836
-3.6320951 2.4828448
-3.3752224 1.7826118
-3.1534111 1.2725883
-2.9842272 0.8740612
-2.8509910 0.5470535
-2.5693216 0.2579229
0.0000000 0.0000000
0.0000000 0.0000000
-2.7934058 -0.4437965
-2.9812164 -0.9658866
-2.9635921 -1.5483378
-2.8822627 -2.2167306
-2.7067187 -3.0241876
-2.3839140 -3.9156771
-1.7951591 -5.0188909
-0.5936437 -6.0826216
1.9765246 -7.0503449
5.5694542 -6.4805889
9.2545891 -4.0818801
11.3167810 -0.8264303
8.8336687 4.6652203
4.5846100 7.8192096
0.3798539 8.2135639
-1.2753583 6.2895274
-2.1812122 4.7558885
-2.5926757 3.5068114
-2.7361665 2.5858107
-2.7373512 1.8977932
-2.6766801 1.3776195
-2.6054051 0.9595025
-2.5296271 0.6048451
-2.2845814 0.2831849
0.0000000 0.0000000
0.0000000 0.0000000
-2.3303580 -0.4359867
-2.4593172 -0.9257164
-2.3781707 -1.4507233
-2.2092104 -2.0224421
-1.9220248 -2.6498833
-1.4615160 -3.3000777
-0.7188063 -3.9666922
0.5199027 -4.4979787
2.1469116 -4.6619544
4.1193604 -4.1936727
6.0423970 -2.0133355
6.7699466 0.9753978
5.4895420 3.6965520
3.4343357 5.1137977
1.3089893 5.3459444
-0.2488995 4.8051157
-1.1829836 3.9931741
-1.7027119 3.1794403
-1.9946716 2.4672163
-2.1441548 1.8724809
-2.2038789 1.3874818
-2.2150493 0.9802157
-2.1899440 0.6223730
-1.9814301 0.2900535
0.0000000 0.0000000
0.0000000 0.0000000
-1.8989300 -0.4045429
-1.9853970 -0.8421903
-1.8683794 -1.2937921
-1.6556422 -1.7601947
-1.3251820 -2.2332220
-0.8296265 -2.6847160
-0.1179418 -3.0694351
0.8514093 -3.2796650
1.9621700 -3.1533527
3.1380801 -2.4958897
4.1361756 -1.1163790
4.4972076 0.7694211
3.8553581 2.1570866
2.7121980 3.2423766
1.3935541 3.6817546
0.2471561 3.5981271
-0.5820884 3.2148006
-1.1044745 2.7222557
-1.4353443 2.2175734
-1.6474916 1.7467191
-1.7733443 1.3253804
-1.8403426 0.9507670
-1.8530434 0.6085750
-1.6779971 0.2830331
0.0000000 0.0000000
0.0000000 0.0000000
-1.5147014 -0.3595118
-1.5721153 -0.7372057
-1.4422048 -1.1135842
-1.2206470 -1.4833934
-0.8945268 -1.8324451
-0.4305427 -2.1320143
0.1652620 -2.3389034
0.8834425 -2.3755457
1.6371158 -2.1661732
2.3798647 -1.5718079
2.9341898 -0.6170378
3.1263399 0.5674146
2.7721007 1.4799031
2.0761354 2.2164230
1.2368008 2.6262052
0.4287113 2.7074065
-0.2359722 2.5519075
-0.7056748 2.2663598
-1.0270720 1.9232424
-1.2524312 1.5661315
-1.4038013 1.2183436
-1.4986794 0.8883377
-1.5343221 0.5735233
-1.3880742 0.2668681
0.0000000 0.0000000
0.0000000 0.0000000
-1.1842655 -0.3095459
-1.2228591 -0.6276395
-1.0957948 -0.9353220
-0.8879325 -1.2235044
-0.5944854 -1.4771813
-0.1984622 -1.6694078
0.2679268 -1.7678610
0.7904403 -1.7243122
1.3060081 -1.4985601
1.7809936 -1.0292258
2.1150787 -0.3534068
2.2182701 0.4249042
2.0091496 1.0685822
1.5734019 1.5976274
1.0219339 1.9370404
0.4556450 2.0686600
-0.0501723 2.0265768
-0.4444990 1.8665700
-0.7317888 1.6373200
-0.9444652 1.3715959
-1.0963137 1.0916612
-1.1977154 0.8090919
-1.2428606 0.5270855
-1.1206366 0.2459496
0.0000000 0.0000000
0.0000000 0.0000000
-0.9073753 -0.2608403
-0.9336295 -0.5247918
-0.8195214 -0.7733267
-0.6374639 -0.9960904
-0.3896997 -1.1786132
-0.0717909 -1.2991536
0.2815692 -1.3359050
0.6571102 -1.2597136
1.0130346 -1.0515932
1.3257476 -0.6877389
1.5347227 -0.1997084
1.5936472 0.3374760
1.4623594 0.8072131
1.1809936 1.2009430
0.8108865 1.4751093
0.4137341 1.6125979
0.0383225 1.6246251
-0.2775501 1.5387926
-0.5188542 1.3856945
-0.7049513 1.1884960
-0.8429052 0.9649597
-0.9375889 0.7263764
-0.9818994 0.4778284
-0.8795291 0.2241391
0.0000000 0.0000000
0.0000000 0.0000000
-0.6794721 -0.2171928
-0.6971341 -0.4348641
-0.6008201 -0.6349754
-0.4505475 -0.8072577
-0.2514751 -0.9387571
-0.0074716 -1.0127435
0.2534265 -1.0159712
0.5215123 -0.9309291
0.7681091 -0.7502617
0.9761884 -0.4664318
1.1112870 -0.1050612
1.1447833 0.2831077
1.0598924 0.6359271
0.8744160 0.9375858
0.6233097 1.1597209
0.3444196 1.2877644
0.0713184 1.3238337
-0.1708163 1.2812523
-0.3650246 1.1782624
-0.5180801 1.0303359
-0.6343407 0.8511722
-0.7143246 0.6503026
-0.7506621 0.4326234
-0.6643345 0.2047190
0.0000000 0.0000000
0.0000000 0.0000000
-0.4932049 -0.1806120
-0.5044908 -0.3608007
-0.4275137 -0.5231997
-0.3102095 -0.6577526
-0.1584309 -0.7537525
0.0212521 -0.7987351
0.2083338 -0.7842397
0.3961073 -0.7007741
0.5655923 -0.5464042
0.7037758 -0.3215478
0.7912797 -0.0448541
0.8106900 0.2480387
0.7541239 0.5220725
0.6310403 0.7602976
0.4613981 0.9429759
0.2683820 1.0581716
0.0734647 1.1038656
-0.1043575 1.0860090
-0.2520553 1.0156534
-0.3710975 0.9028825
-0.4618431 0.7577373
-0.5230991 0.5878549
-0.5456457 0.3975221
-0.4702655 0.1910787
0.0000000 0.0000000
0.0000000 0.0000000
-0.3401082 -0.1519064
-0.3459957 -0.3035525
-0.2886046 -0.4378128
-0.2028177 -0.5455101
-0.0946698 -0.6173440
0.0301896 -0.6444631
0.1582000 -0.6212411
0.2841797 -0.5427846
0.3961220 -0.4099291
0.4849315 -0.2267799
0.5398170 -0.0064026
0.5508124 0.2251631
0.5131941 0.4461104
0.4328910 0.6412659
0.3209516 0.7952269
0.1921885 0.8982153
0.0597819 0.9467791
-0.0640053 0.9430513
-0.1683294 0.8938552
-0.2533152 0.8060836
-0.3177680 0.6873010
-0.3582524 0.5436733
-0.3632594 0.3789453
-0.2858893 0.1951120
0.0000000 0.0000000
0.0000000 0.0000000
-0.2117664 -0.1313203
-0.2124011 -0.2619269
-0.1737747 -0.3753765
-0.1179727 -0.4636134
-0.0490878 -0.5183839
0.0282128 -0.5333976
0.1072425 -0.5065191
0.1835873 -0.4339753
0.2507054 -0.3179465
0.3020464 -0.1641463
0.3329464 0.0177630
0.3378362 0.2086022
0.3141783 0.3930086
0.2651313 0.5578293
0.1972181 0.6905450
0.1182866 0.7824417
0.0372657 0.8296497
-0.0391016 0.8330591
-0.1044184 0.7983000
-0.1571907 0.7292198
-0.1958056 0.6321984
-0.2147801 0.5150983
-0.1899331 0.3917139
-0.0569511 0.2774456
0.0000000 0.0000000
0.0000000 0.0000000
-0.1006494 -0.1137535
-0.0947684 -0.2176238
-0.0748607 -0.3064500
-0.0481343 -0.3717034
-0.0158061 -0.4071275
0.0198021 -0.4118859
0.0560075 -0.3863254
0.0903948 -0.3252288
0.1198537 -0.2308200
0.1418819 -0.1091304
0.1538915 0.0311627
0.1540152 0.1783144
0.1415774 0.3223365
0.1175876 0.4520386
0.0854684 0.5570148
0.0488161 0.6300740
0.0114286 0.6678153
-0.0231809 0.6726609
-0.0527116 0.6516684
-0.0760088 0.6027401
-0.0911216 0.5304235
-0.0883942 0.4498369
-0.0060414 0.4336556
0.2197000 0.4826473
0.0000000 0.0000000
0.0000000 0.0000000
0.0000000 0.0000000
0.0000000 0.0000000
0.0000000 0.0000000
0.0000000 0.0000000
0.0000000 0.0000000
0.0000000 0.0000000
0.0000000 0.0000000
0.0000000 0.0000000
0.0000000 0.0000000
0.0000000 0.0000000
0.0000000 0.0000000
0.0000000 0.0000000
0.0000000 0.0000000
0.0000000 0.0000000
0.0000000 0.0000000
0.0000000 0.0000000
0.0000000 0.0000000
0.0000000 0.0000000
0.0000000 0.0000000
0.0000000 0.0000000
0.0000000 0.0000000
0.0000000 0.0000000
0.0000000 0.0000000
0.0000000 0.0000000
0.0000000 0.0000000
0.0000000 0.0000000
-0.1818743 0.1772123
0.0000000 0.0000000
-0.7125269 0.1661405
-0.4150305 0.8136011
-0.3747071 1.4591362
0.0000000 0.0000000
-0.9714226 1.1659880
-0.3077308 2.0163069
-0.3067933 2.5210228
0.0000000 0.0000000
-0.8330419 2.0095348
-0.3138953 3.0432935
-0.3248354 3.5833275
0.0000000 0.0000000
-0.9083128 2.8865983
-0.3394160 4.1542935
-0.3501768 4.7334795
0.0000000 0.0000000
-0.9897351 3.8202300
-0.3628693 5.3541327
-0.3811609 5.9821754
0.0000000 0.0000000
-1.0807388 4.8268557
-0.3977194 6.6685557
-0.4284702 7.3558903
0.0000000 0.0000000
-1.1889588 5.9148035
-0.4494269 8.1427860
-0.5096639 8.9081964
0.0000000 0.0000000
-1.3416051 7.1016355
-0.5472755 9.8909302
-0.6830493 10.7890739
0.0000000 0.0000000
-1.6358660 8.4513559
-0.8045914 12.2178001
-1.0960141 13.4848938
0.0000000 0.0000000
-2.3570397 10.3052464
-1.5690912 15.7336321
-1.8335140 18.3905716
0.0000000 0.0000000
-4.2672081 14.4752254
-1.7212523 21.2447834
-2.5166528 24.9318333
0.0000000 0.0000000
2.9908013 14.0174980
4.4618979 17.0664043
6.7082329 12.9986944
0.0000000 0.0000000
11.5126076 10.0703974
14.5901871 -5.9136729
-2.3187597 -9.1119766
0.0000000 0.0000000
15.8222904 -4.2772741
-0.9532641 -12.9577103
-0.1525993 -13.5157938
0.0000000 0.0000000
-9.9263315 -9.1056538
0.3064029 -9.1072798
-0.2836967 -7.6227260
0.0000000 0.0000000
-1.8694670 -6.8781977
-0.4065046 -7.1074233
-0.3662075 -6.2944660
0.0000000 0.0000000
-1.0449713 -5.3190603
-0.3284146 -5.7603731
-0.3066975 -5.2748084
0.0000000 0.0000000
-0.7763358 -4.4090199
-0.2662247 -4.7846451
-0.2646016 -4.3784804
0.0000000 0.0000000
-0.6523724 -3.6776593
-0.2477739 -3.9516103
-0.2431220 -3.5681303
0.0000000 0.0000000
-0.5931048 -3.0087056
-0.2334724 -3.1849337
-0.2258603 -2.8192906
0.0000000 0.0000000
-0.5605772 -2.3887374
-0.2183259 -2.4673471
-0.2093822 -2.1171861
0.0000000 0.0000000
-0.5330143 -1.8068738
-0.2043467 -1.7949188
-0.1937400 -1.4575195
0.0000000 0.0000000
-0.5074701 -1.2621076
-0.1941177 -1.1599104
-0.1896890 -0.8252122
0.0000000 0.0000000
-0.5404311 -0.7282135
-0.2197693 -0.4861459
-0.2005608 -0.1384639
0.0000000 0.0000000
-0.4320472 -0.1401320
0.0000000 0.0000000
0.0000000 0.0000000
-1.0539602 0.2587609
-1.5375063 0.2281050
-1.6489023 0.7228993
-1.4329883 1.2447227
-1.8486873 1.1353620
-1.2471787 1.6718893
-1.2434602 2.1037779
-1.7164509 1.9452931
-1.2946783 2.5388217
-1.3358351 3.0102332
-1.8266073 2.8184667
-1.3885686 3.4675460
-1.4323505 3.9625442
-1.9679987 3.7392592
-1.4977572 4.4572930
-1.5572220 4.9811373
-2.1339462 4.7269621
-1.6325066 5.5239038
-1.7238678 6.0697575
-2.3225684 5.7723017
-1.8215995 6.6838098
-1.9912363 7.2314410
-2.5701218 6.8395157
-2.1600525 7.9696388
-2.5470803 8.4730177
-3.0339034 7.7819114
-2.9108975 9.4893198
-4.0004258 9.7684317
-4.1200128 8.1292992
-5.2933297 11.2552099
-8.3903866 12.1844444
-8.5546970 8.0804043
-1.2378482 8.9696045
6.1960917 11.1883183
11.3880129 10.2605209
9.5128460 8.1305208
17.3157101 5.4929967
20.6513386 6.1479092
25.4234486 -7.3373828
20.8287029 -1.5840392
22.4234085 -1.4168992
1.4839823 -8.6752787
-9.3045254 -5.5908689
-5.5906572 -3.6761961
-2.8725650 -5.4574900
-2.3516381 -6.0564847
-2.3877542 -5.3557153
-1.5862654 -5.1691794
-1.4689045 -5.0532804
-1.6233042 -4.8382549
-1.2496661 -4.5604239
-1.1745470 -4.3218660
-1.3757837 -4.1914730
-1.0752661 -3.9258237
-1.0365709 -3.6515768
-1.2967541 -3.5553141
-0.9831474 -3.3022561
-0.9552820 -3.0072579
-1.2254956 -2.9224463
-0.9211015 -2.6893775
-0.8912153 -2.3907135
-1.1617151 -2.3152552
-0.8656092 -2.1020298
-0.8362334 -1.8074988
-1.1037519 -1.7446673
-0.8145177 -1.5402972
-0.7820296 -1.2519910
-1.0473185 -1.2056828
-0.7737141 -1.0133032
-0.8085456 -0.7164719
-1.0889879 -0.6990110
-0.9346852 -0.4257385
-0.6906487 -0.1434002
-0.9386036 -0.1471265
0.0000000 0.0000000
0.0000000 0.0000000
-1.9185700 0.2516148
-2.3765461 0.2548373
-2.6027730 0.6793009
-2.2307019 1.1111633
-2.5998683 1.0499675
-2.0740206 1.4896761
-2.1099100 1.9067528
-2.5554974 1.8206831
-2.1803648 2.3262734
-2.2284122 2.7745862
-2.7137694 2.6579583
-2.3276701 3.2094691
-2.3914740 3.7035611
-2.9292629 3.5703981
-2.5139785 4.1729908
-2.5799549 4.7051167
-3.1795490 4.5605655
-2.7152352 5.2117357
-2.7930572 5.7607961
-3.4483771 5.6070065
-2.9402332 6.3090916
-3.0660663 6.8205056
-3.6839781 6.6460466
-3.2280402 7.3725638
-3.4705732 7.7572885
-3.9096260 7.5701776
-3.6370409 8.1968212
-4.0645852 8.2469416
-4.1975532 8.1310863
-3.9371984 8.3577919
-6.6753016 8.0567894
-5.2220044 7.2594175
-7.9073915 7.2217846
5.5621533 7.1989226
10.2036133 3.6892250
19.1626396 8.4935303
20.8371315 5.1754112
33.7092361 0.4681288
31.8992481 -2.0871775
25.9072742 -1.9124051
31.0875511 -1.8163509
-6.3017797 -2.6041048
-4.4052196 -3.4980874
-0.8889883 -2.7616556
-3.4312961 -4.7783508
-2.9180446 -5.1904807
-2.0613225 -4.8878355
-2.3464301 -4.7918468
-2.1621637 -4.7956715
-2.1372068 -4.8275242
-1.8951631 -4.3667321
-1.8005617 -4.1608419
-1.9497286 -4.1371088
-1.7173518 -3.8134708
-1.6714892 -3.5241804
-1.9032288 -3.4813802
-1.6252720 -3.1967483
-1.5757703 -2.8920293
-1.8443072 -2.8376749
-1.5310901 -2.5893497
-1.4769639 -2.2797801
-1.7490388 -2.2236502
-1.4372791 -2.0163777
-1.3881953 -1.7132461
-1.6516905 -1.6652478
-1.3586420 -1.4651463
-1.3125528 -1.1789265
-1.5712086 -1.1405554
-1.2878375 -0.9655806
-1.3203502 -0.6809446
-1.5754479 -0.6596686
-1.5170190 -0.4233976
-1.1960428 -0.1567961
-1.4601727 -0.1599343
0.0000000 0.0000000
0.0000000 0.0000000
-2.7745490 0.2584120
-3.2116616 0.2543977
-3.3559785 0.6503872
-2.9310408 0.9994497
-3.2769518 0.9305691
-2.8667660 1.3457940
-2.9312379 1.7548982
-3.3361998 1.6562495
-3.0200665 2.1423333
-3.1035421 2.5752966
-3.5673215 2.4431703
-3.2460313 2.9934926
-3.3455107 3.4881098
-3.8805199 3.3277979
-3.5272026 3.9431937
-3.5988896 4.5180120
-4.2399354 4.3318019
-3.8179438 4.9864659
-3.8248544 5.6704998
-4.6191983 5.4843731
-4.0573335 6.1289592
-3.9886303 6.8072534
-4.9488211 6.6803970
-4.1830025 7.2471943
-4.2614465 7.8519816
-4.8847356 8.1103020
-4.1908984 8.3366184
-4.3980360 8.2716389
-3.9430509 8.0125847
-4.1290226 7.7130351
-3.9765890 6.3890491
-2.8425994 6.2907405
0.9415556 -3.6501958
7.4755297 0.9648809
8.2193747 0.0832302
15.3683634 3.3459892
27.5403328 0.9044831
33.4153175 -3.2141440
36.3281708 -3.2675133
22.4989529 -0.8382162
15.8334723 0.7402552
1.8119775 -1.8854022
0.3436546 -3.5919225
1.0800400 -3.7218568
-1.5336415 -5.6288819
-2.2271655 -5.4265947
-1.8397939 -5.8940644
-2.7077873 -5.6916118
-2.8197894 -5.3289146
-3.0887756 -5.7054162
-2.6981630 -4.7780619
-2.5187540 -4.3102922
-2.8991354 -4.4405084
-2.3938949 -3.8891351
-2.3219442 -3.4961185
-2.6044457 -3.4616299
-2.2965963 -3.1712360
-2.2088411 -2.8062146
-2.5014007 -2.7322876
-2.1493218 -2.5264683
-2.0594258 -2.1744902
-2.3383424 -2.1003966
-2.0000477 -1.9425067
-1.9243004 -1.6188363
-2.1843979 -1.5563047
-1.8808678 -1.3993380
-1.8218879 -1.1080341
-2.0703890 -1.0615625
-1.7881690 -0.9103898
-1.7923145 -0.6377041
-2.0297337 -0.6097220
-1.9918652 -0.4138671
-1.7256669 -0.1625221
-1.9904159 -0.1600746
0.0000000 0.0000000
0.0000000 0.0000000
-3.5936620 0.2441225
-3.9869039 0.2292145
-3.8949587 0.6031182
-3.5812356 0.8580478
-3.8997414 0.7739239
-3.6064603 1.1912472
-3.6802368 1.5520211
-4.0372772 1.4176714
-3.8093662 1.9026383
-3.9374762 2.3154650
-4.3674030 2.1324584
-4.1352105 2.6926582
-4.2822943 3.2017131
-4.8190308 2.9779305
-4.5333257 3.6266897
-4.6916227 4.2307315
-5.3460932 4.0007887
-4.9730024 4.7372227
-5.0937839 5.4646721
-5.8714495 5.2527266
-5.3982000 5.9586525
-5.1231265 7.1884189
-6.7832541 7.1462970
-5.5535216 7.9084978
-5.8568025 8.5190468
-5.4448953 8.3511047
-4.0665336 8.6145077
-1.8608881 7.3246999
-1.1597211 5.5522332
0.2301824 5.7023792
0.9721152 5.5614028
2.1464238 3.8975732
8.5716743 -3.8396721
10.8646441 -0.6570903
12.7557621 -1.1801676
14.7694111 1.0641000
32.0641022 -3.2529142
36.5463181 -4.3721333
36.6743469 -2.6720629
23.6028290 -1.2631006
22.9014912 -3.2172210
5.0186472 -3.8856933
2.8790350 -3.7205939
4.0466428 -3.6361375
0.2020318 -5.4022989
-1.5050974 -5.8828568
-1.0497167 -5.4469657
-2.8431358 -6.0832009
-3.7445056 -5.9618111
-4.0462666 -5.8143425
-3.9664869 -5.2724371
-3.7039185 -4.6592221
-4.4251714 -4.7437944
-3.2863441 -3.9942048
-3.0881383 -3.4709492
-3.4953766 -3.3812404
-3.0417843 -3.1242263
-2.8821406 -2.6675823
-3.2217066 -2.5435884
-2.7778928 -2.4288342
-2.6422527 -2.0255072
-2.9286830 -1.9173710
-2.5504973 -1.8294035
-2.4424202 -1.4910959
-2.6954563 -1.4045236
-2.3749526 -1.3036205
-2.3002572 -1.0166479
-2.5330894 -0.9556350
-2.2617989 -0.8338414
-2.2347705 -0.5802410
-2.4583359 -0.5435945
-2.3623526 -0.3852356
-2.2482893 -0.1565776
-2.4973860 -0.1492897
0.0000000 0.0000000
0.0000000 0.0000000
-4.3218775 0.2086495
-4.6495285 0.1843690
-4.2331848 0.5325562
-4.1758614 0.6803031
-4.4465079 0.5816139
-4.2275810 1.0120152
-4.3402452 1.2639776
-4.6312780 1.0924213
-4.5132694 1.6055337
-4.7098207 1.9255984
-5.0668488 1.6781291
-4.9748936 2.2881854
-5.2082281 2.7459998
-5.6966190 2.4210074
-5.5662098 3.1225376
-5.7961097 3.8089440
-6.5102377 3.4302442
-6.2319617 4.2479239
-6.4881868 5.1574593
-7.4773922 4.9396906
-7.1787720 5.8094134
-7.7339239 7.1434269
-8.1959000 6.4922252
-6.9023180 7.7239027
-4.3778076 6.5833488
-3.1171489 5.1414428
-1.4359920 5.2463956
0.5090668 4.5447621
1.6659207 3.0505586
3.1742904 2.6932466
4.2917433 2.3265882
5.5568585 1.3141102
12.5269575 -3.4225535
13.5961761 -1.9895775
15.2086821 -2.1686683
15.9848852 -0.1161976
33.5172729 -4.7771764
36.7322426 -4.6200733
32.0633163 -3.1684430
21.5725498 -2.2644918
17.9427319 -2.3274779
8.8035984 -3.2661660
5.4890027 -3.5113201
5.7172251 -3.8124030
2.0805740 -5.0709515
-0.4100633 -5.1681099
-0.3965134 -4.8656712
-2.5800536 -5.6603928
-4.1492267 -5.4998484
-4.3250322 -5.0588360
-5.1720214 -4.9756432
-5.2786493 -4.7191038
-6.0977836 -4.4497528
-4.4264865 -3.8484318
-4.0107570 -3.2905693
-4.5216365 -3.0746541
-3.8420792 -2.9394369
-3.5826621 -2.4061668
-3.9488099 -2.2098019
-3.3976908 -2.2215590
-3.2095742 -1.7966740
-3.4912014 -1.6425678
-3.0679505 -1.6375923
-2.9273200 -1.3099840
-3.1631072 -1.1932752
-2.8278179 -1.1514806
-2.7338758 -0.8901682
-2.9432900 -0.8099300
-2.6824827 -0.7241375
-2.6453350 -0.5043253
-2.8481016 -0.4588757
-2.6430593 -0.3369201
-2.7309268 -0.1409792
-2.9507682 -0.1298465
0.0000000 0.0000000
0.0000000 0.0000000
-4.9099150 0.1558519
-5.1464849 0.1230480
-4.4085894 0.4322451
-4.6743779 0.4724053
-4.8719687 0.3608393
-4.6865091 0.7922886
-4.8772388 0.8957770
-5.0803766 0.6927083
-5.0718575 1.2474928
-5.3604555 1.3864639
-5.6045618 1.0810952
-5.6788201 1.8023106
-6.0684404 2.0310833
-6.4133425 1.6042889
-6.5488214 2.4857929
-6.9619913 3.0147488
-7.5946946 2.4266298
-7.6976786 3.4601078
-8.2568684 4.6737714
-9.2863436 4.0254216
-8.8305483 4.4506283
-8.3441391 5.5895996
-7.9544320 4.6170597
-5.6918192 5.3969412
-2.1595356 3.7909367
-1.6160644 3.0210879
0.2629398 3.5941756
2.9078398 2.0228872
3.8573213 1.3864269
6.3519397 0.5641023
6.2585382 0.5303587
7.0585718 0.3071272
15.5780163 -3.7743051
16.7674923 -2.3572061
17.7921581 -2.3469114
17.9280071 -0.3418081
34.2622223 -5.6231647
34.7255936 -5.8561769
32.3448563 -3.7955632
21.0774136 -3.0218170
19.2148952 -3.1464417
9.8050880 -3.0522912
6.6043215 -3.3126473
7.3689899 -2.8745117
3.1833336 -3.9703913
0.0847181 -4.1639242
0.0568054 -3.5020192
-2.4244874 -4.6179147
-4.1873331 -4.4279323
-4.3380809 -3.8722098
-5.8680091 -3.7322299
-6.6443744 -3.9543824
-7.0712628 -3.3290272
-5.6613779 -3.1874318
-4.9835300 -2.7734821
-5.4608302 -2.3797770
-4.6065741 -2.4965923
-4.2469378 -1.9666151
-4.5626502 -1.6938795
-3.9635146 -1.8476117
-3.7211332 -1.4622974
-3.9655468 -1.2569975
-3.5219810 -1.3393294
-3.3516037 -1.0616484
-3.5498140 -0.9133670
-3.2158253 -0.9290593
-3.1057284 -0.7208931
-3.2771888 -0.6216353
-3.0262821 -0.5769727
-3.0040264 -0.4080335
-3.1704700 -0.3536477
-2.8475301 -0.2687129
-3.1448433 -0.1162352
-3.3240116 -0.1021266
0.0000000 0.0000000
0.0000000 0.0000000
-5.3151431 0.0863096
-5.4298859 0.0481402
-4.4731412 0.3002225
-5.0184412 0.2369289
-5.1117821 0.1189402
-4.9688263 0.5101223
-5.2431459 0.4620256
-5.3275962 0.2369806
-5.4431534 0.7830408
-5.8087306 0.7181117
-5.9019461 0.3612460
-6.1665430 1.1471095
-6.7000451 1.0602378
-6.8188457 0.5304366
-7.2689157 1.5901278
-8.0338554 1.6562654
-8.2860012 0.8792558
-9.1010590 2.2321737
-9.9023151 3.1884413
-10.3611994 1.8805828
-9.5733261 2.0023572
-7.4736838 3.4665151
-7.5321808 2.2285554
-3.6808062 2.3452528
-1.0006357 1.9412909
-1.1796223 0.2632560
2.1294346 1.8713341
5.3405566 0.5329670
5.7233214 -0.6444163
7.9054475 0.0596621
7.9491773 -0.2639992
9.5080595 -1.0597577
17.2500782 -4.2854910
18.3171635 -2.7723217
19.9874687 -3.9340689
26.3053951 -4.2108221
33.0625114 -6.4012260
32.4635925 -5.5846057
28.4629631 -3.5095773
17.8468246 -2.6825433
16.5130558 -2.3832998
11.1270266 -2.5863557
7.7682700 -2.4685130
8.0539865 -1.9508957
3.7646701 -2.9771423
0.4285242 -3.1326816
0.2153849 -2.6364379
-2.2512410 -3.1604354
-4.5418811 -3.3119853
-4.9301162 -2.7644913
-6.3177090 -2.3789527
-7.3327374 -2.6875489
-7.5700359 -1.9997501
-6.6407828 -2.0988750
-5.7569790 -1.8892400
-6.0817304 -1.3739612
-5.1810975 -1.7794918
-4.7646155 -1.3709559
-4.9950261 -1.0353289
-4.4049459 -1.3088678
-4.1218657 -1.0218549
-4.2952561 -0.7792742
-3.8727083 -0.9349275
-3.6795881 -0.7463837
-3.8187137 -0.5745604
-3.5094430 -0.6418068
-3.3919666 -0.5112292
-3.5093012 -0.3978150
-3.2745004 -0.3951743
-3.2850747 -0.2945559
-3.3965240 -0.2321253
-2.9898582 -0.1838009
-3.4658289 -0.0834187
-3.5898364 -0.0675764
0.0000000 0.0000000
0.0000000 0.0000000
-5.4975224 0.0036756
-5.4783545 -0.0317729
-4.4756231 0.1384912
-5.1597042 -0.0012842
-5.1286778 -0.1183426
-5.0750585 0.1727834
-5.3806615 0.0014450
-5.3272696 -0.2132882
-5.5787659 0.2100336
-5.9748225 -0.0205071
-5.8892579 -0.3600380
-6.3453698 0.2802788
-6.9310775 -0.0575196
-6.7952113 -0.5757072
-7.5326028 0.2891205
-8.5449591 -0.0558564
-8.3478756 -0.8867463
-9.8370857 0.4395792
-10.6280127 0.3387705
-10.2882786 -1.1754473
-10.0051098 -0.6454625
-6.7755966 0.5056490
-6.6704364 -1.7498496
-2.4759555 0.0452998
0.3865337 -0.0426889
-0.3783345 -0.9240209
3.0932851 -0.4066660
5.8854656 -1.0789133
5.4475050 -1.3136630
8.0626764 -0.0321431
11.5126247 -2.0682845
14.0706282 -3.7191207
18.6456413 -5.2865539
21.5739975 -4.9929657
22.1757202 -5.5538902
29.3568802 -6.0788059
31.8948402 -6.0802112
28.3141842 -4.7748818
24.7971668 -3.1560807
15.5433960 -2.3906066
14.5020285 -2.4737968
11.5265818 -2.1660480
8.1018867 -1.5676563
7.8890204 -1.3728229
4.7773433 -2.2357070
0.8285385 -2.0344002
0.1744178 -1.4847821
-2.3412106 -1.5409548
-5.0605965 -2.1438615
-5.4397435 -1.2719437
-7.2015314 -1.0603448
-7.8523622 -1.2469609
-8.1026688 -0.5089788
-7.0068355 -1.0552343
-6.1507583 -0.8275529
-6.2705631 -0.3403654
-5.5341454 -0.8573033
-5.0778918 -0.6540550
-5.1893005 -0.2908439
-4.6633463 -0.6384512
-4.3623099 -0.5053947
-4.4511538 -0.2461201
-4.0804696 -0.4572231
-3.8783412 -0.3814410
-3.9469478 -0.2003957
-3.6858525 -0.3137951
-3.5683620 -0.2714800
-3.6233952 -0.1532390
-3.4210808 -0.1922764
-3.4637489 -0.1653869
-3.5098310 -0.1006472
-3.0798171 -0.0872928
-3.6740177 -0.0468637
-3.7313547 -0.0294739
0.0000000 0.0000000
0.0000000 0.0000000
-5.4416742 -0.0633835
-5.3176403 -0.0907084
-4.4338965 -0.0274237
-5.0750151 -0.2405772
-4.9500279 -0.3452166
-4.9966826 -0.1904097
-5.2730384 -0.4374183
-5.1097264 -0.6287333
-5.4579101 -0.3927248
-5.8157439 -0.7132468
-5.5860209 -1.0112345
-6.1558008 -0.6340076
-6.6856980 -1.1118792
-6.3312984 -1.5524921
-7.2211552 -1.0877892
-8.2104244 -1.7839835
-7.5650177 -2.4552207
-9.3227015 -1.7136381
-10.0997190 -2.6268868
-9.1776066 -3.6666598
-9.6777754 -3.6493065
-6.8229866 -3.4992957
-5.9093056 -4.3007731
-3.6519163 -3.7857804
-0.3001459 -2.4848952
1.0228924 -3.1595426
2.9227407 -2.0097361
5.6508770 -2.6785803
6.6354666 -4.8094831
9.9985981 -2.6790984
16.3982735 -5.2283430
16.3712254 -6.8146911
19.7419605 -6.0573745
21.5885792 -6.0447478
23.8900013 -6.1908221
30.1812553 -6.5577984
29.6705761 -5.9407754
26.5891418 -5.1529703
20.3358421 -2.8766687
13.8250637 -2.3015113
13.1739597 -2.0268331
10.8116426 -1.2294399
7.2584567 -1.4175615
6.5782619 -1.3226525
5.3699455 -1.1311553
1.1525953 -0.8324518
-0.3909859 0.1080959
-2.6535563 -0.1158915
-6.0006433 -0.3249709
-5.9192390 0.5651184
-8.0530977 0.5986519
-8.0143042 0.3530402
-8.2777386 1.0053426
-6.9579954 0.2071726
-6.1760559 0.2474869
-6.1680984 0.7031674
-5.5814481 0.1116423
-5.1319451 0.1269013
-5.1102982 0.4708227
-4.7184048 0.0702560
-4.4179301 0.0505622
-4.3989058 0.3003830
-4.1308389 0.0401807
-3.9316840 0.0057004
-3.9171677 0.1822907
-3.7337492 0.0206834
-3.6204329 -0.0178199
-3.6088583 0.0993710
-3.4651539 0.0134948
-3.5213468 -0.0261147
-3.5077734 0.0391789
-3.1189432 0.0139048
-3.7540605 -0.0125222
-3.7532017 0.0037534
0.0000000 0.0000000
0.0000000 0.0000000
-5.1941137 -0.1126622
-4.9873929 -0.1319558
-4.2514133 -0.1802490
-4.8119535 -0.4465005
-4.6151795 -0.5284047
-4.7256479 -0.5038104
-4.9551411 -0.8127795
-4.7096977 -0.9601061
-5.0941272 -0.8985724
-5.3845291 -1.2992470
-5.0525546 -1.5226502
-5.6345654 -1.3925577
-6.0427060 -1.9711913
-5.5695438 -2.2895811
-6.3864074 -2.2241559
-7.0725565 -3.0209048
-6.3093367 -3.4479196
-7.8423514 -3.4753571
-8.4816837 -4.6410041
-7.1702580 -5.2868857
-8.5746498 -5.6265030
-7.2975140 -6.3207455
-5.4641352 -7.0109649
-4.7084484 -7.7081385
-0.8054525 -8.0586710
0.4520225 -9.1295309
3.2103717 -7.6487141
8.0567408 -7.0358653
8.8674049 -9.0724430
12.5552168 -7.7743468
15.5989923 -8.2130404
15.2583733 -7.3000040
17.7019939 -6.9699478
22.8751907 -5.9489589
23.8997631 -5.5133004
27.0835552 -4.6763654
25.1495686 -2.9506800
22.6889114 -1.6243306
17.5855255 -1.7332007
12.8889704 -1.2405949
12.4563046 -0.2515459
10.2378464 0.4512952
6.1250467 -0.5636268
5.4896297 0.7419140
4.0525646 0.5872799
0.1155521 1.3020271
-1.1177559 1.9262829
-3.4371173 1.4185995
-5.9597602 2.1088514
-7.1174803 3.5055449
-8.7324085 2.6283290
-7.6383758 2.0520835
-7.2392144 2.6674197
-6.4977036 1.5366272
-5.9497309 1.2886429
-5.6512094 1.7604731
-5.3285151 1.0876586
-4.9558277 0.8633483
-4.7437434 1.1990187
-4.5457273 0.7514465
-4.2889843 0.5791909
-4.1434312 0.8147246
-4.0136175 0.5118353
-3.8384054 0.3768750
-3.7351298 0.5399674
-3.6496074 0.3387693
-3.5526955 0.2274479
-3.4733515 0.3352817
-3.4020982 0.2099747
-3.4711161 0.1110098
-3.4004667 0.1713402
-3.0695653 0.1063836
-3.7191169 0.0197208
-3.6636405 0.0351981
0.0000000 0.0000000
0.0000000 0.0000000
-4.7970405 -0.1465965
-4.5323486 -0.1594085
-3.9334421 -0.3035099
-4.4089437 -0.5985917
-4.1657939 -0.6520188
-4.3076005 -0.7440321
-4.4737554 -1.0834465
-4.1843390 -1.1770064
-4.5512486 -1.2745861
-4.7385306 -1.7001579
-4.3682818 -1.8321813
-4.8759217 -1.9324554
-5.1154609 -2.5272534
-4.6191397 -2.6986532
-5.2670717 -2.9038484
-5.6319637 -3.7382021
-4.9074168 -3.9657793
-5.9342246 -4.2317042
-6.4237676 -5.6716657
-5.2995257 -5.7204623
-6.0997066 -6.8612614
-4.8701777 -7.5705109
-4.1479988 -7.9015856
-2.7662456 -7.8890343
0.0216071 -8.5024405
0.2070955 -7.9906373
3.0590465 -9.8062077
7.1698413 -9.2118311
5.9833107 -7.9329782
11.0064945 -6.9519334
14.1663160 -5.8134580
12.7311840 -5.7488041
15.8081474 -5.4840536
20.0217361 -4.8116894
21.1967602 -3.9917328
23.9722538 -3.5182779
21.9295692 -1.5882767
20.2890186 0.0691080
14.9724874 -0.2484397
11.8943863 1.0657501
10.9903946 2.9614668
8.9687824 2.6834879
5.0924358 2.4606159
4.8644753 4.3982511
2.4046755 3.4428532
-2.1335249 4.5696888
-1.8827741 5.8818493
-4.6296315 4.5318322
-6.2393427 5.1882658
-6.6444688 5.7695584
-7.4839125 4.4677801
-6.5399213 3.2565429
-5.5071421 3.8883059
-5.6227160 2.8886304
-5.3144546 2.1346731
-4.7363086 2.5897517
-4.7571611 1.9420106
-4.5170760 1.4755387
-4.1595287 1.7721709
-4.1592307 1.3282086
-3.9778903 1.0240963
-3.7350261 1.2257966
-3.7397807 0.9120726
-3.6086686 0.6945713
-3.4333026 0.8324600
-3.4460108 0.6108205
-3.3751378 0.4406891
-3.2390606 0.5312448
-3.2397094 0.3785292
-3.3235922 0.2325607
-3.2024796 0.2835029
-2.9320407 0.1843131
-3.5789080 0.0487014
-3.4762037 0.0629298
0.0000000 0.0000000
0.0000000 0.0000000
-4.2943053 -0.1659533
-3.9991407 -0.1725017
-3.5200832 -0.3880993
-3.9116428 -0.6880742
-3.6496985 -0.7132635
-3.7950993 -0.8960987
-3.8961506 -1.2372128
-3.5978136 -1.2784845
-3.9109962 -1.4905839
-3.9985700 -1.9077696
-3.6422083 -1.9562656
-4.0262218 -2.2122753
-4.1062875 -2.7614508
-3.6817894 -2.7982428
-4.0833855 -3.2232151
-4.0993314 -3.9132497
-3.6610773 -3.8955019
-3.9975421 -4.4965825
-4.0219173 -5.4797421
-3.5032563 -5.2934499
-3.8884902 -6.5848799
-3.2118022 -7.6836724
-2.8436871 -6.9774933
-1.7247747 -8.4822407
0.6955265 -8.2201300
0.3366760 -8.2567320
3.1271651 -8.0665054
5.6587744 -7.4267483
5.4289451 -7.2886553
8.2213068 -6.2438164
11.3811722 -5.5222282
9.6769476 -5.9078279
15.1116724 -3.9689019
18.2903900 -2.5969985
15.8055239 -2.6480126
19.8849468 -1.0707210
17.8128948 1.7200389
15.9356384 3.0198317
12.0972519 2.6160207
9.7188339 4.5395269
8.3046350 6.9253058
6.8980026 6.0915093
4.4068441 6.3650789
3.3600836 8.0359373
0.0033531 7.4823942
-2.5985451 7.0436082
-1.4133567 8.4150820
-4.7817779 7.5579004
-5.9595418 6.1975079
-3.5846958 6.4096336
-4.9864845 5.2393913
-4.8281646 4.0189905
-3.7751069 4.2776518
-4.4492726 3.5398526
-4.3367195 2.7107868
-3.6507263 3.0108142
-4.0019374 2.4648314
-3.8798380 1.9063669
-3.4412329 2.1242359
-3.6338193 1.7270577
-3.5287671 1.3484657
-3.2277415 1.4991128
-3.3541074 1.2038449
-3.2732399 0.9332902
-3.0512333 1.0365559
-3.1494241 0.8143688
-3.1089206 0.6052554
-2.9331102 0.6735658
-2.9967632 0.5066875
-3.0941079 0.3288152
-2.9354310 0.3675377
-2.7220118 0.2426270
-3.3494966 0.0725181
-3.2117300 0.0844946
0.0000000 0.0000000
0.0000000 0.0000000
-3.7350876 -0.1718161
-3.4341984 -0.1726881
-3.0565164 -0.4329054
-3.3690975 -0.7172384
-3.1124110 -0.7173160
-3.2427685 -0.9620478
-3.2829857 -1.2784146
-3.0068302 -1.2736794
-3.2454150 -1.5625386
-3.2415104 -1.9313965
-2.9416313 -1.9068761
-3.1837413 -2.2663846
-3.1298053 -2.7183068
-2.8215444 -2.6427984
-2.9951541 -3.1689987
-2.8381379 -3.6988497
-2.5823622 -3.5248559
-2.5817480 -4.2120552
-2.2797937 -4.9025035
-2.1555533 -4.4978595
-1.8722333 -5.6104755
-1.3397349 -6.3185339
-1.3040092 -5.6743302
-0.6482995 -7.0416880
0.4922370 -7.6859388
0.4284101 -6.7229133
2.1517992 -8.0188608
4.4538522 -7.4250174
3.6691105 -7.0978551
7.0856476 -6.7815356
9.4855423 -5.4068713
7.5156312 -6.0173569
11.7894363 -2.9461546
13.4426985 -0.6331092
10.4361305 -3.2631567
14.4963245 2.3094766
12.8965311 5.0445614
10.9641523 2.5775387
10.3525877 4.9631848
7.9282575 6.1470933
6.5869098 7.5449133
5.1020880 7.6874180
2.5491056 8.4519796
2.0074856 8.8016052
-0.1686572 8.7869568
-2.0646236 8.3980608
-0.4749559 7.3970351
-2.6957469 7.1169763
-3.0435514 5.6291342
-1.7178532 5.6085000
-3.1348100 5.0789385
-3.3099198 4.0819888
-2.3688724 4.1363158
-3.2432845 3.6546924
-3.2801812 2.9543717
-2.6441867 3.0524700
-3.1774218 2.6529152
-3.1577716 2.1291974
-2.7092106 2.2469213
-3.0439017 1.9199330
-3.0042648 1.5383487
-2.6852531 1.6287955
-2.9085541 1.3695383
-2.8713987 1.0837694
-2.6292477 1.1483058
-2.7940166 0.9400547
-2.7828701 0.7145295
-2.5853231 0.7584972
-2.6977012 0.5888174
-2.8051455 0.3951338
-2.6230896 0.4204821
-2.4610910 0.2791297
-3.0531580 0.0898725
-2.8943641 0.0986542
0.0000000 0.0000000
0.0000000 0.0000000
-3.1643813 -0.1662781
-2.8768637 -0.1623081
-2.5830009 -0.4417730
-2.8256857 -0.6959631
-2.5905471 -0.6767676
-2.6984365 -0.9540017
-2.6904483 -1.2284679
-2.4502738 -1.1889087
-2.6201022 -1.5139415
-2.5519500 -1.8174045
-2.3111808 -1.7407130
-2.4468451 -2.1402700
-2.3149686 -2.4832249
-2.0877633 -2.3401499
-2.1338937 -2.8711464
-1.8916429 -3.2443686
-1.7189733 -2.9923208
-1.5978805 -3.6543527
-1.2321227 -4.0710688
-1.1346030 -3.6424303
-0.7702334 -4.5809507
-0.1348614 -4.9495220
-0.1654723 -4.2906547
0.5659082 -5.3424749
1.4669402 -5.5681577
1.2926239 -4.6896071
2.3884115 -5.9210181
3.7142229 -5.5364170
3.1908970 -4.5513973
5.1988196 -5.2762194
6.6726546 -4.2149110
5.3755984 -3.4656258
8.1125412 -2.1818519
8.8402672 -0.5570018
6.6495552 -1.1094236
9.1751604 2.0438204
8.3124151 3.8054681
6.3904929 2.6433303
7.2437992 4.9131455
5.7201281 6.4877663
4.5372772 5.0530472
3.7399998 7.0043879
2.3912117 6.9865680
2.3892667 5.5903111
1.1249001 6.5574155
0.1142565 6.0538216
0.4880520 5.3008971
-0.7578351 5.5285463
-1.3246183 4.8805423
-0.7383762 4.5142684
-1.7381930 4.3989658
-2.0417356 3.7747686
-1.4458535 3.6371210
-2.2068093 3.3986852
-2.3488390 2.8820920
-1.8512988 2.8445609
-2.4012122 2.5863576
-2.4568055 2.1658432
-2.0670204 2.1816180
-2.4558010 1.9390914
-2.4697502 1.6020132
-2.1675296 1.6334713
-2.4463940 1.4187797
-2.4449279 1.1501378
-2.2057943 1.1772485
-2.4141598 0.9912246
-2.4258630 0.7698056
-2.2236729 0.7901993
-2.3684843 0.6260163
-2.4809716 0.4315209
-2.2888768 0.4440684
-2.1711273 0.2947051
-2.7148840 0.1005024
-2.5479147 0.1056788
0.0000000 0.0000000
0.0000000 0.0000000
-2.6187871 -0.1527180
-2.3565710 -0.1451835
-2.1320739 -0.4223415
-2.3162920 -0.6401483
-2.1095195 -0.6082209
-2.1967943 -0.8904016
-2.1586745 -1.1192087
-1.9540081 -1.0581669
-2.0735843 -1.3829060
-1.9730529 -1.6230921
-1.7761787 -1.5184139
-1.8501346 -1.9058760
-1.6879514 -2.1574223
-1.5072454 -1.9886224
-1.5001513 -2.4636686
-1.2485707 -2.7169390
-1.0976644 -2.4545801
-0.9659556 -3.0229888
-0.6083744 -3.2603724
-0.5012874 -2.8745074
-0.2168627 -3.5654097
0.3181985 -3.7243247
0.3379210 -3.1928058
0.8798851 -3.9248824
1.5687877 -3.9078498
1.4254310 -3.2567232
2.2466180 -3.8649948
2.9791939 -3.6438508
2.6547656 -2.8695893
3.8147285 -3.1793795
4.5412192 -2.5917242
3.8326993 -1.9841059
5.2750788 -1.3864020
5.5634179 -0.5528751
4.4863515 -0.5404375
5.8211184 1.1086466
5.4109440 1.8524539
4.2715559 1.3630308
4.9543881 2.7591026
4.2528453 3.7416072
3.3350499 2.8736682
3.2768729 4.0086126
2.4483354 4.5387459
2.0521898 3.6652136
1.5331568 4.4302249
0.8244629 4.4614677
0.7922127 3.7983177
0.1133953 4.1630998
-0.3796626 3.9349415
-0.1974214 3.5087228
-0.8391024 3.5979395
-1.1526390 3.2709091
-0.8602991 3.0304928
-1.4224051 2.9625332
-1.6070644 2.6271007
-1.2790928 2.5046153
-1.7491025 2.3635750
-1.8495249 2.0563285
-1.5485038 2.0015993
-1.9218252 1.8359040
-1.9719447 1.5644387
-1.7142681 1.5468845
-2.0036080 1.3788378
-2.0290625 1.1460413
-1.8100787 1.1411757
-2.0359843 0.9809138
-2.0639224 0.7785373
-1.8710140 0.7787169
-2.0323584 0.6253777
-2.1434002 0.4416309
-1.9532154 0.4433530
-1.8717499 0.2929981
-2.3581483 0.1049310
-2.1932271 0.1065258
0.0000000 0.0000000
0.0000000 0.0000000
-2.1228721 -0.1348575
-1.8913746 -0.1250145
-1.7241108 -0.3841391
-1.8615291 -0.5657526
-1.6838295 -0.5273030
-1.7563845 -0.7944262
-1.7032135 -0.9807795
-1.5302305 -0.9101610
-1.6162722 -1.2105651
-1.5064931 -1.3972046
-1.3425809 -1.2842463
-1.3842279 -1.6308331
-1.2197151 -1.8129828
-1.0700712 -1.6442026
-1.0442559 -2.0453725
-0.8098466 -2.2119324
-0.6787295 -1.9699790
-0.5619596 -2.4264669
-0.2432723 -2.5552554
-0.1441499 -2.2264118
0.0749235 -2.7217333
0.4961003 -2.7720630
0.5150788 -2.3610106
0.9010559 -2.8202219
1.3911854 -2.7627161
1.2914094 -2.2776628
1.8633285 -2.5964096
2.3042676 -2.4089286
2.0947716 -1.9052172
2.8261690 -1.9319870
3.1904993 -1.5719696
2.7666984 -1.2210879
3.5947042 -0.7917029
3.7350411 -0.3514842
3.1181502 -0.2653145
3.9277742 0.7155170
3.6549342 1.1464485
2.9832888 0.8979368
3.4586425 1.8023503
3.0258899 2.3731797
2.4453387 1.8857960
2.5353203 2.6682889
2.0234115 3.0723889
1.6556637 2.5165679
1.4523089 3.0998023
0.9695080 3.2590933
0.8140815 2.7627442
0.4531384 3.1183546
0.0684242 3.0824864
0.0747472 2.7054021
-0.3270828 2.8686523
-0.6045360 2.7203074
-0.4911374 2.4633808
-0.8808671 2.4901264
-1.0653527 2.2911885
-0.8783268 2.1313078
-1.2419182 2.0724955
-1.3604282 1.8618003
-1.1491780 1.7682234
-1.4691596 1.6639205
-1.5391951 1.4591717
-1.3366518 1.4070899
-1.6051073 1.2813947
-1.6464419 1.0907785
-1.4594400 1.0621246
-1.6796191 0.9277014
-1.7177962 0.7522247
-1.5426900 0.7371002
-1.7062527 0.5974039
-1.8102621 0.4312476
-1.6310078 0.4246660
-1.5787060 0.2788293
-2.0024383 0.1042432
-1.8466648 0.1027962
0.0000000 0.0000000
0.0000000 0.0000000
-1.6885439 -0.1158424
-1.4893795 -0.1052986
-1.3689576 -0.3368469
-1.4699709 -0.4854383
-1.3187281 -0.4452568
-1.3819374 -0.6858200
-1.3239611 -0.8353321
-1.1783339 -0.7638375
-1.2437689 -1.0285839
-1.1369699 -1.1724187
-1.0007387 -1.0635217
-1.0253630 -1.3584673
-0.8741346 -1.4901527
-0.7499808 -1.3356647
-0.7209626 -1.6613494
-0.5160832 -1.7698687
-0.4074216 -1.5608759
-0.3114694 -1.9093753
-0.0482524 -1.9771065
0.0318734 -1.7103268
0.2008107 -2.0531638
0.5184407 -2.0598500
0.5312854 -1.7463977
0.8147138 -2.0260637
1.1480166 -1.9622074
1.0786648 -1.6167867
1.4716706 -1.7682909
1.7523477 -1.6209933
1.6018367 -1.2941499
2.0883243 -1.2408845
2.2931159 -0.9989442
2.0134141 -0.7870063
2.5455668 -0.4445050
2.6022339 -0.1739852
2.2145460 -0.1225100
2.7291389 0.5106536
2.5638297 0.7851321
2.1326597 0.6456423
2.4703324 1.2660360
2.1902657 1.6164163
1.8001930 1.3268558
1.9205594 1.8806534
1.5849476 2.1677148
1.2960268 1.8085670
1.2290769 2.2502782
0.8949572 2.4115241
0.7268048 2.0582168
0.5368324 2.3630645
0.2474022 2.3996010
0.1867674 2.0990534
-0.0603102 2.2741914
-0.2898268 2.2190340
-0.2660200 1.9878838
-0.5293161 2.0573602
-0.6954802 1.9457843
-0.6006757 1.7833000
-0.8693168 1.7743471
-0.9857445 1.6351033
-0.8486188 1.5272495
-1.1046932 1.4666127
-1.1819534 1.3167511
-1.0296434 1.2474592
-1.2612927 1.1554357
-1.3094555 1.0046768
-1.1574010 0.9617792
-1.3575449 0.8506734
-1.3990443 0.7031011
-1.2468501 0.6781319
-1.4013385 0.5528249
-1.4945272 0.4070673
-1.3319049 0.3950684
-1.3022611 0.2573717
-1.6620991 0.0996754
-1.5190986 0.0960880
0.0000000 0.0000000
0.0000000 0.0000000
-1.3177907 -0.0978025
-1.1498449 -0.0874584
-1.0675731 -0.2875382
-1.1405336 -0.4082007
-1.0128982 -0.3702523
-1.0702941 -0.5786732
-1.0144385 -0.6978918
-0.8915446 -0.6312709
-0.9451795 -0.8566895
-0.8483260 -0.9674711
-0.7350044 -0.8691682
-0.7529256 -1.1122301
-0.6210812 -1.2079787
-0.5195572 -1.0739151
-0.4934768 -1.3304979
-0.3235001 -1.4020231
-0.2362870 -1.2289444
-0.1608122 -1.4862943
0.0462613 -1.5213372
0.1055978 -1.3119026
0.2369020 -1.5438836
0.4696225 -1.5333308
0.4763778 -1.2989119
0.6863274 -1.4667071
0.9132082 -1.4068570
0.8607546 -1.1632459
1.1407646 -1.2264507
1.3225900 -1.1117551
1.2088114 -0.8973934
1.5435510 -0.8184614
1.6658976 -0.6495834
1.4711549 -0.5146838
1.8313416 -0.2502608
1.8543452 -0.0673231
1.5936465 -0.0359778
1.9374722 0.3909520
1.8330774 0.5837851
1.5413609 0.4979482
1.7857116 0.9356184
1.6016852 1.1673765
1.3265231 0.9843655
1.4422828 1.3863419
1.2158207 1.5910993
0.9938200 1.3526486
0.9892957 1.6882063
0.7541262 1.8245177
0.6043404 1.5740600
0.5079911 1.8235414
0.2926279 1.8811928
0.2139521 1.6517289
0.0630413 1.8126465
-0.1183652 1.8022995
-0.1353801 1.6111398
-0.3109490 1.6927273
-0.4521701 1.6329216
-0.4089569 1.4869627
-0.6031960 1.5030007
-0.7075039 1.4119743
-0.6217422 1.3068681
-0.8198294 1.2736130
-0.8932815 1.1644628
-0.7830015 1.0918815
-0.9724703 1.0239968
-1.0218623 0.9058883
-0.9005483 0.8575471
-1.0734795 0.7653624
-1.1135141 0.6428952
-0.9852893 0.6133128
-1.1244141 0.5017041
-1.2034010 0.3757237
-1.0604448 0.3609578
-1.0479597 0.2332786
-1.3457544 0.0927633
-1.2162774 0.0881500
0.0000000 0.0000000
0.0000000 0.0000000
-1.0070500 -0.0816900
-0.8670729 -0.0721584
-0.8161095 -0.2412791
-0.8672407 -0.3396782
-0.7597773 -0.3059793
-0.8138008 -0.4815820
-0.7637816 -0.5771946
-0.6606446 -0.5190778
-0.7073581 -0.7052853
-0.6248577 -0.7914184
-0.5298805 -0.7073719
-0.5471463 -0.9023012
-0.4375217 -0.9730086
-0.3543770 -0.8616958
-0.3360686 -1.0587306
-0.2000115 -1.1071100
-0.1312060 -0.9683157
-0.0740306 -1.1539421
0.0828692 -1.1721616
0.1257918 -1.0113574
0.2267945 -1.1655899
0.3941042 -1.1487679
0.3959053 -0.9762173
0.5515841 -1.0733708
0.7072322 -1.0208567
0.6644872 -0.8498872
0.8674536 -0.8665434
0.9877723 -0.7767896
0.8992203 -0.6325291
1.1370418 -0.5495415
1.2121032 -0.4263168
1.0704141 -0.3377232
1.3236349 -0.1348254
1.3329275 -0.0011815
1.1477581 0.0189706
1.3877817 0.3178946
1.3194941 0.4619780
1.1122690 0.4063457
1.2947626 0.7215883
1.1715095 0.8859641
0.9707137 0.7655206
1.0733721 1.0625578
0.9179959 1.2127739
0.7467445 1.0508646
0.7703400 1.3067126
0.6043718 1.4168313
0.4777164 1.2391887
0.4356410 1.4384872
0.2766497 1.4977190
0.1993827 1.3264493
0.1099979 1.4637654
-0.0294318 1.4737390
-0.0618897 1.3232849
-0.1779336 1.4011265
-0.2915908 1.3702449
-0.2773905 1.2484922
-0.4140775 1.2734704
-0.5026197 1.2131363
-0.4494030 1.1201876
-0.5984443 1.1018271
-0.6629668 1.0213809
-0.5844705 0.9539001
-0.7343410 0.9018450
-0.7793322 0.8083445
-0.6843150 0.7616473
-0.8270737 0.6834819
-0.8628151 0.5815551
-0.7557744 0.5517769
-0.8764917 0.4520333
-0.9398855 0.3430522
-0.8161294 0.3279489
-0.8177682 0.2104730
-1.0562273 0.0855644
-0.9392320 0.0810079
0.0000000 0.0000000
0.0000000 0.0000000
-0.7488639 -0.0682353
-0.6326253 -0.0602162
-0.6083031 -0.2009196
-0.6427609 -0.2823249
-0.5511862 -0.2538638
-0.6039095 -0.3990637
-0.5614849 -0.4770747
-0.4742998 -0.4286892
-0.5181193 -0.5792844
-0.4511034 -0.6479658
-0.3715590 -0.5795457
-0.3907128 -0.7318205
-0.3043945 -0.7858191
-0.2354502 -0.6971431
-0.2266271 -0.8446001
-0.1222872 -0.8785968
-0.0676762 -0.7711182
-0.0282965 -0.9019284
0.0877494 -0.9110605
0.1188142 -0.7903882
0.1939019 -0.8899047
0.3121577 -0.8716593
0.3103912 -0.7463158
0.4253956 -0.7984820
0.5319005 -0.7527434
0.4956203 -0.6332543
0.6442133 -0.6245844
0.7247580 -0.5523277
0.6532747 -0.4538699
0.8259224 -0.3748142
0.8735443 -0.2799904
0.7653185 -0.2200961
0.9497022 -0.0626195
0.9526300 0.0417044
0.8147114 0.0548527
0.9902092 0.2712383
0.9448001 0.3850343
0.7898975 0.3483792
0.9310289 0.5798429
0.8480991 0.7038507
0.6949217 0.6231135
0.7868466 0.8451971
0.6798341 0.9602027
0.5449793 0.8490978
0.5832612 1.0445210
0.4664403 1.1336462
0.3600468 1.0081913
0.3509257 1.1648940
0.2359542 1.2192898
0.1640695 1.0939333
0.1177227 1.2060783
0.0128807 1.2240161
-0.0236413 1.1091670
-0.0969275 1.1762909
-0.1850408 1.1613865
-0.1862096 1.0644886
-0.2799081 1.0893593
-0.3504242 1.0481498
-0.3188057 0.9715355
-0.4268351 0.9593167
-0.4802576 0.8983996
-0.4233763 0.8410513
-0.5383858 0.7979038
-0.5756491 0.7223848
-0.5012792 0.6821970
-0.6153310 0.6132671
-0.6434470 0.5269714
-0.5549058 0.5012817
-0.6552833 0.4103169
-0.7030737 0.3138916
-0.5954860 0.3006780
-0.6093850 0.1923324
-0.7927153 0.0790265
-0.6831192 0.0739912
0.0000000 0.0000000
0.0000000 0.0000000
-0.5339646 -0.0577519
-0.4362669 -0.0514072
-0.4361268 -0.1676246
-0.4576220 -0.2372018
-0.3783093 -0.2148248
-0.4313674 -0.3326872
-0.3978527 -0.3985088
-0.3221971 -0.3603625
-0.3664336 -0.4800593
-0.3149479 -0.5369239
-0.2466665 -0.4835940
-0.2710282 -0.6002592
-0.2062698 -0.6437883
-0.1483844 -0.5759203
-0.1496460 -0.6833390
-0.0739600 -0.7090382
-0.0297822 -0.6282161
-0.0064809 -0.7178518
0.0757306 -0.7220153
0.0985439 -0.6335099
0.1506526 -0.6948341
0.2325765 -0.6764846
0.2284600 -0.5865845
0.3113292 -0.6094446
0.3832196 -0.5689018
0.3508581 -0.4853604
0.4599517 -0.4624742
0.5128579 -0.4013507
0.4535189 -0.3338217
0.5813416 -0.2610330
0.6119078 -0.1829654
0.5245801 -0.1419472
0.6624838 -0.0168954
0.6635348 0.0700240
0.5544993 0.0791347
0.6896447 0.2411209
0.6589916 0.3362425
0.5375473 0.3116559
0.6521694 0.4853031
0.5970546 0.5853060
0.4745501 0.5308731
0.5585501 0.6992568
0.4864592 0.7918280
0.3754207 0.7153236
0.4242949 0.8655034
0.3434382 0.9396682
0.2530481 0.8510891
0.2664910 0.9737503
0.1855623 1.0223351
0.1202742 0.9312044
0.1039293 1.0208671
0.0288357 1.0412325
-0.0087631 0.9551618
-0.0487761 1.0101691
-0.1143374 1.0036849
-0.1223449 0.9287966
-0.1832019 0.9497805
-0.2360538 0.9203159
-0.2170328 0.8598364
-0.2930197 0.8492842
-0.3331580 0.8014165
-0.2915568 0.7559236
-0.3762698 0.7174563
-0.4042551 0.6548572
-0.3454449 0.6238389
-0.4325584 0.5606804
-0.4514986 0.4861558
-0.3789163 0.4682515
-0.4571835 0.3822541
-0.4861217 0.2954566
-0.3964578 0.2864390
-0.4132037 0.1849061
-0.5512463 0.0682251
-0.4451423 0.0570052
0.0000000 0.0000000
0.0000000 0.0000000
-0.3528695 -0.0502765
-0.2672795 -0.0457976
-0.2915434 -0.1421049
-0.3022844 -0.2047024
-0.2311283 -0.1881746
-0.2870508 -0.2831237
-0.2625612 -0.3419882
-0.1948076 -0.3127578
-0.2422175 -0.4072326
-0.2062268 -0.4575704
-0.1451218 -0.4159302
-0.1769487 -0.5057205
-0.1323204 -0.5435688
-0.0816472 -0.4900919
-0.0948698 -0.5698107
-0.0438115 -0.5916080
-0.0068647 -0.5276315
0.0005150 -0.5911507
0.0549126 -0.5933845
0.0721801 -0.5243357
0.1040688 -0.5636170
0.1573046 -0.5456855
0.1516804 -0.4775115
0.2083105 -0.4851858
0.2548999 -0.4478762
0.2249639 -0.3861228
0.3038552 -0.3580524
0.3377214 -0.3032981
0.2849944 -0.2542566
0.3814445 -0.1895135
0.3999292 -0.1202108
0.3259773 -0.0905800
0.4329259 0.0104706
0.4334960 0.0884602
0.3413801 0.0951016
0.4500840 0.2212410
0.4311872 0.3059531
0.3289225 0.2881146
0.4287072 0.4238569
0.3933893 0.5105850
0.2902216 0.4703296
0.3710151 0.6041433
0.3248372 0.6837074
0.2289862 0.6260231
0.2864161 0.7484053
0.2340618 0.8126631
0.1538492 0.7436031
0.1859638 0.8470727
0.1323742 0.8905424
0.0732091 0.8164462
0.0801628 0.8961570
0.0299716 0.9164255
-0.0065642 0.8433204
-0.0210933 0.8968375
-0.0655412 0.8936434
-0.0769696 0.8280172
-0.1111632 0.8533190
-0.1477239 0.8297929
-0.1354507 0.7758632
-0.1858048 0.7729532
-0.2131385 0.7329471
-0.1813954 0.6922660
-0.2417947 0.6631507
-0.2594012 0.6101829
-0.2131197 0.5833863
-0.2759046 0.5298736
-0.2835701 0.4666520
-0.2304043 0.4507892
-0.2827965 0.3724373
-0.2811015 0.3063023
-0.2388857 0.2723534
-0.2347329 0.1793636
-0.2623290 0.1236087
-0.2504729 -0.0411045
0.0000000 0.0000000
0.0000000 0.0000000
-0.1950082 -0.0463965
-0.1162518 -0.0438650
-0.1662525 -0.1245984
-0.1677944 -0.1856960
-0.1008671 -0.1652316
-0.1619857 -0.2510879
-0.1465441 -0.3091464
-0.0826191 -0.2677979
-0.1364483 -0.3615220
-0.1150730 -0.4120907
-0.0581912 -0.3496727
-0.0997382 -0.4479569
-0.0738177 -0.4867342
-0.0279503 -0.4042799
-0.0537246 -0.5024095
-0.0246532 -0.5258591
0.0067398 -0.4275172
-0.0010659 -0.5176704
0.0299257 -0.5220096
0.0434427 -0.4207213
0.0562839 -0.4889426
0.0863576 -0.4735869
0.0792441 -0.3782237
0.1138705 -0.4159217
0.1400065 -0.3810427
0.1114883 -0.2998507
0.1664326 -0.3011654
0.1861108 -0.2487661
0.1365813 -0.1889656
0.2091193 -0.1513620
0.2198595 -0.0849315
0.1521917 -0.0526648
0.2385030 0.0239686
0.2387489 0.1000544
0.1563817 0.1000798
0.2491190 0.2090969
0.2392915 0.2913561
0.1473657 0.2571829
0.2387318 0.3901624
0.2200117 0.4720994
0.1267907 0.4045850
0.2092664 0.5537312
0.1837269 0.6272477
0.0972343 0.5302067
0.1640791 0.6875051
0.1351666 0.7455398
0.0617241 0.6249878
0.1095848 0.7822474
0.0798575 0.8204265
0.0246775 0.6840929
0.0517515 0.8335577
0.0231999 0.8500592
-0.0109296 0.7067502
-0.0044066 0.8409228
-0.0298098 0.8349965
-0.0426896 0.6992855
-0.0551367 0.8068873
-0.0762766 0.7819342
-0.0683898 0.6623635
-0.0974689 0.7379938
-0.1134348 0.6984978
-0.0872496 0.5986928
-0.1293023 0.6418176
-0.1380014 0.5937670
-0.0985541 0.5161131
-0.1465206 0.5255116
-0.1358502 0.4833427
-0.1112484 0.4204245
-0.1489693 0.3741458
-0.0421979 0.4123033
-0.1912417 0.2874780
-0.1060969 0.1104625
0.2779221 0.3843187
-0.2564738 -0.1990662
0.0000000 0.0000000
0.0000000 0.0000000
-0.0446338 -0.0479059
0.0000000 0.0000000
-0.0440237 -0.1188685
-0.0403447 -0.1939577
0.0000000 0.0000000
-0.0400547 -0.2522798
-0.0358254 -0.3208754
0.0000000 0.0000000
-0.0340045 -0.3695885
-0.0287585 -0.4255429
0.0000000 0.0000000
-0.0256138 -0.4607359
-0.0191892 -0.5000991
0.0000000 0.0000000
-0.0146129 -0.5178769
-0.0070144 -0.5371895
0.0000000 0.0000000
-0.0009730 -0.5332855
0.0064623 -0.5294640
0.0000000 0.0000000
0.0129827 -0.5032435
0.0202045 -0.4760739
0.0000000 0.0000000
0.0269566 -0.4274065
0.0331954 -0.3779091
0.0000000 0.0000000
0.0398218 -0.3090326
0.0444581 -0.2397301
0.0000000 0.0000000
0.0504438 -0.1552054
0.0530791 -0.0698168
0.0000000 0.0000000
0.0579708 0.0237536
0.0578271 0.1209966
0.0000000 0.0000000
0.0616613 0.2145392
0.0583931 0.3178347
0.0000000 0.0000000
0.0600398 0.4029423
0.0543325 0.5042492
0.0000000 0.0000000
0.0535900 0.5742598
0.0458615 0.6653064
0.0000000 0.0000000
0.0433537 0.7155013
0.0344039 0.7894253
0.0000000 0.0000000
0.0304193 0.8173863
0.0210660 0.8696524
0.0000000 0.0000000
0.0160580 0.8748083
0.0068174 0.9033987
0.0000000 0.0000000
0.0013187 0.8862054
-0.0066778 0.8904769
0.0000000 0.0000000
-0.0116307 0.8547719
-0.0181451 0.8371477
0.0000000 0.0000000
-0.0222345 0.7868845
-0.0272382 0.7511496
0.0000000 0.0000000
-0.0305078 0.6913759
-0.0357915 0.6415142
0.0000000 0.0000000
-0.0436849 0.5745918
-0.0188325 0.5658593
0.0000000 0.0000000
-0.1216214 0.3936181
0.1962659 0.7756740
0.0000000 0.0000000
-0.2834799 -0.0761364
1.2466635 1.3169587
0.0000000 0.0000000
0.0000000 0.0000000
-40.52486
-40.40495
-41.6099
-43.82331
-46.89484
-50.9992
-56.30494
-63.08428
-72.08239
-85.58891
-110.8551
-165.8431
-245.6185
-38.97284
-92.81428
-35.17056
-29.44059
-26.42756
-24.86148
-24.07492
-23.5347
-23.10708
-22.78433
-22.55188
-22.39471
-22.47956
-40.52371
-40.53386
-41.80974
-43.9865
-47.12371
-51.29739
-56.63407
-63.33726
-71.91232
-83.80699
-104.3198
-166.7796
-195.7306
-7.208037
-98.64646
-39.40982
-28.70229
-26.02979
-24.95968
-24.27994
-23.74882
-23.30204
-22.94619
-22.68491
-22.53246
-22.60328
-40.99486
-41.14221
-42.53481
-44.78098
-48.10237
-52.54959
-58.14839
-64.85018
-72.44051
-80.15621
-83.89811
-81.67199
-89.32561
-25.31936
-2.487567
-22.55905
-24.90927
-25.72766
-25.77339
-25.30903
-24.70343
-24.1224
-23.63366
-23.3085
-23.09302
-23.13812
-41.66561
-41.9557
-43.46624
-45.96667
-49.64282
-54.64219
-60.94153
-68.24278
-75.48549
-80.34883
-78.10522
-67.77572
-35.83558
38.84849
24.97565
-10.34739
-23.54262
-27.31032
-27.86204
-27.30989
-26.38046
-25.48334
-24.75628
-24.28362
-23.98605
-23.98347
-42.31512
-42.73854
-44.41448
-47.31008
-51.57571
-57.44552
-65.07831
-74.24596
-83.32771
-87.94165
-78.10532
-51.2685
-38.15924
16.97153
-19.21685
-25.72148
-31.67598
-32.53114
-31.98175
-30.52727
-28.79094
-27.32576
-26.22617
-25.5097
-25.08014
-25.02686
-42.67066
-43.20415
-45.07313
-48.45298
-53.59245
-60.87964
-70.6721
-83.22356
-100.7855
-110.6404
-102.9241
-81.78077
-74.97545
-67.42222
-29.72317
-44.73763
-49.27077
-42.83767
-38.61
-34.99216
-31.82741
-29.50486
-27.87961
-26.81944
-26.23029
-26.11397
-42.39488
-43.01757
-45.05224
-48.86562
-54.97318
-64.2481
-77.69479
-95.81601
-125.3628
-132.1042
-127.6293
-115.5322
-101.1319
-90.72926
-77.25983
-73.01337
-70.39276
-57.89147
-47.06193
-40.11415
-35.132
-31.73301
-29.45702
-28.00768
-27.22944
-27.0332
-41.08076
-41.78691
-43.90328
-47.97193
-54.77749
-65.85581
-84.24946
-112.1692
-143.8587
-150.3875
-145.4091
-137.8211
-129.2794
-103.8107
-97.39557
-95.15077
-87.584
-72.54491
-55.41037
-44.82557
-38.04245
-33.55394
-30.61587
-28.78276
-27.8223
-27.54332
-38.39896
-39.13271
-41.21064
-45.23839
-52.12852
-63.71051
-84.75362
-125.7966
-158.9892
-163.853
-156.3764
-148.2851
-126.3261
-111.2738
-110.4208
-109.9267
-101.3848
-82.93207
-61.26501
-48.13744
-39.82027
-34.45075
-30.98712
-28.85085
-27.72627
-27.39759
-34.26771
-34.85034
-36.77207
-40.45963
-46.72352
-57.40207
-77.18774
-119.1922
-160.1653
-166.5761
-162.7179
-150.2034
-127.1028
-121.0495
-118.4457
-120.087
-110.8888
-89.61425
-63.17503
-48.81347
-39.784
-33.99657
-30.28056
-27.97855
-26.74332
-26.41974
-28.98076
-29.40862
-30.97122
-33.92444
-38.91524
-47.50812
-62.15394
-92.36193
-133.2756
-162.1525
-150.02
-132.6873
-118.3902
-117.7751
-123.8493
-124.5655
-114.3337
-86.45028
-60.82565
-46.37498
-37.53096
-31.94461
-28.36421
-26.14762
-24.94182
-24.62088
-22.89983
-23.20321
-24.26553
-26.24676
-29.47028
-34.85157
-43.64947
-62.81098
-83.47328
-97.08908
-81.90966
-73.20896
-80.60785
-105.9121
-120.7097
-123.5204
-106.0211
-73.9055
-52.39222
-40.31278
-32.995
-28.33931
-25.32722
-23.4401
-22.38691
-22.09193
-16.49684
-16.66912
-17.19661
-18.15974
-19.68022
-22.18148
-25.45388
-30.56869
-35.67404
-37.35727
-26.1539
-27.70942
-36.10098
-70.16171
-93.06857
-99.5221
-77.48298
-51.48417
-39.40925
-31.85888
-26.90959
-23.62372
-21.44391
-20.03752
-19.23151
-18.99402
-10.20905
-10.25926
-10.30208
-10.352
-10.32198
-10.21611
-9.518563
-8.544534
-5.791481
-4.086366
6.745043
17.02608
12.81916
-10.00326
-37.57448
-46.8904
-38.85504
-30.35253
-25.70742
-22.5438
-20.13387
-18.35158
-17.08142
-16.21996
-15.70692
-15.54241
-4.389853
-4.338302
-4.004916
-3.357035
-2.22982
-0.4458485
2.481437
6.641594
13.15022
21.11604
31.70612
45.73076
47.68722
31.22934
7.048936
-4.135724
-11.05446
-13.31163
-13.86703
-13.81857
-13.48593
-13.03902
-12.61625
-12.28073
-12.05667
-11.96679
0.7270707
0.847821
1.426454
2.493916
4.200294
6.713636
10.33965
15.19077
21.82875
29.93875
38.67401
47.09604
49.57905
40.67802
26.18661
13.47193
4.27036
-1.35161
-4.619049
-6.484897
-7.536531
-8.091321
-8.355087
-8.46449
-8.489703
-8.472551
5.031417
5.189783
5.884769
7.126669
9.002825
11.6371
15.18091
19.74075
25.37404
31.71871
37.80137
42.34029
43.0634
37.73397
29.22153
20.01812
12.10678
6.178124
2.052454
-0.7248337
-2.56623
-3.763317
-4.509928
-4.949686
-5.172614
-5.216372
8.520141
8.689441
9.403382
10.65175
12.47172
14.91987
18.05734
21.902
26.30321
30.84554
34.83136
37.34624
37.26798
33.90293
28.3799
21.93628
15.78846
10.60047
6.558539
3.54861
1.373216
-0.1556921
-1.189049
-1.84997
-2.210184
-2.299369
11.2609
11.43123
12.09945
13.25407
14.89819
17.03858
19.67135
22.73462
26.03371
29.21205
31.76983
33.17394
32.83094
30.49558
26.66969
22.04923
17.3434
13.06819
9.471322
6.597869
4.385452
2.742442
1.568459
0.7837884
0.3427217
0.2259971
13.35956
13.521
14.1193
15.13283
16.54813
18.34645
20.48737
22.86541
25.29442
27.50117
29.15352
29.92093
29.48543
27.73992
24.94487
21.5086
17.87319
14.40142
11.31735
8.719098
6.61925
4.988683
3.778752
2.949005
2.473388
2.344202
14.93164
15.07556
15.59234
16.45763
17.64292
19.11559
20.81901
22.64352
24.42926
25.97125
27.04126
27.43671
26.9693
25.59155
23.44835
20.79676
17.92126
15.07859
12.44893
10.14678
8.219409
6.673181
5.496748
4.675306
4.195489
4.058013
16.08202
16.2067
16.63916
17.36022
18.33993
19.53396
20.87854
22.27562
23.59958
24.68735
25.38322
25.55055
25.07738
23.93307
22.21305
20.08233
17.73572
15.35928
13.102
11.07178
9.326891
7.894891
6.783956
5.997569
5.533284
5.388351
16.89768
17.00044
17.35942
17.95197
18.75405
19.72464
20.79729
21.88472
22.88225
23.6684
24.12245
24.15184
23.67758
22.6847
21.23813
19.45265
17.46845
15.42821
13.45589
11.64653
10.06246
8.739694
7.700161
6.957869
6.515208
6.376263
17.44379
17.52398
17.81925
18.31164
18.97862
19.78292
20.66398
21.54171
22.32792
22.92186
23.22973
23.1753
22.70263
21.80585
20.53155
18.96526
17.21651
15.40182
13.62327
11.97278
10.50891
9.273064
8.294932
7.590572
7.168027
7.003923
17.76056
17.81968
18.0695
18.49494
19.07622
19.7766
20.54333
21.30073
21.96847
22.45838
22.68724
22.58844
22.12009
21.2764
20.09523
18.64774
17.03058
15.34122
13.67313
12.11664
10.72587
9.545393
8.603017
7.906888
7.426032
6.636456
17.87075
17.90271
18.12783
18.5257
19.07454
19.73951
20.46811
21.1904
21.82591
22.28943
22.50007
22.39403
21.92934
21.10104
19.94385
18.52881
16.94672
15.29249
13.65843
12.12746
10.75773
9.589396
8.652326
7.919045
6.624
0
