0.0000000 0.0000000
0.0000000 0.0000000
0.0000000 0.0000000
0.0000000 0.0000000
0.0000000 0.0000000
0.0000000 0.0000000
0.0000000 0.0000000
0.0000000 0.0000000
0.0000000 0.0000000
0.0000000 0.0000000
0.0000000 0.0000000
0.0000000 0.0000000
0.0000000 0.0000000
0.0000000 0.0000000
0.0000000 0.0000000
0.0000000 0.0000000
0.0000000 0.0000000
0.0000000 0.0000000
0.0000000 0.0000000
0.0000000 0.0000000
0.0000000 0.0000000
0.0000000 0.0000000
0.0000000 0.0000000
0.0000000 0.0000000
0.0000000 0.0000000
0.0000000 0.0000000
0.0000000 0.0000000
-1.1790556 0.6146690
-1.3359269 1.7001059
-0.8701532 2.6770706
-0.8433231 3.5662570
-0.9161876 4.4644480
-0.9773111 5.4025545
-1.0785071 6.3886914
-1.3179562 7.4881997
-1.9345647 8.8239393
-3.4123473 10.8045025
-7.8812957 13.3068867
7.0186377 14.5837402
17.5765953 -5.9939084
-6.3253403 -7.8045087
-2.6415288 -6.9815159
-1.5133482 -5.2114325
-0.9946318 -4.2076836
-0.7216705 -3.4550755
-0.5802199 -2.8386798
-0.5066792 -2.3008735
-0.4638444 -1.8052170
-0.4397219 -1.3435915
-0.4885874 -0.8660781
-0.5691808 -0.3343730
0.0000000 0.0000000
0.0000000 0.0000000
-2.4881017 0.7192320
-2.2130182 1.7640206
-1.7594241 2.5632560
-1.7858820 3.5242450
-1.8431429 4.4454865
-1.9169306 5.3612261
-2.0642591 6.2674241
-2.4005516 7.1424894
-3.2156026 7.9349546
-5.1238160 8.0202579
2.5686405 7.1298981
17.7836819 9.0381937
22.7785988 -3.3627875
9.6871204 -5.7085714
-4.2597222 -5.2097898
-2.4694688 -4.4759765
-1.6884118 -3.7596469
-1.3173548 -3.2039924
-1.1140156 -2.6976583
-1.0055137 -2.2179959
-0.9451329 -1.7509630
-0.9007215 -1.2919462
-0.9576387 -0.8560945
-1.1762371 -0.3606601
0.0000000 0.0000000
0.0000000 0.0000000
-3.7081637 0.7824953
-2.9224756 1.7290189
-2.7091653 2.5379767
-2.7229679 3.4905646
-2.7485631 4.4341969
-2.8050606 5.3412251
-2.8803895 6.1805954
-3.0586171 6.8129497
-3.4934380 6.9789515
-4.8549452 6.5370536
-3.4963162 -3.0870826
21.1839695 6.7262163
34.4430428 -6.2912607
-6.5221567 -0.4402655
-4.7892532 -3.6185639
-3.0602582 -3.5435770
-2.0915396 -3.2635853
-1.7439924 -2.9563432
-1.5631807 -2.5711820
-1.4588922 -2.1468956
-1.3986986 -1.7150527
-1.3584572 -1.2647247
-1.3788919 -0.8533777
-1.7240412 -0.3862629
0.0000000 0.0000000
0.0000000 0.0000000
-4.7664032 0.8025932
-3.6611812 1.6642627
-3.6385634 2.5219338
-3.6650922 3.4519281
-3.7041850 4.4419260
-3.6709900 5.4428296
-3.6186581 6.3256307
-3.4875839 7.0085287
-3.2396047 7.1704521
-2.9689808 5.8244429
4.3531814 -3.9640172
14.9536400 2.8493443
30.0183334 -2.1926622
0.3216792 0.1331366
-3.2587378 -3.1915152
-3.0688584 -3.3675656
-2.2786765 -3.0963635
-2.0397856 -2.8371689
-1.9494106 -2.5045280
-1.8829113 -2.1066461
-1.8339255 -1.6917695
-1.8028774 -1.2548677
-1.7931405 -0.8489125
-2.2205999 -0.3977647
0.0000000 0.0000000
0.0000000 0.0000000
-5.6123734 0.7913221
-4.4757352 1.5692954
-4.5383978 2.4495113
-4.6355467 3.3920400
-4.7322173 4.4351230
-4.7146425 5.5931287
-4.4826236 6.8359365
-4.4751587 7.9527788
-2.8520782 8.1356592
-0.1638558 5.9246631
8.9127369 -2.6696515
14.3107586 1.2243856
36.0747833 -6.0482597
2.1162033 -1.8624693
-1.8492788 -3.1632283
-3.0236359 -3.4212122
-2.5054088 -3.1848483
-2.3165908 -2.8776116
-2.3312342 -2.5138440
-2.3039234 -2.1025140
-2.2652550 -1.6792561
-2.2351196 -1.2474831
-2.2151008 -0.8365723
-2.6594679 -0.3996289
0.0000000 0.0000000
0.0000000 0.0000000
-6.2301230 0.7548633
-5.3185325 1.4445617
-5.4339476 2.2925456
-5.6453743 3.2467716
-5.8626084 4.3562579
-6.0815830 5.7477984
-6.2860298 7.4414597
-4.9341683 7.8880830
-0.9520892 6.7376146
2.8341939 4.6190104
11.6641636 -1.3356707
13.2465830 0.6924651
38.9241104 0.3273597
4.0099344 -2.9395020
-0.6490922 -3.6224952
-2.9578614 -4.0618076
-2.9394212 -3.5921695
-2.6859651 -3.0555844
-2.7655780 -2.5902839
-2.7535331 -2.1241393
-2.7068191 -1.6702152
-2.6618843 -1.2312427
-2.6406467 -0.8133293
-3.0364988 -0.3925169
0.0000000 0.0000000
0.0000000 0.0000000
-6.6236706 0.6912161
-6.0982246 1.2843726
-6.3028417 2.0428290
-6.6787753 2.9393811
-7.1491828 4.0715556
-7.8734860 5.6502318
-7.5633574 6.8794131
-3.3051403 5.9493694
0.8461296 4.5679426
5.6449285 2.7848530
13.8629742 -1.7616600
14.7404013 -0.3248428
39.7492943 -5.3005853
5.5925331 -3.3522153
0.5675172 -4.2447176
-2.9482315 -4.7550635
-3.7286253 -4.1964293
-3.2554159 -3.3263092
-3.3147519 -2.6922710
-3.2536783 -2.1442661
-3.1663682 -1.6457872
-3.0875452 -1.1936131
-3.0580029 -0.7737672
-3.3492279 -0.3739515
0.0000000 0.0000000
0.0000000 0.0000000
-6.8225737 0.5957298
-6.7355180 1.0837892
-7.0719023 1.7119746
-7.6469150 2.4810848
-8.5727139 3.4414639
-9.2559376 4.5647750
-7.0550613 5.0934486
-1.8550766 3.3016584
2.9180043 2.1014340
7.5758333 0.6012603
15.2959738 -2.7377734
23.7199001 -3.3874753
33.5310516 -3.0307267
7.5737481 -3.4450014
1.5779409 -4.6419678
-2.7523079 -5.2885113
-4.8244381 -4.6891003
-4.1247482 -3.5452075
-3.9942684 -2.7495825
-3.8081727 -2.1130867
-3.6398566 -1.5750126
-3.5068045 -1.1171008
-3.4513168 -0.7093285
-3.5959921 -0.3415295
0.0000000 0.0000000
0.0000000 0.0000000
-6.8878808 0.4628350
-7.1900930 0.8078302
-7.6607709 1.2620467
-8.4142427 1.8432008
-9.7826900 2.4261677
-9.6984367 2.4021132
-5.3318367 2.7617333
-1.0893162 2.1748543
3.9700441 0.1670628
8.4192362 -0.9224217
15.2167387 -2.6325176
30.2593784 -7.3032498
32.7920914 -5.8316817
9.0104561 -3.6550703
2.5992234 -4.6689863
-2.7041762 -5.1801009
-5.8442302 -4.5487118
-5.3024864 -3.4815183
-4.7744465 -2.6460361
-4.3893762 -1.9641290
-4.1035085 -1.4212806
-3.9003239 -0.9840782
-3.7992103 -0.6121820
-3.7800307 -0.2924916
0.0000000 0.0000000
0.0000000 0.0000000
-6.8584561 0.2873160
-7.4526029 0.4578868
-8.0203981 0.6726654
-8.8875418 0.9686882
-10.4655361 1.1412548
-9.6856756 0.7741824
-4.4551024 0.6315568
0.2029335 -0.1006101
4.8006163 -0.5753135
9.8993874 -2.3580604
16.8954792 -4.8895974
38.1791687 -8.2589788
24.1660824 -6.0348835
9.9526052 -3.3425751
3.7955556 -3.9805534
-2.5741272 -4.4471450
-6.4528103 -3.4930985
-6.6042829 -2.9193878
-5.5288072 -2.2797992
-4.9404001 -1.6418165
-4.5260429 -1.1566899
-4.2429333 -0.7828367
-4.0808721 -0.4773983
-3.9102969 -0.2264970
0.0000000 0.0000000
0.0000000 0.0000000
-6.8140845 0.0979558
-7.5102811 0.0376522
-8.1019287 -0.0126973
-9.0294390 -0.0527973
-10.5625391 -0.3598368
-9.4581490 -0.9179209
-3.8373904 -1.0414062
0.7011324 -1.4345380
6.1105886 -2.3211961
11.5376921 -3.4482255
20.7643509 -6.3833776
36.9852371 -10.7719669
16.0173950 -3.6914999
10.0933647 -3.6609218
3.9348664 -3.1139090
-2.2846093 -3.3087335
-6.9748592 -1.9871446
-7.6259060 -1.8408425
-6.1327424 -1.5873761
-5.3753428 -1.1332392
-4.8529387 -0.7812022
-4.5000706 -0.5170887
-4.2778850 -0.3090251
-3.9904876 -0.1425901
0.0000000 0.0000000
0.0000000 0.0000000
-6.7072177 -0.1036689
-7.3474798 -0.3787893
-7.8946810 -0.6901016
-8.7649689 -1.0610907
-10.1403456 -1.7339489
-9.1161337 -2.5634832
-3.9870315 -2.3548458
1.4850513 -2.2623353
6.6972857 -2.7757540
12.3179016 -3.3505816
29.0654125 -8.4407883
32.8301582 -7.1246462
13.0608377 -4.6580424
8.8821707 -3.0825429
3.0854282 -2.2805862
-2.2372172 -1.7057816
-7.5981288 -0.7308010
-8.0590076 -0.6429804
-6.4712491 -0.6859456
-5.6252365 -0.4896415
-5.0421047 -0.3271327
-4.6448569 -0.2071132
-4.3840270 -0.1166534
-4.0381794 -0.0467718
0.0000000 0.0000000
0.0000000 0.0000000
-6.4035244 -0.2866617
-6.9693656 -0.7468114
-7.4335794 -1.2687104
-8.1302824 -1.9375118
-9.3991814 -2.8982823
-8.8838015 -3.7067051
-3.5826962 -3.5350869
2.1709406 -2.8709862
7.4788170 -3.1919143
14.0047178 -3.7275970
26.8331814 -8.8611498
34.5393944 -10.9458427
12.4574499 -3.1691787
8.0937338 -2.1159689
2.4752624 -1.2045506
-3.0239432 -0.2700039
-8.4904308 0.6779166
-7.9361019 0.5385659
-6.5394864 0.2920800
-5.6757884 0.2054205
-5.0769296 0.1593183
-4.6658850 0.1217648
-4.3933072 0.0871855
-4.0365577 0.0510933
0.0000000 0.0000000
0.0000000 0.0000000
-5.9363813 -0.4378501
-6.4150734 -1.0454073
-6.7659197 -1.7329062
-7.2609839 -2.5829124
-8.2435980 -3.7597842
-8.2699842 -5.0732064
-4.8372874 -4.9157267
2.2021990 -4.2520714
8.2530298 -4.1831450
15.6037197 -5.6194711
32.7535133 -4.2333641
23.2549820 -3.1176727
10.2705832 -1.4520376
7.1549888 -0.8072234
1.6085086 0.0801707
-3.5043151 1.2108095
-8.7174072 2.5469191
-7.4284630 1.6098064
-6.3024273 1.1760093
-5.5086923 0.8652267
-4.9465203 0.6310045
-4.5560365 0.4445786
-4.2916746 0.2881821
-3.9364338 0.1458312
0.0000000 0.0000000
0.0000000 0.0000000
-5.3465409 -0.5498114
-5.7331524 -1.2554460
-5.9578934 -2.0490282
-6.2449722 -2.9960742
-6.7846289 -4.2492189
-7.3333745 -6.0022426
-4.8444662 -6.6115913
1.2882606 -5.4913783
7.8281250 -5.2845178
19.1525726 -5.7897110
29.4870377 -7.7044630
27.6092510 -5.0979428
10.4744949 0.0909284
4.7488294 0.4614418
-0.1376567 1.3269243
-4.9116988 3.7711763
-8.3503065 4.0893769
-6.7807426 2.6294453
-5.8219924 1.9398382
-5.1475315 1.4397204
-4.6630521 1.0492246
-4.3220787 0.7352259
-4.0856333 0.4708017
-3.7427731 0.2307599
0.0000000 0.0000000
0.0000000 0.0000000
-4.6803432 -0.6201018
-4.9755487 -1.3751752
-5.0754886 -2.2138548
-5.1705141 -3.2019098
-5.2897439 -4.4334898
-5.5557528 -6.1586747
-4.1324763 -8.2271347
1.0049673 -8.0421438
8.2011585 -6.7624931
18.9268818 -6.4560056
26.1925526 -1.8100543
19.3408241 -0.3816040
10.2184801 2.9443247
3.4445052 3.0300887
-1.5143950 4.1036081
-6.9429603 6.8006120
-6.9608774 4.7583404
-5.8821239 3.4277477
-5.1625547 2.5312741
-4.6391234 1.8883481
-4.2575231 1.3861383
-3.9839885 0.9746771
-3.7882552 0.6229755
-3.4677811 0.3006874
0.0000000 0.0000000
0.0000000 0.0000000
-3.9827905 -0.6502390
-4.1947193 -1.4110621
-4.1860547 -2.2440422
-4.1240406 -3.2046938
-4.0205956 -4.3599849
-3.8684793 -5.9281983
-3.4779267 -7.9253812
0.0911452 -9.9551477
7.6334820 -8.6550465
15.7343435 -5.7248030
22.7163048 -2.6827152
17.7653141 1.3769457
9.7167015 6.1843939
3.4063740 7.1092262
-1.8056509 8.7481031
-5.4734020 7.6611834
-5.0364017 5.2523909
-4.6979780 3.8838384
-4.3421268 2.9121106
-4.0241575 2.1919940
-3.7651651 1.6260536
-3.5686564 1.1524717
-3.4192154 0.7381889
-3.1280286 0.3529041
0.0000000 0.0000000
0.0000000 0.0000000
-3.2936814 -0.6446778
-3.4367268 -1.3720392
-3.3476288 -2.1499467
-3.1705301 -3.0076962
-2.8937156 -3.9949708
-2.4806457 -5.0962811
-1.6148862 -6.5867190
0.4188829 -8.1185017
5.1161456 -8.4117594
10.6010551 -5.0704155
14.8123531 -0.3006749
13.3380318 4.1209574
7.2510462 8.9222031
1.9966862 10.6712475
-1.6430520 9.5453243
-2.7747600 7.0198569
-3.3467965 5.2629919
-3.4937086 4.0301080
-3.4614520 3.0938838
-3.3503661 2.3629107
-3.2211025 1.7714305
-3.1032119 1.2676841
-3.0002761 0.8157281
-2.7419682 0.3875495
0.0000000 0.0000000
0.0000000 0.0000000
-2.6436388 -0.6101074
-2.7336869 -1.2761387
-2.5918150 -1.9652286
-2.3366327 -2.6881719
-1.9336737 -3.4456327
-1.3310047 -4.2353530
-0.1802228 -5.0021563
1.6006616 -5.4838562
3.9439321 -5.3515778
7.0333939 -3.4800851
8.7905254 1.4003735
7.4493322 4.8126745
4.8168430 7.3787951
2.0338650 7.7882657
-0.1993446 7.0925984
-1.4606993 5.9890342
-2.1405337 4.8722696
-2.4910676 3.9080088
-2.6454537 3.1006267
-2.6838844 2.4188313
-2.6606352 1.8388808
-2.6129627 1.3286755
-2.5515442 0.8597752
-2.3269744 0.4070110
0.0000000 0.0000000
0.0000000 0.0000000
-2.0522058 -0.5562780
-2.1045725 -1.1466817
-1.9388285 -1.7348584
-1.6529385 -2.3174367
-1.2082601 -2.8722439
-0.5494754 -3.3855250
0.4294368 -3.7160282
1.7682217 -3.7792685
3.1934659 -3.0879238
4.5963407 -1.6664534
5.4054465 0.9490481
4.8922606 2.8072712
3.5899055 4.5028825
1.9154352 5.3627167
0.3903278 5.3906908
-0.6996049 4.9426184
-1.3551499 4.3021588
-1.7389004 3.6253572
-1.9616081 2.9802830
-2.0748143 2.3869956
-2.1183801 1.8455001
-2.1199079 1.3488874
-2.0897050 0.8789742
-1.8988217 0.4149810
0.0000000 0.0000000
0.0000000 0.0000000
-1.5283265 -0.4942968
-1.5560342 -1.0083534
-1.3935049 -1.5017490
-1.1206012 -1.9603114
-0.7079030 -2.3570216
-0.1315240 -2.6496632
0.6110421 -2.7542820
1.4919443 -2.5825059
2.3860507 -1.9252908
3.1583250 -0.7529485
3.5574141 0.8201900
3.2821207 2.1176109
2.5225744 3.2672527
1.5266979 3.9862065
0.5308165 4.2270021
-0.2878575 4.0982962
-0.8439326 3.7516248
-1.1900352 3.2969863
-1.4111897 2.8011823
-1.5444994 2.3013859
-1.6149377 1.8141491
-1.6414918 1.3435259
-1.6277084 0.8842388
-1.4637511 0.4217650
0.0000000 0.0000000
0.0000000 0.0000000
-1.0714878 -0.4349744
-1.0833503 -0.8825432
-0.9440745 -1.2973365
-0.7165107 -1.6591880
-0.3824351 -1.9372212
0.0484704 -2.0903015
0.5622208 -2.0654376
1.1280650 -1.8007642
1.6618178 -1.2232645
2.0953488 -0.3108399
2.2976105 0.7462191
2.1393857 1.7113204
1.6958424 2.5641966
1.0931432 3.1628852
0.4605065 3.4580457
-0.0983013 3.4798198
-0.5141847 3.3035233
-0.7863036 2.9998109
-0.9686127 2.6194654
-1.0873895 2.2001910
-1.1570960 1.7651000
-1.1886070 1.3265748
-1.1773387 0.8862564
-1.0303562 0.4257293
0.0000000 0.0000000
0.0000000 0.0000000
-0.6730977 -0.3870720
-0.6732295 -0.7837214
-0.5698504 -1.1391306
-0.4073318 -1.4294755
-0.1788164 -1.6192983
0.0972638 -1.6852920
0.4136508 -1.5953676
0.7441031 -1.3083825
1.0394481 -0.8078548
1.2700232 -0.0832432
1.3656349 0.7042537
1.2723428 1.4675890
1.0205107 2.1471987
0.6736905 2.6552346
0.3009131 2.9494750
-0.0395606 3.0327265
-0.3023686 2.9525962
-0.4807800 2.7539496
-0.6038310 2.4635520
-0.6859536 2.1110659
-0.7368360 1.7209280
-0.7607296 1.3132840
-0.7402674 0.9070162
-0.5517884 0.5301581
0.0000000 0.0000000
0.0000000 0.0000000
-0.3141408 -0.3571358
-0.2972024 -0.6983020
-0.2422629 -0.9849236
-0.1622549 -1.1874415
-0.0534053 -1.2807157
0.0778472 -1.2967875
0.2233306 -1.1917890
0.3685299 -0.9295486
0.4913805 -0.5154209
0.5804556 0.0348175
0.6100404 0.6307695
0.5574765 1.2330427
0.4356242 1.7705876
0.2743237 2.1766295
0.1047209 2.4163492
-0.0479660 2.4876063
-0.1628228 2.4809592
-0.2449054 2.3956885
-0.2984420 2.2184639
-0.3307520 1.9613813
-0.3480265 1.6423721
-0.3512242 1.2845819
-0.3069001 0.9429482
-0.1204875 0.6968460
0.0000000 0.0000000
0.0000000 0.0000000
0.0000000 0.0000000
0.0000000 0.0000000
0.0000000 0.0000000
0.0000000 0.0000000
0.0000000 0.0000000
0.0000000 0.0000000
0.0000000 0.0000000
0.0000000 0.0000000
0.0000000 0.0000000
0.0000000 0.0000000
0.0000000 0.0000000
0.0000000 0.0000000
0.0000000 0.0000000
0.0000000 0.0000000
0.0000000 0.0000000
0.0000000 0.0000000
0.0000000 0.0000000
0.0000000 0.0000000
0.0000000 0.0000000
0.0000000 0.0000000
0.0000000 0.0000000
0.0000000 0.0000000
0.0000000 0.0000000
0.0000000 0.0000000
0.0000000 0.0000000
0.0000000 0.0000000
-0.0789154 0.0616402
0.0000000 0.0000000
-0.4315985 0.0752643
-0.4283288 0.5978945
-0.4914049 1.3084236
0.0000000 0.0000000
-1.3553580 1.1548193
-0.4300477 2.1378779
-0.3767899 2.8395498
0.0000000 0.0000000
-1.0445517 2.2539318
-0.3223732 3.4035830
-0.3128755 3.9409926
0.0000000 0.0000000
-0.8385553 3.1469667
-0.3160906 4.4614677
-0.3262803 4.9817734
0.0000000 0.0000000
-0.8813260 4.0263152
-0.3333349 5.5462208
-0.3459276 6.1069703
0.0000000 0.0000000
-0.9421415 4.9414811
-0.3545304 6.7146726
-0.3810046 7.3074999
0.0000000 0.0000000
-1.0072263 5.8884420
-0.3970488 7.9987998
-0.4595456 8.6570530
0.0000000 0.0000000
-1.1426381 6.8990002
-0.5023512 9.5516996
-0.6512692 10.3547401
0.0000000 0.0000000
-1.4752373 8.0713921
-0.7914895 11.7456932
-1.1046820 12.9678764
0.0000000 0.0000000
-2.3232937 9.8271599
-1.6004947 15.2360468
-1.8444706 17.9449310
0.0000000 0.0000000
-4.4458609 14.1050825
-1.5936440 20.8962536
-2.4130998 24.1703510
0.0000000 0.0000000
3.1673441 12.8535280
4.8077893 17.9914780
10.0270548 6.6740913
0.0000000 0.0000000
11.4467144 9.5271864
11.3959942 -9.1075544
-1.5659885 -8.9298067
0.0000000 0.0000000
10.8087740 -1.3045210
-0.7362015 -12.4283066
-0.4804555 -12.9012032
0.0000000 0.0000000
-8.8202505 -8.9286947
0.1572174 -8.5589752
-0.3473166 -7.4389777
0.0000000 0.0000000
-1.9387394 -6.2527328
-0.4622945 -6.6832371
-0.3776576 -5.7291646
0.0000000 0.0000000
-1.2172104 -4.7239857
-0.3515440 -5.2023792
-0.2931917 -4.6227269
0.0000000 0.0000000
-0.8388150 -3.8239188
-0.2598966 -4.1810174
-0.2347317 -3.7623568
0.0000000 0.0000000
-0.6399538 -3.1494381
-0.2146710 -3.3944545
-0.2025612 -3.0483432
0.0000000 0.0000000
-0.5379276 -2.5764439
-0.1910120 -2.7257051
-0.1847408 -2.4166429
0.0000000 0.0000000
-0.4831662 -2.0583923
-0.1771373 -2.1228113
-0.1713645 -1.8334439
0.0000000 0.0000000
-0.4491425 -1.5752888
-0.1669505 -1.5605184
-0.1670746 -1.2819468
0.0000000 0.0000000
-0.4521261 -1.1171159
-0.1814798 -0.9943051
-0.1894881 -0.6845647
0.0000000 0.0000000
-0.5399599 -0.6081391
-0.1945350 -0.3665949
-0.1450960 -0.0577266
0.0000000 0.0000000
-0.2891966 -0.0793997
0.0000000 0.0000000
0.0000000 0.0000000
-0.6280803 0.1569845
-1.0705429 0.1968295
-1.8040538 0.6667465
-1.9648854 1.3000700
-2.4730701 1.2946817
-1.6902908 1.8678532
-1.4297401 2.3006480
-1.9122338 2.1231067
-1.2966169 2.6914761
-1.2729574 3.1878412
-1.7730920 3.0424101
-1.3112549 3.6450055
-1.3399124 4.1194758
-1.8202434 3.9774575
-1.3660178 4.5905886
-1.4011526 5.0548992
-1.8741367 4.8853741
-1.4346691 5.5449767
-1.5103008 5.9967237
-1.9660046 5.7795501
-1.5824370 6.5401449
-1.7578729 6.9692297
-2.1695402 6.6226978
-1.9328258 7.6266022
-2.3578358 8.0061331
-2.6844668 7.2958393
-2.7839003 8.9525576
-3.9493823 9.1264734
-4.0011311 7.3847003
-5.3589182 10.5886774
-8.6187382 11.5497875
-9.1921749 7.6060181
-1.2394356 8.3339052
7.5503664 10.6625805
12.4724712 10.5439548
11.6119137 7.9767003
20.0183296 7.9476814
24.8545094 5.8452201
19.3490906 -8.4585447
16.5850086 -3.2981746
15.8589716 -4.9748673
5.9899144 -7.9002833
-9.3401737 -7.4830885
-5.6466508 -6.0776396
-3.2107434 -5.7454176
-2.4915910 -5.8258681
-3.2103853 -4.9032354
-1.8367050 -4.8329902
-1.5411390 -4.4445910
-2.0100226 -4.1094747
-1.2878232 -4.0258183
-1.1309779 -3.6780803
-1.4767052 -3.5191584
-0.9988084 -3.3533247
-0.9183647 -3.0743701
-1.2021554 -2.9827762
-0.8443674 -2.7837417
-0.8023992 -2.5349178
-1.0517077 -2.4769356
-0.7613454 -2.2712414
-0.7370873 -2.0349298
-0.9712464 -1.9956524
-0.7117012 -1.7876585
-0.6924808 -1.5571411
-0.9209542 -1.5242835
-0.6739037 -1.3263571
-0.6758772 -1.0916268
-0.9057718 -1.0713582
-0.7245830 -0.8570781
-0.8084264 -0.6045343
-1.0650991 -0.6144883
-0.8679461 -0.3372154
-0.4502597 -0.0981137
-0.6448743 -0.1143173
0.0000000 0.0000000
0.0000000 0.0000000
-1.4604217 0.2422772
-1.9654547 0.2842357
-3.0796826 0.7547026
-2.9599659 1.3269782
-3.3498404 1.3260256
-2.5446632 1.7664900
-2.2698591 2.1117237
-2.7543228 2.0707054
-2.2123513 2.5365026
-2.2239230 3.0511665
-2.7257752 3.0047569
-2.2552178 3.5042441
-2.2632191 3.9793427
-2.7571487 3.9348512
-2.2937138 4.4334388
-2.3134325 4.8947444
-2.7954798 4.8533244
-2.3530903 5.3526654
-2.4116125 5.7713599
-2.8447521 5.7177138
-2.4644279 6.2347136
-2.6062300 6.5544415
-2.9430337 6.4500980
-2.7186098 7.0138850
-3.0335715 7.1360893
-3.1440392 6.9210172
-3.2705941 7.4545789
-3.7747171 7.3646927
-3.7189751 7.0368338
-3.6289086 7.5217948
-8.1287823 7.0182796
-6.4170957 7.2043982
-8.7421980 5.8790355
7.0988302 6.9092379
12.9108839 2.4262586
17.2986641 6.3851371
24.2706242 5.9241233
32.1425018 4.1975589
36.2005615 -7.9071774
21.5162411 -2.6861115
29.0913258 0.4764266
-7.4709411 0.2199374
-5.0919795 -5.2460055
-6.7559028 -3.9863036
-4.1533484 -4.7069392
-3.4528220 -4.2629476
-4.1349816 -4.0930367
-2.6409183 -3.9904530
-2.2425306 -3.7710083
-2.5341291 -3.5862622
-1.8653955 -3.4786720
-1.6910874 -3.3283558
-1.8766770 -3.1934946
-1.5304935 -3.0633717
-1.4404465 -2.8863902
-1.6409354 -2.8139160
-1.3443768 -2.6263158
-1.2931751 -2.4270492
-1.5035919 -2.3860254
-1.2390568 -2.1790934
-1.2083342 -1.9682419
-1.4230168 -1.9432257
-1.1783128 -1.7308396
-1.1576520 -1.5110348
-1.3759397 -1.4947368
-1.1363564 -1.2780741
-1.1322566 -1.0560552
-1.3506360 -1.0451015
-1.1689963 -0.8513092
-1.2821636 -0.6207806
-1.5075929 -0.6238304
-1.4398816 -0.3744088
-0.8539901 -0.1294076
-1.0792770 -0.1395895
0.0000000 0.0000000
0.0000000 0.0000000
-2.4578748 0.3170758
-3.0207396 0.3407641
-4.2215533 0.7960531
-3.7334566 1.3184450
-4.0737658 1.2966758
-3.2854602 1.6985005
-3.1572564 2.0706778
-3.6331534 2.0539179
-3.1571643 2.5213556
-3.1646218 3.0119622
-3.6614139 2.9685051
-3.1939073 3.4511740
-3.1787555 3.9616256
-3.7211530 3.9153948
-3.2297716 4.4050212
-3.2165232 4.9032135
-3.7558570 4.8836284
-3.2471497 5.3359227
-3.2140326 5.8085132
-3.7295132 5.8128562
-3.2403331 6.1838212
-3.2196887 6.5504923
-3.6199243 6.5743237
-3.1881578 6.8202147
-3.2932260 6.8896785
-3.3561413 6.9416423
-3.3431928 6.9886580
-3.8312824 6.5763426
-3.2881598 6.3140979
-4.5443087 6.0632634
-6.4401870 6.1400318
-4.6981850 4.5511556
0.8432084 -4.8580227
9.6210957 0.6734453
7.9961514 -0.0078483
15.4230118 4.9943209
19.6265240 6.0482254
20.5595875 1.8808122
37.7104874 -0.0873995
36.9344063 3.6051524
37.0388947 3.6535230
-7.2945428 -0.7179661
-5.5371232 -1.5223544
-1.5405884 0.5407634
-4.5052896 -2.9124372
-4.0656409 -3.3483121
-3.1802685 -2.7608912
-3.1630938 -3.2696440
-2.7187612 -3.3106465
-2.6414826 -3.1701579
-2.2241876 -3.1134479
-2.0471568 -3.0578475
-2.0931714 -2.9928625
-1.9173056 -2.8692641
-1.8525966 -2.7477372
-1.9839453 -2.7042286
-1.7744248 -2.5256813
-1.7314212 -2.3529301
-1.9085586 -2.3253272
-1.6843852 -2.1212337
-1.6537971 -1.9237357
-1.8528093 -1.9024451
-1.6253926 -1.7016503
-1.6040398 -1.4843378
-1.8134016 -1.4697317
-1.5877141 -1.2595928
-1.5748332 -1.0382382
-1.7883725 -1.0284184
-1.5880905 -0.8511921
-1.7037030 -0.6240650
-1.9142708 -0.6197672
-1.9617707 -0.3938021
-1.3221865 -0.1464514
-1.5655583 -0.1511095
0.0000000 0.0000000
0.0000000 0.0000000
-3.5600691 0.3553180
-4.1399302 0.3606158
-5.1756177 0.8006915
-4.4133682 1.2643706
-4.7485056 1.2192115
-4.0648389 1.6163095
-4.0552211 2.0414076
-4.5124660 2.0048559
-4.0795989 2.4830651
-4.0957036 2.9555631
-4.5967903 2.9031954
-4.1461959 3.4052243
-4.1572347 3.9415681
-4.7259202 3.8884737
-4.2239828 4.3956718
-4.1482410 4.9973774
-4.8275318 4.9533877
-4.2170472 5.4285612
-4.0734363 6.0319037
-4.7915220 6.0807023
-4.0734119 6.4073205
-3.8200147 7.0081153
-4.5691175 7.3765383
-3.6529095 7.3821807
-3.4765418 7.6564288
-3.7930632 8.3704824
-2.8853567 7.7602873
-2.0180182 7.2236385
-1.4993112 7.1773114
-0.6490815 5.6478438
-0.5251001 5.1836529
0.0751867 5.7564526
7.1086073 -3.2066777
9.5892830 0.4887859
11.2075872 1.6384122
14.6126738 1.3432806
18.5027180 3.0074954
25.9041691 -0.6985569
38.4698257 -6.1758127
32.9248199 0.3694832
27.6338005 -0.1099165
0.1041102 -2.9349058
-0.6511627 -0.8152394
-0.8425658 -1.9659169
-2.6337664 -3.1813467
-3.1605535 -2.9755192
-2.7847297 -3.2242281
-3.1481683 -3.3468833
-2.8964574 -3.2366760
-2.8588641 -3.3186843
-2.4602940 -3.0895114
-2.3022966 -3.0116079
-2.3433349 -3.0310330
-2.2219419 -2.8308265
-2.1985214 -2.7025676
-2.3165333 -2.7004764
-2.1667373 -2.4975541
-2.1390605 -2.3210189
-2.3104322 -2.3086205
-2.1112390 -2.1003449
-2.0834992 -1.8939164
-2.2796962 -1.8755478
-2.0616798 -1.6854359
-2.0372608 -1.4595914
-2.2438097 -1.4419137
-2.0260081 -1.2518790
-2.0082400 -1.0221452
-2.2192836 -1.0084703
-2.0068181 -0.8447427
-2.1038036 -0.6130731
-2.3091118 -0.6028696
-2.4292963 -0.4001723
-1.8212688 -0.1541656
-2.0726964 -0.1558908
0.0000000 0.0000000
0.0000000 0.0000000
-4.6817331 0.3580632
-5.2396517 0.3479351
-5.9104242 0.7760029
-5.0779700 1.1648412
-5.4245996 1.0964433
-4.8947210 1.5073475
-4.9249024 1.9620438
-5.3631768 1.8847511
-4.9823046 2.3734753
-5.0381742 2.8600070
-5.5442019 2.7696097
-5.1378293 3.3135943
-5.1944518 3.8811519
-5.7856560 3.7901742
-5.2989135 4.3722196
-5.2845850 5.0522537
-6.0563822 4.9997478
-5.4070578 5.5667033
-5.1684008 6.4845948
-6.3284450 6.5829930
-5.3361769 7.1072059
-5.2682729 7.9482651
-5.7431636 8.1358185
-4.5291619 8.5040636
-3.4283488 8.2922974
-2.9100914 7.5370746
-1.6109360 7.5840073
0.3588004 6.4891753
0.7930927 5.5010715
2.1071115 5.2526774
2.0140872 5.0533566
2.9505193 3.9785206
10.8646746 -1.5313467
11.7653522 1.8945447
11.9926224 1.6388056
14.1815825 1.3940079
21.5445061 -1.8509954
34.1201668 -2.5998995
38.0061989 -0.8674890
32.4710732 -1.8504088
28.9551163 -3.9726272
2.3036335 -3.1248825
0.4463303 -1.5199496
1.9701366 -1.7175119
-1.6332705 -3.1081567
-2.7184803 -3.4504359
-2.0024951 -3.4764640
-3.1317575 -3.6104107
-3.1208277 -3.5769036
-3.1305614 -3.7794054
-2.7904558 -3.3462963
-2.6314578 -3.1697254
-2.7714171 -3.2757750
-2.5537069 -2.9514182
-2.5591459 -2.7580898
-2.7130899 -2.7941122
-2.5782948 -2.5445893
-2.5592370 -2.3287020
-2.7529809 -2.3264606
-2.5486636 -2.1127591
-2.5177333 -1.8727300
-2.7258310 -1.8524762
-2.4992664 -1.6769795
-2.4675417 -1.4295076
-2.6775758 -1.4056462
-2.4560368 -1.2413666
-2.4338934 -0.9980354
-2.6435485 -0.9777221
-2.4304910 -0.8279601
-2.4977117 -0.5913563
-2.7003322 -0.5761233
-2.8375676 -0.3975161
-2.3310871 -0.1570374
-2.5840054 -0.1567473
0.0000000 0.0000000
0.0000000 0.0000000
-5.7471919 0.3315360
-6.2517118 0.3089086
-6.4207096 0.7262259
-5.7537274 1.0161295
-6.0974193 0.9232926
-5.7104363 1.3651328
-5.7522130 1.7908653
-6.1620755 1.6605910
-5.8716278 2.1723680
-5.9814763 2.6669159
-6.4782553 2.5015564
-6.1635857 3.0989065
-6.2861638 3.6950464
-6.8897176 3.5184512
-6.5120578 4.2052617
-6.6589060 5.0234666
-7.5363941 4.9050341
-6.9792972 5.6993032
-7.0326686 6.7840376
-7.9532695 6.5954738
-6.7868710 7.4543667
-6.1521339 7.5044584
-5.5806446 6.9158359
-4.0529032 7.3423285
-1.6740137 6.5140400
-1.1979152 5.2626195
0.4108389 5.6085305
2.4072497 4.5950055
3.2397430 3.6767502
4.5140028 3.7193851
4.6580105 2.9119127
5.9628658 1.8307219
13.1180210 -1.1295680
12.6892128 0.7924166
13.5032892 -0.8232737
13.4737234 -0.1002625
30.8594265 -4.3117385
37.7215004 -6.0224895
37.3944054 -4.7785635
26.6952438 -1.8784226
16.2629356 -1.2223411
5.8095779 -2.7017889
2.7970605 -2.5283637
3.3016496 -3.0191002
-0.0416910 -3.9048247
-1.7368639 -4.0112014
-1.4076822 -4.4221988
-3.0381987 -4.4156318
-3.4643035 -4.1866112
-3.6337457 -4.5437007
-3.3834596 -3.8788128
-3.1893995 -3.5189457
-3.5441628 -3.7164230
-3.0126343 -3.1904376
-3.0126078 -2.8941665
-3.2502189 -2.9483206
-3.0671570 -2.6439583
-3.0348258 -2.3533266
-3.2770314 -2.3413558
-3.0241179 -2.1402628
-2.9754820 -1.8440402
-3.2062061 -1.8114334
-2.9496665 -1.6635779
-2.9034123 -1.3854393
-3.1202080 -1.3499098
-2.8823600 -1.2162752
-2.8521380 -0.9596251
-3.0597446 -0.9298926
-2.8518388 -0.7974700
-2.8875084 -0.5600180
-3.0874193 -0.5390198
-3.1829417 -0.3850479
-2.8381896 -0.1557250
-3.0863130 -0.1530293
0.0000000 0.0000000
0.0000000 0.0000000
-6.6934104 0.2804544
-7.1172676 0.2476145
-6.7182078 0.6466759
-6.4142318 0.8191957
-6.7255602 0.7089644
-6.4274421 1.1875579
-6.5171385 1.5057065
-6.8703485 1.3247632
-6.7040834 1.8834068
-6.8927927 2.3059056
-7.3365746 2.0502963
-7.1757312 2.7228167
-7.4011159 3.3077154
-8.0062857 2.9957774
-7.8676324 3.7894709
-8.3224316 4.7280145
-9.1057520 4.4019637
-8.6555281 5.2660246
-8.5360823 6.0642266
-8.6614799 5.2931561
-7.2436199 6.3160458
-4.8929038 5.4631443
-3.9353127 4.1492233
-2.4081447 4.6097956
-0.5299897 4.1433458
0.6128618 2.9239926
1.7737230 3.3336210
4.2370634 2.4352634
5.1016779 1.3107647
6.6480522 1.5952625
7.2400713 0.8351784
8.4253893 -0.1085700
14.9319143 -2.2068346
15.2050314 -1.6721077
15.9471397 -2.1876676
19.1254463 -1.8391558
34.7896690 -5.6627274
38.3244934 -7.4317684
36.5270042 -4.0981550
23.4349384 -4.3687983
17.3921604 -4.2244515
7.2966986 -3.2443233
4.2943368 -3.4561143
4.8545551 -3.7721894
1.3978318 -4.4158626
-1.0322999 -4.7201161
-0.7388034 -5.0103517
-2.8670135 -5.0514088
-3.9402363 -4.9452157
-4.1138878 -5.1875205
-4.3224335 -4.4877238
-4.1304693 -3.9755518
-4.7029977 -4.1830564
-3.7238991 -3.4530349
-3.6360395 -3.0376706
-3.9862912 -3.0561552
-3.6792727 -2.7386785
-3.5950551 -2.3437934
-3.8952768 -2.2946186
-3.5509908 -2.1440029
-3.4664078 -1.7808726
-3.7202165 -1.7211782
-3.4151571 -1.6200802
-3.3448937 -1.3132502
-3.5669684 -1.2575840
-3.3040757 -1.1616061
-3.2596858 -0.8992827
-3.4621153 -0.8557763
-3.2566791 -0.7463216
-3.2694981 -0.5168093
-3.4629321 -0.4889803
-3.4634738 -0.3599320
-3.3286705 -0.1496474
-3.5632994 -0.1440061
0.0000000 0.0000000
0.0000000 0.0000000
-7.4620728 0.2107847
-7.7803106 0.1696267
-6.8527079 0.5332161
-6.9968200 0.5854086
-7.2377224 0.4550947
-6.9801903 0.9526595
-7.1684842 1.1105742
-7.4305224 0.8826477
-7.3987298 1.4998287
-7.6977201 1.7354875
-8.0195723 1.3923442
-8.0749006 2.1789894
-8.5063086 2.6036248
-8.9999447 2.1239033
-9.2326994 2.9818294
-9.7346640 3.9001844
-10.2102966 3.2132988
-9.4977045 3.5747736
-8.6848145 4.1940427
-8.2669373 3.1950259
-6.2027283 4.0288854
-3.2931793 2.7591856
-2.7956192 1.9717147
-1.6775078 2.4383934
1.1034476 1.7468607
2.1387587 0.5498716
3.3984065 0.7949664
5.6948619 0.3291121
6.4452457 -0.2620915
8.1232185 -0.2341814
9.5421476 -0.9236746
10.8544579 -1.6634643
15.6461849 -2.7977400
17.0786934 -2.5469415
18.8327179 -3.4756160
29.4046822 -6.4642215
35.5909004 -8.8722601
38.9186821 -9.4102259
32.9239960 -6.8357649
14.5434103 -3.4978046
18.2711525 -4.7731485
8.1249027 -3.4685400
5.4363227 -3.8563128
6.4241667 -3.6346300
2.5891404 -4.5411177
-0.2486898 -4.9603229
-0.1305532 -4.7986507
-2.5740623 -5.2784109
-4.3958478 -5.2535357
-4.5694561 -5.0487537
-5.3773146 -4.7149172
-5.4241657 -4.3597984
-6.1515250 -4.3906403
-4.7453365 -3.5714505
-4.4597149 -3.0656388
-4.9279704 -2.9645512
-4.4089136 -2.7332156
-4.2367930 -2.2310722
-4.5819154 -2.1123862
-4.1150308 -2.0621188
-3.9810481 -1.6498260
-4.2438931 -1.5474144
-3.8830349 -1.5113750
-3.7808907 -1.1942040
-3.9965329 -1.1103337
-3.7108564 -1.0588689
-3.6466091 -0.8076015
-3.8351488 -0.7465876
-3.6273632 -0.6662673
-3.6328259 -0.4584202
-3.8121541 -0.4221137
-3.6802435 -0.3194538
-3.7854500 -0.1374662
-3.9955032 -0.1282293
0.0000000 0.0000000
0.0000000 0.0000000
-8.0067329 0.1241599
-8.1822968 0.0755465
-6.8788385 0.3797663
-7.4218721 0.3153018
-7.5562091 0.1802312
-7.3455501 0.6381604
-7.6343307 0.6297334
-7.7739477 0.3746427
-7.8816094 0.9812136
-8.2733278 0.9969094
-8.4328146 0.6050758
-8.7190504 1.4318689
-9.3721247 1.5486519
-9.6079168 0.9850162
-10.2000856 1.8241713
-10.5328741 2.3994308
-10.6558647 1.5673569
-9.6363449 1.6041648
-7.8700948 2.2194088
-7.5562925 1.2892557
-4.8239169 1.6298147
-2.4817581 1.4304157
-2.1155357 0.4079044
-0.6515398 1.6256002
2.6671667 0.2989574
2.8899281 -0.4174807
4.2955008 -0.1240271
7.1430268 -0.7844880
7.7266560 -1.5115935
9.0890741 -1.7039490
12.2570210 -2.3948178
13.2330456 -2.9076488
15.5496311 -3.5032113
22.7931747 -5.1868668
24.6141205 -5.6955886
34.6566391 -6.8769331
36.1106606 -6.3661633
32.2865829 -6.9607635
24.4870090 -4.2819157
14.2350435 -4.5667243
10.0014200 -3.4200604
9.8358278 -3.7008414
6.8015938 -3.7771819
6.8303566 -3.8648026
3.6472998 -4.2847819
0.6000045 -4.3724093
0.3067998 -3.9744041
-2.3819032 -4.8411412
-4.5212073 -4.6781259
-4.7419806 -4.2646332
-6.0552382 -4.1075292
-6.8619318 -4.2262483
-7.5216842 -3.8227177
-5.9922004 -3.2975402
-5.4195595 -2.8174744
-5.9355531 -2.5646110
-5.1767502 -2.5153661
-4.9014983 -1.9534827
-5.2424955 -1.7465385
-4.6780639 -1.8299992
-4.4848576 -1.4188031
-4.7330880 -1.2602825
-4.3243670 -1.3043011
-4.1873894 -1.0113542
-4.3811879 -0.8932084
-4.0787759 -0.8926020
-3.9945712 -0.6770559
-4.1573610 -0.5959769
-3.9431086 -0.5504804
-3.9589841 -0.3811358
-4.1133285 -0.3362533
-3.8376763 -0.2620413
-4.1855726 -0.1167727
-4.3614383 -0.1036842
0.0000000 0.0000000
0.0000000 0.0000000
-8.2782984 0.0188571
-8.2929525 -0.0264245
-6.8623409 0.1914195
-7.6263881 0.0412013
-7.6180267 -0.1009227
-7.5168638 0.2548351
-7.8560367 0.1061437
-7.8432364 -0.1527067
-8.1134777 0.3367441
-8.5420713 0.1833798
-8.5285902 -0.2210846
-9.0361805 0.4612865
-9.7838554 0.3750257
-9.7836828 -0.2371718
-10.6228142 0.4282744
-10.6691065 0.6286975
-10.5407200 -0.3253537
-9.5370169 0.0037140
-7.2917857 0.2987427
-7.0973539 -0.5842507
-4.1688986 -0.2644067
-1.8593378 -0.5259886
-1.8283851 -1.3271230
0.9789843 -0.7999191
3.5953526 -1.3081805
4.1373863 -2.2360761
5.3379974 -1.4895898
8.2235785 -2.3898132
8.7769775 -2.9109561
10.4816732 -3.0500700
13.8476686 -3.5140581
14.9294634 -3.6945181
19.6651306 -5.9818721
24.1723709 -7.5210814
34.1118126 -10.1463346
37.1169853 -10.5746975
35.9316025 -10.8023701
34.0254059 -11.3653936
18.4488697 -5.2357249
10.3219128 -2.9061942
12.2131548 -3.4906585
10.1828928 -3.3461514
6.8685169 -3.5797617
6.8573585 -3.1131067
3.8407035 -3.3339708
0.9953893 -3.5358837
0.9033343 -2.8282645
-2.2871408 -3.9201107
-4.6840925 -3.6434379
-4.8744812 -3.0318472
-6.5646000 -2.7455428
-7.9098454 -3.2304945
-8.2336683 -2.5524840
-7.1589890 -2.4683654
-6.3435802 -2.1875718
-6.7654634 -1.7371510
-5.8620558 -1.9840666
-5.4937439 -1.4768090
-5.7578974 -1.1871115
-5.1695609 -1.4091150
-4.9191537 -1.0663182
-5.1155028 -0.8542520
-4.6973457 -0.9825268
-4.5265431 -0.7543085
-4.6764832 -0.6035925
-4.3782916 -0.6585355
-4.2781234 -0.5035417
-4.3983979 -0.4034773
-4.1843653 -0.3984101
-4.2256837 -0.2859146
-4.3364191 -0.2304471
-3.9474297 -0.1874849
-4.5054731 -0.0863762
-4.6319118 -0.0709798
0.0000000 0.0000000
0.0000000 0.0000000
-8.2564373 -0.0679071
-8.1395512 -0.1037915
-6.8199906 -0.0068426
-7.5714788 -0.2501219
-7.4490356 -0.3856558
-7.4739804 -0.1744017
-7.7987137 -0.4221604
-7.6529894 -0.6655738
-8.0507183 -0.3588581
-8.4789438 -0.6414478
-8.2876310 -1.0191543
-8.9770279 -0.5561755
-9.7162685 -0.8826286
-9.4459286 -1.4547420
-10.4253998 -1.0630745
-10.4121008 -1.1978809
-10.1336927 -1.9327735
-9.3192253 -1.7454747
-6.8512239 -1.3957789
-6.8947239 -2.3147435
-3.5662470 -1.5860718
-0.9091656 -1.7919767
-1.6357025 -2.0879407
1.9683287 -2.4613090
4.4932156 -2.8911195
4.3443537 -2.9859934
6.3487110 -2.7226477
8.8257866 -3.4143732
9.1095486 -3.7128446
12.0112734 -3.2402499
15.3533802 -4.4678535
16.6554985 -5.0204954
24.5847912 -8.3469791
32.3633957 -8.6160078
36.2907333 -7.8450546
32.4133682 -5.8778782
26.7648067 -4.2383480
21.0434208 -3.0394390
13.8040094 -3.6363106
11.7104502 -4.1760235
10.6024494 -3.8231552
9.7696152 -3.4349160
6.4717455 -3.0514967
5.8561811 -2.7626824
3.6120505 -2.6321852
0.8334393 -2.4594579
0.5248470 -1.9531195
-2.1830826 -2.5639668
-5.0548453 -2.3496735
-5.3587437 -1.6793189
-7.2236872 -1.3562663
-8.4080572 -1.8198044
-8.6224003 -1.0424681
-7.9151340 -1.2694275
-6.9617410 -1.2133293
-7.1565251 -0.7080045
-6.3232069 -1.1659770
-5.9005604 -0.8439081
-6.0446358 -0.4982551
-5.5159883 -0.8265452
-5.2233458 -0.6075303
-5.3316674 -0.3587064
-4.9581308 -0.5630520
-4.7611451 -0.4301942
-4.8437028 -0.2559032
-4.5809813 -0.3675357
-4.4696913 -0.2902072
-4.5331531 -0.1762380
-4.3384652 -0.2156799
-4.4058700 -0.1713604
-4.4580250 -0.1089729
-4.0207586 -0.0985422
-4.7217631 -0.0510982
-4.7856212 -0.0342847
0.0000000 0.0000000
0.0000000 0.0000000
-7.9903655 -0.1362654
-7.7598400 -0.1639094
-6.6123018 -0.1973597
-7.3020415 -0.5238637
-7.0789795 -0.6414282
-7.2015462 -0.5691616
-7.4956179 -0.9122003
-7.2342644 -1.1227378
-7.7130084 -0.9948069
-8.0872097 -1.3906941
-7.7548523 -1.7068095
-8.5098219 -1.5197203
-9.1676569 -1.9888871
-8.7281351 -2.4545481
-9.8545160 -2.2965031
-9.8829231 -2.5992098
-9.5004778 -3.2767324
-9.0345259 -3.1503749
-6.7729340 -2.9513977
-6.9241519 -3.4407969
-3.5783920 -3.1660399
-0.4363484 -2.8034964
0.0572229 -2.9546268
2.0326433 -2.6624563
4.6128902 -2.7667675
4.8252950 -2.8133588
7.2585406 -2.9008124
9.7011061 -3.6573403
10.1803360 -3.6549442
13.3418465 -3.7388952
20.4455433 -5.4646349
19.5469818 -5.0423732
26.9693718 -7.5653791
32.8795242 -9.7535439
34.9296417 -10.6688738
33.4783173 -11.0013227
23.0998402 -7.1819239
20.0988121 -3.6795697
12.5998545 -3.7758701
10.4679565 -3.2286229
10.1229258 -2.4795895
8.4530115 -2.5756731
5.5049663 -2.1499138
5.3629813 -1.4097151
2.9059823 -1.7721190
0.1869189 -1.3315738
-0.2351335 -0.8413090
-2.4375839 -1.0126327
-5.7028027 -0.9038993
-6.0201283 -0.0347981
-7.9765491 -0.0717954
-8.7631311 -0.1712851
-8.8398628 0.5885728
-8.0300674 -0.0858971
-7.1522975 -0.1463789
-7.1717997 0.3631880
-6.5138178 -0.1969393
-6.0706730 -0.1139203
-6.0982604 0.2486696
-5.6595464 -0.1450205
-5.3511763 -0.0833474
-5.3712378 0.1771577
-5.0673714 -0.0870083
-4.8590212 -0.0616120
-4.8691635 0.1214804
-4.6632142 -0.0453261
-4.5462193 -0.0476415
-4.5489583 0.0732162
-4.3972573 -0.0166321
-4.4750757 -0.0380602
-4.4706125 0.0291507
-4.0558820 0.0008560
-4.8147607 -0.0169319
-4.8199468 -0.0002925
0.0000000 0.0000000
0.0000000 0.0000000
-7.5181451 -0.1896421
-7.1939955 -0.2107916
-6.2247939 -0.3646132
-6.8418021 -0.7531613
-6.5392828 -0.8435749
-6.7272849 -0.9051886
-6.9736929 -1.3235755
-6.6232772 -1.4847534
-7.1365676 -1.5156213
-7.4391804 -2.0060441
-7.0044837 -2.2481465
-7.7441506 -2.2736595
-8.3065681 -2.8833485
-7.6943336 -3.2267349
-8.9246941 -3.3813000
-9.0403328 -3.8936238
-8.5006666 -4.3918905
-8.6948795 -4.4178252
-7.1669703 -4.2544045
-7.0300736 -4.8905296
-4.6431298 -4.4121599
-1.4047266 -3.9732397
-1.4326786 -4.5041451
2.0845861 -3.5565045
5.0320463 -3.4493153
5.2824769 -4.1516681
7.9670806 -3.6026497
10.5518656 -4.1995969
11.1817665 -4.5152564
14.7903576 -4.3361573
24.2275448 -6.4733706
25.8207378 -6.9001689
31.4186878 -5.7870193
32.5994034 -3.3508577
29.3447762 -2.6570735
25.3966980 -2.6038120
19.4378128 -3.6681519
18.4304638 -4.1622386
11.6825991 -2.7085812
9.0089340 -2.0066605
7.7415209 -1.7345127
7.6725340 -1.4824553
4.9991961 -0.8479549
4.5849080 -0.2130051
2.2381496 -0.5287971
-0.7404751 -0.2028257
-1.0453527 0.6573545
-3.2853761 0.6105506
-6.5108948 0.5854583
-7.1752086 1.6562852
-8.7942181 1.4339416
-8.5351038 1.3914868
-8.4686747 1.9021561
-7.7137461 1.0628093
-6.9792862 0.9167714
-6.8298817 1.3587979
-6.4113626 0.7372502
-5.9891520 0.6465835
-5.8885975 0.9858946
-5.5909648 0.5381952
-5.2948227 0.4624759
-5.2167778 0.7105629
-5.0145316 0.3966249
-4.8122864 0.3218978
-4.7458692 0.4988691
-4.6162181 0.2840416
-4.5038829 0.2058728
-4.4429941 0.3241410
-4.3508363 0.1882156
-4.4361954 0.1037114
-4.3747158 0.1706177
-4.0072179 0.0994221
-4.7900462 0.0172127
-4.7369127 0.0336731
0.0000000 0.0000000
0.0000000 0.0000000
-6.8787093 -0.2289552
-6.4877300 -0.2433445
-5.6916552 -0.4956395
-6.2321329 -0.9240599
-5.8747759 -0.9838451
-6.0991254 -1.1604987
-6.2851734 -1.6249286
-5.8806367 -1.7303631
-6.3820939 -1.9100536
-6.5889120 -2.4470990
-6.1045561 -2.5992506
-6.7651210 -2.8141744
-7.1324282 -3.5139508
-6.4574270 -3.6944587
-7.6280012 -4.0172367
-8.1080246 -4.8661079
-7.1712170 -5.1194406
-8.1074905 -5.5529199
-6.9444575 -5.5260806
-6.4445047 -6.2849765
-5.0920849 -5.5947509
-2.1181171 -5.0943446
-2.0532098 -5.8251753
1.5504310 -4.8081942
4.7960873 -4.8751669
4.5398383 -5.1475306
8.0060177 -4.6966758
12.3473721 -4.6638045
12.8300953 -5.4622731
17.5704975 -6.4139113
21.6031208 -7.0966206
24.1622486 -7.4116879
29.6619720 -6.8955593
30.7436218 -6.1608844
30.9587593 -7.4875169
27.7430859 -7.5684986
15.5232964 -0.9143561
15.2006712 0.4465064
10.2376223 -0.6517327
7.0808206 -1.2214228
6.3082209 -0.8699625
6.5612454 -0.2479526
4.2273407 0.3622691
3.1684489 0.8705786
1.5271586 0.5161977
-1.5259082 1.2874595
-2.6978211 2.7521493
-4.7489023 2.3798728
-7.2327600 3.0645556
-8.2012501 3.7108343
-9.0096874 3.0343728
-7.9068093 2.6711144
-7.4554482 3.1121423
-7.0881758 2.1028757
-6.5716925 1.8556465
-6.2233396 2.2613072
-6.0454006 1.5860945
-5.6925001 1.3431948
-5.4415174 1.6530715
-5.3196206 1.1709775
-5.0667520 0.9738621
-4.8821397 1.1998931
-4.8038306 0.8506178
-4.6265903 0.6861172
-4.4819441 0.8469789
-4.4425955 0.5959104
-4.3451943 0.4490813
-4.2220387 0.5572398
-4.1970482 0.3831278
-4.2928095 0.2418189
-4.1754751 0.3034729
-3.8640347 0.1914820
-4.6503205 0.0502575
-4.5415044 0.0660663
0.0000000 0.0000000
0.0000000 0.0000000
-6.1210690 -0.2525121
-5.6922874 -0.2600976
-5.0564198 -0.5865468
-5.5165009 -1.0287013
-5.1323652 -1.0573537
-5.3655910 -1.3250797
-5.4898825 -1.8087143
-5.0628963 -1.8583785
-5.5186095 -2.1468310
-5.6403437 -2.7092721
-5.1362324 -2.7776465
-5.7030306 -3.1187160
-5.8827443 -3.8021135
-5.2439733 -3.8890004
-6.0686588 -4.3670793
-6.4746838 -5.3565445
-5.3905897 -5.3690104
-6.8865771 -6.3150268
-6.5836143 -7.1721401
-5.2341475 -7.1855979
-5.4849410 -7.7998934
-2.8043408 -7.2971263
-1.8478515 -8.0066242
0.5698196 -6.7674646
4.2033896 -6.2298884
4.5509825 -7.0262108
7.9378686 -5.8865576
12.8100729 -6.3592730
12.5735626 -6.9867525
20.2366467 -5.6392021
23.1353397 -5.1953039
24.9784508 -4.3986845
26.1675777 -2.5309517
25.3984814 -0.0322118
22.7863178 0.3896184
20.4890385 -0.1843880
16.7097645 -0.3299839
15.4556046 0.6984447
11.1220608 0.9614676
6.2187204 0.1566140
5.7987905 1.6416591
4.5739326 1.6927882
2.7352459 1.8619716
1.1544292 3.0032656
-0.0439267 2.6983938
-2.7147007 3.8043048
-4.5623035 5.2057357
-6.1312189 4.4700422
-8.0422010 5.3471828
-7.8095150 5.6125121
-7.6036253 4.3661232
-6.8955560 3.5640659
-6.2427177 4.0013771
-6.2097635 3.1291676
-5.9009590 2.5860951
-5.4169192 2.9433892
-5.4334850 2.3094122
-5.1937771 1.9122322
-4.8393135 2.1785939
-4.8699045 1.7035844
-4.6824861 1.4037994
-4.4156470 1.5980600
-4.4536533 1.2384011
-4.3164878 1.0008223
-4.1054807 1.1383212
-4.1548433 0.8666293
-4.0807981 0.6632705
-3.9032750 0.7558621
-3.9455199 0.5537555
-4.0518746 0.3652113
-3.8851905 0.4181376
-3.6335378 0.2709011
-4.4033437 0.0802286
-4.2459431 0.0946142
0.0000000 0.0000000
0.0000000 0.0000000
-5.2973018 -0.2605418
-4.8585076 -0.2619312
-4.3658314 -0.6360006
-4.7451777 -1.0672742
-4.3610406 -1.0683082
-4.5814586 -1.4014740
-4.6440463 -1.8718936
-4.2287812 -1.8717740
-4.6095819 -2.2433400
-4.6406822 -2.7836542
-4.1724610 -2.7732770
-4.6031499 -3.2157900
-4.6270847 -3.8762302
-4.0881066 -3.8474016
-4.5631375 -4.3950686
-4.6514225 -5.2567439
-3.9845157 -5.1850343
-4.7282791 -5.9779682
-4.8481555 -7.2265029
-3.8082795 -7.0452380
-4.4964552 -8.3658781
-3.0630813 -9.1815424
-2.3208530 -9.1794291
-0.3068287 -9.4580908
3.4991660 -8.8116169
3.2303345 -9.7208576
7.8586802 -7.9574409
12.1473894 -7.3965311
11.5364046 -7.6080422
16.1500607 -6.9630375
20.0964317 -5.7324600
19.7184639 -4.4563532
22.5323563 -2.8954747
22.8752918 -0.6092263
22.6450481 0.4351496
19.6446381 -1.3095540
13.6689959 3.4906356
12.6597052 5.7110491
9.5431890 4.7475691
5.8809323 4.1834674
6.2244530 6.6779380
3.1899869 5.0472350
0.4435885 5.4475703
0.4542375 7.6385822
-2.6023548 6.7145867
-4.7388620 7.6705971
-4.3681049 8.4528990
-6.7722945 7.3205681
-6.6502352 6.1518168
-5.0280037 6.3514457
-5.8351374 5.3143988
-5.6442828 4.2366109
-4.7553339 4.5690856
-5.1651692 3.8549793
-5.0249472 3.1098480
-4.4333649 3.3934617
-4.6792803 2.8378901
-4.5466938 2.3288472
-4.1262007 2.5373003
-4.2968035 2.1041896
-4.1791406 1.7305310
-3.8608291 1.8831580
-3.9991865 1.5381861
-3.9063559 1.2467166
-3.6502736 1.3558670
-3.7756469 1.0802356
-3.7293408 0.8355671
-3.5106847 0.9092861
-3.6122160 0.6899981
-3.7278376 0.4664857
-3.5217781 0.5087771
-3.3298876 0.3334937
-4.0636783 0.1053367
-3.8680735 0.1176738
0.0000000 0.0000000
0.0000000 0.0000000
-4.4566441 -0.2546768
-4.0320320 -0.2509514
-3.6633286 -0.6477970
-3.9639163 -1.0471781
-3.6034741 -1.0257909
-3.7952666 -1.3978570
-3.8017783 -1.8300781
-3.4306002 -1.7891581
-3.7167304 -2.2066636
-3.6677253 -2.6947224
-3.2841220 -2.6184001
-3.5403256 -3.1209068
-3.4321187 -3.6955466
-3.0656197 -3.5562587
-3.2226079 -4.1966405
-3.0260828 -4.9065695
-2.7492006 -4.6340342
-2.6405163 -5.5754194
-2.3105206 -6.4435964
-2.1637967 -5.9503164
-1.8617073 -7.2475257
-1.1110528 -8.3793707
-0.9266128 -7.5223651
0.3195006 -9.3937712
2.9123108 -9.7035170
2.3603623 -8.8880968
6.0998373 -9.3860283
9.7203865 -7.8976717
7.7965617 -7.8435960
13.5044165 -5.1973467
15.8008480 -3.0961711
12.8456736 -3.4879460
17.3941574 -0.3506566
17.5437260 2.4949262
15.9484835 3.0259693
14.1393328 3.4461627
10.7954063 6.7106733
10.0428858 7.5926409
7.8789659 7.9161696
4.9480844 8.6537294
4.4051685 10.1890917
1.8873441 9.2899590
-1.0617175 10.0033770
-0.4031577 10.5841980
-3.3370574 9.8534431
-4.5265045 8.4206944
-2.2150354 8.2250538
-4.2396350 7.3742609
-4.3077154 6.0852261
-3.0684824 6.0950065
-4.2199726 5.4170790
-4.2239962 4.5535779
-3.3879476 4.6398096
-4.0697093 4.0985012
-4.0337648 3.4251821
-3.4380560 3.5619657
-3.8648381 3.1120939
-3.8150945 2.5893106
-3.3692501 2.7275751
-3.6619790 2.3477814
-3.6033301 1.9482239
-3.2597084 2.0549634
-3.4813380 1.7381321
-3.4287999 1.4191712
-3.1481490 1.4975630
-3.3343213 1.2304024
-3.3135202 0.9608128
-3.0691741 1.0147538
-3.2178974 0.7879673
-3.3394539 0.5422880
-3.1052663 0.5734481
-2.9704726 0.3777198
-3.6506188 0.1247187
-3.4283431 0.1345637
0.0000000 0.0000000
0.0000000 0.0000000
-3.6413674 -0.2380068
-3.2482765 -0.2299928
-2.9856739 -0.6280831
-3.2123413 -0.9803855
-2.8914530 -0.9426799
-3.0503488 -1.3307332
-3.0099440 -1.7018893
-2.6975851 -1.6297945
-2.8948302 -2.0703909
-2.7802701 -2.4670637
-2.4873214 -2.3413196
-2.6096141 -2.8720958
-2.4052272 -3.3044686
-2.1641753 -3.0857918
-2.1285362 -3.7671406
-1.8067049 -4.2310181
-1.6677327 -3.8746247
-1.4032993 -4.7464094
-0.8568709 -5.2778635
-0.8753097 -4.6391182
-0.1179621 -5.9277906
0.7391803 -6.3376589
0.6582270 -5.4273472
1.6563095 -6.8429103
3.1973007 -6.8901000
2.6755002 -5.5883880
4.9287171 -7.3400831
7.0735259 -6.3380480
5.8411846 -4.8649263
9.3242760 -4.3134613
10.4517374 -2.5288138
8.2609768 -1.9273233
11.5674706 1.1256721
11.7777681 3.6780429
8.1355677 3.1845849
10.0477161 5.5354896
8.2484407 8.3879509
6.4373088 6.8718920
5.8086171 9.0833511
3.6240716 9.7802362
3.4428539 8.2149916
1.6275747 9.6720371
0.2074042 8.8959417
0.8412234 7.7373276
-0.9891123 8.1644335
-1.7853072 7.0933475
-0.8406003 6.6782246
-2.2560260 6.5107570
-2.6545131 5.6172709
-1.8065958 5.4615798
-2.8152411 5.1309519
-2.9886401 4.4429941
-2.3192117 4.3930755
-3.0269806 4.0376778
-3.0860250 3.4861875
-2.5620370 3.5031266
-3.0600221 3.1629293
-3.0688746 2.7054093
-2.6516635 2.7590916
-3.0130036 2.4457433
-3.0001059 2.0639195
-2.6581624 2.1250951
-2.9367242 1.8414754
-2.9165115 1.5226476
-2.6284735 1.5714816
-2.8581636 1.3187386
-2.8575506 1.0413752
-2.6012475 1.0766890
-2.7846210 0.8491793
-2.9061468 0.5930457
-2.6550131 0.6139579
-2.5734613 0.4048077
-3.1850126 0.1381635
-2.9466078 0.1455380
0.0000000 0.0000000
0.0000000 0.0000000
-2.8839893 -0.2146429
-2.5309360 -0.2036444
-2.3606744 -0.5845939
-2.5230746 -0.8848532
-2.2440474 -0.8377339
-2.3798163 -1.2172601
-2.3118887 -1.5233704
-2.0501618 -1.4350030
-2.1912107 -1.8609414
-2.0478904 -2.1690991
-1.8131465 -2.0212569
-1.8726121 -2.5209846
-1.6453077 -2.8259904
-1.4525050 -2.5912528
-1.3795869 -3.1940179
-1.0345649 -3.4879763
-0.9048682 -3.1179011
-0.6551222 -3.8617523
-0.1412967 -4.0930028
-0.1059765 -3.5669413
0.4052485 -4.4335938
1.1939454 -4.5342350
1.0737965 -3.7736523
2.0025818 -4.6850529
2.9143667 -4.4986539
2.5926628 -3.5717220
3.8667901 -3.9993303
4.8641968 -3.5467892
4.1147804 -2.5594282
5.9823999 -2.4043064
6.7108288 -1.3103386
5.2774124 -0.8935012
7.3219557 1.2190261
6.8877907 2.1554356
5.2790132 1.6310275
6.5689073 3.5092719
5.7379513 5.0651326
4.3671660 3.8725517
4.5787864 5.5685072
3.5129106 6.4654064
2.7455547 5.2538433
2.1658943 6.3817368
1.2062167 6.5013390
1.1202646 5.6134019
0.2376300 6.1805677
-0.4473672 5.8466663
-0.1843065 5.3061361
-1.0332602 5.4522758
-1.4534817 4.9748850
-1.0452175 4.6906166
-1.7667555 4.6009111
-2.0015454 4.1285596
-1.5569551 3.9913151
-2.1498139 3.7916262
-2.2691879 3.3658664
-1.8559264 3.3121376
-2.3280339 3.0699878
-2.3800819 2.6927967
-2.0179958 2.6854458
-2.3908412 2.4338188
-2.4094782 2.0962522
-2.0930505 2.1154609
-2.3948774 1.8678330
-2.3974888 1.5679460
-2.1169631 1.5915606
-2.3701365 1.3555712
-2.3835044 1.0842116
-2.1255362 1.1039906
-2.3311827 0.8793073
-2.4455364 0.6230397
-2.1869857 0.6357248
-2.1556492 0.4177400
-2.6851113 0.1473468
-2.4405568 0.1519980
0.0000000 0.0000000
0.0000000 0.0000000
-2.2035725 -0.1894326
-1.8910652 -0.1770715
-1.8037089 -0.5268229
-1.9138277 -0.7803030
-1.6703205 -0.7310691
-1.7976789 -1.0813519
-1.7211790 -1.3318274
-1.4960867 -1.2414916
-1.6117932 -1.6245642
-1.4699216 -1.8624054
-1.2696447 -1.7176415
-1.3124216 -2.1491323
-1.0993983 -2.3635421
-0.9299458 -2.1452401
-0.8721128 -2.6320274
-0.5674585 -2.8062384
-0.4368843 -2.4869008
-0.2543121 -3.0477936
0.1794543 -3.1370175
0.2240528 -2.7058029
0.5890711 -3.2408941
1.1461101 -3.2177250
1.0551299 -2.6728382
1.6666836 -3.1484261
2.2647529 -2.9575419
2.0366030 -2.3073049
2.9218714 -2.3979125
3.4272511 -2.0125613
2.9129190 -1.4986382
3.9982007 -1.0778360
4.3030467 -0.5165523
3.4941161 -0.2954219
4.6488423 0.9290683
4.4521785 1.5112482
3.4830201 1.2955856
4.2899251 2.4594808
3.8288693 3.3089197
2.9516327 2.7493312
3.2740066 3.8209488
2.6526871 4.4753761
2.0292931 3.7624130
1.9125332 4.5891275
1.2955697 4.8808951
1.0068948 4.2432508
0.6261700 4.7594762
0.1275773 4.7372289
0.0945085 4.2638922
-0.3714347 4.5012188
-0.7245799 4.2953005
-0.5908148 3.9886558
-1.0503881 4.0236249
-1.2759528 3.7369747
-1.0292517 3.5593174
-1.4660687 3.4643204
-1.6019065 3.1582584
-1.3090951 3.0664690
-1.7031118 2.8990121
-1.7766763 2.5986428
-1.4823904 2.5582905
-1.8237997 2.3565519
-1.8606588 2.0702317
-1.5815409 2.0591662
-1.8762528 1.8432629
-1.8927631 1.5713962
-1.6308777 1.5768224
-1.8878542 1.3567845
-1.9077842 1.0995274
-1.6566085 1.1088314
-1.8719699 0.8885815
-1.9733413 0.6372198
-1.7123446 0.6458306
-1.7305136 0.4215634
-2.1649966 0.1548985
-1.9197170 0.1563727
0.0000000 0.0000000
0.0000000 0.0000000
-1.6036370 -0.1659739
-1.3270459 -0.1539701
-1.3167645 -0.4658264
-1.3849846 -0.6831642
-1.1679044 -0.6382458
-1.2999879 -0.9472327
-1.2285476 -1.1557631
-1.0277548 -1.0746924
-1.1402624 -1.4020319
-1.0173844 -1.5896739
-0.8381010 -1.4638480
-0.8911589 -1.8142452
-0.7132188 -1.9687434
-0.5594903 -1.7848368
-0.5344562 -2.1554344
-0.2906199 -2.2577512
-0.1715030 -2.0022099
-0.0622060 -2.3808002
0.2617953 -2.4039123
0.3019947 -2.0772204
0.5583704 -2.3984616
0.9363371 -2.3283982
0.8635043 -1.9441483
1.2776657 -2.1352198
1.6365824 -1.9628096
1.4577487 -1.5505413
2.0378525 -1.4931197
2.3185177 -1.1939892
1.9627453 -0.8914351
2.6644275 -0.4686576
2.8020833 -0.1082888
2.2685425 0.0166999
3.0153248 0.8052306
2.8944566 1.2345564
2.2552223 1.1205789
2.8317492 1.9131978
2.5505719 2.4665923
1.9382063 2.1487923
2.2574425 2.8865035
1.8834994 3.3544774
1.3961008 2.9299080
1.4639257 3.5364106
1.0717639 3.8165960
0.7624223 3.3904591
0.6432536 3.8140378
0.2994727 3.8961630
0.1611004 3.5379102
-0.0608203 3.7773969
-0.3290544 3.7070568
-0.3296449 3.4406648
-0.5938398 3.5248408
-0.7802635 3.3567598
-0.6622360 3.1830137
-0.9565771 3.1457839
-1.0802790 2.9296212
-0.8853785 2.8288698
-1.1876322 2.7094703
-1.2625819 2.4728901
-1.0333390 2.4205968
-1.3227049 2.2534599
-1.3647953 2.0105186
-1.1257474 1.9877189
-1.3930428 1.7948316
-1.4156793 1.5523447
-1.1774981 1.5472772
-1.4220294 1.3404536
-1.4418077 1.1003984
-1.2059031 1.1048059
-1.4172579 0.8893178
-1.4984784 0.6456048
-1.2427086 0.6535746
-1.3039714 0.4266050
-1.6358168 0.1580843
-1.3819442 0.1589069
0.0000000 0.0000000
0.0000000 0.0000000
-1.0755498 -0.1470367
-0.8246899 -0.1375266
-0.8922536 -0.4112881
-0.9258753 -0.6050709
-0.7244920 -0.5686176
-0.8730679 -0.8336878
-0.8147234 -1.0154852
-0.6280773 -0.9497759
-0.7527387 -1.2200124
-0.6593261 -1.3776699
-0.4914736 -1.2758509
-0.5703908 -1.5499346
-0.4393799 -1.6709069
-0.2961969 -1.5203720
-0.3157843 -1.7931399
-0.1435676 -1.8599049
-0.0368188 -1.6507400
0.0092427 -1.9037884
0.2266795 -1.8971508
0.2602286 -1.6487967
0.4192672 -1.8287241
0.6569285 -1.7446421
0.5984202 -1.4731818
0.8762088 -1.5244628
1.0877010 -1.3618443
0.9329258 -1.0968915
1.3238220 -0.9720420
1.4793764 -0.7269390
1.2061771 -0.5362030
1.6907111 -0.1653496
1.7530494 0.1167516
1.3596060 0.1932070
1.8823438 0.7428087
1.8103666 1.0954766
1.3405384 1.0280539
1.7900494 1.5994509
1.6242124 2.0095968
1.1541649 1.8142724
1.4691921 2.3583882
1.2467917 2.7191625
0.8439766 2.4440842
1.0096644 2.9136300
0.7696362 3.1596551
0.4755460 2.8583908
0.5098109 3.2186930
0.2888471 3.3301444
0.1155914 3.0453708
0.0546050 3.2866325
-0.1285312 3.2760994
-0.1876028 3.0335865
-0.3118702 3.1610296
-0.4473601 3.0544949
-0.4007062 2.8832340
-0.5806674 2.8958507
-0.6765606 2.7328153
-0.5484209 2.6312201
-0.7655258 2.5500331
-0.8285525 2.3551843
-0.6486867 2.3040252
-0.8829187 2.1607590
-0.9205122 1.9482355
-0.7143066 1.9281871
-0.9493155 1.7483423
-0.9701918 1.5277092
-0.7538155 1.5254611
-0.9792223 1.3248760
-0.9942462 1.1015085
-0.7783458 1.1078078
-0.9760203 0.8931638
-1.0215894 0.6645206
-0.7998113 0.6593161
-0.8720312 0.4416172
-1.0912184 0.1690333
-0.8241620 0.0833139
0.0000000 0.0000000
0.0000000 0.0000000
-0.6014593 -0.1365264
-0.3634022 -0.1324983
-0.5145105 -0.3705719
-0.5193748 -0.5571514
-0.3162014 -0.5214690
-0.4979617 -0.7550711
-0.4575743 -0.9296789
-0.2663871 -0.8464653
-0.4246155 -1.0989902
-0.3655014 -1.2507064
-0.1976103 -1.1004167
-0.3162923 -1.3814319
-0.2378276 -1.4974538
-0.1029968 -1.2594815
-0.1708259 -1.5708421
-0.0712362 -1.6330947
0.0197823 -1.3225681
0.0124128 -1.6247151
0.1345141 -1.6158596
0.1633330 -1.2937530
0.2374099 -1.5086254
0.3673015 -1.4257689
0.3162599 -1.1201131
0.4844278 -1.2011238
0.5978542 -1.0438164
0.4590335 -0.7872584
0.7187868 -0.7051047
0.7971759 -0.4824503
0.5671926 -0.3121297
0.9122806 -0.0279095
0.9413617 0.2369611
0.6164816 0.2857614
1.0151960 0.7117017
0.9786795 1.0372926
0.5889456 0.9399008
0.9765410 1.4468285
0.8917327 1.7940267
0.4907300 1.5523535
0.8186359 2.1091270
0.7032411 2.4117243
0.3435422 2.0475841
0.5841681 2.6203136
0.4565403 2.8339171
0.1762771 2.3795915
0.3202349 2.9377089
0.1992383 3.0445554
0.0170566 2.5366240
0.0719963 3.0569072
-0.0316776 3.0573366
-0.1142445 2.5561469
-0.1335881 2.9938524
-0.2135931 2.9010096
-0.2109095 2.4976230
-0.2929427 2.7866840
-0.3524984 2.6352816
-0.2754779 2.3559387
-0.4088796 2.4863484
-0.4505239 2.2998877
-0.3160622 2.1307299
-0.4869921 2.1302698
-0.5139533 1.9230151
-0.3398430 1.8353963
-0.5345024 1.7410159
-0.5507292 1.5242292
-0.3535472 1.4899951
-0.5585350 1.3343921
-0.5656328 1.1232102
-0.3767532 1.1191900
-0.5637237 0.9083527
-0.5276184 0.7592357
-0.4751226 0.7321437
-0.5106896 0.3628450
-0.2944854 0.5137218
-0.3922569 -0.0490233
0.0000000 0.0000000
0.0000000 0.0000000
-0.1410599 -0.1417150
0.0000000 0.0000000
-0.1356613 -0.3541229
-0.1261860 -0.5804797
0.0000000 0.0000000
-0.1229375 -0.7620454
-0.1144689 -0.9628115
0.0000000 0.0000000
-0.1081036 -1.1250224
-0.0958421 -1.2877510
0.0000000 0.0000000
-0.0850473 -1.4166125
-0.0655816 -1.5299546
0.0000000 0.0000000
-0.0484156 -1.6014580
-0.0213169 -1.6491547
0.0000000 0.0000000
0.0019983 -1.6387262
0.0292189 -1.6029067
0.0000000 0.0000000
0.0556626 -1.5023317
0.0841145 -1.3794999
0.0000000 0.0000000
0.1143259 -1.1774000
0.1388001 -0.9680353
0.0000000 0.0000000
0.1694409 -0.6707006
0.1863703 -0.3890366
0.0000000 0.0000000
0.2167130 -0.0105510
0.2219526 0.3363006
0.0000000 0.0000000
0.2460299 0.7308393
0.2346561 1.1304332
0.0000000 0.0000000
0.2417610 1.4836826
0.2169105 1.8850048
0.0000000 0.0000000
0.2079602 2.1653092
0.1749184 2.5112214
0.0000000 0.0000000
0.1542091 2.7019820
0.1178109 2.9535911
0.0000000 0.0000000
0.0908144 3.0497789
0.0545095 3.1926386
0.0000000 0.0000000
0.0245631 3.1956484
-0.0073405 3.2317770
0.0000000 0.0000000
-0.0362966 3.1534162
-0.0596299 3.0930340
0.0000000 0.0000000
-0.0781476 2.9574375
-0.0937245 2.8283770
0.0000000 0.0000000
-0.1054361 2.6534770
-0.1147908 2.4815454
0.0000000 0.0000000
-0.1219305 2.2819874
-0.1270515 2.0835295
0.0000000 0.0000000
-0.1300135 1.8721741
-0.1353918 1.6556166
0.0000000 0.0000000
-0.1355770 1.4420575
-0.1489194 1.2384849
0.0000000 0.0000000
-0.1933203 0.9448927
-0.0322108 1.0812864
0.0000000 0.0000000
-0.2839732 0.0765673
0.9024088 1.0824854
0.0000000 0.0000000
0.0000000 0.0000000
-37.18502
-36.86425
-36.94366
-39.45166
-42.38474
-45.72853
-49.96337
-55.27043
-62.54531
-74.41178
-98.79922
-153.7715
-232.5088
-69.88881
-95.27912
-42.78205
-33.39807
-28.86641
-26.26004
-24.77202
-23.8945
-23.34905
-22.98346
-22.73121
-22.65229
-22.80931
-37.31171
-37.07053
-37.70712
-39.8156
-42.66981
-46.07244
-50.2599
-55.38676
-62.06339
-72.07268
-91.70051
-156.8641
-183.9286
4.587708
-89.19648
-46.7846
-33.65943
-28.52446
-26.07764
-24.73921
-23.93954
-23.42523
-23.08072
-22.82476
-22.76477
-22.85982
-38.38001
-38.30443
-39.48782
-41.26872
-44.03242
-47.49953
-51.60545
-56.24644
-61.29717
-66.51571
-70.00542
-72.44515
-102.3996
-33.13995
-49.85583
-37.47306
-30.90073
-27.54733
-25.81604
-24.85071
-24.24033
-23.80948
-23.50108
-23.28724
-23.19062
-23.23938
-40.1438
-40.23796
-41.72675
-43.55476
-46.42279
-50.05423
-54.17164
-58.37416
-61.73927
-62.69192
-61.56056
-57.45396
-37.84806
11.29577
-62.26186
-33.30787
-27.04137
-25.80209
-25.41656
-25.10833
-24.79771
-24.49457
-24.21342
-24.02352
-23.87306
-23.8917
-42.45758
-42.73859
-44.44517
-46.61263
-49.79692
-53.85881
-58.42487
-62.6719
-65.17836
-61.74301
-47.50738
-11.5657
-9.866358
37.60112
6.487771
-12.93779
-20.89089
-23.96659
-25.27809
-25.72198
-25.72484
-25.52143
-25.24065
-25.02853
-24.8241
-24.81635
-45.1868
-45.65634
-47.57723
-50.28076
-54.11018
-59.09112
-64.92334
-70.76517
-74.65163
-72.2473
-58.07187
-33.90653
-46.69688
-22.19372
-8.681484
-11.21629
-18.70459
-23.74096
-26.1727
-27.08356
-27.19953
-26.95685
-26.5997
-26.30375
-26.03986
-26.00451
-48.09019
-48.73623
-50.92793
-54.33439
-59.19195
-65.77119
-74.19497
-84.70785
-94.4609
-94.28984
-82.44469
-61.04224
-57.54343
-16.14105
15.01293
-8.528364
-20.64923
-26.40428
-28.80102
-29.53767
-29.36698
-28.84914
-28.28454
-27.83081
-27.48542
-27.41565
-50.78055
-51.58621
-54.1014
-58.3605
-64.67768
-73.49348
-86.25287
-104.9732
-117.4249
-117.7053
-109.1954
-91.82039
-66.21882
-32.10101
-20.54887
-23.90743
-29.69003
-32.69623
-33.57862
-33.26849
-32.26451
-31.17887
-30.2435
-29.54468
-29.08426
-28.97134
-52.72431
-53.66488
-56.4987
-61.62366
-69.66716
-81.43548
-98.91309
-123.1155
-133.1154
-134.9642
-128.9544
-116.6069
-96.85138
-57.00718
-43.00113
-43.89322
-45.02356
-42.47096
-40.54033
-38.18063
-35.76269
-33.81745
-32.34745
-31.32112
-30.70565
-30.53595
-53.23602
-54.32935
-57.41689
-63.23092
-72.77027
-87.69645
-109.7843
-132.4032
-140.7425
-141.9933
-138.7311
-131.9189
-108.8824
-58.14353
-60.76516
-65.08025
-65.4785
-56.03696
-49.19497
-43.79847
-39.53307
-36.50429
-34.37456
-32.95835
-32.15766
-31.91098
-51.63499
-52.83366
-56.08173
-62.31899
-72.67218
-89.67515
-114.8184
-135.4376
-144.6048
-146.0157
-145.485
-146.898
-123.4223
-117.6912
-94.12346
-90.30633
-86.05946
-72.28664
-58.26619
-49.21734
-43.06116
-38.86312
-36.02022
-34.19237
-33.20023
-32.87287
-47.62907
-48.6204
-51.98894
-58.3377
-68.8535
-86.46815
-112.7683
-131.3215
-138.5918
-139.5501
-139.6153
-148.9084
-128.1941
-105.4193
-104.9142
-105.997
-100.9933
-85.38396
-65.75197
-53.43997
-45.63802
-40.40932
-36.92523
-34.71994
-33.53968
-33.16879
-41.43979
-42.25931
-45.45248
-51.43603
-61.27496
-77.81863
-101.9124
-121.7153
-126.8388
-126.7628
-124.7708
-114.8248
-127.364
-129.1741
-124.3183
-119.0927
-110.7562
-92.54595
-69.72357
-55.57808
-46.60567
-40.67542
-36.76045
-34.28861
-32.94159
-32.57203
-33.4418
-34.12448
-36.84401
-41.9585
-50.44101
-64.51835
-85.94729
-107.2153
-116.9181
-118.8763
-117.5827
-126.2245
-108.0621
-117.5591
-125.7918
-124.4495
-114.6046
-93.66722
-69.68212
-55.08193
-45.61885
-39.41871
-35.36232
-32.81064
-31.40706
-31.04319
-24.19659
-24.71326
-26.79315
-30.70596
-37.14166
-47.51875
-67.58524
-89.33594
-102.1757
-106.5615
-101.1752
-88.59675
-132.696
-136.0094
-130.3093
-125.5499
-113.1328
-86.78307
-65.17285
-51.41208
-42.42356
-36.5391
-32.70134
-30.29214
-28.96405
-28.62082
-14.34642
-14.67194
-16.00322
-18.53982
-22.78382
-29.59279
-41.10375
-63.65746
-79.70205
-82.99716
-81.17639
-85.0221
-100.9179
-123.4678
-123.1212
-118.4522
-104.3697
-75.16712
-56.27977
-44.65147
-37.1215
-32.15809
-28.89897
-26.84288
-25.70509
-25.41091
-4.507358
-4.6428
-5.231704
-6.38142
-8.291202
-11.43807
-16.94952
-28.03144
-44.88483
-47.0626
-40.53003
-43.97761
-86.92648
-115.0164
-117.1631
-105.8334
-83.64971
-58.06263
-44.33036
-35.8728
-30.36334
-26.68387
-24.24357
-22.69008
-21.82307
-21.59957
4.791533
4.82215
4.896236
4.980772
5.083936
5.229547
5.494725
6.289789
5.330549
11.44922
27.35256
20.84615
-18.3652
-62.44536
-79.77786
-69.79149
-47.09536
-37.23983
-30.71837
-26.11704
-22.89412
-20.6499
-19.12087
-18.13201
-17.57264
-17.42909
13.15951
13.31787
13.90855
14.98041
16.74346
19.57353
24.01912
30.9937
41.63254
55.23057
76.10275
75.26439
46.35892
2.569703
-16.14646
-20.54997
-20.04051
-18.80893
-17.64697
-16.46693
-15.41464
-14.55851
-13.91859
-13.48221
-13.225
-13.15945
20.35809
20.59201
21.51085
23.17796
25.82914
29.7926
35.58041
43.705
55.27148
67.90313
79.48596
81.07587
66.97803
44.28703
21.53928
7.484164
-0.3488934
-4.479329
-6.709705
-7.908744
-8.532846
-8.837972
-8.971495
-9.021957
-9.03044
-9.03098
26.28112
26.53991
27.58936
29.47332
32.35682
36.46471
42.07015
49.49472
58.27325
67.76011
73.85371
73.54485
64.8423
50.70244
35.03715
21.84672
12.31301
5.959189
1.815556
-0.8832406
-2.648785
-3.80314
-4.536386
-4.975985
-5.201216
-5.252786
30.93696
31.1844
32.22582
34.07834
36.83432
40.61421
45.50397
51.50953
57.96867
63.88502
67.2911
66.38674
60.3991
50.64284
39.36
28.62706
19.73795
12.96882
8.048324
4.543697
2.076
0.3634042
-0.7893981
-1.510144
-1.890741
-1.989519
34.40755
34.62341
35.58922
37.29678
39.78378
43.08776
47.18232
51.84442
56.51957
60.31726
62.17756
61.00005
56.41276
49.14353
40.47893
31.72525
23.87141
17.37757
12.31062
8.472225
5.631816
3.584084
2.165944
1.264488
0.7954145
0.639549
36.79959
36.981
37.8536
39.39773
41.61564
44.49309
47.93818
51.63384
55.11381
57.69273
58.67777
57.36216
53.53972
47.65655
40.53397
33.08455
26.06768
19.96393
14.99359
11.07638
8.076736
5.854045
4.284841
3.272093
2.757054
2.699203
38.20214
38.35601
39.16264
40.58191
42.60862
45.21246
48.25509
51.39397
54.21552
56.16227
56.69299
55.30049
51.85491
46.6657
40.34649
33.61408
27.09351
21.26663
16.41463
12.51146
9.466149
7.175087
5.539797
4.475487
3.995875
3.5854
38.66684
38.76647
39.53634
40.9268
42.90743
45.42828
48.33468
51.31945
53.96554
55.74513
56.15312
54.73387
51.37938
46.36336
40.24944
33.71352
27.36771
21.65249
16.81935
12.90476
9.837083
7.517742
5.855503
4.769684
3.651075
0
