0.0000000 0.0000000
0.0000000 0.0000000
0.0000000 0.0000000
0.0000000 0.0000000
0.0000000 0.0000000
0.0000000 0.0000000
0.0000000 0.0000000
0.0000000 0.0000000
0.0000000 0.0000000
0.0000000 0.0000000
0.0000000 0.0000000
0.0000000 0.0000000
0.0000000 0.0000000
0.0000000 0.0000000
0.0000000 0.0000000
0.0000000 0.0000000
0.0000000 0.0000000
0.0000000 0.0000000
0.0000000 0.0000000
0.0000000 0.0000000
0.0000000 0.0000000
0.0000000 0.0000000
0.0000000 0.0000000
0.0000000 0.0000000
0.0000000 0.0000000
0.0000000 0.0000000
0.0000000 0.0000000
-0.2783574 0.2340486
-0.3630956 0.5592219
-0.4499294 0.9522027
-0.5876316 1.4614742
-0.8119022 2.1588535
-1.1723911 3.1480632
-1.7379078 4.5842848
-2.5177765 6.6689253
-3.2791245 9.4387522
-4.3214035 12.8788509
-6.4962754 15.7149611
16.8427963 11.9921103
11.1499090 -16.4658928
-5.3759875 -14.2710571
-4.0608282 -12.9387598
-2.4744825 -9.4443617
-2.3669817 -6.7305827
-1.7169508 -4.8869205
-1.2460907 -3.4921486
-0.9133445 -2.4418173
-0.6786754 -1.6667169
-0.5203956 -1.0957367
-0.4202172 -0.6597377
-0.3564060 -0.3041438
0.0000000 0.0000000
0.0000000 0.0000000
-0.5952539 0.2774453
-0.7478043 0.5956817
-0.9230608 0.9615884
-1.2035366 1.4126407
-1.6554896 1.9917911
-2.3706505 2.7659464
-3.4295359 3.8745267
-5.0296574 5.5038519
-6.4250669 8.8706961
-8.2893610 11.3923759
7.3972721 6.6801405
23.6128407 6.9496102
24.8902092 -10.3094492
6.2202439 -8.6626844
-6.9022684 -10.8579969
-6.0494957 -8.3189707
-4.3599772 -6.1516705
-3.2223659 -4.3820210
-2.3344674 -3.0844448
-1.7052641 -2.1748364
-1.2762288 -1.5148386
-0.9929345 -1.0159419
-0.8145782 -0.6163732
-0.6700982 -0.2696133
0.0000000 0.0000000
0.0000000 0.0000000
-0.8411173 0.2404317
-1.0484943 0.4902996
-1.2716764 0.7712376
-1.6226648 1.0997691
-2.1718519 1.5016556
-3.0318470 2.0172417
-4.3891568 2.7624173
-6.5519381 4.0961680
-10.7379036 4.0637732
-5.5764070 5.4874215
2.2016678 1.7093467
31.6615181 5.0749516
29.8915539 -6.7824745
-0.7232372 -2.3840706
-2.6129200 -3.2484989
-9.6594810 -3.3407946
-6.1285601 -4.3722363
-4.3882537 -3.0205772
-3.1392472 -2.0987849
-2.2880740 -1.5078864
-1.7258654 -1.0825680
-1.3598640 -0.7436253
-1.1253916 -0.4548504
-0.9094219 -0.1953958
0.0000000 0.0000000
0.0000000 0.0000000
-1.0013378 0.1756123
-1.2481093 0.3380802
-1.4878227 0.5103968
-1.8486207 0.6953235
-2.3934314 0.9062134
-3.2209098 1.1890639
-4.5728598 1.4237827
-7.1214542 0.7592392
-6.9976387 -4.2543693
-7.0650272 -4.1350775
14.9291573 -3.7983413
28.2552814 0.3463386
23.6736050 -2.1404741
9.2871122 5.0657125
-4.7733684 -0.4433336
-9.0791416 1.4800962
-7.8338685 -0.6777960
-5.0411601 -0.7943076
-3.5283139 -0.7906319
-2.5942597 -0.6915824
-1.9850440 -0.5630473
-1.5882165 -0.4185661
-1.3284922 -0.2650197
-1.0585485 -0.1129898
0.0000000 0.0000000
0.0000000 0.0000000
-1.0794425 0.1011188
-1.3463157 0.1740212
-1.5743150 0.2343342
-1.8970212 0.2640256
-2.3613129 0.2291995
-3.0044184 0.0415770
-3.8723633 0.0174982
-5.1287107 -1.6091762
-6.1693997 -5.3536181
-3.3757210 -6.8441448
12.2227316 -9.0677109
26.1521358 0.9660135
22.3486366 -0.3131639
13.4979267 9.7799654
-0.4220276 6.0984588
-10.0906734 5.3305821
-7.1154070 1.7625562
-4.8212523 0.7542022
-3.4546006 0.2433280
-2.5982490 -0.0054673
-2.0418353 -0.0990886
-1.6743238 -0.1144920
-1.4205787 -0.0852881
-1.1225848 -0.0344273
0.0000000 0.0000000
0.0000000 0.0000000
-1.0883679 0.0283069
-1.3561250 0.0179590
-1.5504832 -0.0273488
-1.8061974 -0.1340568
-2.1522052 -0.3384672
-2.5961590 -0.7617704
-3.1086903 -1.3265449
-3.7976718 -2.8739309
-4.6368423 -4.4410248
-4.8374686 -6.9938679
5.8696790 -5.6790099
20.1091671 2.6492472
19.3541145 0.3928750
14.5276957 7.2009177
1.0540929 9.7352076
-4.1838689 6.9218473
-4.4913936 3.3202248
-3.7027392 1.7370158
-2.9312668 0.9435014
-2.3480074 0.5013070
-1.9289403 0.2543431
-1.6361898 0.1242056
-1.4212126 0.0604741
-1.1339235 0.0304284
0.0000000 0.0000000
0.0000000 0.0000000
-1.0641268 -0.0340853
-1.2997831 -0.1097321
-1.4433029 -0.2251635
-1.6166050 -0.4056344
-1.8309863 -0.6848545
-2.0706484 -1.1437721
-2.3264291 -1.8368926
-2.5535417 -2.5955901
-2.3029249 -4.3298903
-1.4785309 -5.8582745
2.7405720 -7.4813824
11.2768774 -0.8247803
13.3895235 2.7882943
7.0320697 7.5749178
1.1098411 7.8029981
-1.6216143 5.7258954
-2.2420280 3.6795721
-2.3584034 2.2203450
-2.1899815 1.3494740
-1.9366502 0.8266432
-1.6969234 0.5035671
-1.5038283 0.3004460
-1.3441966 0.1702070
-1.0880265 0.0793421
0.0000000 0.0000000
0.0000000 0.0000000
-0.9945995 -0.0784861
-1.1907117 -0.1946037
-1.2841539 -0.3476691
-1.3791280 -0.5588544
-1.4778935 -0.8532283
-1.5495664 -1.2598801
-1.5524122 -1.8255728
-1.4333551 -2.4683504
-0.9202508 -3.4310300
0.0633434 -3.7867572
2.6365662 -5.1207666
5.5783992 -2.3289618
6.4256997 1.3385122
4.4337039 3.4840107
1.6944494 4.5133152
-0.2534778 4.0112205
-1.0661584 3.0746417
-1.3965158 2.1743848
-1.5140138 1.4717886
-1.4930167 0.9794988
-1.4111159 0.6434061
-1.3158296 0.4099186
-1.2145303 0.2417532
-0.9969315 0.1111138
0.0000000 0.0000000
0.0000000 0.0000000
-0.8951799 -0.1050899
-1.0529751 -0.2411200
-1.1029824 -0.4066249
-1.1348541 -0.6157304
-1.1442765 -0.8829770
-1.1020815 -1.2179080
-0.9569770 -1.6296246
-0.6411569 -2.0725346
0.0396950 -2.5756361
0.9599054 -2.7471542
2.1636188 -2.7652662
3.4960852 -1.1526539
3.8918612 0.7382727
3.0210671 2.0004311
1.6551087 2.7192006
0.3920525 2.7363822
-0.3946733 2.3625991
-0.7925537 1.8643110
-1.0111842 1.3870602
-1.1052598 0.9927590
-1.1275169 0.6897188
-1.1079638 0.4585636
-1.0571398 0.2774874
-0.8796573 0.1271427
0.0000000 0.0000000
0.0000000 0.0000000
-0.7812448 -0.1165702
-0.9054487 -0.2567621
-0.9220289 -0.4176767
-0.9093040 -0.6071967
-0.8617784 -0.8315049
-0.7554254 -1.0907506
-0.5500382 -1.3769186
-0.2017979 -1.6519350
0.3373840 -1.8700562
0.9996765 -1.8727922
1.7404841 -1.5699893
2.3489020 -0.6514473
2.5394497 0.4232146
2.1091766 1.2204338
1.3560272 1.7332900
0.5745088 1.8836900
-0.0352428 1.7640966
-0.4209785 1.5065053
-0.6602125 1.2047558
-0.8025737 0.9176003
-0.8771572 0.6683076
-0.9069058 0.4599915
-0.8924972 0.2840942
-0.7518777 0.1303802
0.0000000 0.0000000
0.0000000 0.0000000
-0.6651780 -0.1167742
-0.7609818 -0.2506738
-0.7551307 -0.3973552
-0.7150817 -0.5600728
-0.6379808 -0.7397487
-0.5062420 -0.9311508
-0.2941220 -1.1198205
0.0152150 -1.2738003
0.4197798 -1.3469008
0.8739870 -1.2669615
1.3196214 -0.9646577
1.6425613 -0.3950919
1.7278111 0.2544912
1.4978136 0.7836472
1.0618707 1.1528876
0.5672462 1.3187723
0.1299311 1.3086773
-0.1979166 1.1838055
-0.4228538 1.0006561
-0.5756043 0.8003624
-0.6712821 0.6068028
-0.7260461 0.4300079
-0.7354637 0.2703609
-0.6256212 0.1243942
0.0000000 0.0000000
0.0000000 0.0000000
-0.5551340 -0.1096403
-0.6281111 -0.2311460
-0.6085683 -0.3592652
-0.5553509 -0.4942120
-0.4676941 -0.6336769
-0.3346837 -0.7704529
-0.1435823 -0.8896452
0.1053508 -0.9679708
0.4005915 -0.9731373
0.7079664 -0.8708692
0.9871449 -0.6283451
1.1759887 -0.2546077
1.2172394 0.1628110
1.0829911 0.5235444
0.8182356 0.7924319
0.4981821 0.9403871
0.1881896 0.9735563
-0.0710904 0.9191315
-0.2650718 0.8102536
-0.4085533 0.6734122
-0.5083651 0.5275460
-0.5713359 0.3830380
-0.5933997 0.2444975
-0.5090699 0.1129387
0.0000000 0.0000000
0.0000000 0.0000000
-0.4555133 -0.0983405
-0.5108889 -0.2047499
-0.4847396 -0.3133456
-0.4273764 -0.4225804
-0.3412397 -0.5288136
-0.2202941 -0.6246172
-0.0592871 -0.6975345
0.1331813 -0.7322744
0.3470434 -0.7087537
0.5579063 -0.6108404
0.7397295 -0.4264344
0.8569166 -0.1710053
0.8793406 0.1099745
0.7960125 0.3620350
0.6283888 0.5595832
0.4153127 0.6823031
0.1965639 0.7286187
-0.0020329 0.7110701
-0.1625995 0.6471636
-0.2871112 0.5539770
-0.3802400 0.4453168
-0.4433793 0.3300420
-0.4697554 0.2132470
-0.4056601 0.0989228
0.0000000 0.0000000
0.0000000 0.0000000
-0.3688088 -0.0853676
-0.4101281 -0.1760656
-0.3824019 -0.2662481
-0.3273613 -0.3532518
-0.2483892 -0.4331576
-0.1445838 -0.4996792
-0.0149376 -0.5434520
0.1326355 -0.5542583
0.2877131 -0.5214217
0.4352056 -0.4367473
0.5577087 -0.2977567
0.6337069 -0.1177095
0.6474905 0.0778874
0.5931883 0.2581125
0.4834664 0.4044586
0.3383992 0.5031253
0.1820830 0.5500677
0.0338585 0.5501868
-0.0955399 0.5134735
-0.2000456 0.4498796
-0.2806938 0.3689000
-0.3384603 0.2778818
-0.3654812 0.1815282
-0.3167270 0.0844940
0.0000000 0.0000000
0.0000000 0.0000000
-0.2950558 -0.0723712
-0.3260471 -0.1481909
-0.2988540 -0.2218082
-0.2496040 -0.2905199
-0.1814319 -0.3503994
-0.0945258 -0.3962665
0.0075783 -0.4221077
0.1195994 -0.4210041
0.2339275 -0.3870329
0.3385055 -0.3175709
0.4232048 -0.2124829
0.4745110 -0.0819350
0.4836429 0.0579304
0.4476290 0.1890265
0.3730168 0.2988125
0.2730582 0.3767050
0.1604853 0.4193488
0.0492672 0.4275980
-0.0509932 0.4065103
-0.1364388 0.3628941
-0.2044403 0.3024755
-0.2535458 0.2307063
-0.2785140 0.1520771
-0.2421709 0.0711057
0.0000000 0.0000000
0.0000000 0.0000000
-0.2332900 -0.0602751
-0.2566236 -0.1228253
-0.2322648 -0.1823298
-0.1890888 -0.2360625
-0.1324414 -0.2810334
-0.0623372 -0.3129535
0.0183926 -0.3274521
0.1030413 -0.3211126
0.1875373 -0.2899497
0.2636378 -0.2335124
0.3232515 -0.1539752
0.3589562 -0.0575110
0.3652199 0.0453157
0.3411218 0.1421915
0.2895971 0.2252431
0.2187467 0.2868676
0.1382105 0.3231903
0.0549174 0.3346322
-0.0225627 0.3230765
-0.0894837 0.2923903
-0.1450388 0.2469977
-0.1859383 0.1905314
-0.2066921 0.1265062
-0.1801668 0.0594565
0.0000000 0.0000000
0.0000000 0.0000000
-0.1827376 -0.0496925
-0.1996376 -0.1006840
-0.1790040 -0.1485433
-0.1431604 -0.1905567
-0.0960181 -0.2241120
-0.0406757 -0.2465909
0.0216536 -0.2545798
0.0868829 -0.2457286
0.1492631 -0.2190287
0.2049267 -0.1736376
0.2481201 -0.1122125
0.2736481 -0.0400256
0.2782548 0.0367884
0.2613976 0.1101365
0.2259410 0.1734148
0.1753063 0.2221488
0.1165320 0.2528379
0.0556857 0.2645258
-0.0035841 0.2587119
-0.0556779 0.2371047
-0.0986397 0.2024062
-0.1314523 0.1577038
-0.1482172 0.1056360
-0.1288359 0.0499445
0.0000000 0.0000000
0.0000000 0.0000000
-0.1414731 -0.0407425
-0.1540131 -0.0821495
-0.1361728 -0.1203185
-0.1074811 -0.1533175
-0.0700343 -0.1786585
-0.0256448 -0.1942289
0.0218480 -0.1984968
0.0710781 -0.1893033
0.1183716 -0.1662671
0.1590514 -0.1303072
0.1904832 -0.0824551
0.2091641 -0.0268484
0.2130029 0.0313103
0.2012239 0.0874982
0.1759738 0.1369462
0.1405227 0.1754233
0.0975626 0.2011249
0.0526556 0.2125791
0.0093090 0.2099142
-0.0305100 0.1946764
-0.0631015 0.1681502
-0.0873436 0.1322999
-0.1001046 0.0894950
-0.0863817 0.0428000
0.0000000 0.0000000
0.0000000 0.0000000
-0.1078337 -0.0333132
-0.1170929 -0.0669943
-0.1028023 -0.0976017
-0.0791976 -0.1233398
-0.0503431 -0.1427939
-0.0163166 -0.1538796
0.0207979 -0.1554084
0.0574132 -0.1469561
0.0925016 -0.1275074
0.1230099 -0.0981273
0.1459125 -0.0607709
0.1594486 -0.0174098
0.1625171 0.0281399
0.1548606 0.0717338
0.1367708 0.1108147
0.1113615 0.1421506
0.0812280 0.1635019
0.0482879 0.1743529
0.0167164 0.1741571
-0.0115026 0.1633216
-0.0352608 0.1430503
-0.0520010 0.1142009
-0.0598600 0.0783003
-0.0505108 0.0380964
0.0000000 0.0000000
0.0000000 0.0000000
-0.0809558 -0.0273975
-0.0870055 -0.0547997
-0.0760365 -0.0796257
-0.0579338 -0.1000671
-0.0349689 -0.1148260
-0.0096313 -0.1230001
0.0179345 -0.1231994
0.0458903 -0.1150350
0.0714159 -0.0989429
0.0935957 -0.0748676
0.1106060 -0.0445290
0.1206295 -0.0102996
0.1227909 0.0259080
0.1175113 0.0610504
0.1054758 0.0923849
0.0872592 0.1182959
0.0658883 0.1368300
0.0433019 0.1469529
0.0208306 0.1486471
0.0015864 0.1416876
-0.0132892 0.1263702
-0.0230237 0.1031829
-0.0258090 0.0724640
-0.0189259 0.0360783
0.0000000 0.0000000
0.0000000 0.0000000
-0.0590102 -0.0227615
-0.0631436 -0.0454382
-0.0541691 -0.0656274
-0.0409211 -0.0822746
-0.0240839 -0.0939160
-0.0046724 -0.0996853
0.0151040 -0.0992883
0.0351600 -0.0918783
0.0540367 -0.0778111
0.0697765 -0.0580255
0.0817102 -0.0330218
0.0890362 -0.0047257
0.0910107 0.0246060
0.0872059 0.0535233
0.0789061 0.0798400
0.0669379 0.1016479
0.0519709 0.1181339
0.0366380 0.1282317
0.0223083 0.1314847
0.0102035 0.1280268
0.0027623 0.1176155
0.0008237 0.0997192
0.0043925 0.0731895
0.0107719 0.0376132
0.0000000 0.0000000
0.0000000 0.0000000
-0.0407727 -0.0192337
-0.0433770 -0.0384197
-0.0369488 -0.0553407
-0.0269575 -0.0689527
-0.0153782 -0.0785055
-0.0019961 -0.0828922
0.0122634 -0.0817536
0.0258883 -0.0752128
0.0386508 -0.0629368
0.0496917 -0.0457311
0.0578396 -0.0247836
0.0626126 -0.0009137
0.0640198 0.0241008
0.0618913 0.0484786
0.0561575 0.0710960
0.0482622 0.0904489
0.0389619 0.1054124
0.0289380 0.1156492
0.0203475 0.1207408
0.0144624 0.1206554
0.0130358 0.1155498
0.0189182 0.1045825
0.0329831 0.0846429
0.0460209 0.0489133
0.0000000 0.0000000
0.0000000 0.0000000
-0.0256538 -0.0167358
-0.0265067 -0.0330882
-0.0223639 -0.0475289
-0.0161077 -0.0589562
-0.0083364 -0.0666264
-0.0001374 -0.0700926
0.0086222 -0.0687227
0.0173617 -0.0624926
0.0251490 -0.0517862
0.0317549 -0.0368072
0.0368182 -0.0184776
0.0398343 0.0019366
0.0404578 0.0234947
0.0391539 0.0447774
0.0359873 0.0644633
0.0310495 0.0817484
0.0255933 0.0957064
0.0201653 0.1059239
0.0155364 0.1124762
0.0135244 0.1156456
0.0161938 0.1162215
0.0285511 0.1158171
0.0627606 0.1168863
0.1267247 0.1158099
0.0000000 0.0000000
0.0000000 0.0000000
-0.0124977 -0.0140914
-0.0120867 -0.0264364
-0.0097339 -0.0372716
-0.0067714 -0.0458362
-0.0031772 -0.0513953
0.0008519 -0.0535139
0.0048600 -0.0520866
0.0087913 -0.0468686
0.0124431 -0.0381027
0.0154145 -0.0263017
0.0175687 -0.0119473
0.0188688 0.0040600
0.0191630 0.0207436
0.0183701 0.0372942
0.0168685 0.0527755
0.0147847 0.0663661
0.0122480 0.0776740
0.0099738 0.0864486
0.0083911 0.0928623
0.0080797 0.0975937
0.0105466 0.1020213
0.0225779 0.1131259
0.0909558 0.1712074
0.3432655 0.3640681
0.0000000 0.0000000
0.0000000 0.0000000
0.0000000 0.0000000
0.0000000 0.0000000
0.0000000 0.0000000
0.0000000 0.0000000
0.0000000 0.0000000
0.0000000 0.0000000
0.0000000 0.0000000
0.0000000 0.0000000
0.0000000 0.0000000
0.0000000 0.0000000
0.0000000 0.0000000
0.0000000 0.0000000
0.0000000 0.0000000
0.0000000 0.0000000
0.0000000 0.0000000
0.0000000 0.0000000
0.0000000 0.0000000
0.0000000 0.0000000
0.0000000 0.0000000
0.0000000 0.0000000
0.0000000 0.0000000
0.0000000 0.0000000
0.0000000 0.0000000
0.0000000 0.0000000
0.0000000 0.0000000
0.0000000 0.0000000
-0.1316415 0.1282649
0.0000000 0.0000000
-0.3720574 0.0788596
-0.1083089 0.4005035
-0.1384371 0.5891254
0.0000000 0.0000000
-0.3370142 0.4232377
-0.1480059 0.8634648
-0.1724624 1.0742373
0.0000000 0.0000000
-0.3824383 0.7937617
-0.1829269 1.4121439
-0.2252379 1.6757716
0.0000000 0.0000000
-0.4803005 1.2418609
-0.2407790 2.1090281
-0.3055033 2.4768019
0.0000000 0.0000000
-0.6502185 1.8271263
-0.3329937 3.0464725
-0.4222844 3.5930386
0.0000000 0.0000000
-0.9349174 2.6367214
-0.4750878 4.3616467
-0.5815260 5.1823072
0.0000000 0.0000000
-1.4033729 3.8064106
-0.6752741 6.2465935
-0.7828067 7.4329162
0.0000000 0.0000000
-2.1297610 5.5117040
-0.9079129 8.9080629
-1.0118151 10.5258856
0.0000000 0.0000000
-3.0485139 7.9142466
-1.1950202 12.5258751
-1.2962102 14.6672955
0.0000000 0.0000000
-3.7804971 11.3149490
-1.3494278 17.0122223
-1.4536636 19.4254913
0.0000000 0.0000000
-4.4311018 15.9480820
-0.2883798 22.1625156
-2.0884621 22.8438549
0.0000000 0.0000000
3.0400579 13.0137386
4.3747597 17.0234890
13.4999447 4.8012319
0.0000000 0.0000000
19.7543888 3.9726274
8.7035446 -13.7913237
-0.8243866 -14.2044830
0.0000000 0.0000000
9.3175688 -9.7934341
0.0827110 -17.7870922
-0.1687911 -18.6876259
0.0000000 0.0000000
-5.0770488 -15.6707449
-0.9371392 -15.0306587
-1.1110767 -13.2080107
0.0000000 0.0000000
-2.9997430 -11.3325462
-1.1449133 -11.3065233
-0.8699051 -9.6584206
0.0000000 0.0000000
-2.3870945 -7.8576002
-0.7673730 -8.3861341
-0.6653752 -7.1169348
0.0000000 0.0000000
-2.0261014 -5.6357708
-0.6091079 -6.0837698
-0.5007890 -5.0042210
0.0000000 0.0000000
-1.4631729 -4.0043616
-0.4423509 -4.3333158
-0.3662646 -3.5383956
0.0000000 0.0000000
-1.0654714 -2.8451781
-0.3140557 -3.0457463
-0.2698985 -2.4972482
0.0000000 0.0000000
-0.7887078 -2.0132525
-0.2276899 -2.1021073
-0.2053355 -1.7213464
0.0000000 0.0000000
-0.5972251 -1.3934793
-0.1729430 -1.3961186
-0.1640834 -1.1125603
0.0000000 0.0000000
-0.4697054 -0.9115765
-0.1421732 -0.8377259
-0.1432481 -0.6078725
0.0000000 0.0000000
-0.3905061 -0.5155650
-0.1312342 -0.3623558
-0.1456751 -0.1420391
0.0000000 0.0000000
-0.3615682 -0.1389349
0.0000000 0.0000000
0.0000000 0.0000000
-0.5649564 0.1209234
-0.7404113 0.0887179
-0.4783731 0.3329221
-0.5590895 0.4777061
-0.7074844 0.4074692
-0.5835908 0.7088122
-0.6659967 0.8693036
-0.8111621 0.7500983
-0.7202790 1.1474344
-0.8506266 1.3436780
-1.0164083 1.1492374
-0.9441162 1.6934718
-1.1438935 1.9518867
-1.3533564 1.6513302
-1.2947321 2.4083092
-1.5943527 2.7680042
-1.8858728 2.3249419
-1.8290297 3.3784757
-2.2619317 3.9122932
-2.7266357 3.2887783
-2.6332006 4.7257094
-3.0957885 5.6199474
-4.0760651 4.7462192
-3.6674647 6.7084713
-4.0667338 8.0176792
-6.0955410 6.8185606
-4.9192476 9.4792099
-5.6828880 11.5488758
-7.5236816 10.6497641
-5.8319521 13.9346285
-7.2511721 15.2562628
-7.0466757 9.2645063
2.5332794 12.1523600
11.7858677 10.4983416
17.9616070 6.7967649
14.2755690 8.9409704
27.5811234 -1.7687433
35.4324989 -8.6426783
21.9057903 -12.0350723
14.0698452 -10.6217957
14.4050598 -11.1868734
4.5820160 -13.7225361
-5.6462164 -13.8692513
-5.5357647 -11.1679745
-4.9390402 -12.7108593
-5.1216035 -11.8044577
-7.3140974 -11.3647127
-4.4064164 -9.6729851
-3.7333305 -8.1586876
-4.8477955 -7.7006149
-3.4724922 -6.7164536
-2.8136084 -5.4887791
-3.7597427 -4.8013539
-2.4315026 -4.8939576
-2.0186546 -3.9250486
-2.7450666 -3.4365802
-1.7277415 -3.5147691
-1.4564202 -2.8477261
-1.9954940 -2.4919348
-1.2465924 -2.4936247
-1.0752417 -2.0383360
-1.4763312 -1.8014666
-0.9250637 -1.7363943
-0.8223032 -1.4155407
-1.1272807 -1.2704225
-0.7170424 -1.1589850
-0.6616873 -0.9210386
-0.8999875 -0.8418416
-0.5908567 -0.6963352
-0.5743782 -0.5083914
-0.7665684 -0.4777605
-0.5067611 -0.2977092
-0.5896201 -0.1250948
-0.7616782 -0.1208357
0.0000000 0.0000000
0.0000000 0.0000000
-0.9162450 0.0915746
-1.0456587 0.0710810
-0.7629575 0.2831801
-0.8913940 0.3703354
-1.0106570 0.3099668
-0.9194617 0.5794590
-1.0384324 0.6714100
-1.1470338 0.5649400
-1.1166416 0.9185389
-1.3059365 1.0114433
-1.4154718 0.8414419
-1.4374928 1.3244296
-1.7340631 1.4195079
-1.8524461 1.1500530
-1.9482051 1.8337173
-2.3992331 1.9378875
-2.5425262 1.5060241
-2.7538173 2.5043566
-3.4219565 2.6544318
-3.6391590 1.9820356
-4.0364261 3.4191487
-4.9522934 3.8300292
-5.4497390 2.8944099
-6.0989513 4.6531496
-6.3481855 6.7185774
-9.0719156 4.8636761
-8.8057184 6.9636278
-8.1495361 8.0130119
-7.0087938 5.9660368
-4.5812688 7.4604897
-3.3781161 6.5671563
-6.1153927 5.6722550
-0.1102585 4.7505631
18.1362228 1.4048678
22.8651714 -3.2066462
30.6590939 5.6205916
37.5899811 -5.0398850
41.8465767 -5.2133856
24.2949429 -9.6589355
20.2834148 -6.6241217
23.0120468 1.0338113
-4.5344658 -5.2728677
-4.0629497 -6.5164561
-0.2031093 -3.7211199
-4.8045502 -6.2991610
-8.2324781 -9.9523697
-8.4658623 -7.3985472
-7.9289656 -6.3552785
-6.6523981 -7.1329403
-7.9944401 -6.0724545
-5.7998829 -5.5468497
-4.5496182 -4.0360155
-5.1131425 -3.1486924
-3.9159968 -3.7708569
-3.2081149 -2.9498670
-3.6814950 -2.3209529
-2.7255809 -2.6315756
-2.3077674 -2.1716945
-2.6766486 -1.7722237
-1.9689624 -1.8690780
-1.7107916 -1.5816129
-1.9874709 -1.3291211
-1.4769527 -1.3179779
-1.3183540 -1.1198237
-1.5316585 -0.9608511
-1.1575001 -0.8916072
-1.0687543 -0.7429113
-1.2393076 -0.6484943
-0.9580171 -0.5392263
-0.9339653 -0.4188353
-1.0725086 -0.3730606
-0.8010721 -0.2254071
-0.9558848 -0.1072043
-1.0951098 -0.0965500
0.0000000 0.0000000
0.0000000 0.0000000
-1.1875201 0.0635098
-1.2685385 0.0449221
-0.9679235 0.2202730
-1.1425092 0.2532071
-1.2257928 0.1913643
-1.1638590 0.4283718
-1.3031150 0.4555984
-1.3701653 0.3430478
-1.3916211 0.6584371
-1.5991518 0.6622658
-1.6560749 0.4834253
-1.7496263 0.9179211
-2.0692315 0.8671339
-2.1119204 0.5923398
-2.3027582 1.2275807
-2.8163395 1.0423310
-2.8235865 0.6078942
-3.1757753 1.6413202
-4.0679536 1.1564226
-3.9809325 0.3599254
-4.6383266 2.3118927
-6.2821765 1.1591200
-5.7118917 -0.4551709
-7.6068578 2.6156304
-10.0156956 2.9827616
-8.6114759 -0.8780714
-8.6662502 -1.8747033
-6.0217962 3.7753282
-6.6356235 -0.2826726
-6.8251457 2.2906563
1.8770958 0.1653291
6.6771636 -0.3975917
6.5943274 0.2568972
14.5159149 -8.4806833
26.5396309 -5.9417057
34.6753731 3.0256968
35.2232132 2.3632250
29.6415882 1.4238425
24.1715813 -4.5586305
17.0797615 4.0740738
10.0081787 6.4726548
3.5559111 1.7278491
2.7534997 -3.8996098
0.3978205 -1.6310577
-0.4700274 -2.5905981
-7.9234514 -3.9717057
-7.4614954 -1.3007607
-9.9018555 -0.1000230
-9.3146753 -4.2947521
-10.8424101 -1.9446576
-6.7181292 -3.0082276
-5.5764341 -2.3741634
-6.5321255 -1.5571494
-4.6295609 -2.0269268
-3.8854151 -1.7454386
-4.2706819 -1.1966753
-3.2964582 -1.4499822
-2.8266633 -1.3506296
-3.0277879 -0.9579446
-2.4193480 -1.0962343
-2.1260695 -1.0355799
-2.2657738 -0.7630607
-1.8437551 -0.8199075
-1.6619809 -0.7637640
-1.7710991 -0.5846718
-1.4680562 -0.5764316
-1.3650523 -0.5235242
-1.4580245 -0.4133401
-1.2273173 -0.3537300
-1.2074169 -0.3029125
-1.2865664 -0.2462174
-1.0096704 -0.1435465
-1.2393025 -0.0813998
-1.3360598 -0.0662748
0.0000000 0.0000000
0.0000000 0.0000000
-1.3686548 0.0354192
-1.3999439 0.0175450
-1.0891346 0.1470476
-1.3032095 0.1338939
-1.3466237 0.0740220
-1.3086282 0.2632228
-1.4554261 0.2341562
-1.4775381 0.1247701
-1.5365362 0.3793076
-1.7406220 0.3086984
-1.7385647 0.1385445
-1.8796381 0.4867857
-2.1810827 0.3304551
-2.1366608 0.0786074
-2.3837895 0.5786846
-2.8401613 0.2292916
-2.7016029 -0.1360423
-3.1104240 0.6461104
-3.8380730 -0.2349339
-3.4710300 -0.6194854
-4.1888261 0.5854777
-5.2013359 -1.2973974
-4.3868275 -1.6925581
-6.4280272 -0.3966099
-8.1049681 -3.9260061
-6.0136971 -3.6346889
-8.5010586 -5.4224186
-10.2068596 -6.0646076
-6.9955802 -8.0382490
-7.9035931 -5.4722381
0.6486533 -4.9931870
-0.5835531 -7.7895222
13.4172764 -7.4330788
22.6388321 -3.0122874
22.3279438 -1.7040416
25.7888966 1.6156794
28.6658344 2.5796461
27.3002625 3.5985467
26.1137543 -1.9868367
20.3501472 2.8411090
14.0034628 13.4638290
11.5281010 5.2699618
1.4537072 1.5778534
5.4378004 4.8326664
-3.8898089 2.6520944
-5.9469404 1.2398858
-5.2723756 3.2804117
-8.1838093 2.3564451
-9.4372339 1.4278529
-8.3287354 3.0339398
-7.2288671 0.7731503
-6.1168060 -0.0722473
-5.5910892 1.0241849
-4.8322229 0.0494158
-4.1661878 -0.3982440
-3.9894459 0.2402078
-3.4570200 -0.2298564
-3.0286405 -0.4711853
-2.9539635 -0.0745151
-2.5882099 -0.3058591
-2.3069184 -0.4533179
-2.2801142 -0.1889193
-2.0128202 -0.3039685
-1.8347757 -0.3846236
-1.8369645 -0.2078057
-1.6336361 -0.2497621
-1.5352730 -0.2879830
-1.5516165 -0.1767879
-1.3835903 -0.1626816
-1.3805435 -0.1773347
-1.3991213 -0.1189217
-1.1295661 -0.0615767
-1.4253646 -0.0500316
-1.4735241 -0.0325844
0.0000000 0.0000000
0.0000000 0.0000000
-1.4566849 0.0082879
-1.4411776 -0.0083207
-1.1337277 0.0709045
-1.3722872 0.0248343
-1.3756808 -0.0280438
-1.3586764 0.1000678
-1.4977343 0.0326219
-1.4782968 -0.0639844
-1.5609937 0.1069776
-1.7359927 -0.0073457
-1.6849247 -0.1515301
-1.8492965 0.0601625
-2.0884399 -0.1348783
-1.9830711 -0.3266389
-2.2586577 -0.0962566
-2.5539365 -0.4137954
-2.3710761 -0.6486540
-2.7790544 -0.4298186
-3.1928155 -1.0160111
-2.8500197 -1.3165493
-3.4601872 -0.7001441
-3.9315751 -1.8650727
-3.5518913 -2.2704203
-3.7720425 -1.9813224
-4.1925793 -2.9630868
-4.1748042 -3.8784578
-4.8746524 -4.2711759
-6.2001414 -6.3199048
-5.2896342 -5.5731936
-4.7306523 -8.5085192
1.6251779 -7.4574943
-1.5882424 -8.2054148
7.7599683 -7.4135633
13.6501331 -7.2039781
12.6746588 -2.7492344
20.9731598 1.5937004
25.2707481 5.2085276
18.6114044 4.2537131
18.7700329 0.8080982
16.3226814 5.5522094
14.9117680 6.9672050
12.2564898 9.3238602
7.3831058 8.8752842
3.0019670 11.1622057
-3.7506170 9.0862904
-5.8808374 6.8254528
-3.6016757 9.8182888
-7.6624699 6.9918008
-7.2583237 3.3371856
-4.2245188 5.2351322
-5.5602708 3.3913243
-5.0992250 1.6024389
-3.8235323 2.6099954
-4.1493502 1.5803295
-3.7468245 0.7345980
-3.1692712 1.3047229
-3.1604779 0.7232377
-2.8493323 0.2825795
-2.5627577 0.6423693
-2.4713182 0.3043499
-2.2490807 0.0600742
-2.0933850 0.2993226
-1.9941748 0.1085777
-1.8439169 -0.0388233
-1.7582241 0.1217956
-1.6661404 0.0252525
-1.5812709 -0.0679398
-1.5339402 0.0343293
-1.4359355 0.0021339
-1.4496702 -0.0576206
-1.4156758 -0.0030383
-1.1802098 0.0108953
-1.5079550 -0.0192262
-1.5115663 -0.0028211
0.0000000 0.0000000
0.0000000 0.0000000
-1.4551666 -0.0150662
-1.4034832 -0.0284400
-1.1227514 0.0003922
-1.3545429 -0.0633902
-1.3265222 -0.1037649
-1.3311861 -0.0470796
-1.4401766 -0.1289980
-1.3941883 -0.2007801
-1.4858822 -0.1333201
-1.6065040 -0.2479332
-1.5360758 -0.3514009
-1.6866868 -0.2840979
-1.8415815 -0.4600362
-1.7303078 -0.5939036
-1.9498426 -0.5359727
-2.1355157 -0.8117811
-1.9662150 -0.9599437
-2.2471952 -1.0231377
-2.4074681 -1.4037775
-2.2176485 -1.5723294
-2.4621837 -1.6522508
-2.5778999 -2.3328376
-2.4864702 -2.4089544
-2.3604434 -2.8663526
-2.2359107 -3.5463889
-2.5925572 -3.3772953
-2.2035422 -4.6428022
-2.1974909 -5.3705420
-1.9505004 -5.0478621
-2.1788261 -6.9430027
0.3657287 -7.9406233
0.3102611 -7.6555729
3.8276889 -7.3044405
8.3966503 -5.6179128
6.2007523 -5.7967420
14.9949245 -0.6235101
16.7828121 2.9296148
13.7692242 -0.1065336
15.8543968 2.3467534
14.1812735 6.0668464
10.2394915 6.9466190
7.5726652 9.3372345
4.2413173 9.3583088
2.9561577 9.7709560
-1.0610986 10.6425371
-2.3277187 7.4676280
-0.4315141 7.2637115
-3.2384262 6.6797814
-3.7453098 4.4940672
-1.8928964 4.8202024
-3.4465404 3.9172084
-3.4273610 2.5381517
-2.2496157 3.0043092
-3.0664501 2.2529590
-2.8911016 1.4474504
-2.2246273 1.8181190
-2.5880780 1.2888273
-2.4038284 0.8225247
-2.0214283 1.0826595
-2.1646080 0.7365173
-2.0130486 0.4537655
-1.7845703 0.6379126
-1.8320525 0.4176196
-1.7225748 0.2391347
-1.5799320 0.3675312
-1.5872147 0.2353616
-1.5233220 0.1151054
-1.4311991 0.1996444
-1.4033172 0.1303532
-1.4265786 0.0445004
-1.3556614 0.0907850
-1.1695926 0.0672847
-1.4988408 0.0067995
-1.4679655 0.0202499
0.0000000 0.0000000
0.0000000 0.0000000
-1.3811928 -0.0310637
-1.3077698 -0.0395427
-1.0716614 -0.0543074
-1.2701699 -0.1259515
-1.2246587 -0.1538721
-1.2425331 -0.1551346
-1.3177152 -0.2391166
-1.2588720 -0.2867964
-1.3438228 -0.2946713
-1.4148273 -0.4012833
-1.3388940 -0.4647993
-1.4590962 -0.4985673
-1.5346265 -0.6438377
-1.4365165 -0.7159519
-1.5798864 -0.7958249
-1.6506724 -0.9992933
-1.5275998 -1.0636429
-1.6764935 -1.2536500
-1.6726832 -1.5220494
-1.5682228 -1.5311506
-1.6137252 -1.9093595
-1.5423119 -2.2269785
-1.5074623 -2.1882384
-1.4094859 -2.5989497
-1.2144408 -3.1263359
-1.2599312 -2.8932533
-0.8779936 -4.0072155
-0.4551137 -4.3358569
-0.5430368 -3.8943603
0.0112315 -4.8930578
1.3494608 -5.7137527
0.9907659 -4.2619429
2.8738258 -7.5564404
5.3828335 -6.0410905
4.5504127 -4.4026575
7.9498525 -3.5737300
9.2968521 -1.8420039
6.7684374 -1.1793467
9.7856331 1.9919306
8.4589682 5.3734622
5.6173897 2.7081196
5.4885974 5.4528332
3.9676137 6.4945879
3.0650647 4.8412471
1.6285610 6.0202026
0.3511153 5.7264962
0.6471793 4.7261395
-0.7845027 4.8941197
-1.3536881 4.0818844
-0.6752789 3.7813344
-1.7510383 3.4422238
-1.9324721 2.7119112
-1.2224212 2.7409132
-1.9911338 2.2950306
-1.9812090 1.7552499
-1.4560946 1.8828554
-1.9303035 1.4956825
-1.8542125 1.1152354
-1.4939581 1.2558670
-1.7619951 0.9600924
-1.6788650 0.7013614
-1.4380348 0.8176659
-1.5845302 0.6087099
-1.5160198 0.4298026
-1.3523338 0.5178308
-1.4315063 0.3768750
-1.3924443 0.2486112
-1.2760979 0.3094779
-1.3032120 0.2201485
-1.3354690 0.1219909
-1.2419053 0.1566739
-1.1040477 0.1058075
-1.4191061 0.0265946
-1.3640022 0.0366706
0.0000000 0.0000000
0.0000000 0.0000000
-1.2624459 -0.0396724
-1.1775466 -0.0443547
-0.9832415 -0.0910545
-1.1473728 -0.1633608
-1.0918839 -0.1790501
-1.1161681 -0.2217091
-1.1616329 -0.3016998
-1.0979062 -0.3270191
-1.1703025 -0.3854066
-1.2009969 -0.4792396
-1.1266371 -0.5081735
-1.2156564 -0.6013577
-1.2348828 -0.7175574
-1.1477951 -0.7394277
-1.2397867 -0.8896804
-1.2335665 -1.0370780
-1.1349012 -1.0348799
-1.2100824 -1.2687016
-1.1518718 -1.4513619
-1.0484703 -1.3937421
-1.0664909 -1.7752936
-0.9057437 -1.9816165
-0.8245287 -1.8232784
-0.7125751 -2.3322084
-0.4160376 -2.5470297
-0.3677095 -2.2179215
-0.0960757 -3.1618621
0.5151057 -3.2486923
0.5062193 -2.6950629
1.0168917 -3.3300662
1.8279428 -3.4924016
1.5925976 -2.6633489
2.5081248 -3.7770908
3.5628424 -3.2986479
3.1912766 -2.2558014
4.7586808 -1.4688740
5.0154386 -0.9772803
3.9550719 -0.7248408
5.4909754 1.0507365
4.8200517 1.9927751
3.5170157 1.2324287
4.0992064 2.6971781
3.1284695 3.6348424
2.3239934 2.5755157
2.0188327 3.4865592
1.2178497 3.8186338
0.9452314 2.9618061
0.3174839 3.3179913
-0.1621978 3.1901474
-0.0613165 2.7222159
-0.6812871 2.6952319
-0.9071347 2.4089334
-0.6138109 2.2247646
-1.1558281 2.0232589
-1.2369649 1.7325888
-0.9160258 1.6941572
-1.3334532 1.4553664
-1.3335184 1.2024555
-1.0659896 1.2324128
-1.3518391 1.0157479
-1.3247215 0.8143281
-1.1155751 0.8641145
-1.3036631 0.6901764
-1.2717093 0.5344718
-1.1154647 0.5817419
-1.2360573 0.4507456
-1.2178892 0.3297868
-1.0981603 0.3660717
-1.1602954 0.2705977
-1.1995010 0.1723651
-1.0970523 0.1944256
-0.9997951 0.1267949
-1.2904224 0.0398456
-1.2215027 0.0464022
0.0000000 0.0000000
0.0000000 0.0000000
-1.1185557 -0.0429628
-1.0309319 -0.0446432
-0.8736369 -0.1110600
-1.0058135 -0.1792878
-0.9466845 -0.1847910
-0.9730840 -0.2528459
-0.9956967 -0.3253818
-0.9315830 -0.3324902
-0.9914923 -0.4192887
-0.9930876 -0.4994116
-0.9232346 -0.5020919
-0.9878306 -0.6221602
-0.9717722 -0.7141862
-0.8939660 -0.7019262
-0.9519361 -0.8723233
-0.9055473 -0.9785866
-0.8195887 -0.9360636
-0.8569283 -1.1743414
-0.7612523 -1.2910186
-0.6697119 -1.1976004
-0.6670333 -1.5317655
-0.4891706 -1.6496392
-0.3977717 -1.4753107
-0.3254461 -1.8890487
-0.0449207 -1.9841335
0.0356212 -1.7053641
0.1817524 -2.2617140
0.6430424 -2.2905102
0.6784756 -1.8452692
1.0271388 -2.2815287
1.5283883 -2.2634385
1.4407662 -1.7052869
1.9536282 -2.0017295
2.4094360 -1.7861369
2.2106459 -1.2868659
3.0132453 -0.7751251
3.0866058 -0.5490461
2.5685427 -0.4236116
3.3810816 0.6096919
3.0104494 0.9782275
2.3598068 0.6627027
2.7955296 1.5944587
2.2477701 2.0687108
1.7195483 1.5080781
1.7314703 2.1700647
1.2193493 2.4619751
0.9206357 1.9064023
0.6728523 2.2622259
0.3044146 2.3283851
0.2221988 1.9224871
-0.1174681 2.0261288
-0.3342575 1.9503493
-0.2605501 1.7153111
-0.6040257 1.6641252
-0.7188709 1.5281968
-0.5576754 1.4140842
-0.8696804 1.2922927
-0.9160564 1.1437714
-0.7440044 1.1024365
-0.9931019 0.9630684
-1.0019712 0.8227773
-0.8468689 0.8204626
-1.0316341 0.6897736
-1.0286674 0.5678251
-0.8957741 0.5799934
-1.0291435 0.4689712
-1.0280218 0.3647791
-0.9182258 0.3792826
-0.9984092 0.2878456
-1.0398767 0.1974749
-0.9407193 0.2079873
-0.8741983 0.1329226
-1.1338379 0.0469616
-1.0601022 0.0502463
0.0000000 0.0000000
0.0000000 0.0000000
-0.9661514 -0.0424414
-0.8818948 -0.0418173
-0.7560914 -0.1175894
-0.8605292 -0.1790401
-0.8021532 -0.1769637
-0.8290128 -0.2572379
-0.8350452 -0.3208822
-0.7741038 -0.3151075
-0.8223309 -0.4131852
-0.8061473 -0.4801748
-0.7416329 -0.4652175
-0.7888628 -0.5915561
-0.7523599 -0.6631567
-0.6841244 -0.6310129
-0.7202312 -0.7957626
-0.6552944 -0.8715731
-0.5820689 -0.8104808
-0.5978404 -1.0230281
-0.4910378 -1.0982893
-0.4132016 -0.9937936
-0.3993469 -1.2637188
-0.2300131 -1.3283136
-0.1529015 -1.1627278
-0.0909135 -1.4756726
0.1478295 -1.5132879
0.2079658 -1.2782073
0.3303599 -1.6041175
0.6386087 -1.6044401
0.6632970 -1.2905549
0.8874673 -1.5200104
1.1822813 -1.4744890
1.1488501 -1.1307123
1.4724340 -1.1786023
1.6950417 -1.0581328
1.5612948 -0.7940291
2.0111380 -0.4558113
2.0334036 -0.3198197
1.7506928 -0.2500996
2.2094555 0.3612451
2.0026798 0.5582500
1.6389920 0.3998567
1.9311372 0.9998061
1.6112258 1.2605530
1.2744672 0.9462596
1.3511292 1.4177276
1.0247316 1.6205878
0.7891761 1.2690644
0.6998923 1.5692598
0.4325202 1.6651357
0.3184477 1.3649083
0.1367545 1.5067663
-0.0501995 1.5103952
-0.0625428 1.2970797
-0.2759159 1.3222343
-0.3925094 1.2678009
-0.3286154 1.1356536
-0.5452345 1.0896484
-0.6122866 1.0081038
-0.5115264 0.9345390
-0.7074990 0.8551923
-0.7387788 0.7639326
-0.6328079 0.7293585
-0.7946390 0.6393536
-0.8083521 0.5493094
-0.7066088 0.5366580
-0.8325018 0.4484039
-0.8440724 0.3645867
-0.7502490 0.3620486
-0.8341820 0.2803376
-0.8752667 0.2023129
-0.7862390 0.2035177
-0.7424580 0.1284349
-0.9670759 0.0488609
-0.8956262 0.0495719
0.0000000 0.0000000
0.0000000 0.0000000
-0.8171774 -0.0393657
-0.7401102 -0.0372584
-0.6403014 -0.1144414
-0.7220120 -0.1680458
-0.6668311 -0.1609099
-0.6929747 -0.2439643
-0.6880022 -0.2983411
-0.6323294 -0.2845712
-0.6717118 -0.3826523
-0.6453292 -0.4376793
-0.5880182 -0.4128369
-0.6215771 -0.5326324
-0.5767432 -0.5881837
-0.5170870 -0.5462238
-0.5397756 -0.6932733
-0.4694184 -0.7473222
-0.4088650 -0.6808738
-0.4125028 -0.8577932
-0.3102559 -0.9063698
-0.2481115 -0.8061718
-0.2269570 -1.0113498
-0.0841651 -1.0475495
-0.0242923 -0.9055325
0.0286600 -1.1215852
0.2102779 -1.1362479
0.2530897 -0.9534336
0.3539831 -1.1450886
0.5561480 -1.1339444
0.5710232 -0.9178720
0.7312796 -1.0278506
0.9081854 -0.9853318
0.8819826 -0.7716182
1.1016269 -0.7475665
1.2200069 -0.6679296
1.1259747 -0.5165744
1.4015305 -0.2879278
1.4067670 -0.1942949
1.2344398 -0.1536583
1.5107169 0.2257977
1.3907267 0.3500165
1.1682671 0.2610055
1.3639603 0.6549883
1.1693447 0.8122008
0.9507414 0.6254521
1.0298296 0.9603141
0.8168299 1.0968316
0.6447637 0.8712090
0.6189925 1.1100786
0.4288050 1.1940310
0.3235783 0.9808972
0.2280158 1.1201652
0.0776709 1.1483148
0.0399781 0.9759784
-0.0939637 1.0327703
-0.1994766 1.0173632
-0.1834726 0.8944846
-0.3324043 0.8917549
-0.4013975 0.8488812
-0.3491587 0.7681090
-0.4947852 0.7287354
-0.5374990 0.6712635
-0.4671503 0.6218863
-0.5993637 0.5637389
-0.6225419 0.4995511
-0.5487167 0.4725252
-0.6594622 0.4057942
-0.6767296 0.3406392
-0.6020844 0.3272080
-0.6800286 0.2572939
-0.7190340 0.1929543
-0.6426225 0.1875649
-0.6145468 0.1172329
-0.8040164 0.0470004
-0.7389467 0.0459875
0.0000000 0.0000000
0.0000000 0.0000000
-0.6789966 -0.0349448
-0.6109307 -0.0319880
-0.5328895 -0.1053843
-0.5958960 -0.1509621
-0.5460882 -0.1410772
-0.5699143 -0.2204529
-0.5593331 -0.2660826
-0.5092062 -0.2479392
-0.5417660 -0.3395490
-0.5107206 -0.3841777
-0.4611716 -0.3551396
-0.4859681 -0.4620559
-0.4392091 -0.5049997
-0.3890446 -0.4606360
-0.4015297 -0.5849650
-0.3355035 -0.6242381
-0.2850881 -0.5598960
-0.2830059 -0.7009400
-0.1927763 -0.7329304
-0.1448139 -0.6445021
-0.1217606 -0.7953069
-0.0077984 -0.8160324
0.0353598 -0.7007251
0.0842074 -0.8453562
0.2162020 -0.8499912
0.2447518 -0.7125037
0.3264492 -0.8257080
0.4613550 -0.8112792
0.4665699 -0.6628577
0.5865609 -0.7119172
0.6972149 -0.6765532
0.6717165 -0.5401311
0.8259869 -0.4978312
0.8937532 -0.4410516
0.8251442 -0.3485804
1.0053047 -0.1905780
1.0046589 -0.1217016
0.8913772 -0.0978491
1.0686307 0.1483922
0.9948612 0.2335642
0.8507144 0.1801731
0.9833265 0.4455883
0.8608419 0.5472596
0.7137731 0.4311188
0.7810522 0.6696258
0.6383367 0.7630380
0.5155555 0.6142954
0.5155448 0.7993595
0.3793682 0.8650908
0.2940084 0.7145728
0.2423231 0.8368886
0.1272380 0.8685826
0.0836790 0.7365240
0.0005641 0.8010153
-0.0897237 0.8027256
-0.0935454 0.6980382
-0.1956363 0.7169313
-0.2596006 0.6955212
-0.2349686 0.6196155
-0.3428187 0.6051256
-0.3859653 0.5688374
-0.3426169 0.5169402
-0.4452742 0.4807428
-0.4736083 0.4359371
-0.4199417 0.4025231
-0.5124573 0.3534066
-0.5320895 0.3037371
-0.4746408 0.2845859
-0.5434487 0.2268614
-0.5777102 0.1749563
-0.5152404 0.1658347
-0.4972134 0.1028198
-0.6535161 0.0428855
-0.5965668 0.0408273
0.0000000 0.0000000
0.0000000 0.0000000
-0.5557581 -0.0300070
-0.4971358 -0.0266843
-0.4367848 -0.0933075
-0.4847864 -0.1312560
-0.4411651 -0.1203313
-0.4631225 -0.1924235
-0.4494896 -0.2301085
-0.4061128 -0.2106604
-0.4318902 -0.2919710
-0.4013813 -0.3281394
-0.3581873 -0.2983168
-0.3773838 -0.3902436
-0.3325709 -0.4234595
-0.2913545 -0.3811901
-0.2985582 -0.4829076
-0.2398814 -0.5117987
-0.1996236 -0.4540170
-0.1927797 -0.5629683
-0.1187666 -0.5850177
-0.0809010 -0.5101801
-0.0593948 -0.6195251
0.0295403 -0.6314336
0.0594105 -0.5409427
0.1021047 -0.6372305
0.1975567 -0.6373933
0.2153736 -0.5353561
0.2821063 -0.6020797
0.3730258 -0.5883738
0.3729664 -0.4846888
0.4633844 -0.5044470
0.5355639 -0.4753565
0.5120503 -0.3858648
0.6230170 -0.3434570
0.6641711 -0.3011594
0.6129254 -0.2419544
0.7358986 -0.1294595
0.7338890 -0.0781355
0.6552552 -0.0631689
0.7745507 0.1023031
0.7267125 0.1639256
0.6297694 0.1296072
0.7221798 0.3126286
0.6419263 0.3822461
0.5407909 0.3072840
0.5928652 0.4790418
0.4963084 0.5441397
0.4071567 0.4442323
0.4175457 0.5850649
0.3188825 0.6350824
0.2537900 0.5279052
0.2260976 0.6296258
0.1383891 0.6582345
0.0988488 0.5587658
0.0450388 0.6205721
-0.0273161 0.6282318
-0.0405128 0.5439565
-0.1093545 0.5707110
-0.1662003 0.5611260
-0.1549106 0.4947220
-0.2341461 0.4941328
-0.2740551 0.4711615
-0.2478839 0.4226395
-0.3275684 0.4012951
-0.3549002 0.3694741
-0.3176931 0.3358833
-0.3913925 0.2996781
-0.4119183 0.2623441
-0.3674071 0.2411605
-0.4257331 0.1943148
-0.4548273 0.1530451
-0.4049694 0.1423503
-0.3942373 0.0878400
-0.5199186 0.0376451
-0.4717775 0.0351806
0.0000000 0.0000000
0.0000000 0.0000000
-0.4489427 -0.0251501
-0.3996254 -0.0219413
-0.3531199 -0.0801710
-0.3899404 -0.1114343
-0.3520307 -0.1005223
-0.3719744 -0.1637736
-0.3571862 -0.1944708
-0.3205540 -0.1756599
-0.3420062 -0.2455485
-0.3133444 -0.2746046
-0.2773069 -0.2465470
-0.2907478 -0.3230410
-0.2518519 -0.3491716
-0.2169071 -0.3107387
-0.2217271 -0.3925692
-0.1711278 -0.4139546
-0.1398391 -0.3645647
-0.1319787 -0.4475845
-0.0722472 -0.4631466
-0.0437987 -0.4019268
-0.0225571 -0.4802183
0.0442935 -0.4877163
0.0661572 -0.4171367
0.1015720 -0.4819948
0.1714927 -0.4796173
0.1815186 -0.4045902
0.2347846 -0.4442208
0.2978349 -0.4322128
0.2946893 -0.3587744
0.3639141 -0.3636157
0.4118865 -0.3407720
0.3920265 -0.2795792
0.4729711 -0.2430165
0.4991707 -0.2100494
0.4603903 -0.1714431
0.5473191 -0.0899874
0.5452055 -0.0509083
0.4889606 -0.0410880
0.5714640 0.0744195
0.5400485 0.1195732
0.4718947 0.0972006
0.5381986 0.2255758
0.4834571 0.2757038
0.4131026 0.2251959
0.4531123 0.3499857
0.3861414 0.3967548
0.3213905 0.3282579
0.3331175 0.4353813
0.2626337 0.4726796
0.2119694 0.3964297
0.1987370 0.4778340
0.1313784 0.5020352
0.0996636 0.4271529
0.0644946 0.4815123
0.0073490 0.4907517
-0.0078447 0.4245459
-0.0563724 0.4527853
-0.1027652 0.4488025
-0.1003440 0.3940541
-0.1567872 0.3996291
-0.1928499 0.3851926
-0.1757423 0.3424197
-0.2369462 0.3302028
-0.2615796 0.3073544
-0.2359361 0.2766277
-0.2945782 0.2500431
-0.3128323 0.2215402
-0.2795153 0.2012365
-0.3267606 0.1632690
-0.3513194 0.1307262
-0.3113825 0.1198213
-0.3059283 0.0737169
-0.4048999 0.0322021
-0.3649609 0.0297081
0.0000000 0.0000000
0.0000000 0.0000000
-0.3581154 -0.0207964
-0.3173264 -0.0179296
-0.2823837 -0.0675177
-0.3101744 -0.0930206
-0.2783730 -0.0829848
-0.2951693 -0.1366965
-0.2818040 -0.1616775
-0.2502934 -0.1443072
-0.2685823 -0.2031284
-0.2425282 -0.2262062
-0.2131560 -0.2013682
-0.2238645 -0.2638544
-0.1903653 -0.2843380
-0.1622048 -0.2510715
-0.1636796 -0.3154545
-0.1230669 -0.3319534
-0.0971759 -0.2903801
-0.0903703 -0.3536471
-0.0421926 -0.3645046
-0.0216209 -0.3157907
-0.0030706 -0.3720796
0.0477974 -0.3768576
0.0628375 -0.3223659
0.0935272 -0.3657436
0.1436673 -0.3630797
0.1501336 -0.3070149
0.1917831 -0.3312115
0.2369328 -0.3202866
0.2318408 -0.2681991
0.2847600 -0.2663386
0.3179221 -0.2482188
0.3011420 -0.2053318
0.3614604 -0.1744423
0.3786803 -0.1492637
0.3490838 -0.1225369
0.4121372 -0.0632012
0.4100615 -0.0324415
0.3691219 -0.0263941
0.4282443 0.0560483
0.4069551 0.0901442
0.3577570 0.0752027
0.4054858 0.1677587
0.3682650 0.2042458
0.3170879 0.1699740
0.3487144 0.2609510
0.3006452 0.2958860
0.2541292 0.2475565
0.2654529 0.3287485
0.2145012 0.3570060
0.1755183 0.3022325
0.1686922 0.3668232
0.1188326 0.3860169
0.0921574 0.3305405
0.0706729 0.3755006
0.0249852 0.3848086
0.0121093 0.3331567
-0.0223028 0.3592398
-0.0593401 0.3581958
-0.0612472 0.3142258
-0.1026621 0.3223944
-0.1321539 0.3127068
-0.1223043 0.2772554
-0.1674269 0.2698613
-0.1896533 0.2534217
-0.1706286 0.2265533
-0.2167714 0.2066341
-0.2321569 0.1846523
-0.2073818 0.1665287
-0.2455383 0.1359443
-0.2650237 0.1099048
-0.2336486 0.0999632
-0.2315437 0.0613438
-0.3079579 0.0271414
-0.2749166 0.0248304
0.0000000 0.0000000
0.0000000 0.0000000
-0.2824719 -0.0171254
-0.2490219 -0.0146544
-0.2231458 -0.0560654
-0.2437295 -0.0766945
-0.2175845 -0.0679978
-0.2324304 -0.1126905
-0.2202707 -0.1328879
-0.1943748 -0.1177887
-0.2085271 -0.1659209
-0.1872537 -0.1845565
-0.1620436 -0.1629828
-0.1714187 -0.2135493
-0.1427415 -0.2293868
-0.1206683 -0.2017405
-0.1216786 -0.2520702
-0.0886447 -0.2647412
-0.0685212 -0.2307274
-0.0609249 -0.2781719
-0.0243933 -0.2864181
-0.0077026 -0.2473985
0.0069864 -0.2886014
0.0464869 -0.2911224
0.0561495 -0.2496824
0.0810724 -0.2792297
0.1182084 -0.2765118
0.1215486 -0.2344909
0.1554182 -0.2485899
0.1870942 -0.2397855
0.1823419 -0.2014598
0.2227139 -0.1973758
0.2464244 -0.1821275
0.2320641 -0.1522147
0.2775143 -0.1270826
0.2896115 -0.1073495
0.2663769 -0.0884310
0.3131492 -0.0435867
0.3115788 -0.0200318
0.2807324 -0.0154142
0.3246303 0.0440230
0.3093621 0.0708200
0.2735831 0.0600118
0.3090611 0.1276084
0.2832993 0.1551377
0.2451510 0.1314265
0.2693234 0.1991612
0.2355776 0.2251653
0.2002083 0.1912499
0.2117691 0.2522359
0.1736477 0.2744016
0.1448372 0.2343065
0.1419178 0.2847787
0.1050361 0.3001716
0.0829694 0.2590505
0.0689453 0.2957279
0.0345288 0.3037229
0.0223325 0.2645402
-0.0002797 0.2864373
-0.0305341 0.2871947
-0.0328334 0.2522543
-0.0632214 0.2605244
-0.0864901 0.2539793
-0.0813497 0.2254034
-0.1151118 0.2208217
-0.1329715 0.2083602
-0.1197121 0.1862991
-0.1543766 0.1705130
-0.1677258 0.1534150
-0.1482437 0.1379571
-0.1788156 0.1130205
-0.1937171 0.0918838
-0.1691387 0.0833272
-0.1698659 0.0512443
-0.2269800 0.0227796
-0.1997453 0.0208020
0.0000000 0.0000000
0.0000000 0.0000000
-0.2202374 -0.0141517
-0.1931993 -0.0121397
-0.1740341 -0.0460794
-0.1897555 -0.0629251
-0.1677939 -0.0554571
-0.1808822 -0.0922047
-0.1698908 -0.1084123
-0.1491218 -0.0958441
-0.1611847 -0.1347813
-0.1433793 -0.1497311
-0.1230583 -0.1317565
-0.1295461 -0.1716679
-0.1073700 -0.1844153
-0.0883859 -0.1614375
-0.0900877 -0.2008360
-0.0629375 -0.2102449
-0.0479258 -0.1832815
-0.0419284 -0.2189798
-0.0133205 -0.2251019
-0.0009555 -0.1944329
0.0123978 -0.2239253
0.0412200 -0.2257765
0.0490655 -0.1935886
0.0682276 -0.2143685
0.0965244 -0.2111035
0.0973933 -0.1800703
0.1238503 -0.1883392
0.1472354 -0.1809996
0.1422907 -0.1526643
0.1741603 -0.1470239
0.1906581 -0.1351007
0.1791431 -0.1129957
0.2137444 -0.0933309
0.2223500 -0.0769477
0.2039280 -0.0639039
0.2392007 -0.0299219
0.2384678 -0.0112893
0.2143850 -0.0077776
0.2474591 0.0367413
0.2369165 0.0573117
0.2095400 0.0501566
0.2373726 0.0996702
0.2184672 0.1214960
0.1903086 0.1043538
0.2093362 0.1549807
0.1855972 0.1750820
0.1580079 0.1509976
0.1680795 0.1975704
0.1407837 0.2146230
0.1177335 0.1858285
0.1187769 0.2244269
0.0904279 0.2372913
0.0736892 0.2064817
0.0647922 0.2355529
0.0393360 0.2425662
0.0280072 0.2131133
0.0126310 0.2310768
-0.0101249 0.2323110
-0.0136977 0.2056938
-0.0341690 0.2123412
-0.0530619 0.2081614
-0.0495256 0.1855583
-0.0745564 0.1820040
-0.0880598 0.1724591
-0.0791714 0.1550456
-0.1051764 0.1420662
-0.1154348 0.1281458
-0.1004723 0.1158396
-0.1238837 0.0948513
-0.1353661 0.0773037
-0.1153227 0.0702516
-0.1185219 0.0434215
-0.1595332 0.0193031
-0.1368729 0.0177105
0.0000000 0.0000000
0.0000000 0.0000000
-0.1692888 -0.0117445
-0.1475755 -0.0101541
-0.1342971 -0.0377763
-0.1458083 -0.0515778
-0.1280295 -0.0454505
-0.1384904 -0.0750369
-0.1300737 -0.0883862
-0.1123297 -0.0778857
-0.1230007 -0.1092271
-0.1078998 -0.1210839
-0.0920448 -0.1067109
-0.0978749 -0.1380587
-0.0800080 -0.1482461
-0.0650125 -0.1298109
-0.0653205 -0.1597709
-0.0452784 -0.1674013
-0.0322120 -0.1457598
-0.0285060 -0.1728838
-0.0056429 -0.1770274
0.0029965 -0.1536171
0.0132017 -0.1749383
0.0352772 -0.1760374
0.0406131 -0.1513670
0.0567224 -0.1651865
0.0768102 -0.1625280
0.0777106 -0.1387694
0.0978094 -0.1439010
0.1154817 -0.1370221
0.1104406 -0.1165231
0.1348722 -0.1107691
0.1472751 -0.1009430
0.1373340 -0.0845575
0.1643460 -0.0682057
0.1702770 -0.0553357
0.1557394 -0.0453544
0.1830140 -0.0198454
0.1823531 -0.0042254
0.1636976 -0.0020179
0.1889839 0.0314898
0.1820463 0.0479856
0.1602737 0.0431666
0.1819938 0.0807249
0.1688107 0.0976722
0.1466706 0.0858582
0.1631053 0.1235478
0.1453440 0.1399949
0.1245803 0.1223563
0.1334571 0.1577892
0.1142315 0.1715346
0.0951910 0.1507738
0.0977350 0.1806972
0.0773681 0.1911030
0.0631392 0.1687989
0.0595124 0.1909888
0.0398513 0.1975775
0.0309315 0.1754526
0.0207894 0.1894000
0.0045200 0.1911727
-0.0000977 0.1713398
-0.0138345 0.1762935
-0.0275019 0.1734698
-0.0260618 0.1566557
-0.0427589 0.1527728
-0.0531422 0.1455919
-0.0464097 0.1323158
-0.0653798 0.1207236
-0.0724045 0.1091542
-0.0611600 0.0999383
-0.0787444 0.0816914
-0.0868210 0.0663256
-0.0702771 0.0610642
-0.0752301 0.0380586
-0.1029547 0.0168518
-0.0833012 0.0156076
0.0000000 0.0000000
0.0000000 0.0000000
-0.1281374 -0.0098764
-0.1104504 -0.0085813
-0.1018945 -0.0309840
-0.1098413 -0.0423339
-0.0956099 -0.0375186
-0.1049087 -0.0612778
-0.0979551 -0.0723244
-0.0836706 -0.0639279
-0.0917568 -0.0885431
-0.0807429 -0.0984948
-0.0668798 -0.0868302
-0.0726786 -0.1114922
-0.0580012 -0.1194468
-0.0466613 -0.1052274
-0.0477072 -0.1280511
-0.0320023 -0.1341211
-0.0219684 -0.1172744
-0.0181871 -0.1370496
-0.0019562 -0.1404831
0.0057072 -0.1221553
0.0127381 -0.1378021
0.0299305 -0.1378551
0.0330697 -0.1195645
0.0451638 -0.1287977
0.0604296 -0.1262895
0.0603276 -0.1084266
0.0766149 -0.1105167
0.0888780 -0.1049383
0.0849420 -0.0893146
0.1036224 -0.0841615
0.1128824 -0.0752797
0.1043577 -0.0636677
0.1250272 -0.0502959
0.1298340 -0.0395473
0.1175648 -0.0320740
0.1389670 -0.0117268
0.1384897 0.0008028
0.1235578 0.0029331
0.1438809 0.0280824
0.1386476 0.0421435
0.1217807 0.0384639
0.1389229 0.0670053
0.1301637 0.0809234
0.1119264 0.0727098
0.1256451 0.1016720
0.1132512 0.1148801
0.0963137 0.1026246
0.1055861 0.1292590
0.0911179 0.1411117
0.0763860 0.1259292
0.0797947 0.1488350
0.0657910 0.1578308
0.0531102 0.1418185
0.0524074 0.1589440
0.0386347 0.1648352
0.0303743 0.1490560
0.0257106 0.1591165
0.0136625 0.1617225
0.0095409 0.1473148
0.0009571 0.1501680
-0.0077399 0.1488108
-0.0083821 0.1370207
-0.0186527 0.1323619
-0.0250272 0.1269754
-0.0208534 0.1179855
-0.0325592 0.1064009
-0.0369537 0.0967320
-0.0281512 0.0904805
-0.0403917 0.0735647
-0.0452633 0.0593063
-0.0312501 0.0557460
-0.0378092 0.0353688
-0.0542155 0.0154354
-0.0358066 0.0146762
0.0000000 0.0000000
0.0000000 0.0000000
-0.0947842 -0.0084546
-0.0802848 -0.0074234
-0.0753425 -0.0255015
-0.0812015 -0.0352025
-0.0689668 -0.0313105
-0.0775316 -0.0504250
-0.0715451 -0.0596040
-0.0602084 -0.0532008
-0.0676467 -0.0725870
-0.0589735 -0.0809453
-0.0478642 -0.0718898
-0.0521293 -0.0906677
-0.0419320 -0.0975370
-0.0317618 -0.0863129
-0.0338448 -0.1037870
-0.0213888 -0.1084110
-0.0140504 -0.0958572
-0.0120254 -0.1103147
0.0003696 -0.1129393
0.0059276 -0.0990599
0.0119307 -0.1096381
0.0237377 -0.1097627
0.0267194 -0.0957551
0.0353845 -0.1019411
0.0469472 -0.0990587
0.0459408 -0.0861743
0.0580962 -0.0864771
0.0673926 -0.0814485
0.0633612 -0.0698643
0.0783200 -0.0643213
0.0846239 -0.0569474
0.0776174 -0.0480532
0.0938550 -0.0372589
0.0973074 -0.0275069
0.0870727 -0.0223268
0.1037185 -0.0061348
0.1039602 0.0046356
0.0911206 0.0064141
0.1075721 0.0263629
0.1039925 0.0380358
0.0900319 0.0358952
0.1048459 0.0575355
0.0982812 0.0697678
0.0838402 0.0637863
0.0953976 0.0860243
0.0873082 0.0973412
0.0726325 0.0888140
0.0814463 0.1094995
0.0715394 0.1195485
0.0589044 0.1090664
0.0643327 0.1263276
0.0540288 0.1347139
0.0437052 0.1232294
0.0449928 0.1361740
0.0362002 0.1420091
0.0278845 0.1311141
0.0268084 0.1383829
0.0192433 0.1416239
0.0145233 0.1320825
0.0113450 0.1327800
0.0062449 0.1332664
0.0045576 0.1258350
-0.0002487 0.1197713
-0.0021560 0.1167220
-0.0010806 0.1119298
-0.0058390 0.0992365
-0.0063231 0.0914594
-0.0008728 0.0885985
-0.0060103 0.0711375
-0.0080482 0.0568094
0.0040977 0.0548502
-0.0028898 0.0360416
-0.0107638 0.0144392
0.0101135 0.0141564
0.0000000 0.0000000
0.0000000 0.0000000
-0.0672745 -0.0073023
-0.0551047 -0.0065395
-0.0539714 -0.0212901
-0.0577111 -0.0298070
-0.0474430 -0.0268710
-0.0548185 -0.0419911
-0.0508443 -0.0501702
-0.0405994 -0.0451400
-0.0478645 -0.0605033
-0.0409957 -0.0675961
-0.0321343 -0.0608660
-0.0368344 -0.0753209
-0.0290991 -0.0812436
-0.0209638 -0.0727322
-0.0226607 -0.0855339
-0.0144434 -0.0896974
-0.0077307 -0.0799840
-0.0074156 -0.0906526
0.0019491 -0.0924516
0.0057827 -0.0823384
0.0094772 -0.0895516
0.0182410 -0.0893923
0.0199671 -0.0789171
0.0268814 -0.0822108
0.0344948 -0.0797337
0.0336692 -0.0698881
0.0427120 -0.0692392
0.0494795 -0.0641897
0.0454178 -0.0559609
0.0567546 -0.0505901
0.0615933 -0.0438407
0.0548601 -0.0371964
0.0680192 -0.0275660
0.0702943 -0.0191180
0.0614436 -0.0149741
0.0752552 -0.0020366
0.0752895 0.0079791
0.0644089 0.0091244
0.0777851 0.0250246
0.0758823 0.0354606
0.0633606 0.0341352
0.0761746 0.0514730
0.0718336 0.0620529
0.0593146 0.0581332
0.0705135 0.0753148
0.0645819 0.0857100
0.0523906 0.0795514
0.0607972 0.0957194
0.0546620 0.1048654
0.0429753 0.0975681
0.0493751 0.1112310
0.0426934 0.1189319
0.0332054 0.1110881
0.0372131 0.1209750
0.0312618 0.1271309
0.0238175 0.1196002
0.0252768 0.1249701
0.0215900 0.1292332
0.0158680 0.1232784
0.0164679 0.1229108
0.0152329 0.1254827
0.0118450 0.1219581
0.0124739 0.1145564
0.0149463 0.1152219
0.0129665 0.1147399
0.0153442 0.0994530
0.0212974 0.0959469
0.0206491 0.0975326
0.0264378 0.0761913
0.0300538 0.0619643
0.0357466 0.0609447
0.0369924 0.0430810
0.0305985 0.0101535
0.0559869 0.0033376
0.0000000 0.0000000
0.0000000 0.0000000
-0.0444163 -0.0065236
-0.0335153 -0.0059700
-0.0359963 -0.0181519
-0.0378207 -0.0259013
-0.0289539 -0.0237916
-0.0364993 -0.0359897
-0.0335479 -0.0435053
-0.0247083 -0.0394839
-0.0312613 -0.0516883
-0.0270787 -0.0583479
-0.0187355 -0.0527196
-0.0241221 -0.0644146
-0.0185101 -0.0696072
-0.0118865 -0.0628133
-0.0148768 -0.0729607
-0.0090723 -0.0766861
-0.0037157 -0.0686969
-0.0040418 -0.0767527
0.0017111 -0.0785357
0.0052409 -0.0700092
0.0069485 -0.0756444
0.0130665 -0.0750509
0.0138270 -0.0667220
0.0182470 -0.0689971
0.0236209 -0.0664907
0.0221332 -0.0584654
0.0291660 -0.0572543
0.0333660 -0.0526847
0.0295555 -0.0457382
0.0384283 -0.0412641
0.0416600 -0.0345558
0.0352749 -0.0293859
0.0456569 -0.0213769
0.0475693 -0.0133610
0.0389951 -0.0099211
0.0506481 0.0009960
0.0506872 0.0101276
0.0407610 0.0113376
0.0527729 0.0241819
0.0513584 0.0341790
0.0403363 0.0329577
0.0516586 0.0472213
0.0493184 0.0571548
0.0375068 0.0540456
0.0481692 0.0685730
0.0444833 0.0781008
0.0333288 0.0732141
0.0426142 0.0868398
0.0384159 0.0956329
0.0281166 0.0894003
0.0352168 0.1014779
0.0314842 0.1089749
0.0221301 0.1023336
0.0277605 0.1118279
0.0244405 0.1180504
0.0170849 0.1116556
0.0211862 0.1175807
0.0194840 0.1228118
0.0137324 0.1176664
0.0166757 0.1190419
0.0182744 0.1238675
0.0135504 0.1215672
0.0172562 0.1160808
0.0243644 0.1220187
0.0194397 0.1245961
0.0272329 0.1076907
0.0441380 0.1154554
0.0334935 0.1229212
0.0540341 0.0905963
0.0804949 0.0910152
0.0534466 0.0852441
0.0931068 0.0593029
0.1104599 0.0165541
0.0580414 -0.0719759
0.0000000 0.0000000
0.0000000 0.0000000
-0.0245374 -0.0061042
-0.0144803 -0.0057678
-0.0203553 -0.0159967
-0.0209666 -0.0236825
-0.0126126 -0.0204689
-0.0204884 -0.0321873
-0.0184548 -0.0395107
-0.0106050 -0.0332687
-0.0176803 -0.0464280
-0.0150961 -0.0530348
-0.0077188 -0.0438938
-0.0133012 -0.0577701
-0.0104174 -0.0631083
-0.0041312 -0.0516716
-0.0083280 -0.0655173
-0.0048080 -0.0690890
-0.0003947 -0.0561734
-0.0024769 -0.0688693
0.0010317 -0.0706124
0.0036866 -0.0568299
0.0040108 -0.0674862
0.0072628 -0.0671143
0.0078129 -0.0535152
0.0102618 -0.0614661
0.0134467 -0.0587831
0.0114994 -0.0463979
0.0162188 -0.0507268
0.0188721 -0.0460891
0.0146548 -0.0355608
0.0216044 -0.0358755
0.0233945 -0.0293757
0.0171646 -0.0216435
0.0258364 -0.0179173
0.0269128 -0.0097334
0.0187423 -0.0055174
0.0285578 0.0024401
0.0289177 0.0116035
0.0191733 0.0121085
0.0299261 0.0238739
0.0292366 0.0336625
0.0187710 0.0301431
0.0297763 0.0450039
0.0283291 0.0550124
0.0174790 0.0475046
0.0278348 0.0649209
0.0261166 0.0743877
0.0153282 0.0634194
0.0249809 0.0824673
0.0227604 0.0910833
0.0129560 0.0771792
0.0213902 0.0968790
0.0192001 0.1044335
0.0105509 0.0883407
0.0173232 0.1079404
0.0158744 0.1142585
0.0084992 0.0970194
0.0140259 0.1156486
0.0134791 0.1210954
0.0077093 0.1037695
0.0122161 0.1205791
0.0137216 0.1261534
0.0093243 0.1103774
0.0130853 0.1236778
0.0201343 0.1332357
0.0165566 0.1232908
0.0201912 0.1243927
0.0492639 0.1530848
0.0322860 0.1531084
0.0458343 0.1120974
0.1593746 0.2021310
0.0066413 0.1297823
0.0972872 0.0365006
0.4966754 0.2865355
-0.1442244 -0.2596812
0.0000000 0.0000000
0.0000000 0.0000000
-0.0053730 -0.0064156
0.0000000 0.0000000
-0.0054322 -0.0155193
-0.0049579 -0.0252270
0.0000000 0.0000000
-0.0049785 -0.0325153
-0.0043919 -0.0418627
0.0000000 0.0000000
-0.0043086 -0.0477516
-0.0034987 -0.0558489
0.0000000 0.0000000
-0.0033604 -0.0599381
-0.0024580 -0.0663249
0.0000000 0.0000000
-0.0020174 -0.0682055
-0.0010783 -0.0724139
0.0000000 0.0000000
-0.0006042 -0.0720004
0.0004428 -0.0736456
0.0000000 0.0000000
0.0009310 -0.0708242
0.0019096 -0.0697864
0.0000000 0.0000000
0.0025795 -0.0645510
0.0034420 -0.0607687
0.0000000 0.0000000
0.0041122 -0.0534917
0.0048598 -0.0470613
0.0000000 0.0000000
0.0054414 -0.0380698
0.0060203 -0.0293714
0.0000000 0.0000000
0.0065980 -0.0191208
0.0069047 -0.0085422
0.0000000 0.0000000
0.0074756 0.0022409
0.0075373 0.0141549
0.0000000 0.0000000
0.0078785 0.0248868
0.0077674 0.0374000
0.0000000 0.0000000
0.0079647 0.0475259
0.0075908 0.0599851
0.0000000 0.0000000
0.0077697 0.0688722
0.0072419 0.0806814
0.0000000 0.0000000
0.0071402 0.0880158
0.0065913 0.0985874
0.0000000 0.0000000
0.0063441 0.1041975
0.0057770 0.1131989
0.0000000 0.0000000
0.0055335 0.1170460
0.0051450 0.1244807
0.0000000 0.0000000
0.0047323 0.1269560
0.0046899 0.1329900
0.0000000 0.0000000
0.0044051 0.1350998
0.0041340 0.1394974
0.0000000 0.0000000
0.0040659 0.1442966
0.0000737 0.1458864
0.0000000 0.0000000
-0.0064882 0.1548937
0.0059543 0.1914292
0.0000000 0.0000000
-0.0803220 0.1224271
0.2733919 0.5466276
0.0000000 0.0000000
-0.2676775 -0.1196113
1.4101778 1.4205530
0.0000000 0.0000000
0.0000000 0.0000000
-22.68468
-22.32819
-23.0501
-24.55304
-27.02754
-30.89461
-36.94281
-46.57733
-62.02803
-86.70412
-126.4838
-176.837
-226.6164
-81.50724
-154.3883
-113.2479
-84.23585
-63.44775
-48.85598
-38.9468
-32.28729
-27.78531
-24.71995
-22.71526
-21.58842
-21.26789
-22.00444
-22.08569
-22.79749
-24.25327
-26.65992
-30.43645
-36.38759
-46.04425
-62.11649
-88.25876
-130.7605
-200.018
-150.7305
-70.76622
-187.3288
-121.1683
-84.95595
-64.42971
-48.6128
-38.56921
-31.95507
-27.4986
-24.48331
-22.51869
-21.40927
-21.11358
-21.17072
-21.2864
-21.96677
-23.31584
-25.5394
-29.06233
-34.76099
-44.58105
-62.71348
-94.53267
-156.8773
-182.536
-113.8418
-180.0983
-193.0996
-147.6513
-91.21903
-65.26121
-48.05598
-37.49327
-30.82971
-26.47503
-23.57952
-21.71268
-20.66276
-20.3884
-19.91744
-20.02084
-20.61109
-21.78351
-23.71386
-26.75534
-31.69955
-40.75649
-61.19305
-116.0413
-179.9264
-193.1279
-78.92466
-123.1436
-166.6241
-169.5492
-110.4131
-64.77169
-45.66696
-35.155
-28.74123
-24.6567
-21.99684
-20.30731
-19.36786
-19.1106
-18.21564
-18.29756
-18.75873
-19.69
-21.23534
-23.67321
-27.45867
-33.38896
-43.7902
-106.1856
-186.5252
-255.3589
-147.3079
-106.8341
-207.5354
-198.9627
-127.3556
-65.5927
-41.9718
-31.29195
-25.47596
-21.94814
-19.70859
-18.30236
-17.52423
-17.29878
-16.09593
-16.14725
-16.45352
-17.08941
-18.15709
-19.89388
-22.82481
-27.93485
-38.6987
-57.54612
-77.16633
-78.48533
-79.13904
-96.96318
-161.1442
-155.4947
-85.40197
-47.9104
-32.47003
-24.99781
-20.89631
-18.39854
-16.78883
-15.76204
-15.18253
-15.0133
-13.63392
-13.64237
-13.77942
-14.08674
-14.60133
-15.43683
-16.94631
-19.26202
-22.90943
-28.90112
-22.6086
-16.44729
5.387215
-17.21332
-49.9702
-50.87048
-31.63336
-24.58615
-20.28578
-17.45293
-15.5782
-14.31069
-13.4315
-12.83513
-12.48014
-12.37491
-10.9528
-10.91572
-10.89554
-10.88963
-10.88085
-10.82324
-10.70586
-10.16784
-8.445175
-5.550159
3.518051
14.51392
34.84032
52.10917
25.17772
4.425153
-3.849741
-7.822621
-9.532258
-10.12714
-10.20546
-10.08236
-9.900705
-9.724985
-9.592836
-9.543623
-8.202683
-8.13696
-7.977815
-7.703768
-7.25725
-6.520574
-5.306897
-3.331523
0.2454922
5.872751
16.88758
27.93797
43.30185
44.80364
35.91322
21.51536
10.05106
2.726371
-1.532538
-3.977026
-5.339496
-6.070117
-6.444099
-6.617245
-6.674949
-6.672451
-5.508971
-5.427496
-5.169035
-4.706986
-3.972281
-2.841741
-1.120484
1.439545
5.345483
10.75501
19.0099
27.55453
35.27559
36.24884
31.64745
23.35873
15.01776
8.366652
3.750294
0.6865083
-1.286237
-2.515935
-3.254535
-3.671188
-3.86636
-3.896242
-2.970597
-2.885507
-2.572598
-2.009069
-1.133643
0.155132
2.002706
4.58145
8.150636
12.76368
18.42745
23.97271
28.22074
29.04784
26.49032
21.58888
16.00143
10.94164
6.930642
3.970098
1.882456
0.4672246
-0.4481783
-0.9985643
-1.273303
-1.319659
-0.6546728
-0.5764774
-0.249061
0.3433607
1.245966
2.530167
4.288192
6.615462
9.597511
13.17048
17.07386
20.64134
23.17744
23.7975
22.32775
19.31217
15.59314
11.92055
8.731806
6.184728
4.259876
2.87445
1.93062
1.339701
1.036238
0.98776
1.401543
1.465198
1.776987
2.346282
3.201777
4.386071
5.946518
7.918615
10.29871
12.97077
15.68794
18.04759
19.65418
20.0856
19.20947
17.28991
14.78563
12.15292
9.718032
7.65226
6.00636
4.766912
3.889964
3.324722
3.03026
2.989627
3.183307
3.228842
3.506639
4.020803
4.787494
5.82635
7.152876
8.764316
10.61648
12.59565
14.51296
16.12064
17.18246
17.47866
16.93123
15.6722
13.95959
12.07449
10.24727
8.625358
7.279978
6.231041
5.467904
4.966278
4.704184
4.67676
4.69249
4.720352
4.956385
5.400787
6.060777
6.941277
8.037516
9.326932
10.75346
12.2212
13.5945
14.71637
15.44099
15.64614
15.28845
14.43872
13.24745
11.89104
10.52876
9.277156
8.206888
7.350186
6.71407
6.291091
6.071805
6.058973
5.942177
5.956142
6.150831
6.523867
7.076235
7.80436
8.693601
9.71313
10.80932
11.90494
12.90383
13.70319
14.21052
14.35442
14.11112
13.52179
12.67784
11.69278
10.67672
9.71829
8.87921
8.194315
7.678571
7.33405
7.158543
7.15892
6.952416
6.958139
7.117714
7.426274
7.881159
8.473837
9.186494
9.987679
10.83073
11.65563
12.39292
12.97329
13.33628
13.43842
13.26661
12.84698
12.23742
11.51298
10.75052
10.01689
9.362499
8.820158
8.407841
8.132427
7.995526
8.005599
7.748277
7.751439
7.884422
8.140314
8.51358
8.993672
9.562069
10.19091
10.84139
11.46756
12.01892
12.44704
12.71134
12.78421
12.65834
12.35135
11.90168
11.36034
10.78176
10.21609
9.703749
9.273536
8.943583
8.723113
8.615855
8.630433
8.357687
8.362794
8.477314
8.693362
9.00302
9.394712
9.850902
10.34735
10.85337
11.3335
11.75088
12.071
12.26578
12.31706
12.22078
11.98923
11.64892
11.23557
10.78845
10.34516
9.937858
9.591239
9.32223
9.141002
9.052753
9.06591
8.809494
8.819406
8.922067
9.109316
9.372169
9.698151
10.07104
10.46994
10.87016
11.24466
11.56584
11.80884
11.95379
11.98841
11.91043
11.72885
11.46248
11.13699
10.78133
10.42413
10.0909
9.802618
9.574789
9.417928
9.338333
9.344095
9.132222
9.147994
9.243436
9.410585
9.640061
9.919419
10.23316
10.56321
10.88904
11.18935
11.44318
11.63199
11.7415
11.76311
11.69566
11.54598
11.32798
11.0607
10.76599
10.46616
10.18187
9.930858
9.727426
9.582264
9.502919
9.497058
9.352077
9.373766
9.464899
9.618407
9.824768
10.07195
10.34543
10.6288
10.90459
11.15506
11.36355
11.5157
11.60072
11.61247
11.55041
11.41997
11.2319
11.00102
10.74447
10.48015
10.22524
9.995019
9.802638
9.659112
9.573999
9.555766
9.491877
9.518977
9.608038
9.752573
9.943609
10.16947
10.41658
10.6698
10.91346
11.13218
11.31174
11.44034
11.50931
11.51391
11.45397
11.33413
11.16312
10.95309
10.71829
10.47371
10.23405
10.0126
9.82102
9.670214
9.573098
9.548522
9.570321
9.602091
9.691024
9.830692
10.01253
10.22556
10.45681
10.69211
10.91682
11.11686
11.27947
11.3941
11.45325
11.45298
11.39326
11.27815
11.11543
10.91561
10.69125
10.45568
10.22184
10.00134
9.80319
9.635404
9.511546
9.440218
9.599581
9.637434
9.727985
9.866543
10.04477
10.25216
10.47629
10.7034
10.9194
11.11075
11.26532
11.37317
11.42723
11.42385
11.36318
11.24896
11.0884
10.89146
10.66978
10.43601
10.20233
9.979242
9.772546
9.579388
9.33618
8.399663
9.58138
9.632479
9.727434
9.868123
10.04819
10.25714
10.48252
10.71059
10.92724
11.11882
11.27318
11.38042
11.43347
11.4287
11.36621
11.24988
11.08672
10.88669
10.66154
10.42377
10.18594
9.959623
9.754847
9.520278
8.382617
0
