0.0000000 0.0000000
0.0000000 0.0000000
0.0000000 0.0000000
0.0000000 0.0000000
0.0000000 0.0000000
0.0000000 0.0000000
0.0000000 0.0000000
0.0000000 0.0000000
0.0000000 0.0000000
0.0000000 0.0000000
0.0000000 0.0000000
0.0000000 0.0000000
0.0000000 0.0000000
0.0000000 0.0000000
0.0000000 0.0000000
0.0000000 0.0000000
0.0000000 0.0000000
0.0000000 0.0000000
0.0000000 0.0000000
0.0000000 0.0000000
0.0000000 0.0000000
0.0000000 0.0000000
0.0000000 0.0000000
0.0000000 0.0000000
0.0000000 0.0000000
0.0000000 0.0000000
0.0000000 0.0000000
-1.2464141 0.6565641
-1.1255603 1.7065264
-0.8418295 2.6262662
-0.8992415 3.5420833
-0.9693445 4.4779272
-1.0349888 5.4630508
-1.1473173 6.5166597
-1.3918480 7.6904283
-2.0011539 9.0983171
-3.4443419 11.1247091
-7.8097501 13.5730381
11.0519409 12.5134993
11.8275318 -11.8224163
-6.9150715 -8.6789989
-2.5175147 -6.9167185
-1.3853782 -5.1976485
-0.9258673 -4.3328147
-0.6956200 -3.6259482
-0.5828082 -3.0047586
-0.5250429 -2.4428794
-0.4908470 -1.9162965
-0.4655548 -1.4202067
-0.4892996 -0.9292721
-0.5985230 -0.3740124
0.0000000 0.0000000
0.0000000 0.0000000
-2.4881902 0.7251643
-1.9761813 1.7129502
-1.7738937 2.5537288
-1.8399550 3.5122614
-1.9230994 4.4567523
-2.0302236 5.4263015
-2.1993439 6.4089122
-2.5473945 7.3750296
-3.3635120 8.2602310
-5.2170730 8.4402237
2.1963418 7.6754546
17.4432278 8.8875933
27.5931416 -7.1642504
9.7554026 -5.8107200
-3.5451591 -5.2950163
-2.2269232 -4.6685796
-1.5903780 -4.0051823
-1.3057946 -3.4335148
-1.1484627 -2.8896441
-1.0595899 -2.3690791
-1.0066276 -1.8670084
-0.9618402 -1.3727503
-0.9764314 -0.9135901
-1.2303642 -0.3899311
0.0000000 0.0000000
0.0000000 0.0000000
-3.5798745 0.7547855
-2.7355125 1.6402246
-2.7169650 2.4980888
-2.7784741 3.4329283
-2.8663514 4.4105811
-2.9735041 5.3827615
-3.1017852 6.3096347
-3.3064156 7.0693731
-3.7367420 7.3796840
-4.9813089 7.1334853
-7.2241921 3.5185366
20.4613533 5.9768276
31.6327896 -3.2776244
-5.5653954 -1.9698412
-4.0520926 -4.4823785
-2.8332741 -4.2652287
-2.0497565 -3.7139215
-1.7853274 -3.2643082
-1.6542727 -2.7948594
-1.5632545 -2.3054783
-1.4983929 -1.8267587
-1.4508376 -1.3411756
-1.4307628 -0.8975528
-1.7794496 -0.4082230
0.0000000 0.0000000
0.0000000 0.0000000
-4.4767189 0.7510456
-3.5358026 1.5436983
-3.6153517 2.4146979
-3.7240853 3.3336458
-3.8573217 4.3319535
-3.9418554 5.3993855
-3.9261193 6.4257717
-3.9013872 7.2748880
-3.6809716 7.6206036
-3.3857541 6.5289164
3.1118119 -3.2430725
12.9416065 4.2222338
36.7625923 -6.2271519
0.5253448 -0.8019189
-2.5436635 -4.1470146
-3.1373315 -4.3412099
-2.5322285 -3.7346749
-2.2062838 -3.2164798
-2.1327744 -2.7471809
-2.0537460 -2.2620220
-1.9791261 -1.7902004
-1.9241891 -1.3182919
-1.8816152 -0.8784406
-2.2574537 -0.4119900
0.0000000 0.0000000
0.0000000 0.0000000
-5.1554823 0.7220011
-4.3634892 1.4214431
-4.4852986 2.2586937
-4.6826072 3.1755326
-4.9038920 4.2159219
-5.0767379 5.3921051
-5.0417514 6.8352022
-5.0771475 8.1234207
-3.1057236 7.9712024
-0.2386075 5.5392251
8.6732063 -2.4851518
12.8568144 0.8917481
42.7892189 0.6977505
2.6269252 -2.1281068
-1.1263914 -4.1056075
-3.3665550 -4.4855061
-3.2246547 -3.9022913
-2.6869664 -3.2648461
-2.6467764 -2.7313247
-2.5508676 -2.2296748
-2.4566548 -1.7490126
-2.3815281 -1.2855792
-2.3320148 -0.8467460
-2.6642721 -0.4030216
0.0000000 0.0000000
0.0000000 0.0000000
-5.6167283 0.6684511
-5.1384077 1.2684888
-5.3247137 2.0192146
-5.6566672 2.8848131
-6.0366201 3.9461679
-6.4530210 5.3204298
-7.2507253 7.1611505
-5.0279555 7.3399787
-1.4913188 6.3217587
3.5264359 3.6619921
12.1365929 -2.4950640
15.3953333 0.8529770
38.3933678 -6.9564381
4.3517623 -2.6455681
0.3559994 -3.9166598
-3.2514188 -4.4864483
-3.9783995 -4.0472465
-3.2970512 -3.3177471
-3.2090337 -2.7236392
-3.0682938 -2.1856031
-2.9336979 -1.6866279
-2.8245690 -1.2269156
-2.7682185 -0.7955572
-2.9993777 -0.3810370
0.0000000 0.0000000
0.0000000 0.0000000
-5.8800397 0.5861129
-5.7833242 1.0796703
-6.0804667 1.7110113
-6.5929914 2.4714196
-7.2544541 3.4242961
-8.2451639 4.8207669
-8.1588449 6.0960631
-3.6925366 4.9714565
1.0020355 3.3958373
6.2953882 1.1892697
14.2161493 -2.7676601
17.8863182 -2.6363149
36.5446243 -1.1981461
6.6087713 -2.5228097
1.6277393 -3.9184275
-2.9899971 -4.6583362
-4.7464476 -4.3185339
-4.0726089 -3.3704123
-3.8418548 -2.6945217
-3.6107125 -2.1001103
-3.4076579 -1.5802709
-3.2496355 -1.1277525
-3.1709421 -0.7181275
-3.2628410 -0.3440183
0.0000000 0.0000000
0.0000000 0.0000000
-5.9854989 0.4686961
-6.2524505 0.8295167
-6.6787519 1.3034365
-7.3675551 1.9138925
-8.4605236 2.6485472
-9.7657957 3.2300725
-7.0516706 3.7842038
-2.5171494 3.1676474
3.1369805 0.9864927
7.6668105 -0.6191555
15.2611332 -3.6125836
24.1632633 -5.8363719
34.3349762 -6.0373244
10.6131048 -2.6433210
2.9824276 -4.1213651
-2.6803334 -4.8856659
-5.6784062 -4.1745834
-5.0547633 -3.3451970
-4.5594573 -2.5683327
-4.1632609 -1.9205337
-3.8608935 -1.3994786
-3.6408329 -0.9744756
-3.5201862 -0.6081810
-3.4593866 -0.2894222
0.0000000 0.0000000
0.0000000 0.0000000
-5.9854798 0.3084460
-6.5321960 0.5118567
-7.0693316 0.7662359
-7.8751144 1.1320680
-9.2879353 1.5525392
-10.5756712 1.4230528
-5.5367928 1.0748374
-1.1602523 1.6556796
3.8494565 0.0335679
8.8015337 -2.0570617
15.1890717 -4.5273466
34.5335617 -5.8454862
22.6971264 -3.8303030
10.7852802 -3.4049277
4.0869360 -3.7168868
-2.3517697 -4.4466963
-6.3175411 -3.4540689
-6.2565765 -2.9316027
-5.2663674 -2.2326157
-4.6888595 -1.5919306
-4.2691035 -1.1167564
-3.9749544 -0.7559004
-3.7976034 -0.4615451
-3.5969543 -0.2177069
0.0000000 0.0000000
0.0000000 0.0000000
-5.9379592 0.1283678
-6.6149755 0.1109948
-7.1924844 0.1018904
-8.0523710 0.1267180
-9.6523075 0.0866815
-10.5993109 -0.5309993
-5.4278245 -0.6629242
-0.6239709 -0.9509376
5.7407217 -1.4518362
9.7908497 -2.5788896
18.0456944 -4.4858251
35.1213226 -9.3215246
18.4685516 -3.0443885
10.8329659 -3.6448727
3.9926040 -3.1125019
-1.9341583 -3.1244628
-7.0597272 -1.8615302
-7.2878036 -2.0715680
-5.9030814 -1.5708444
-5.1171622 -1.0721107
-4.5823889 -0.7240509
-4.2199025 -0.4756649
-3.9863548 -0.2833425
-3.6801658 -0.1286360
0.0000000 0.0000000
0.0000000 0.0000000
-5.8639684 -0.0685177
-6.4873595 -0.3001480
-7.0245247 -0.5730580
-7.8230753 -0.8978513
-9.3253889 -1.4491667
-10.0220709 -2.5876524
-5.5990868 -3.2073939
-0.4710423 -1.5114349
6.5280104 -2.0169368
10.9176912 -2.6644382
20.3620739 -5.4365830
36.1479073 -6.3674698
16.3209457 -4.2722220
9.9633989 -2.6070237
3.6670716 -2.1332355
-1.5500586 -1.4116547
-7.5065536 -0.3797710
-7.9663610 -0.6790927
-6.2521544 -0.6283637
-5.3638506 -0.4005036
-4.7583661 -0.2510575
-4.3512998 -0.1542804
-4.0826159 -0.0843239
-3.7273095 -0.0305282
0.0000000 0.0000000
0.0000000 0.0000000
-5.6042366 -0.2483076
-6.1438222 -0.6619034
-6.5893712 -1.1501447
-7.2261209 -1.7756462
-8.4074039 -2.7240336
-9.1705589 -4.0004797
-5.2733440 -4.6802711
0.6497786 -3.5383878
6.2666345 -3.0727134
12.8652201 -3.7610209
23.2181129 -5.9783030
34.1855469 -7.1550412
14.2735233 -2.7617309
8.9114485 -1.3108640
3.1248407 -0.8998165
-2.4825244 0.4164300
-7.8358698 1.4520494
-7.8873124 0.8629559
-6.3032832 0.4782882
-5.3842354 0.3362693
-4.7675691 0.2491464
-4.3531837 0.1792299
-4.0787258 0.1208263
-3.7160275 0.0670556
0.0000000 0.0000000
0.0000000 0.0000000
-5.1850595 -0.3946637
-5.6291289 -0.9487402
-5.9474759 -1.5989596
-6.3775501 -2.4149022
-7.1380172 -3.5241227
-7.6784754 -5.3683057
-5.4473176 -6.2407036
0.4360914 -6.9744515
6.7800956 -5.6220427
13.0120821 -5.0834727
25.0171223 -6.1251059
30.2406216 -4.5528650
13.0862370 -1.4490933
8.2112789 -0.1594706
2.0205665 1.0325259
-3.2864776 2.3772686
-7.6077476 3.5977113
-7.1376090 2.2022283
-5.9546828 1.4525828
-5.1476946 1.0169663
-4.5956421 0.7177646
-4.2183137 0.4942285
-3.9629405 0.3153234
-3.6074939 0.1576389
0.0000000 0.0000000
0.0000000 0.0000000
-4.6509705 -0.4987513
-4.9966059 -1.1405163
-5.1784468 -1.8814051
-5.3950205 -2.7813094
-5.6633596 -3.9912255
-6.1016898 -5.7380800
-4.4910707 -7.3952794
-1.1992162 -7.2816958
5.1772184 -7.2853069
13.7735367 -6.1148853
26.1089725 -5.5769844
26.4050655 -3.0715094
12.3400068 0.8080876
5.3167748 1.3794075
0.4398537 2.5807199
-5.1467423 5.0929279
-7.3407993 4.7610254
-6.1197743 3.0951118
-5.3202033 2.1692858
-4.7085414 1.5543213
-4.2693601 1.1061401
-3.9619329 0.7618188
-3.7459671 0.4821391
-3.4100864 0.2342832
0.0000000 0.0000000
0.0000000 0.0000000
-4.0514722 -0.5587886
-4.3044634 -1.2373412
-4.3601604 -2.0040245
-4.3840966 -2.9126844
-4.3696756 -4.0488248
-4.3058906 -5.5682316
-3.7383707 -7.4814472
-0.3907082 -8.5904188
4.2568998 -8.2986689
13.3980656 -7.0444441
22.4243469 -4.9434581
20.9041767 -0.8191028
12.5269156 3.3226893
4.0769310 4.4262695
-0.8864356 5.5567331
-5.6384382 7.1837411
-5.4518223 5.0071349
-4.9659224 3.5723381
-4.5118933 2.6151018
-4.1339192 1.9138176
-3.8341863 1.3855041
-3.6129036 0.9634331
-3.4477310 0.6104453
-3.1400702 0.2923938
0.0000000 0.0000000
0.0000000 0.0000000
-3.4323151 -0.5774677
-3.6067941 -1.2475898
-3.5632958 -1.9845599
-3.4483154 -2.8219664
-3.2421157 -3.8166945
-2.9243958 -4.9802389
-2.3330564 -6.5248609
-0.6172714 -8.1265984
4.1008453 -8.6608200
10.0702705 -5.9431314
16.4517479 -2.2103055
15.8767805 1.0655892
9.8208151 7.5796475
3.7565346 8.8019104
-1.7892383 9.7541895
-3.2811322 7.0565057
-3.6190176 5.0840526
-3.7082131 3.7850215
-3.6381738 2.8258049
-3.4889104 2.1121266
-3.3346827 1.5533315
-3.2037554 1.0933105
-3.0922763 0.6961675
-2.8177192 0.3303983
0.0000000 0.0000000
0.0000000 0.0000000
-2.8315866 -0.5612453
-2.9451492 -1.1869328
-2.8331509 -1.8522712
-2.6219625 -2.5723944
-2.2826798 -3.3648267
-1.7757506 -4.2091093
-0.8580773 -5.1343956
0.7051702 -6.0097313
3.3068316 -6.3332014
7.1257839 -5.3276310
9.9227457 0.5860072
9.6548395 4.4929509
6.8361778 8.0994091
2.4045079 9.2526960
-0.2932063 7.6615753
-1.5599957 6.0627670
-2.2855868 4.7268143
-2.6437194 3.6874435
-2.8024807 2.8515065
-2.8403745 2.1744838
-2.8133533 1.6247915
-2.7648270 1.1575221
-2.7031391 0.7414331
-2.4636333 0.3498549
0.0000000 0.0000000
0.0000000 0.0000000
-2.2764728 -0.5192949
-2.3458362 -1.0784347
-2.1943192 -1.6519117
-1.9307742 -2.2421155
-1.5237696 -2.8386214
-0.9281843 -3.4337223
-0.0010661 -3.9205024
1.4017051 -4.2572765
2.9202180 -3.8820307
4.7646389 -2.9885564
6.1592150 -0.0774320
6.0391240 2.4188645
4.6549811 4.4853191
2.5414352 5.5573578
0.6132359 5.5159230
-0.6452804 4.8982749
-1.3992519 4.1267076
-1.8428298 3.3848121
-2.1034992 2.7186756
-2.2450843 2.1318901
-2.3070960 1.6212797
-2.3225031 1.1690804
-2.3012724 0.7537301
-2.0956078 0.3544858
0.0000000 0.0000000
0.0000000 0.0000000
-1.7824817 -0.4623177
-1.8226039 -0.9462221
-1.6576818 -1.4252095
-1.3827952 -1.8924754
-0.9727473 -2.3295031
-0.3891500 -2.7078495
0.3876466 -2.9493341
1.3836466 -2.9707098
2.4140456 -2.5458584
3.4774520 -1.5720832
4.1458497 0.1661171
4.0864272 1.6525507
3.2707787 2.9575565
2.0804350 3.8079336
0.8537157 4.0665298
-0.1419529 3.8884995
-0.8312952 3.4834914
-1.2692927 2.9968460
-1.5531371 2.4977453
-1.7356875 2.0162673
-1.8423128 1.5645927
-1.8968432 1.1436294
-1.9030645 0.7427432
-1.7280023 0.3490929
0.0000000 0.0000000
0.0000000 0.0000000
-1.3555688 -0.4004807
-1.3777477 -0.8112279
-1.2201053 -1.2042427
-0.9644914 -1.5670977
-0.5959110 -1.8789315
-0.0973025 -2.1035571
0.4995621 -2.1920295
1.1937200 -2.0708005
1.8686292 -1.6517626
2.4893670 -0.8756538
2.8605170 0.2613799
2.8064911 1.2604096
2.3273900 2.1521366
1.6009915 2.7969527
0.8045265 3.1057150
0.0848144 3.1161587
-0.4777277 2.9217737
-0.8645392 2.6148593
-1.1294150 2.2514577
-1.3127689 1.8664240
-1.4316349 1.4790125
-1.5004591 1.0970513
-1.5192423 0.7189472
-1.3713682 0.3385609
0.0000000 0.0000000
0.0000000 0.0000000
-0.9937935 -0.3417512
-1.0051705 -0.6881157
-0.8685096 -1.0094192
-0.6517414 -1.2901081
-0.3486074 -1.5088495
0.0358969 -1.6349065
0.4703820 -1.6349651
0.9397961 -1.4645822
1.3806616 -1.0859913
1.7539784 -0.4811717
1.9660100 0.3014794
1.9234082 1.0229322
1.6321346 1.6756057
1.1772895 2.1761253
0.6564904 2.4687898
0.1549166 2.5559673
-0.2691570 2.4773297
-0.5799243 2.2863278
-0.8031357 2.0223184
-0.9640700 1.7155147
-1.0734216 1.3856059
-1.1386744 1.0439047
-1.1562018 0.6927406
-1.0269897 0.3301863
0.0000000 0.0000000
0.0000000 0.0000000
-0.6892757 -0.2916929
-0.6933544 -0.5863341
-0.5853220 -0.8520162
-0.4179781 -1.0721645
-0.1909071 -1.2260463
0.0813268 -1.2905232
0.3787671 -1.2438960
0.6852373 -1.0618200
0.9629546 -0.7321588
1.1878442 -0.2515845
1.3072488 0.3232131
1.2761321 0.8750558
1.0972835 1.3810188
0.8134999 1.7850503
0.4792850 2.0488245
0.1451051 2.1643701
-0.1514355 2.1469417
-0.3788586 2.0277960
-0.5477613 1.8323522
-0.6731592 1.5841260
-0.7601346 1.3011739
-0.8118497 0.9960831
-0.8175979 0.6743867
-0.6965495 0.3301571
0.0000000 0.0000000
0.0000000 0.0000000
-0.4303477 -0.2540958
-0.4278004 -0.5105547
-0.3520792 -0.7351395
-0.2388602 -0.9113944
-0.0902997 -1.0192264
0.0802455 -1.0449151
0.2629623 -0.9764725
0.4457490 -0.7983360
0.6057717 -0.5110868
0.7303454 -0.1180730
0.7922382 0.3322269
0.7695217 0.7781646
0.6638613 1.1911861
0.4967717 1.5298727
0.2972577 1.7650479
0.0947168 1.8855143
-0.0880040 1.8967160
-0.2324499 1.8238086
-0.3421018 1.6781147
-0.4240995 1.4753116
-0.4813655 1.2310674
-0.5131739 0.9603570
-0.4973725 0.6810170
-0.3326221 0.4168749
0.0000000 0.0000000
0.0000000 0.0000000
-0.2022251 -0.2269954
-0.1896326 -0.4394648
-0.1501805 -0.6178455
-0.0953704 -0.7432353
-0.0256123 -0.8009272
0.0540756 -0.8026150
0.1379544 -0.7336385
0.2192834 -0.5784712
0.2885104 -0.3414723
0.3384262 -0.0368761
0.3600882 0.3053508
0.3440976 0.6547462
0.2911629 0.9817584
0.2117205 1.2518339
0.1192281 1.4407693
0.0265354 1.5383904
-0.0554643 1.5559287
-0.1209671 1.5279770
-0.1709782 1.4397554
-0.2061849 1.2938477
-0.2285657 1.1007503
-0.2341746 0.8786100
-0.1754470 0.6879522
0.0224909 0.5826210
0.0000000 0.0000000
0.0000000 0.0000000
0.0000000 0.0000000
0.0000000 0.0000000
0.0000000 0.0000000
0.0000000 0.0000000
0.0000000 0.0000000
0.0000000 0.0000000
0.0000000 0.0000000
0.0000000 0.0000000
0.0000000 0.0000000
0.0000000 0.0000000
0.0000000 0.0000000
0.0000000 0.0000000
0.0000000 0.0000000
0.0000000 0.0000000
0.0000000 0.0000000
0.0000000 0.0000000
0.0000000 0.0000000
0.0000000 0.0000000
0.0000000 0.0000000
0.0000000 0.0000000
0.0000000 0.0000000
0.0000000 0.0000000
0.0000000 0.0000000
0.0000000 0.0000000
0.0000000 0.0000000
0.0000000 0.0000000
-0.1048084 0.1308104
0.0000000 0.0000000
-0.5666939 0.1182067
-0.4448841 0.7207367
-0.4670423 1.4488227
0.0000000 0.0000000
-1.2368683 1.2210985
-0.3795923 2.1811569
-0.3361569 2.7940707
0.0000000 0.0000000
-0.9294615 2.2093093
-0.3091943 3.3219652
-0.3147355 3.8597658
0.0000000 0.0000000
-0.8670214 3.1069505
-0.3296100 4.4120803
-0.3398790 4.9641981
0.0000000 0.0000000
-0.9368965 4.0225463
-0.3447891 5.5652523
-0.3571517 6.1570926
0.0000000 0.0000000
-0.9963799 4.9782100
-0.3670311 6.8028908
-0.3952592 7.4336004
0.0000000 0.0000000
-1.0712452 5.9858680
-0.4127652 8.1717863
-0.4763725 8.8696585
0.0000000 0.0000000
-1.2136881 7.0689845
-0.5171929 9.8168221
-0.6670179 10.6525011
0.0000000 0.0000000
-1.5419595 8.3178015
-0.8017986 12.1007128
-1.1196071 13.3321209
0.0000000 0.0000000
-2.3689291 10.1361275
-1.6089253 15.6767168
-1.8726703 18.3589916
0.0000000 0.0000000
-4.4346962 14.4223394
-1.6525820 21.3184700
-2.4878602 24.8343716
0.0000000 0.0000000
3.0442650 13.6595697
4.4926829 17.2539902
9.9020004 9.4672461
0.0000000 0.0000000
12.1166229 11.5973988
12.4477673 -7.8866730
-1.4672192 -10.8287992
0.0000000 0.0000000
12.7920609 -1.3590708
-1.6211559 -14.0025225
-0.7758763 -12.0106230
0.0000000 0.0000000
-8.9728622 -8.6842098
0.1118593 -8.5639725
-0.4387749 -7.4792213
0.0000000 0.0000000
-1.8404670 -6.4333649
-0.4073476 -6.6859155
-0.3737653 -5.8887377
0.0000000 0.0000000
-1.1312050 -4.8970828
-0.3218684 -5.3346586
-0.2863800 -4.8109083
0.0000000 0.0000000
-0.7930301 -3.9998047
-0.2568965 -4.3674192
-0.2390606 -3.9582038
0.0000000 0.0000000
-0.6286246 -3.3178093
-0.2243842 -3.5825784
-0.2136053 -3.2287040
0.0000000 0.0000000
-0.5489172 -2.7256286
-0.2043403 -2.8908384
-0.1974157 -2.5668728
0.0000000 0.0000000
-0.5058315 -2.1814911
-0.1908285 -2.2532556
-0.1846134 -1.9462185
0.0000000 0.0000000
-0.4767094 -1.6672779
-0.1792452 -1.6536735
-0.1750856 -1.3573581
0.0000000 0.0000000
-0.4673831 -1.1795661
-0.1835659 -1.0666131
-0.1884666 -0.7490764
0.0000000 0.0000000
-0.5414279 -0.6623155
-0.2069993 -0.4166331
-0.1673591 -0.0896783
0.0000000 0.0000000
-0.3443642 -0.1036784
0.0000000 0.0000000
0.0000000 0.0000000
-0.8263621 0.2115333
-1.3088109 0.2215308
-1.8262030 0.7173048
-1.8062687 1.3224342
-2.2588949 1.2692339
-1.5009567 1.8367220
-1.3217322 2.2676120
-1.8231901 2.0949256
-1.2896937 2.6831191
-1.3137261 3.1857698
-1.8164066 3.0317960
-1.3613219 3.6544769
-1.3898932 4.1381087
-1.8886045 3.9683955
-1.4229351 4.6229382
-1.4654874 5.1109595
-1.9753032 4.9169779
-1.5115933 5.6298432
-1.5951704 6.1180840
-2.0949047 5.8768888
-1.6734816 6.6996031
-1.8528653 7.1676130
-2.3162856 6.8023753
-2.0248017 7.8722510
-2.4539485 8.2852068
-2.8329053 7.5679488
-2.8662021 9.2867508
-4.0317240 9.4938774
-4.1165681 7.7708387
-5.4260411 10.9986982
-8.6078501 12.0265093
-8.9972639 8.0440865
-1.3643703 8.8930292
7.2258487 11.2260685
12.3894844 11.0457335
11.4911432 8.7760468
15.6497622 5.0663991
26.0882168 4.1887307
22.5687771 -3.5771353
16.8476391 -1.3154577
22.5289860 -3.4040697
3.1184738 -8.1945820
-9.1457109 -6.4866762
-4.2122388 -4.8986306
-3.2555985 -5.4703083
-2.5322914 -5.8408771
-2.5914454 -4.7720962
-1.7753173 -4.8576536
-1.5057565 -4.6254697
-1.7961178 -4.2510490
-1.2442585 -4.1805682
-1.1151737 -3.8850024
-1.4118072 -3.7163708
-1.0003538 -3.5469813
-0.9373042 -3.2696910
-1.2145767 -3.1754246
-0.8770906 -2.9666543
-0.8416500 -2.7025409
-1.0979482 -2.6382720
-0.8075733 -2.4250093
-0.7839408 -2.1693830
-1.0295227 -2.1214671
-0.7623051 -1.9082173
-0.7419903 -1.6579887
-0.9835443 -1.6180350
-0.7222216 -1.4112928
-0.7097665 -1.1602639
-0.9517824 -1.1321683
-0.7363021 -0.9235623
-0.8108736 -0.6549862
-1.0770481 -0.6553401
-0.9087639 -0.3740037
-0.5424591 -0.1173609
-0.7580786 -0.1296748
0.0000000 0.0000000
0.0000000 0.0000000
-1.7080576 0.2596723
-2.2134120 0.2858046
-3.0100489 0.7470612
-2.7075083 1.2720991
-3.0798037 1.2447274
-2.3410032 1.6897800
-2.2089286 2.0775933
-2.7016499 2.0240123
-2.2281420 2.5221221
-2.2547626 3.0240135
-2.7591565 2.9481077
-2.3071179 3.4722562
-2.3302040 3.9597039
-2.8488710 3.8890901
-2.3904521 4.4311376
-2.4284828 4.9189525
-2.9516280 4.8485374
-2.4949584 5.4039350
-2.5625763 5.8689551
-3.0545206 5.7916732
-2.6384585 6.3688393
-2.7841511 6.7471170
-3.1905711 6.6282873
-2.9002557 7.2543125
-3.2220950 7.4393778
-3.4194872 7.2206445
-3.4387777 7.8239412
-3.9565337 7.7378159
-3.9688199 7.3729491
-3.8333514 7.9672127
-8.1359043 7.3210301
-6.1902170 6.9653101
-8.8900747 7.2048340
5.1735940 7.4897981
10.3285923 3.0702677
18.4094257 7.7891092
25.0866604 6.0091023
32.7873535 3.9307706
29.9933567 -4.7140918
23.4560738 -2.6280041
27.7166576 -0.8824540
-5.6758347 -0.3557628
-4.1084423 -5.5529990
-5.2576742 -4.4112148
-3.5424285 -4.9066367
-2.9917164 -4.7216544
-3.6528058 -4.5111527
-2.4218640 -4.3750587
-2.0965254 -4.1223106
-2.4435511 -4.0327387
-1.8057421 -3.8146298
-1.6653478 -3.6045191
-1.8821312 -3.5160835
-1.5559340 -3.3292832
-1.4870104 -3.1117444
-1.7127769 -3.0544891
-1.4154426 -2.8342679
-1.3697150 -2.6013408
-1.6041110 -2.5622151
-1.3247342 -2.3356261
-1.2911971 -2.0963974
-1.5264381 -2.0657728
-1.2630923 -1.8471450
-1.2367698 -1.6020169
-1.4717830 -1.5786651
-1.2151787 -1.3583846
-1.1947852 -1.1147313
-1.4296186 -1.0966020
-1.2055304 -0.9043118
-1.2993180 -0.6530047
-1.5356483 -0.6486837
-1.4936596 -0.3997256
-0.9870715 -0.1434364
-1.2296609 -0.1517617
0.0000000 0.0000000
0.0000000 0.0000000
-2.6826599 0.3075187
-3.2127702 0.3189929
-4.0112853 0.7566876
-3.4439530 1.2182895
-3.7893739 1.1778951
-3.1294844 1.5909241
-3.1170855 2.0038545
-3.5790846 1.9614658
-3.1553161 2.4517281
-3.1869111 2.9211464
-3.6790967 2.8485222
-3.2554703 3.3643537
-3.2693200 3.8907807
-3.8300807 3.7977283
-3.3674810 4.3404493
-3.3745136 4.8746781
-3.9716370 4.8039517
-3.4629910 5.3366127
-3.4641359 5.8580675
-4.0446196 5.8203030
-3.5242381 6.2763686
-3.4934461 6.7477465
-4.0200396 6.7486234
-3.5060031 7.0658145
-3.6018083 7.2475286
-3.7583179 7.3511920
-3.5965996 7.4082894
-4.0462818 7.1516180
-3.7406986 6.9775076
-4.6789899 6.7815948
-5.8026752 6.1977558
-4.4072270 5.8706479
0.1806293 -4.5203342
8.5393515 0.9822420
6.6688342 1.2610646
15.1386251 4.5425367
22.1337223 7.2756071
29.4453163 1.0822598
38.5144958 -4.2940021
38.5522804 -1.0131780
24.2194195 2.3638616
-4.5346141 -1.7578278
-3.4187031 -2.5436184
-1.1493438 -1.5526831
-3.6923442 -4.4075332
-3.4319665 -4.0579977
-2.9979970 -4.1188140
-3.0738831 -4.2358608
-2.7456412 -3.9677868
-2.9238126 -4.0436726
-2.3322344 -3.6688859
-2.1352084 -3.4592972
-2.3076928 -3.4554346
-2.0282097 -3.2166760
-1.9701556 -3.0140142
-2.1607461 -2.9841371
-1.9166445 -2.7636955
-1.8683027 -2.5356066
-2.0864358 -2.5053918
-1.8263531 -2.2821200
-1.7832918 -2.0421171
-2.0118678 -2.0108988
-1.7507559 -1.8098588
-1.7159429 -1.5599056
-1.9456414 -1.5345147
-1.6956344 -1.3311431
-1.6672353 -1.0838954
-1.8971516 -1.0653821
-1.6587293 -0.8895845
-1.7394761 -0.6420921
-1.9612443 -0.6312378
-2.0067430 -0.4121330
-1.4849012 -0.1573234
-1.7414169 -0.1599738
0.0000000 0.0000000
0.0000000 0.0000000
-3.7027767 0.3231943
-4.2237277 0.3190363
-4.8039393 0.7392325
-4.1229587 1.1319247
-4.4681902 1.0713964
-3.9457080 1.4820505
-3.9876647 1.9200406
-4.4208632 1.8473252
-4.0449910 2.3372562
-4.1046109 2.7968087
-4.5913196 2.7034757
-4.2047000 3.2433329
-4.2741408 3.7692423
-4.8281322 3.6666317
-4.3924007 4.2379513
-4.3795166 4.8705049
-5.0846677 4.7542977
-4.5205936 5.3275847
-4.4067965 6.0039239
-5.2621403 5.9616208
-4.5268273 6.4395347
-4.3241453 7.1955881
-5.1822495 7.5059490
-4.1755557 7.6648765
-3.9860682 7.9915519
-4.1283374 8.4719248
-3.3159344 8.0231113
-2.4445267 7.4777298
-1.7225368 6.9807878
-1.0788769 6.0614586
-0.3906070 5.9014125
0.1507425 5.1647964
6.6952295 -2.6145778
8.5440187 0.6087080
10.2228718 0.6188267
12.3078957 2.6711633
26.7804832 -0.9782770
30.8688889 -3.1962802
39.0512085 -0.0180450
38.7145805 1.0882453
25.3448429 -1.3988581
0.3874891 -3.0129924
-0.3952751 -2.1730139
0.7812287 -2.3540816
-2.0270541 -3.9412539
-2.9091096 -4.2401648
-2.4292362 -4.0164862
-3.3181279 -4.3631392
-3.3263335 -4.1784787
-3.5646377 -4.2196116
-2.9225800 -3.8167973
-2.6573532 -3.5247819
-2.9218838 -3.5755641
-2.4886732 -3.2367270
-2.4357839 -2.9887691
-2.6458297 -2.9842420
-2.4173710 -2.7380092
-2.3617682 -2.4907026
-2.5892215 -2.4574120
-2.3228500 -2.2488465
-2.2679114 -1.9872733
-2.4986048 -1.9491340
-2.2312527 -1.7737114
-2.1840687 -1.5101368
-2.4116843 -1.4757243
-2.1603060 -1.3049469
-2.1253259 -1.0492584
-2.3499098 -1.0234841
-2.1091268 -0.8662529
-2.1589301 -0.6177331
-2.3752689 -0.6002423
-2.4487271 -0.4095238
-2.0034039 -0.1608298
-2.2621057 -0.1600372
0.0000000 0.0000000
0.0000000 0.0000000
-4.6951933 0.3083667
-5.1750340 0.2914657
-5.3794823 0.6976345
-4.7920141 1.0026858
-5.1320586 0.9196580
-4.7512579 1.3452537
-4.8009162 1.7644404
-5.2026772 1.6458153
-4.9049973 2.1412992
-5.0072374 2.6090565
-5.4859824 2.4578731
-5.1688657 3.0290437
-5.2950807 3.5789745
-5.8599024 3.4177835
-5.4829259 4.0625019
-5.5776439 4.7321095
-6.2920437 4.5911498
-5.7793465 5.2687311
-5.6756816 6.2844210
-6.9833746 6.2681994
-6.0145998 7.0026522
-6.0733509 7.9314532
-6.3262897 7.8444948
-4.9644361 8.4180450
-3.6231797 7.9167323
-3.1786606 6.9723577
-1.9547795 7.1872163
0.0350902 6.0792570
0.6582221 5.1340041
2.1698272 4.5424695
2.2567558 4.0488420
3.5915351 2.8524261
10.7493792 -2.3651900
11.1014471 -0.2522993
13.1838169 -0.6537736
12.8651705 0.0795416
31.1777592 -3.2474799
34.6219482 -4.8606663
39.0022850 -6.3568311
32.6500397 -2.5968528
21.3443127 -2.8172753
4.2321572 -2.4430234
2.1435511 -2.5129116
2.4868808 -2.7679543
-0.3813098 -4.0796065
-2.0200646 -4.0670824
-1.6096461 -4.2318521
-3.3770757 -4.5010133
-3.8380375 -4.2984643
-4.0191832 -4.3802223
-3.6517437 -3.9652572
-3.3390436 -3.6502295
-3.6881025 -3.7117968
-3.0311687 -3.2969270
-2.9593258 -3.0096908
-3.2112465 -3.0034118
-2.9577780 -2.7324643
-2.8786647 -2.4402144
-3.1296539 -2.3919475
-2.8309855 -2.2156701
-2.7563097 -1.9158696
-2.9958591 -1.8620430
-2.7086987 -1.7246592
-2.6450329 -1.4407771
-2.8717124 -1.3923491
-2.6102543 -1.2609391
-2.5665822 -0.9977468
-2.7842631 -0.9607204
-2.5519037 -0.8257576
-2.5699260 -0.5804523
-2.7804480 -0.5561572
-2.8200953 -0.3941170
-2.5191216 -0.1581722
-2.7712796 -0.1546815
0.0000000 0.0000000
0.0000000 0.0000000
-5.5957651 0.2686401
-6.0076098 0.2410872
-5.7460361 0.6298821
-5.4421453 0.8261556
-5.7526731 0.7231847
-5.4689279 1.1770859
-5.5479250 1.5091474
-5.8995166 1.3419455
-5.7137556 1.8697796
-5.8791022 2.2932646
-6.3213472 2.0632303
-6.1299248 2.6860929
-6.3256545 3.2510977
-6.8970199 2.9690354
-6.6530919 3.6989017
-6.8864832 4.4623790
-7.6623273 4.2180123
-7.3999729 5.0757499
-7.8784556 6.2963042
-8.7579975 5.9270840
-7.6606688 6.9837270
-6.2802305 6.8005934
-5.5799270 5.7912226
-4.0436788 6.4144320
-2.3299661 5.7418971
-1.5464015 4.3850288
0.0118630 4.8764758
2.5997322 3.6389036
3.6749904 2.3471282
5.1626787 2.3204169
5.1850777 1.7613562
6.6329651 0.9633076
13.2483854 -2.7112722
14.1957150 -1.3628751
14.9690533 -1.6073288
16.4330578 -0.1083484
34.5949440 -5.3106518
35.6128693 -4.1639481
35.1768265 -1.5220846
29.5264797 -2.1885400
22.5292568 -3.2875378
5.2767758 -2.5153751
3.1696501 -2.6334512
4.5033298 -2.3538942
1.1433854 -3.6920483
-1.2843425 -4.2125645
-0.6799361 -4.3632417
-3.1983993 -4.5756660
-4.2366738 -4.5199070
-4.2366977 -4.7175112
-4.4170003 -4.1980920
-4.1627011 -3.8293989
-4.5963979 -3.9420960
-3.7199504 -3.3471162
-3.5874782 -3.0145755
-3.8947752 -2.9619408
-3.5581119 -2.7230797
-3.4360447 -2.3524971
-3.7191310 -2.2733057
-3.3597229 -2.1562176
-3.2544427 -1.8074763
-3.5048134 -1.7283745
-3.1824567 -1.6427405
-3.0977349 -1.3409604
-3.3221064 -1.2726812
-3.0435874 -1.1836836
-2.9870787 -0.9215261
-3.1945205 -0.8703910
-2.9707911 -0.7619143
-2.9679968 -0.5296835
-3.1681271 -0.4981225
-3.1205130 -0.3647648
-3.0151494 -0.1503753
-3.2511349 -0.1438035
0.0000000 0.0000000
0.0000000 0.0000000
-6.3473587 0.2099723
-6.6680188 0.1737259
-5.9342031 0.5315023
-6.0236545 0.6062775
-6.2699490 0.4832740
-6.0336351 0.9595889
-6.1957574 1.1437467
-6.4652023 0.9294576
-6.4081407 1.5165440
-6.6754732 1.7835053
-7.0158768 1.4644970
-7.0167766 2.2020712
-7.3338275 2.6309772
-7.8408470 2.1934438
-7.8683147 3.0574601
-8.3614712 3.9228024
-9.1186152 3.4131289
-9.0770025 4.1606383
-9.3278456 5.1744170
-9.3255205 4.3436193
-7.6065197 5.1876988
-5.0451670 4.4166660
-4.4587765 3.3381128
-3.0497065 4.1337585
-0.6752016 3.2533505
0.9660133 1.4143329
2.0371869 1.9223609
4.3635569 1.2047358
5.2415462 0.2921569
7.0700836 0.1808692
7.7947497 -0.1714246
9.3342276 -1.2498710
14.9554186 -3.0647087
15.0448866 -2.6233733
16.9646378 -3.0138924
24.4777851 -5.3486981
35.0676575 -10.2656374
36.5526009 -9.3016739
33.9196930 -7.4005342
19.7729702 -2.4307113
17.2041416 -3.0857804
8.1726589 -2.3099575
5.3636584 -2.6984100
7.2814693 -2.5115159
2.5603852 -3.7172773
-0.4143070 -4.4255280
0.1434432 -4.1471019
-2.8014030 -4.6949883
-4.4951024 -4.8326817
-4.5519176 -4.6778002
-5.2727876 -4.3058038
-5.2377687 -4.0586305
-5.7977095 -4.0866170
-4.5977354 -3.3850453
-4.3243308 -2.9401395
-4.7256908 -2.8244088
-4.2255492 -2.6635351
-4.0392122 -2.1864266
-4.3605347 -2.0504732
-3.9028141 -2.0299578
-3.7561703 -1.6394511
-4.0103059 -1.5227044
-3.6448007 -1.5017242
-3.5329847 -1.1966714
-3.7461987 -1.1026446
-3.4515657 -1.0588834
-3.3784690 -0.8141544
-3.5676727 -0.7463041
-3.3468556 -0.6685222
-3.3402891 -0.4632097
-3.5227411 -0.4233316
-3.3521564 -0.3190195
-3.4728477 -0.1359410
-3.6821573 -0.1258249
0.0000000 0.0000000
0.0000000 0.0000000
-6.9011450 0.1331973
-7.0912547 0.0883749
-5.9902000 0.3932900
-6.4654937 0.3523150
-6.6159401 0.2235496
-6.4155583 0.6763452
-6.6788597 0.6899096
-6.8341084 0.4471244
-6.9121699 1.0479535
-7.2838826 1.0923253
-7.4690795 0.7182264
-7.6839595 1.5474918
-8.2218895 1.6661022
-8.5051489 1.1181664
-8.9653111 2.1317580
-9.6530132 2.7473750
-10.1223774 1.9528376
-10.1635685 2.3899384
-9.2816324 3.3450267
-9.1366310 2.3463447
-6.1838927 2.3957527
-4.1449308 2.0655367
-3.5168159 1.2121050
-1.8634927 2.0965028
1.5271161 0.6624460
1.7545549 -0.3919233
3.3982513 0.3848830
6.0463076 -0.5498350
7.0901937 -1.3819737
8.2087641 -1.3827204
10.4869719 -2.2759972
11.8374586 -3.1728365
15.3274164 -3.6999102
19.2150631 -3.7988787
21.0565395 -4.6992388
32.4507942 -6.4565334
37.0211830 -5.8747387
33.7437820 -4.9554958
24.3161469 -2.8222070
14.2865982 -3.9951968
10.7122517 -3.7180495
11.7818975 -3.2581987
7.7512341 -3.4433174
7.1368318 -4.1213412
4.1039929 -4.0884380
0.8981103 -4.1095262
0.4012060 -4.0749621
-2.2952588 -4.6994724
-4.6481643 -4.5415854
-4.8270516 -4.3734250
-5.9524112 -3.8619144
-6.4630175 -4.0524564
-7.0953746 -3.7971201
-5.6868248 -3.2206061
-5.1896276 -2.6724432
-5.6689711 -2.4133859
-4.9426794 -2.4471064
-4.6625223 -1.8857714
-4.9830351 -1.6810930
-4.4403720 -1.7802552
-4.2407651 -1.3836772
-4.4793448 -1.2183881
-4.0735202 -1.2718801
-3.9307303 -0.9942039
-4.1203198 -0.8684151
-3.8136542 -0.8737293
-3.7241230 -0.6697232
-3.8847101 -0.5828453
-3.6610551 -0.5403031
-3.6692045 -0.3784048
-3.8220758 -0.3301998
-3.5204673 -0.2557881
-3.8689554 -0.1130209
-4.0415306 -0.0992955
0.0000000 0.0000000
0.0000000 0.0000000
-7.2063732 0.0350711
-7.2404361 -0.0089694
-5.9885507 0.2199758
-6.7025914 0.0863090
-6.7146397 -0.0532795
-6.6072612 0.3208055
-6.9367256 0.1838122
-6.9413185 -0.0719456
-7.1826696 0.4510654
-7.6071258 0.2993919
-7.6104665 -0.1047235
-8.0477705 0.6556599
-8.7126617 0.4908481
-8.7435570 -0.1014913
-9.6085386 0.8492298
-10.3873625 1.0487106
-10.4328041 0.0914385
-10.6194916 0.5833493
-8.8494673 1.2659528
-8.8004522 0.0139065
-5.1591716 0.2722333
-2.8813653 0.4073936
-3.0075386 -0.7492293
-0.4563152 1.0233444
2.5939322 -0.4573753
2.5239880 -1.5237913
4.7720709 -0.7003345
7.9474382 -2.1017294
8.4139194 -2.7330015
9.3192062 -2.5113389
13.0757341 -3.1985393
13.5275965 -3.4561193
16.8670368 -4.9367933
20.2566872 -5.9286685
24.7114620 -7.2873354
35.0458641 -8.7361784
35.5821266 -8.8115511
34.9673080 -10.1856365
24.3361816 -8.1832762
10.9299364 -3.2577748
13.1913042 -3.3744886
10.7766495 -3.4159126
7.4499879 -3.6066420
7.5446529 -3.0733407
4.1836615 -3.3858089
1.3592899 -3.4392679
0.6968670 -2.6900740
-1.8510759 -3.8969910
-4.8128209 -3.9462895
-5.0178170 -3.3178673
-6.5289011 -2.7755280
-7.6525965 -3.3612320
-8.1379147 -2.7315650
-6.8458457 -2.6145685
-6.0703645 -2.0767188
-6.5032520 -1.6633354
-5.6090417 -1.9564351
-5.2398200 -1.4141772
-5.5160508 -1.1188419
-4.9117422 -1.3551004
-4.6596289 -1.0192013
-4.8535204 -0.8020077
-4.4327698 -0.9338380
-4.2587247 -0.7225601
-4.4029584 -0.5665994
-4.1036792 -0.6237997
-4.0005932 -0.4844897
-4.1158037 -0.3800329
-3.8965533 -0.3770258
-3.9322829 -0.2765661
-4.0375566 -0.2180391
-3.6373515 -0.1757160
-4.1803408 -0.0811227
-4.3011918 -0.0653606
0.0000000 0.0000000
0.0000000 0.0000000
-7.2299728 -0.0523799
-7.1294713 -0.0883478
-5.9584422 0.0267406
-6.6851974 -0.1976995
-6.5769343 -0.3293476
-6.5978775 -0.0973425
-6.9186764 -0.3387603
-6.7849340 -0.5783358
-7.1648226 -0.2420286
-7.5870137 -0.5287696
-7.4033384 -0.9033510
-8.0227470 -0.3887300
-8.7558193 -0.7615203
-8.4890232 -1.3431336
-9.6528921 -0.6587716
-10.3810205 -0.9809094
-9.9742689 -1.9060479
-10.4301357 -1.5866716
-8.5679989 -1.2585732
-8.3859186 -2.5382850
-5.3227854 -1.6908740
-2.1857269 -1.0875130
-3.1253452 -2.1938360
0.7984779 -1.4558201
3.6349518 -2.0757701
3.0323453 -2.4288747
6.4347000 -1.8755980
8.8089838 -2.8350751
8.7218103 -2.6593916
10.3411388 -2.6376245
14.5247412 -3.4499040
15.3241768 -3.5997870
19.8303108 -4.6264067
26.0824032 -5.9152918
31.1388969 -5.8989863
34.2820587 -4.9352407
30.1131878 -3.9539723
24.2508392 -2.6012530
17.5570393 -3.1450100
12.2118635 -3.6998014
11.2040615 -3.2092392
10.4683933 -3.2495668
7.2246571 -2.7352812
6.7632694 -2.1233306
3.7552564 -2.5375485
1.2975193 -2.2376633
0.6483851 -1.4987622
-1.3361126 -2.2400680
-5.0128422 -2.4218116
-5.2285285 -1.5254843
-7.2141857 -1.0050311
-8.4056606 -1.9993334
-8.7076168 -1.1776716
-7.6772051 -1.4801710
-6.7248373 -1.1318702
-6.9856505 -0.6230828
-6.1001081 -1.1419129
-5.6539135 -0.7613714
-5.8051338 -0.4034887
-5.2550159 -0.7546570
-4.9554524 -0.5447571
-5.0602975 -0.2872999
-4.6798172 -0.4964942
-4.4807611 -0.3858124
-4.5558391 -0.2066863
-4.2933297 -0.3194720
-4.1812329 -0.2616473
-4.2372751 -0.1448724
-4.0416417 -0.1857178
-4.1039782 -0.1556015
-4.1489840 -0.0916503
-3.7116506 -0.0825731
-4.3849349 -0.0451940
-4.4419646 -0.0277751
0.0000000 0.0000000
0.0000000 0.0000000
-7.0051532 -0.1197569
-6.7956715 -0.1462398
-5.7912855 -0.1600046
-6.4478025 -0.4639806
-6.2412424 -0.5767785
-6.3586159 -0.4871597
-6.6467853 -0.8220974
-6.3966889 -1.0256981
-6.8580365 -0.8770242
-7.2260408 -1.2779257
-6.8974991 -1.5904825
-7.5948372 -1.3633405
-8.2267189 -1.9073514
-7.7372241 -2.3717723
-8.9633274 -2.0949700
-9.6537485 -2.7411575
-9.0151691 -3.4155495
-9.8069744 -3.3047860
-8.3255882 -3.4677916
-7.9735198 -4.1425428
-5.5429659 -4.2908549
-2.3108571 -3.5413823
-1.4499683 -3.5200095
0.1099642 -3.3768139
3.2399812 -2.8567555
3.2854393 -3.0198841
6.6417999 -2.1729727
8.9575949 -2.7996254
9.2341204 -3.4143958
11.8641071 -2.9910579
15.9282370 -4.3964844
17.5822277 -4.6374083
20.9477463 -6.0113282
26.7257385 -6.9628758
31.6147633 -7.0807047
33.9689178 -7.2445917
30.6222191 -6.3542514
25.6697350 -5.1714683
14.8053989 -3.1488945
10.9407978 -2.5423079
10.2289200 -1.9541538
9.3837404 -1.9698445
6.2806635 -1.4218047
5.8661489 -0.8753753
3.5060680 -1.5765144
0.7305667 -0.8983810
0.3467124 -0.1147881
-1.8249731 -0.5854304
-5.3513141 -0.4866399
-5.3429737 0.5229989
-7.4919062 0.3917596
-8.8261948 -0.1053210
-8.9366865 0.9376070
-8.0041542 0.0234012
-6.9805841 -0.0090801
-7.0067563 0.5499247
-6.2907591 -0.0857775
-5.8145423 0.0098354
-5.8317537 0.3899116
-5.3812165 -0.0354447
-5.0625577 0.0025110
-5.0698729 0.2699081
-4.7687702 -0.0036685
-4.5592475 -0.0053700
-4.5581374 0.1801279
-4.3587856 0.0106446
-4.2427177 -0.0128387
-4.2359781 0.1086356
-4.0887790 0.0172740
-4.1613297 -0.0188972
-4.1489377 0.0485419
-3.7416244 0.0181326
-4.4647408 -0.0103129
-4.4634347 0.0065811
0.0000000 0.0000000
0.0000000 0.0000000
-6.5819077 -0.1701624
-6.2841477 -0.1895661
-5.4477935 -0.3233932
-6.0235591 -0.6827594
-5.7423668 -0.7666992
-5.9195719 -0.8152191
-6.1531630 -1.2167764
-5.8193903 -1.3665679
-6.3029547 -1.3931332
-6.5905380 -1.8803183
-6.1642933 -2.1042514
-6.8400288 -2.1194115
-7.3042884 -2.7753854
-6.7061357 -3.0795088
-7.8452096 -3.1718807
-8.3923597 -3.9954267
-7.5487814 -4.4443669
-8.6317558 -4.7196136
-7.8829708 -5.2082839
-6.9214859 -5.7888827
-6.4481235 -6.0007701
-3.7577848 -5.9193635
-2.8344922 -6.5734839
-0.5264839 -5.6060839
2.8955138 -5.0005941
3.4384797 -6.1166878
6.2130628 -4.4599066
9.3872643 -4.4828410
9.7940435 -5.3667517
13.0679789 -4.5079684
17.6570034 -4.7483292
18.0441570 -5.3377285
24.8044910 -6.4217081
28.9635410 -6.7584486
29.6211452 -5.5759869
29.6826591 -4.7815371
23.9954071 -3.3773036
20.3967228 -2.5489151
13.9553375 -2.1522071
9.4310989 -1.3396119
8.7700186 -0.9967608
8.6943693 -0.7440385
5.3920617 -0.2784743
4.9112549 0.5349926
2.5546327 0.1915189
-0.2319881 0.7681326
-0.6450939 1.5641007
-2.9605496 1.2448479
-5.5862880 1.6315143
-6.4081302 2.7528279
-8.1860809 2.3904495
-8.3200607 2.0604184
-8.0598774 2.6374936
-7.5565724 1.5406953
-6.7483478 1.2129142
-6.4735336 1.7138867
-6.1200519 0.9753492
-5.6852837 0.8211128
-5.5122647 1.1773885
-5.2673545 0.6853224
-4.9700007 0.5666922
-4.8517842 0.8173620
-4.6844296 0.4894223
-4.4867363 0.3831826
-4.3983536 0.5583366
-4.2905045 0.3402221
-4.1826949 0.2409433
-4.1095867 0.3566951
-4.0290408 0.2202687
-4.1105814 0.1224649
-4.0405807 0.1874617
-3.6844120 0.1146931
-4.4277678 0.0236735
-4.3691978 0.0400951
0.0000000 0.0000000
0.0000000 0.0000000
-6.0006542 -0.2053727
-5.6437869 -0.2176243
-4.9645233 -0.4485183
-5.4572525 -0.8385037
-5.1291814 -0.8897703
-5.3331776 -1.0558118
-5.4997025 -1.4917464
-5.1221781 -1.5813252
-5.5763741 -1.7624691
-5.7577882 -2.2810800
-5.2952223 -2.4073718
-5.8844180 -2.6315536
-6.1485243 -3.3074837
-5.5286965 -3.4745100
-6.4291553 -3.7759128
-6.8954020 -4.7895384
-5.9103904 -4.9132037
-7.1017742 -5.6556821
-6.5706315 -6.2823019
-5.6424875 -6.6764307
-5.4446859 -6.6235762
-3.6224473 -6.7738228
-3.0349123 -7.2305636
-1.2934062 -7.1153121
1.8796335 -6.7943845
1.4078280 -7.2221589
5.5976920 -6.5086346
9.5927887 -5.8537774
9.5744438 -6.3592362
13.0922890 -5.4083366
18.5776882 -6.2443042
19.6677055 -6.4263043
25.1423759 -6.1851597
27.8740711 -4.7517052
27.7429695 -3.7805581
26.6406898 -3.2636387
20.4015751 -1.8127903
18.2009773 -0.7841864
12.9002686 -0.3235855
8.0749788 -0.5814691
7.3677406 -0.0269458
7.1716123 0.5772057
4.4423022 1.1731511
3.3163972 1.8403993
1.5865823 1.6596694
-1.3280891 2.5081689
-2.5591757 3.8629787
-4.4604626 3.4452081
-6.2762132 4.1081023
-7.1998453 4.9721131
-7.8687563 3.9848268
-7.3942037 3.2704613
-6.5784144 3.7535770
-6.5237384 2.7437835
-6.1307211 2.1526878
-5.6227727 2.5866051
-5.5844398 1.8865864
-5.2814283 1.5050611
-4.9538856 1.8164628
-4.9107056 1.3198739
-4.6832414 1.0626681
-4.4572959 1.2816995
-4.4297891 0.9292988
-4.2687826 0.7342015
-4.1012797 0.8861347
-4.0930834 0.6379045
-4.0064650 0.4742332
-3.8715522 0.5752293
-3.8630092 0.4046017
-3.9568017 0.2544544
-3.8331859 0.3117287
-3.5354173 0.2006519
-4.2791877 0.0553514
-4.1683578 0.0706076
0.0000000 0.0000000
0.0000000 0.0000000
-5.3138857 -0.2242571
-4.9283195 -0.2296012
-4.3888373 -0.5305964
-4.7977433 -0.9235807
-4.4528360 -0.9434223
-4.6549783 -1.1997082
-4.7534361 -1.6377974
-4.3685241 -1.6701175
-4.7590957 -1.9607235
-4.8424988 -2.4783583
-4.3890152 -2.5143838
-4.8594494 -2.8701112
-4.9363313 -3.5205209
-4.3970418 -3.5460885
-4.9273562 -4.0372210
-5.1014519 -4.8912969
-4.3624349 -4.8669171
-5.2742286 -5.6908770
-5.2196836 -6.8757343
-4.2188606 -6.5746188
-4.3852749 -7.8438344
-2.8778031 -8.0671892
-2.3695569 -8.2438021
-1.0266075 -7.9980917
1.3311378 -7.8782892
1.6545454 -8.3921442
4.1414104 -7.6424313
8.4162121 -7.3876209
7.8125858 -8.2237492
13.6202574 -6.9108500
18.4282341 -6.4064045
18.5666771 -6.0780935
21.8982143 -5.4810181
23.8122845 -3.8598001
24.4997692 -2.8742070
22.9123077 -2.2980187
17.6162205 0.8318528
15.5133381 3.3951926
12.4099121 2.1971929
7.3023682 1.3224653
6.7977328 3.3428936
5.0124836 2.8274808
2.7051420 3.1174057
1.3809116 4.4600029
-0.1153613 3.9841626
-2.8828924 5.3449240
-3.9855113 6.5040245
-5.8829226 5.9621797
-6.5964608 5.9517918
-5.6826525 6.0255241
-6.2551255 5.0567465
-5.9057508 3.9834170
-5.0479636 4.2882128
-5.3941588 3.5457227
-5.2337174 2.7816019
-4.6296606 3.1034954
-4.8337698 2.5184274
-4.6706638 2.0058532
-4.2626896 2.2425449
-4.3857746 1.7967908
-4.2423449 1.4441313
-3.9501123 1.6148949
-4.0411716 1.2756226
-3.9303844 1.0144278
-3.7073317 1.1345229
-3.7878709 0.8782315
-3.7300639 0.6661285
-3.5476081 0.7465750
-3.6051626 0.5552438
-3.7120495 0.3656690
-3.5444512 0.4116645
-3.3055539 0.2699108
-4.0309463 0.0824677
-3.8776391 0.0955987
0.0000000 0.0000000
0.0000000 0.0000000
-4.5758204 -0.2278919
-4.1892824 -0.2272596
-3.7699347 -0.5694001
-4.0990214 -0.9426312
-3.7636771 -0.9356768
-3.9441106 -1.2511395
-3.9796853 -1.6622037
-3.6218977 -1.6459501
-3.9254966 -2.0087912
-3.9160063 -2.4819565
-3.5268538 -2.4420130
-3.8355396 -2.8844714
-3.7784216 -3.4577937
-3.3739040 -3.3697267
-3.6252952 -3.9485254
-3.5036457 -4.6583290
-3.1317728 -4.4624562
-3.2496386 -5.2975721
-3.0885999 -6.1894388
-2.6985059 -5.8303428
-2.8169844 -7.0479126
-2.0766428 -8.0101671
-1.8171738 -7.4136405
-0.5955266 -8.8786983
1.5659785 -9.1245918
1.3953739 -8.8120146
4.2724442 -8.7913532
7.3735161 -8.2035599
6.8005977 -8.2642899
11.2246199 -6.9709229
15.4195118 -5.7695727
13.1686535 -5.0909920
18.7519379 -2.8172536
19.3580894 0.3372702
18.4701271 0.3097948
16.4661064 0.6079449
15.5084057 3.3593025
13.0634422 6.8155308
11.3996429 5.0364208
6.4367890 5.9295535
6.9882874 7.9953861
3.6160889 6.6154513
0.2578208 7.0166054
0.7987407 9.0372553
-2.5532398 8.1712389
-4.6986265 8.3161964
-2.8312411 8.2872515
-4.9114952 7.2403655
-4.8169007 5.9265881
-3.3637111 5.9625349
-4.4884081 5.2341475
-4.4769640 4.2982526
-3.6142628 4.4165573
-4.2585421 3.8586760
-4.2265129 3.1409304
-3.6176708 3.3086982
-4.0163970 2.8477352
-3.9559984 2.3138483
-3.5183759 2.4677885
-3.7789576 2.0892081
-3.7079234 1.6978744
-3.3839185 1.8144803
-3.5712647 1.5085201
-3.5096185 1.2110437
-3.2554123 1.2955260
-3.4068201 1.0483214
-3.3792105 0.8063274
-3.1664391 0.8638898
-3.2779353 0.6643160
-3.3952897 0.4494362
-3.1965334 0.4825327
-3.0126739 0.3190832
-3.7021508 0.1033575
-3.5188451 0.1136935
0.0000000 0.0000000
0.0000000 0.0000000
-3.8357279 -0.2187151
-3.4701366 -0.2131996
-3.1511607 -0.5706128
-3.4067512 -0.9060561
-3.1012673 -0.8785008
-3.2498186 -1.2248050
-3.2329156 -1.5863022
-2.9243302 -1.5325485
-3.1386240 -1.9312730
-3.0561485 -2.3305848
-2.7497838 -2.2327373
-2.9156380 -2.7178049
-2.7561262 -3.1712682
-2.4814270 -2.9956925
-2.5204720 -3.6243334
-2.2568352 -4.1334925
-2.0687399 -3.8341875
-1.8964871 -4.6592002
-1.4458617 -5.2629080
-1.4067264 -4.7120800
-0.8460340 -5.9054666
-0.1902535 -6.5158482
-0.1418532 -5.7613316
0.5707120 -7.0774264
1.9406164 -7.5311418
1.6776015 -6.3735404
3.7362652 -8.3505592
6.1757488 -7.4703093
5.3589191 -6.3268180
8.8521004 -6.4045305
10.6981993 -4.8468037
8.8899088 -3.6041391
12.7698812 -0.6740379
13.6459990 1.7951448
9.5770769 2.0492535
12.9745579 3.0401106
11.4154301 5.7502103
8.6827240 7.3969607
8.7158804 7.3892336
5.3936381 9.5858250
4.6670790 9.2377539
2.2438145 9.9109726
-0.4647721 9.7510366
0.9286844 8.7538662
-1.6269869 8.8328381
-2.4013598 7.2491179
-0.8986098 6.9153824
-2.5875156 6.5404358
-2.9371450 5.5108566
-1.9220968 5.3895540
-3.0393596 4.9857373
-3.1979823 4.2304888
-2.4561315 4.2043509
-3.1975107 3.8304832
-3.2603145 3.2342987
-2.7088130 3.2683690
-3.2111666 2.9266505
-3.2239256 2.4456983
-2.8021810 2.5148709
-3.1526399 2.2086861
-3.1365991 1.8300980
-2.8105185 1.8938285
-3.0671520 1.6285970
-3.0449648 1.3260491
-2.7805917 1.3753812
-2.9834092 1.1466496
-2.9821055 0.8941674
-2.7547064 0.9292673
-2.9057591 0.7305284
-3.0287721 0.5041496
-2.8116095 0.5247822
-2.6776111 0.3480422
-3.3155336 0.1176813
-3.1151211 0.1249123
0.0000000 0.0000000
0.0000000 0.0000000
-3.1336021 -0.2003995
-2.8026822 -0.1912043
-2.5672174 -0.5419278
-2.7590127 -0.8299364
-2.4924726 -0.7886640
-2.6113303 -1.1393982
-2.5585647 -1.4410754
-2.3008487 -1.3631476
-2.4464417 -1.7638978
-2.3212693 -2.0799263
-2.0808840 -1.9483467
-2.1591198 -2.4258144
-1.9549098 -2.7576299
-1.7503653 -2.5447090
-1.7036545 -3.1351099
-1.3893678 -3.4737754
-1.2504256 -3.1396179
-1.0306069 -3.8693576
-0.5760398 -4.1902800
-0.5291463 -3.6957867
-0.0293755 -4.6216478
0.7100298 -4.8730898
0.6514738 -4.1186762
1.5140426 -5.2128844
2.4656107 -5.1576424
2.1981716 -4.2747140
3.3626702 -4.9955888
4.6167297 -4.7729754
3.9597228 -3.5030196
6.0367708 -4.2393022
7.2686462 -3.0309029
5.8483977 -2.0631442
8.3902130 -0.1666186
8.2495518 0.7541003
6.2948298 0.7706624
8.3690681 2.8092215
7.5183754 4.9464664
5.5747347 3.5795646
6.0468721 5.8217053
4.5786748 7.3742785
3.5961094 5.4366317
2.7063301 6.9584293
1.4673936 7.0167770
1.5149723 5.8911562
0.2417904 6.4688239
-0.5373661 5.9248590
-0.0331052 5.3912592
-1.1371143 5.4730806
-1.5907921 4.8472505
-1.0291166 4.5894599
-1.8905772 4.4589667
-2.1415186 3.9169905
-1.6265703 3.7839389
-2.2864141 3.5768943
-2.4197845 3.1152287
-1.9754710 3.0627596
-2.4769042 2.8291647
-2.5399370 2.4361331
-2.1725783 2.4299836
-2.5515752 2.1955161
-2.5760617 1.8600354
-2.2715199 1.8774052
-2.5635586 1.6534575
-2.5700366 1.3700192
-2.3128679 1.3886774
-2.5463266 1.1817762
-2.5638604 0.9353564
-2.3350146 0.9508542
-2.5112674 0.7584174
-2.6342120 0.5325750
-2.4094980 0.5424751
-2.3201022 0.3593520
-2.8938277 0.1259853
-2.6874044 0.1300837
0.0000000 0.0000000
0.0000000 0.0000000
-2.4970803 -0.1772804
-2.2061291 -0.1657035
-2.0412414 -0.4927771
-2.1808994 -0.7330275
-1.9528775 -0.6850989
-2.0513854 -1.0174375
-1.9811500 -1.2622147
-1.7655661 -1.1740394
-1.8689299 -1.5468192
-1.7306811 -1.7903689
-1.5345560 -1.6488310
-1.5714916 -2.0796309
-1.3634646 -2.3153481
-1.1951902 -2.1020133
-1.1323845 -2.6045406
-0.8320199 -2.8184042
-0.7009996 -2.5048883
-0.5084590 -3.1044908
-0.0837053 -3.2611642
-0.0233598 -2.8342192
0.3357723 -3.4567492
0.9102805 -3.5126190
0.8616832 -2.9562550
1.4747277 -3.6417282
2.1763268 -3.5112634
1.9838619 -2.8033175
2.9040294 -3.1332264
3.5533304 -2.8188748
3.0855777 -2.1486163
4.2463017 -2.1119189
4.7781067 -1.4813144
3.9960368 -1.0411363
5.3075199 0.0978777
5.2891474 0.6345606
4.2300391 0.5875577
5.2998338 1.9731195
4.8097448 2.9198649
3.7551925 2.3069367
4.2027702 3.5838945
3.4519494 4.4468637
2.6961629 3.5458298
2.5270672 4.5549541
1.7502749 4.9317656
1.4361029 4.1207204
0.8878080 4.7127571
0.2941616 4.6700640
0.3240369 4.1141672
-0.3105004 4.3651280
-0.7183458 4.1077027
-0.5115557 3.7698762
-1.0905591 3.8067458
-1.3519768 3.4829421
-1.0626385 3.2849717
-1.5711579 3.2024086
-1.7325863 2.8779311
-1.4193250 2.7703683
-1.8523909 2.6245353
-1.9447919 2.3207638
-1.6498090 2.2679503
-2.0076144 2.0939953
-2.0575154 1.8151219
-1.7921376 1.7954326
-2.0852692 1.6109718
-2.1110859 1.3593771
-1.8731862 1.3539459
-2.1161635 1.1690809
-2.1451199 0.9398696
-1.9250216 0.9400615
-2.1131694 0.7566178
-2.2293940 0.5399283
-2.0062323 0.5416474
-1.9562579 0.3573406
-2.4569733 0.1292083
-2.2524621 0.1305027
0.0000000 0.0000000
0.0000000 0.0000000
-1.9392556 -0.1530483
-1.6875980 -0.1405027
-1.5832468 -0.4334789
-1.6816568 -0.6315514
-1.4870621 -0.5829673
-1.5755719 -0.8821734
-1.5014735 -1.0788305
-1.3191330 -0.9915361
-1.4001025 -1.3195263
-1.2677525 -1.5056977
-1.1030066 -1.3709421
-1.1259543 -1.7367930
-0.9353923 -1.9032879
-0.7927584 -1.7090632
-0.7373571 -2.1143031
-0.4762433 -2.2450716
-0.3597366 -1.9773343
-0.2152342 -2.4228089
0.1336662 -2.4909651
0.1918391 -2.1431909
0.4662785 -2.5699658
0.8940481 -2.5507464
0.8495337 -2.1343188
1.2793396 -2.4837527
1.7257189 -2.3665986
1.5897121 -1.8809929
2.1947856 -2.0088806
2.5784659 -1.7484550
2.2722840 -1.3390255
3.0148094 -1.1453826
3.2712717 -0.7586218
2.7702746 -0.5311847
3.5829103 0.2530815
3.5378585 0.5983362
2.8894570 0.5550482
3.5640514 1.4603487
3.2522709 2.0027771
2.5986688 1.6707946
2.9507489 2.5182016
2.5011017 3.0436194
1.9756587 2.5382338
1.9996719 3.2472391
1.5091079 3.5734968
1.1891838 3.0460014
0.9675584 3.5378819
0.5398233 3.6360500
0.4216489 3.1975839
0.0803889 3.4751143
-0.2497098 3.4019237
-0.2222766 3.0831087
-0.5850507 3.1931677
-0.8194106 3.0228324
-0.6871296 2.8106785
-1.0473088 2.8035061
-1.2050717 2.5910904
-1.0071518 2.4592421
-1.3480687 2.3759918
-1.4496808 2.1512990
-1.2287303 2.0737936
-1.5366414 1.9465984
-1.5978470 1.7233508
-1.3785021 1.6804333
-1.6481305 1.5288576
-1.6839498 1.3128291
-1.4731219 1.2912662
-1.7069162 1.1264791
-1.7408789 0.9194076
-1.5356228 0.9093612
-1.7243317 0.7356189
-1.8275942 0.5330106
-1.6125823 0.5294960
-1.5981001 0.3468251
-2.0192544 0.1296333
-1.8221627 0.1286644
0.0000000 0.0000000
0.0000000 0.0000000
-1.4603277 -0.1304082
-1.2440846 -0.1181201
-1.1926966 -0.3731159
-1.2588193 -0.5372000
-1.0909513 -0.4923494
-1.1776932 -0.7518036
-1.1086562 -0.9108019
-0.9517864 -0.8319036
-1.0247641 -1.1090924
-0.9087092 -1.2527990
-0.7676238 -1.1346694
-0.7916768 -1.4315132
-0.6304880 -1.5503622
-0.5082904 -1.3858432
-0.4713364 -1.6983310
-0.2582494 -1.7780261
-0.1605403 -1.5611863
-0.0589201 -1.8725603
0.2068586 -1.8967845
0.2509963 -1.6307614
0.4509042 -1.9010078
0.7521904 -1.8579768
0.7178867 -1.5544217
1.0288873 -1.7268704
1.3151543 -1.6146111
1.2021025 -1.2942038
1.6178020 -1.3037350
1.8474622 -1.1010376
1.6253067 -0.8467151
2.1226029 -0.6298739
2.2570570 -0.3692449
1.9151495 -0.2347915
2.4542058 0.3056964
2.4082878 0.5635262
1.9772842 0.5339019
2.4341640 1.1479524
2.2382634 1.5079921
1.7944049 1.3108836
2.0757818 1.8997717
1.7924510 2.2571089
1.4091724 1.9486774
1.5000097 2.4593775
1.1825889 2.7174654
0.9089100 2.3725386
0.8403480 2.7589109
0.5420986 2.8841941
0.3904646 2.5663989
0.2200532 2.8157878
-0.0293421 2.8203015
-0.0758001 2.5619414
-0.2921966 2.6887441
-0.4842095 2.6059759
-0.4394543 2.4155924
-0.6808633 2.4435666
-0.8181071 2.3071430
-0.7015627 2.1775713
-0.9546154 2.1317713
-1.0496255 1.9673278
-0.8914955 1.8840791
-1.1397494 1.7886537
-1.2016109 1.6106179
-1.0253606 1.5595348
-1.2580022 1.4321567
-1.2962394 1.2487803
-1.1144023 1.2196203
-1.3265336 1.0711578
-1.3591532 0.8861958
-1.1727492 0.8714885
-1.3519487 0.7068839
-1.4381269 0.5182568
-1.2336857 0.5130894
-1.2528156 0.3332306
-1.5896038 0.1290185
-1.3992561 0.1250435
0.0000000 0.0000000
0.0000000 0.0000000
-1.0518634 -0.1110033
-0.8650853 -0.1001924
-0.8622835 -0.3182425
-0.9029201 -0.4575240
-0.7547967 -0.4196613
-0.8459075 -0.6381646
-0.7874956 -0.7701682
-0.6488830 -0.7043958
-0.7238450 -0.9310922
-0.6299803 -1.0458337
-0.5057423 -0.9495072
-0.5410235 -1.1814245
-0.4144613 -1.2699009
-0.3084753 -1.1390259
-0.2954077 -1.3683819
-0.1345828 -1.4193509
-0.0527585 -1.2517278
0.0106502 -1.4605086
0.2012743 -1.4628131
0.2331607 -1.2665356
0.3729843 -1.4248091
0.5766740 -1.3742546
0.5457598 -1.1604794
0.7673971 -1.2303213
0.9496993 -1.1270359
0.8538507 -0.9161035
1.1469002 -0.8653911
1.2852564 -0.7032173
1.1126040 -0.5413421
1.4606922 -0.3352704
1.5329511 -0.1389257
1.2815450 -0.0560281
1.6577560 0.3289334
1.6234893 0.5405923
1.3126700 0.5209441
1.6452916 0.9550303
1.5223564 1.2205920
1.1967123 1.0987850
1.4318802 1.5232707
1.2517523 1.7859398
0.9566539 1.5908867
1.0773937 1.9679027
0.8711103 2.1732695
0.6401813 1.9449804
0.6554757 2.2444150
0.4525654 2.3657060
0.3011702 2.1412632
0.2359307 2.3492124
0.0575712 2.3842819
-0.0166617 2.1877792
-0.1322185 2.3067012
-0.2774806 2.2689540
-0.2771267 2.1130049
-0.4286391 2.1522789
-0.5382676 2.0618551
-0.4717015 1.9492816
-0.6506519 1.9221610
-0.7299855 1.7984120
-0.6175125 1.7222946
-0.8089529 1.6457115
-0.8628681 1.5008075
-0.7226333 1.4522010
-0.9140732 1.3407893
-0.9490178 1.1831087
-0.7936347 1.1547306
-0.9772123 1.0180900
-1.0036052 0.8526081
-0.8384910 0.8390609
-0.9994624 0.6816590
-1.0625968 0.5054907
-0.8751169 0.5027115
-0.9172709 0.3273834
-1.1747551 0.1214384
-0.9809521 0.1187034
0.0000000 0.0000000
0.0000000 0.0000000
-0.7007832 -0.0961731
-0.5343668 -0.0880164
-0.5805899 -0.2732692
-0.6003638 -0.3972346
-0.4645507 -0.3681744
-0.5660581 -0.5486447
-0.5211718 -0.6642634
-0.3939801 -0.6129545
-0.4783009 -0.7943031
-0.4099422 -0.8924478
-0.2960404 -0.8167187
-0.3492218 -0.9942959
-0.2593667 -1.0665462
-0.1642718 -0.9626876
-0.1791951 -1.1289549
-0.0690993 -1.1660392
0.0001095 -1.0324513
0.0273038 -1.1735747
0.1536443 -1.1663461
0.1778945 -1.0168426
0.2662184 -1.1071316
0.3961582 -1.0548863
0.3667712 -0.9006209
0.5185695 -0.9154799
0.6315784 -0.8193857
0.5463997 -0.6757336
0.7542012 -0.5990991
0.8354663 -0.4606198
0.6924282 -0.3521377
0.9451638 -0.1677322
0.9839196 -0.0014983
0.7828516 0.0518567
1.0613719 0.3398851
1.0392177 0.5273232
0.7940414 0.5129409
1.0563555 0.8367193
0.9817637 1.0530049
0.7216753 0.9710440
0.9330826 1.2942908
0.8224627 1.5042470
0.5790218 1.3697484
0.7213898 1.6657988
0.5924772 1.8356951
0.3907878 1.6706034
0.4617685 1.9184206
0.3314545 2.0284190
0.1869795 1.8544639
0.1946533 2.0417855
0.0762103 2.0861390
-0.0068288 1.9202904
-0.0483875 2.0444248
-0.1486141 2.0262265
-0.1689860 1.8851401
-0.2525023 1.9440001
-0.3311926 1.8765166
-0.2937235 1.7717004
-0.4121622 1.7663885
-0.4714704 1.6651965
-0.3883884 1.5942211
-0.5305829 1.5362701
-0.5717850 1.4115268
-0.4575755 1.3673716
-0.6111028 1.2702811
-0.6378515 1.1299636
-0.5047076 1.1058536
-0.6585317 0.9801044
-0.6767074 0.8298357
-0.5352117 0.8183513
-0.6715899 0.6685663
-0.6980165 0.5150775
-0.5547423 0.4897452
-0.5962836 0.3242757
-0.7343791 0.1606703
-0.5705612 0.0292601
0.0000000 0.0000000
0.0000000 0.0000000
-0.3904455 -0.0880270
-0.2352463 -0.0838521
-0.3336114 -0.2410821
-0.3359102 -0.3609859
-0.2028574 -0.3296667
-0.3222376 -0.4885727
-0.2926970 -0.6010842
-0.1669790 -0.5340297
-0.2706562 -0.7059082
-0.2287536 -0.8024423
-0.1183923 -0.6930310
-0.1959178 -0.8775412
-0.1428790 -0.9495851
-0.0551963 -0.7922100
-0.0996272 -0.9848148
-0.0366058 -1.0228003
0.0212413 -0.8271632
0.0154331 -1.0063417
0.0867542 -1.0014973
0.1056614 -0.8017066
0.1473987 -0.9277475
0.2194795 -0.8792536
0.1911878 -0.6933056
0.2850855 -0.7433646
0.3476950 -0.6516715
0.2690664 -0.4980316
0.4125362 -0.4575717
0.4561772 -0.3281311
0.3286598 -0.2245565
0.5155563 -0.0834237
0.5358062 0.0745681
0.3605899 0.1107043
0.5795779 0.3440144
0.5682024 0.5258629
0.3562728 0.4822786
0.5808415 0.7760536
0.5420197 0.9725701
0.3148587 0.8463258
0.5195501 1.1811093
0.4611397 1.3646684
0.2443783 1.1629473
0.4102515 1.5193805
0.3407678 1.6658375
0.1562770 1.4029630
0.2723726 1.7620153
0.2008922 1.8563941
0.0634143 1.5510336
0.1270536 1.8957239
0.0613140 1.9335148
-0.0223080 1.6067989
-0.0063089 1.9221128
-0.0640913 1.9009668
-0.0950363 1.6002164
-0.1226429 1.8490857
-0.1692187 1.7806027
-0.1513891 1.5357041
-0.2167012 1.6978956
-0.2529070 1.5964622
-0.1922529 1.4125381
-0.2883129 1.4908093
-0.3145201 1.3667716
-0.2203959 1.2368670
-0.3383855 1.2448201
-0.3555309 1.1075971
-0.2390622 1.0211124
-0.3677949 0.9734453
-0.3715653 0.8382911
-0.2633775 0.7802384
-0.3781710 0.6701027
-0.3170381 0.6021147
-0.3590001 0.5136751
-0.3353878 0.2443364
-0.0546092 0.4471969
-0.3313928 -0.1058352
0.0000000 0.0000000
0.0000000 0.0000000
-0.0930151 -0.0899012
0.0000000 0.0000000
-0.0895968 -0.2283793
-0.0829343 -0.3751313
0.0000000 0.0000000
-0.0811830 -0.4903556
-0.0741091 -0.6205350
0.0000000 0.0000000
-0.0698497 -0.7197629
-0.0603943 -0.8233917
0.0000000 0.0000000
-0.0532327 -0.8976725
-0.0401221 -0.9675006
0.0000000 0.0000000
-0.0292302 -1.0046442
-0.0124202 -1.0323591
0.0000000 0.0000000
0.0019899 -1.0203303
0.0184237 -0.9973473
0.0000000 0.0000000
0.0340784 -0.9333802
0.0505916 -0.8592688
0.0000000 0.0000000
0.0675164 -0.7401606
0.0817311 -0.6165926
0.0000000 0.0000000
0.0982988 -0.4467356
0.1085064 -0.2801092
0.0000000 0.0000000
0.1237634 -0.0705767
0.1280691 0.1317421
0.0000000 0.0000000
0.1415368 0.3579158
0.1374556 0.5883139
0.0000000 0.0000000
0.1444935 0.8015708
0.1325631 1.0401877
0.0000000 0.0000000
0.1319562 1.2196902
0.1143315 1.4400964
0.0000000 0.0000000
0.1071141 1.5727454
0.0862073 1.7522056
0.0000000 0.0000000
0.0744511 1.8316350
0.0525484 1.9558305
0.0000000 0.0000000
0.0381980 1.9814286
0.0167015 2.0467539
0.0000000 0.0000000
0.0004783 2.0184617
-0.0171850 2.0241435
0.0000000 0.0000000
-0.0308586 1.9530580
-0.0445954 1.9067738
0.0000000 0.0000000
-0.0542899 1.8035743
-0.0641508 1.7181463
0.0000000 0.0000000
-0.0710371 1.5917226
-0.0777382 1.4780984
0.0000000 0.0000000
-0.0817935 1.3372600
-0.0885148 1.2023635
0.0000000 0.0000000
-0.0917843 1.0543910
-0.0917557 0.9403107
0.0000000 0.0000000
-0.1564791 0.6996182
0.0621164 0.9382666
0.0000000 0.0000000
-0.2772060 0.0100357
0.9966484 1.1294032
0.0000000 0.0000000
0.0000000 0.0000000
-37.32843
-37.58021
-38.4682
-41.30334
-44.72096
-48.93893
-54.41386
-61.3877
-70.8204
-85.45481
-113.5335
-173.8453
-260.182
-77.32279
-84.75964
-32.99687
-25.65313
-23.61309
-23.39973
-23.73227
-24.08882
-24.3306
-24.45389
-24.48795
-24.52507
-24.72815
-37.86624
-37.84218
-39.09104
-41.59822
-45.03198
-49.34636
-54.77878
-61.58464
-70.4118
-83.09984
-106
-175.081
-207.9625
-49.44052
-68.64368
-32.94271
-25.16629
-23.54672
-23.55617
-23.93981
-24.2967
-24.52507
-24.6379
-24.65222
-24.69376
-24.81658
-38.89405
-38.9939
-40.54645
-42.81593
-46.26391
-50.68262
-56.07659
-62.436
-69.60148
-77.13679
-82.71983
-88.45079
-115.0491
10.69105
0.7485624
-18.41163
-22.09432
-23.58846
-24.42602
-24.94167
-25.24219
-25.37457
-25.39384
-25.37179
-25.33687
-25.39603
-40.40478
-40.65385
-42.35338
-44.74125
-48.32876
-52.98507
-58.52229
-64.5463
-70.18903
-73.33948
-72.54495
-66.49804
-26.25753
39.90131
-20.87828
-21.52283
-23.54903
-25.18359
-26.20535
-26.69326
-26.83924
-26.79111
-26.63869
-26.5131
-26.37294
-26.38254
-42.22716
-42.63185
-44.47036
-47.20124
-51.14847
-56.34043
-62.49816
-68.93647
-74.20491
-73.77737
-62.05298
-29.85055
-25.7335
-3.5276
-28.24794
-22.67948
-25.61122
-27.78512
-28.93463
-29.21516
-29.05128
-28.70035
-28.3039
-28.00386
-27.74666
-27.71477
-44.15481
-44.71259
-46.74536
-49.97468
-54.58972
-60.78136
-68.48756
-76.92868
-84.96138
-86.04516
-76.32621
-58.18672
-70.7135
-37.59677
-17.91269
-25.71953
-30.94759
-32.47757
-32.8812
-32.57556
-31.82846
-31.01355
-30.28744
-29.75297
-29.37384
-29.30341
-45.88536
-46.58535
-48.87806
-52.75809
-58.42769
-66.20873
-76.61736
-91.10422
-105.6901
-108.4334
-100.5197
-86.2924
-75.84083
-71.06942
-50.54505
-38.99041
-39.18681
-39.09833
-38.17035
-36.7419
-35.07348
-33.60904
-32.45521
-31.63823
-31.12674
-31.01564
-47.00077
-47.82368
-50.38814
-54.9841
-62.07237
-72.22142
-86.40467
-109.8623
-124.7697
-128.8263
-121.594
-111.65
-109.2386
-58.95118
-53.25572
-51.23341
-50.42283
-47.2926
-44.78886
-41.55227
-38.59562
-36.30661
-34.63038
-33.49134
-32.83087
-32.67103
-46.96394
-47.91892
-50.70183
-55.91484
-64.40827
-77.55094
-96.82247
-123.572
-137.4243
-138.8753
-133.2047
-125.0771
-100.9113
-42.09812
-44.64491
-62.05281
-66.1783
-58.82836
-52.685
-46.68156
-42.10229
-38.84424
-36.57467
-35.08931
-34.27158
-34.04953
-45.15895
-46.24673
-49.17005
-54.76069
-64.10931
-79.44826
-105.0389
-131.7939
-142.2791
-143.0248
-138.4618
-126.8843
-104.9208
-117.0286
-97.61597
-91.15337
-86.90593
-73.69069
-60.83951
-51.47899
-45.15306
-40.87076
-37.99384
-36.16628
-35.19774
-34.91899
-41.33516
-42.28326
-45.25909
-50.88404
-60.3255
-76.39683
-105.2183
-134.9664
-143.2522
-142.4721
-137.1647
-134.0681
-114.4956
-101.3805
-109.7538
-110.9014
-105.5048
-88.05984
-67.5614
-54.9933
-47.14052
-41.95944
-38.55937
-36.44181
-35.337
-35.03597
-35.63709
-36.39666
-39.16892
-44.35928
-53.00924
-67.62232
-93.99279
-125.83
-138.1729
-137.6491
-135.1029
-142.1403
-133.9056
-129.6885
-125.9278
-123.3691
-115.9197
-96.67437
-70.82495
-56.2835
-47.40655
-41.68408
-37.98807
-35.69988
-34.48435
-34.20441
-28.4326
-29.05642
-31.34386
-35.61027
-42.72133
-54.50417
-74.70276
-102.6152
-124.7471
-131.4713
-129.772
-128.4357
-122.896
-124.2569
-126.1216
-125.3866
-116.7237
-96.05349
-69.51365
-54.65936
-45.61875
-39.85921
-36.17245
-33.9026
-32.68938
-32.42514
-20.26814
-20.73574
-22.39316
-25.46588
-30.48889
-38.42631
-53.36685
-74.85393
-93.89019
-104.1817
-97.98821
-100.2783
-104.1057
-118.3133
-121.1298
-120.0885
-109.154
-84.75961
-63.03433
-49.74563
-41.59589
-36.43455
-33.13088
-31.09316
-30.00006
-29.76388
-11.74513
-12.03897
-13.00424
-14.77346
-17.63729
-22.124
-29.13455
-42.16486
-53.61708
-60.66726
-61.04949
-53.41108
-79.65329
-106.3829
-110.5106
-106.7122
-93.61936
-68.54983
-52.0004
-42.05371
-35.74621
-31.67919
-29.05465
-27.42485
-26.54564
-26.35832
-3.412714
-3.537949
-3.855796
-4.416594
-5.252811
-6.486449
-8.247726
-10.73754
-14.6784
-12.21199
1.347477
-0.3601292
-34.64696
-84.52807
-97.72909
-86.36378
-64.23312
-48.2228
-38.99953
-32.88993
-28.8016
-26.0714
-24.27896
-23.15514
-22.54441
-22.41826
4.288922
4.309822
4.534784
4.9813
5.791707
7.182975
9.54672
13.46719
18.98049
27.52153
48.0118
57.07861
28.97632
-22.40361
-49.2077
-42.31729
-33.44017
-29.03622
-25.7621
-23.31077
-21.45621
-20.10762
-19.17877
-18.58397
-18.25601
-18.19283
11.07216
11.2031
11.81756
12.96365
14.84364
17.73767
22.10595
28.35244
38.15462
49.82002
62.56926
73.58487
64.46185
38.99327
10.53272
-4.891847
-10.67959
-13.04808
-14.03532
-14.34302
-14.3511
-14.23295
-14.09917
-13.99687
-13.93552
-13.93201
16.79713
16.99483
17.823
19.32073
21.6494
25.02267
29.73141
36.16194
44.36802
54.91679
62.77552
66.66267
60.62169
46.59143
29.34171
14.52824
4.785559
-1.014305
-4.509107
-6.64428
-7.972483
-8.806706
-9.323192
-9.636569
-9.803129
-9.853241
21.44944
21.67314
22.56561
24.14295
26.50297
29.77534
34.07877
39.62245
45.94385
52.65753
57.52838
58.86799
54.51387
45.49828
34.07091
22.88834
13.84034
7.274009
2.708488
-0.430319
-2.586305
-4.065181
-5.055696
-5.685638
-6.029989
-6.12244
25.10613
25.32513
26.18149
27.67201
29.83975
32.737
36.38103
40.71198
45.34006
49.59032
52.33442
52.54718
49.2002
42.86189
34.75059
26.31828
18.75091
12.58455
7.8514
4.320382
1.734954
-0.1245124
-1.420117
-2.264534
-2.734197
-2.859829
27.88768
28.08154
28.84947
30.17426
32.06025
34.50245
37.45104
40.73436
44.00515
46.70556
48.17908
47.80333
45.07901
40.30521
34.19133
27.60983
21.33561
15.85267
11.34304
7.775118
5.033177
2.988721
1.52646
0.5581998
0.01689916
-0.1390152
29.91828
30.07811
30.74189
31.88387
33.48452
35.50478
37.85502
40.33649
42.65042
44.38223
45.10531
44.42091
42.07192
38.22983
33.33928
27.96688
22.65092
17.78855
13.6028
10.15328
7.408094
5.304707
3.773729
2.753255
2.190305
2.015624
31.30204
31.42802
31.99852
32.98189
34.34681
36.03791
37.94841
39.87651
41.57132
42.71606
43.00085
42.15189
40.02218
36.7255
32.56577
27.94586
23.2686
18.86017
14.95912
11.66097
8.975277
6.879725
5.338098
4.312794
3.767583
3.61011
32.11023
32.21004
32.71702
33.59303
34.80384
36.29102
37.93862
39.54849
40.90012
41.72865
41.78158
40.84648
38.82803
35.81299
32.03716
27.82271
23.50335
19.35462
15.63975
12.45488
9.83015
7.762359
6.233709
5.221141
4.755616
4.183937
32.38593
32.44559
32.92234
33.76754
34.93473
36.3577
37.91862
39.43677
40.69282
41.43602
41.42643
40.46675
38.47541
35.53173
31.85424
27.74608
23.52737
19.47339
15.81025
12.65226
10.04172
7.978274
6.444007
5.403633
4.235947
0
