0.0000000 0.0000000
0.0000000 0.0000000
0.0000000 0.0000000
0.0000000 0.0000000
0.0000000 0.0000000
0.0000000 0.0000000
0.0000000 0.0000000
0.0000000 0.0000000
0.0000000 0.0000000
0.0000000 0.0000000
0.0000000 0.0000000
0.0000000 0.0000000
0.0000000 0.0000000
0.0000000 0.0000000
0.0000000 0.0000000
0.0000000 0.0000000
0.0000000 0.0000000
0.0000000 0.0000000
0.0000000 0.0000000
0.0000000 0.0000000
0.0000000 0.0000000
0.0000000 0.0000000
0.0000000 0.0000000
0.0000000 0.0000000
0.0000000 0.0000000
0.0000000 0.0000000
0.0000000 0.0000000
-0.0508705 0.1666110
-1.7721685 1.0884308
-1.7368581 2.4247961
-1.0292239 3.5518575
-0.7535969 4.2634130
-0.7618579 5.0236106
-0.9418548 5.9090819
-1.3180898 7.0144229
-2.1127911 8.4640884
-3.7968547 10.6316376
-8.5650978 13.1351099
13.0890474 12.3886280
16.4567337 -9.5536757
-6.5422506 -9.0796099
-2.9652128 -7.3532300
-2.4548380 -4.5569172
-1.3772970 -3.2761431
-0.8420789 -2.4018137
-0.5654331 -1.8028859
-0.4031682 -1.3639807
-0.3090171 -1.0297818
-0.3048125 -0.7503414
-0.4072652 -0.3823747
-0.2865004 -0.0808732
0.0000000 0.0000000
0.0000000 0.0000000
-0.8123573 0.3751336
-3.3083165 1.6567405
-2.5468206 2.4877157
-1.7019830 3.1930714
-1.5433372 3.9397562
-1.6658549 4.8071132
-1.9413029 5.6466308
-2.4846048 6.4930134
-3.6064830 7.3642139
-5.8159604 7.8000369
0.4664105 8.2532902
17.9766750 9.8339252
28.7715511 -2.7712860
5.0332518 -4.0306640
-5.8671608 -3.3467135
-2.4790835 -3.8664379
-2.0286825 -2.7151203
-1.4025924 -1.9692954
-0.9860527 -1.5008178
-0.7360666 -1.1621408
-0.5849928 -0.8732731
-0.5434960 -0.6425508
-0.7147480 -0.3811530
-0.6081500 -0.1267850
0.0000000 0.0000000
0.0000000 0.0000000
-2.0824521 0.6556854
-4.3275828 1.9653138
-3.0013890 2.3978055
-2.4331956 3.1004190
-2.3943262 3.8798935
-2.4549625 4.6568727
-2.6608608 5.3246055
-3.1079800 5.8256969
-4.0150442 5.9601769
-6.1341000 5.3406973
-1.5652748 -2.1963563
20.5797710 5.6954412
31.0587540 -4.0463600
-6.6017709 0.0922479
-5.5605865 2.4047797
-4.7621684 -0.3444533
-2.6364377 -1.3498102
-1.7543107 -1.3019977
-1.2578958 -1.1382204
-0.9767776 -0.9572636
-0.8169580 -0.7593098
-0.7498477 -0.5668646
-0.9218229 -0.3900568
-0.9477872 -0.1530540
0.0000000 0.0000000
0.0000000 0.0000000
-3.7084892 0.8623656
-4.9133444 2.0735683
-3.4981515 2.3676884
-3.2325048 3.1495616
-3.1602969 3.9117708
-3.1286829 4.6198215
-3.1592681 5.1991944
-3.3060350 5.5239973
-3.6340721 5.4208641
-4.3752675 4.1401582
3.8630128 -3.6022255
14.1689682 2.6349559
36.9457092 -4.9061289
-2.6181805 0.6735912
-4.9091635 1.3263352
-3.6342914 0.1292611
-2.2848144 -0.4371495
-1.6950551 -0.7442190
-1.3264737 -0.8140357
-1.1054385 -0.7680297
-0.9816397 -0.6606885
-0.9241061 -0.5078204
-1.0726492 -0.3824127
-1.2783722 -0.1658796
0.0000000 0.0000000
0.0000000 0.0000000
-5.3852615 0.9757812
-5.2573218 2.0570550
-4.1496048 2.4252565
-4.0183501 3.2493155
-3.8977833 4.0134392
-3.7543714 4.7671499
-3.6576238 5.4279833
-3.5053523 5.8921008
-3.0581863 5.7744589
-2.2202492 4.4358001
6.3125229 -2.4238160
13.2692728 2.6307831
26.2792721 2.3413072
4.1644320 0.9526412
-2.6886697 0.5783511
-2.5391347 0.2559781
-1.7571534 -0.0977626
-1.4617726 -0.4581156
-1.2686207 -0.6220555
-1.1501083 -0.6504121
-1.0906746 -0.5999379
-1.0711204 -0.4776633
-1.1980360 -0.3744094
-1.5793518 -0.1777072
0.0000000 0.0000000
0.0000000 0.0000000
-6.8989601 1.0074459
-5.5969582 1.9867686
-4.9269385 2.5289161
-4.8093643 3.3772929
-4.6711321 4.2073722
-4.5587273 5.1150222
-4.4211802 6.0257831
-3.8562360 6.5880680
-2.2813950 6.2437811
0.1222094 4.4899559
8.8260717 -1.1704094
12.6321287 1.9061111
29.6037025 1.2461951
1.4226402 -0.4799353
-1.7818854 0.1246920
-1.6815413 0.1494221
-1.2211362 -0.0759539
-1.1752415 -0.4064318
-1.1593969 -0.5858288
-1.1551931 -0.6341380
-1.1716390 -0.5996568
-1.2040056 -0.4877575
-1.3216506 -0.3820029
-1.8523719 -0.1943251
0.0000000 0.0000000
0.0000000 0.0000000
-8.1672134 0.9920806
-6.0935726 1.9090791
-5.7799931 2.6301751
-5.6594625 3.5224612
-5.6007504 4.4842339
-5.6479049 5.6226106
-5.3586993 6.6206393
-3.7813709 6.8091474
-0.9013807 5.7836375
2.5137482 3.9014132
10.1533613 -0.8558111
12.2723913 -0.2323385
38.8173676 6.1272011
0.6285728 -1.2216617
-1.4839499 -0.3997304
-1.1977670 -0.0776485
-0.7996708 -0.2568484
-0.9158554 -0.5509142
-1.0563931 -0.7018697
-1.1639774 -0.7252764
-1.2568581 -0.6690264
-1.3423746 -0.5426410
-1.4620726 -0.4131211
-2.1105812 -0.2183642
0.0000000 0.0000000
0.0000000 0.0000000
-9.1992903 0.9602681
-6.7859206 1.8415381
-6.6886449 2.7005529
-6.6106925 3.6573188
-6.7671542 4.7893372
-6.9365640 6.1402760
-5.8800726 6.7744617
-2.8502891 6.2230153
0.8648705 4.6912436
4.7450929 2.9083772
12.3420229 -1.1941704
12.7766581 -1.2157168
36.0488968 -3.4186914
-0.8264962 -1.4601536
-1.1966834 0.0841936
-0.8309202 -0.2820108
-0.4607211 -0.6477556
-0.7319612 -0.8762405
-1.0078677 -0.9542633
-1.2158228 -0.9141548
-1.3765438 -0.8043875
-1.5074513 -0.6392988
-1.6345416 -0.4683154
-2.3697116 -0.2494686
0.0000000 0.0000000
0.0000000 0.0000000
-10.0300846 0.9240326
-7.6311603 1.7744675
-7.6409888 2.7155015
-7.6689520 3.7305877
-8.2148161 5.0327229
-7.9483590 6.2369170
-5.4635515 6.0476642
-1.3457971 4.9325700
2.6652894 3.2758710
6.6863689 1.6715229
14.2753048 -2.1706293
14.3581161 -3.0074468
35.5589638 -0.5291154
0.5672889 -0.9335584
1.0338995 -0.2971022
0.2966244 -1.0189413
-0.0557095 -1.2829719
-0.6166043 -1.3803397
-1.0440786 -1.3306514
-1.3427578 -1.1856678
-1.5557712 -0.9931554
-1.7181264 -0.7680151
-1.8524573 -0.5419528
-2.6407614 -0.2860024
0.0000000 0.0000000
0.0000000 0.0000000
-10.6860714 0.8842210
-8.5579405 1.6979541
-8.6156578 2.6598566
-8.8287992 3.7148581
-9.7147436 5.0346565
-8.1156006 5.6110320
-4.2138715 4.6832123
0.3306585 3.2193563
4.2215137 1.5515602
8.1836500 0.1497624
16.5148792 -2.8587837
17.1572628 -5.8438854
36.5993500 -3.6301153
7.5462770 0.1188668
1.6825213 -2.4896369
0.6569563 -2.4078758
0.0010742 -2.2375085
-0.7051781 -2.0476022
-1.2275071 -1.8006788
-1.5791404 -1.5135216
-1.8172961 -1.2156376
-1.9890395 -0.9142063
-2.1248252 -0.6246769
-2.9269314 -0.3242991
0.0000000 0.0000000
0.0000000 0.0000000
-11.1847944 0.8365756
-9.4885054 1.6017637
-9.5793333 2.5329235
-10.0392570 3.5396271
-10.7165346 4.6229992
-7.4851060 4.3874822
-2.4828186 3.0586698
1.7273418 1.7270708
5.6492915 0.1480069
8.8865461 -1.0885686
17.1306782 -3.3759592
25.6750355 -9.7684412
5.9707036 -5.0530596
3.5895720 -5.2978168
1.2308254 -4.8267231
0.1511658 -4.0939078
-0.4187302 -3.3584290
-1.0740539 -2.8068538
-1.6059967 -2.3176944
-1.9512302 -1.8624132
-2.1752329 -1.4450769
-2.3281913 -1.0595502
-2.4542749 -0.7044832
-3.2239056 -0.3592191
0.0000000 0.0000000
0.0000000 0.0000000
-11.5471077 0.7785915
-10.3670959 1.4850914
-10.4936199 2.3527713
-11.1799688 3.2415810
-10.8743296 3.9144142
-6.3623285 3.1180677
-0.9508818 1.5931979
3.0969617 0.3295086
7.2150784 -1.1223258
11.3075790 -3.2225840
16.3084412 -2.2897582
33.0669136 -12.7645550
7.3024192 -6.5551515
3.5042429 -6.9915042
0.5204390 -6.7851543
-0.9842392 -5.7216229
-1.3239663 -4.5029941
-1.7452488 -3.5651777
-2.2002580 -2.8153813
-2.4703305 -2.1865196
-2.6329749 -1.6490097
-2.7352405 -1.1817473
-2.8362794 -0.7673176
-3.5206575 -0.3843144
0.0000000 0.0000000
0.0000000 0.0000000
-11.8121214 0.7135785
-11.1554527 1.3458973
-11.3611851 2.1321099
-12.1358500 2.8711650
-10.3394384 3.2444470
-4.9480271 2.1434522
0.0851177 0.8116599
4.5309324 -1.1463864
8.3440304 -2.1535683
12.6985579 -4.4774027
26.7216473 -11.0044994
29.6753902 -11.4859848
9.6740932 -7.0075874
3.8679616 -8.0329008
-0.2104696 -8.1119871
-2.4508440 -7.1411510
-2.7396972 -5.5475760
-2.7267990 -4.2039008
-3.0019662 -3.2192883
-3.1297002 -2.4339929
-3.1800454 -1.7903841
-3.1982579 -1.2554322
-3.2546294 -0.7970439
-3.8006780 -0.3919219
0.0000000 0.0000000
0.0000000 0.0000000
-12.0049572 0.6374250
-11.8512897 1.1801969
-12.1896696 1.8824476
-12.8291569 2.3983490
-9.3147106 2.5453434
-3.4442697 1.3496258
1.2978173 -0.1388648
6.2496128 -2.5707347
9.6515369 -3.3441136
16.2621365 -6.1753473
34.5811157 -15.8629274
13.1408148 -8.5117493
9.6220608 -7.7973509
4.3686562 -8.1051121
-0.6402698 -8.4366169
-3.8814158 -7.8652577
-4.6159053 -6.3352757
-3.9980981 -4.6357055
-3.9914951 -3.4515090
-3.8995013 -2.5511172
-3.7904494 -1.8299919
-3.6950760 -1.2531991
-3.6833112 -0.7774014
-4.0443559 -0.3756128
0.0000000 0.0000000
0.0000000 0.0000000
-12.1452332 0.5466865
-12.4521809 0.9905950
-13.0095959 1.6203200
-13.0957155 1.8440542
-7.9333968 1.7385408
-1.9873109 0.7243931
3.0581167 -0.9020873
7.7583132 -3.1870086
11.9391804 -5.2198458
26.0849361 -11.0666418
34.0467873 -13.5438061
13.2820759 -6.3789239
9.8677387 -6.8446364
5.1514564 -6.9555621
-0.4245766 -7.3816905
-4.6430397 -7.5641222
-6.5989122 -6.4627881
-5.5893164 -4.7158079
-5.1199636 -3.4541683
-4.7328596 -2.4819896
-4.4237208 -1.7277391
-4.1902628 -1.1491257
-4.0843000 -0.6937924
-4.2355738 -0.3288677
0.0000000 0.0000000
0.0000000 0.0000000
-12.2473793 0.4192999
-12.9685354 0.7299284
-13.8155460 1.2584510
-13.0771294 1.3280759
-6.5653338 1.2214817
-0.5684777 0.1605802
4.6724648 -1.4153863
9.1352558 -3.0583923
14.3891354 -5.3477874
29.9472980 -10.5134554
28.8517303 -8.8425684
13.8008938 -4.8499708
9.9625435 -4.9306388
5.4593549 -4.9679341
0.6895868 -5.4242620
-4.7072196 -6.1186795
-7.8082929 -5.3833203
-7.4467959 -4.2255239
-6.2911444 -3.1480112
-5.5682101 -2.1728501
-5.0225205 -1.4467347
-4.6361465 -0.9217683
-4.4179597 -0.5354826
-4.3649135 -0.2497105
0.0000000 0.0000000
0.0000000 0.0000000
-12.3244905 0.2573242
-13.3792534 0.3842865
-14.6428261 0.7708262
-12.5541868 0.2940653
-5.1675811 0.3417780
0.4445555 -0.3281642
6.2096124 -2.2394066
11.0606937 -3.6516969
17.3494186 -5.3510513
32.1331139 -11.3319883
19.9865513 -5.0496712
14.2490644 -3.8838189
9.6951427 -3.2517936
5.5385628 -3.0230279
1.4016217 -3.2548091
-3.8783503 -4.2002244
-7.9558334 -3.6934171
-9.3306103 -3.2145438
-7.3813171 -2.4725454
-6.2973590 -1.5787860
-5.5239301 -0.9594641
-4.9798675 -0.5577039
-4.6409173 -0.2986854
-4.4233899 -0.1287532
0.0000000 0.0000000
0.0000000 0.0000000
-12.4132996 -0.0026731
-13.5956402 -0.1669262
-15.1529074 -0.0268597
-12.0168238 -0.3526002
-4.0820303 -0.4530965
1.3421123 -1.2967377
7.2353048 -2.5625517
12.7220259 -4.2167745
21.1835709 -6.3384037
32.1309776 -6.0547557
15.4629040 -4.1050854
13.2581902 -2.6624448
9.0665874 -1.8172003
5.5305486 -1.4749101
1.0800929 -1.4536325
-2.9375019 -1.6971774
-7.4580908 -0.9391575
-10.8822327 -1.2050186
-8.2469273 -1.2803720
-6.8408380 -0.6124815
-5.8441548 -0.2486529
-5.1611843 -0.0627949
-4.7256317 0.0119132
-4.4270692 0.0228751
0.0000000 0.0000000
0.0000000 0.0000000
-12.1648893 -0.3689039
-13.4842424 -0.9557173
-15.4025517 -1.2557143
-11.7129812 -1.5157938
-3.6967375 -1.4410005
2.7820802 -2.5749106
8.0431013 -2.6198893
13.0879068 -3.1932070
24.5419865 -6.8107200
32.9332581 -10.7885685
14.6377897 -3.3968935
12.1564465 -1.9587405
8.0787945 -0.3071618
5.7785592 -0.1292518
1.2284352 0.1871489
-2.4733386 0.2886037
-7.4436398 0.2723062
-11.2268085 0.9060217
-8.7728090 0.5215111
-7.0408483 0.6208290
-5.9018502 0.6121699
-5.1293859 0.5199587
-4.6347857 0.3725559
-4.2926898 0.1943735
0.0000000 0.0000000
0.0000000 0.0000000
-11.4335032 -0.8342360
-12.8639870 -1.9534827
-14.9371138 -3.1757324
-11.1232061 -4.5216918
-3.1963046 -3.8795474
3.2368553 -3.4330585
8.9631281 -3.8508441
13.4897022 -3.3660550
32.9390144 -6.5176959
21.1561050 -4.5492163
11.7335291 -2.5268574
9.9557562 -0.7336932
6.8633823 1.0151796
5.1641130 1.2434649
0.3891431 2.3959479
-2.9838953 2.7326303
-7.7544656 3.4301825
-11.2080936 3.3869181
-8.5245867 2.4929831
-6.8187466 1.9910911
-5.6369848 1.5563862
-4.8414989 1.1521469
-4.3327651 0.7617480
-3.9825189 0.3720061
0.0000000 0.0000000
0.0000000 0.0000000
-10.1510973 -1.3734396
-11.4889936 -3.1461236
-13.5109959 -5.1371751
-10.4164658 -6.9757485
-4.7741776 -4.8703918
2.1256499 -4.0838399
7.8844357 -3.9676712
15.5637465 -4.7050099
32.3593788 -7.0714869
19.8823185 -4.2844315
10.0970230 -1.4024255
8.1427050 0.6088313
5.9797406 1.7190419
4.0539198 3.3861704
0.2646525 4.7919254
-3.1338665 5.0351114
-7.3905511 6.6129985
-10.1658583 6.4866676
-7.6990433 4.3065896
-6.1540613 3.2890425
-5.0589781 2.4662285
-4.3044114 1.7686511
-3.8088188 1.1424681
-3.4755940 0.5610895
0.0000000 0.0000000
0.0000000 0.0000000
-8.3320770 -1.9863571
-9.4043293 -4.3459258
-10.9324265 -7.2410321
-11.1739178 -10.7351284
-3.2559803 -8.5147619
1.8695228 -8.0927086
7.6541452 -6.4206920
20.6123238 -9.4259720
32.0082703 -5.4548225
15.7734880 -4.0646801
7.6076822 1.8480611
6.1920300 3.3568947
3.2261510 4.6353145
1.8275952 6.6247077
-0.0222132 9.6182594
-3.8035030 10.7081280
-8.8651075 11.2572575
-7.8915410 8.3317547
-5.9939523 5.8443418
-4.9151278 4.3958788
-4.1077285 3.2765517
-3.4995146 2.3217354
-3.0916989 1.4770877
-2.7619991 0.7216206
0.0000000 0.0000000
0.0000000 0.0000000
-5.7385426 -2.8440287
-6.7381411 -5.9726272
-7.8670754 -8.9427214
-7.5326514 -12.6029539
-2.1639519 -16.6395645
1.6641635 -14.6626806
10.9339638 -14.0812368
19.8725529 -11.2214975
28.2206383 -8.5218496
10.9481363 3.4750984
5.8486309 6.7177076
4.6767201 8.6825571
2.3258128 10.1065769
-3.4938774 12.6977806
-0.9210236 12.7557173
-4.1650128 15.4127502
-6.2466931 12.9187374
-5.1407852 9.9854383
-4.5099149 8.4414320
-3.5085101 6.6238642
-2.7907364 4.8938360
-2.3458624 3.4072616
-2.0881133 2.1313040
-1.9642240 0.9999996
0.0000000 0.0000000
0.0000000 0.0000000
-2.5162849 -3.4035211
-3.2123864 -7.8026557
-3.9745252 -12.9185896
-4.5270925 -17.5070343
-3.7431695 -19.2829857
-1.1844114 -18.3816071
4.0665636 -17.3061886
10.1203728 -12.4023819
14.4886351 -4.0638742
9.7135763 7.9562669
2.9017026 14.2149410
4.3481674 15.4196644
1.8376838 18.7880650
-0.8858055 20.1120110
-0.9632574 20.2179928
-2.7010710 21.1624126
-2.9082396 18.2814999
-2.4587278 14.8344660
-1.7920241 11.1284761
-1.3134339 8.1805801
-1.0089762 5.9318895
-0.8537778 4.1137538
-0.7648243 2.5448232
-0.8275965 0.7604920
0.0000000 0.0000000
0.0000000 0.0000000
0.0000000 0.0000000
0.0000000 0.0000000
0.0000000 0.0000000
0.0000000 0.0000000
0.0000000 0.0000000
0.0000000 0.0000000
0.0000000 0.0000000
0.0000000 0.0000000
0.0000000 0.0000000
0.0000000 0.0000000
0.0000000 0.0000000
0.0000000 0.0000000
0.0000000 0.0000000
0.0000000 0.0000000
0.0000000 0.0000000
0.0000000 0.0000000
0.0000000 0.0000000
0.0000000 0.0000000
0.0000000 0.0000000
0.0000000 0.0000000
0.0000000 0.0000000
0.0000000 0.0000000
0.0000000 0.0000000
0.0000000 0.0000000
0.0000000 0.0000000
0.0000000 0.0000000
0.2655003 -0.2760067
0.0000000 0.0000000
0.4981815 -0.1686921
-0.1668513 -0.3093735
-0.1962443 -0.2059911
0.0000000 0.0000000
-1.2767898 0.1803834
-0.5659758 0.8035652
-0.5820819 1.8658690
0.0000000 0.0000000
-1.7930210 1.8016710
-0.5400723 2.8666759
-0.4986422 3.7582633
0.0000000 0.0000000
-1.3064888 3.1301203
-0.3800347 4.4870052
-0.3322363 5.0409856
0.0000000 0.0000000
-0.8484374 3.9381971
-0.2916076 5.5573664
-0.2926862 6.0358753
0.0000000 0.0000000
-0.7329336 4.6470418
-0.3054871 6.5436296
-0.3472014 7.0434852
0.0000000 0.0000000
-0.8206478 5.4447961
-0.3795580 7.6813855
-0.4654316 8.3075228
0.0000000 0.0000000
-1.0664253 6.4052291
-0.5310812 9.2215223
-0.7058770 10.0739317
0.0000000 0.0000000
-1.5540199 7.6356349
-0.8702992 11.5678129
-1.2023765 12.9330416
0.0000000 0.0000000
-2.5843353 9.6019602
-1.7288992 15.3654079
-1.9570670 18.3350010
0.0000000 0.0000000
-4.8585610 14.3012152
-1.7512848 21.1850147
-2.3762970 25.2036743
0.0000000 0.0000000
3.6355290 13.6149244
4.4036269 16.2128830
8.2552347 11.8449574
0.0000000 0.0000000
12.8726730 9.6195545
13.1870384 -10.1009283
-0.7528998 -8.6010075
0.0000000 0.0000000
11.5412016 -2.2161970
-1.2878523 -13.1086521
-0.8469622 -12.9696951
0.0000000 0.0000000
-7.4789243 -10.1796265
-0.5738178 -8.8294611
-0.6270418 -7.1578951
0.0000000 0.0000000
-2.6795149 -6.0593066
-0.5153703 -6.1662374
-0.4401132 -5.0515141
0.0000000 0.0000000
-2.0068138 -3.9027777
-0.3533950 -4.2688479
-0.3287878 -3.4727502
0.0000000 0.0000000
-1.0956706 -2.8082385
-0.2864491 -3.0195990
-0.2354295 -2.4950843
0.0000000 0.0000000
-0.6893148 -2.0464139
-0.1990467 -2.1875570
-0.1678755 -1.8433580
0.0000000 0.0000000
-0.4747660 -1.5468732
-0.1433382 -1.6140459
-0.1252148 -1.3719608
0.0000000 0.0000000
-0.3495452 -1.1751200
-0.1105550 -1.1995645
-0.0980973 -1.0058751
0.0000000 0.0000000
-0.2955549 -0.8800180
-0.1022733 -0.8435515
-0.1187167 -0.6619298
0.0000000 0.0000000
-0.3466426 -0.5911322
-0.1411369 -0.4329125
-0.1411941 -0.2042631
0.0000000 0.0000000
-0.3999362 -0.2054829
-0.0759894 -0.0558030
-0.0110020 0.0994536
0.0000000 0.0000000
0.0298514 0.0510867
0.0000000 0.0000000
0.0000000 0.0000000
0.8119057 -0.1281580
0.7182614 -0.0210259
-0.5430986 0.1194554
-1.6407197 0.5733812
-2.5561841 0.8615376
-2.4251215 1.3839533
-2.4922121 2.0742831
-2.9677830 2.1371877
-2.0101616 2.6505790
-1.6298548 3.1017840
-2.0342364 2.8306389
-1.3234582 3.4301879
-1.1765773 3.7955933
-1.5796382 3.5273497
-1.1393334 4.1555066
-1.1767596 4.5661240
-1.5796038 4.3638840
-1.2501080 5.0290341
-1.3851388 5.4382701
-1.7617683 5.1909080
-1.5190849 5.9862142
-1.7744538 6.3969984
-2.1317153 5.9686484
-2.0311594 7.0928593
-2.5544949 7.4993420
-2.9002514 6.6505270
-3.0760772 8.5308628
-4.3571153 8.8196201
-4.5132418 6.9427075
-5.8398581 10.3553352
-9.1553373 11.7356730
-10.3034010 7.8106761
-1.6796844 8.4174080
8.0138197 11.6189175
12.1508875 12.6476231
11.6967525 8.5740995
15.3954334 5.6131277
26.7520580 6.3107100
23.0099125 -8.1323748
17.6112804 -1.1351289
20.7088375 -2.6360438
3.9525917 -7.7222271
-8.7627153 -8.1563635
-5.4129772 -5.0394316
-4.7771711 -6.3901057
-3.8535247 -6.0505028
-3.4677455 -5.4089732
-3.2946405 -4.1703901
-2.3353772 -3.1194746
-2.0490956 -2.6685762
-1.8102106 -2.8947804
-1.4100976 -2.3907850
-1.6455585 -2.0541708
-1.1079187 -2.1615183
-0.9120883 -1.8242793
-1.1578273 -1.6611708
-0.7539059 -1.6165363
-0.6424293 -1.3978504
-0.8425612 -1.3147527
-0.5505521 -1.2219752
-0.4868754 -1.0647316
-0.6502822 -1.0172772
-0.4327733 -0.9166732
-0.4050412 -0.7860869
-0.5476195 -0.7536119
-0.4070574 -0.6668843
-0.4580574 -0.5315160
-0.5998263 -0.5315670
-0.5507395 -0.3511371
-0.5866402 -0.2168647
-0.7473561 -0.2534978
-0.4395812 -0.0868710
0.0882947 0.0157021
0.0370964 -0.0148168
0.0000000 0.0000000
0.0000000 0.0000000
0.5875996 0.0494127
0.3527336 0.1383404
-1.4847270 0.4675330
-3.1946068 1.1524059
-3.8916740 1.3510199
-3.8055158 1.8494499
-3.3979225 2.1795664
-3.6473379 2.1802218
-2.7378097 2.4746642
-2.2739050 2.7722349
-2.6239653 2.6961739
-2.0306842 3.1099854
-1.9613663 3.4909675
-2.3891828 3.4537354
-1.9622205 3.9066541
-2.0233397 4.3150864
-2.4006772 4.2565818
-2.0772047 4.7473936
-2.2054875 5.0796213
-2.5191302 4.9557266
-2.3209496 5.5135112
-2.5802839 5.7505784
-2.8118258 5.5196180
-2.8113358 6.2168474
-3.3044975 6.2893863
-3.4031203 5.8784146
-3.7112863 6.7187428
-4.5009604 6.6557622
-4.4917765 5.9733672
-4.6481400 7.0190940
-9.8650808 7.5333261
-9.6699810 7.0325518
-9.5188370 5.9309688
7.4854746 6.6709700
12.6876831 1.2931361
16.3818607 8.9780035
23.3936462 7.7473154
32.5053139 3.1924694
31.4359474 -6.4988513
26.0989952 -0.8106496
29.9814415 2.2191660
-4.8311238 -0.4802682
-5.3153462 -2.0478272
-5.9524164 -0.5284602
-6.6298409 1.8949653
-5.9299603 -4.3552346
-7.2400308 -1.5993612
-3.4444783 -2.8897185
-2.8272471 -2.5831823
-3.6574831 -1.6404647
-2.3369255 -2.1458361
-1.9044935 -1.8273082
-2.1689460 -1.4123564
-1.5567446 -1.6171610
-1.3143262 -1.4753263
-1.4793707 -1.2486879
-1.1057712 -1.3057839
-0.9656379 -1.1914117
-1.0998929 -1.0687480
-0.8449845 -1.0499763
-0.7647504 -0.9440228
-0.8861486 -0.8785592
-0.6948056 -0.8078730
-0.6614901 -0.7111617
-0.7719048 -0.6740266
-0.6436419 -0.5999172
-0.6957512 -0.5060845
-0.7967431 -0.4919801
-0.8119766 -0.3788832
-0.8845735 -0.2792910
-1.0131567 -0.2925204
-0.7683611 -0.1435222
-0.0035752 -0.0292895
-0.0806622 -0.0423251
0.0000000 0.0000000
0.0000000 0.0000000
-0.0440062 0.1979735
-0.4837552 0.2798362
-2.9184427 0.7423513
-4.5069571 1.5238538
-5.0287166 1.6279917
-4.6324668 2.0545003
-3.8747809 2.1569388
-4.0670142 2.1432235
-3.2368317 2.3729482
-2.9254053 2.7129719
-3.3043077 2.7244067
-2.8091099 3.0998075
-2.7937980 3.4865828
-3.1911101 3.5002007
-2.7644899 3.8799191
-2.7788062 4.2529802
-3.1356599 4.2415304
-2.7885082 4.6128111
-2.8527865 4.9119663
-3.1447875 4.8738461
-2.9110959 5.2235231
-3.0523794 5.4074416
-3.2130489 5.3014998
-3.1771755 5.6006422
-3.4967306 5.5740881
-3.4095850 5.3132291
-3.7844617 5.6121054
-4.5264030 5.0552959
-4.0055881 4.4581132
-5.2364559 5.0172334
-10.5176735 4.4757614
-8.1925211 3.2212820
0.8315877 -4.8557634
9.4293938 -0.3671025
8.3740578 -0.4125018
14.5361547 4.1317363
19.6653633 5.2782216
21.9182072 2.8874776
36.7318459 -4.4381819
36.7998619 2.0779803
23.9624157 11.5280018
-7.0482593 0.7254761
-4.4814248 0.7226740
-0.3888537 2.3860545
-3.9983141 2.0162859
-5.6038747 0.4442733
-4.0728889 1.3738093
-4.0001454 0.1995996
-3.1900842 -0.5906085
-2.7085307 -0.0548629
-2.4814858 -0.8179224
-2.0588596 -0.9408411
-1.9042183 -0.6288536
-1.7433589 -0.9846914
-1.4962451 -1.0075825
-1.4823096 -0.8151981
-1.2943839 -0.9544641
-1.1581587 -0.9361685
-1.2004406 -0.8238233
-1.0394840 -0.8515177
-0.9643287 -0.8047686
-1.0339464 -0.7425815
-0.8973215 -0.7029122
-0.8649705 -0.6387997
-0.9462613 -0.6062864
-0.8378409 -0.5348416
-0.8787731 -0.4693500
-0.9585471 -0.4530182
-0.9933928 -0.3835670
-1.1146450 -0.2997624
-1.2186229 -0.3018261
-1.1030302 -0.1612968
-0.1679490 -0.0502133
-0.2651136 -0.0575031
0.0000000 0.0000000
0.0000000 0.0000000
-1.0509480 0.3376720
-1.6782874 0.4006047
-4.5584922 0.9188346
-5.5073953 1.6982887
-5.8736506 1.7270699
-5.0977635 2.0912271
-4.2612567 2.1219144
-4.5089545 2.1257644
-3.8078070 2.3799303
-3.6741099 2.7841792
-4.0691147 2.8305955
-3.6113856 3.1824973
-3.5682619 3.5689445
-3.9649217 3.6087639
-3.5140872 3.9357550
-3.4739232 4.3111711
-3.8594079 4.3475971
-3.4469938 4.6292839
-3.3842182 4.9763818
-3.7650101 5.0370374
-3.3821776 5.2150187
-3.3434672 5.4493213
-3.6153054 5.6385832
-3.2964065 5.6002789
-3.2776127 5.5818920
-3.3296032 5.9424357
-3.2104328 5.4184546
-3.0391088 5.1660390
-2.6834283 5.4321675
-2.5227616 3.5720375
-4.7048016 4.4096093
-4.0125337 4.3693738
5.1189804 -3.3152685
9.0984764 0.4932358
9.5795822 1.8449290
14.1616020 2.3953362
18.0382557 3.1917157
19.1344910 0.9061762
34.5669556 0.5505916
34.0376968 3.3082750
28.9290104 6.7356730
-2.9453833 -0.2400843
-2.1636236 4.1499944
-1.1150585 3.6663275
-4.5104752 1.5159773
-3.9517961 1.1202132
-2.8542414 1.5258031
-2.8535340 0.7280349
-2.5322721 0.0400117
-2.0425911 0.2943325
-1.9231105 -0.1216202
-1.7682307 -0.4498319
-1.5501186 -0.3083461
-1.5655755 -0.5525349
-1.4358100 -0.6771793
-1.3527778 -0.5825120
-1.2971085 -0.6923000
-1.2129004 -0.7358230
-1.2010250 -0.6745552
-1.1291349 -0.6945449
-1.0824897 -0.6903167
-1.1142904 -0.6545914
-1.0367985 -0.6213616
-1.0184298 -0.5814332
-1.0771378 -0.5640149
-0.9995053 -0.4885295
-1.0322584 -0.4380957
-1.1000713 -0.4289400
-1.1339047 -0.3761929
-1.2976105 -0.3011142
-1.3846160 -0.3000563
-1.4164299 -0.1720487
-0.3731108 -0.0621498
-0.4826156 -0.0663798
0.0000000 0.0000000
0.0000000 0.0000000
-2.3649375 0.4448846
-3.1022148 0.4798308
-6.1443129 0.9984542
-6.2219534 1.7240653
-6.4989147 1.7058247
-5.4332929 2.0343885
-4.7667022 2.1317077
-5.1009636 2.1548109
-4.5208206 2.4640200
-4.4663472 2.9040995
-4.8783369 2.9584353
-4.4055281 3.2994356
-4.3337460 3.7002370
-4.7571406 3.7710018
-4.2757077 4.0708723
-4.1716690 4.5152879
-4.6704526 4.6066608
-4.1666279 4.8474960
-4.0354891 5.3266640
-4.5772600 5.5306115
-3.9954576 5.6433344
-3.8338420 6.0509162
-4.2137213 6.3908048
-3.5719638 6.2654195
-3.1860769 6.3372574
-3.1590881 6.5739555
-2.5787816 6.0814595
-1.7055081 5.6211591
-1.1272330 5.4923868
-0.8594452 4.2361350
-2.3200006 4.4520388
-0.8458315 3.7345164
7.5772591 -1.6100719
9.2482738 1.7264926
9.9277172 2.6109424
11.9380102 0.5141177
23.4928665 1.9002978
18.5470333 3.0061934
24.1554680 4.8829370
27.8220043 3.7469425
23.9670544 0.6544260
6.6608868 -0.1611498
-0.0681345 2.9219434
0.2046023 2.1358008
-2.7765226 -0.0007919
-2.4946985 1.2952988
-2.0241261 1.1837419
-2.1422780 0.3188838
-1.8229357 0.2756577
-1.4355402 0.2891594
-1.4611586 0.0041096
-1.3883386 -0.2668882
-1.1548909 -0.2586882
-1.3111309 -0.3897832
-1.2786745 -0.5393669
-1.1663417 -0.5366895
-1.2155199 -0.5785606
-1.1919457 -0.6461718
-1.1543033 -0.6455495
-1.1566154 -0.6263721
-1.1477032 -0.6393405
-1.1606442 -0.6416821
-1.1344248 -0.5900376
-1.1382619 -0.5592588
-1.1853913 -0.5641890
-1.1400443 -0.4772695
-1.1718543 -0.4275005
-1.2358179 -0.4313286
-1.2599897 -0.3757315
-1.4527564 -0.3004851
-1.5323023 -0.3022781
-1.7014474 -0.1854527
-0.6050146 -0.0695770
-0.7237961 -0.0722697
0.0000000 0.0000000
0.0000000 0.0000000
-3.8489690 0.4992416
-4.6169243 0.5080889
-7.5255008 1.0076051
-6.7817721 1.6654854
-7.0433555 1.6245450
-5.8461800 1.9506197
-5.4429097 2.1806197
-5.8493953 2.2058074
-5.3387885 2.5717766
-5.2880507 3.0313613
-5.7305307 3.0826190
-5.2259393 3.4364505
-5.1486526 3.8918695
-5.6376047 3.9837530
-5.1241889 4.3084226
-5.0638351 4.8488102
-5.6795173 5.0183029
-5.0987353 5.3012805
-4.9810224 5.9211016
-5.5979204 6.1748347
-4.8321910 6.3429060
-4.5029826 6.7173905
-4.6830049 6.9390526
-3.7741070 6.8769159
-2.7620535 6.6602216
-2.3872728 6.4080367
-1.4294528 6.1176286
0.1264842 5.2591686
0.7311652 4.7673163
1.5796622 4.2702618
0.1582632 3.4210899
1.2327683 3.2624969
9.5257959 -0.5216766
9.6780996 1.8266530
10.4341154 0.8921298
11.8084860 1.7115296
16.3562374 1.3033274
15.6599655 -1.4291427
32.8015594 3.0311062
33.4122543 -0.0165954
26.2537670 0.5122710
1.5861740 -0.5035849
0.6442223 1.4547811
-0.8798029 0.6326886
-1.6196502 -0.2357166
-1.7394398 0.8642086
-1.6610587 0.4487086
-1.4854397 0.0185734
-1.2531024 0.1160035
-1.0191137 -0.0686821
-1.0169907 -0.1252566
-1.0280037 -0.3478956
-0.8200541 -0.4556587
-1.0566010 -0.4442078
-1.1062031 -0.5872735
-0.9918827 -0.6636125
-1.1181302 -0.6205957
-1.1514072 -0.6818753
-1.1110318 -0.7391366
-1.1680133 -0.6647036
-1.1977530 -0.6699166
-1.2099153 -0.7119147
-1.2207028 -0.6251306
-1.2486014 -0.5857184
-1.2974442 -0.6155282
-1.2767985 -0.5095955
-1.3134288 -0.4468407
-1.3827602 -0.4656551
-1.3926430 -0.3949958
-1.6007029 -0.3089882
-1.6831142 -0.3168850
-1.9652636 -0.2056453
-0.8588772 -0.0756493
-0.9880836 -0.0783248
0.0000000 0.0000000
0.0000000 0.0000000
-5.3686066 0.5065541
-6.1190162 0.4995017
-8.6694422 0.9814290
-7.3217220 1.5726721
-7.6123748 1.5261061
-6.4377117 1.8726845
-6.2567124 2.2326283
-6.7110844 2.2468722
-6.2240076 2.6622930
-6.1645913 3.1445498
-6.6473756 3.1803379
-6.1279178 3.5811558
-6.0949879 4.1110301
-6.6723013 4.2027531
-6.1694231 4.6067910
-6.2099047 5.2896028
-6.9447412 5.4949889
-6.2641430 5.8678694
-6.1082821 6.4881063
-6.5472517 6.6687469
-5.5598693 6.8584433
-4.7291198 6.8628879
-4.4621153 6.7566514
-3.3014069 6.6763268
-1.6054615 6.0524001
-0.9509125 5.4359922
0.2215762 5.3127580
2.0116277 4.3042850
2.8408380 3.7487650
3.8089085 3.4303048
2.4909556 2.9595795
3.4709806 2.3435192
11.5308313 -1.1853967
11.2843122 0.9803402
12.8172264 0.5409930
12.3978271 -0.6780131
21.0322495 -2.6411593
20.2566242 -1.7762017
29.7526951 -3.5156686
31.6274548 -2.5133138
26.1544724 -1.7071277
-0.1213021 -1.7760910
-0.2648649 1.0539259
-2.2520635 0.8563823
-0.8921158 -0.2735317
-1.3986533 0.3703866
-1.4440693 0.1238950
-0.9789453 -0.1219465
-0.8229657 -0.2804692
-0.6473171 -0.5193414
-0.6430233 -0.4009896
-0.7349974 -0.6340685
-0.5775107 -0.8238035
-0.8461758 -0.6880702
-0.9692034 -0.7963365
-0.8847193 -0.9440717
-1.0509845 -0.8098678
-1.1356746 -0.8376052
-1.1173853 -0.9468212
-1.2033228 -0.8074510
-1.2679776 -0.7830590
-1.2978926 -0.8603883
-1.3257842 -0.7290772
-1.3759396 -0.6645213
-1.4396137 -0.7170160
-1.4300004 -0.5863297
-1.4735126 -0.4981363
-1.5577247 -0.5307111
-1.5493834 -0.4386934
-1.7614194 -0.3316150
-1.8560398 -0.3459251
-2.2223849 -0.2335462
-1.1372281 -0.0830972
-1.2808001 -0.0869987
0.0000000 0.0000000
0.0000000 0.0000000
-6.8443122 0.4879742
-7.5591431 0.4745520
-9.6002979 0.9454130
-7.9200125 1.4739140
-8.2504625 1.4245269
-7.2060032 1.8050625
-7.1576214 2.2561679
-7.6348066 2.2488754
-7.1595464 2.7085521
-7.1136351 3.2139251
-7.6297302 3.2188523
-7.1369376 3.6929507
-7.2274108 4.3061595
-7.9127913 4.3677974
-7.4720449 4.9018626
-7.6123719 5.7158594
-8.3049364 5.8182802
-7.4409080 6.2811465
-6.8685503 6.6228848
-6.8738651 6.4373684
-5.6340041 6.6601877
-4.0236869 6.1815853
-3.4164734 5.6559672
-2.0226557 5.6024671
-0.0180841 4.7199674
0.6450550 4.1774831
1.8693219 3.9266057
3.8028371 3.0189145
4.6876678 2.3999250
5.7600999 2.3068419
4.6192942 1.5000378
5.8969407 0.6774508
13.0811844 -1.8661528
12.9704189 -0.9768258
14.0576277 -2.5340366
14.4009228 -1.8407345
20.9503269 -1.3595723
21.0784969 -4.4662514
31.8160820 -4.0064659
27.6832428 -2.0273252
22.6065311 -0.7495792
-3.1330726 -1.2066938
-2.6600943 2.2531161
1.8386331 4.0112901
-1.1122241 0.8351530
-0.7634122 0.0926954
0.9496316 0.5769221
-0.6605224 -0.5756201
-0.4998593 -0.6510711
0.2131578 -0.8531420
-0.4486677 -0.9292412
-0.5687218 -1.0410092
-0.3052706 -1.2752512
-0.7529018 -1.1041716
-0.9200196 -1.1374763
-0.8413625 -1.3344338
-1.0636822 -1.1273767
-1.1873250 -1.0953479
-1.1998647 -1.2429986
-1.3000253 -1.0408580
-1.3906462 -0.9672193
-1.4520314 -1.0709882
-1.4785441 -0.8937443
-1.5442495 -0.7889246
-1.6342621 -0.8578703
-1.6189759 -0.7008025
-1.6686828 -0.5767612
-1.7759367 -0.6188132
-1.7446011 -0.5042320
-1.9513744 -0.3674738
-2.0650585 -0.3867344
-2.4870536 -0.2681141
-1.4471532 -0.0934726
-1.6098756 -0.0988953
0.0000000 0.0000000
0.0000000 0.0000000
-8.2464685 0.4596197
-8.9178190 0.4434370
-10.3447380 0.9053279
-8.5944262 1.3714758
-8.9587231 1.3208246
-8.0940609 1.7350968
-8.0998316 2.2316780
-8.5773144 2.1969135
-8.1304359 2.6927223
-8.1219616 3.2081444
-8.6533356 3.1762955
-8.2485952 3.7243440
-8.5899134 4.4347062
-9.3456545 4.4412212
-8.9691381 5.0838370
-8.8898125 5.8110914
-9.2286072 5.6366901
-8.0631676 6.0862255
-6.7426152 5.9290514
-6.3395457 5.3971190
-4.8397560 5.5536113
-2.6207952 4.8245478
-1.8466911 3.9783857
-0.4716175 3.9865813
1.5100385 3.2851989
2.2694297 2.4503117
3.5035641 2.4102280
5.5393100 1.7319671
6.3201103 1.0450766
7.5378146 0.9231021
7.5106845 0.1123438
9.0979919 -0.3159730
15.6830559 -2.8033662
15.8281317 -2.6832380
16.8846340 -2.3707268
16.4767303 -4.1061149
23.3078938 -7.9869142
29.5356712 -8.6745977
35.3319016 -4.3902445
-1.9825258 -1.9051942
-0.4299661 -1.8579240
5.0073142 0.2517061
4.8073244 2.4652972
1.4203279 -3.8022730
1.3751639 -1.3199463
0.5903749 -1.3028663
1.0276666 -2.2263081
0.2455911 -1.6419265
0.0215024 -1.6605039
0.3182891 -2.1891816
-0.1836881 -1.7430133
-0.4490337 -1.7119197
-0.3506145 -2.0771723
-0.7409305 -1.7018861
-0.9703412 -1.6214392
-0.9841608 -1.8787875
-1.1792655 -1.5581077
-1.3351015 -1.4394174
-1.4118873 -1.6176932
-1.4847565 -1.3452551
-1.5915602 -1.2048320
-1.7012186 -1.3245256
-1.7007924 -1.1028339
-1.7731123 -0.9451607
-1.9002861 -1.0221320
-1.8606237 -0.8406521
-1.9125460 -0.6727479
-2.0493913 -0.7185512
-1.9891891 -0.5839974
-2.1811631 -0.4122714
-2.3174078 -0.4333153
-2.7658002 -0.3064134
-1.7970169 -0.1070724
-1.9832132 -0.1138066
0.0000000 0.0000000
0.0000000 0.0000000
-9.5632591 0.4273275
-10.1884298 0.4101183
-10.9250278 0.8628590
-9.3309250 1.2636988
-9.7134428 1.2090957
-9.0248919 1.6491573
-9.0395632 2.1453326
-9.4979134 2.0872765
-9.1072578 2.6021595
-9.1706448 3.1142642
-9.6921864 3.0360880
-9.4515524 3.6367908
-10.0827045 4.3840647
-10.7480011 4.2840490
-10.2470980 4.8928289
-9.4082508 5.2517028
-9.2830324 4.8132892
-7.8439560 5.1178012
-5.8291650 4.6072941
-5.1446571 3.8923960
-3.4145527 3.9338329
-1.0052001 3.1558380
-0.3063801 2.2840128
0.9873983 2.3897533
3.0161815 1.6668253
3.6968222 0.8928844
4.9418530 0.7603563
7.0092502 0.2334057
7.6590986 -0.5888378
8.5927382 -0.4235454
10.1676340 -1.2924192
11.9130449 -2.3617904
16.8563766 -3.0845480
17.2272930 -2.4704187
18.2193184 -1.9204462
24.2816563 -9.5158672
30.5873394 -11.9268303
31.7312851 -10.0420427
19.0997524 -4.6330838
4.5870800 -1.7155447
3.5820127 -5.3178387
3.0441957 -5.1997933
2.5942290 -4.0894752
2.0823364 -5.4656811
1.4890817 -3.6837533
0.6455277 -3.4867716
0.5520703 -4.4968729
0.2072393 -3.2983496
-0.0798408 -3.0056324
-0.1672821 -3.6577756
-0.3468817 -2.8114021
-0.6326092 -2.5781815
-0.7365258 -3.0028827
-0.9620469 -2.4282603
-1.2139285 -2.2099485
-1.3571880 -2.4945729
-1.4574944 -2.0607719
-1.6222630 -1.8390536
-1.7860307 -2.0279851
-1.7887607 -1.6896968
-1.8948046 -1.4697692
-2.0656683 -1.5901501
-2.0101943 -1.3331201
-2.0774362 -1.1135578
-2.2484889 -1.1877009
-2.1659620 -0.9895011
-2.2132745 -0.7731404
-2.3829989 -0.8157684
-2.2895181 -0.6672083
-2.4555101 -0.4588316
-2.6154861 -0.4780726
-3.0577872 -0.3440128
-2.1932740 -0.1226442
-2.4040675 -0.1295958
0.0000000 0.0000000
0.0000000 0.0000000
-10.7873125 0.3917815
-11.3594370 0.3732249
-11.3549767 0.8089306
-10.1029139 1.1514086
-10.4907379 1.0957845
-9.9303207 1.5449116
-9.9408998 2.0129898
-10.3703423 1.9369025
-10.0447779 2.4460196
-10.2113810 2.9437501
-10.7163200 2.8611667
-10.6436615 3.4142847
-11.3679142 4.0944567
-11.7368412 3.8607175
-10.8494406 4.3298311
-9.0637989 4.2197580
-8.6316566 3.6767111
-6.9951019 3.7803133
-4.3617024 3.0851200
-3.4623122 2.3475773
-1.8357208 2.2491410
0.3795711 1.5967450
1.1662402 1.0177943
2.3565607 1.0221767
4.4387751 0.2792905
5.1515055 -0.3224488
6.3828745 -0.5321851
8.5342531 -1.2093267
9.3760300 -1.7313722
10.1626940 -2.2461584
12.7708731 -3.5635798
13.8406096 -3.7460158
17.2112427 -2.7200823
18.6521072 -4.3652210
25.1183033 -12.1843977
33.8516464 -10.9714689
34.7066879 -9.0788937
22.0328732 -9.8220758
5.8541660 -5.7555366
4.6221118 -5.3697047
6.1652665 -5.2833600
2.9663603 -6.0537076
1.6969557 -6.1525154
1.9927931 -6.7304807
0.6861814 -5.7671442
-0.1648584 -5.4958067
-0.3821332 -6.2529168
-0.5790678 -4.9392042
-0.8345651 -4.4246736
-1.2212374 -5.0475321
-0.9867659 -3.9527907
-1.1916302 -3.5118103
-1.5032973 -3.9250636
-1.4750201 -3.1995523
-1.6973885 -2.8252590
-1.9789010 -3.0945363
-1.9368824 -2.5767395
-2.0787306 -2.2450178
-2.3380632 -2.4139192
-2.2323143 -2.0332856
-2.3151989 -1.7261565
-2.5532770 -1.8274072
-2.4171104 -1.5550267
-2.4641039 -1.2689712
-2.6808543 -1.3271992
-2.5383368 -1.1267459
-2.5726495 -0.8620999
-2.7735207 -0.8931306
-2.6444163 -0.7407492
-2.7739704 -0.4987247
-2.9566052 -0.5116115
-3.3551118 -0.3748557
-2.6357231 -0.1375440
-2.8684433 -0.1432928
0.0000000 0.0000000
0.0000000 0.0000000
-11.9044695 0.3528602
-12.4239616 0.3340246
-11.6696463 0.7480940
-10.8773413 1.0374193
-11.2556438 0.9810063
-10.7620344 1.4167873
-10.7844286 1.8522038
-11.1863604 1.7662259
-10.9351301 2.2487690
-11.2188921 2.7535653
-11.6795788 2.6481841
-11.6750584 3.0532520
-12.0603132 3.6048825
-12.1845512 3.4041240
-10.6637888 3.5838559
-8.1797791 3.1046879
-7.5235453 2.6254959
-5.7621107 2.6124027
-2.7024317 1.6042782
-1.6749648 1.0675765
-0.7691337 0.9876628
1.6877922 0.2452912
2.6522260 -0.3442036
3.7005396 -0.3726633
5.7738590 -1.1134282
6.5177069 -1.8621613
7.6570663 -1.6214666
9.8963013 -2.1728444
10.2097635 -2.8975432
11.9572735 -3.8804362
14.9660177 -2.9652746
16.6406651 -3.0563989
27.1983280 -11.8570948
33.8457642 -16.1228638
35.5923882 -13.9277582
28.3739853 -10.3794270
14.8966084 -8.0351763
11.4256010 -8.9024811
9.9183149 -6.4719210
6.8270946 -6.9354453
6.5017052 -8.1188507
4.1827402 -7.6140313
2.0113158 -7.6094394
1.5210258 -8.2780571
0.1846861 -7.4749913
-1.1190060 -7.1489305
-1.5353080 -7.8105550
-1.7985089 -6.4709415
-2.0732195 -5.7943377
-2.7669926 -6.3819647
-2.1002707 -5.0575128
-2.1455927 -4.4006071
-2.7136497 -4.7562051
-2.2882147 -3.9138875
-2.4322319 -3.3819292
-2.8457124 -3.5919960
-2.6282122 -3.0347154
-2.7104030 -2.5939071
-3.0640295 -2.7101302
-2.8188562 -2.3269742
-2.8541155 -1.9297247
-3.1559956 -1.9888474
-2.9180357 -1.7331336
-2.9290473 -1.3824449
-3.1862776 -1.4098713
-2.9725797 -1.2281271
-2.9834399 -0.9214116
-3.2081623 -0.9315216
-3.0437064 -0.7891994
-3.1308651 -0.5220729
-3.3305552 -0.5232347
-3.6442134 -0.3920031
-3.1153085 -0.1483918
-3.3627186 -0.1512268
0.0000000 0.0000000
0.0000000 0.0000000
-12.9081020 0.3146328
-13.3750324 0.2938024
-11.8973169 0.6745974
-11.6224432 0.9279231
-11.9816542 0.8657314
-11.5028391 1.2628121
-11.5626879 1.6824400
-11.9382544 1.5932578
-11.7647791 2.0064151
-12.1517210 2.5653212
-12.5878592 2.4769707
-12.5214348 2.6767247
-12.2667465 3.1989384
-12.1770811 2.8973768
-9.8448591 2.9444482
-6.8847275 2.1249423
-6.1397295 1.6519064
-4.2683201 1.7398031
-1.0461383 0.4647267
-0.1320647 -0.0210907
0.3117529 0.2598412
3.3632257 -1.0315329
4.3337383 -1.6277453
5.3138084 -1.9568628
7.2953434 -2.6417899
8.0203943 -3.1873617
8.8627520 -2.6623182
10.8947010 -3.8151724
11.5113449 -5.0021811
13.7378893 -4.4743772
19.8283348 -6.4419322
30.0125618 -15.3050833
36.6421852 -14.9795523
38.1796036 -14.4468241
30.8176937 -12.0938425
19.4739170 -9.8868608
10.1259623 -7.9707527
11.6614475 -7.3308430
10.0345869 -7.5682483
7.0538878 -8.0810652
7.2860303 -8.0750504
4.7039638 -8.2215300
2.1932857 -8.3457108
1.5430919 -8.4206114
-0.0849698 -8.3764505
-1.9676962 -8.2627993
-2.4834893 -8.4232874
-3.1720781 -7.5967693
-3.7011747 -6.9609718
-4.5291624 -7.3625164
-3.7076128 -5.9955249
-3.5388215 -5.1554699
-4.3913789 -5.4565535
-3.3958097 -4.4622993
-3.4013877 -3.8064063
-3.9341781 -3.9202046
-3.5198071 -3.3640466
-3.5055952 -2.8156090
-3.9396071 -2.8425951
-3.5330148 -2.5182011
-3.4956582 -2.0318720
-3.8472176 -2.0246074
-3.4957910 -1.8288655
-3.4560797 -1.4228545
-3.7398806 -1.4035410
-3.4521956 -1.2670286
-3.4282625 -0.9315979
-3.6654086 -0.9113380
-3.4670002 -0.7958894
-3.5135384 -0.5184398
-3.7201288 -0.5039078
-3.9072018 -0.3884661
-3.6136606 -0.1519947
-3.8612165 -0.1501403
0.0000000 0.0000000
0.0000000 0.0000000
-13.7879829 0.2730546
-14.1970482 0.2450213
-12.0624275 0.5926098
-12.3123188 0.7997960
-12.6339092 0.7235373
-12.1558990 1.0888963
-12.2939787 1.4981771
-12.6576061 1.3736115
-12.5930395 1.7604997
-13.0045729 2.3880153
-13.4018621 2.2421813
-12.9648418 2.1198723
-11.9556589 2.5320356
-11.5876551 2.2656105
-8.6384516 2.1347163
-5.4381037 1.1517619
-4.6669712 0.7053454
-2.7204947 1.0020365
0.5809919 -0.4086461
1.3507668 -0.9708083
2.1217122 -0.5921556
5.0893602 -2.0231719
5.8650508 -2.2780712
6.8770609 -3.0236800
8.8212156 -3.5681794
9.7552233 -3.6939409
10.5097609 -4.4413042
13.3102655 -5.8086820
16.2189903 -6.3942261
21.8830566 -10.3023510
29.5890694 -12.7584906
34.0607262 -14.5357838
34.1289177 -12.3771458
30.6472855 -10.6734629
21.5805664 -8.7357216
13.5467234 -7.4879708
11.5770845 -6.9514041
12.0951424 -6.3318248
9.9237204 -7.4282913
7.3599620 -7.5188899
7.6548152 -6.6762867
4.9733849 -7.5823822
2.5507922 -7.8548131
2.3659296 -7.2231064
-0.0575894 -8.0380373
-2.3741183 -8.1456289
-2.6534710 -7.7189479
-4.1300201 -7.8350892
-5.2623186 -7.5678082
-5.9399753 -7.4531736
-5.6213989 -6.5310488
-5.3854055 -5.7091594
-6.4631853 -5.9034820
-4.8242817 -4.7189512
-4.5890145 -4.0015326
-5.2349997 -3.9782147
-4.5710883 -3.4958065
-4.4272718 -2.8396115
-4.9297781 -2.7458129
-4.3353958 -2.5516086
-4.2053699 -1.9853185
-4.5826917 -1.8955023
-4.1165299 -1.8009996
-4.0142031 -1.3590273
-4.3041825 -1.2810748
-3.9481103 -1.2163221
-3.8809245 -0.8737985
-4.1124153 -0.8153570
-3.8833942 -0.7459270
-3.8979838 -0.4784908
-4.0977249 -0.4437487
-4.1270657 -0.3573390
-4.1012049 -0.1446323
-4.3303809 -0.1365565
0.0000000 0.0000000
0.0000000 0.0000000
-14.5176897 0.2169409
-14.8356447 0.1780918
-12.1930218 0.4836741
-12.9062786 0.6493519
-13.1863375 0.5498316
-12.7097511 0.8624024
-12.9609575 1.2578447
-13.3048201 1.1116194
-13.3811131 1.4498342
-13.7410889 2.1404560
-14.0894098 1.9816104
-13.0624647 1.6545637
-11.2190180 2.0361922
-10.7443933 1.7133001
-7.1860962 1.4751775
-3.8890092 0.3511945
-3.1494749 0.0130666
-1.2201903 0.3941942
2.1121900 -1.1355875
2.7843943 -1.4909737
3.9338789 -1.1573790
6.5143709 -2.4660196
7.0906587 -2.6535323
8.3777790 -3.0745564
10.5665445 -3.8862300
11.6315289 -4.3417821
12.9733944 -5.3870449
19.0235538 -7.0437717
20.8276558 -7.3291788
30.2753944 -11.3287010
34.4860611 -11.8497524
33.9212341 -9.8709888
28.8657513 -8.9037676
20.1466312 -7.3475113
16.7761364 -5.7863531
13.8337040 -5.6085839
12.3324661 -5.6959963
12.1281080 -5.1034598
10.0504522 -5.8984914
7.7262707 -5.7790413
7.7098818 -4.8384767
5.3447261 -6.0102854
2.8693552 -6.0944834
3.2502859 -5.0908189
0.4158101 -6.5297680
-2.0620220 -6.7949982
-1.9862169 -5.7975192
-4.4631138 -6.9005427
-6.1474600 -6.8629580
-6.4191604 -6.2567821
-7.1907539 -6.0279860
-7.4733086 -5.8518229
-8.4860630 -5.6403446
-6.5182791 -4.5912037
-5.9533372 -3.9143224
-6.6787262 -3.6914270
-5.7444644 -3.3557215
-5.4257879 -2.5851226
-5.9411697 -2.3390410
-5.1653681 -2.3686411
-4.9317341 -1.7536932
-5.3024516 -1.5595803
-4.7328191 -1.6130452
-4.5589266 -1.1673365
-4.8281560 -1.0206212
-4.4206247 -1.0528052
-4.3050785 -0.7333297
-4.5080733 -0.6316897
-4.2543826 -0.6259540
-4.2536521 -0.3945054
-4.4238629 -0.3382367
-4.2888088 -0.2942992
-4.5373445 -0.1221321
-4.7278581 -0.1060554
0.0000000 0.0000000
0.0000000 0.0000000
-15.0386686 0.1252605
-15.2159700 0.0692426
-12.3233633 0.3374915
-13.3719969 0.4340571
-13.5507812 0.2658579
-13.1862373 0.5587820
-13.5753460 0.9572455
-13.8977480 0.6964453
-14.2136450 1.0304247
-14.3191719 1.8120730
-14.5132685 1.4087849
-12.7815895 0.9051834
-10.1901588 1.3387079
-9.7122107 0.6515782
-5.7580805 0.8768339
-2.4009094 -0.3787299
-1.9815702 -0.7401783
0.2615049 -0.2353805
3.5385835 -1.6938021
4.0303755 -1.9979255
5.4910436 -1.8839358
7.8497405 -2.8167622
8.4888029 -3.0327706
10.1002655 -3.3372028
12.8766012 -4.6196489
13.7936668 -4.9870901
15.8896914 -5.3731508
25.3402309 -8.7421007
26.5211391 -8.4418430
32.1597481 -10.2413626
32.8389168 -10.4062071
31.4535294 -10.0182991
23.5181656 -7.5947099
15.0736322 -4.3375516
15.5748806 -3.6058307
13.9431314 -4.1435552
12.0425806 -4.2100382
12.0872192 -3.3621526
9.8247919 -3.9897854
7.6085987 -3.8605156
7.5768971 -2.9578097
5.4900045 -3.9383862
3.3104692 -3.9441669
3.5709679 -2.9494405
1.1069093 -4.3271418
-1.3613907 -4.5887733
-0.9047315 -3.4287450
-4.1997328 -5.2242670
-6.1730590 -5.3877597
-6.0778775 -4.5270853
-7.7314463 -4.5874476
-9.1522703 -5.2435889
-9.8303270 -4.7514148
-8.4463024 -3.7621779
-7.4379792 -3.3376601
-8.1680317 -2.8761148
-6.8778715 -2.9005561
-6.3809867 -2.0182414
-6.8681407 -1.6164924
-5.9526176 -1.9193674
-5.6022148 -1.3019725
-5.9155755 -1.0066921
-5.2867193 -1.2291207
-5.0358906 -0.8272247
-5.2499132 -0.6087400
-4.8178258 -0.7571575
-4.6553750 -0.5006379
-4.8021083 -0.3529844
-4.5368805 -0.4277708
-4.5379310 -0.2674660
-4.6470795 -0.1847777
-4.3905101 -0.1958505
-4.8771744 -0.0807108
-4.9962797 -0.0586094
0.0000000 0.0000000
0.0000000 0.0000000
-15.2470226 0.0101463
-15.2496691 -0.0580770
-12.4453096 0.1246592
-13.6163368 0.0772361
-13.6477852 -0.1635423
-13.5343418 0.1269095
-14.0960321 0.3891665
-14.3044481 -0.0142056
-14.9119740 0.4275962
-14.5520821 0.9320187
-14.6391096 0.4391119
-12.0704985 -0.0309669
-9.0414934 0.1755671
-8.6491880 -0.1472097
-4.5177360 -0.1504428
-1.2343302 -1.1084991
-0.9655783 -1.5191236
1.5089090 -0.7043504
4.7280078 -2.1815186
5.0954680 -2.5161595
6.7199016 -2.4932969
9.2103214 -3.2145770
9.9452019 -3.3431935
11.9512138 -4.1192484
15.2818432 -4.9275656
16.2467518 -4.5703626
19.8409386 -6.0483546
28.2287788 -8.4437571
31.7076073 -8.2486782
30.9792061 -5.7522960
27.6748199 -4.6563811
23.4476109 -4.5394626
18.6592140 -4.8551250
14.5888739 -3.3299148
14.0277538 -2.9171498
13.7270002 -3.2791369
11.6439438 -2.7769485
11.1158772 -2.0415530
9.3794298 -2.5088789
7.4066954 -2.1666803
7.2476416 -1.2750568
5.4958129 -2.1903725
3.5520964 -2.0771213
3.7969875 -1.2314038
1.3489367 -2.2606432
-0.5712130 -2.3340077
-0.2994739 -1.2692670
-3.2960291 -2.9792376
-5.6836538 -3.2938087
-5.4212708 -1.8863635
-7.5865574 -2.1888747
-10.2162228 -3.6354425
-10.2499628 -2.2447374
-10.0377617 -2.4667194
-8.8133383 -2.3469005
-9.5217152 -1.6209562
-7.9103045 -1.9803164
-7.2128234 -1.1021581
-7.5447249 -0.5610355
-6.5973353 -1.1399246
-6.1292872 -0.6321509
-6.3379803 -0.2230476
-5.7027116 -0.6338787
-5.3766894 -0.3370370
-5.4952564 -0.0487480
-5.0861545 -0.3271953
-4.8778682 -0.1710431
-4.9387364 0.0194404
-4.6964054 -0.1518337
-4.6974940 -0.0854115
-4.7197056 0.0198999
-4.4367747 -0.0589124
-5.0654383 -0.0292827
-5.0904961 -0.0019120
0.0000000 0.0000000
0.0000000 0.0000000
-15.0739460 -0.1368579
-14.8215952 -0.2171174
-12.3986673 -0.1845742
-13.5572557 -0.4466397
-13.3878918 -0.7752108
-13.6359711 -0.5503650
-14.3443604 -0.4345876
-14.4129925 -0.9797789
-15.3489666 -0.6030397
-14.5262518 -0.0266214
-14.6698008 -0.7004630
-11.5553427 -0.8028767
-8.2321472 -0.6619608
-7.8020525 -1.2994155
-3.6633554 -0.7571459
-0.1168836 -1.6146108
-0.4415163 -2.5649419
2.8998675 -1.3966821
5.7187462 -2.5908387
5.6905022 -3.1286573
7.8185506 -2.5748520
10.4269667 -3.5522451
10.9059668 -3.8627779
12.8076134 -3.8733268
16.9808960 -4.1988873
17.1295013 -3.7016807
24.6338310 -6.7021031
29.1806068 -9.1016617
32.7897873 -9.1647959
30.6677132 -9.4975920
23.8521690 -7.9953804
19.0766621 -4.7110753
15.2127075 -3.5836775
13.6809502 -2.5198460
13.5924759 -2.5290742
12.6200342 -2.2128165
10.6200161 -1.4175084
10.0019331 -0.7896121
8.5182896 -1.0700210
6.8945479 -0.3250851
6.5284910 0.5862880
5.5624256 -0.7812780
4.0381351 -0.3376441
4.3360624 0.6603545
1.0696754 -0.5502770
-0.7999367 -0.3626538
-0.1978137 0.3685162
-2.8412800 -0.6445320
-5.1844292 -0.8038530
-5.0035505 -0.0194873
-7.3184657 -0.3907650
-9.9292488 -1.0420249
-9.7704897 -0.0003543
-11.1228571 -0.0172316
-9.9657640 -0.5278808
-10.1968279 0.6559592
-8.5801907 -0.4983492
-7.7138419 0.0940051
-7.8532524 0.7721470
-6.9896855 -0.0153729
-6.4070210 0.2547370
-6.4484754 0.7429813
-5.9039898 0.1708159
-5.5101399 0.2891040
-5.5005665 0.6300864
-5.1672406 0.2207176
-4.9209523 0.2438264
-4.8763952 0.4663105
-4.6984835 0.1871376
-4.6854348 0.1457824
-4.6142783 0.2702334
-4.3856220 0.1063804
-5.0628490 0.0298215
-4.9863791 0.0595719
0.0000000 0.0000000
0.0000000 0.0000000
-14.4011831 -0.3263187
-13.8117018 -0.4211075
-11.9615641 -0.5913336
-13.1107531 -1.1888095
-12.6267433 -1.5977110
-13.3450632 -1.4262092
-14.2292833 -1.6839265
-13.8858480 -2.4131942
-15.5139408 -2.1780314
-14.6462250 -1.8445989
-14.3026352 -3.3369339
-11.2257223 -2.6242602
-7.0648937 -2.5188205
-6.9225783 -3.9555073
-2.7861421 -2.6292279
0.3706805 -3.1920803
-0.4466289 -4.2639556
3.8655853 -2.9934075
6.4423671 -3.2706454
6.6345072 -3.9601986
8.6689253 -3.2723424
11.0450735 -4.2055964
10.9607449 -4.1334562
12.6074123 -2.8427367
19.1329250 -4.7871022
20.9430866 -5.6381016
30.2855301 -7.4357719
34.9306335 -5.6713285
29.3694935 -3.0349424
24.8280277 -4.4594970
17.7375259 -4.7423439
15.6980934 -4.7392988
13.6598959 -3.4986701
12.1593084 -2.3611767
10.8656340 -2.0212379
11.1062193 -1.3916326
9.1501045 -0.3355915
8.1104994 0.0984995
7.4001846 0.4704137
5.8575740 1.0209399
5.5344467 1.1974399
5.7695379 0.4983987
4.2694721 1.4716258
3.1074255 2.3914549
1.5032716 1.1552324
-0.6956323 1.4422874
-0.6447025 2.8046803
-2.4190433 1.4707996
-5.2566929 1.2441777
-5.1610932 3.2996492
-7.4959235 1.7777786
-10.2411804 1.1831623
-10.4834318 2.9296265
-11.2529593 1.8376707
-10.0732031 1.8479290
-10.1299896 2.7720382
-8.7292738 1.4882321
-7.7557096 1.5520586
-7.6316786 2.2840099
-6.9678216 1.2908800
-6.3452501 1.2886013
-6.1935740 1.8129531
-5.8061566 1.0785512
-5.3835096 1.0111251
-5.2152209 1.3780630
-5.0151005 0.8341349
-4.7527361 0.7174137
-4.5787377 0.9591919
-4.5103502 0.5663904
-4.4877629 0.4128884
-4.3060322 0.5458099
-4.1715240 0.2848529
-4.8534656 0.0926930
-4.6667209 0.1239220
0.0000000 0.0000000
0.0000000 0.0000000
-13.1090212 -0.5270886
-12.1599169 -0.6177728
-10.9800625 -1.0974472
-12.0722923 -2.0708823
-11.1878567 -2.4850175
-12.3961935 -2.5102782
-13.4670849 -3.4296658
-12.4800663 -4.2570038
-14.5989513 -4.0048099
-13.8954210 -4.5826812
-13.5522461 -5.6335516
-10.7645741 -5.8758655
-6.4171824 -4.7324657
-7.4888391 -5.3861003
-2.5964484 -4.4551558
0.2060034 -4.7776637
-1.5975827 -4.8636446
3.7337174 -4.4087701
6.5650530 -4.5514717
5.8856072 -4.0579572
8.8267717 -3.7992523
10.8643036 -3.8651264
10.8313742 -4.0582047
15.2259760 -3.4887383
19.1741447 -4.7693496
24.6724434 -6.7880931
32.9766235 -10.5167913
34.6056557 -10.4450731
32.4955292 -11.0074024
23.4071884 -8.1800070
12.4177828 -2.5243342
14.0412750 -3.0032997
10.9057846 -1.9753524
9.9313126 -1.2146188
9.1509752 -0.4777924
9.0081291 -0.1856501
7.4583645 0.5893606
6.6221623 1.0832502
6.7108030 1.2311600
5.3867126 1.6135414
5.1299376 2.7540703
4.5561752 2.1596298
2.8827133 3.1081550
2.4122460 4.3476472
1.2684882 3.3968194
-0.8323323 3.8959384
-1.5697011 5.0462193
-3.0228038 4.2441206
-5.0662241 4.1898417
-5.1582184 5.3087773
-7.7129617 4.9096432
-9.9768877 4.9589739
-10.2466803 6.6992488
-11.2581663 4.6649046
-9.5282049 4.1055346
-8.8549089 5.1527352
-8.1141329 3.4083877
-7.3044710 3.1119900
-6.8148475 3.8791926
-6.5013666 2.6822257
-5.9159031 2.3740325
-5.5475163 2.9095340
-5.3686090 2.0338426
-4.9680033 1.7652678
-4.6478519 2.1335578
-4.5992408 1.4735944
-4.3506494 1.2118249
-4.0486326 1.4494987
-4.1029091 0.9600790
-4.0868506 0.6828944
-3.7853780 0.8114225
-3.7767153 0.4696016
-4.4211378 0.1597237
-4.1285558 0.1833538
0.0000000 0.0000000
0.0000000 0.0000000
-11.1682158 -0.7218894
-9.7853279 -0.8363173
-9.4574966 -1.6665397
-10.3274527 -2.8978601
-9.1291428 -3.3285074
-10.6288223 -3.7599232
-11.5115156 -5.0943317
-10.1363325 -5.7324638
-12.5002956 -6.0863709
-13.0574560 -7.0625172
-11.7500715 -8.3305321
-11.7315168 -8.5014915
-6.5550079 -6.4011655
-7.1295390 -10.0452194
-3.5542169 -6.1069317
-0.3822879 -6.3948889
-0.6394416 -8.1966543
3.1240447 -6.1026082
5.2967029 -5.9668317
4.6176877 -7.0444870
8.1248636 -4.2350502
11.3903894 -5.2767830
13.4444075 -7.6822300
18.9467049 -7.7343569
26.4687347 -9.9819174
30.6355438 -9.0700493
30.6193733 -6.1842971
25.8172379 -2.6301637
19.7012882 -1.3852706
18.2250004 -2.3711538
11.6034126 -2.1556077
8.0711222 -0.3937343
9.6389551 -0.0347362
8.1091337 0.2142034
6.3234468 1.1596328
7.7657290 1.8056406
6.0899391 2.0238538
4.3941760 3.3601160
5.1565199 3.1028159
3.9535098 3.9773629
2.5347362 5.2428894
2.6210556 4.8835640
1.3999916 6.3576465
1.1848941 8.6821432
0.1463374 7.2905502
-1.4119781 7.3819237
-1.3183297 10.2260103
-3.4446146 7.7580318
-6.1425886 7.6808133
-7.6802950 10.7187386
-8.8750248 8.6052656
-9.4668131 8.7096739
-8.7895908 9.6672487
-9.1550665 7.4343433
-8.0348835 6.1469650
-6.5708704 6.9754229
-6.8707738 5.2253947
-6.2658248 4.5075579
-5.3754845 5.1919575
-5.5902247 3.9265878
-5.0999885 3.3727365
-4.4834690 3.9147046
-4.6233373 2.9185324
-4.2694311 2.4668820
-3.7754896 2.8533680
-3.9340310 2.0701005
-3.7073910 1.6761760
-3.2824638 1.9290931
-3.4773703 1.3246051
-3.4838505 0.9324349
-3.0800419 1.0816344
-3.1727781 0.6563264
-3.8103030 0.1829112
-3.3754387 0.2475641
0.0000000 0.0000000
0.0000000 0.0000000
-8.4805012 -0.9960417
-6.5394840 -1.1625912
-7.3392887 -2.3635035
-8.0075350 -3.9194870
-6.3379803 -4.6225033
-8.2898083 -5.0056982
-9.0043545 -6.5774589
-7.3159351 -7.6333914
-9.5718584 -7.9576721
-10.2858829 -9.7914743
-7.9831486 -10.7511263
-10.4679146 -12.1941233
-8.0018139 -13.1445923
-5.8514361 -14.1973515
-4.9175344 -13.6412859
-2.1044021 -11.7294245
1.1241858 -15.2088757
0.5769897 -10.4872446
2.6151710 -10.4652433
4.9950342 -14.2915812
8.1893616 -10.6420765
15.2772055 -10.5361137
13.9887543 -14.1376610
19.8755360 -11.8113804
22.2375526 -11.4450903
23.7341156 -10.1394033
25.9161663 -9.8952246
25.0698147 -5.8062887
18.7719517 0.1072491
12.4217348 -0.8851304
8.5187798 2.7338500
7.9530683 4.9315658
6.9403410 4.1104198
5.9137630 4.0487070
5.5808110 7.6460061
5.3849869 5.7397013
4.2446637 6.6882758
3.3830483 9.7181540
3.6723921 7.7411380
1.4563534 8.1084499
-0.0936157 11.8044529
-0.7267814 8.8806028
-0.6216680 10.3788080
-2.2898455 12.4785633
-1.0694079 11.1338730
-1.6775529 11.4946527
-1.5012305 14.2135916
-3.9595492 12.4761658
-7.3114376 13.1966743
-6.5110059 14.6127987
-8.0650988 12.2481585
-7.3850431 10.5173531
-5.6962538 11.2929792
-6.0807724 9.1302166
-5.5687675 7.7223978
-4.8613553 9.2606316
-5.2073326 6.8454967
-4.7614212 6.0700426
-3.9696722 7.5330300
-4.3205018 5.2997656
-3.9534059 4.6553826
-3.0833573 5.7746997
-3.5794516 3.9861979
-3.3041904 3.3743126
-2.5156236 4.1838312
-3.0297740 2.8200419
-2.8554354 2.2722008
-2.1879954 2.8233202
-2.6740861 1.7754587
-2.6533411 1.3323981
-2.1206825 1.6540686
-2.4161055 0.8477436
-2.9182687 0.3823109
-2.3636055 0.5078261
0.0000000 0.0000000
0.0000000 0.0000000
-4.7876663 -1.2540920
-2.6113715 -1.2640604
-4.2861300 -3.2541025
-4.7518315 -5.2871332
-2.8263309 -5.6234593
-5.1535578 -6.9963012
-5.8227077 -8.9475784
-3.6514244 -10.2790098
-6.2544250 -10.6788979
-6.5752997 -12.5249462
-4.4288936 -15.6811762
-6.4739447 -14.1078300
-6.2922397 -15.6275816
-4.5176096 -19.1220608
-5.0121231 -17.7450733
-2.4048803 -18.8347454
-3.5882156 -19.6037521
1.3265790 -18.5127125
3.2863641 -18.5261440
1.1424289 -19.6397820
7.5010848 -16.8056831
14.6338263 -14.6250725
5.7692161 -16.8167782
16.2970581 -8.5534840
15.2841797 -1.9904751
12.9683628 -7.1548128
14.5590611 1.9434597
11.8981848 6.9172535
14.1488428 4.1516371
9.0208702 5.5340910
5.0114799 8.3733778
3.6508744 13.4075222
3.2109320 11.6468706
3.6510060 12.1685247
3.8181565 14.9883604
3.2115448 12.9825430
1.9486170 13.7332964
3.2551067 17.5672646
1.1565682 14.8148909
-0.3110587 17.0267048
0.7119656 19.8588715
-2.7635441 18.6698551
-3.1320257 18.3273468
-0.8237885 19.2910900
-2.2462239 17.9716511
-2.8639975 17.8724747
-2.0491698 21.0355988
-4.7340093 17.4003601
-5.1547794 16.1368656
-3.0320051 19.9070683
-4.9730663 14.8009682
-4.6103945 13.4924803
-2.6467183 16.7667351
-4.1331477 12.6775608
-3.8618493 11.6303043
-2.1201003 12.9572010
-3.3502314 10.4379549
-2.9260178 9.1235142
-1.5021974 9.5513201
-2.4878953 7.9036083
-2.1945233 6.7769427
-1.1207461 7.0020561
-1.9532074 5.7274179
-1.7844485 4.8277535
-0.9115043 4.9960933
-1.6597382 3.9537423
-1.5704705 3.2230923
-0.8021194 3.3200719
-1.5157673 2.4568610
-1.5439050 1.8654404
-0.7463452 1.9164442
-1.4566034 1.0497694
-1.5126604 0.5374404
-0.7902427 0.3870399
0.0000000 0.0000000
0.0000000 0.0000000
-0.6227578 -1.0640663
0.0000000 0.0000000
-0.7038252 -2.1870511
-0.8608896 -3.7280238
0.0000000 0.0000000
-0.9716868 -5.2471814
-1.2485650 -7.3285317
0.0000000 0.0000000
-1.3506045 -9.3477097
-1.7269942 -11.8415422
0.0000000 0.0000000
-1.7213221 -14.9277868
-1.4854335 -17.5443993
0.0000000 0.0000000
-0.7170010 -20.3775864
-0.3199496 -22.4213600
0.0000000 0.0000000
0.8897857 -22.3032532
2.0541131 -22.1304169
0.0000000 0.0000000
3.3975191 -17.9111881
3.4750865 -14.3393173
0.0000000 0.0000000
2.9936967 -7.5831227
3.1015329 -0.6203329
0.0000000 0.0000000
3.2086508 4.2524495
3.2192388 13.6021147
0.0000000 0.0000000
1.8191619 16.9342346
1.2721572 20.1240101
0.0000000 0.0000000
0.8005486 22.2055149
0.5788793 23.6147842
0.0000000 0.0000000
0.1837474 25.9943466
-0.5437635 26.8449478
0.0000000 0.0000000
-0.9696373 26.4298458
-1.2925761 24.8612785
0.0000000 0.0000000
-1.4420874 25.3580933
-1.4895182 22.4167957
0.0000000 0.0000000
-1.3814738 21.3216457
-1.6237649 19.1112652
0.0000000 0.0000000
-1.8080288 16.7117462
-1.6026176 14.1494989
0.0000000 0.0000000
-1.3506140 11.8089447
-1.1634628 9.7832451
0.0000000 0.0000000
-0.8614413 8.0696678
-0.6119938 6.6210775
0.0000000 0.0000000
-0.4647930 5.6195946
-0.3628931 4.7559180
0.0000000 0.0000000
-0.2850814 4.0813532
-0.2381583 3.5262911
0.0000000 0.0000000
-0.2198943 3.0191183
-0.2054779 2.5944605
0.0000000 0.0000000
-0.2060546 2.1531930
-0.2000529 1.7556186
0.0000000 0.0000000
-0.2058847 1.3669910
-0.3075263 0.7052988
0.0000000 0.0000000
-0.0462977 0.7447194
-0.6920993 -0.4390404
0.0000000 0.0000000
0.0000000 0.0000000
9.231928
9.86178
11.72668
11.25525
8.050716
4.462934
0.4497738
-4.35672
-11.5851
-24.35017
-51.31683
-111.1813
-190.8723
39.3991
-28.62132
15.25064
25.46237
28.85557
28.5324
27.21162
25.62759
24.12253
22.90724
22.00532
21.32172
20.97195
9.091422
9.346397
10.8575
10.19353
7.216825
4.063874
0.453428
-4.013824
-10.53444
-21.48105
-44.00453
-115.5588
-148.8703
45.95274
-32.39892
14.63491
24.23585
28.45882
28.46173
27.07961
25.45795
23.96997
22.76418
21.8829
21.19157
20.9273
7.602004
7.742937
8.492845
7.381822
5.332231
2.978571
-0.09660766
-3.764249
-8.387281
-14.57251
-22.21958
-35.58712
-71.17651
26.44441
3.079213
26.04109
31.09809
29.39079
28.16634
26.51392
24.83914
23.35479
22.14013
21.25777
20.60952
20.40516
5.943847
6.072298
5.745686
4.634563
3.03319
1.088699
-1.417195
-3.985516
-6.331353
-7.978507
-9.3067
-19.47694
25.14592
70.77304
-9.950702
2.767474
26.80752
28.72031
27.23724
25.44166
23.76426
22.29896
21.10046
20.24495
19.69085
19.50088
4.054049
4.081716
2.73704
1.664155
0.1042761
-1.694351
-3.663901
-5.202341
-5.41294
-2.751538
5.526262
34.12757
54.41768
101.1872
14.23999
19.41834
26.795
27.49769
25.82715
23.94821
22.28361
20.85224
19.70648
18.90293
18.42314
18.23723
1.564666
1.421169
-0.6859669
-1.869732
-3.615257
-5.503291
-7.282109
-8.284058
-7.38271
-2.585782
7.037792
27.94168
12.34093
70.4212
52.45759
32.5538
27.43507
25.83424
23.9724
22.09091
20.45227
19.06494
17.99389
17.25454
16.8268
16.6427
-1.802943
-2.179903
-4.709349
-6.221697
-8.347199
-10.62499
-12.81085
-14.36486
-14.01108
-9.370652
0.4617855
11.99615
-6.760004
-29.90106
31.51121
30.05105
26.16855
23.89575
21.84124
19.92865
18.30736
16.97696
15.98575
15.30889
14.92119
14.74913
-6.17736
-6.8003
-9.491214
-11.51847
-14.27522
-17.43835
-20.99488
-24.47279
-26.12679
-22.74713
-14.74614
-3.309515
0.1345806
12.34347
11.51469
23.67041
23.70113
21.62626
19.41914
17.43808
15.83493
14.58331
13.68462
13.07124
12.72746
12.58071
-11.49404
-12.30486
-15.06311
-17.75206
-21.42057
-26.04418
-32.19994
-38.58449
-41.95812
-39.49173
-32.61304
-22.7812
-18.11177
-4.878626
34.45001
25.65876
21.93398
18.9339
16.52499
14.5163
12.96866
11.83531
11.05931
10.53788
10.25938
10.15495
-17.50652
-18.43166
-21.29326
-24.77695
-29.62325
-36.28248
-45.97132
-54.63788
-58.39226
-55.87999
-49.4014
-37.10803
-16.5407
28.4546
28.31551
22.29581
19.15213
15.6997
12.99714
10.98892
9.592952
8.668793
8.090197
7.718634
7.545158
7.477534
-23.83832
-24.85138
-27.88183
-32.21417
-38.37503
-47.58899
-60.18916
-69.2186
-72.36219
-70.16851
-64.00698
-56.21966
-52.56253
19.85318
15.73873
17.90976
13.72872
10.49152
8.151085
6.565251
5.57797
5.031195
4.760211
4.622503
4.596403
4.566406
-30.08944
-31.18999
-34.42041
-39.53119
-46.88052
-58.40034
-71.61484
-79.66634
-82.12241
-80.57356
-74.48863
-62.70413
-51.14233
1.133888
3.942841
6.768364
4.875944
2.879752
1.615216
0.984611
0.7831655
0.8635486
1.070739
1.274192
1.448526
1.461168
-35.78274
-36.99176
-40.43134
-46.13356
-54.27656
-66.74289
-78.26528
-85.06735
-87.97095
-88.4543
-87.5414
-70.86619
-13.68802
5.766623
-5.841615
-7.673508
-7.88384
-7.562185
-6.821148
-5.877383
-4.828928
-3.794354
-2.91071
-2.256711
-1.837242
-1.765796
-40.4672
-41.76239
-45.43294
-51.63411
-60.18567
-71.94295
-80.9487
-86.10662
-89.22594
-89.56265
-95.22411
-98.00678
-70.32436
-40.89357
-35.36568
-31.9945
-26.25723
-21.30122
-17.25584
-13.97316
-11.10778
-8.78842
-7.049482
-5.860361
-5.155396
-4.990965
-43.46971
-44.913
-48.92976
-55.74604
-64.84509
-76.09676
-82.15905
-84.53897
-86.43069
-85.86294
-91.05072
-85.52683
-76.32853
-74.63111
-70.30517
-64.28863
-51.07867
-38.16671
-29.52014
-23.01273
-17.73239
-13.84367
-11.12196
-9.337557
-8.311731
-8.021499
-44.03027
-45.80956
-50.44819
-58.38179
-68.71375
-79.01772
-82.46816
-81.70381
-81.12751
-81.39694
-81.54475
-94.37929
-96.93129
-101.4149
-102.3972
-96.25635
-80.31018
-57.43443
-43.09327
-32.40508
-24.21047
-18.57603
-14.78914
-12.38143
-11.03807
-10.60498
-41.0943
-43.4482
-49.27072
-59.17463
-72.20793
-82.45527
-83.70356
-80.71521
-76.44243
-72.49115
-80.11124
-110.4151
-114.7714
-120.1358
-123.7922
-120.2728
-107.0571
-79.67587
-56.73442
-40.93757
-29.81283
-22.46075
-17.62449
-14.60832
-12.9928
-12.45608
-33.51651
-36.116
-44.08596
-57.78259
-76.4989
-87.18955
-86.21595
-81.36343
-75.31101
-68.11536
-80.93263
-94.55129
-112.6307
-126.4874
-133.7186
-134.4711
-124.51
-99.90576
-69.31846
-47.36841
-33.73148
-24.88215
-19.17537
-15.65966
-13.79099
-13.22095
-20.28158
-23.30872
-34.11493
-53.07652
-77.89527
-89.8381
-88.38985
-80.78789
-74.09381
-73.44151
-88.14822
-97.67264
-113.7808
-128.0623
-138.1552
-141.44
-135.8794
-115.1005
-79.0585
-50.71798
-35.15368
-25.29254
-19.06207
-15.26628
-13.22023
-12.65123
-0.6670889
-4.180037
-17.51654
-42.847
-81.28884
-94.87526
-92.87493
-80.83898
-67.66332
-68.74046
-75.30279
-83.00234
-105.0118
-122.7555
-136.4466
-144.9889
-138.6901
-118.4923
-81.41954
-50.50754
-33.65289
-23.45724
-17.17187
-13.40541
-11.38324
-10.82883
25.17105
21.61551
7.518444
-22.5815
-76.26081
-91.77514
-91.96546
-81.21822
-65.43157
-49.05795
-91.32055
-95.0006
-104.5701
-118.8847
-132.3902
-143.1381
-142.3938
-122.5046
-76.62701
-46.05323
-29.36285
-19.47207
-13.61242
-10.20383
-8.426247
-7.944231
55.32429
52.05514
39.09815
12.20396
-46.37406
-78.58913
-82.61003
-76.41847
-68.62575
-41.67482
-59.0655
-74.20381
-95.8504
-113.6013
-129.0098
-140.3743
-134.0669
-109.1465
-63.5007
-36.94995
-22.50674
-13.93555
-8.958941
-6.153154
-4.730598
-4.458033
86.98681
84.10646
72.6591
49.45726
3.015718
-63.80558
-68.80949
-59.56885
-30.90958
-16.62966
-55.99431
-71.5625
-90.82484
-110.1431
-117.1605
-127.6832
-131.5124
-89.75811
-46.82094
-25.7851
-14.07119
-7.454117
-3.810461
-1.914469
-0.8841951
-0.3677524
114.6609
113.1059
104.9158
87.74329
55.83329
7.062917
-3.986918
31.78657
92.00224
122.3621
43.68629
-22.68215
-72.32433
-106.8756
-104.4282
-104.432
-93.64783
-60.31076
-35.33656
-17.24852
-6.73833
-1.562643
0.8411385
1.841619
2.154737
2.656977
131.2229
129.8638
125.1918
116.0865
94.86314
75.15554
100.052
192.3602
270.7044
249.1772
141.2203
34.7454
-32.87663
-81.78935
-85.91883
-86.83796
-66.36207
-41.51663
-24.26333
-11.95877
-4.283654
0.2632734
2.613104
3.549777
3.404406
2.649041
132.2692
131.9452
128.8319
123.7662
111.7218
100.511
136.1651
225.1518
326.9443
305.2722
198.7099
70.14246
-10.95606
-66.32108
-77.7604
-72.50362
-57.53193
-39.08045
-24.38782
-12.81522
-4.979323
-0.1554945
2.438985
3.576481
3.082531
0
