0.0000000 0.0000000
0.0000000 0.0000000
0.0000000 0.0000000
0.0000000 0.0000000
0.0000000 0.0000000
0.0000000 0.0000000
0.0000000 0.0000000
0.0000000 0.0000000
0.0000000 0.0000000
0.0000000 0.0000000
0.0000000 0.0000000
0.0000000 0.0000000
0.0000000 0.0000000
0.0000000 0.0000000
0.0000000 0.0000000
0.0000000 0.0000000
0.0000000 0.0000000
0.0000000 0.0000000
0.0000000 0.0000000
0.0000000 0.0000000
0.0000000 0.0000000
0.0000000 0.0000000
0.0000000 0.0000000
0.0000000 0.0000000
0.0000000 0.0000000
0.0000000 0.0000000
0.0000000 0.0000000
-0.3914831 0.2868316
-1.7718706 1.3160764
-1.4425442 2.5505719
-0.8884867 3.5336592
-0.7401524 4.2556109
-0.8078842 5.0758710
-0.9898171 6.0007515
-1.3361577 7.1052346
-2.1032073 8.5312614
-3.8112252 10.6663475
-8.7674932 13.2020187
10.7230625 17.1190948
18.6604137 -10.2027063
-8.9300489 -9.5148373
-4.2662277 -7.3450122
-2.4096992 -4.9554677
-1.3784193 -3.6184132
-0.8746452 -2.7156565
-0.6028948 -2.0894244
-0.4460869 -1.6172892
-0.3531980 -1.2387735
-0.3383079 -0.9143298
-0.4355166 -0.5130658
-0.3586817 -0.1463969
0.0000000 0.0000000
0.0000000 0.0000000
-1.4231942 0.4967234
-3.0953612 1.7340767
-2.1824114 2.4842830
-1.6381752 3.2420034
-1.6121210 4.0714755
-1.7326593 4.9469075
-1.9747229 5.7760110
-2.4795556 6.6114836
-3.5619032 7.4559283
-5.7613468 7.8274536
0.7222000 8.1169205
17.4806824 9.9343662
26.4961605 -10.9933891
13.0381413 -6.7762899
-5.2000136 -4.8449726
-3.1133299 -3.8851378
-2.1562848 -2.9174013
-1.4724907 -2.2702241
-1.0640585 -1.8117242
-0.8266420 -1.4426022
-0.6837406 -1.1081660
-0.6318280 -0.8187162
-0.7864416 -0.5107685
-0.7565282 -0.1904573
0.0000000 0.0000000
0.0000000 0.0000000
-2.7965360 0.7242000
-3.9409325 1.9202595
-2.7604446 2.3937495
-2.4860046 3.2106125
-2.4761174 4.0354338
-2.5262914 4.8222504
-2.7004261 5.5097556
-3.0914769 6.0101824
-3.9251683 6.1274953
-5.8860116 5.5444255
-1.5420020 -1.9233710
20.9701462 5.6862345
32.5645523 -1.9663798
7.4977145 4.7855072
-8.8441830 -0.7244784
-4.4130020 -1.4277022
-2.6249385 -1.7391027
-1.8208033 -1.6754576
-1.3684487 -1.4876229
-1.1132804 -1.2614356
-0.9692138 -1.0109949
-0.9007084 -0.7534715
-1.0434047 -0.5187353
-1.1591315 -0.2175736
0.0000000 0.0000000
0.0000000 0.0000000
-4.3372116 0.8708960
-4.4596834 1.9545120
-3.4453080 2.3914974
-3.3388131 3.2489409
-3.2724097 4.0653238
-3.2394185 4.8279562
-3.2256553 5.4497967
-3.2905667 5.7930822
-3.5009716 5.6509948
-4.1070151 4.2037487
3.6147981 -3.6617227
13.0906801 2.4827838
29.4761391 -2.4308865
15.1045446 4.1105943
-4.2864771 -0.0588005
-3.3512940 -0.5178555
-2.3233483 -0.9998515
-1.8163915 -1.2110156
-1.4916464 -1.2138344
-1.2994094 -1.1020132
-1.1935192 -0.9298712
-1.1415074 -0.7074417
-1.2540277 -0.5135290
-1.5479094 -0.2313846
0.0000000 0.0000000
0.0000000 0.0000000
-5.8039203 0.9365749
-4.8616710 1.8995035
-4.2382660 2.4446905
-4.1695671 3.3065798
-4.0934992 4.1533093
-3.9365146 5.0087109
-3.7906294 5.7761979
-3.5507882 6.3344326
-2.8830092 6.2126670
-1.8376772 4.5946937
7.5369325 -3.3865676
15.2412615 1.8504208
33.8482971 -2.6301243
-0.0684129 0.3814798
-2.6623263 0.1394151
-2.3603446 -0.2715366
-1.8163240 -0.6938745
-1.6362728 -0.9822593
-1.5014280 -1.0659741
-1.4145108 -1.0132498
-1.3714046 -0.8845391
-1.3586137 -0.6875410
-1.4477739 -0.5084679
-1.9053495 -0.2434500
0.0000000 0.0000000
0.0000000 0.0000000
-7.0491700 0.9406236
-5.3436265 1.8100386
-5.0845695 2.5034008
-5.0251303 3.3717520
-4.9717126 4.2925124
-4.8886538 5.3500195
-4.7822790 6.4632444
-3.9300354 7.0769730
-1.9131550 6.5223675
0.5886515 4.5840368
9.9429703 -1.6320091
12.8508625 0.5121018
34.7989044 1.5409721
1.0746313 -0.7848076
-1.9883990 -0.7724820
-1.8035605 -0.6244121
-1.3976874 -0.7655450
-1.4315972 -0.9915116
-1.4792521 -1.0694705
-1.5044160 -1.0194385
-1.5310887 -0.8946714
-1.5652027 -0.7021295
-1.6451125 -0.5162331
-2.2316537 -0.2586825
0.0000000 0.0000000
0.0000000 0.0000000
-8.0286999 0.9093418
-5.9949861 1.7153008
-5.9495077 2.5245092
-5.9354000 3.4173493
-6.0280266 4.4496298
-6.2029929 5.6959743
-5.8357115 6.6802239
-3.5567124 6.6868687
-0.4256444 5.5544906
3.3518705 3.8682938
12.3108063 -1.2984537
15.0151711 1.0820721
36.8571777 -2.9688478
0.7306755 -1.7262878
-1.6759408 -1.2448096
-1.5540113 -1.0822186
-1.1474832 -1.0841744
-1.2979701 -1.2025301
-1.4923072 -1.2184067
-1.6152002 -1.1230229
-1.7044568 -0.9650651
-1.7801825 -0.7533861
-1.8617704 -0.5420380
-2.5348752 -0.2786431
0.0000000 0.0000000
0.0000000 0.0000000
-8.7681360 0.8650862
-6.7911315 1.6268107
-6.8274360 2.4936440
-6.9091005 3.4196186
-7.2607450 4.5417337
-7.4918084 5.7670979
-5.9472518 6.1398482
-2.4847670 5.3612046
1.2447048 4.0979333
5.2753892 2.4884017
13.8525696 -0.7734972
14.7128391 -0.5301863
38.0757446 -0.6390365
0.6449811 -2.0562336
-0.4245965 -1.4797038
-1.2274826 -1.5844167
-1.0145013 -1.6012688
-1.2776157 -1.5887456
-1.5864043 -1.4902544
-1.7842500 -1.3094614
-1.9192494 -1.0872698
-2.0221865 -0.8347031
-2.1100490 -0.5843846
-2.8249586 -0.3019757
0.0000000 0.0000000
0.0000000 0.0000000
-9.3098259 0.8136228
-7.6482930 1.5308015
-7.7149377 2.4019101
-7.9305544 3.3398440
-8.5223236 4.4616227
-8.3062115 5.4288545
-5.1287589 5.0498114
-1.0319868 3.8614573
3.0596151 2.0044482
6.9058084 0.7464380
13.5874424 -1.3388828
19.8965797 -3.9729581
37.3100395 -3.1573682
3.0075140 -2.1249309
0.6759642 -2.2922342
-0.9188851 -2.5718260
-1.0458118 -2.3544419
-1.4182223 -2.1172447
-1.8040364 -1.8496058
-2.0430980 -1.5498213
-2.1968980 -1.2418671
-2.3055696 -0.9324394
-2.3975050 -0.6349060
-3.1081648 -0.3253560
0.0000000 0.0000000
0.0000000 0.0000000
-9.6935177 0.7544100
-8.4886141 1.4186544
-8.5926275 2.2464535
-8.9621458 3.1540008
-9.6836452 4.2251830
-8.4083338 4.7760978
-3.8178592 3.7070963
0.5644702 2.3178120
4.6350136 0.6139231
8.3566055 -1.2393011
13.3068714 -2.8621469
25.4824581 -9.9654398
27.1458359 -4.5697169
6.1685066 -3.2818661
0.8667864 -4.1831088
-1.1065979 -3.8927748
-1.4164172 -3.2768476
-1.7853429 -2.7293830
-2.1839831 -2.2476306
-2.4131877 -1.8057331
-2.5495880 -1.4008946
-2.6382520 -1.0277327
-2.7255547 -0.6815017
-3.3833301 -0.3444109
0.0000000 0.0000000
0.0000000 0.0000000
-9.9514017 0.6840817
-9.2511120 1.2756971
-9.4272280 2.0213315
-9.9987421 2.8299553
-10.4537830 3.6213212
-7.7460403 3.6929195
-2.4095557 2.2372031
2.0621953 1.0111231
6.6210623 -0.6263456
10.0042000 -2.6967406
15.4992676 -4.8833771
30.5121117 -11.1187801
9.5923929 -5.2400208
5.3964548 -5.7166314
0.4514921 -5.9482994
-1.9006677 -5.3581967
-2.2835619 -4.2680111
-2.4363120 -3.3347445
-2.7492909 -2.6197248
-2.9024713 -2.0322940
-2.9777756 -1.5319965
-3.0188370 -1.0986936
-3.0868154 -0.7110496
-3.6422682 -0.3536556
0.0000000 0.0000000
0.0000000 0.0000000
-10.1048107 0.5954738
-9.9011354 1.0978262
-10.1621408 1.7259811
-10.9715242 2.4068515
-10.6502390 2.8361335
-6.4985123 2.5671382
-1.1813864 1.1709086
3.3945177 -0.3565443
8.4717035 -1.8803518
12.6617489 -4.2401919
19.0619869 -5.9591918
34.3447304 -11.5220833
10.3104401 -6.5626197
5.7405138 -6.6697288
0.2296320 -7.0700283
-3.0373173 -6.4592791
-3.6457493 -5.1206369
-3.4032772 -3.8070500
-3.4970934 -2.8890557
-3.4979575 -2.1785617
-3.4677024 -1.6005160
-3.4352851 -1.1223886
-3.4650517 -0.7103027
-3.8735504 -0.3477451
0.0000000 0.0000000
0.0000000 0.0000000
-10.1926832 0.4915819
-10.4196205 0.8814954
-10.7929153 1.3742915
-11.8221960 1.8221797
-10.2963219 1.8150048
-5.0815649 1.5045468
-0.0800378 0.6033687
4.9400420 -1.3510987
9.3670254 -2.1963334
15.0533857 -4.7032962
25.2143898 -9.4390459
29.7482872 -10.1440706
12.9749308 -5.8906236
6.5509496 -6.6962624
0.2087763 -7.0912342
-4.0644207 -6.7589865
-5.3057928 -5.4279966
-4.6328654 -3.9912663
-4.3741946 -2.9779406
-4.1639733 -2.1921167
-3.9928725 -1.5721124
-3.8654051 -1.0774958
-3.8355348 -0.6669488
-4.0652366 -0.3219021
0.0000000 0.0000000
0.0000000 0.0000000
-10.2358046 0.3578028
-10.8074865 0.6186270
-11.2718821 0.9571186
-12.4425144 1.2270992
-9.7444839 1.0621799
-3.9382696 0.8121887
1.1827900 -0.2056322
6.2415004 -1.9950578
10.8522530 -2.8534150
17.3431568 -4.5189824
33.7534485 -9.5772114
17.9385242 -8.2081079
12.2115717 -6.2540932
6.8816614 -5.9438682
0.7444181 -6.1991525
-4.8594513 -6.2873878
-6.9004846 -4.9599690
-5.9817328 -3.7978470
-5.3031011 -2.8225493
-4.8502884 -2.0268805
-4.5118842 -1.4156014
-4.2747951 -0.9459817
-4.1663446 -0.5718831
-4.2130036 -0.2717676
0.0000000 0.0000000
0.0000000 0.0000000
-10.2596064 0.2129243
-11.0646467 0.3064264
-11.6504126 0.5086282
-12.8364344 0.5558456
-9.3256092 0.5019453
-2.9215450 0.2817024
2.4155507 -0.6399924
7.2182264 -2.0352225
12.7203732 -4.1542692
21.2389889 -4.9744368
35.8506241 -12.6378736
15.1291485 -6.2089729
11.5985146 -5.4581847
6.6390777 -4.7540722
1.5937805 -4.7826858
-4.9754272 -5.1956758
-8.3132029 -3.7962055
-7.2990184 -3.2475603
-6.1720009 -2.3817306
-5.4755435 -1.6574084
-4.9753308 -1.1152097
-4.6255584 -0.7179194
-4.4276390 -0.4198229
-4.3105817 -0.1959635
0.0000000 0.0000000
0.0000000 0.0000000
-10.2942400 0.0291546
-11.1620312 -0.0843946
-11.8903742 -0.0441554
-13.1540985 -0.0702582
-8.8908100 -0.1805778
-2.1368513 -0.1929037
3.5181241 -1.0474050
8.1808939 -1.8953701
13.1297865 -2.9588811
33.6577263 -9.0574512
30.6419792 -7.7994323
14.4568834 -5.0249186
10.7141018 -4.1815400
6.2211814 -3.4846385
1.4600855 -3.2952516
-4.4678993 -3.5408106
-9.1645117 -2.1811333
-8.4446926 -2.3331401
-6.9140749 -1.6486874
-5.9966660 -1.0656744
-5.3349805 -0.6615542
-4.8754673 -0.3928445
-4.5911617 -0.2129471
-4.3588581 -0.0904930
0.0000000 0.0000000
0.0000000 0.0000000
-10.1266298 -0.1921541
-11.0404863 -0.5574111
-11.9363041 -0.7656845
-13.3959818 -1.0254792
-8.5359259 -1.0177336
-1.7489148 -0.6981441
4.4693007 -1.4270912
9.6858482 -2.4097540
14.8527651 -2.5809803
35.8055725 -13.0039587
22.5425396 -7.3802805
13.7803717 -4.2306371
9.7609205 -3.0190547
6.0695066 -2.3807817
0.7812116 -2.1219153
-4.0494103 -1.5885667
-9.6857109 -0.8703589
-9.3537054 -1.0020891
-7.4362431 -0.5889590
-6.3168001 -0.2723469
-5.5315504 -0.0812092
-4.9875059 0.0108687
-4.6422868 0.0406417
-4.3629146 0.0324513
0.0000000 0.0000000
0.0000000 0.0000000
-9.6867094 -0.4551160
-10.6251593 -1.1195815
-11.6688709 -1.6616628
-13.2949009 -2.3916028
-8.9062710 -2.0673647
-1.9915360 -1.4757091
4.6347866 -1.5193279
10.5697260 -2.7892218
18.5458679 -4.4493141
40.6568527 -10.0638275
15.9936800 -5.2625852
11.8903255 -3.2851415
8.1370649 -1.6582264
6.1733842 -1.3170249
0.0888767 -0.7190595
-4.2988706 0.2264831
-10.1072330 1.2081798
-9.7540131 0.6370349
-7.6217632 0.6584577
-6.3911190 0.6473269
-5.5280409 0.5793214
-4.9323659 0.4653016
-4.5504737 0.3245009
-4.2462931 0.1672575
0.0000000 0.0000000
0.0000000 0.0000000
-8.9532347 -0.7413737
-9.8512974 -1.7442865
-10.9014778 -2.7291281
-12.9532232 -3.9668396
-9.1063566 -4.3122296
-2.4515324 -3.4739749
4.5897350 -2.5819669
10.2850828 -2.2002690
24.4735680 -7.6601505
39.2742462 -10.4344206
16.3158283 -4.1712408
10.4232616 -2.8011906
7.2368536 -1.1569995
4.1411510 -0.1151125
-0.3190475 1.0396203
-5.0836983 2.1944053
-10.2053328 3.0523026
-9.4242048 2.5920441
-7.4415016 2.0365388
-6.1710272 1.6363978
-5.2929068 1.2757177
-4.6906900 0.9398848
-4.3007522 0.6202258
-3.9915349 0.3061276
0.0000000 0.0000000
0.0000000 0.0000000
-7.9144711 -1.0253031
-8.7056227 -2.3407919
-9.5816603 -3.7535379
-11.5196171 -5.6792254
-9.1500301 -7.7097125
-2.2017646 -5.2051072
4.7319531 -5.3518991
13.4981308 -6.2801952
34.1297264 -9.1515121
27.5909672 -5.9231949
14.1488943 -2.8181643
8.6255550 -0.4048583
6.0457287 0.7136908
1.9502665 1.3774438
-1.7666907 3.5827267
-5.1935682 4.9206724
-10.4347582 6.2464061
-8.4983673 4.3182712
-6.8226361 3.3060904
-5.6465826 2.5597227
-4.8257914 1.9395553
-4.2591896 1.3963727
-3.8917525 0.9048302
-3.5987380 0.4374836
0.0000000 0.0000000
0.0000000 0.0000000
-6.6072121 -1.2818626
-7.2335925 -2.8782973
-7.8638196 -4.6166825
-9.0026178 -6.9524326
-8.3444986 -10.1418161
-1.7959937 -10.8975391
6.6341143 -10.0747643
18.4312210 -10.4161205
29.2379055 -8.8330631
29.5018177 -5.5581403
10.7401018 0.5605512
7.3965716 4.4037018
4.0115590 4.0497146
0.6647030 5.1354957
-5.0919995 7.5918193
-6.3826170 9.1845341
-9.0726910 8.2052574
-7.0458183 5.8599324
-5.7497635 4.4253073
-4.8111315 3.3680661
-4.1351013 2.5133762
-3.6548588 1.7943889
-3.3356020 1.1586933
-3.0711687 0.5575848
0.0000000 0.0000000
0.0000000 0.0000000
-5.0987287 -1.4754400
-5.5184202 -3.2399054
-5.8721414 -5.1886301
-6.3415132 -7.5869765
-6.4086494 -10.7608643
-2.8811200 -13.2399244
6.0057282 -13.7404699
15.9859428 -13.3619032
21.8334923 -7.1549191
21.1209564 -2.0801282
11.1240501 6.7926502
6.5696902 8.9797440
4.5137081 8.7008820
0.3896818 10.9976292
-4.2832685 12.5746717
-6.9194145 12.4328003
-5.9734931 9.0622892
-5.2474480 6.9298468
-4.4181814 5.3465991
-3.7404792 4.0784383
-3.2337472 3.0251033
-2.8734078 2.1267774
-2.6408801 1.3446434
-2.4134946 0.6581983
0.0000000 0.0000000
0.0000000 0.0000000
-3.4556830 -1.6457480
-3.7317851 -3.5201452
-3.9243927 -5.5168910
-4.1155944 -7.6950336
-4.0294046 -10.0266829
-2.2554324 -11.9231606
3.0322752 -11.2935438
8.2978687 -7.5036073
12.0634613 2.2737064
10.1397095 8.8351011
10.2930317 8.0626135
5.8540092 13.7191496
0.7222153 16.6950035
-0.9114398 16.3676071
-3.2399690 15.2253494
-3.5937545 12.0123014
-3.6440611 9.5634403
-3.3434172 7.5482430
-2.9432240 5.9350581
-2.5466201 4.6109915
-2.2217114 3.4774628
-1.9849128 2.4707344
-1.8458271 1.5477601
-1.7891306 0.6819570
0.0000000 0.0000000
0.0000000 0.0000000
-1.5837644 -2.0066750
-1.7132065 -4.2379847
-1.8533080 -6.3190231
-1.9144118 -8.0393524
-1.7463698 -9.2436495
-0.9120640 -9.4294863
1.2211993 -9.0588894
3.2083616 -5.0255551
4.7665596 1.2256317
4.7280078 6.2498107
3.4378552 10.5592966
1.9656303 13.3611507
0.1161205 14.4494247
-0.9591791 13.7140255
-1.6201851 13.6896267
-1.8260587 13.1832628
-1.7691811 11.8320818
-1.5433420 10.0656567
-1.2928773 8.1760330
-1.0804501 6.4068689
-0.9219083 4.8299766
-0.8165844 3.4287271
-0.7707248 2.1415401
-0.9066855 0.7477561
0.0000000 0.0000000
0.0000000 0.0000000
0.0000000 0.0000000
0.0000000 0.0000000
0.0000000 0.0000000
0.0000000 0.0000000
0.0000000 0.0000000
0.0000000 0.0000000
0.0000000 0.0000000
0.0000000 0.0000000
0.0000000 0.0000000
0.0000000 0.0000000
0.0000000 0.0000000
0.0000000 0.0000000
0.0000000 0.0000000
0.0000000 0.0000000
0.0000000 0.0000000
0.0000000 0.0000000
0.0000000 0.0000000
0.0000000 0.0000000
0.0000000 0.0000000
0.0000000 0.0000000
0.0000000 0.0000000
0.0000000 0.0000000
0.0000000 0.0000000
0.0000000 0.0000000
0.0000000 0.0000000
0.0000000 0.0000000
0.1608855 -0.1901050
0.0000000 0.0000000
0.2481307 -0.1038907
-0.2587782 -0.0584500
-0.3052350 0.2536979
0.0000000 0.0000000
-1.3755995 0.4787714
-0.5471352 1.2347529
-0.5501767 2.2584288
0.0000000 0.0000000
-1.6166984 2.0227931
-0.4843231 3.1435063
-0.4334015 3.8928428
0.0000000 0.0000000
-1.0983642 3.1444228
-0.3401493 4.5185032
-0.3099601 5.0157008
0.0000000 0.0000000
-0.7815552 3.9093599
-0.2908119 5.5061913
-0.3034433 5.9822593
0.0000000 0.0000000
-0.7547004 4.6696672
-0.3223965 6.5081410
-0.3651779 7.0262604
0.0000000 0.0000000
-0.8701554 5.5242066
-0.3948943 7.6887307
-0.4775536 8.3244209
0.0000000 0.0000000
-1.0983711 6.5009212
-0.5368991 9.2588186
-0.7141230 10.0954714
0.0000000 0.0000000
-1.5536418 7.7077827
-0.8746743 11.6309786
-1.2255819 12.9482794
0.0000000 0.0000000
-2.5727067 9.6311407
-1.7810694 15.4568739
-2.0089126 18.4781761
0.0000000 0.0000000
-4.9007015 14.3818150
-1.9455627 21.2348232
-2.2456322 25.7338238
0.0000000 0.0000000
2.9977617 14.4584532
4.6550550 16.6614571
7.5695710 12.6629400
0.0000000 0.0000000
13.0826225 10.3114605
13.2953281 -8.1114159
-1.0504388 -8.7673922
0.0000000 0.0000000
11.1742086 -5.8000164
0.1505219 -13.7156639
0.4511315 -14.0493450
0.0000000 0.0000000
-10.8421984 -11.2470217
0.1200806 -9.6540909
-0.2381966 -7.7318993
0.0000000 0.0000000
-3.3261416 -6.4357891
-0.5654506 -6.7684517
-0.4730990 -5.4570122
0.0000000 0.0000000
-1.9045010 -4.3261952
-0.4329818 -4.7043920
-0.3646617 -3.9181230
0.0000000 0.0000000
-1.1075164 -3.1661565
-0.2966112 -3.4065273
-0.2509773 -2.9043908
0.0000000 0.0000000
-0.7264184 -2.3949151
-0.2052275 -2.5479493
-0.1811220 -2.1984169
0.0000000 0.0000000
-0.5175423 -1.8523374
-0.1543576 -1.9310817
-0.1407494 -1.6681651
0.0000000 0.0000000
-0.3953857 -1.4277537
-0.1243740 -1.4588050
-0.1141825 -1.2390836
0.0000000 0.0000000
-0.3365296 -1.0776244
-0.1146347 -1.0473641
-0.1282909 -0.8399475
0.0000000 0.0000000
-0.3759049 -0.7424432
-0.1506496 -0.5898917
-0.1544055 -0.3356873
0.0000000 0.0000000
-0.4430098 -0.3145447
-0.1034909 -0.1392302
-0.0357902 0.0578311
0.0000000 0.0000000
-0.0370961 0.0153529
0.0000000 0.0000000
0.0000000 0.0000000
0.4213073 -0.0809470
0.2466114 0.0365416
-0.9824095 0.2823774
-1.8640945 0.8288895
-2.7043657 1.0397185
-2.2927561 1.5855955
-2.2291124 2.1709433
-2.6120136 2.1568370
-1.7406020 2.6611392
-1.4223382 3.0903521
-1.8385917 2.8369267
-1.2372903 3.4299643
-1.1711200 3.8225112
-1.5991896 3.6333010
-1.1834067 4.2344022
-1.2434852 4.6649437
-1.6525218 4.5042224
-1.3137823 5.1477480
-1.4384551 5.5605168
-1.8128437 5.3245692
-1.5544736 6.1064467
-1.7940409 6.5088067
-2.1460142 6.0935631
-2.0354958 7.1989226
-2.5486279 7.5886335
-2.8736041 6.7532849
-3.0659382 8.6171265
-4.3552761 8.8669825
-4.4601665 6.9563899
-5.8684258 10.4172049
-9.2841663 11.6108818
-10.3628464 7.5753455
-1.8377281 8.4668951
6.3655119 11.6252337
11.2080088 11.7267179
10.7584343 8.4357548
18.2608910 4.9796681
20.4246693 6.3576202
26.3650284 -4.9566870
21.7392502 -0.5181747
23.3079224 0.9723276
5.7397227 -8.3819380
-10.5198183 -9.2769985
-8.6530409 -7.9515548
-4.5183606 -6.1796479
-3.5927253 -5.5736504
-3.7703042 -5.0121679
-2.9404745 -4.4575830
-2.2287800 -3.6506085
-2.5204875 -3.1907461
-1.7489020 -3.2914026
-1.4163015 -2.8142126
-1.7663782 -2.5317793
-1.1334209 -2.5080318
-0.9590576 -2.1957314
-1.2392927 -2.0485494
-0.8008059 -1.9387560
-0.7052513 -1.7205181
-0.9288000 -1.6437618
-0.6133671 -1.5081358
-0.5594863 -1.3351284
-0.7464008 -1.2919528
-0.5038704 -1.1535704
-0.4773962 -1.0001887
-0.6443944 -0.9691767
-0.4694620 -0.8484839
-0.5130341 -0.6885759
-0.6785021 -0.6852978
-0.6018465 -0.4880101
-0.6551027 -0.3239024
-0.8421674 -0.3562978
-0.5513824 -0.1536881
-0.0332240 -0.0170970
-0.1169328 -0.0436960
0.0000000 0.0000000
0.0000000 0.0000000
0.0331240 0.0882923
-0.2901772 0.1802700
-2.1219294 0.5843538
-3.3315117 1.2570429
-3.9308126 1.3949652
-3.4919088 1.8743340
-2.9981582 2.1435468
-3.2583025 2.1190910
-2.4513562 2.4385400
-2.1494887 2.8076050
-2.5632925 2.7615542
-2.0394282 3.2046444
-2.0333812 3.6226139
-2.4711366 3.6001699
-2.0483897 4.0604329
-2.1018682 4.4667368
-2.4837244 4.4119515
-2.1462972 4.8973589
-2.2588298 5.2318068
-2.5810773 5.1311398
-2.3580520 5.6702976
-2.5963573 5.9060655
-2.8273139 5.7055001
-2.8026037 6.3719192
-3.2684646 6.4258065
-3.3569238 6.0519423
-3.6482239 6.8541059
-4.3932142 6.7351594
-4.3968039 6.1094770
-4.4728417 7.1020665
-9.7202473 7.5224228
-9.3427010 7.0247111
-9.4267931 5.8513131
6.8840384 6.3392696
12.5734825 1.1211969
18.1509933 9.1019506
21.4367847 6.6660142
32.1329308 3.3430262
31.8507442 -7.3841329
25.6209164 0.9646867
30.8265114 3.5209546
7.6178226 4.1944222
-9.3924599 -4.6906772
-9.2009830 -0.4258160
-6.3379579 -2.6487110
-5.3032236 -3.9427755
-7.2527466 -2.1140339
-3.4638102 -2.9938247
-2.9469137 -2.7584958
-3.4925847 -2.1605198
-2.3468852 -2.3623388
-1.9830180 -2.2159925
-2.1856706 -1.8711499
-1.6229167 -1.9559063
-1.4097284 -1.8469533
-1.5646586 -1.6494416
-1.1994885 -1.6363059
-1.0782653 -1.5228144
-1.2221133 -1.4146639
-0.9573387 -1.3424031
-0.8895364 -1.2231349
-1.0301956 -1.1665629
-0.8195932 -1.0519989
-0.7896269 -0.9313062
-0.9256399 -0.9007146
-0.7637336 -0.7821239
-0.8062192 -0.6605210
-0.9348083 -0.6491001
-0.9089395 -0.5081543
-1.0026577 -0.3784251
-1.1560465 -0.3907461
-0.9485831 -0.2064857
-0.2017220 -0.0584278
-0.3137524 -0.0711581
0.0000000 0.0000000
0.0000000 0.0000000
-0.7259483 0.2391476
-1.2337157 0.3104838
-3.5744557 0.7912855
-4.4697189 1.5057639
-4.8971758 1.5642416
-4.2017398 1.9699243
-3.5170741 2.0893011
-3.7927833 2.0746784
-3.0901899 2.3752098
-2.9464357 2.7931991
-3.3662906 2.8013146
-2.8984342 3.2147100
-2.8892627 3.6249137
-3.3100872 3.6275945
-2.8690302 4.0297012
-2.8728209 4.4201441
-3.2634311 4.4163656
-2.8840840 4.7957168
-2.9262068 5.1187253
-3.2466311 5.1019206
-2.9639637 5.4395533
-3.0731180 5.6332517
-3.2438819 5.5643196
-3.1596735 5.8296738
-3.4416583 5.7930298
-3.3430343 5.5846629
-3.6953135 5.8089652
-4.3523636 5.2727170
-3.7955525 4.6979647
-5.0632439 5.0643129
-10.1536636 4.5863237
-7.8652139 3.3356171
0.4167922 -4.3836036
8.1595316 0.3875460
7.2225304 -0.6443070
14.3970022 3.9968781
19.3008060 5.7220688
21.3216572 0.3787425
34.0089111 -4.1686873
32.9546318 1.4236680
27.3687572 4.4336438
9.8464556 3.1283886
-5.7124577 3.0466166
3.7173615 6.7296901
-8.0173454 0.1567848
-6.1940308 0.1221274
-3.3810632 1.6992626
-4.1603923 -0.4715109
-3.3356090 -1.1994017
-2.5656652 -0.4188851
-2.5595207 -1.2374701
-2.1869485 -1.4486990
-1.9804052 -1.0949146
-1.8419741 -1.3899869
-1.6358116 -1.4370179
-1.6220257 -1.2527331
-1.4337579 -1.3245139
-1.3212295 -1.2990053
-1.3787781 -1.1987059
-1.2060730 -1.1685742
-1.1447165 -1.1024857
-1.2365255 -1.0487669
-1.0802137 -0.9624778
-1.0533705 -0.8710252
-1.1615123 -0.8439607
-1.0225719 -0.7275021
-1.0531501 -0.6297963
-1.1630254 -0.6166564
-1.1458315 -0.5130417
-1.2842610 -0.3970410
-1.4143710 -0.3988833
-1.3442384 -0.2255131
-0.4425289 -0.0784974
-0.5744815 -0.0853709
0.0000000 0.0000000
0.0000000 0.0000000
-1.8171926 0.3620533
-2.4649847 0.4101283
-5.0732527 0.9077789
-5.2989922 1.5924040
-5.6028609 1.5914825
-4.6659670 1.9465990
-4.0641074 2.0612087
-4.4044900 2.0629950
-3.8249686 2.4035387
-3.7832575 2.8473272
-4.2056899 2.8687181
-3.7463725 3.2623448
-3.7025149 3.6865745
-4.1464100 3.7047095
-3.6744783 4.0793200
-3.6265597 4.5006175
-4.0719585 4.5315251
-3.6030324 4.8471894
-3.5032632 5.2404294
-3.9499834 5.3196902
-3.4767590 5.5022984
-3.3904452 5.7751303
-3.7107430 6.0371642
-3.2871747 5.9473424
-3.2175951 5.9311647
-3.2745190 6.3995557
-3.0585825 5.7741170
-2.8113258 5.4150290
-2.3435795 5.7353077
-2.2444289 3.8215744
-4.4499836 4.3971734
-3.4507542 4.7485437
5.6681671 -3.9542801
9.1169987 -0.2916435
11.6306200 1.2949706
13.6018734 1.7154286
18.6778412 2.4696238
19.5581856 1.9739203
34.8259735 -3.3410015
31.8763714 1.6957071
26.6688862 2.9681094
-2.4985933 -0.2514778
-0.3865334 3.5795629
-2.0862558 0.8866027
-3.1943135 0.1039610
-3.2678168 0.8678262
-2.9049394 0.5947435
-2.8171451 -0.1993164
-2.4461284 -0.4107330
-2.0658374 -0.2770113
-2.0782228 -0.7351229
-1.9034425 -0.9600052
-1.6833981 -0.8258002
-1.7410417 -1.0424489
-1.6291217 -1.1434549
-1.5575429 -1.0554169
-1.5052115 -1.1106315
-1.4386230 -1.1292578
-1.4494429 -1.0759549
-1.3630054 -1.0418640
-1.3272340 -1.0073745
-1.3866457 -0.9774076
-1.2859722 -0.8981727
-1.2721834 -0.8245968
-1.3607824 -0.8098409
-1.2531066 -0.6928278
-1.2760843 -0.6051076
-1.3759425 -0.5970778
-1.3509033 -0.5083842
-1.5231680 -0.3979851
-1.6380022 -0.3964048
-1.7160807 -0.2372391
-0.7233979 -0.0898075
-0.8681920 -0.0939147
0.0000000 0.0000000
0.0000000 0.0000000
-3.1406400 0.4429638
-3.8560922 0.4644700
-6.4236813 0.9461456
-5.9025297 1.5655046
-6.1527286 1.5300200
-5.1043129 1.8614180
-4.7385812 2.0716054
-5.1375813 2.0804763
-4.6456189 2.4660668
-4.6248112 2.9137185
-5.0632458 2.9291325
-4.5915675 3.3272550
-4.5528197 3.7748673
-5.0257435 3.8047757
-4.5320797 4.1833482
-4.4145265 4.7013059
-5.0088940 4.7543645
-4.4327202 5.0765052
-4.2573566 5.6577010
-4.9390273 5.8762841
-4.2063541 6.0547652
-4.0156989 6.5393500
-4.4464293 6.9320846
-3.6197655 6.8356714
-3.0748692 6.8461289
-2.9918931 6.9372663
-2.2423961 6.5088243
-1.2424486 5.8727670
-0.7324132 5.5194473
-0.2974502 4.4587941
-1.8300955 4.5644751
-0.6105198 3.4745488
8.4529381 -2.4816952
10.4241142 0.6712266
10.7400732 0.9369265
13.8367949 0.6546327
16.0922985 1.9219422
15.6339951 -0.1038000
35.2759628 -0.6590656
35.2490120 1.8581477
27.6385860 2.9355793
-0.6921596 -0.0403523
-0.5395511 1.1564610
-0.3788003 1.1045197
-2.3324363 -0.4146880
-2.3104126 0.4123087
-2.1703103 0.0759953
-2.0590944 -0.4287403
-1.8087511 -0.3641624
-1.6135906 -0.5209611
-1.6056297 -0.6792281
-1.5576137 -0.8385585
-1.3839248 -0.8849764
-1.5483471 -0.9516598
-1.5356293 -1.0445020
-1.4594464 -1.0615937
-1.5029664 -1.0438646
-1.4924673 -1.0657996
-1.4906209 -1.0734731
-1.4695748 -1.0012052
-1.4672256 -0.9716116
-1.5147407 -0.9762068
-1.4582559 -0.8805923
-1.4633522 -0.8085682
-1.5441786 -0.8127955
-1.4662734 -0.6896548
-1.4880944 -0.5972762
-1.5863968 -0.5994851
-1.5481330 -0.5096946
-1.7381332 -0.3962065
-1.8462697 -0.3959959
-2.0570142 -0.2503749
-1.0307491 -0.0972586
-1.1857693 -0.1001177
0.0000000 0.0000000
0.0000000 0.0000000
-4.5650849 0.4741113
-5.2843928 0.4729849
-7.5302043 0.9320524
-6.4150233 1.4773794
-6.6727700 1.4250561
-5.6678805 1.7606988
-5.5254083 2.0922718
-5.9556365 2.0919986
-5.5062523 2.5101435
-5.4832048 2.9604795
-5.9433022 2.9618583
-5.4727702 3.3838332
-5.4561396 3.8794253
-5.9913487 3.9071550
-5.4917321 4.3378139
-5.4648528 4.9619045
-6.1632652 5.0539513
-5.5464196 5.4887652
-5.4451408 6.2232857
-6.1220441 6.3514295
-5.2135763 6.7328906
-4.7432661 7.0367661
-4.7875729 6.9974179
-3.6767354 7.1278028
-2.3445830 6.8050747
-1.9964545 6.2171860
-0.8096902 6.1466126
0.8964847 5.2884445
1.4001274 4.7527843
2.4792681 4.2359571
1.4170798 3.6109459
2.4327188 3.5351758
11.5940628 -1.2900999
12.2987862 1.3996681
13.1767473 1.1524299
13.8355904 0.8307340
16.3579502 0.7620277
15.5872374 0.7936355
34.5406113 -3.4826062
34.5378761 -0.5742841
25.7924366 0.5310375
0.4847122 -2.0587964
0.0613525 0.6273121
-0.9075118 -0.1864364
-1.6334134 -1.0830652
-1.8073720 -0.2477714
-1.9639965 -0.7114213
-1.5925055 -0.8286291
-1.4546000 -0.7359150
-1.3944716 -1.0414584
-1.2618713 -0.8930362
-1.3039600 -1.0155060
-1.1889844 -1.1906791
-1.3833945 -1.0740738
-1.4588177 -1.1406440
-1.4058479 -1.2431736
-1.5038811 -1.1263274
-1.5450720 -1.1234778
-1.5562553 -1.1878090
-1.5735682 -1.0591111
-1.6031061 -1.0098195
-1.6587944 -1.0496899
-1.6274003 -0.9221198
-1.6513089 -0.8342593
-1.7378764 -0.8584669
-1.6782230 -0.7230278
-1.7036861 -0.6131619
-1.8089131 -0.6267592
-1.7558094 -0.5270782
-1.9467661 -0.4003677
-2.0576074 -0.4042900
-2.3707249 -0.2680199
-1.3599935 -0.1036552
-1.5258933 -0.1063318
0.0000000 0.0000000
0.0000000 0.0000000
-5.9772692 0.4637879
-6.6602693 0.4486540
-8.3850508 0.8915299
-6.9510918 1.3662468
-7.2504401 1.3091964
-6.3906751 1.6680658
-6.3703117 2.0907795
-6.8091655 2.0692229
-6.3834639 2.5094445
-6.3743901 2.9705400
-6.8510718 2.9496140
-6.4173093 3.4137197
-6.4793978 3.9605114
-7.0711918 3.9656482
-6.6383209 4.4842997
-6.7590823 5.1909065
-7.4640088 5.2301240
-6.8378439 5.7801251
-6.6561699 6.3517642
-6.9366450 6.2507157
-5.8403406 6.6477242
-4.6207862 6.4685946
-4.2106228 5.9910374
-2.9877672 6.1108122
-1.2112731 5.5606909
-0.6018878 4.7708726
0.5742489 4.9055367
2.5033624 4.0755582
3.3412027 3.2924469
4.3592176 3.1458490
3.6133809 2.9161906
4.8118105 2.1111922
13.3200998 -1.4989833
13.6002760 0.6421043
14.3101234 1.0223019
15.2467051 0.6915134
15.3494282 -0.0894994
22.9447289 -2.5365458
36.2431412 -3.0115135
32.9694023 -2.2949021
25.8368702 -2.3911412
-0.1130299 -2.6140044
-0.5101108 0.3788923
0.1950406 0.3291738
-1.3048774 -1.2841854
-1.6180934 -0.8696281
-1.1218913 -1.2946086
-1.4648660 -1.2791125
-1.3505702 -1.2772919
-1.1490213 -1.5938374
-1.1363249 -1.3044939
-1.2043577 -1.3934803
-1.0975168 -1.6221750
-1.3292991 -1.3771957
-1.4633214 -1.3920002
-1.4417499 -1.5500052
-1.5676953 -1.3416623
-1.6469270 -1.2908190
-1.6881713 -1.3963815
-1.7176462 -1.2076948
-1.7712916 -1.1180388
-1.8512979 -1.1850095
-1.8237704 -1.0212361
-1.8610218 -0.9011861
-1.9657331 -0.9416412
-1.9076633 -0.7906376
-1.9377433 -0.6528830
-2.0578020 -0.6753832
-1.9881389 -0.5620930
-2.1661794 -0.4140736
-2.2877994 -0.4219742
-2.6662688 -0.2903462
-1.7121034 -0.1106559
-1.8909663 -0.1138981
0.0000000 0.0000000
0.0000000 0.0000000
-7.3083258 0.4302346
-7.9386559 0.4092251
-9.0252218 0.8422546
-7.5656576 1.2469829
-7.9029393 1.1851041
-7.2174087 1.5763831
-7.2294431 2.0383792
-7.6643424 1.9904479
-7.2711205 2.4499071
-7.2983236 2.9215865
-7.7800074 2.8708935
-7.4214897 3.3823562
-7.6261010 3.9669955
-8.2355089 3.9210346
-7.8957148 4.5161605
-8.0801725 5.2107902
-8.6443319 5.1178842
-7.8953967 5.6794863
-7.1446714 5.8848200
-6.9554768 5.5085917
-5.5565147 5.7688460
-3.7034302 5.1696486
-3.0409021 4.5230308
-1.8026603 4.5425968
0.1410595 3.7361910
1.0724247 2.9553699
2.0101924 2.9650631
4.0779839 2.0934467
5.1094866 1.2077714
5.9489584 1.6452594
5.6224017 0.6629074
6.9905372 -0.3264977
13.7050543 -1.6230718
13.5449753 0.1514596
13.6168718 -0.4899249
14.0012617 -1.7680048
26.8684349 -3.7926207
28.8057442 -8.6190348
32.5157890 -3.7834580
25.1823425 -2.4460144
17.1695251 -3.8558333
0.7602908 -1.8718693
-0.1872468 -0.5219512
2.8609254 0.1157978
-0.7849783 -1.3657895
-1.2837547 -1.7439152
-0.1480763 -1.8435549
-1.3506196 -1.9452080
-1.3100468 -1.9573479
-0.9975339 -2.2748921
-1.1580780 -1.9384279
-1.2458544 -1.9191636
-1.1795310 -2.1847084
-1.4118716 -1.8390610
-1.5803170 -1.7609226
-1.6187987 -1.9532977
-1.7314197 -1.6631254
-1.8344364 -1.5404466
-1.9255388 -1.6691588
-1.9349983 -1.4254215
-2.0008967 -1.2784777
-2.1195035 -1.3587495
-2.0714283 -1.1630485
-2.1133916 -0.9985522
-2.2459445 -1.0464894
-2.1710680 -0.8827853
-2.2027590 -0.7094532
-2.3435800 -0.7357852
-2.2552571 -0.6099640
-2.4099874 -0.4354106
-2.5479081 -0.4447337
-2.9521377 -0.3145184
-2.0900764 -0.1189204
-2.2837474 -0.1226259
0.0000000 0.0000000
0.0000000 0.0000000
-8.5297928 0.3869399
-9.0990772 0.3630930
-9.4876375 0.7852819
-8.2492847 1.1210512
-8.6078577 1.0556439
-8.0685148 1.4753916
-8.0784540 1.9305884
-8.4985647 1.8540114
-8.1577663 2.3300681
-8.2337399 2.8019435
-8.7018156 2.7127182
-8.4510574 3.2503171
-8.8214970 3.8618221
-9.4244947 3.7894943
-9.1141272 4.3657279
-9.1305485 4.9830451
-9.4400053 4.7663002
-8.3611603 5.2013888
-6.7107940 4.9527230
-6.1868210 4.3980536
-4.5004582 4.4672670
-2.3652897 3.7665157
-1.6134614 2.9619045
-0.2622035 3.0622633
1.7853905 2.1441915
2.5170629 1.3717486
3.7964952 1.2568040
5.7758422 0.2730235
6.7350831 -0.5371228
7.6739645 -0.1168713
7.8220901 -1.7426106
9.3451910 -2.7530832
13.2409306 -2.0388520
13.8034363 -2.0318799
15.3870955 -4.0921173
26.4968357 -9.5483093
32.9317284 -11.2504406
33.8170586 -8.9025221
29.8454742 -5.2450376
3.9717596 -4.1944861
5.2471848 -3.5348649
6.5073895 -1.4779418
3.2110167 -2.7592382
2.4664228 -4.3642578
0.7529079 -3.2033525
-0.5631760 -3.0854645
-0.4081464 -3.9359424
-1.1811330 -3.1947575
-1.3374686 -2.9455094
-1.3569583 -3.4831660
-1.3465966 -2.7998903
-1.4649221 -2.5907211
-1.5647534 -2.9215164
-1.6668324 -2.4193838
-1.8459246 -2.2096262
-1.9902346 -2.4224718
-2.0286858 -2.0490446
-2.1367056 -1.8342952
-2.2993617 -1.9661767
-2.2502580 -1.6798780
-2.3122702 -1.4612970
-2.4805572 -1.5393699
-2.3868685 -1.3238901
-2.4222655 -1.1069735
-2.5886123 -1.1508981
-2.4792378 -0.9822447
-2.5066938 -0.7702243
-2.6708937 -0.7930175
-2.5621395 -0.6605592
-2.6859076 -0.4581105
-2.8421206 -0.4657098
-3.2308762 -0.3365196
-2.4956806 -0.1278956
-2.7042067 -0.1314759
0.0000000 0.0000000
0.0000000 0.0000000
-9.6258850 0.3392637
-10.1306391 0.3143361
-9.8111629 0.7214355
-8.9634361 0.9842758
-9.3170652 0.9097016
-8.8724813 1.3479730
-8.8940392 1.7606589
-9.2874069 1.6541291
-9.0170679 2.1396058
-9.1491823 2.6035385
-9.6008730 2.4645631
-9.4920053 3.0123103
-10.0218563 3.6714559
-10.5587692 3.4989517
-10.1079750 3.9729741
-9.6199427 4.3922167
-9.5349836 3.9492328
-8.0997448 4.3261714
-5.5970526 3.7049489
-4.9382629 3.0068932
-3.0931506 2.9809568
-0.7992947 2.3307879
-0.1212123 1.6470699
1.4176201 1.6067141
3.4263878 0.7986940
4.1771731 0.1993262
5.6277733 -0.0079448
7.7610421 -1.1076108
8.6299477 -1.7272776
9.3080807 -2.0631549
11.0907717 -3.4614413
12.5168123 -4.1216793
14.3209286 -3.8698184
18.6910725 -6.4408092
21.7657490 -7.0662913
31.6313477 -11.3982201
34.1815224 -12.1750746
31.9684582 -10.0499640
16.9947128 -5.3582282
6.6284127 -4.2073860
7.4706292 -5.7152658
5.6624036 -5.0344391
2.9282298 -5.0929012
2.5487199 -6.1522183
0.7633460 -5.0278926
-0.8163370 -4.9417858
-0.9572477 -5.7375741
-1.6056449 -4.6395736
-1.8877465 -4.2046089
-2.2577262 -4.7901363
-1.9324700 -3.7888198
-2.0080862 -3.3575473
-2.3404508 -3.6974077
-2.1674664 -3.0472255
-2.3159940 -2.6823745
-2.5844636 -2.8803818
-2.4975841 -2.4425583
-2.5783494 -2.1231837
-2.8238306 -2.2312474
-2.6785221 -1.9283562
-2.7163208 -1.6299611
-2.9383824 -1.6873717
-2.7763824 -1.4738839
-2.7924101 -1.2013508
-2.9930809 -1.2294989
-2.8354888 -1.0682884
-2.8506062 -0.8197732
-3.0362701 -0.8313115
-2.9060159 -0.7006884
-2.9945180 -0.4746302
-3.1671755 -0.4764793
-3.4979451 -0.3515686
-2.9267323 -0.1357133
-3.1471980 -0.1381881
0.0000000 0.0000000
0.0000000 0.0000000
-10.5870790 0.2878986
-11.0180788 0.2607837
-10.0174809 0.6415905
-9.6567907 0.8322011
-9.9840441 0.7517102
-9.5811272 1.1893414
-9.6489716 1.5333815
-9.9976215 1.4024936
-9.8077250 1.8808079
-10.0110722 2.2969835
-10.4161587 2.1279268
-10.4895201 2.6281958
-11.0866089 3.3069484
-11.4698849 3.0751560
-10.5799541 3.2733023
-9.3885174 3.4537191
-9.0582695 2.9876473
-7.1715722 3.1427712
-4.2046614 2.2794132
-3.4441338 1.6500503
-1.8729475 1.6352198
0.6724619 0.9486521
1.4274191 0.3382825
2.6651583 0.2568887
5.0436578 -0.4377268
5.9000020 -1.1002886
7.6447725 -1.3539563
9.5867062 -2.1193678
10.2855921 -2.3752389
11.4051380 -3.4886508
14.0932827 -4.8955727
15.7533998 -5.4287486
17.0848961 -5.2993755
24.2927933 -10.4436340
28.5901775 -12.5261793
32.5200386 -10.3550224
30.1408443 -8.0463858
23.5841923 -8.0603857
9.9809399 -6.1634836
7.5895300 -5.9337697
9.0581160 -5.4575295
5.4997706 -6.1536007
2.9375694 -6.5058117
2.8935182 -6.8026590
0.5815516 -6.4702458
-1.3482953 -6.4650774
-1.6095771 -6.9324608
-2.5133848 -5.9800749
-2.9924445 -5.4288473
-3.6004817 -5.8895907
-3.0168631 -4.7436051
-2.9595611 -4.0910983
-3.5572293 -4.3730078
-2.9572289 -3.6020584
-3.0170374 -3.0984404
-3.4150188 -3.2322705
-3.1486385 -2.7753005
-3.1656096 -2.3472083
-3.4935491 -2.4006822
-3.2181592 -2.1224105
-3.2100773 -1.7448498
-3.4806385 -1.7623729
-3.2339895 -1.5784606
-3.2177882 -1.2555653
-3.4463336 -1.2555783
-3.2335036 -1.1189017
-3.2271352 -0.8416367
-3.4278402 -0.8348694
-3.2755272 -0.7167181
-3.3295386 -0.4771083
-3.5126562 -0.4694500
-3.7433128 -0.3541569
-3.3747137 -0.1399318
-3.5997863 -0.1397397
0.0000000 0.0000000
0.0000000 0.0000000
-11.3935699 0.2298670
-11.7426739 0.1997639
-10.1400700 0.5446908
-10.2811012 0.6646796
-10.5593719 0.5710364
-10.1701460 0.9912358
-10.3081322 1.2561841
-10.6026726 1.0975384
-10.4905882 1.5531615
-10.7992420 1.9505529
-11.1593113 1.7293408
-11.4210320 2.1396754
-11.7620211 2.7794890
-11.9204655 2.4217384
-10.4838591 2.3662400
-8.7035484 2.4672647
-8.2623825 1.9489667
-5.8001747 2.0234330
-2.7958891 1.0240203
-2.0984778 0.5596631
-0.7939801 0.7312142
2.0690358 -0.2243670
2.8549759 -0.8098232
4.1132493 -0.9511700
6.5541005 -1.6355859
7.0524707 -2.0061622
8.9287195 -2.0916255
11.1072226 -2.5488348
11.8889551 -3.0946088
13.9461374 -4.8133535
18.2944698 -4.7882977
18.9159050 -4.8298230
25.5160522 -9.0122414
29.6496048 -12.2080164
31.0097637 -13.2137270
29.6918125 -10.2292652
17.2199726 -7.3343029
15.0041504 -7.2200336
12.3505707 -5.8431835
9.7138414 -6.0046144
9.7045860 -6.3833952
6.3452253 -6.7291884
3.5212491 -6.9330716
3.4603469 -6.8362880
0.7130091 -7.1151819
-1.7951236 -7.1332598
-2.1083636 -7.1245537
-3.5085268 -6.7030826
-4.3728852 -6.2431445
-5.0838704 -6.3608580
-4.5294642 -5.3732080
-4.3177500 -4.6184859
-5.0812879 -4.7588439
-4.0395846 -3.9423912
-3.9355783 -3.3503816
-4.4421864 -3.3606997
-3.9592233 -2.9679124
-3.8781006 -2.4392879
-4.2672529 -2.4087837
-3.8474896 -2.2099609
-3.7744796 -1.7656819
-4.0765357 -1.7265155
-3.7403812 -1.6023471
-3.6805830 -1.2443538
-3.9237595 -1.2052615
-3.6560993 -1.1109697
-3.6201870 -0.8206385
-3.8251472 -0.7889575
-3.6496511 -0.6962048
-3.6772311 -0.4576822
-3.8614407 -0.4374559
-3.9555874 -0.3387111
-3.8235111 -0.1380737
-4.0403428 -0.1337644
0.0000000 0.0000000
0.0000000 0.0000000
-12.0231600 0.1679911
-12.2730637 0.1297603
-10.2053947 0.4257637
-10.7891293 0.4794285
-11.0020027 0.3821813
-10.6226234 0.7528370
-10.8467979 0.9318525
-11.0679731 0.7560539
-11.0471897 1.1737580
-11.4668550 1.4808929
-11.7398424 1.2445650
-12.1439247 1.5305971
-12.0361147 2.0890074
-12.0665560 1.7637019
-9.9765015 1.4071038
-7.7854214 1.4911718
-7.3022847 1.1072211
-4.4939556 1.1013087
-1.5006415 0.1663456
-0.9188307 -0.1503347
0.4643812 0.0818010
3.5620699 -1.0688366
4.1133971 -1.2232821
5.5635405 -1.7894807
7.6472149 -2.1616375
8.2360964 -2.1861806
9.9898386 -2.5057948
13.1621542 -3.6999722
14.1017160 -4.0083046
16.0371017 -4.6821833
22.2619762 -7.2024317
25.3639812 -8.1106291
32.8243065 -9.9030809
33.9897652 -8.3761034
29.0633850 -7.7328072
21.7866459 -7.3331256
13.7992954 -6.7827711
12.9134159 -6.5153461
13.0273314 -6.4628510
9.7949829 -6.3457537
9.5541992 -6.2101064
7.0423002 -6.4512053
3.9648919 -6.4772129
4.0078912 -6.1118584
0.9988753 -6.7347136
-1.8763709 -6.8146496
-2.0998294 -6.4522624
-4.2606640 -6.5939527
-5.7388654 -6.2769427
-6.4640059 -6.0476894
-6.1299658 -5.2926865
-5.8818130 -4.8012714
-6.6927304 -4.7376451
-5.3298030 -3.9515259
-5.0034132 -3.3279231
-5.5735917 -3.1744771
-4.8626008 -2.9450836
-4.6630640 -2.3392510
-5.0785604 -2.2084489
-4.5187092 -2.1380677
-4.3709464 -1.6575119
-4.6812778 -1.5476705
-4.2606564 -1.5129081
-4.1503286 -1.1458420
-4.3887982 -1.0594022
-4.0760655 -1.0245661
-4.0058756 -0.7440233
-4.1983752 -0.6824793
-4.0015917 -0.6279626
-4.0151081 -0.4097302
-4.1873007 -0.3745500
-4.1261110 -0.3012360
-4.2474260 -0.1264993
-4.4421768 -0.1167924
0.0000000 0.0000000
0.0000000 0.0000000
-12.4420633 0.0837136
-12.5659027 0.0417865
-10.2672729 0.2826304
-11.1427488 0.2781025
-11.2606020 0.1514341
-10.9521275 0.4624699
-11.2250099 0.5811186
-11.3819056 0.3705392
-11.4659224 0.7270586
-11.9710550 1.0376853
-12.1995287 0.7616462
-12.6401987 0.9073842
-12.0350513 1.4262938
-12.0075102 1.0613176
-9.4723377 0.7857423
-6.8440909 0.7855663
-6.4449592 0.4953783
-3.4339626 0.5243273
-0.3437414 -0.3573462
0.0613005 -0.6930029
1.8608029 -0.3756356
4.4816766 -1.3205566
4.8661184 -1.4320505
6.6647778 -1.9951497
8.9854498 -2.3688490
10.0599070 -2.5825524
11.6414604 -3.6732445
15.2551270 -4.1070037
16.1101780 -3.7365723
20.3230190 -5.0452600
24.1215267 -6.7906017
31.5149994 -13.1939449
36.3542633 -14.5633488
35.9189949 -14.4799843
24.9115257 -8.9919109
13.6200895 -6.6313949
13.2330904 -6.1002111
13.5653486 -5.3154039
12.0415869 -5.7242002
9.3331308 -5.5713964
9.2345333 -4.8669529
6.8928614 -5.3750420
4.0588837 -5.2661610
4.2430682 -4.5600414
1.4003979 -5.5393834
-1.5598140 -5.6838369
-1.4938116 -4.9345293
-4.7611690 -5.7444839
-6.7856450 -5.6221223
-7.2043285 -5.1969953
-7.5338874 -4.4779987
-7.4625320 -4.5373831
-8.2576494 -4.2307806
-6.6818614 -3.5843668
-6.1120386 -2.9448221
-6.6652694 -2.6288970
-5.7567391 -2.6534278
-5.4415431 -2.0210953
-5.8328037 -1.7815074
-5.1761317 -1.8727889
-4.9470129 -1.3969009
-5.2270136 -1.2129121
-4.7536397 -1.2856988
-4.5884686 -0.9446469
-4.7962298 -0.8068462
-4.4576316 -0.8455006
-4.3527207 -0.6031167
-4.5130849 -0.5087111
-4.3000736 -0.5045975
-4.3163681 -0.3290254
-4.4559231 -0.2771859
-4.2502213 -0.2380907
-4.6136332 -0.1021273
-4.7684407 -0.0871285
0.0000000 0.0000000
0.0000000 0.0000000
-12.6094780 -0.0018569
-12.6043053 -0.0466101
-10.3243237 0.1160624
-11.3033981 0.0180446
-11.3084526 -0.1345102
-11.1432428 0.1182760
-11.4666529 0.1485555
-11.5334444 -0.1123433
-11.7912598 0.2452537
-12.3440275 0.4723659
-12.5238724 0.1266236
-12.9481297 0.2549615
-11.9403620 0.7499301
-11.9460993 0.4055545
-9.0592766 0.2032806
-6.0512080 0.1977563
-5.7359633 -0.1792801
-2.3980756 0.0476655
0.6283313 -0.7580226
0.6980448 -1.1016657
3.1904149 -0.8361535
5.3665252 -1.7234451
5.8024640 -2.0312016
7.6880064 -1.9796877
10.7076244 -2.9692383
11.3196640 -3.4370425
12.8884649 -3.6833000
16.0253029 -4.1031470
17.5752029 -4.1383400
31.0522976 -9.5631952
37.6459961 -10.4753742
39.0960007 -9.4670830
29.4013901 -8.1954231
19.3560619 -6.9729233
17.6381741 -6.8088622
14.4479170 -5.3116479
13.4111891 -5.1440802
12.6848593 -4.8112812
11.2675362 -4.8448648
8.8196688 -4.3005400
8.4376001 -3.7348113
6.4732318 -4.0806975
4.0384088 -3.8835831
4.0478239 -3.2825110
1.7067269 -4.0243163
-1.1150478 -4.0152893
-0.9505860 -3.1575994
-4.6151171 -4.4233556
-7.2954030 -4.4481912
-7.4504213 -3.7061923
-8.7139492 -2.9378431
-8.9054976 -3.7180698
-9.5227842 -3.0527945
-7.8932753 -2.9051788
-7.1127806 -2.2507119
-7.5935092 -1.8097898
-6.5756459 -2.0606182
-6.1407456 -1.4686626
-6.4544206 -1.1259079
-5.7483730 -1.3876595
-5.4419684 -0.9774083
-5.6665215 -0.7149667
-5.1637778 -0.9075377
-4.9469490 -0.6345497
-5.1020074 -0.4454712
-4.7590742 -0.5683222
-4.6231136 -0.3932610
-4.7303915 -0.2670857
-4.5164537 -0.3240145
-4.5446010 -0.2164561
-4.6269131 -0.1462041
-4.3325005 -0.1491939
-4.8872399 -0.0648756
-4.9774718 -0.0463078
0.0000000 0.0000000
0.0000000 0.0000000
-12.5085344 -0.0941666
-12.3513403 -0.1421462
-10.2804279 -0.0825361
-11.2506666 -0.3124424
-11.1300106 -0.5058008
-11.1509562 -0.3182086
-11.5166178 -0.3982489
-11.4693270 -0.7202530
-11.9508648 -0.3945993
-12.6151037 -0.2366333
-12.7167406 -0.6944283
-13.2715445 -0.4715199
-11.8834915 0.0460238
-11.9265985 -0.5385516
-8.5408115 -0.5285336
-5.3287997 -0.5673019
-5.2103477 -0.9503439
-1.6571790 -0.5083341
1.4589870 -1.1039420
1.1001879 -1.2794669
4.3921928 -1.4544986
6.6887498 -2.0884314
7.2295961 -2.0769310
8.9495440 -2.1958849
11.8617249 -3.2754366
11.7518787 -3.3463686
13.7400837 -2.5256684
23.2996922 -6.5600629
23.0915890 -5.7956939
33.9590263 -9.3231030
37.8657265 -10.5055609
39.1659241 -12.0515385
26.9808998 -9.4390030
14.0681534 -4.9777989
14.7059803 -4.5095468
13.5423059 -4.4240303
12.1786823 -4.1359825
11.8583755 -3.4507480
10.1875496 -3.5393059
8.0933580 -3.0353398
7.8076558 -2.2160714
6.1358681 -2.8982506
3.8459258 -2.6319799
4.1255417 -1.9441837
1.3572530 -2.5887902
-1.0454572 -2.4563594
-1.0629151 -1.7667775
-4.1573863 -2.5532846
-7.4728737 -2.8930812
-7.4776044 -1.9983124
-9.2947607 -1.5544996
-9.9145937 -2.3169119
-10.2860022 -1.5202537
-8.9905634 -1.7162063
-7.9414558 -1.2243707
-8.2793884 -0.6010458
-7.1870756 -1.1737316
-6.6549840 -0.7101083
-6.8704290 -0.2712213
-6.1730185 -0.6995085
-5.7911744 -0.4019010
-5.9169154 -0.0795350
-5.4475265 -0.3883555
-5.1802115 -0.2200423
-5.2520638 0.0117370
-4.9440985 -0.2009883
-4.7782121 -0.1159851
-4.8137865 0.0383586
-4.6274538 -0.0920250
-4.6600423 -0.0632193
-4.6718411 0.0224132
-4.3726525 -0.0334910
-5.0280714 -0.0235910
-5.0433631 -0.0020680
0.0000000 0.0000000
0.0000000 0.0000000
-12.1092501 -0.1987886
-11.7702742 -0.2491261
-9.9950027 -0.3187817
-10.9523087 -0.7327192
-10.6554699 -0.9496595
-10.9135494 -0.8242237
-11.3612061 -1.1075696
-11.1207800 -1.5030597
-11.9056149 -1.1906772
-12.6685543 -1.2282656
-12.5694551 -1.8479598
-13.4033566 -1.7077357
-11.8260431 -1.1576451
-12.0071840 -1.8601539
-8.3791914 -1.4768585
-4.9350176 -1.1935713
-5.4762692 -1.6329985
-1.1599705 -1.0128924
1.8256379 -1.4111474
0.7125581 -1.9744740
5.1700773 -1.3349571
8.1154480 -2.1617074
8.4151011 -2.1894319
10.1783171 -2.7353873
12.7699518 -3.1212113
13.5024052 -2.3495169
18.1740456 -3.4026976
25.4742794 -6.6958771
37.0440636 -10.0948887
38.1727867 -8.7540894
36.0640869 -7.5977678
27.6645470 -6.4884667
19.3036423 -5.6440816
13.4224405 -4.1003141
12.3843985 -4.1815543
12.7906036 -3.9079423
10.9539547 -3.1576335
9.9102955 -2.9647069
8.9466953 -2.3149948
7.0118322 -1.5929466
6.3976226 -1.2974596
6.1474261 -1.7854272
4.1496339 -1.2886082
4.3060565 -0.5073126
0.8137879 -1.5130737
-1.6672888 -0.7864488
-1.2677128 0.0111658
-4.1370344 -0.7163594
-7.4232655 -0.9150264
-7.4838986 0.2480224
-9.9151134 0.1736995
-10.6151028 -0.5105717
-10.8069115 0.5612958
-9.5928831 -0.3220769
-8.3881960 0.0750836
-8.5145979 0.7205270
-7.5695152 0.0232640
-6.9396963 0.2348410
-6.9825239 0.7426383
-6.3796992 0.1797626
-5.9398761 0.2918464
-5.9436641 0.6628338
-5.5484142 0.2422314
-5.2450142 0.2775710
-5.2184129 0.5392816
-4.9754324 0.2330344
-4.7879038 0.2156864
-4.7400751 0.3889687
-4.6103363 0.1790915
-4.6369386 0.1221819
-4.5732903 0.2196819
-4.3232274 0.0981306
-5.0175881 0.0222068
-4.9531755 0.0457073
0.0000000 0.0000000
0.0000000 0.0000000
-11.3701191 -0.3082502
-10.8302088 -0.3615269
-9.4252272 -0.5948054
-10.3295832 -1.1929265
-9.8447714 -1.4164007
-10.3387184 -1.4268175
-10.8448477 -1.9643122
-10.3414927 -2.3795495
-11.4339314 -2.1713481
-12.3596754 -2.5904081
-11.8568354 -3.2803802
-13.3652134 -3.1350369
-12.0476046 -2.7019241
-12.0918922 -3.7448933
-8.7966824 -3.0036247
-4.9478359 -2.2983589
-5.6501966 -3.5530505
-1.0097301 -1.9859149
2.0726595 -2.0705349
1.0324887 -3.4851975
5.3973341 -1.3741471
8.2993298 -2.4978056
7.8831153 -3.1046839
10.4088154 -2.2294354
13.9549732 -2.7508714
15.3955040 -3.4199414
25.8180923 -8.8150244
33.3491745 -11.9495239
37.8543777 -9.9367504
36.5454140 -10.0881920
31.0175285 -8.9865274
24.0423431 -6.4861827
14.6681757 -4.1905646
12.8627062 -3.9151301
12.5142393 -3.1746624
11.0813169 -3.0553336
9.3069468 -2.5780609
8.6294813 -2.1124303
7.6574917 -1.3576730
5.6810269 -1.4570433
4.8502054 -1.2442176
5.6444554 -0.7294120
3.5046918 0.1080558
2.2430191 0.6597831
0.5862781 0.0172327
-2.0870810 0.8154680
-2.3616545 1.9249130
-4.5123925 1.2079479
-7.9288850 1.1683878
-7.9588466 2.3444192
-10.1085434 2.0368798
-10.7057505 1.7860899
-10.7367210 2.8699663
-9.7115049 1.5797201
-8.4258022 1.5279549
-8.3413944 2.2713580
-7.5509663 1.3271905
-6.8917589 1.3163297
-6.7720656 1.8445734
-6.3041682 1.1363249
-5.8430362 1.0741135
-5.7084489 1.4576805
-5.4301057 0.9261862
-5.1133809 0.8284599
-4.9742560 1.1002935
-4.8289046 0.7022052
-4.6340466 0.5807072
-4.4931455 0.7617139
-4.4428463 0.4723111
-4.4674835 0.3282210
-4.3207240 0.4305511
-4.1430297 0.2375752
-4.8449335 0.0720672
-4.6942506 0.0978580
0.0000000 0.0000000
0.0000000 0.0000000
-10.2669172 -0.4183739
-9.5331392 -0.4678277
-8.5453176 -0.8795565
-9.3598337 -1.6551112
-8.6931038 -1.8633094
-9.3820705 -2.0466509
-9.8811865 -2.8266485
-9.1475868 -3.2209868
-10.4125824 -3.2399909
-11.3866072 -4.1318541
-10.4260626 -4.7914596
-12.6597929 -4.7824068
-12.2461309 -5.2158566
-11.6871262 -6.4251065
-9.3641586 -5.6354871
-5.4903312 -4.5263224
-5.8805122 -5.9541416
-2.1748180 -4.2593312
1.5718819 -3.5977359
1.8307471 -4.5292459
5.7205949 -3.3501949
8.0235176 -4.1260390
8.1155767 -5.7127671
10.8711987 -3.2524471
21.8074436 -7.3872108
21.2970486 -8.5734110
31.8294067 -9.6197405
37.3084984 -8.0674448
35.8455124 -5.4847007
29.7213135 -5.1673746
21.6695557 -3.6204789
16.7666988 -2.8035705
15.7162380 -3.1773391
12.1934528 -3.3789093
11.4578304 -3.5893924
9.6025257 -2.1158791
7.4643583 -1.7962928
6.1754327 -1.1347766
7.7172947 -0.4960038
5.0470276 -0.5444343
4.1386218 0.7157156
3.8018570 0.5000638
1.7655499 1.1734389
-0.0877159 2.5343709
-0.5262812 2.1404471
-2.8685384 3.2766111
-3.1550839 4.4469275
-5.2544670 3.6669731
-8.0914335 3.4276354
-9.3213892 5.3694596
-10.8862638 4.0963464
-10.1386518 4.2322927
-9.7060108 4.9794135
-9.0453033 3.4111824
-8.0034304 3.1030421
-7.5208058 3.8349392
-7.1350570 2.6988795
-6.5156684 2.4150085
-6.1490507 2.9545016
-5.9181108 2.1191623
-5.4872117 1.8650640
-5.1886683 2.2523940
-5.0742860 1.6198907
-4.7752857 1.3869443
-4.5146823 1.6576892
-4.4929638 1.1756786
-4.3076758 0.9514396
-4.0696321 1.1286094
-4.1162744 0.7669989
-4.1437669 0.5387553
-3.9119034 0.6390176
-3.8255904 0.3757228
-4.4991393 0.1253235
-4.2627945 0.1502579
0.0000000 0.0000000
0.0000000 0.0000000
-8.8186998 -0.5121769
-7.9209986 -0.5513274
-7.3643055 -1.1528157
-8.0404625 -2.0595074
-7.2261133 -2.2200136
-8.0452805 -2.6154912
-8.4669724 -3.5878329
-7.5579901 -3.8807521
-8.8164072 -4.1891298
-9.5990381 -5.4450765
-8.3488770 -5.8482089
-10.5400896 -6.3098979
-11.1423359 -7.7382646
-9.4093618 -8.2501926
-9.6123505 -9.1700611
-7.6105928 -8.4249163
-4.6359644 -9.7286167
-4.4334383 -8.8079643
0.5794396 -7.8902173
3.2756143 -9.7037935
4.8837137 -7.1419749
9.2012482 -6.9489760
9.3414373 -9.5358324
18.0959644 -9.0679808
19.9080257 -10.5298052
24.5962830 -10.9026651
29.1797180 -9.9673166
31.2166138 -7.5818634
28.0026264 -5.5118279
29.7948399 -6.6043296
22.0661926 -2.0805380
17.7541943 -0.1514474
13.3415241 -1.1312180
9.7139359 -0.3871072
7.6788297 1.8575652
8.5861683 1.8443177
5.9876056 0.7454502
6.0136824 2.7186279
5.2641582 2.3356144
4.0739360 2.5343566
2.6091342 4.3641257
2.4209020 3.3052638
-0.3072991 4.2387147
-2.3762722 6.6948619
-2.6166680 4.7072291
-3.8439579 5.6957059
-5.8290410 7.8275242
-5.9880519 6.9447289
-8.8024073 8.2262373
-9.4590082 9.2815819
-10.1921053 6.9903631
-8.9556580 6.0918555
-7.7946959 6.9096699
-7.7164111 5.1844525
-7.0512919 4.5085521
-6.2439628 5.1722703
-6.2667384 3.9655032
-5.7729292 3.4311161
-5.1847634 3.9320664
-5.2272000 3.0271840
-4.8669620 2.6014798
-4.4108667 2.9663937
-4.4874892 2.2654383
-4.2300978 1.9068253
-3.8545704 2.1656532
-3.9702914 1.6157750
-3.8117521 1.2974035
-3.4865513 1.4678630
-3.6333222 1.0423607
-3.6700208 0.7351221
-3.3579335 0.8275688
-3.3731992 0.5015337
-3.9848354 0.1727952
-3.6685832 0.1918215
0.0000000 0.0000000
0.0000000 0.0000000
-7.0818429 -0.5817761
-6.0673175 -0.6122197
-5.9385796 -1.3800175
-6.4425459 -2.3626916
-5.5436587 -2.4769413
-6.4162941 -3.0792503
-6.7051187 -4.1329098
-5.7260108 -4.3448801
-6.8808379 -4.9222431
-7.3359017 -6.1870508
-6.1184573 -6.5166836
-7.6987162 -7.2094769
-8.6135359 -8.9307680
-6.6683674 -9.3659210
-8.7015333 -10.7229223
-6.5018001 -11.5846500
-5.3169699 -12.5479288
-4.7316737 -12.9000883
0.8872928 -13.2427082
0.3242865 -14.2583265
6.2621465 -13.6562557
9.0587893 -13.0321903
8.3594732 -14.4120016
18.2721119 -12.6894970
21.0187263 -10.4188242
20.1528244 -10.7504721
22.3902378 -5.0796022
22.2917576 -1.4377238
22.4256363 -2.6401644
20.8677406 1.1013203
20.5564404 3.5674963
18.6458588 1.9522794
11.0231113 2.8093460
6.7512197 5.1709714
5.7643247 9.6348763
6.9708347 7.3119345
6.2319570 5.3492465
6.6575975 7.3164973
3.7141657 6.5522828
1.3182667 6.5585399
-0.0859953 10.1980762
0.7094655 7.8029542
-0.9043882 9.3030748
-1.4698318 11.2724829
-4.8929839 10.6224842
-6.5632334 10.1653929
-6.1552062 12.4176607
-7.2721376 10.5986071
-8.5957222 10.2558212
-6.5659151 10.4234571
-7.2161469 8.9754257
-6.7438722 7.3953710
-5.6219864 7.8532867
-6.0238895 6.5431919
-5.5950050 5.6096854
-4.7767282 6.0947800
-5.0525675 4.9706664
-4.6961050 4.2937436
-4.0274439 4.7047005
-4.2772083 3.7894952
-4.0096579 3.2371964
-3.4429691 3.5614634
-3.6975811 2.8239467
-3.5007143 2.3629541
-3.0195451 2.5903730
-3.2847850 1.9993068
-3.1588383 1.6034755
-2.7445710 1.7446703
-3.0077283 1.2766478
-3.0531962 0.9017087
-2.6791866 0.9783980
-2.7793489 0.6263926
-3.3460031 0.1794305
-2.9370348 0.2092322
0.0000000 0.0000000
0.0000000 0.0000000
-5.1230140 -0.6248769
-4.0321598 -0.6577430
-4.3389106 -1.5525684
-4.6367564 -2.5449374
-3.7218504 -2.6533282
-4.5936246 -3.3757493
-4.7373571 -4.4476886
-3.8451858 -4.5842805
-4.7553797 -5.3436084
-4.8973346 -6.5665779
-4.0684013 -6.6898966
-4.7785254 -7.6473188
-4.8149915 -9.1790619
-4.1879210 -9.0752716
-4.3537102 -10.4447136
-3.5888979 -12.3950129
-3.7358906 -11.2788963
-0.9091547 -13.0221910
1.2699407 -13.5517902
0.2298366 -12.3094606
4.9658661 -12.7595453
9.0992470 -11.4341125
4.8717484 -10.7833996
12.5080042 -8.9954090
14.5257826 -6.8259945
11.3981714 -3.5401814
15.2567444 -3.9456491
15.2449188 -1.1125464
11.9619799 6.9599142
15.4422874 3.0662320
12.3874989 11.6230154
9.5216455 10.9072514
6.4703288 10.7457228
7.1349521 10.4075842
9.0034866 9.6903820
8.0955458 9.2101221
5.0763159 11.8056993
2.3012321 16.5673866
0.8981991 14.1021423
-1.1529382 15.0055609
0.2443448 16.1493740
-1.5003290 14.7593660
-3.6099730 15.0004053
-2.1955674 16.1114883
-4.7132454 15.1144533
-5.8978615 14.2558146
-3.6543851 13.5506449
-5.7572765 12.0400038
-5.2042937 10.3790541
-3.6485176 10.7274055
-4.9044585 9.4639425
-4.6743488 8.2225752
-3.4730098 8.5137243
-4.2820868 7.3860722
-4.0107155 6.4311786
-3.1314027 6.7137260
-3.6738067 5.7139258
-3.4200435 4.9693708
-2.7260377 5.2650037
-3.1496949 4.3744268
-2.9472530 3.7640538
-2.3627341 4.0475802
-2.7412448 3.2650328
-2.5999720 2.7327089
-2.0812476 2.9861209
-2.4481595 2.3100343
-2.3752823 1.8323796
-1.9007688 2.0365362
-2.2713342 1.4500979
-2.3088970 1.0623201
-1.9107795 1.1863643
-2.0984685 0.6848575
-2.5208750 0.2916186
-2.1800621 0.4092935
0.0000000 0.0000000
0.0000000 0.0000000
-2.9891791 -0.6722525
-1.7664506 -0.7503523
-2.5879300 -1.7854296
-2.7030556 -2.8086953
-1.6709284 -3.1277812
-2.6927090 -3.7808309
-2.7204108 -4.7660904
-1.7907933 -5.2909150
-2.6701097 -5.7499886
-2.6200819 -6.7337213
-1.9095714 -7.2258692
-2.4410620 -7.7642975
-2.1588871 -8.7872381
-1.8716234 -8.6759281
-1.6857721 -9.8550568
-1.2126007 -10.7613869
-1.4411961 -9.5084286
-0.3455535 -11.5263052
1.1676257 -11.7348824
-0.0630421 -9.5761385
3.0951583 -11.1040440
5.0841780 -9.4487877
2.5026989 -8.3483019
6.8010473 -6.2707429
7.4374871 -4.7813926
4.4866738 -2.7830768
8.4315786 -1.5175253
8.8376188 1.2655879
4.6706066 3.5666771
8.7528458 4.0064721
8.1323757 7.8936796
4.0517540 8.6259327
6.5572505 11.3426018
4.8141441 14.3800945
2.7887509 12.6111193
2.9076059 15.8642378
1.8005694 16.3624382
0.9819360 14.3771658
0.6581225 16.4408760
-0.3506165 16.7114887
-0.4624538 14.4168940
-1.4412369 16.4978561
-2.0293782 15.3163223
-1.2542598 13.7703409
-2.1887939 14.2705326
-2.4333906 12.9541626
-1.7599775 13.4480000
-2.8106894 11.9472713
-2.8691707 10.8795776
-1.8248404 12.4885492
-2.8253257 9.9950876
-2.7446148 9.1058397
-1.6423248 10.9356298
-2.5932760 8.3238440
-2.4487650 7.5034571
-1.3952793 9.0827398
-2.2591734 6.7628484
-2.1051836 6.0278211
-1.1654022 7.2510662
-1.9363487 5.3389540
-1.8055179 4.6858172
-0.9828894 5.5829248
-1.6753093 4.0580363
-1.5800438 3.4734268
-0.8538936 4.0968866
-1.4897186 2.9016776
-1.4497745 2.3647707
-0.7791861 2.7504978
-1.4075813 1.8437288
-1.5221940 1.3372124
-0.7745890 1.5398871
-1.4387892 0.7948666
-1.5952924 0.4789020
-0.7140973 0.4076531
0.0000000 0.0000000
0.0000000 0.0000000
-0.5733340 -0.7205707
0.0000000 0.0000000
-0.5545723 -1.6230134
-0.5609824 -2.6514606
0.0000000 0.0000000
-0.5719716 -3.6050456
-0.6084481 -4.6375647
0.0000000 0.0000000
-0.6183160 -5.7224832
-0.6384087 -6.8155642
0.0000000 0.0000000
-0.6235846 -7.9382653
-0.5700413 -8.9861841
0.0000000 0.0000000
-0.4139635 -10.0939274
-0.1691353 -10.8610802
0.0000000 0.0000000
0.0816436 -11.2246494
0.3253686 -11.2467804
0.0000000 0.0000000
0.6182082 -10.5812597
1.1777335 -9.4568882
0.0000000 0.0000000
1.7933395 -7.1311960
1.7584367 -4.4440441
0.0000000 0.0000000
2.1845360 -1.1395427
1.9556513 2.1257908
0.0000000 0.0000000
2.0512888 5.0385351
1.9285548 8.4943657
0.0000000 0.0000000
1.6661201 10.7048063
1.3066218 13.6113548
0.0000000 0.0000000
0.8452055 14.9442120
0.6028469 16.2210598
0.0000000 0.0000000
0.3001850 16.9179287
0.0506516 16.9645519
0.0000000 0.0000000
-0.2743340 16.9657650
-0.5596727 16.2257462
0.0000000 0.0000000
-0.7645263 15.3920650
-0.8305172 14.0635748
0.0000000 0.0000000
-0.8799646 12.8773108
-0.8689953 11.4813900
0.0000000 0.0000000
-0.7861489 10.1801443
-0.7161868 8.9726505
0.0000000 0.0000000
-0.6270994 7.8931823
-0.5558552 6.9018550
0.0000000 0.0000000
-0.4875076 6.0446153
-0.4322082 5.2535648
0.0000000 0.0000000
-0.3877595 4.5664368
-0.3481372 3.9248762
0.0000000 0.0000000
-0.3209793 3.3606091
-0.2938766 2.8175082
0.0000000 0.0000000
-0.2768869 2.3378794
-0.2609624 1.8328249
0.0000000 0.0000000
-0.2232526 1.4449987
-0.4315732 0.6688479
0.0000000 0.0000000
0.0327835 0.7056106
-1.4192299 -1.1167641
0.0000000 0.0000000
0.0000000 0.0000000
-6.782566
-5.918858
-4.273418
-5.447023
-8.444732
-11.75801
-15.70596
-20.76682
-28.57454
-42.43146
-71.58345
-135.8788
-222.47
4.348712
-68.82969
-23.45433
-10.917
-1.762904
3.165078
5.743183
7.089144
7.781952
8.166197
8.376178
8.390125
8.378836
-6.663808
-6.192816
-4.987985
-6.167452
-8.946835
-11.90319
-15.57253
-20.381
-27.4856
-39.30199
-63.24466
-138.4041
-188.413
-7.353461
-103.9646
-31.30652
-10.43062
-0.8830171
3.677939
5.975506
7.163664
7.774449
8.093723
8.286797
8.256371
8.229655
-7.691981
-7.369455
-7.041402
-8.316283
-10.24215
-12.62468
-15.81571
-19.74447
-24.76822
-31.49992
-39.86029
-53.42259
-88.12261
-15.64084
-65.53467
-21.31019
-4.011335
2.151323
5.193676
6.679342
7.40986
7.765086
7.907888
7.985794
7.936254
7.917962
-9.086092
-8.881086
-9.501349
-10.51846
-12.08222
-14.09861
-16.64422
-19.35315
-21.83193
-23.48442
-24.69778
-33.51539
0.9251656
59.1206
-30.5791
-15.47706
1.716789
6.07922
7.267472
7.640423
7.721407
7.696502
7.618072
7.546072
7.477884
7.447597
-10.96888
-10.91252
-12.27874
-13.14762
-14.63387
-16.42319
-18.37068
-19.94091
-20.03733
-16.77938
-7.415435
22.09257
40.77905
79.03523
51.1302
23.52514
14.08457
11.05025
9.521412
8.576375
7.934273
7.483226
7.164741
6.937295
6.825741
6.777413
-13.55823
-13.69621
-15.52981
-16.4853
-18.04974
-19.84849
-21.57129
-22.60373
-21.47743
-15.70017
-4.058144
20.09069
9.060401
25.40259
29.5492
24.34745
17.9047
13.70407
10.92828
9.077163
7.842388
7.013096
6.470728
6.104351
5.936497
5.86923
-17.01853
-17.37921
-19.41897
-20.71318
-22.57151
-24.7144
-26.92036
-28.85357
-28.82804
-23.15831
-9.77265
11.00481
13.71046
49.4818
25.95492
23.52793
18.75237
14.57487
11.32105
8.934104
7.284548
6.171052
5.453962
4.985163
4.769598
4.68684
-21.37538
-21.93532
-24.04587
-25.88991
-28.36121
-31.42755
-35.33673
-39.93788
-42.45765
-38.41105
-28.72738
-14.01798
-13.38232
3.357443
14.80035
21.19413
18.24853
14.22247
10.73456
8.032684
6.130248
4.850326
4.035368
3.519158
3.284655
3.194008
-26.48067
-27.18278
-29.3759
-31.91375
-35.32631
-39.92482
-46.47969
-53.59229
-56.69218
-54.2932
-47.09175
-41.29982
-39.02209
-0.1655261
19.94273
23.31805
18.21471
13.05374
9.134896
6.240342
4.249496
2.949516
2.145677
1.657142
1.446819
1.361231
-32.03182
-32.83582
-35.18769
-38.50074
-43.08021
-49.55779
-58.85613
-66.51704
-68.42232
-64.83603
-58.02414
-53.39084
-41.37262
23.49095
45.70064
28.37342
17.32666
10.38421
6.130538
3.313159
1.493274
0.3801064
-0.2657567
-0.6290376
-0.7617171
-0.8253793
-37.58819
-38.49022
-41.08572
-45.1985
-51.01217
-59.38714
-70.93648
-77.53693
-77.58145
-71.54061
-61.08341
-46.43845
-43.54467
15.54596
21.01822
18.42893
10.4669
4.581152
1.086347
-1.046825
-2.270238
-2.90853
-3.20901
-3.332591
-3.328474
-3.350083
-42.62741
-43.65338
-46.54934
-51.4549
-58.49028
-68.46939
-80.89292
-86.13294
-85.16237
-78.4398
-66.90277
-49.74982
-36.25779
-0.6767504
3.66965
1.752409
-2.062631
-4.898864
-6.306506
-6.977316
-7.06212
-6.885504
-6.631164
-6.392347
-6.194156
-6.152875
-46.52699
-47.70379
-50.93718
-56.61458
-64.91049
-76.22633
-87.29322
-91.4049
-90.5917
-84.56
-75.98387
-53.30158
-19.65261
-13.78101
-21.95425
-23.08007
-20.7034
-17.99235
-16.08941
-14.36778
-12.72836
-11.39956
-10.39108
-9.678676
-9.236066
-9.114609
-48.58965
-49.95054
-53.58719
-60.06073
-69.58486
-82.08859
-91.53865
-94.14807
-93.25659
-88.41071
-81.61875
-82.89101
-56.79647
-52.33852
-54.70173
-53.99542
-45.30657
-34.15663
-27.85518
-22.76653
-18.90333
-16.15541
-14.24437
-12.98255
-12.25886
-12.03685
-47.94484
-49.60936
-53.82699
-61.31907
-72.2811
-85.59823
-93.89013
-95.89971
-95.85259
-94.31906
-91.41713
-90.93987
-106.6434
-90.5123
-88.32699
-84.29547
-72.35273
-52.66069
-40.5024
-31.34693
-25.02566
-20.73288
-17.8529
-16.01463
-15.00806
-14.66918
-43.88553
-45.58556
-50.8413
-59.94088
-73.34372
-88.28174
-96.33509
-97.98262
-98.17088
-98.06205
-105.7372
-110.0961
-102.7173
-107.7234
-110.1041
-107.6072
-96.03243
-71.4789
-52.21124
-38.99776
-30.36661
-24.60714
-20.80807
-18.42446
-17.15144
-16.72171
-35.97987
-37.75425
-44.23422
-55.43117
-72.50309
-90.87668
-99.58394
-101.0097
-99.12751
-94.50448
-88.45502
-114.1485
-122.0896
-123.0191
-124.7858
-122.909
-112.8238
-87.17396
-61.31495
-44.75295
-34.22269
-27.26948
-22.71695
-19.87567
-18.34402
-17.8808
-24.08459
-26.01939
-33.36758
-46.71636
-68.531
-93.15512
-102.8622
-105.5876
-104.7727
-102.8703
-109.3674
-107.8901
-119.7222
-127.9521
-133.1985
-132.6793
-123.5173
-97.13648
-66.4175
-47.83417
-35.96386
-28.25172
-23.25655
-20.15069
-18.44634
-17.97374
-8.375172
-10.30367
-17.74513
-31.99558
-58.45615
-93.11339
-107.8149
-111.2835
-110.2304
-121.9717
-123.4783
-126.5695
-127.2603
-130.2035
-136.4647
-138.1354
-128.3059
-102.4826
-67.33882
-47.5339
-35.29552
-27.41655
-22.35426
-19.22254
-17.50119
-17.02328
10.43583
8.735795
2.039431
-11.12103
-37.21036
-83.68598
-108.6985
-113.093
-105.3049
-99.98484
-100.9239
-104.4415
-124.4185
-134.0249
-138.0752
-138.0106
-127.6778
-95.80464
-63.46811
-44.24446
-32.36844
-24.86663
-20.11192
-17.19205
-15.59159
-15.13758
30.87342
29.59397
24.48783
14.34174
-4.950022
-51.09472
-89.63304
-110.8037
-93.87543
-58.63179
-95.37674
-120.916
-129.9984
-135.6604
-140.6297
-135.8859
-123.6307
-83.34704
-54.15003
-37.64598
-27.4271
-20.94665
-16.83893
-14.3286
-12.96001
-12.58257
51.08317
50.28322
47.01407
40.70169
29.41847
3.243781
-34.60815
-54.79263
-43.9893
-12.91013
-35.58679
-102.0015
-114.8231
-133.6611
-135.0486
-125.7952
-105.7072
-65.21114
-42.52787
-29.53304
-21.44613
-16.29685
-13.04036
-11.05976
-9.968933
-9.725995
69.15725
68.85466
67.63775
65.38388
61.57526
58.30832
53.00655
68.84837
98.20355
120.4285
73.19776
-12.0022
-78.90915
-111.5679
-115.6331
-96.27464
-69.40828
-47.56134
-31.94811
-21.9894
-15.69132
-11.70313
-9.244506
-7.855071
-7.078341
-6.578876
83.35186
83.43804
83.5914
84.40152
87.13132
94.57548
111.4579
140.7835
187.1899
190.8028
143.1552
75.95281
3.327332
-42.52088
-60.33499
-55.93697
-43.38406
-32.30558
-22.77309
-15.69673
-10.93609
-7.895395
-6.078733
-5.153191
-4.914885
-4.571627
92.25081
92.60208
93.96018
96.73981
102.2621
112.0519
132.8045
164.3255
202.1072
208.4639
179.144
130.1188
61.63445
7.178233
-25.09864
-35.9613
-30.8435
-23.13677
-16.4353
-11.30816
-7.735653
-5.396857
-3.985282
-3.283812
-3.44562
-3.889112
93.96109
94.42234
96.08202
99.40283
105.8725
116.8541
137.6272
170.5125
202.9955
212.1544
185.3388
138.4732
74.71413
18.851
-15.02211
-27.55511
-27.07689
-21.26612
-15.6043
-10.94779
-7.518346
-5.204398
-3.784596
-3.070397
-3.083343
0
