0.0000000 0.0000000
0.0000000 0.0000000
0.0000000 0.0000000
0.0000000 0.0000000
0.0000000 0.0000000
0.0000000 0.0000000
0.0000000 0.0000000
0.0000000 0.0000000
0.0000000 0.0000000
0.0000000 0.0000000
0.0000000 0.0000000
0.0000000 0.0000000
0.0000000 0.0000000
0.0000000 0.0000000
0.0000000 0.0000000
0.0000000 0.0000000
0.0000000 0.0000000
-0.0000162 0.0000162
-0.0000335 0.0000668
-0.0000335 0.0001312
-0.0000164 0.0001779
0.0000105 0.0001823
0.0000367 0.0001364
0.0000528 0.0000504
0.0000529 -0.0000506
0.0000369 -0.0001365
0.0000106 -0.0001824
-0.0000163 -0.0001780
-0.0000336 -0.0001312
-0.0000338 -0.0000666
-0.0000164 -0.0000165
0.0000000 0.0000000
0.0000000 0.0000000
-0.0000687 0.0000363
-0.0001173 0.0001245
-0.0001110 0.0002241
-0.0000506 0.0002912
0.0000408 0.0002918
0.0001291 0.0002157
0.0001827 0.0000795
0.0001826 -0.0000796
0.0001289 -0.0002160
0.0000405 -0.0002920
-0.0000507 -0.0002915
-0.0001111 -0.0002244
-0.0001172 -0.0001245
-0.0000683 -0.0000367
0.0000000 0.0000000
0.0000000 0.0000000
-0.0001471 0.0000469
-0.0002300 0.0001548
-0.0002087 0.0002707
-0.0000895 0.0003445
0.0000847 0.0003408
0.0002514 0.0002500
0.0003524 0.0000916
0.0003524 -0.0000923
0.0002513 -0.0002506
0.0000844 -0.0003414
-0.0000897 -0.0003450
-0.0002090 -0.0002710
-0.0002301 -0.0001550
-0.0001470 -0.0000470
0.0000000 0.0000000
0.0000000 0.0000000
-0.0002351 0.0000478
-0.0003521 0.0001563
-0.0003111 0.0002705
-0.0001274 0.0003412
0.0001341 0.0003353
0.0003823 0.0002448
0.0005321 0.0000894
0.0005320 -0.0000906
0.0003821 -0.0002459
0.0001336 -0.0003362
-0.0001277 -0.0003420
-0.0003115 -0.0002710
-0.0003525 -0.0001565
-0.0002351 -0.0000478
0.0000000 0.0000000
0.0000000 0.0000000
-0.0003170 0.0000407
-0.0004646 0.0001327
-0.0004037 0.0002290
-0.0001603 0.0002877
0.0001805 0.0002816
0.0005019 0.0002050
0.0006953 0.0000745
0.0006952 -0.0000764
0.0005015 -0.0002067
0.0001798 -0.0002830
-0.0001609 -0.0002887
-0.0004045 -0.0002296
-0.0004652 -0.0001331
-0.0003171 -0.0000407
0.0000000 0.0000000
0.0000000 0.0000000
-0.0003799 0.0000275
-0.0005510 0.0000897
-0.0004743 0.0001545
-0.0001847 0.0001938
0.0002166 0.0001893
0.0005934 0.0001375
0.0008198 0.0000497
0.0008195 -0.0000519
0.0005927 -0.0001395
0.0002156 -0.0001910
-0.0001858 -0.0001949
-0.0004755 -0.0001553
-0.0005519 -0.0000901
-0.0003803 -0.0000275
0.0000000 0.0000000
0.0000000 0.0000000
-0.0004150 0.0000105
-0.0005989 0.0000340
-0.0005133 0.0000584
-0.0001980 0.0000730
0.0002367 0.0000712
0.0006442 0.0000514
0.0008887 0.0000182
0.0008884 -0.0000203
0.0006433 -0.0000533
0.0002354 -0.0000727
-0.0001996 -0.0000741
-0.0005149 -0.0000590
-0.0006001 -0.0000343
-0.0004156 -0.0000104
0.0000000 0.0000000
0.0000000 0.0000000
-0.0004174 -0.0000082
-0.0006017 -0.0000270
-0.0005151 -0.0000465
-0.0001983 -0.0000585
0.0002384 -0.0000573
0.0006480 -0.0000420
0.0008931 -0.0000158
0.0008927 0.0000144
0.0006468 0.0000407
0.0002367 0.0000563
-0.0002002 0.0000578
-0.0005169 0.0000462
-0.0006031 0.0000268
-0.0004182 0.0000083
0.0000000 0.0000000
0.0000000 0.0000000
-0.0003857 -0.0000259
-0.0005583 -0.0000847
-0.0004797 -0.0001460
-0.0001861 -0.0001831
0.0002205 -0.0001791
0.0006024 -0.0001304
0.0008311 -0.0000477
0.0008307 0.0000474
0.0006011 0.0001301
0.0002186 0.0001789
-0.0001881 0.0001830
-0.0004817 0.0001460
-0.0005599 0.0000847
-0.0003867 0.0000260
0.0000000 0.0000000
0.0000000 0.0000000
-0.0003246 -0.0000401
-0.0004747 -0.0001310
-0.0004114 -0.0002258
-0.0001623 -0.0002835
0.0001858 -0.0002775
0.0005139 -0.0002020
0.0007108 -0.0000735
0.0007104 0.0000744
0.0005126 0.0002029
0.0001839 0.0002782
-0.0001642 0.0002841
-0.0004132 0.0002262
-0.0004762 0.0001312
-0.0003256 0.0000403
0.0000000 0.0000000
0.0000000 0.0000000
-0.0002427 -0.0000484
-0.0003624 -0.0001580
-0.0003191 -0.0002731
-0.0001297 -0.0003441
0.0001394 -0.0003378
0.0003944 -0.0002463
0.0005479 -0.0000894
0.0005476 0.0000915
0.0003934 0.0002482
0.0001377 0.0003394
-0.0001312 0.0003453
-0.0003206 0.0002739
-0.0003636 0.0001584
-0.0002435 0.0000485
0.0000000 0.0000000
0.0000000 0.0000000
-0.0001528 -0.0000484
-0.0002381 -0.0001590
-0.0002154 -0.0002776
-0.0000915 -0.0003528
0.0000888 -0.0003485
0.0002610 -0.0002551
0.0003651 -0.0000926
0.0003648 0.0000954
0.0002603 0.0002577
0.0000876 0.0003506
-0.0000926 0.0003543
-0.0002165 0.0002786
-0.0002389 0.0001595
-0.0001534 0.0000484
0.0000000 0.0000000
0.0000000 0.0000000
-0.0000715 -0.0000382
-0.0001219 -0.0001293
-0.0001150 -0.0002324
-0.0000520 -0.0003013
0.0000429 -0.0003015
0.0001345 -0.0002223
0.0001901 -0.0000809
0.0001900 0.0000836
0.0001342 0.0002247
0.0000424 0.0003035
-0.0000524 0.0003027
-0.0001156 0.0002333
-0.0001225 0.0001298
-0.0000721 0.0000379
0.0000000 0.0000000
0.0000000 0.0000000
-0.0000173 -0.0000174
-0.0000353 -0.0000697
-0.0000349 -0.0001369
-0.0000168 -0.0001852
0.0000113 -0.0001896
0.0000386 -0.0001415
0.0000552 -0.0000519
0.0000551 0.0000534
0.0000383 0.0001429
0.0000109 0.0001908
-0.0000171 0.0001861
-0.0000350 0.0001374
-0.0000351 0.0000702
-0.0000171 0.0000171
0.0000000 0.0000000
0.0000000 0.0000000
0.0000000 0.0000000
0.0000000 0.0000000
0.0000000 0.0000000
0.0000000 0.0000000
0.0000000 0.0000000
0.0000000 0.0000000
0.0000000 0.0000000
0.0000000 0.0000000
0.0000000 0.0000000
0.0000000 0.0000000
0.0000000 0.0000000
0.0000000 0.0000000
0.0000000 0.0000000
0.0000000 0.0000000
0.0000000 0.0000000
0.0000000 0.0000000
-0.0000004 0.0000004
0.0000000 0.0000000
-0.0000051 0.0000041
-0.0000041 0.0000052
-0.0000072 0.0000161
0.0000000 0.0000000
-0.0000264 0.0000381
-0.0000091 0.0000325
-0.0000100 0.0000505
0.0000000 0.0000000
-0.0000360 0.0000989
-0.0000092 0.0000696
-0.0000077 0.0000856
0.0000000 0.0000000
-0.0000271 0.0001583
-0.0000047 0.0000976
-0.0000013 0.0001031
0.0000000 0.0000000
-0.0000039 0.0001861
0.0000026 0.0001014
0.0000065 0.0000926
0.0000000 0.0000000
0.0000241 0.0001654
0.0000098 0.0000763
0.0000127 0.0000548
0.0000000 0.0000000
0.0000466 0.0000973
0.0000142 0.0000282
0.0000150 0.0000002
0.0000000 0.0000000
0.0000552 0.0000003
0.0000142 -0.0000285
0.0000127 -0.0000544
0.0000000 0.0000000
0.0000470 -0.0000968
0.0000098 -0.0000765
0.0000066 -0.0000924
0.0000000 0.0000000
0.0000249 -0.0001652
0.0000027 -0.0001014
-0.0000012 -0.0001031
0.0000000 0.0000000
-0.0000032 -0.0001862
-0.0000047 -0.0000973
-0.0000076 -0.0000858
0.0000000 0.0000000
-0.0000267 -0.0001587
-0.0000093 -0.0000692
-0.0000101 -0.0000509
0.0000000 0.0000000
-0.0000363 -0.0000995
-0.0000091 -0.0000319
-0.0000071 -0.0000162
0.0000000 0.0000000
-0.0000274 -0.0000381
-0.0000037 -0.0000060
-0.0000001 -0.0000001
0.0000000 0.0000000
-0.0000060 -0.0000037
0.0000000 0.0000000
0.0000000 0.0000000
-0.0000162 0.0000072
-0.0000331 0.0000097
-0.0000385 0.0000270
-0.0000581 0.0000590
-0.0000987 0.0000764
-0.0000708 0.0000985
-0.0000746 0.0001414
-0.0001217 0.0001756
-0.0000687 0.0001831
-0.0000543 0.0002179
-0.0000866 0.0002641
-0.0000323 0.0002421
-0.0000057 0.0002517
-0.0000070 0.0003009
0.0000235 0.0002450
0.0000522 0.0002215
0.0000873 0.0002629
0.0000778 0.0001821
0.0000981 0.0001297
0.0001618 0.0001532
0.0001109 0.0000672
0.0001154 0.0000002
0.0001900 0.0000001
0.0001108 -0.0000673
0.0000981 -0.0001293
0.0001619 -0.0001531
0.0000777 -0.0001822
0.0000522 -0.0002214
0.0000875 -0.0002629
0.0000233 -0.0002451
-0.0000057 -0.0002518
-0.0000067 -0.0003012
-0.0000325 -0.0002421
-0.0000543 -0.0002183
-0.0000865 -0.0002645
-0.0000687 -0.0001833
-0.0000745 -0.0001419
-0.0001217 -0.0001759
-0.0000706 -0.0000986
-0.0000579 -0.0000591
-0.0000987 -0.0000764
-0.0000382 -0.0000280
-0.0000162 -0.0000073
-0.0000327 -0.0000099
0.0000000 0.0000000
0.0000000 0.0000000
-0.0000536 0.0000117
-0.0000775 0.0000127
-0.0001055 0.0000429
-0.0001467 0.0000889
-0.0002001 0.0000966
-0.0001712 0.0001433
-0.0001753 0.0002002
-0.0002331 0.0002150
-0.0001584 0.0002533
-0.0001222 0.0002966
-0.0001595 0.0003154
-0.0000699 0.0003250
-0.0000069 0.0003346
-0.0000058 0.0003535
0.0000614 0.0003233
0.0001282 0.0002906
0.0001727 0.0003056
0.0001878 0.0002380
0.0002347 0.0001688
0.0003130 0.0001770
0.0002645 0.0000874
0.0002749 -0.0000001
0.0003660 -0.0000002
0.0002646 -0.0000878
0.0002348 -0.0001690
0.0003132 -0.0001775
0.0001879 -0.0002384
0.0001284 -0.0002909
0.0001730 -0.0003061
0.0000614 -0.0003237
-0.0000067 -0.0003350
-0.0000055 -0.0003540
-0.0000699 -0.0003253
-0.0001221 -0.0002970
-0.0001594 -0.0003158
-0.0001585 -0.0002536
-0.0001754 -0.0002005
-0.0002331 -0.0002153
-0.0001713 -0.0001435
-0.0001471 -0.0000890
-0.0002003 -0.0000967
-0.0001058 -0.0000434
-0.0000538 -0.0000118
-0.0000773 -0.0000128
0.0000000 0.0000000
0.0000000 0.0000000
-0.0001024 0.0000133
-0.0001279 0.0000130
-0.0001907 0.0000486
-0.0002558 0.0000995
-0.0003121 0.0000979
-0.0002909 0.0001590
-0.0002925 0.0002201
-0.0003517 0.0002160
-0.0002602 0.0002761
-0.0001971 0.0003209
-0.0002340 0.0003138
-0.0001089 0.0003495
-0.0000037 0.0003579
-0.0000011 0.0003488
0.0001091 0.0003443
0.0002192 0.0003084
0.0002655 0.0002998
0.0003170 0.0002519
0.0003937 0.0001782
0.0004737 0.0001728
0.0004427 0.0000920
0.0004595 -0.0000005
0.0005521 -0.0000007
0.0004427 -0.0000930
0.0003938 -0.0001790
0.0004738 -0.0001741
0.0003170 -0.0002528
0.0002193 -0.0003092
0.0002656 -0.0003009
0.0001091 -0.0003451
-0.0000036 -0.0003586
-0.0000011 -0.0003497
-0.0001089 -0.0003500
-0.0001972 -0.0003215
-0.0002341 -0.0003144
-0.0002604 -0.0002765
-0.0002928 -0.0002204
-0.0003519 -0.0002163
-0.0002913 -0.0001592
-0.0002563 -0.0000997
-0.0003122 -0.0000981
-0.0001911 -0.0000487
-0.0001027 -0.0000133
-0.0001279 -0.0000130
0.0000000 0.0000000
0.0000000 0.0000000
-0.0001522 0.0000124
-0.0001749 0.0000111
-0.0002774 0.0000453
-0.0003658 0.0000925
-0.0004158 0.0000833
-0.0004105 0.0001474
-0.0004081 0.0002034
-0.0004601 0.0001832
-0.0003593 0.0002545
-0.0002687 0.0002948
-0.0003006 0.0002651
-0.0001447 0.0003201
0.0000019 0.0003269
0.0000048 0.0002935
0.0001580 0.0003138
0.0003099 0.0002805
0.0003509 0.0002514
0.0004445 0.0002286
0.0005499 0.0001614
0.0006200 0.0001445
0.0006171 0.0000831
0.0006402 -0.0000009
0.0007210 -0.0000010
0.0006171 -0.0000849
0.0005499 -0.0001630
0.0006199 -0.0001464
0.0004444 -0.0002302
0.0003099 -0.0002819
0.0003507 -0.0002531
0.0001578 -0.0003150
0.0000017 -0.0003280
0.0000045 -0.0002948
-0.0001450 -0.0003209
-0.0002691 -0.0002955
-0.0003010 -0.0002659
-0.0003598 -0.0002549
-0.0004086 -0.0002038
-0.0004606 -0.0001836
-0.0004111 -0.0001476
-0.0003664 -0.0000927
-0.0004162 -0.0000835
-0.0002779 -0.0000452
-0.0001525 -0.0000124
-0.0001750 -0.0000111
0.0000000 0.0000000
0.0000000 0.0000000
-0.0001946 0.0000095
-0.0002110 0.0000075
-0.0003512 0.0000350
-0.0004593 0.0000712
-0.0004955 0.0000564
-0.0005117 0.0001134
-0.0005054 0.0001563
-0.0005430 0.0001238
-0.0004422 0.0001953
-0.0003282 0.0002259
-0.0003509 0.0001788
-0.0001737 0.0002449
0.0000076 0.0002498
0.0000101 0.0001975
0.0002001 0.0002394
0.0003868 0.0002137
0.0004166 0.0001688
0.0005520 0.0001740
0.0006812 0.0001226
0.0007317 0.0000966
0.0007635 0.0000629
0.0007916 -0.0000012
0.0008498 -0.0000012
0.0007633 -0.0000652
0.0006810 -0.0001248
0.0007314 -0.0000990
0.0005517 -0.0001760
0.0003864 -0.0002156
0.0004160 -0.0001707
0.0001995 -0.0002410
0.0000071 -0.0002512
0.0000093 -0.0001989
-0.0001744 -0.0002460
-0.0003289 -0.0002268
-0.0003519 -0.0001797
-0.0004431 -0.0001958
-0.0005063 -0.0001567
-0.0005439 -0.0001242
-0.0005125 -0.0001135
-0.0004600 -0.0000713
-0.0004962 -0.0000565
-0.0003518 -0.0000347
-0.0001950 -0.0000095
-0.0002113 -0.0000075
0.0000000 0.0000000
0.0000000 0.0000000
-0.0002233 0.0000053
-0.0002312 0.0000029
-0.0004012 0.0000196
-0.0005225 0.0000396
-0.0005398 0.0000214
-0.0005800 0.0000631
-0.0005710 0.0000869
-0.0005889 0.0000468
-0.0004979 0.0001085
-0.0003678 0.0001253
-0.0003786 0.0000674
-0.0001927 0.0001358
0.0000120 0.0001383
0.0000133 0.0000743
0.0002288 0.0001325
0.0004389 0.0001180
0.0004533 0.0000632
0.0006245 0.0000959
0.0007695 0.0000673
0.0007937 0.0000358
0.0008619 0.0000343
0.0008934 -0.0000013
0.0009212 -0.0000012
0.0008616 -0.0000367
0.0007691 -0.0000698
0.0007931 -0.0000381
0.0006238 -0.0000981
0.0004381 -0.0001200
0.0004522 -0.0000651
0.0002278 -0.0001341
0.0000109 -0.0001398
0.0000119 -0.0000757
-0.0001940 -0.0001368
-0.0003691 -0.0001262
-0.0003801 -0.0000683
-0.0004992 -0.0001090
-0.0005722 -0.0000873
-0.0005903 -0.0000472
-0.0005811 -0.0000632
-0.0005235 -0.0000397
-0.0005408 -0.0000215
-0.0004019 -0.0000192
-0.0002237 -0.0000053
-0.0002315 -0.0000028
0.0000000 0.0000000
0.0000000 0.0000000
-0.0002342 0.0000004
-0.0002324 -0.0000022
-0.0004201 0.0000014
-0.0005464 0.0000024
-0.0005424 -0.0000168
-0.0006058 0.0000038
-0.0005957 0.0000051
-0.0005914 -0.0000371
-0.0005187 0.0000063
-0.0003826 0.0000071
-0.0003799 -0.0000538
-0.0001997 0.0000076
0.0000140 0.0000075
0.0000139 -0.0000597
0.0002400 0.0000071
0.0004589 0.0000061
0.0004557 -0.0000514
0.0006521 0.0000048
0.0008030 0.0000030
0.0007975 -0.0000300
0.0008991 0.0000010
0.0009318 -0.0000011
0.0009253 -0.0000009
0.0008987 -0.0000031
0.0008023 -0.0000050
0.0007966 0.0000284
0.0006510 -0.0000066
0.0004575 -0.0000078
0.0004542 0.0000501
0.0002384 -0.0000085
0.0000123 -0.0000087
0.0000120 0.0000588
-0.0002014 -0.0000084
-0.0003843 -0.0000077
-0.0003818 0.0000533
-0.0005204 -0.0000066
-0.0005972 -0.0000053
-0.0005931 0.0000369
-0.0006072 -0.0000038
-0.0005475 -0.0000024
-0.0005435 0.0000168
-0.0004209 -0.0000010
-0.0002347 -0.0000003
-0.0002328 0.0000022
0.0000000 0.0000000
0.0000000 0.0000000
-0.0002257 -0.0000047
-0.0002143 -0.0000070
-0.0004052 -0.0000171
-0.0005275 -0.0000355
-0.0005024 -0.0000531
-0.0005852 -0.0000566
-0.0005758 -0.0000782
-0.0005497 -0.0001167
-0.0005018 -0.0000976
-0.0003704 -0.0001131
-0.0003545 -0.0001688
-0.0001936 -0.0001226
0.0000130 -0.0001252
0.0000115 -0.0001867
0.0002317 -0.0001201
0.0004436 -0.0001074
0.0004231 -0.0001600
0.0006306 -0.0000877
0.0007768 -0.0000622
0.0007419 -0.0000923
0.0008697 -0.0000325
0.0009014 -0.0000006
0.0008612 -0.0000003
0.0008693 0.0000313
0.0007758 0.0000610
0.0007409 0.0000918
0.0006293 0.0000867
0.0004419 0.0001065
0.0004213 0.0001596
0.0002298 0.0001194
0.0000109 0.0001247
0.0000093 0.0001866
-0.0001957 0.0001224
-0.0003725 0.0001129
-0.0003567 0.0001688
-0.0005037 0.0000977
-0.0005776 0.0000782
-0.0005516 0.0001168
-0.0005867 0.0000568
-0.0005286 0.0000356
-0.0005037 0.0000531
-0.0004060 0.0000176
-0.0002261 0.0000048
-0.0002148 0.0000071
0.0000000 0.0000000
0.0000000 0.0000000
-0.0001988 -0.0000092
-0.0001793 -0.0000109
-0.0003582 -0.0000335
-0.0004679 -0.0000689
-0.0004251 -0.0000822
-0.0005208 -0.0001096
-0.0005138 -0.0001513
-0.0004694 -0.0001806
-0.0004490 -0.0001889
-0.0003326 -0.0002188
-0.0003055 -0.0002612
-0.0001752 -0.0002372
0.0000093 -0.0002421
0.0000067 -0.0002892
0.0002050 -0.0002321
0.0003949 -0.0002074
0.0003599 -0.0002478
0.0005626 -0.0001691
0.0006937 -0.0001195
0.0006341 -0.0001427
0.0007772 -0.0000618
0.0008055 0.0000000
0.0007367 0.0000004
0.0007766 0.0000619
0.0006927 0.0001196
0.0006330 0.0001435
0.0005611 0.0001692
0.0003930 0.0002076
0.0003580 0.0002486
0.0002029 0.0002324
0.0000071 0.0002423
0.0000044 0.0002899
-0.0001775 0.0002376
-0.0003348 0.0002191
-0.0003078 0.0002618
-0.0004510 0.0001894
-0.0005156 0.0001516
-0.0004712 0.0001809
-0.0005222 0.0001100
-0.0004690 0.0000690
-0.0004264 0.0000823
-0.0003589 0.0000339
-0.0001991 0.0000093
-0.0001797 0.0000110
0.0000000 0.0000000
0.0000000 0.0000000
-0.0001570 -0.0000124
-0.0001322 -0.0000132
-0.0002855 -0.0000451
-0.0003758 -0.0000925
-0.0003216 -0.0000991
-0.0004211 -0.0001472
-0.0004179 -0.0002032
-0.0003612 -0.0002181
-0.0003674 -0.0002540
-0.0002740 -0.0002943
-0.0002391 -0.0003166
-0.0001466 -0.0003194
0.0000037 -0.0003263
0.0000007 -0.0003516
0.0001637 -0.0003131
0.0003193 -0.0002798
0.0002747 -0.0003020
0.0004569 -0.0002281
0.0005647 -0.0001611
0.0004882 -0.0001738
0.0006332 -0.0000830
0.0006565 0.0000007
0.0005681 0.0000011
0.0006327 0.0000845
0.0005637 0.0001625
0.0004872 0.0001759
0.0004555 0.0002295
0.0003175 0.0002811
0.0002729 0.0003037
0.0001617 0.0003143
0.0000016 0.0003273
-0.0000013 0.0003530
-0.0001487 0.0003204
-0.0002761 0.0002951
-0.0002411 0.0003176
-0.0003692 0.0002548
-0.0004195 0.0002037
-0.0003628 0.0002187
-0.0004223 0.0001477
-0.0003767 0.0000927
-0.0003226 0.0000993
-0.0002860 0.0000454
-0.0001571 0.0000124
-0.0001326 0.0000132
0.0000000 0.0000000
0.0000000 0.0000000
-0.0001066 -0.0000136
-0.0000806 -0.0000132
-0.0001979 -0.0000496
-0.0002649 -0.0001016
-0.0002077 -0.0000993
-0.0003005 -0.0001621
-0.0003015 -0.0002243
-0.0002408 -0.0002207
-0.0002676 -0.0002811
-0.0002020 -0.0003266
-0.0001637 -0.0003233
-0.0001108 -0.0003554
-0.0000021 -0.0003638
-0.0000044 -0.0003618
0.0001141 -0.0003498
0.0002276 -0.0003131
0.0001801 -0.0003122
0.0003282 -0.0002555
0.0004071 -0.0001804
0.0003247 -0.0001801
0.0004573 -0.0000928
0.0004744 0.0000013
0.0003789 0.0000015
0.0004569 0.0000953
0.0004063 0.0001828
0.0003239 0.0001829
0.0003271 0.0002577
0.0002261 0.0003152
0.0001788 0.0003146
0.0001125 0.0003517
-0.0000039 0.0003655
-0.0000060 0.0003635
-0.0001125 0.0003568
-0.0002037 0.0003277
-0.0001653 0.0003244
-0.0002690 0.0002820
-0.0003027 0.0002249
-0.0002419 0.0002213
-0.0003014 0.0001625
-0.0002654 0.0001018
-0.0002083 0.0000996
-0.0001982 0.0000497
-0.0001066 0.0000136
-0.0000810 0.0000131
0.0000000 0.0000000
0.0000000 0.0000000
-0.0000563 -0.0000123
-0.0000344 -0.0000103
-0.0001104 -0.0000449
-0.0001530 -0.0000921
-0.0001029 -0.0000794
-0.0001778 -0.0001482
-0.0001817 -0.0002069
-0.0001263 -0.0001825
-0.0001637 -0.0002614
-0.0001258 -0.0003058
-0.0000892 -0.0002738
-0.0000715 -0.0003348
-0.0000059 -0.0003445
-0.0000062 -0.0003112
0.0000647 -0.0003325
0.0001340 -0.0002985
0.0000916 -0.0002711
0.0001955 -0.0002441
0.0002440 -0.0001725
0.0001686 -0.0001571
0.0002747 -0.0000888
0.0002853 0.0000016
0.0001975 0.0000016
0.0002745 0.0000916
0.0002434 0.0001754
0.0001681 0.0001600
0.0001948 0.0002467
0.0001331 0.0003009
0.0000907 0.0002734
0.0000637 0.0003346
-0.0000071 0.0003462
-0.0000072 0.0003128
-0.0000725 0.0003363
-0.0001269 0.0003069
-0.0000901 0.0002746
-0.0001646 0.0002623
-0.0001824 0.0002074
-0.0001269 0.0001828
-0.0001783 0.0001486
-0.0001532 0.0000923
-0.0001033 0.0000797
-0.0001103 0.0000446
-0.0000562 0.0000121
-0.0000349 0.0000102
0.0000000 0.0000000
0.0000000 0.0000000
-0.0000171 -0.0000076
-0.0000064 -0.0000040
-0.0000402 -0.0000293
-0.0000606 -0.0000617
-0.0000287 -0.0000400
-0.0000736 -0.0001029
-0.0000775 -0.0001478
-0.0000378 -0.0001040
-0.0000713 -0.0001907
-0.0000561 -0.0002269
-0.0000276 -0.0001654
-0.0000334 -0.0002514
-0.0000055 -0.0002612
-0.0000031 -0.0001937
0.0000248 -0.0002539
0.0000547 -0.0002292
0.0000261 -0.0001714
0.0000812 -0.0001882
0.0001023 -0.0001332
0.0000491 -0.0001000
0.0001155 -0.0000687
0.0001202 0.0000014
0.0000576 0.0000012
0.0001154 0.0000710
0.0001021 0.0001358
0.0000485 0.0001021
0.0000811 0.0001903
0.0000544 0.0002312
0.0000252 0.0001730
0.0000246 0.0002556
-0.0000059 0.0002626
-0.0000040 0.0001947
-0.0000336 0.0002526
-0.0000565 0.0002275
-0.0000282 0.0001657
-0.0000716 0.0001913
-0.0000779 0.0001478
-0.0000377 0.0001038
-0.0000741 0.0001031
-0.0000609 0.0000618
-0.0000277 0.0000401
-0.0000405 0.0000284
-0.0000172 0.0000076
-0.0000054 0.0000043
0.0000000 0.0000000
0.0000000 0.0000000
-0.0000002 -0.0000002
0.0000000 0.0000000
-0.0000039 -0.0000064
-0.0000075 -0.0000171
0.0000000 0.0000000
-0.0000096 -0.0000336
-0.0000106 -0.0000534
0.0000000 0.0000000
-0.0000097 -0.0000724
-0.0000079 -0.0000897
0.0000000 0.0000000
-0.0000048 -0.0001015
-0.0000012 -0.0001075
0.0000000 0.0000000
0.0000028 -0.0001056
0.0000069 -0.0000961
0.0000000 0.0000000
0.0000103 -0.0000794
0.0000133 -0.0000563
0.0000000 0.0000000
0.0000149 -0.0000293
0.0000157 0.0000007
0.0000000 0.0000000
0.0000148 0.0000299
0.0000132 0.0000576
0.0000000 0.0000000
0.0000103 0.0000801
0.0000068 0.0000970
0.0000000 0.0000000
0.0000028 0.0001063
-0.0000013 0.0001080
0.0000000 0.0000000
-0.0000049 0.0001023
-0.0000080 0.0000898
0.0000000 0.0000000
-0.0000097 0.0000731
-0.0000105 0.0000532
0.0000000 0.0000000
-0.0000095 0.0000343
-0.0000076 0.0000170
0.0000000 0.0000000
-0.0000043 0.0000055
-0.0000004 0.0000004
0.0000000 0.0000000
0.0000000 0.0000000
0.0004412152
0.000412169
0.0003484047
0.0003341878
0.0003822318
0.0004700902
0.0005615561
0.0006200444
0.0006228461
0.000568969
0.0004794978
0.0003901637
0.000337955
0.000345957
0.0004065035
0.000441954
0.000470789
0.0004410228
0.0004061303
0.0003916145
0.0004094537
0.0004503255
0.0004954504
0.0005253393
0.0005275442
0.0005012966
0.0004577443
0.0004158445
0.0003948054
0.0004044582
0.000441707
0.0004769523
0.0005393095
0.0004740447
0.0004330663
0.0004125124
0.0004130738
0.0004286724
0.0004487815
0.000462704
0.000463679
0.0004513832
0.0004320286
0.0004161413
0.0004148919
0.0004349322
0.000478989
0.0005448479
0.0005754589
0.0004909735
0.0004394382
0.0004109579
0.0004003173
0.0004016972
0.0004082843
0.0004137944
0.0004143831
0.0004098568
0.0004037599
0.0004022874
0.0004125825
0.0004408271
0.0004928965
0.000577551
0.0005635181
0.0004773466
0.0004232431
0.0003914983
0.0003754943
0.0003697964
0.0003694998
0.0003706247
0.0003709103
0.0003702529
0.0003707657
0.0003763972
0.0003921481
0.0004236446
0.0004771479
0.000563237
0.0005065787
0.0004327439
0.0003852666
0.0003564382
0.0003403351
0.0003325455
0.0003295619
0.0003288073
0.0003289323
0.0003298769
0.0003328842
0.0003404707
0.0003561272
0.000384404
0.0004306523
0.0005040086
0.0004123892
0.0003621648
0.0003291901
0.0003088361
0.0002969234
0.0002905604
0.0002875511
0.000286416
0.0002864456
0.000287583
0.0002904658
0.0002965087
0.0003078023
0.0003273459
0.0003586338
0.0004082101
0.0002934999
0.0002741061
0.000260933
0.0002528582
0.0002479659
0.0002451966
0.0002437332
0.0002430703
0.0002430515
0.0002436325
0.0002448917
0.0002472561
0.0002514165
0.0002585308
0.00026973
0.0002883015
0.0001648256
0.0001792168
0.0001879449
0.0001935972
0.0001967823
0.0001983694
0.0001989776
0.0001991083
0.0001990921
0.0001988875
0.0001980678
0.0001960614
0.0001921183
0.0001854643
0.0001746708
0.0001593906
4.256681e-05
8.900977e-05
0.0001182916
0.0001365837
0.0001470057
0.0001522936
0.000154509
0.0001552159
0.000155246
0.0001545612
0.000152206
0.0001465664
0.0001354544
0.0001162371
8.499e-05
3.762651e-05
-5.751471e-05
1.45907e-05
5.977009e-05
8.722446e-05
0.0001021644
0.0001090522
0.0001113961
0.0001118957
0.0001120356
0.0001117401
0.0001094022
0.0001022933
8.678979e-05
5.860309e-05
1.183559e-05
-6.110652e-05
-0.0001213704
-3.452098e-05
1.892361e-05
5.003995e-05
6.518895e-05
7.008807e-05
6.989876e-05
6.877418e-05
6.908409e-05
7.071993e-05
7.113961e-05
6.614018e-05
5.061707e-05
1.906022e-05
-3.536267e-05
-0.0001227033
-0.0001390837
-5.217305e-05
5.933323e-07
2.870839e-05
3.834989e-05
3.593761e-05
2.895509e-05
2.387643e-05
2.452236e-05
3.068375e-05
3.821835e-05
4.049624e-05
3.039343e-05
1.843231e-06
-5.068161e-05
-0.0001377824
-0.0001072742
-3.883037e-05
6.236851e-06
2.61116e-05
2.386535e-05
6.53114e-06
-1.416696e-05
-2.725242e-05
-2.61665e-05
-1.127275e-05
1.029569e-05
2.731891e-05
2.876279e-05
8.16666e-06
-3.391678e-05
-0.0001019783
-3.748064e-05
-5.57766e-07
3.769361e-05
4.683683e-05
2.399732e-05
-2.038e-05
-6.62004e-05
-9.371974e-05
-9.13041e-05
-5.978186e-05
-1.217541e-05
3.117261e-05
5.060775e-05
3.619928e-05
1.987271e-07
-3.111793e-05
-8.033255e-07
3.632082e-05
9.875259e-05
0.0001058947
5.038448e-05
-4.342413e-05
-0.0001369854
-0.0001931528
-0.0001900377
-0.0001287022
-3.281748e-05
5.954431e-05
0.0001106131
9.670417e-05
3.060192e-05
0
