0.0000000 0.0000000
0.0000000 0.0000000
0.0000000 0.0000000
0.0000000 0.0000000
0.0000000 0.0000000
0.0000000 0.0000000
0.0000000 0.0000000
0.0000000 0.0000000
0.0000000 0.0000000
0.0000000 0.0000000
0.0000000 0.0000000
0.0000000 0.0000000
0.0000000 0.0000000
0.0000000 0.0000000
0.0000000 0.0000000
0.0000000 0.0000000
0.0000000 0.0000000
-0.0000339 0.0000340
-0.0000705 0.0001406
-0.0000708 0.0002764
-0.0000349 0.0003755
0.0000219 0.0003850
0.0000775 0.0002882
0.0001115 0.0001068
0.0001116 -0.0001068
0.0000778 -0.0002883
0.0000223 -0.0003850
-0.0000346 -0.0003755
-0.0000710 -0.0002765
-0.0000712 -0.0001401
-0.0000345 -0.0000346
0.0000000 0.0000000
0.0000000 0.0000000
-0.0001446 0.0000766
-0.0002476 0.0002631
-0.0002348 0.0004741
-0.0001076 0.0006164
0.0000857 0.0006181
0.0002726 0.0004573
0.0003863 0.0001687
0.0003862 -0.0001685
0.0002724 -0.0004574
0.0000851 -0.0006182
-0.0001077 -0.0006168
-0.0002351 -0.0004746
-0.0002474 -0.0002631
-0.0001438 -0.0000774
0.0000000 0.0000000
0.0000000 0.0000000
-0.0003106 0.0000994
-0.0004867 0.0003288
-0.0004425 0.0005753
-0.0001909 0.0007326
0.0001785 0.0007253
0.0005321 0.0005324
0.0007465 0.0001957
0.0007465 -0.0001962
0.0005324 -0.0005331
0.0001779 -0.0007259
-0.0001906 -0.0007334
-0.0004430 -0.0005759
-0.0004868 -0.0003290
-0.0003104 -0.0000998
0.0000000 0.0000000
0.0000000 0.0000000
-0.0004980 0.0001020
-0.0007472 0.0003340
-0.0006612 0.0005785
-0.0002721 0.0007300
0.0002836 0.0007178
0.0008110 0.0005245
0.0011298 0.0001921
0.0011297 -0.0001939
0.0008109 -0.0005261
0.0002827 -0.0007192
-0.0002720 -0.0007312
-0.0006617 -0.0005792
-0.0007476 -0.0003344
-0.0004979 -0.0001021
0.0000000 0.0000000
0.0000000 0.0000000
-0.0006735 0.0000876
-0.0009886 0.0002857
-0.0008603 0.0004931
-0.0003429 0.0006198
0.0003829 0.0006072
0.0010674 0.0004425
0.0014801 0.0001615
0.0014799 -0.0001647
0.0010670 -0.0004453
0.0003818 -0.0006093
-0.0003434 -0.0006213
-0.0008613 -0.0004941
-0.0009893 -0.0002862
-0.0006736 -0.0000875
0.0000000 0.0000000
0.0000000 0.0000000
-0.0008096 0.0000599
-0.0011751 0.0001949
-0.0010130 0.0003357
-0.0003956 0.0004213
0.0004606 0.0004118
0.0012650 0.0002995
0.0017491 0.0001088
0.0017488 -0.0001128
0.0012641 -0.0003031
0.0004592 -0.0004146
-0.0003972 -0.0004230
-0.0010147 -0.0003369
-0.0011764 -0.0001955
-0.0008101 -0.0000597
0.0000000 0.0000000
0.0000000 0.0000000
-0.0008861 0.0000234
-0.0012798 0.0000755
-0.0010984 0.0001296
-0.0004249 0.0001621
0.0005045 0.0001582
0.0013759 0.0001146
0.0018999 0.0000409
0.0018994 -0.0000450
0.0013745 -0.0001183
0.0005024 -0.0001611
-0.0004273 -0.0001641
-0.0011007 -0.0001307
-0.0012817 -0.0000760
-0.0008870 -0.0000232
0.0000000 0.0000000
0.0000000 0.0000000
-0.0008936 -0.0000170
-0.0012876 -0.0000563
-0.0011025 -0.0000970
-0.0004256 -0.0001219
0.0005095 -0.0001194
0.0013875 -0.0000875
0.0019126 -0.0000331
0.0019119 0.0000299
0.0013855 0.0000847
0.0005066 0.0001173
-0.0004287 0.0001205
-0.0011054 0.0000963
-0.0012899 0.0000559
-0.0008949 0.0000173
0.0000000 0.0000000
0.0000000 0.0000000
-0.0008263 -0.0000555
-0.0011955 -0.0001814
-0.0010274 -0.0003123
-0.0003995 -0.0003918
0.0004713 -0.0003829
0.0012905 -0.0002789
0.0017809 -0.0001021
0.0017801 0.0001009
0.0012882 0.0002779
0.0004680 0.0003822
-0.0004031 0.0003913
-0.0010306 0.0003122
-0.0011980 0.0001813
-0.0008278 0.0000557
0.0000000 0.0000000
0.0000000 0.0000000
-0.0006951 -0.0000862
-0.0010163 -0.0002814
-0.0008811 -0.0004846
-0.0003486 -0.0006085
0.0003971 -0.0005956
0.0011008 -0.0004336
0.0015230 -0.0001577
0.0015221 0.0001590
0.0010985 0.0004347
0.0003935 0.0005965
-0.0003515 0.0006091
-0.0008842 0.0004852
-0.0010186 0.0002816
-0.0006967 0.0000865
0.0000000 0.0000000
0.0000000 0.0000000
-0.0005192 -0.0001039
-0.0007753 -0.0003391
-0.0006830 -0.0005860
-0.0002784 -0.0007384
0.0002979 -0.0007248
0.0008444 -0.0005287
0.0011734 -0.0001920
0.0011727 0.0001955
0.0008424 0.0005319
0.0002944 0.0007276
-0.0002807 0.0007403
-0.0006857 0.0005872
-0.0007773 0.0003397
-0.0005206 0.0001041
0.0000000 0.0000000
0.0000000 0.0000000
-0.0003266 -0.0001037
-0.0005090 -0.0003406
-0.0004607 -0.0005946
-0.0001964 -0.0007558
0.0001896 -0.0007468
0.0005583 -0.0005470
0.0007813 -0.0001987
0.0007808 0.0002037
0.0005569 0.0005515
0.0001869 0.0007507
-0.0001980 0.0007583
-0.0004627 0.0005962
-0.0005103 0.0003413
-0.0003276 0.0001036
0.0000000 0.0000000
0.0000000 0.0000000
-0.0001525 -0.0000816
-0.0002604 -0.0002764
-0.0002458 -0.0004969
-0.0001115 -0.0006444
0.0000916 -0.0006450
0.0002873 -0.0004758
0.0004065 -0.0001735
0.0004063 0.0001784
0.0002870 0.0004804
0.0000905 0.0006488
-0.0001121 0.0006467
-0.0002468 0.0004984
-0.0002616 0.0002773
-0.0001537 0.0000810
0.0000000 0.0000000
0.0000000 0.0000000
-0.0000369 -0.0000370
-0.0000753 -0.0001487
-0.0000745 -0.0002922
-0.0000359 -0.0003956
0.0000242 -0.0004053
0.0000825 -0.0003025
0.0001179 -0.0001111
0.0001177 0.0001139
0.0000819 0.0003052
0.0000233 0.0004076
-0.0000365 0.0003972
-0.0000747 0.0002932
-0.0000748 0.0001498
-0.0000364 0.0000364
0.0000000 0.0000000
0.0000000 0.0000000
0.0000000 0.0000000
0.0000000 0.0000000
0.0000000 0.0000000
0.0000000 0.0000000
0.0000000 0.0000000
0.0000000 0.0000000
0.0000000 0.0000000
0.0000000 0.0000000
0.0000000 0.0000000
0.0000000 0.0000000
0.0000000 0.0000000
0.0000000 0.0000000
0.0000000 0.0000000
0.0000000 0.0000000
0.0000000 0.0000000
0.0000000 0.0000000
-0.0000007 0.0000007
0.0000000 0.0000000
-0.0000106 0.0000085
-0.0000086 0.0000108
-0.0000152 0.0000337
0.0000000 0.0000000
-0.0000555 0.0000801
-0.0000191 0.0000682
-0.0000212 0.0001063
0.0000000 0.0000000
-0.0000760 0.0002084
-0.0000195 0.0001466
-0.0000162 0.0001804
0.0000000 0.0000000
-0.0000573 0.0003338
-0.0000099 0.0002057
-0.0000028 0.0002175
0.0000000 0.0000000
-0.0000084 0.0003929
0.0000055 0.0002141
0.0000136 0.0001956
0.0000000 0.0000000
0.0000508 0.0003494
0.0000207 0.0001612
0.0000267 0.0001158
0.0000000 0.0000000
0.0000983 0.0002057
0.0000300 0.0000597
0.0000317 0.0000005
0.0000000 0.0000000
0.0001166 0.0000008
0.0000300 -0.0000602
0.0000268 -0.0001149
0.0000000 0.0000000
0.0000993 -0.0002044
0.0000208 -0.0001615
0.0000138 -0.0001951
0.0000000 0.0000000
0.0000524 -0.0003487
0.0000056 -0.0002139
-0.0000026 -0.0002175
0.0000000 0.0000000
-0.0000069 -0.0003930
-0.0000099 -0.0002050
-0.0000162 -0.0001808
0.0000000 0.0000000
-0.0000565 -0.0003345
-0.0000197 -0.0001456
-0.0000214 -0.0001069
0.0000000 0.0000000
-0.0000766 -0.0002095
-0.0000192 -0.0000671
-0.0000150 -0.0000339
0.0000000 0.0000000
-0.0000576 -0.0000801
-0.0000078 -0.0000125
-0.0000002 -0.0000002
0.0000000 0.0000000
-0.0000125 -0.0000079
0.0000000 0.0000000
0.0000000 0.0000000
-0.0000339 0.0000152
-0.0000695 0.0000205
-0.0000810 0.0000569
-0.0001223 0.0001242
-0.0002081 0.0001613
-0.0001494 0.0002077
-0.0001575 0.0002983
-0.0002572 0.0003712
-0.0001452 0.0003866
-0.0001149 0.0004603
-0.0001836 0.0005588
-0.0000687 0.0005115
-0.0000124 0.0005321
-0.0000153 0.0006372
0.0000493 0.0005181
0.0001100 0.0004687
0.0001840 0.0005571
0.0001643 0.0003854
0.0002072 0.0002745
0.0003419 0.0003249
0.0002343 0.0001424
0.0002439 0.0000007
0.0004017 0.0000005
0.0002342 -0.0001421
0.0002072 -0.0002734
0.0003423 -0.0003241
0.0001641 -0.0003851
0.0001101 -0.0004681
0.0001847 -0.0005567
0.0000490 -0.0005180
-0.0000124 -0.0005321
-0.0000147 -0.0006374
-0.0000690 -0.0005115
-0.0001149 -0.0004610
-0.0001831 -0.0005594
-0.0001452 -0.0003867
-0.0001573 -0.0002993
-0.0002570 -0.0003718
-0.0001489 -0.0002079
-0.0001220 -0.0001244
-0.0002081 -0.0001612
-0.0000804 -0.0000589
-0.0000339 -0.0000152
-0.0000688 -0.0000208
0.0000000 0.0000000
0.0000000 0.0000000
-0.0001128 0.0000247
-0.0001634 0.0000269
-0.0002224 0.0000907
-0.0003098 0.0001883
-0.0004231 0.0002050
-0.0003618 0.0003036
-0.0003709 0.0004242
-0.0004937 0.0004568
-0.0003355 0.0005370
-0.0002592 0.0006290
-0.0003387 0.0006706
-0.0001488 0.0006896
-0.0000154 0.0007102
-0.0000134 0.0007521
0.0001290 0.0006864
0.0002707 0.0006173
0.0003651 0.0006507
0.0003971 0.0005056
0.0004965 0.0003587
0.0006628 0.0003771
0.0005599 0.0001859
0.0005818 0.0000002
0.0007754 -0.0000001
0.0005600 -0.0001860
0.0004968 -0.0003584
0.0006634 -0.0003773
0.0003973 -0.0005057
0.0002713 -0.0006172
0.0003660 -0.0006511
0.0001293 -0.0006866
-0.0000149 -0.0007106
-0.0000125 -0.0007527
-0.0001485 -0.0006898
-0.0002588 -0.0006295
-0.0003381 -0.0006713
-0.0003354 -0.0005374
-0.0003709 -0.0004247
-0.0004935 -0.0004572
-0.0003620 -0.0003039
-0.0003104 -0.0001885
-0.0004233 -0.0002052
-0.0002231 -0.0000918
-0.0001133 -0.0000250
-0.0001631 -0.0000271
0.0000000 0.0000000
0.0000000 0.0000000
-0.0002164 0.0000282
-0.0002708 0.0000278
-0.0004035 0.0001034
-0.0005417 0.0002120
-0.0006617 0.0002094
-0.0006165 0.0003387
-0.0006203 0.0004690
-0.0007468 0.0004618
-0.0005523 0.0005887
-0.0004189 0.0006844
-0.0004979 0.0006713
-0.0002321 0.0007455
-0.0000092 0.0007638
-0.0000039 0.0007466
0.0002301 0.0007350
0.0004639 0.0006585
0.0005626 0.0006421
0.0006717 0.0005380
0.0008348 0.0003807
0.0010056 0.0003705
0.0009389 0.0001969
0.0009748 -0.0000005
0.0011725 -0.0000009
0.0009391 -0.0001982
0.0008353 -0.0003817
0.0010060 -0.0003723
0.0006721 -0.0005391
0.0004645 -0.0006595
0.0005633 -0.0006437
0.0002305 -0.0007359
-0.0000086 -0.0007646
-0.0000033 -0.0007479
-0.0002318 -0.0007462
-0.0004187 -0.0006851
-0.0004976 -0.0006721
-0.0005524 -0.0005891
-0.0006205 -0.0004695
-0.0007468 -0.0004623
-0.0006170 -0.0003390
-0.0005424 -0.0002123
-0.0006619 -0.0002097
-0.0004043 -0.0001036
-0.0002170 -0.0000284
-0.0002707 -0.0000278
0.0000000 0.0000000
0.0000000 0.0000000
-0.0003228 0.0000266
-0.0003716 0.0000239
-0.0005888 0.0000972
-0.0007769 0.0001984
-0.0008842 0.0001794
-0.0008722 0.0003162
-0.0008677 0.0004365
-0.0009796 0.0003945
-0.0007645 0.0005461
-0.0005726 0.0006328
-0.0006411 0.0005710
-0.0003091 0.0006872
0.0000023 0.0007021
0.0000086 0.0006326
0.0003345 0.0006741
0.0006578 0.0006027
0.0007458 0.0005422
0.0009445 0.0004915
0.0011691 0.0003471
0.0013197 0.0003118
0.0013123 0.0001791
0.0013615 -0.0000014
0.0015354 -0.0000017
0.0013124 -0.0001818
0.0011694 -0.0003497
0.0013198 -0.0003151
0.0009447 -0.0004939
0.0006582 -0.0006048
0.0007460 -0.0005449
0.0003346 -0.0006759
0.0000026 -0.0007037
0.0000085 -0.0006346
-0.0003092 -0.0006884
-0.0005727 -0.0006338
-0.0006414 -0.0005723
-0.0007650 -0.0005467
-0.0008683 -0.0004370
-0.0009801 -0.0003952
-0.0008731 -0.0003164
-0.0007778 -0.0001987
-0.0008847 -0.0001797
-0.0005897 -0.0000969
-0.0003235 -0.0000265
-0.0003718 -0.0000239
0.0000000 0.0000000
0.0000000 0.0000000
-0.0004142 0.0000207
-0.0004499 0.0000163
-0.0007477 0.0000756
-0.0009782 0.0001540
-0.0010567 0.0001225
-0.0010902 0.0002453
-0.0010774 0.0003381
-0.0011588 0.0002690
-0.0009432 0.0004223
-0.0007007 0.0004886
-0.0007501 0.0003884
-0.0003718 0.0005299
0.0000146 0.0005405
0.0000198 0.0004293
0.0004249 0.0005182
0.0008234 0.0004627
0.0008878 0.0003671
0.0011759 0.0003769
0.0014518 0.0002657
0.0015613 0.0002104
0.0016276 0.0001365
0.0016878 -0.0000021
0.0018140 -0.0000023
0.0016275 -0.0001406
0.0014517 -0.0002696
0.0015609 -0.0002147
0.0011756 -0.0003804
0.0008231 -0.0004659
0.0008871 -0.0003707
0.0004244 -0.0005209
0.0000141 -0.0005428
0.0000189 -0.0004319
-0.0003726 -0.0005315
-0.0007016 -0.0004899
-0.0007513 -0.0003900
-0.0009443 -0.0004230
-0.0010786 -0.0003386
-0.0011600 -0.0002697
-0.0010914 -0.0002453
-0.0009793 -0.0001542
-0.0010576 -0.0001228
-0.0007488 -0.0000750
-0.0004149 -0.0000205
-0.0004502 -0.0000163
0.0000000 0.0000000
0.0000000 0.0000000
-0.0004767 0.0000117
-0.0004940 0.0000064
-0.0008563 0.0000429
-0.0011155 0.0000868
-0.0011536 0.0000475
-0.0012386 0.0001382
-0.0012199 0.0001902
-0.0012592 0.0001040
-0.0010642 0.0002374
-0.0007869 0.0002742
-0.0008105 0.0001498
-0.0004132 0.0002971
0.0000241 0.0003027
0.0000270 0.0001651
0.0004874 0.0002900
0.0009365 0.0002585
0.0009680 0.0001406
0.0013334 0.0002102
0.0016438 0.0001477
0.0016969 0.0000798
0.0018414 0.0000753
0.0019090 -0.0000025
0.0019701 -0.0000024
0.0018411 -0.0000800
0.0016432 -0.0001523
0.0016960 -0.0000843
0.0013325 -0.0002143
0.0009354 -0.0002622
0.0009663 -0.0001443
0.0004859 -0.0002930
0.0000225 -0.0003053
0.0000249 -0.0001676
-0.0004150 -0.0002989
-0.0007887 -0.0002757
-0.0008127 -0.0001512
-0.0010660 -0.0002380
-0.0012216 -0.0001907
-0.0012612 -0.0001046
-0.0012403 -0.0001381
-0.0011170 -0.0000869
-0.0011550 -0.0000478
-0.0008575 -0.0000421
-0.0004774 -0.0000115
-0.0004945 -0.0000063
0.0000000 0.0000000
0.0000000 0.0000000
-0.0005010 0.0000010
-0.0004974 -0.0000046
-0.0008985 0.0000037
-0.0011687 0.0000066
-0.0011606 -0.0000350
-0.0012959 0.0000104
-0.0012745 0.0000139
-0.0012659 -0.0000773
-0.0011103 0.0000172
-0.0008195 0.0000195
-0.0008140 -0.0001122
-0.0004285 0.0000210
0.0000285 0.0000210
0.0000284 -0.0001245
0.0005121 0.0000199
0.0009808 0.0000173
0.0009746 -0.0001071
0.0013947 0.0000137
0.0017182 0.0000088
0.0017073 -0.0000626
0.0019241 0.0000035
0.0019943 -0.0000023
0.0019815 -0.0000019
0.0019235 -0.0000079
0.0017170 -0.0000131
0.0017058 0.0000590
0.0013930 -0.0000174
0.0009786 -0.0000207
0.0009720 0.0001042
0.0005096 -0.0000226
0.0000258 -0.0000233
0.0000252 0.0001226
-0.0004313 -0.0000225
-0.0008223 -0.0000207
-0.0008172 0.0001112
-0.0011129 -0.0000177
-0.0012769 -0.0000143
-0.0012686 0.0000770
-0.0012979 -0.0000102
-0.0011703 -0.0000066
-0.0011625 0.0000349
-0.0008997 -0.0000028
-0.0005016 -0.0000008
-0.0004980 0.0000047
0.0000000 0.0000000
0.0000000 0.0000000
-0.0004834 -0.0000100
-0.0004589 -0.0000150
-0.0008676 -0.0000364
-0.0011292 -0.0000755
-0.0010757 -0.0001136
-0.0012530 -0.0001202
-0.0012331 -0.0001662
-0.0011774 -0.0002497
-0.0010749 -0.0002076
-0.0007939 -0.0002405
-0.0007599 -0.0003610
-0.0004157 -0.0002608
0.0000267 -0.0002662
0.0000235 -0.0003994
0.0004950 -0.0002553
0.0009491 -0.0002284
0.0009056 -0.0003423
0.0013501 -0.0001864
0.0016636 -0.0001323
0.0015893 -0.0001976
0.0018630 -0.0000691
0.0019310 -0.0000015
0.0018452 -0.0000009
0.0018621 0.0000663
0.0016619 0.0001295
0.0015874 0.0001960
0.0013478 0.0001841
0.0009461 0.0002262
0.0009023 0.0003411
0.0004917 0.0002538
0.0000231 0.0002649
0.0000195 0.0003988
-0.0004193 0.0002601
-0.0007974 0.0002400
-0.0007638 0.0003608
-0.0010780 0.0002076
-0.0012359 0.0001662
-0.0011805 0.0002497
-0.0012553 0.0001207
-0.0011310 0.0000756
-0.0010777 0.0001136
-0.0008687 0.0000374
-0.0004838 0.0000102
-0.0004597 0.0000151
0.0000000 0.0000000
0.0000000 0.0000000
-0.0004257 -0.0000197
-0.0003838 -0.0000234
-0.0007671 -0.0000718
-0.0010019 -0.0001477
-0.0009101 -0.0001764
-0.0011151 -0.0002350
-0.0011005 -0.0003244
-0.0010051 -0.0003875
-0.0009620 -0.0004051
-0.0007130 -0.0004690
-0.0006549 -0.0005606
-0.0003763 -0.0005086
0.0000190 -0.0005190
0.0000135 -0.0006207
0.0004382 -0.0004977
0.0008452 -0.0004448
0.0007702 -0.0005321
0.0012048 -0.0003626
0.0014861 -0.0002564
0.0013582 -0.0003065
0.0016651 -0.0001328
0.0017260 -0.0000003
0.0015783 0.0000004
0.0016641 0.0001323
0.0014841 0.0002559
0.0013561 0.0003074
0.0012021 0.0003624
0.0008417 0.0004445
0.0007666 0.0005330
0.0004344 0.0004978
0.0000149 0.0005192
0.0000092 0.0006216
-0.0003802 0.0005090
-0.0007169 0.0004694
-0.0006589 0.0005613
-0.0009654 0.0004058
-0.0011034 0.0003248
-0.0010083 0.0003880
-0.0011173 0.0002357
-0.0010035 0.0001479
-0.0009121 0.0001766
-0.0007680 0.0000727
-0.0004260 0.0000198
-0.0003846 0.0000235
0.0000000 0.0000000
0.0000000 0.0000000
-0.0003360 -0.0000266
-0.0002828 -0.0000283
-0.0006110 -0.0000969
-0.0008044 -0.0001986
-0.0006879 -0.0002126
-0.0009013 -0.0003160
-0.0008948 -0.0004362
-0.0007731 -0.0004680
-0.0007867 -0.0005452
-0.0005873 -0.0006317
-0.0005123 -0.0006792
-0.0003147 -0.0006856
0.0000072 -0.0007003
0.0000009 -0.0007545
0.0003497 -0.0006721
0.0006831 -0.0006008
0.0005875 -0.0006481
0.0009782 -0.0004899
0.0012093 -0.0003460
0.0010451 -0.0003734
0.0013562 -0.0001786
0.0014063 0.0000011
0.0012166 0.0000018
0.0013553 0.0001807
0.0012073 0.0003481
0.0010432 0.0003767
0.0009755 0.0004919
0.0006797 0.0006027
0.0005841 0.0006510
0.0003460 0.0006739
0.0000032 0.0007020
-0.0000031 0.0007568
-0.0003184 0.0006872
-0.0005910 0.0006329
-0.0005160 0.0006808
-0.0007898 0.0005464
-0.0008974 0.0004370
-0.0007759 0.0004688
-0.0009032 0.0003168
-0.0008057 0.0001989
-0.0006896 0.0002129
-0.0006117 0.0000975
-0.0003361 0.0000267
-0.0002835 0.0000283
0.0000000 0.0000000
0.0000000 0.0000000
-0.0002279 -0.0000292
-0.0001722 -0.0000282
-0.0004232 -0.0001064
-0.0005663 -0.0002178
-0.0004438 -0.0002127
-0.0006428 -0.0003475
-0.0006450 -0.0004808
-0.0005149 -0.0004727
-0.0005728 -0.0006027
-0.0004327 -0.0007002
-0.0003506 -0.0006926
-0.0002377 -0.0007620
-0.0000052 -0.0007802
-0.0000099 -0.0007752
0.0002435 -0.0007502
0.0004866 -0.0006716
0.0003850 -0.0006692
0.0007021 -0.0005482
0.0008712 -0.0003872
0.0006946 -0.0003863
0.0009788 -0.0001996
0.0010155 0.0000023
0.0008107 0.0000027
0.0009780 0.0002038
0.0008696 0.0003915
0.0006930 0.0003913
0.0006999 0.0005520
0.0004837 0.0006752
0.0003822 0.0006734
0.0002405 0.0007534
-0.0000085 0.0007829
-0.0000130 0.0007782
-0.0002407 0.0007644
-0.0004357 0.0007020
-0.0003534 0.0006944
-0.0005753 0.0006042
-0.0006471 0.0004817
-0.0005169 0.0004736
-0.0006442 0.0003482
-0.0005671 0.0002182
-0.0004448 0.0002130
-0.0004234 0.0001065
-0.0002278 0.0000291
-0.0001729 0.0000281
0.0000000 0.0000000
0.0000000 0.0000000
-0.0001202 -0.0000263
-0.0000734 -0.0000220
-0.0002357 -0.0000961
-0.0003267 -0.0001970
-0.0002198 -0.0001697
-0.0003799 -0.0003171
-0.0003883 -0.0004426
-0.0002698 -0.0003900
-0.0003502 -0.0005593
-0.0002692 -0.0006546
-0.0001910 -0.0005854
-0.0001533 -0.0007166
-0.0000131 -0.0007375
-0.0000136 -0.0006657
0.0001379 -0.0007119
0.0002863 -0.0006392
0.0001956 -0.0005802
0.0004180 -0.0005230
0.0005218 -0.0003697
0.0003605 -0.0003364
0.0005876 -0.0001906
0.0006102 0.0000029
0.0004224 0.0000029
0.0005871 0.0001956
0.0005207 0.0003751
0.0003595 0.0003418
0.0004166 0.0005276
0.0002844 0.0006436
0.0001939 0.0005844
0.0001360 0.0007156
-0.0000153 0.0007405
-0.0000155 0.0006685
-0.0001552 0.0007192
-0.0002712 0.0006563
-0.0001926 0.0005868
-0.0003518 0.0005608
-0.0003897 0.0004434
-0.0002710 0.0003905
-0.0003808 0.0003177
-0.0003270 0.0001973
-0.0002204 0.0001701
-0.0002355 0.0000952
-0.0001199 0.0000260
-0.0000744 0.0000217
0.0000000 0.0000000
0.0000000 0.0000000
-0.0000365 -0.0000162
-0.0000136 -0.0000085
-0.0000857 -0.0000626
-0.0001293 -0.0001318
-0.0000612 -0.0000854
-0.0001572 -0.0002197
-0.0001655 -0.0003157
-0.0000808 -0.0002220
-0.0001524 -0.0004074
-0.0001200 -0.0004849
-0.0000591 -0.0003533
-0.0000715 -0.0005373
-0.0000119 -0.0005585
-0.0000067 -0.0004140
0.0000527 -0.0005430
0.0001168 -0.0004901
0.0000557 -0.0003665
0.0001734 -0.0004027
0.0002186 -0.0002851
0.0001049 -0.0002140
0.0002469 -0.0001473
0.0002570 0.0000027
0.0001231 0.0000022
0.0002468 0.0001514
0.0002183 0.0002901
0.0001037 0.0002180
0.0001732 0.0004064
0.0001162 0.0004940
0.0000538 0.0003695
0.0000524 0.0005460
-0.0000126 0.0005608
-0.0000087 0.0004156
-0.0000719 0.0005394
-0.0001207 0.0004858
-0.0000603 0.0003536
-0.0001530 0.0004084
-0.0001663 0.0003155
-0.0000804 0.0002214
-0.0001581 0.0002201
-0.0001299 0.0001319
-0.0000591 0.0000856
-0.0000864 0.0000605
-0.0000366 0.0000162
-0.0000116 0.0000092
0.0000000 0.0000000
0.0000000 0.0000000
-0.0000003 -0.0000003
0.0000000 0.0000000
-0.0000084 -0.0000136
-0.0000160 -0.0000365
0.0000000 0.0000000
-0.0000204 -0.0000717
-0.0000226 -0.0001138
0.0000000 0.0000000
-0.0000207 -0.0001545
-0.0000169 -0.0001915
0.0000000 0.0000000
-0.0000103 -0.0002168
-0.0000026 -0.0002296
0.0000000 0.0000000
0.0000060 -0.0002256
0.0000147 -0.0002055
0.0000000 0.0000000
0.0000220 -0.0001698
0.0000284 -0.0001205
0.0000000 0.0000000
0.0000317 -0.0000628
0.0000335 0.0000013
0.0000000 0.0000000
0.0000317 0.0000638
0.0000282 0.0001229
0.0000000 0.0000000
0.0000219 0.0001709
0.0000144 0.0002072
0.0000000 0.0000000
0.0000059 0.0002268
-0.0000029 0.0002305
0.0000000 0.0000000
-0.0000104 0.0002182
-0.0000171 0.0001917
0.0000000 0.0000000
-0.0000206 0.0001559
-0.0000224 0.0001134
0.0000000 0.0000000
-0.0000203 0.0000730
-0.0000162 0.0000363
0.0000000 0.0000000
-0.0000093 0.0000118
-0.0000009 0.0000009
0.0000000 0.0000000
0.0000000 0.0000000
0.0009426434
0.0008816141
0.0007465859
0.0007156229
0.0008161146
0.001001061
0.001194022
0.001317555
0.001323538
0.001209829
0.001021099
0.0008329701
0.000723601
0.0007413886
0.0008695742
0.0009441524
0.00100481
0.0009422302
0.0008682163
0.0008369208
0.0008738837
0.0009596467
0.001054611
0.001117596
0.001122289
0.001067044
0.0009753947
0.0008874238
0.0008436487
0.0008646544
0.0009436233
0.001017767
0.001150054
0.001012231
0.0009251713
0.0008811113
0.0008816519
0.0009140527
0.0009561158
0.0009852978
0.0009873694
0.0009616666
0.0009211689
0.0008881391
0.0008861255
0.0009290948
0.001022657
0.001161731
0.001228065
0.001048701
0.000938915
0.0008779368
0.0008547943
0.0008571447
0.0008705925
0.0008819417
0.0008831867
0.0008739369
0.0008614949
0.0008589359
0.0008813363
0.0009418052
0.001052775
0.001232502
0.001204868
0.001020702
0.0009049661
0.000836899
0.0008023981
0.0007897786
0.0007886569
0.0007906901
0.0007912907
0.0007902399
0.0007917983
0.000804248
0.0008382025
0.0009057183
0.001020239
0.001204212
0.001085753
0.00092674
0.0008246523
0.0007626882
0.0007280206
0.0007110055
0.0007042096
0.0007022423
0.0007025035
0.0007048605
0.0007116897
0.0007282163
0.0007619169
0.0008226817
0.0009221658
0.001080083
0.0008860612
0.0007768676
0.0007054918
0.0006615767
0.0006358961
0.0006219992
0.0006151821
0.0006124056
0.0006124644
0.0006152102
0.0006217391
0.0006349179
0.0006592355
0.0007013755
0.0007691246
0.0008768559
0.0006319871
0.0005888208
0.0005598471
0.0005423045
0.0005317102
0.0005255793
0.0005221381
0.0005203766
0.0005203225
0.0005218774
0.0005248748
0.0005301156
0.0005391108
0.0005545574
0.0005792078
0.0006204794
0.0003555961
0.0003854553
0.0004036424
0.0004156286
0.0004224119
0.0004256592
0.0004266824
0.0004266699
0.0004266267
0.000426472
0.0004249867
0.0004208217
0.0004123941
0.000398239
0.0003755331
0.0003437265
9.250234e-05
0.0001917694
0.0002542686
0.0002934308
0.0003157968
0.0003270085
0.0003314731
0.0003327403
0.000332794
0.0003315843
0.000326807
0.0003148363
0.0002909894
0.0002498523
0.0001830734
8.180785e-05
-0.000122913
3.182655e-05
0.0001286298
0.0001875013
0.0002195793
0.0002342797
0.0002390663
0.0002398974
0.0002401951
0.0002397868
0.000234989
0.0002198546
0.0001865712
0.0001261438
2.59767e-05
-0.0001304623
-0.0002599687
-7.367523e-05
4.087638e-05
0.0001075999
0.0001401285
0.0001505938
0.0001500301
0.0001474305
0.0001480793
0.0001517602
0.0001528054
0.0001421475
0.0001088476
4.121884e-05
-7.532154e-05
-0.0002625341
-0.0002976451
-0.000111555
1.451209e-06
6.171329e-05
8.244996e-05
7.728747e-05
6.225837e-05
5.126002e-05
5.262458e-05
6.592016e-05
8.212497e-05
8.699512e-05
6.531412e-05
4.160997e-06
-0.0001081948
-0.0002945382
-0.0002292409
-8.299186e-05
1.341892e-05
5.60212e-05
5.133555e-05
1.429983e-05
-2.999935e-05
-5.807372e-05
-5.576943e-05
-2.386674e-05
2.227703e-05
5.863428e-05
6.164792e-05
1.75406e-05
-7.239716e-05
-0.0002177153
-7.996064e-05
-1.192268e-06
8.059477e-05
0.0001002925
5.162912e-05
-4.316782e-05
-0.0001411482
-0.0002000598
-0.0001949135
-0.0001274942
-2.574785e-05
6.680593e-05
0.0001082102
7.733231e-05
4.292145e-07
-6.632532e-05
-1.714928e-06
7.747075e-05
0.0002109223
0.0002265075
0.0001081991
-9.218789e-05
-0.0002922819
-0.0004125063
-0.000405874
-0.0002746617
-6.969914e-05
0.0001275156
0.0002363141
0.0002063788
6.521102e-05
0
