0.0000000 0.0000000
0.0000000 0.0000000
0.0000000 0.0000000
0.0000000 0.0000000
0.0000000 0.0000000
0.0000000 0.0000000
0.0000000 0.0000000
0.0000000 0.0000000
0.0000000 0.0000000
0.0000000 0.0000000
0.0000000 0.0000000
0.0000000 0.0000000
0.0000000 0.0000000
0.0000000 0.0000000
0.0000000 0.0000000
0.0000000 0.0000000
0.0000000 0.0000000
-0.0003433 0.0003436
-0.0007519 0.0014691
-0.0007885 0.0029549
-0.0004244 0.0040936
0.0002131 0.0042276
0.0008392 0.0031973
0.0012343 0.0011961
0.0012384 -0.0011905
0.0008455 -0.0032079
0.0002155 -0.0042275
-0.0004139 -0.0041140
-0.0007949 -0.0029739
-0.0007636 -0.0014703
-0.0003495 -0.0003509
0.0000000 0.0000000
0.0000000 0.0000000
-0.0015204 0.0008251
-0.0026917 0.0028834
-0.0026530 0.0052733
-0.0013355 0.0069701
0.0008675 0.0070603
0.0030050 0.0052770
0.0043451 0.0019769
0.0043483 -0.0019637
0.0030134 -0.0053017
0.0008392 -0.0070621
-0.0013078 -0.0070138
-0.0026746 -0.0053126
-0.0027088 -0.0028915
-0.0015119 -0.0008343
0.0000000 0.0000000
0.0000000 0.0000000
-0.0033763 0.0011356
-0.0054744 0.0038162
-0.0051221 0.0067752
-0.0024464 0.0087608
0.0018705 0.0087947
0.0060185 0.0065371
0.0086163 0.0024638
0.0086220 -0.0024525
0.0060672 -0.0065585
0.0018058 -0.0087997
-0.0023853 -0.0088102
-0.0051713 -0.0068058
-0.0054742 -0.0038197
-0.0033748 -0.0011411
0.0000000 0.0000000
0.0000000 0.0000000
-0.0055969 0.0012455
-0.0086603 0.0041310
-0.0079651 0.0072853
-0.0036147 0.0093407
0.0030695 0.0093548
0.0094564 0.0069482
0.0134596 0.0026448
0.0134659 -0.0026422
0.0094710 -0.0069404
0.0029702 -0.0093568
-0.0035343 -0.0093739
-0.0079664 -0.0072923
-0.0086626 -0.0041345
-0.0055963 -0.0012472
0.0000000 0.0000000
0.0000000 0.0000000
-0.0078113 0.0011462
-0.0117997 0.0037743
-0.0106882 0.0066279
-0.0047052 0.0085164
0.0042590 0.0085328
0.0128300 0.0063531
0.0182175 0.0024475
0.0182226 -0.0024605
0.0128424 -0.0063567
0.0041626 -0.0085212
-0.0046411 -0.0085118
-0.0106932 -0.0066322
-0.0118053 -0.0037751
-0.0078120 -0.0011443
0.0000000 0.0000000
0.0000000 0.0000000
-0.0096415 0.0008415
-0.0143753 0.0027474
-0.0129176 0.0048052
-0.0055544 0.0062191
0.0052273 0.0062298
0.0156024 0.0046618
0.0221516 0.0018207
0.0221526 -0.0018525
0.0156055 -0.0046822
0.0051999 -0.0061951
-0.0055556 -0.0061701
-0.0129230 -0.0048055
-0.0143804 -0.0027448
-0.0096424 -0.0008360
0.0000000 0.0000000
0.0000000 0.0000000
-0.0107428 0.0003693
-0.0159055 0.0011793
-0.0142464 0.0020392
-0.0061163 0.0026123
0.0057822 0.0026722
0.0172544 0.0020262
0.0245311 0.0008106
0.0245301 -0.0008562
0.0172438 -0.0020615
0.0057679 -0.0026889
-0.0061247 -0.0026174
-0.0142548 -0.0020361
-0.0159134 -0.0011762
-0.0107411 -0.0003639
0.0000000 0.0000000
0.0000000 0.0000000
-0.0111763 -0.0002187
-0.0161706 -0.0007222
-0.0141699 -0.0012416
-0.0060056 -0.0015503
0.0060543 -0.0014903
0.0180329 -0.0010941
0.0251730 -0.0004274
0.0251671 0.0003787
0.0180092 0.0010569
0.0060233 0.0014720
-0.0060228 0.0015450
-0.0141787 0.0012437
-0.0161753 0.0007237
-0.0111738 0.0002241
0.0000000 0.0000000
0.0000000 0.0000000
-0.0102633 -0.0007739
-0.0149247 -0.0025096
-0.0131426 -0.0043267
-0.0056280 -0.0054751
0.0055416 -0.0053658
0.0166802 -0.0039240
0.0233339 -0.0014024
0.0233222 0.0013689
0.0166492 0.0039024
0.0055036 0.0053517
-0.0056545 0.0054659
-0.0131502 0.0043230
-0.0149220 0.0025073
-0.0102627 0.0007767
0.0000000 0.0000000
0.0000000 0.0000000
-0.0084818 -0.0011681
-0.0124853 -0.0037907
-0.0111004 -0.0065555
-0.0048301 -0.0083278
0.0046835 -0.0082364
0.0140066 -0.0060224
0.0196531 -0.0021296
0.0196405 0.0021285
0.0139736 0.0060247
0.0045431 0.0082229
-0.0047682 0.0082967
-0.0111113 0.0065463
-0.0124843 0.0037860
-0.0084833 0.0011698
0.0000000 0.0000000
0.0000000 0.0000000
-0.0061783 -0.0013360
-0.0093160 -0.0043540
-0.0084224 -0.0075699
-0.0037589 -0.0096595
0.0034976 -0.0095794
0.0105050 -0.0070577
0.0148072 -0.0025024
0.0147955 0.0025326
0.0104758 0.0070834
0.0033192 0.0096278
-0.0036728 0.0096589
-0.0084337 0.0075597
-0.0093178 0.0043488
-0.0061824 0.0013355
0.0000000 0.0000000
0.0000000 0.0000000
-0.0037812 -0.0012587
-0.0059722 -0.0041467
-0.0055498 -0.0072956
-0.0025732 -0.0093916
0.0022011 -0.0093860
0.0066862 -0.0069582
0.0096252 -0.0024924
0.0096166 0.0025383
0.0067609 0.0070030
0.0020536 0.0094675
-0.0025135 0.0094101
-0.0055848 0.0073313
-0.0059759 0.0041433
-0.0037853 0.0012545
0.0000000 0.0000000
0.0000000 0.0000000
-0.0017198 -0.0009409
-0.0029910 -0.0032094
-0.0029019 -0.0058265
-0.0014207 -0.0076519
0.0010463 -0.0077706
0.0033935 -0.0057751
0.0049077 -0.0021078
0.0049041 0.0021511
0.0034141 0.0058521
0.0009679 0.0078457
-0.0013960 0.0076752
-0.0029145 0.0058672
-0.0030210 0.0032314
-0.0017303 0.0009318
0.0000000 0.0000000
0.0000000 0.0000000
-0.0004058 -0.0004083
-0.0008520 -0.0016665
-0.0008677 -0.0033177
-0.0004492 -0.0045544
0.0002706 -0.0047633
0.0009687 -0.0035775
0.0014080 -0.0013267
0.0014037 0.0013492
0.0009631 0.0036274
0.0002422 0.0048024
-0.0004519 0.0045703
-0.0008695 0.0033377
-0.0008486 0.0016830
-0.0004005 0.0004018
0.0000000 0.0000000
0.0000000 0.0000000
0.0000000 0.0000000
0.0000000 0.0000000
0.0000000 0.0000000
0.0000000 0.0000000
0.0000000 0.0000000
0.0000000 0.0000000
0.0000000 0.0000000
0.0000000 0.0000000
0.0000000 0.0000000
0.0000000 0.0000000
0.0000000 0.0000000
0.0000000 0.0000000
0.0000000 0.0000000
0.0000000 0.0000000
0.0000000 0.0000000
0.0000000 0.0000000
-0.0000040 0.0000040
0.0000000 0.0000000
-0.0000975 0.0000847
-0.0000861 0.0001003
-0.0001566 0.0003341
0.0000000 0.0000000
-0.0005792 0.0008262
-0.0002029 0.0006976
-0.0002289 0.0011061
0.0000000 0.0000000
-0.0008266 0.0022070
-0.0002156 0.0015465
-0.0001831 0.0019246
0.0000000 0.0000000
-0.0006512 0.0036045
-0.0001173 0.0022158
-0.0000396 0.0023613
0.0000000 0.0000000
-0.0001266 0.0043108
0.0000526 0.0023414
0.0001433 0.0021513
0.0000000 0.0000000
0.0005376 0.0038807
0.0002244 0.0017824
0.0002932 0.0012844
0.0000000 0.0000000
0.0010830 0.0023039
0.0003317 0.0006641
0.0003515 0.0000071
0.0000000 0.0000000
0.0012972 0.0000111
0.0003319 -0.0006681
0.0002950 -0.0012732
0.0000000 0.0000000
0.0010955 -0.0022858
0.0002249 -0.0017842
0.0001456 -0.0021467
0.0000000 0.0000000
0.0005562 -0.0038730
0.0000525 -0.0023390
-0.0000379 -0.0023631
0.0000000 0.0000000
-0.0001099 -0.0043139
-0.0001172 -0.0022089
-0.0001830 -0.0019302
0.0000000 0.0000000
-0.0006438 -0.0036153
-0.0002171 -0.0015361
-0.0002314 -0.0011132
0.0000000 0.0000000
-0.0008349 -0.0022201
-0.0002037 -0.0006860
-0.0001548 -0.0003369
0.0000000 0.0000000
-0.0006023 -0.0008261
-0.0000762 -0.0001185
0.0000022 0.0000024
0.0000000 0.0000000
-0.0001184 -0.0000772
0.0000000 0.0000000
0.0000000 0.0000000
-0.0003373 0.0001571
-0.0007131 0.0002193
-0.0008373 0.0005953
-0.0012940 0.0013157
-0.0022320 0.0017545
-0.0016108 0.0022231
-0.0017283 0.0032233
-0.0028525 0.0041059
-0.0016250 0.0042124
-0.0013173 0.0050575
-0.0021285 0.0062782
-0.0008266 0.0056645
-0.0002084 0.0059331
-0.0002889 0.0072636
0.0004833 0.0058151
0.0011737 0.0052895
0.0019834 0.0064272
0.0017990 0.0043697
0.0022986 0.0031246
0.0038297 0.0037816
0.0026171 0.0016268
0.0027315 0.0000122
0.0045414 0.0000113
0.0026173 -0.0016159
0.0023019 -0.0031050
0.0038397 -0.0037628
0.0017994 -0.0043626
0.0011763 -0.0052818
0.0019952 -0.0064196
0.0004807 -0.0058115
-0.0002079 -0.0059362
-0.0002793 -0.0072655
-0.0008275 -0.0056656
-0.0013177 -0.0050682
-0.0021232 -0.0062873
-0.0016252 -0.0042171
-0.0017273 -0.0032356
-0.0028526 -0.0041147
-0.0016054 -0.0022269
-0.0012912 -0.0013186
-0.0022329 -0.0017550
-0.0008301 -0.0006178
-0.0003366 -0.0001571
-0.0007071 -0.0002224
0.0000000 0.0000000
0.0000000 0.0000000
-0.0011857 0.0002719
-0.0017560 0.0003075
-0.0023837 0.0010074
-0.0033734 0.0021081
-0.0046814 0.0023680
-0.0039999 0.0034232
-0.0041664 0.0048206
-0.0056262 0.0053485
-0.0038403 0.0061474
-0.0030438 0.0072562
-0.0040387 0.0079736
-0.0018442 0.0080154
-0.0003473 0.0083155
-0.0003901 0.0090807
0.0013052 0.0080907
0.0029537 0.0073190
0.0040398 0.0079632
0.0044427 0.0060259
0.0056288 0.0042941
0.0076221 0.0046623
0.0063911 0.0022353
0.0066584 0.0000111
0.0090002 0.0000083
0.0063958 -0.0022215
0.0056405 -0.0042761
0.0076392 -0.0046480
0.0044544 -0.0060175
0.0029669 -0.0073123
0.0040601 -0.0079579
0.0013121 -0.0080870
-0.0003380 -0.0083171
-0.0003739 -0.0090817
-0.0018355 -0.0080177
-0.0030406 -0.0072635
-0.0040306 -0.0079800
-0.0038407 -0.0061535
-0.0041695 -0.0048280
-0.0056270 -0.0053549
-0.0040028 -0.0034285
-0.0033809 -0.0021108
-0.0046844 -0.0023711
-0.0023905 -0.0010216
-0.0011913 -0.0002762
-0.0017543 -0.0003102
0.0000000 0.0000000
0.0000000 0.0000000
-0.0023742 0.0003341
-0.0030326 0.0003415
-0.0044821 0.0012270
-0.0060930 0.0025323
-0.0075704 0.0025894
-0.0070289 0.0040684
-0.0071796 0.0056742
-0.0087859 0.0057794
-0.0065160 0.0071736
-0.0050786 0.0084083
-0.0061422 0.0085348
-0.0029871 0.0092334
-0.0004131 0.0095372
-0.0004266 0.0096585
0.0024067 0.0092486
0.0052116 0.0083449
0.0064230 0.0084402
0.0077402 0.0068591
0.0097518 0.0048796
0.0119429 0.0049306
0.0110461 0.0025388
0.0114969 0.0000071
0.0140631 0.0000014
0.0110539 -0.0025305
0.0097702 -0.0048678
0.0119624 -0.0049270
0.0077598 -0.0068534
0.0052325 -0.0083409
0.0064463 -0.0084396
0.0024197 -0.0092466
-0.0003981 -0.0095383
-0.0004075 -0.0096601
-0.0029730 -0.0092353
-0.0050733 -0.0084123
-0.0061310 -0.0085377
-0.0065162 -0.0071772
-0.0071851 -0.0056785
-0.0087849 -0.0057829
-0.0070349 -0.0040725
-0.0061034 -0.0025351
-0.0075733 -0.0025922
-0.0044922 -0.0012330
-0.0023821 -0.0003358
-0.0030328 -0.0003421
0.0000000 0.0000000
0.0000000 0.0000000
-0.0036854 0.0003394
-0.0043223 0.0003165
-0.0067784 0.0012404
-0.0090367 0.0025442
-0.0104499 0.0023824
-0.0102704 0.0040702
-0.0103697 0.0056554
-0.0118880 0.0052869
-0.0093179 0.0071263
-0.0071817 0.0083309
-0.0081741 0.0077795
-0.0041379 0.0091291
-0.0004281 0.0094150
-0.0004253 0.0087891
0.0036166 0.0091212
0.0076317 0.0082236
0.0087906 0.0076775
0.0112469 0.0067562
0.0141214 0.0048024
0.0162040 0.0044817
0.0159713 0.0024968
0.0166133 -0.0000012
0.0190482 -0.0000094
0.0159806 -0.0025033
0.0141427 -0.0048042
0.0162223 -0.0044972
0.0112698 -0.0067598
0.0076567 -0.0082262
0.0088124 -0.0076864
0.0036330 -0.0091231
-0.0004104 -0.0094170
-0.0004078 -0.0087929
-0.0041219 -0.0091293
-0.0071756 -0.0083306
-0.0081641 -0.0077791
-0.0093175 -0.0071250
-0.0103760 -0.0056547
-0.0118884 -0.0052864
-0.0102783 -0.0040696
-0.0090486 -0.0025440
-0.0104541 -0.0023824
-0.0067905 -0.0012393
-0.0036951 -0.0003392
-0.0043233 -0.0003162
0.0000000 0.0000000
0.0000000 0.0000000
-0.0048987 0.0002853
-0.0054002 0.0002338
-0.0088906 0.0010388
-0.0117296 0.0021182
-0.0128326 0.0017435
-0.0132193 0.0033794
-0.0132568 0.0046840
-0.0144327 0.0038490
-0.0118398 0.0058925
-0.0090629 0.0068823
-0.0098234 0.0056532
-0.0051512 0.0075392
-0.0004130 0.0077751
-0.0003973 0.0063929
0.0047402 0.0075350
0.0098502 0.0067951
0.0107663 0.0055934
0.0144491 0.0055839
0.0181051 0.0039665
0.0197422 0.0032638
0.0204579 0.0020591
0.0212718 -0.0000132
0.0231821 -0.0000216
0.0204652 -0.0020873
0.0181228 -0.0039893
0.0197513 -0.0033022
0.0144669 -0.0056038
0.0098704 -0.0068087
0.0107782 -0.0056145
0.0047531 -0.0075428
-0.0003995 -0.0077788
-0.0003881 -0.0063983
-0.0051400 -0.0075375
-0.0090589 -0.0068784
-0.0098172 -0.0056504
-0.0118403 -0.0058862
-0.0132630 -0.0046777
-0.0144321 -0.0038441
-0.0132274 -0.0033719
-0.0117403 -0.0021133
-0.0128359 -0.0017399
-0.0089019 -0.0010296
-0.0049066 -0.0002828
-0.0054010 -0.0002314
0.0000000 0.0000000
0.0000000 0.0000000
-0.0057926 0.0001754
-0.0060577 0.0001023
-0.0104365 0.0006367
-0.0136894 0.0012853
-0.0142629 0.0007495
-0.0153545 0.0020436
-0.0153381 0.0028231
-0.0159432 0.0016367
-0.0136499 0.0035456
-0.0104044 0.0041384
-0.0107923 0.0023950
-0.0058617 0.0045361
-0.0003768 0.0046841
-0.0003578 0.0027223
0.0055824 0.0045480
0.0114887 0.0041069
0.0119813 0.0024003
0.0168037 0.0033776
0.0210288 0.0023955
0.0218980 0.0013984
0.0237474 0.0012383
0.0246851 -0.0000257
0.0256965 -0.0000304
0.0237495 -0.0012879
0.0210361 -0.0024402
0.0218950 -0.0014532
0.0168070 -0.0034141
0.0114939 -0.0041331
0.0119697 -0.0024331
0.0055830 -0.0045637
-0.0003747 -0.0046918
-0.0003649 -0.0027336
-0.0058598 -0.0045347
-0.0104050 -0.0041329
-0.0107942 -0.0023922
-0.0136515 -0.0035350
-0.0153431 -0.0028130
-0.0159483 -0.0016290
-0.0153603 -0.0020313
-0.0136955 -0.0012783
-0.0142667 -0.0007461
-0.0104433 -0.0006221
-0.0057968 -0.0001721
-0.0060555 -0.0001009
0.0000000 0.0000000
0.0000000 0.0000000
-0.0061832 0.0000270
-0.0061542 -0.0000535
-0.0111068 0.0000953
-0.0145242 0.0001721
-0.0144505 -0.0004252
-0.0162519 0.0002655
-0.0162028 0.0003557
-0.0161089 -0.0009607
-0.0143890 0.0004414
-0.0109444 0.0005142
-0.0108707 -0.0014129
-0.0061326 0.0005710
-0.0003308 0.0006019
-0.0003055 -0.0015673
0.0059736 0.0006002
0.0122204 0.0005515
0.0121971 -0.0013382
0.0178481 0.0004577
0.0223103 0.0003185
0.0222395 -0.0007835
0.0251821 0.0001550
0.0261696 -0.0000327
0.0260715 -0.0000312
0.0251790 -0.0002143
0.0223028 -0.0003751
0.0222195 0.0007289
0.0178319 -0.0005031
0.0122042 -0.0005858
0.0121615 0.0013050
0.0059516 -0.0006206
-0.0003478 -0.0006131
-0.0003326 0.0015558
-0.0061442 -0.0005708
-0.0109548 -0.0005096
-0.0108834 0.0014157
-0.0143967 -0.0004294
-0.0162084 -0.0003455
-0.0161162 0.0009681
-0.0162579 -0.0002523
-0.0145237 -0.0001660
-0.0144524 0.0004278
-0.0111050 -0.0000784
-0.0061805 -0.0000233
-0.0061520 0.0000560
0.0000000 0.0000000
0.0000000 0.0000000
-0.0059752 -0.0001314
-0.0056489 -0.0002023
-0.0107394 -0.0004801
-0.0140433 -0.0010032
-0.0133226 -0.0015333
-0.0157165 -0.0016067
-0.0156649 -0.0022348
-0.0148891 -0.0034022
-0.0139061 -0.0028117
-0.0105710 -0.0032775
-0.0100590 -0.0049851
-0.0059094 -0.0035755
-0.0002897 -0.0036681
-0.0002775 -0.0055905
0.0058197 -0.0035318
0.0118775 -0.0031706
0.0113094 -0.0048436
0.0173376 -0.0025954
0.0216540 -0.0018494
0.0206210 -0.0028176
0.0244337 -0.0009700
0.0253836 -0.0000293
0.0241661 -0.0000213
0.0244204 0.0009173
0.0216311 0.0017989
0.0205871 0.0027830
0.0173026 0.0025576
0.0118383 0.0031389
0.0112597 0.0048197
0.0057792 0.0035140
-0.0003253 0.0036570
-0.0003209 0.0055806
-0.0059348 0.0035756
-0.0105907 0.0032794
-0.0100820 0.0049853
-0.0139150 0.0028208
-0.0156696 0.0022410
-0.0148948 0.0034060
-0.0157147 0.0016170
-0.0140378 0.0010061
-0.0133214 0.0015332
-0.0107334 0.0004955
-0.0059694 0.0001344
-0.0056497 0.0002029
0.0000000 0.0000000
0.0000000 0.0000000
-0.0052056 -0.0002643
-0.0046468 -0.0003094
-0.0093958 -0.0009633
-0.0123291 -0.0019863
-0.0111026 -0.0023394
-0.0138363 -0.0031723
-0.0138205 -0.0044001
-0.0125105 -0.0051841
-0.0122904 -0.0055302
-0.0093570 -0.0064458
-0.0085047 -0.0075983
-0.0052420 -0.0070402
-0.0002709 -0.0072355
-0.0002738 -0.0085352
0.0051386 -0.0069844
0.0105022 -0.0062788
0.0095035 -0.0074103
0.0153364 -0.0051428
0.0191597 -0.0036530
0.0173637 -0.0043059
0.0216190 -0.0018966
0.0224576 -0.0000150
0.0203554 -0.0000015
0.0216003 0.0018723
0.0191269 0.0036281
0.0173269 0.0043030
0.0152904 0.0051257
0.0104485 0.0062613
0.0094451 0.0074056
0.0050829 0.0069743
-0.0003198 0.0072284
-0.0003253 0.0085323
-0.0052754 0.0070395
-0.0093839 0.0064438
-0.0085322 0.0075953
-0.0123032 0.0055345
-0.0138270 0.0044006
-0.0125204 0.0051835
-0.0138325 0.0031776
-0.0123217 0.0019856
-0.0111028 0.0023385
-0.0093863 0.0009733
-0.0051970 0.0002656
-0.0046487 0.0003102
0.0000000 0.0000000
0.0000000 0.0000000
-0.0040227 -0.0003446
-0.0033414 -0.0003580
-0.0073397 -0.0012578
-0.0097138 -0.0025837
-0.0082134 -0.0027034
-0.0109757 -0.0041279
-0.0110228 -0.0057256
-0.0094173 -0.0060056
-0.0098494 -0.0072006
-0.0075364 -0.0083981
-0.0064931 -0.0088268
-0.0042621 -0.0091806
-0.0002862 -0.0094426
-0.0003000 -0.0099400
0.0040497 -0.0091220
0.0083488 -0.0082041
0.0071056 -0.0086425
0.0122260 -0.0067226
0.0152958 -0.0047683
0.0130693 -0.0050206
0.0172691 -0.0024654
0.0179417 0.0000053
0.0153397 0.0000171
0.0172507 0.0024783
0.0152634 0.0047774
0.0130374 0.0050489
0.0121816 0.0067308
0.0082949 0.0082081
0.0070535 0.0086590
0.0039914 0.0091262
-0.0003358 0.0094437
-0.0003468 0.0099459
-0.0042930 0.0091809
-0.0075637 0.0083953
-0.0065185 0.0088255
-0.0098629 0.0072005
-0.0110306 0.0057221
-0.0094283 0.0060026
-0.0109716 0.0041286
-0.0097070 0.0025814
-0.0082150 0.0027018
-0.0073299 0.0012619
-0.0040146 0.0003449
-0.0033446 0.0003576
0.0000000 0.0000000
0.0000000 0.0000000
-0.0026557 -0.0003603
-0.0019782 -0.0003392
-0.0049607 -0.0013175
-0.0066826 -0.0027041
-0.0051756 -0.0025760
-0.0076526 -0.0043322
-0.0077672 -0.0060246
-0.0061313 -0.0057822
-0.0070045 -0.0075971
-0.0054135 -0.0088819
-0.0043344 -0.0085741
-0.0031214 -0.0097306
-0.0003124 -0.0100261
-0.0003140 -0.0097178
0.0027629 -0.0096986
0.0058170 -0.0087299
0.0045473 -0.0084805
0.0085726 -0.0071587
0.0107610 -0.0050753
0.0084763 -0.0049342
0.0121671 -0.0026203
0.0126468 0.0000210
0.0099765 0.0000272
0.0121527 0.0026602
0.0107370 0.0051120
0.0084559 0.0049806
0.0085406 0.0071876
0.0057746 0.0087538
0.0045103 0.0085118
0.0027158 0.0097155
-0.0003525 0.0100356
-0.0003501 0.0097302
-0.0031446 0.0097349
-0.0054362 0.0088821
-0.0043550 0.0085764
-0.0070167 0.0075970
-0.0077756 0.0060205
-0.0061412 0.0057797
-0.0076506 0.0043297
-0.0066778 0.0027010
-0.0051760 0.0025749
-0.0049525 0.0013141
-0.0026495 0.0003585
-0.0019825 0.0003368
0.0000000 0.0000000
0.0000000 0.0000000
-0.0013601 -0.0003079
-0.0008185 -0.0002516
-0.0026928 -0.0011321
-0.0037669 -0.0023308
-0.0025078 -0.0019648
-0.0044247 -0.0037716
-0.0045755 -0.0052933
-0.0031508 -0.0045692
-0.0041894 -0.0067286
-0.0032922 -0.0079213
-0.0023146 -0.0069421
-0.0019591 -0.0087265
-0.0003017 -0.0090329
-0.0002637 -0.0079902
0.0015241 -0.0087681
0.0033431 -0.0079115
0.0022598 -0.0070345
0.0049859 -0.0065000
0.0062970 -0.0046120
0.0043084 -0.0041108
0.0071371 -0.0023829
0.0074266 0.0000270
0.0050924 0.0000280
0.0071295 0.0024298
0.0062837 0.0046600
0.0042973 0.0041596
0.0049693 0.0065371
0.0033177 0.0079454
0.0022382 0.0070691
0.0014951 0.0087912
-0.0003270 0.0090474
-0.0002842 0.0080038
-0.0019720 0.0087343
-0.0033068 0.0079238
-0.0023260 0.0069434
-0.0041975 0.0067306
-0.0045822 0.0052895
-0.0031576 0.0045654
-0.0044252 0.0037693
-0.0037631 0.0023296
-0.0025097 0.0019669
-0.0026862 0.0011186
-0.0013551 0.0003034
-0.0008265 0.0002486
0.0000000 0.0000000
0.0000000 0.0000000
-0.0003980 -0.0001815
-0.0001443 -0.0000919
-0.0009547 -0.0007059
-0.0014610 -0.0014968
-0.0006860 -0.0009515
-0.0017981 -0.0025127
-0.0019180 -0.0036340
-0.0009312 -0.0025179
-0.0017936 -0.0047197
-0.0014444 -0.0056543
-0.0007093 -0.0040670
-0.0008977 -0.0063066
-0.0002055 -0.0065944
-0.0001124 -0.0048314
0.0005629 -0.0064480
0.0013354 -0.0058485
0.0006322 -0.0043258
0.0020310 -0.0048251
0.0025924 -0.0034299
0.0012371 -0.0025473
0.0029478 -0.0017773
0.0030756 0.0000249
0.0014648 0.0000213
0.0029469 0.0018131
0.0025896 0.0034742
0.0012229 0.0025845
0.0020294 0.0048551
0.0013284 0.0058796
0.0006089 0.0043501
0.0005572 0.0064678
-0.0002127 0.0066063
-0.0001342 0.0048386
-0.0008981 0.0063150
-0.0014491 0.0056526
-0.0007197 0.0040618
-0.0017964 0.0047215
-0.0019239 0.0036246
-0.0009241 0.0025068
-0.0018057 0.0025119
-0.0014656 0.0014948
-0.0006611 0.0009525
-0.0009625 0.0006813
-0.0003988 0.0001813
-0.0001212 0.0001000
0.0000000 0.0000000
0.0000000 0.0000000
-0.0000008 -0.0000008
0.0000000 0.0000000
-0.0000905 -0.0001443
-0.0001777 -0.0003976
0.0000000 0.0000000
-0.0002305 -0.0007939
-0.0002588 -0.0012748
0.0000000 0.0000000
-0.0002414 -0.0017478
-0.0002024 -0.0021853
0.0000000 0.0000000
-0.0001290 -0.0024934
-0.0000398 -0.0026615
0.0000000 0.0000000
0.0000617 -0.0026323
0.0001654 -0.0024120
0.0000000 0.0000000
0.0002546 -0.0020039
0.0003334 -0.0014287
0.0000000 0.0000000
0.0003756 -0.0007474
0.0003977 0.0000124
0.0000000 0.0000000
0.0003753 0.0007520
0.0003317 0.0014508
0.0000000 0.0000000
0.0002540 0.0020104
0.0001622 0.0024266
0.0000000 0.0000000
0.0000602 0.0026414
-0.0000430 0.0026661
0.0000000 0.0000000
-0.0001291 0.0025048
-0.0002034 0.0021829
0.0000000 0.0000000
-0.0002404 0.0017612
-0.0002569 0.0012683
0.0000000 0.0000000
-0.0002296 0.0008080
-0.0001797 0.0003944
0.0000000 0.0000000
-0.0001011 0.0001238
-0.0000075 0.0000075
0.0000000 0.0000000
0.0000000 0.0000000
0.01141813
0.01079104
0.009270553
0.008808942
0.009784918
0.01174999
0.01386833
0.01524804
0.01532031
0.0140532
0.01197649
0.009963566
0.00888475
0.009204338
0.0106535
0.01143241
0.01205957
0.01141311
0.01056645
0.01014703
0.01046641
0.01134502
0.01235424
0.01303423
0.01308948
0.01249829
0.01152065
0.01061126
0.01021261
0.01052208
0.01142566
0.01219887
0.01370826
0.01221162
0.01120109
0.01064563
0.0105777
0.01087015
0.01128101
0.01157086
0.01159441
0.01134769
0.01094746
0.01064646
0.01069832
0.01124571
0.01233131
0.01384485
0.01476645
0.0127043
0.01139656
0.01063902
0.01031475
0.0102757
0.01035871
0.01043709
0.01045127
0.01040041
0.01032006
0.01035791
0.01067575
0.01143028
0.01276327
0.01483819
0.01477343
0.01250703
0.01107742
0.01022889
0.009787925
0.009585793
0.009500693
0.009460598
0.009468417
0.009521058
0.009602914
0.009801885
0.01023852
0.01108124
0.01251231
0.01478656
0.01362742
0.01152599
0.01021561
0.009447267
0.009030439
0.008790222
0.008640185
0.008541919
0.00854597
0.008649197
0.008795454
0.009019726
0.009426921
0.01018255
0.01147143
0.0135601
0.01135058
0.009803147
0.008858483
0.008330641
0.00805082
0.007870431
0.007721766
0.00760292
0.007604719
0.007718568
0.007861451
0.008024439
0.008282953
0.008787948
0.009693205
0.01122374
0.008183288
0.007496385
0.007108664
0.00694998
0.006888836
0.006827959
0.006737113
0.006624955
0.006621137
0.006725411
0.006814209
0.006859516
0.006897168
0.007026817
0.007347698
0.007993345
0.004565536
0.00491676
0.005166913
0.005402402
0.005575244
0.005640498
0.00560861
0.005530875
0.00553021
0.00560467
0.005631937
0.00555279
0.005357676
0.005092333
0.004770487
0.004392009
0.001124722
0.002441812
0.003271159
0.003841466
0.004205336
0.0043732
0.004375937
0.004323866
0.004323091
0.004379958
0.004370656
0.004198125
0.003814751
0.003220045
0.002321911
0.0009692896
-0.001634322
0.0004022572
0.001665624
0.00246552
0.002931804
0.003140235
0.003156226
0.003105351
0.003108136
0.003163219
0.003142685
0.002941425
0.002458625
0.001638131
0.0003364656
-0.001714132
-0.003257398
-0.0009048555
0.0005451825
0.001412659
0.001860945
0.002004086
0.001969333
0.001893298
0.001899978
0.001990772
0.002030096
0.001887346
0.001433636
0.0005564147
-0.0009052886
-0.003261374
-0.00358391
-0.001342099
4.247966e-05
0.0008037498
0.001093258
0.001041871
0.000848395
0.0006858066
0.0007006776
0.0008902
0.001100615
0.001145047
0.0008506373
7.892733e-05
-0.001282243
-0.003516901
-0.002663316
-0.0009759852
0.0001724539
0.0007067399
0.0006855551
0.0002599758
-0.0002689143
-0.0006259586
-0.0005989203
-0.0002018273
0.0003529777
0.0007686444
0.0007755178
0.000222783
-0.0008431135
-0.002513573
-0.0008961665
-1.472321e-05
0.000949784
0.001222579
0.0006920298
-0.0004097885
-0.001575207
-0.002290256
-0.00222696
-0.001410042
-0.0002040488
0.0008615602
0.001306082
0.0009097021
5.673218e-06
-0.0007363335
-2.084495e-05
0.00086463
0.002430814
0.002700761
0.001403509
-0.0009263671
-0.00332553
-0.004794553
-0.004712166
-0.003109121
-0.0006625472
0.001616922
0.002795923
0.002370536
0.0007219967
0
