0.0000000 0.0000000
0.0000000 0.0000000
0.0000000 0.0000000
0.0000000 0.0000000
0.0000000 0.0000000
0.0000000 0.0000000
0.0000000 0.0000000
0.0000000 0.0000000
0.0000000 0.0000000
0.0000000 0.0000000
0.0000000 0.0000000
0.0000000 0.0000000
0.0000000 0.0000000
0.0000000 0.0000000
0.0000000 0.0000000
0.0000000 0.0000000
0.0000000 0.0000000
-0.0002239 0.0002241
-0.0004815 0.0009475
-0.0004971 0.0018902
-0.0002591 0.0025995
0.0001415 0.0026776
0.0005342 0.0020170
0.0007790 0.0007520
0.0007811 -0.0007488
0.0005378 -0.0020203
0.0001437 -0.0026769
-0.0002540 -0.0026069
-0.0004998 -0.0018977
-0.0004879 -0.0009467
-0.0002278 -0.0002288
0.0000000 0.0000000
0.0000000 0.0000000
-0.0009785 0.0005270
-0.0017119 0.0018297
-0.0016630 0.0033268
-0.0008076 0.0043677
0.0005680 0.0044059
0.0019005 0.0032791
0.0027256 0.0012214
0.0027267 -0.0012137
0.0019038 -0.0032864
0.0005567 -0.0044058
-0.0007964 -0.0043841
-0.0016713 -0.0033426
-0.0017180 -0.0018327
-0.0009732 -0.0005327
0.0000000 0.0000000
0.0000000 0.0000000
-0.0021489 0.0007114
-0.0034385 0.0023748
-0.0031805 0.0041900
-0.0014581 0.0053800
0.0012113 0.0053669
0.0037705 0.0039668
0.0053512 0.0014801
0.0053535 -0.0014748
0.0037907 -0.0039724
0.0011880 -0.0053684
-0.0014327 -0.0053975
-0.0031988 -0.0042011
-0.0034387 -0.0023764
-0.0021478 -0.0007145
0.0000000 0.0000000
0.0000000 0.0000000
-0.0035229 0.0007636
-0.0053820 0.0025169
-0.0048679 0.0044009
-0.0021187 0.0055983
0.0019685 0.0055572
0.0058580 0.0040959
0.0082566 0.0015348
0.0082589 -0.0015362
0.0058638 -0.0040949
0.0019348 -0.0055588
-0.0020865 -0.0056097
-0.0048684 -0.0044038
-0.0053832 -0.0025186
-0.0035220 -0.0007643
0.0000000 0.0000000
0.0000000 0.0000000
-0.0048653 0.0006872
-0.0072576 0.0022515
-0.0064545 0.0039180
-0.0027156 0.0049780
0.0027105 0.0049312
0.0078592 0.0036336
0.0110338 0.0013691
0.0110354 -0.0013801
0.0078634 -0.0036405
0.0026808 -0.0049298
-0.0026910 -0.0049777
-0.0064570 -0.0039203
-0.0072604 -0.0022521
-0.0048653 -0.0006861
0.0000000 0.0000000
0.0000000 0.0000000
-0.0059538 0.0004941
-0.0087677 0.0016082
-0.0077242 0.0027879
-0.0031704 0.0035509
0.0033103 0.0035110
0.0094682 0.0025912
0.0132692 0.0009820
0.0132688 -0.0010031
0.0094677 -0.0026073
0.0033067 -0.0035039
-0.0031717 -0.0035382
-0.0077278 -0.0027896
-0.0087709 -0.0016079
-0.0059543 -0.0004914
0.0000000 0.0000000
0.0000000 0.0000000
-0.0065980 0.0002112
-0.0096526 0.0006756
-0.0084671 0.0011608
-0.0034525 0.0014667
0.0036579 0.0014651
0.0104119 0.0010873
0.0145888 0.0004155
0.0145872 -0.0004427
0.0104052 -0.0011097
0.0036489 -0.0014787
-0.0034594 -0.0014732
-0.0084735 -0.0011618
-0.0096580 -0.0006753
-0.0065983 -0.0002083
0.0000000 0.0000000
0.0000000 0.0000000
-0.0067840 -0.0001268
-0.0097799 -0.0004186
-0.0084607 -0.0007196
-0.0034208 -0.0008997
0.0037778 -0.0008718
0.0107220 -0.0006393
0.0148585 -0.0002460
0.0148547 0.0002193
0.0107092 0.0006176
0.0037607 0.0008586
-0.0034333 0.0008938
-0.0084689 0.0007185
-0.0097851 0.0004184
-0.0067849 0.0001297
0.0000000 0.0000000
0.0000000 0.0000000
-0.0062535 -0.0004480
-0.0090582 -0.0014552
-0.0078721 -0.0025009
-0.0032135 -0.0031448
0.0034769 -0.0030703
0.0099515 -0.0022386
0.0138138 -0.0008088
0.0138074 0.0007915
0.0099345 0.0022261
0.0034556 0.0030633
-0.0032309 0.0031397
-0.0078812 0.0024991
-0.0090614 0.0014541
-0.0062557 0.0004500
0.0000000 0.0000000
0.0000000 0.0000000
-0.0052082 -0.0006878
-0.0076337 -0.0022334
-0.0066993 -0.0038472
-0.0027845 -0.0048520
0.0029248 -0.0047680
0.0084195 -0.0034725
0.0117233 -0.0012440
0.0117164 0.0012437
0.0084013 0.0034735
0.0028739 0.0047616
-0.0027699 0.0048409
-0.0067099 0.0038449
-0.0076374 0.0022320
-0.0052114 0.0006891
0.0000000 0.0000000
0.0000000 0.0000000
-0.0038327 -0.0008043
-0.0057506 -0.0026200
-0.0051347 -0.0045360
-0.0021978 -0.0057474
0.0021851 -0.0056646
0.0063793 -0.0041494
0.0089269 -0.0014873
0.0089205 0.0015045
0.0063633 0.0041642
0.0021179 0.0056848
-0.0021728 0.0057492
-0.0051446 0.0045344
-0.0057547 0.0026188
-0.0038367 0.0008045
0.0000000 0.0000000
0.0000000 0.0000000
-0.0023712 -0.0007754
-0.0037232 -0.0025498
-0.0034195 -0.0044671
-0.0015285 -0.0057141
0.0013800 -0.0056758
0.0041265 -0.0041844
0.0058680 -0.0015082
0.0058634 0.0015360
0.0041509 0.0042085
0.0013221 0.0057123
-0.0015106 0.0057248
-0.0034364 0.0044819
-0.0037269 0.0025495
-0.0023745 0.0007731
0.0000000 0.0000000
0.0000000 0.0000000
-0.0010894 -0.0005912
-0.0018807 -0.0020102
-0.0018043 -0.0036337
-0.0008559 -0.0047453
0.0006599 -0.0047868
0.0021080 -0.0035456
0.0030198 -0.0012941
0.0030180 0.0013220
0.0021148 0.0035841
0.0006288 0.0048226
-0.0008480 0.0047582
-0.0018109 0.0036512
-0.0018947 0.0020199
-0.0010963 0.0005857
0.0000000 0.0000000
0.0000000 0.0000000
-0.0002594 -0.0002609
-0.0005388 -0.0010581
-0.0005426 -0.0020955
-0.0002732 -0.0028606
0.0001720 -0.0029660
0.0006034 -0.0022219
0.0008709 -0.0008210
0.0008686 0.0008363
0.0005996 0.0022470
0.0001591 0.0029860
-0.0002757 0.0028699
-0.0005435 0.0021051
-0.0005361 0.0010668
-0.0002559 0.0002565
0.0000000 0.0000000
0.0000000 0.0000000
0.0000000 0.0000000
0.0000000 0.0000000
0.0000000 0.0000000
0.0000000 0.0000000
0.0000000 0.0000000
0.0000000 0.0000000
0.0000000 0.0000000
0.0000000 0.0000000
0.0000000 0.0000000
0.0000000 0.0000000
0.0000000 0.0000000
0.0000000 0.0000000
0.0000000 0.0000000
0.0000000 0.0000000
0.0000000 0.0000000
0.0000000 0.0000000
-0.0000034 0.0000034
0.0000000 0.0000000
-0.0000658 0.0000556
-0.0000564 0.0000675
-0.0001014 0.0002194
0.0000000 0.0000000
-0.0003736 0.0005353
-0.0001302 0.0004533
-0.0001459 0.0007143
0.0000000 0.0000000
-0.0005256 0.0014165
-0.0001364 0.0009938
-0.0001148 0.0012320
0.0000000 0.0000000
-0.0004075 0.0022971
-0.0000724 0.0014132
-0.0000229 0.0015016
0.0000000 0.0000000
-0.0000721 0.0027308
0.0000353 0.0014849
0.0000923 0.0013614
0.0000000 0.0000000
0.0003455 0.0024469
0.0001429 0.0011258
0.0001856 0.0008102
0.0000000 0.0000000
0.0006848 0.0014481
0.0002095 0.0004187
0.0002217 0.0000045
0.0000000 0.0000000
0.0008172 0.0000069
0.0002096 -0.0004209
0.0001867 -0.0008029
0.0000000 0.0000000
0.0006924 -0.0014365
0.0001432 -0.0011267
0.0000937 -0.0013578
0.0000000 0.0000000
0.0003571 -0.0024413
0.0000353 -0.0014832
-0.0000217 -0.0015021
0.0000000 0.0000000
-0.0000613 -0.0027319
-0.0000723 -0.0014087
-0.0001146 -0.0012352
0.0000000 0.0000000
-0.0004023 -0.0023034
-0.0001373 -0.0009872
-0.0001474 -0.0007189
0.0000000 0.0000000
-0.0005305 -0.0014247
-0.0001308 -0.0004458
-0.0001003 -0.0002213
0.0000000 0.0000000
-0.0003883 -0.0005353
-0.0000503 -0.0000792
0.0000004 0.0000005
0.0000000 0.0000000
-0.0000791 -0.0000509
0.0000000 0.0000000
0.0000000 0.0000000
-0.0002215 0.0001018
-0.0004631 0.0001404
-0.0005420 0.0003838
-0.0008308 0.0008447
-0.0014264 0.0011163
-0.0010273 0.0014220
-0.0010954 0.0020545
-0.0018007 0.0025960
-0.0010224 0.0026764
-0.0008213 0.0032032
-0.0013209 0.0039449
-0.0005062 0.0035768
-0.0001144 0.0037360
-0.0001527 0.0045369
0.0003205 0.0036523
0.0007519 0.0033148
0.0012661 0.0039942
0.0011405 0.0027332
0.0014496 0.0019517
0.0024064 0.0023417
0.0016459 0.0010151
0.0017163 0.0000074
0.0028430 0.0000067
0.0016459 -0.0010085
0.0014512 -0.0019394
0.0024118 -0.0023303
0.0011404 -0.0027285
0.0007534 -0.0033090
0.0012732 -0.0039886
0.0003191 -0.0036495
-0.0001137 -0.0037368
-0.0001464 -0.0045370
-0.0005068 -0.0035765
-0.0008210 -0.0032090
-0.0013171 -0.0039496
-0.0010224 -0.0026788
-0.0010943 -0.0020620
-0.0018000 -0.0026011
-0.0010239 -0.0014241
-0.0008291 -0.0008466
-0.0014268 -0.0011165
-0.0005377 -0.0003982
-0.0002212 -0.0001019
-0.0004590 -0.0001424
0.0000000 0.0000000
0.0000000 0.0000000
-0.0007634 0.0001724
-0.0011223 0.0001926
-0.0015243 0.0006368
-0.0021446 0.0013286
-0.0029596 0.0014768
-0.0025283 0.0021511
-0.0026175 0.0030198
-0.0035156 0.0033160
-0.0023948 0.0038391
-0.0018789 0.0045165
-0.0024773 0.0049100
-0.0011147 0.0049728
-0.0001736 0.0051427
-0.0001813 0.0055524
0.0008569 0.0049889
0.0018776 0.0045012
0.0025555 0.0048388
0.0027943 0.0036975
0.0035206 0.0026303
0.0047416 0.0028203
0.0039859 0.0013672
0.0041484 0.0000060
0.0055762 0.0000041
0.0039882 -0.0013600
0.0035264 -0.0026202
0.0047501 -0.0028131
0.0028001 -0.0036926
0.0018850 -0.0044964
0.0025668 -0.0048355
0.0008614 -0.0049863
-0.0001674 -0.0051427
-0.0001712 -0.0055525
-0.0011096 -0.0049732
-0.0018759 -0.0045200
-0.0024714 -0.0049129
-0.0023943 -0.0038418
-0.0026185 -0.0030238
-0.0035150 -0.0033193
-0.0025299 -0.0021539
-0.0021492 -0.0013301
-0.0029612 -0.0014785
-0.0015288 -0.0006453
-0.0007671 -0.0001750
-0.0011210 -0.0001943
0.0000000 0.0000000
0.0000000 0.0000000
-0.0015068 0.0002069
-0.0019113 0.0002088
-0.0028312 0.0007587
-0.0038301 0.0015616
-0.0047307 0.0015784
-0.0043943 0.0025024
-0.0044605 0.0034788
-0.0054253 0.0035026
-0.0040156 0.0043830
-0.0030939 0.0051177
-0.0037148 0.0051321
-0.0017750 0.0055982
-0.0001737 0.0057598
-0.0001578 0.0057581
0.0015644 0.0055648
0.0032794 0.0050043
0.0040191 0.0049922
0.0048154 0.0041015
0.0060299 0.0029111
0.0073376 0.0028995
0.0068085 0.0015114
0.0070784 0.0000025
0.0086012 -0.0000008
0.0068120 -0.0015092
0.0060384 -0.0029068
0.0073464 -0.0029004
0.0048246 -0.0040999
0.0032903 -0.0050027
0.0040309 -0.0049935
0.0015721 -0.0055643
-0.0001646 -0.0057604
-0.0001468 -0.0057597
-0.0017672 -0.0055989
-0.0030896 -0.0051196
-0.0037078 -0.0051338
-0.0040149 -0.0043845
-0.0044624 -0.0034810
-0.0054239 -0.0035043
-0.0043976 -0.0025043
-0.0038358 -0.0015632
-0.0047319 -0.0015799
-0.0028373 -0.0007616
-0.0015115 -0.0002079
-0.0019112 -0.0002092
0.0000000 0.0000000
0.0000000 0.0000000
-0.0023076 0.0002049
-0.0026893 0.0001888
-0.0042298 0.0007488
-0.0056146 0.0015326
-0.0064568 0.0014191
-0.0063470 0.0024465
-0.0063660 0.0033878
-0.0072566 0.0031322
-0.0056697 0.0042527
-0.0043135 0.0049491
-0.0048763 0.0045682
-0.0024146 0.0053982
-0.0001333 0.0055406
-0.0001061 0.0051077
0.0023279 0.0053429
0.0047484 0.0047968
0.0054391 0.0044181
0.0069115 0.0039266
0.0086195 0.0027828
0.0098280 0.0025604
0.0097140 0.0014426
0.0100920 -0.0000031
0.0114956 -0.0000071
0.0097178 -0.0014502
0.0086284 -0.0027882
0.0098354 -0.0025729
0.0069213 -0.0039321
0.0047601 -0.0048011
0.0054490 -0.0044265
0.0023364 -0.0053462
-0.0001236 -0.0055433
-0.0000970 -0.0051123
-0.0024065 -0.0053994
-0.0043093 -0.0049499
-0.0048707 -0.0045695
-0.0056691 -0.0042522
-0.0063685 -0.0033877
-0.0072562 -0.0031324
-0.0063513 -0.0024459
-0.0056209 -0.0015327
-0.0064588 -0.0014194
-0.0042366 -0.0007474
-0.0023132 -0.0002047
-0.0026898 -0.0001886
0.0000000 0.0000000
0.0000000 0.0000000
-0.0030308 0.0001681
-0.0033247 0.0001364
-0.0054874 0.0006128
-0.0072115 0.0012481
-0.0078558 0.0010175
-0.0080848 0.0019879
-0.0080515 0.0027461
-0.0087271 0.0022359
-0.0071225 0.0034406
-0.0053747 0.0039977
-0.0057958 0.0032520
-0.0029582 0.0043552
-0.0000755 0.0044654
-0.0000464 0.0036318
0.0030226 0.0043031
0.0060627 0.0038603
0.0065949 0.0031393
0.0087755 0.0031580
0.0109154 0.0022351
0.0118393 0.0018156
0.0122859 0.0011559
0.0127578 -0.0000097
0.0138282 -0.0000134
0.0122885 -0.0011755
0.0109218 -0.0022525
0.0118419 -0.0018398
0.0087819 -0.0031732
0.0060709 -0.0038723
0.0065988 -0.0031553
0.0030282 -0.0043113
-0.0000693 -0.0044711
-0.0000429 -0.0036392
-0.0029535 -0.0043572
-0.0053726 -0.0039981
-0.0057938 -0.0032536
-0.0071232 -0.0034385
-0.0080546 -0.0027440
-0.0087277 -0.0022348
-0.0080895 -0.0019843
-0.0072174 -0.0012461
-0.0078579 -0.0010164
-0.0054938 -0.0006073
-0.0030356 -0.0001667
-0.0033254 -0.0001352
0.0000000 0.0000000
0.0000000 0.0000000
-0.0035519 0.0001011
-0.0037042 0.0000583
-0.0063894 0.0003679
-0.0083517 0.0007428
-0.0086817 0.0004283
-0.0093199 0.0011802
-0.0092439 0.0016253
-0.0095867 0.0009331
-0.0081450 0.0020330
-0.0061154 0.0023590
-0.0063266 0.0013512
-0.0033297 0.0025689
-0.0000197 0.0026335
0.0000007 0.0015104
0.0035301 0.0025386
0.0070089 0.0022770
0.0072872 0.0013084
0.0101103 0.0018620
0.0125553 0.0013146
0.0130328 0.0007529
0.0141203 0.0006761
0.0146578 -0.0000156
0.0152094 -0.0000172
0.0141203 -0.0007059
0.0125565 -0.0013427
0.0130297 -0.0007844
0.0101096 -0.0018856
0.0070091 -0.0022961
0.0072800 -0.0013301
0.0035285 -0.0025517
-0.0000206 -0.0026425
-0.0000052 -0.0015211
-0.0033310 -0.0025722
-0.0061175 -0.0023597
-0.0063304 -0.0013534
-0.0081477 -0.0020297
-0.0092478 -0.0016221
-0.0095911 -0.0009311
-0.0093243 -0.0011745
-0.0083560 -0.0007399
-0.0086848 -0.0004272
-0.0063937 -0.0003597
-0.0035549 -0.0000993
-0.0037039 -0.0000573
0.0000000 0.0000000
0.0000000 0.0000000
-0.0037739 0.0000143
-0.0037547 -0.0000322
-0.0067711 0.0000512
-0.0088279 0.0000928
-0.0087819 -0.0002526
-0.0098305 0.0001443
-0.0097322 0.0001931
-0.0096773 -0.0005645
-0.0085579 0.0002387
-0.0064104 0.0002747
-0.0063707 -0.0008243
-0.0034706 0.0003005
0.0000171 0.0003102
0.0000258 -0.0009133
0.0037552 0.0003028
0.0074161 0.0002725
0.0073916 -0.0007823
0.0106806 0.0002224
0.0132496 0.0001524
0.0131957 -0.0004578
0.0148936 0.0000720
0.0154570 -0.0000181
0.0153887 -0.0000168
0.0148911 -0.0001053
0.0132441 -0.0001846
0.0131854 0.0004277
0.0106712 -0.0002492
0.0074058 -0.0002947
0.0073734 0.0007615
0.0037425 -0.0003177
0.0000060 -0.0003206
0.0000092 0.0009033
-0.0034798 -0.0003044
-0.0064189 -0.0002759
-0.0063814 0.0008225
-0.0085649 -0.0002349
-0.0097379 -0.0001897
-0.0096845 0.0005666
-0.0098358 -0.0001381
-0.0088301 -0.0000901
-0.0087852 0.0002535
-0.0067720 -0.0000417
-0.0037738 -0.0000122
-0.0037546 0.0000336
0.0000000 0.0000000
0.0000000 0.0000000
-0.0036487 -0.0000774
-0.0034569 -0.0001189
-0.0065507 -0.0002824
-0.0085428 -0.0005881
-0.0081214 -0.0008992
-0.0095165 -0.0009386
-0.0094222 -0.0013007
-0.0089772 -0.0019829
-0.0082856 -0.0016296
-0.0062063 -0.0018924
-0.0059246 -0.0028819
-0.0033574 -0.0020565
0.0000235 -0.0021031
0.0000135 -0.0032049
0.0036487 -0.0020191
0.0072010 -0.0018085
0.0068649 -0.0027579
0.0103695 -0.0014779
0.0128589 -0.0010507
0.0122683 -0.0015975
0.0144523 -0.0005505
0.0149962 -0.0000153
0.0143071 -0.0000112
0.0144456 0.0005224
0.0128467 0.0010236
0.0122515 0.0015784
0.0103516 0.0014563
0.0071801 0.0017900
0.0068391 0.0027446
0.0036267 0.0020076
0.0000027 0.0020946
-0.0000114 0.0031987
-0.0033744 0.0020540
-0.0062208 0.0018913
-0.0059415 0.0028808
-0.0082950 0.0016331
-0.0094290 0.0013032
-0.0089852 0.0019844
-0.0095194 0.0009439
-0.0085431 0.0005897
-0.0081241 0.0008992
-0.0065496 0.0002912
-0.0036468 0.0000792
-0.0034581 0.0001195
0.0000000 0.0000000
0.0000000 0.0000000
-0.0031949 -0.0001560
-0.0028637 -0.0001842
-0.0057596 -0.0005686
-0.0075379 -0.0011703
-0.0068139 -0.0013885
-0.0084226 -0.0018644
-0.0083608 -0.0025776
-0.0075996 -0.0030597
-0.0073702 -0.0032272
-0.0055355 -0.0037460
-0.0050574 -0.0044497
-0.0030101 -0.0040738
-0.0000043 -0.0041691
-0.0000293 -0.0049567
0.0032236 -0.0040082
0.0063896 -0.0035908
0.0058002 -0.0042713
0.0092148 -0.0029333
0.0114357 -0.0020787
0.0104059 -0.0024702
0.0128563 -0.0010787
0.0133405 -0.0000075
0.0121440 -0.0000011
0.0128471 0.0010657
0.0114187 0.0020658
0.0103872 0.0024683
0.0091913 0.0029240
0.0063617 0.0035819
0.0057699 0.0042694
0.0031946 0.0040032
-0.0000317 0.0041654
-0.0000583 0.0049559
-0.0030314 0.0040734
-0.0055541 0.0037455
-0.0050771 0.0044496
-0.0073820 0.0032301
-0.0083688 0.0025788
-0.0076097 0.0030603
-0.0084248 0.0018680
-0.0075372 0.0011707
-0.0068173 0.0013883
-0.0057566 0.0005749
-0.0031913 0.0001570
-0.0028656 0.0001847
0.0000000 0.0000000
0.0000000 0.0000000
-0.0024905 -0.0002068
-0.0020794 -0.0002170
-0.0045362 -0.0007540
-0.0059871 -0.0015466
-0.0050861 -0.0016341
-0.0067367 -0.0024652
-0.0067270 -0.0034091
-0.0057758 -0.0036111
-0.0059633 -0.0042721
-0.0045079 -0.0049635
-0.0039074 -0.0052702
-0.0024837 -0.0054039
-0.0000599 -0.0055361
-0.0000906 -0.0058901
0.0025513 -0.0053280
0.0051166 -0.0047755
0.0043740 -0.0050872
0.0074084 -0.0039026
0.0092127 -0.0027624
0.0079136 -0.0029425
0.0103666 -0.0014280
0.0107597 0.0000031
0.0092505 0.0000092
0.0103572 0.0014348
0.0091955 0.0027680
0.0078965 0.0029586
0.0073851 0.0039079
0.0050880 0.0047794
0.0043459 0.0050982
0.0025209 0.0053320
-0.0000881 0.0055389
-0.0001181 0.0058963
-0.0025044 0.0054066
-0.0045267 0.0049646
-0.0039259 0.0052725
-0.0059751 0.0042744
-0.0067352 0.0034093
-0.0057859 0.0036113
-0.0067381 0.0024669
-0.0059859 0.0015463
-0.0050895 0.0016336
-0.0045324 0.0007572
-0.0024865 0.0002072
-0.0020819 0.0002169
0.0000000 0.0000000
0.0000000 0.0000000
-0.0016617 -0.0002206
-0.0012445 -0.0002098
-0.0030960 -0.0008054
-0.0041580 -0.0016505
-0.0032356 -0.0015878
-0.0047421 -0.0026381
-0.0047878 -0.0036587
-0.0037978 -0.0035463
-0.0042869 -0.0045991
-0.0032780 -0.0053589
-0.0026396 -0.0052268
-0.0018484 -0.0058502
-0.0001191 -0.0060073
-0.0001383 -0.0058861
0.0017533 -0.0057924
0.0035985 -0.0051989
0.0028270 -0.0051084
0.0052492 -0.0042531
0.0065529 -0.0030100
0.0051899 -0.0029611
0.0073864 -0.0015537
0.0076707 0.0000122
0.0060847 0.0000160
0.0073788 0.0015765
0.0065393 0.0030320
0.0051776 0.0029893
0.0052313 0.0042712
0.0035749 0.0052147
0.0028055 0.0051288
0.0017280 0.0058049
-0.0001428 0.0060161
-0.0001603 0.0058968
-0.0018649 0.0058565
-0.0032939 0.0053623
-0.0026545 0.0052309
-0.0042970 0.0046018
-0.0047952 0.0036586
-0.0038058 0.0035466
-0.0047435 0.0026382
-0.0041567 0.0016496
-0.0032372 0.0015877
-0.0030921 0.0008042
-0.0016582 0.0002197
-0.0012475 0.0002084
0.0000000 0.0000000
0.0000000 0.0000000
-0.0008607 -0.0001923
-0.0005208 -0.0001585
-0.0016972 -0.0007054
-0.0023656 -0.0014497
-0.0015812 -0.0012322
-0.0027668 -0.0023402
-0.0028468 -0.0032762
-0.0019679 -0.0028512
-0.0025894 -0.0041528
-0.0020155 -0.0048749
-0.0014230 -0.0043082
-0.0011766 -0.0053543
-0.0001466 -0.0055265
-0.0001362 -0.0049312
0.0009764 -0.0053502
0.0020883 -0.0048161
0.0014177 -0.0043212
0.0030843 -0.0039491
0.0038749 -0.0027976
0.0026628 -0.0025166
0.0043791 -0.0014446
0.0045526 0.0000168
0.0031354 0.0000176
0.0043747 0.0014736
0.0038666 0.0028279
0.0026556 0.0025480
0.0030742 0.0039731
0.0020732 0.0048385
0.0014046 0.0043442
0.0009604 0.0053668
-0.0001622 0.0055383
-0.0001492 0.0049423
-0.0011865 0.0053625
-0.0020259 0.0048790
-0.0014315 0.0043110
-0.0025960 0.0041561
-0.0028521 0.0032755
-0.0019730 0.0028498
-0.0027684 0.0023400
-0.0023637 0.0014495
-0.0015829 0.0012337
-0.0016934 0.0006976
-0.0008574 0.0001896
-0.0005262 0.0001566
0.0000000 0.0000000
0.0000000 0.0000000
-0.0002554 -0.0001154
-0.0000934 -0.0000591
-0.0006074 -0.0004471
-0.0009248 -0.0009457
-0.0004355 -0.0006054
-0.0011325 -0.0015830
-0.0012019 -0.0022833
-0.0005848 -0.0015912
-0.0011166 -0.0029572
-0.0008911 -0.0035331
-0.0004383 -0.0025545
-0.0005443 -0.0039298
-0.0001109 -0.0040982
-0.0000614 -0.0030174
0.0003655 -0.0039974
0.0008414 -0.0036181
0.0003996 -0.0026888
0.0012665 -0.0029795
0.0016079 -0.0021146
0.0007691 -0.0015779
0.0018228 -0.0010947
0.0019000 0.0000162
0.0009071 0.0000139
0.0018222 0.0011184
0.0016057 0.0021437
0.0007603 0.0016024
0.0012651 0.0029998
0.0008369 0.0036390
0.0003851 0.0027054
0.0003623 0.0040118
-0.0001156 0.0041078
-0.0000753 0.0030236
-0.0005455 0.0039374
-0.0008946 0.0035335
-0.0004456 0.0025524
-0.0011190 0.0029596
-0.0012059 0.0022782
-0.0005808 0.0015845
-0.0011376 0.0015830
-0.0009276 0.0009446
-0.0004199 0.0006060
-0.0006122 0.0004317
-0.0002557 0.0001153
-0.0000789 0.0000641
0.0000000 0.0000000
0.0000000 0.0000000
-0.0000012 -0.0000012
0.0000000 0.0000000
-0.0000583 -0.0000935
-0.0001132 -0.0002552
0.0000000 0.0000000
-0.0001459 -0.0005062
-0.0001629 -0.0008094
0.0000000 0.0000000
-0.0001508 -0.0011055
-0.0001253 -0.0013775
0.0000000 0.0000000
-0.0000785 -0.0015667
-0.0000223 -0.0016670
0.0000000 0.0000000
0.0000407 -0.0016442
0.0001050 -0.0015028
0.0000000 0.0000000
0.0001596 -0.0012459
0.0002077 -0.0008867
0.0000000 0.0000000
0.0002332 -0.0004631
0.0002466 0.0000082
0.0000000 0.0000000
0.0002329 0.0004672
0.0002065 0.0009013
0.0000000 0.0000000
0.0001591 0.0012510
0.0001029 0.0015127
0.0000000 0.0000000
0.0000398 0.0016506
-0.0000244 0.0016707
0.0000000 0.0000000
-0.0000788 0.0015744
-0.0001260 0.0013765
0.0000000 0.0000000
-0.0001503 0.0011142
-0.0001617 0.0008054
0.0000000 0.0000000
-0.0001453 0.0005153
-0.0001144 0.0002531
0.0000000 0.0000000
-0.0000648 0.0000805
-0.0000053 0.0000053
0.0000000 0.0000000
0.0000000 0.0000000
0.007021036
0.006614391
0.005658722
0.005393031
0.006040284
0.00730021
0.00864167
0.009509557
0.009553877
0.008756522
0.007442928
0.006155717
0.005443949
0.005618645
0.00652811
0.007030491
0.007436464
0.00701793
0.006488647
0.006239474
0.006461153
0.007031994
0.007678942
0.00811235
0.008146501
0.007768586
0.00714297
0.006554134
0.00628302
0.00646167
0.007026414
0.007525454
0.008470306
0.007517284
0.006888458
0.006551888
0.006525164
0.006724773
0.006997097
0.007188219
0.007202952
0.007037962
0.006774117
0.006569463
0.006585814
0.006916296
0.007592001
0.008555254
0.009097347
0.00780862
0.007001424
0.006540007
0.006349452
0.006339204
0.006407531
0.006468977
0.006477828
0.006432485
0.0063683
0.006377352
0.006563241
0.007022149
0.007842674
0.009137525
0.009042628
0.007657492
0.006784701
0.006267454
0.005999841
0.005885411
0.005849653
0.00584096
0.005845458
0.005861388
0.005897794
0.00601021
0.006274568
0.006788046
0.007658074
0.009045441
0.008276685
0.007021439
0.006229913
0.005758196
0.005497276
0.005355248
0.005279417
0.005238816
0.005240855
0.005284154
0.005359273
0.005493928
0.005748251
0.006211466
0.006987211
0.008234055
0.006848676
0.00594307
0.00537539
0.005043561
0.004857721
0.004745812
0.004670824
0.004621862
0.004622501
0.004669647
0.004741423
0.004845075
0.005019189
0.005336619
0.005878393
0.006772701
0.004924103
0.00453259
0.004295976
0.004177296
0.004114727
0.004068871
0.004024816
0.003982238
0.003980693
0.004019939
0.004061334
0.004099014
0.004147989
0.004249321
0.004447879
0.00481798
0.002761767
0.002972954
0.003113306
0.003228648
0.003304133
0.003332867
0.003323991
0.003299232
0.003298495
0.003321981
0.003327454
0.003290656
0.003201777
0.003068842
0.002888183
0.002660523
0.0007003309
0.001478833
0.001967587
0.002290009
0.002485773
0.002576057
0.002591004
0.002579667
0.002579457
0.002593141
0.002574568
0.002478901
0.002272072
0.001934805
0.00140779
0.0006100565
-0.000967876
0.0002457961
0.0009999229
0.001468482
0.001733671
0.001851907
0.001873105
0.001859496
0.001861525
0.00187789
0.001854999
0.001737403
0.001462864
0.0009819204
0.0002036672
-0.001020109
-0.001981001
-0.0005539124
0.0003240877
0.0008433711
0.001105397
0.001189479
0.00117521
0.001141229
0.0011457
0.001188425
0.00120506
0.001120939
0.0008546451
0.0003292083
-0.0005586709
-0.001989233
-0.00221475
-0.0008292857
2.046269e-05
0.0004821977
0.0006515414
0.0006179645
0.000502238
0.0004104875
0.0004200184
0.0005286426
0.0006537599
0.0006842189
0.0005102801
4.227397e-05
-0.0007963526
-0.002179122
-0.001668631
-0.0006086079
0.0001040317
0.0004293648
0.0004085504
0.0001418521
-0.0001848346
-0.0003997718
-0.0003829123
-0.0001417984
0.0001998404
0.0004609323
0.0004715812
0.0001351357
-0.0005271777
-0.001577474
-0.0005692014
-9.283192e-06
0.0005914494
0.0007519118
0.0004118276
-0.0002768603
-0.0009985231
-0.001437613
-0.001398904
-0.0008968264
-0.000148978
0.0005195979
0.0008061964
0.0005668547
3.406423e-06
-0.0004688753
-1.308163e-05
0.0005494668
0.001526774
0.001674443
0.000843474
-0.0006138024
-0.002095232
-0.002995029
-0.002944812
-0.001962677
-0.0004492832
0.0009796733
0.00173822
0.001490369
0.0004601688
0
