0.0000000 0.0000000
0.0000000 0.0000000
0.0000000 0.0000000
0.0000000 0.0000000
0.0000000 0.0000000
0.0000000 0.0000000
0.0000000 0.0000000
0.0000000 0.0000000
0.0000000 0.0000000
0.0000000 0.0000000
0.0000000 0.0000000
0.0000000 0.0000000
0.0000000 0.0000000
0.0000000 0.0000000
0.0000000 0.0000000
0.0000000 0.0000000
0.0000000 0.0000000
-0.0018349 0.0018503
-0.0031780 0.0068526
-0.0030423 0.0126783
-0.0016390 0.0169906
0.0009344 0.0169862
0.0033536 0.0129146
0.0050148 0.0049016
0.0050490 -0.0048948
0.0033726 -0.0131498
0.0008914 -0.0170255
-0.0015087 -0.0173075
-0.0030894 -0.0129745
-0.0032927 -0.0069341
-0.0018621 -0.0018757
0.0000000 0.0000000
0.0000000 0.0000000
-0.0071944 0.0036064
-0.0109766 0.0120733
-0.0102800 0.0214635
-0.0056366 0.0286643
0.0033447 0.0294743
0.0119623 0.0226981
0.0179327 0.0088912
0.0179762 -0.0088581
0.0120580 -0.0232965
0.0029058 -0.0295329
-0.0052528 -0.0294352
-0.0105748 -0.0220157
-0.0112919 -0.0121790
-0.0071267 -0.0036411
0.0000000 0.0000000
0.0000000 0.0000000
-0.0148869 0.0046917
-0.0228061 0.0159002
-0.0209451 0.0287727
-0.0124775 0.0395658
0.0060655 0.0427222
0.0246435 0.0341139
0.0380137 0.0140976
0.0379550 -0.0141185
0.0247936 -0.0353249
0.0045550 -0.0426746
-0.0118173 -0.0410275
-0.0217747 -0.0294133
-0.0227268 -0.0158794
-0.0148343 -0.0047107
0.0000000 0.0000000
0.0000000 0.0000000
-0.0241244 0.0053232
-0.0371442 0.0183099
-0.0374686 0.0352516
-0.0238477 0.0505600
0.0075434 0.0589441
0.0414542 0.0496751
0.0674238 0.0222433
0.0674628 -0.0222244
0.0422419 -0.0520498
0.0037384 -0.0582390
-0.0236520 -0.0525796
-0.0373861 -0.0354020
-0.0370532 -0.0183318
-0.0240732 -0.0053333
0.0000000 0.0000000
0.0000000 0.0000000
-0.0338522 0.0052354
-0.0529727 0.0181730
-0.0569182 0.0362491
-0.0406475 0.0572955
0.0043003 0.0734511
0.0612703 0.0660875
0.1067629 0.0327655
0.1067230 -0.0322939
0.0629409 -0.0686587
-0.0023022 -0.0717937
-0.0423127 -0.0581358
-0.0568837 -0.0365465
-0.0529580 -0.0182470
-0.0338223 -0.0052356
0.0000000 0.0000000
0.0000000 0.0000000
-0.0423362 0.0040516
-0.0672219 0.0139657
-0.0758885 0.0283870
-0.0638644 0.0468792
-0.0170024 0.0643711
0.0801101 0.0681305
0.1517040 0.0378955
0.1516662 -0.0376501
0.0804642 -0.0664519
-0.0075974 -0.0659167
-0.0642195 -0.0476116
-0.0760622 -0.0285537
-0.0672878 -0.0140194
-0.0423384 -0.0040321
0.0000000 0.0000000
0.0000000 0.0000000
-0.0474368 0.0017606
-0.0757981 0.0057115
-0.0879870 0.0114090
-0.0791957 0.0191938
-0.0204243 0.0305118
0.0896232 0.0362181
0.1846081 0.0239598
0.1850526 -0.0246924
0.0900350 -0.0359220
-0.0185412 -0.0278490
-0.0795169 -0.0193906
-0.0881316 -0.0114256
-0.0758479 -0.0057547
-0.0474160 -0.0017509
0.0000000 0.0000000
0.0000000 0.0000000
-0.0534448 -0.0019031
-0.0798613 -0.0065969
-0.0884493 -0.0134842
-0.0737464 -0.0214582
-0.0166132 -0.0259761
0.1301855 -0.0166743
0.2204270 -0.0065856
0.2202097 0.0062440
0.1294751 0.0164168
-0.0147532 0.0239184
-0.0735670 0.0213557
-0.0883495 0.0133980
-0.0798331 0.0065368
-0.0534121 0.0019093
0.0000000 0.0000000
0.0000000 0.0000000
-0.0473467 -0.0048790
-0.0697544 -0.0163161
-0.0748274 -0.0324677
-0.0597229 -0.0518682
-0.0123844 -0.0684343
0.1084954 -0.0547839
0.1899351 -0.0148997
0.1899997 0.0145485
0.1086589 0.0550958
0.0023738 0.0668508
-0.0594126 0.0511126
-0.0746452 0.0321810
-0.0696800 0.0162371
-0.0473404 0.0048785
0.0000000 0.0000000
0.0000000 0.0000000
-0.0374048 -0.0062462
-0.0541360 -0.0204827
-0.0551627 -0.0391856
-0.0396847 -0.0594304
0.0148467 -0.0750512
0.0796006 -0.0665135
0.1342107 -0.0190822
0.1343535 0.0197746
0.0787210 0.0681762
-0.0032287 0.0756641
-0.0397168 0.0609906
-0.0551234 0.0389055
-0.0541035 0.0204168
-0.0374139 0.0062516
0.0000000 0.0000000
0.0000000 0.0000000
-0.0263003 -0.0061818
-0.0376348 -0.0199675
-0.0363436 -0.0367876
-0.0230472 -0.0526467
0.0133623 -0.0636638
0.0472861 -0.0524579
0.0820431 -0.0170064
0.0817744 0.0173334
0.0509947 0.0553036
0.0041212 0.0652256
-0.0214228 0.0542495
-0.0365108 0.0367169
-0.0376545 0.0199506
-0.0263372 0.0061855
0.0000000 0.0000000
0.0000000 0.0000000
-0.0160546 -0.0053034
-0.0230882 -0.0169832
-0.0214051 -0.0303270
-0.0119793 -0.0413511
0.0088247 -0.0462608
0.0275720 -0.0361982
0.0443503 -0.0127527
0.0443069 0.0127522
0.0293348 0.0380129
0.0054289 0.0477369
-0.0108727 0.0420336
-0.0219063 0.0311921
-0.0231176 0.0169834
-0.0160929 0.0052921
0.0000000 0.0000000
0.0000000 0.0000000
-0.0076759 -0.0040006
-0.0114948 -0.0128778
-0.0104868 -0.0226976
-0.0054007 -0.0300110
0.0046178 -0.0319665
0.0135977 -0.0241945
0.0205513 -0.0088773
0.0204584 0.0089214
0.0139353 0.0251911
0.0033734 0.0328271
-0.0049749 0.0302648
-0.0105702 0.0232635
-0.0118442 0.0131705
-0.0077383 0.0039629
0.0000000 0.0000000
0.0000000 0.0000000
-0.0020252 -0.0020588
-0.0033656 -0.0073104
-0.0030631 -0.0133624
-0.0015377 -0.0176761
0.0013119 -0.0188239
0.0039260 -0.0140624
0.0057385 -0.0053108
0.0057043 0.0053118
0.0039368 0.0145423
0.0010089 0.0191949
-0.0015050 0.0177780
-0.0030822 0.0136022
-0.0033876 0.0075049
-0.0020329 0.0020648
0.0000000 0.0000000
0.0000000 0.0000000
0.0000000 0.0000000
0.0000000 0.0000000
0.0000000 0.0000000
0.0000000 0.0000000
0.0000000 0.0000000
0.0000000 0.0000000
0.0000000 0.0000000
0.0000000 0.0000000
0.0000000 0.0000000
0.0000000 0.0000000
0.0000000 0.0000000
0.0000000 0.0000000
0.0000000 0.0000000
0.0000000 0.0000000
0.0000000 0.0000000
0.0000000 0.0000000
-0.0000890 0.0000890
0.0000000 0.0000000
-0.0006985 0.0004820
-0.0004848 0.0007090
-0.0007563 0.0018907
0.0000000 0.0000000
-0.0027121 0.0041043
-0.0008729 0.0035096
-0.0009066 0.0051863
0.0000000 0.0000000
-0.0032771 0.0098352
-0.0008140 0.0068689
-0.0006604 0.0082605
0.0000000 0.0000000
-0.0023837 0.0151217
-0.0004093 0.0092974
-0.0001123 0.0097709
0.0000000 0.0000000
-0.0003831 0.0176830
0.0002396 0.0096331
0.0005918 0.0088252
0.0000000 0.0000000
0.0021810 0.0159143
0.0009170 0.0073247
0.0012000 0.0052782
0.0000000 0.0000000
0.0044111 0.0095096
0.0013615 0.0027302
0.0014442 0.0000170
0.0000000 0.0000000
0.0053195 0.0000205
0.0013589 -0.0027683
0.0012046 -0.0052572
0.0000000 0.0000000
0.0044472 -0.0094813
0.0009173 -0.0073423
0.0005984 -0.0088317
0.0000000 0.0000000
0.0022222 -0.0159210
0.0002407 -0.0096239
-0.0001040 -0.0097878
0.0000000 0.0000000
-0.0003504 -0.0177094
-0.0003992 -0.0092681
-0.0006556 -0.0082684
0.0000000 0.0000000
-0.0023583 -0.0151427
-0.0008145 -0.0068251
-0.0009140 -0.0051935
0.0000000 0.0000000
-0.0032862 -0.0098553
-0.0008775 -0.0034486
-0.0007496 -0.0019006
0.0000000 0.0000000
-0.0027825 -0.0040890
-0.0004474 -0.0007842
-0.0000744 -0.0000770
0.0000000 0.0000000
-0.0007874 -0.0004611
0.0000000 0.0000000
0.0000000 0.0000000
-0.0019321 0.0007759
-0.0036699 0.0009869
-0.0041743 0.0028347
-0.0058301 0.0059868
-0.0097873 0.0075370
-0.0067159 0.0097420
-0.0068100 0.0137065
-0.0112640 0.0169777
-0.0061879 0.0175196
-0.0049175 0.0207691
-0.0082241 0.0257104
-0.0030763 0.0231491
-0.0007461 0.0242759
-0.0013700 0.0303152
0.0019062 0.0239336
0.0046509 0.0219426
0.0076954 0.0277134
0.0072262 0.0182905
0.0093637 0.0131670
0.0157489 0.0167796
0.0107515 0.0068829
0.0112564 0.0000237
0.0190147 0.0000295
0.0107393 -0.0068861
0.0093569 -0.0131429
0.0157848 -0.0167344
0.0072010 -0.0183041
0.0046202 -0.0219691
0.0077357 -0.0277265
0.0018532 -0.0239328
-0.0007922 -0.0243044
-0.0013710 -0.0303344
-0.0030922 -0.0231399
-0.0049428 -0.0207830
-0.0082399 -0.0257127
-0.0061850 -0.0175046
-0.0068031 -0.0137170
-0.0112639 -0.0169739
-0.0066820 -0.0097273
-0.0057996 -0.0059742
-0.0097503 -0.0075164
-0.0041224 -0.0029046
-0.0019273 -0.0007777
-0.0036304 -0.0009985
0.0000000 0.0000000
0.0000000 0.0000000
-0.0057360 0.0011659
-0.0081532 0.0013071
-0.0108829 0.0042744
-0.0145087 0.0088211
-0.0199662 0.0099186
-0.0164263 0.0141705
-0.0166217 0.0198764
-0.0229160 0.0225325
-0.0152507 0.0254262
-0.0123508 0.0303880
-0.0175136 0.0350392
-0.0080502 0.0342329
-0.0023949 0.0364342
-0.0041088 0.0430193
0.0041946 0.0364591
0.0112380 0.0339151
0.0150905 0.0410475
0.0179701 0.0286446
0.0236506 0.0207947
0.0331852 0.0256239
0.0273817 0.0109654
0.0287262 0.0000352
0.0406573 0.0000421
0.0273674 -0.0109175
0.0236568 -0.0207434
0.0330979 -0.0255146
0.0179972 -0.0286015
0.0112383 -0.0339677
0.0150504 -0.0410567
0.0041772 -0.0364600
-0.0024497 -0.0364929
-0.0041212 -0.0430718
-0.0080467 -0.0342656
-0.0124015 -0.0303861
-0.0174751 -0.0350361
-0.0152688 -0.0254030
-0.0166425 -0.0198518
-0.0229017 -0.0225056
-0.0163977 -0.0141483
-0.0144932 -0.0088017
-0.0199110 -0.0099068
-0.0108528 -0.0043114
-0.0057329 -0.0011749
-0.0081289 -0.0013111
0.0000000 0.0000000
0.0000000 0.0000000
-0.0107967 0.0014363
-0.0136778 0.0015178
-0.0197680 0.0052476
-0.0259875 0.0108496
-0.0325951 0.0115090
-0.0294167 0.0175421
-0.0301120 0.0249085
-0.0382838 0.0267875
-0.0282780 0.0324050
-0.0238231 0.0395980
-0.0315866 0.0436955
-0.0167390 0.0457284
-0.0068251 0.0500538
-0.0109658 0.0571664
0.0053762 0.0515368
0.0191386 0.0492742
0.0230997 0.0583562
0.0327636 0.0425871
0.0446416 0.0314005
0.0582419 0.0381832
0.0525248 0.0167542
0.0553485 -0.0000055
0.0734076 0.0000846
0.0523972 -0.0167150
0.0445526 -0.0312911
0.0584298 -0.0379022
0.0327817 -0.0424347
0.0191028 -0.0493121
0.0232256 -0.0584173
0.0053900 -0.0514906
-0.0069289 -0.0501337
-0.0110584 -0.0572683
-0.0166904 -0.0457792
-0.0238917 -0.0396134
-0.0316006 -0.0437496
-0.0283063 -0.0324226
-0.0301447 -0.0248745
-0.0382350 -0.0267932
-0.0293818 -0.0175194
-0.0259734 -0.0108288
-0.0325283 -0.0115096
-0.0197329 -0.0052710
-0.0107893 -0.0014342
-0.0136471 -0.0015157
0.0000000 0.0000000
0.0000000 0.0000000
-0.0166417 0.0015709
-0.0196641 0.0015234
-0.0300477 0.0057020
-0.0394624 0.0118227
-0.0464769 0.0115466
-0.0450882 0.0192780
-0.0471285 0.0278495
-0.0565429 0.0275666
-0.0458025 0.0370513
-0.0406664 0.0466306
-0.0510942 0.0474361
-0.0312591 0.0556795
-0.0167685 0.0633595
-0.0246633 0.0670840
0.0025915 0.0678074
0.0264370 0.0673305
0.0287965 0.0743399
0.0513968 0.0600676
0.0739986 0.0453574
0.0916432 0.0513294
0.0891897 0.0247070
0.0946443 0.0002256
0.1189825 0.0001995
0.0890749 -0.0242735
0.0741422 -0.0449399
0.0920501 -0.0508702
0.0517281 -0.0599175
0.0265580 -0.0677509
0.0295614 -0.0749570
0.0027993 -0.0682238
-0.0170573 -0.0635597
-0.0245875 -0.0674174
-0.0313607 -0.0557569
-0.0408597 -0.0466322
-0.0512281 -0.0475530
-0.0458364 -0.0370935
-0.0471724 -0.0278238
-0.0565176 -0.0276446
-0.0450625 -0.0192939
-0.0394628 -0.0117967
-0.0464400 -0.0115686
-0.0300330 -0.0057121
-0.0166439 -0.0015634
-0.0196317 -0.0015230
0.0000000 0.0000000
0.0000000 0.0000000
-0.0225073 0.0014324
-0.0250580 0.0011960
-0.0403245 0.0051576
-0.0531191 0.0106804
-0.0590742 0.0089633
-0.0614012 0.0175312
-0.0656931 0.0257133
-0.0741832 0.0217421
-0.0661200 0.0349104
-0.0618547 0.0452831
-0.0725176 0.0390882
-0.0516533 0.0559554
-0.0335206 0.0664307
-0.0433177 0.0594158
-0.0062516 0.0741624
0.0307725 0.0767835
0.0318347 0.0714843
0.0721769 0.0706825
0.1111333 0.0544155
0.1312505 0.0511165
0.1371377 0.0299620
0.1462620 0.0005074
0.1735659 -0.0001561
0.1371151 -0.0295531
0.1119783 -0.0535945
0.1318225 -0.0514285
0.0734195 -0.0702356
0.0311575 -0.0771714
0.0325277 -0.0713228
-0.0059795 -0.0745588
-0.0340880 -0.0665118
-0.0435008 -0.0593043
-0.0520254 -0.0560955
-0.0622062 -0.0451348
-0.0726738 -0.0390511
-0.0662082 -0.0349126
-0.0657605 -0.0256526
-0.0742395 -0.0218021
-0.0614184 -0.0175453
-0.0531299 -0.0106371
-0.0590925 -0.0089854
-0.0403345 -0.0051331
-0.0225017 -0.0014135
-0.0250472 -0.0011852
0.0000000 0.0000000
0.0000000 0.0000000
-0.0271150 0.0009080
-0.0284503 0.0005024
-0.0483142 0.0032432
-0.0638133 0.0066236
-0.0668386 0.0035919
-0.0744051 0.0108714
-0.0810017 0.0160574
-0.0854334 0.0085665
-0.0835837 0.0221047
-0.0812216 0.0292980
-0.0871081 0.0157722
-0.0716332 0.0371578
-0.0512820 0.0457934
-0.0567805 0.0257031
-0.0166687 0.0529077
0.0339976 0.0568899
0.0365125 0.0341757
0.0939958 0.0536157
0.1497664 0.0415910
0.1639542 0.0256282
0.1861801 0.0231139
0.1985839 -0.0001923
0.2162207 -0.0006536
0.1861400 -0.0242708
0.1508748 -0.0417410
0.1645251 -0.0271350
0.0950264 -0.0533779
0.0346627 -0.0563248
0.0367391 -0.0338546
-0.0163045 -0.0522293
-0.0516087 -0.0453209
-0.0569796 -0.0254533
-0.0717658 -0.0371598
-0.0813536 -0.0290100
-0.0872330 -0.0156791
-0.0836333 -0.0220326
-0.0810030 -0.0159734
-0.0855284 -0.0085815
-0.0744161 -0.0108671
-0.0637929 -0.0065941
-0.0668844 -0.0036220
-0.0483276 -0.0031880
-0.0270975 -0.0008945
-0.0284265 -0.0005095
0.0000000 0.0000000
0.0000000 0.0000000
-0.0290731 0.0000830
-0.0287700 -0.0003644
-0.0516644 0.0002322
-0.0681407 0.0002553
-0.0672447 -0.0031621
-0.0796306 0.0002692
-0.0872086 0.0002520
-0.0857164 -0.0082479
-0.0907915 0.0002774
-0.0893219 0.0004407
-0.0871754 -0.0152899
-0.0799426 0.0009079
-0.0580547 0.0021578
-0.0553475 -0.0221451
-0.0186472 0.0037072
0.0403332 0.0065490
0.0443451 -0.0218429
0.1105538 0.0080782
0.1726542 0.0070369
0.1751379 -0.0120952
0.2126885 0.0049543
0.2261799 -0.0004268
0.2260736 -0.0003352
0.2129522 -0.0055300
0.1734891 -0.0078194
0.1738559 0.0114441
0.1104421 -0.0086039
0.0405058 -0.0061838
0.0431477 0.0223029
-0.0187880 -0.0030802
-0.0581665 -0.0018561
-0.0555012 0.0226929
-0.0798827 -0.0008954
-0.0891955 -0.0003643
-0.0871754 0.0154523
-0.0907670 -0.0002447
-0.0871226 -0.0002481
-0.0857555 0.0082926
-0.0796184 -0.0002737
-0.0680571 -0.0002731
-0.0672818 0.0031497
-0.0516214 -0.0001631
-0.0290182 -0.0000705
-0.0287699 0.0003777
0.0000000 0.0000000
0.0000000 0.0000000
-0.0276703 -0.0007847
-0.0258008 -0.0011239
-0.0490901 -0.0029090
-0.0644861 -0.0062993
-0.0599595 -0.0088595
-0.0749785 -0.0105958
-0.0815110 -0.0159267
-0.0747688 -0.0220521
-0.0840458 -0.0220987
-0.0814663 -0.0292575
-0.0725614 -0.0400266
-0.0713905 -0.0366483
-0.0493226 -0.0437169
-0.0407504 -0.0598106
-0.0110819 -0.0484432
0.0448774 -0.0478079
0.0442104 -0.0667547
0.1105343 -0.0411551
0.1665277 -0.0300520
0.1518779 -0.0427230
0.2029966 -0.0153798
0.2144511 -0.0007326
0.1947835 0.0000063
0.2023299 0.0148115
0.1659433 0.0289683
0.1509705 0.0424894
0.1093233 0.0405780
0.0439898 0.0478300
0.0436457 0.0665205
-0.0107674 0.0492154
-0.0491540 0.0440093
-0.0401668 0.0597891
-0.0710363 0.0370315
-0.0812543 0.0292038
-0.0723601 0.0400512
-0.0839318 0.0221568
-0.0813892 0.0158585
-0.0747063 0.0221015
-0.0749265 0.0106077
-0.0643993 0.0062436
-0.0599636 0.0088548
-0.0490595 0.0029750
-0.0276297 0.0007900
-0.0258403 0.0011221
0.0000000 0.0000000
0.0000000 0.0000000
-0.0234451 -0.0013913
-0.0206079 -0.0015263
-0.0415634 -0.0051004
-0.0542732 -0.0107650
-0.0476666 -0.0118348
-0.0623904 -0.0178467
-0.0665605 -0.0263904
-0.0573736 -0.0285605
-0.0668156 -0.0360625
-0.0621324 -0.0469484
-0.0512503 -0.0494931
-0.0511422 -0.0580800
-0.0307751 -0.0686049
-0.0221218 -0.0701358
0.0004116 -0.0759560
0.0423677 -0.0761278
0.0382373 -0.0765056
0.0897363 -0.0673423
0.1308234 -0.0500586
0.1078254 -0.0503905
0.1583877 -0.0258920
0.1674706 -0.0002931
0.1374397 0.0006426
0.1582203 0.0261427
0.1304727 0.0498510
0.1076237 0.0512165
0.0882251 0.0671115
0.0408541 0.0757601
0.0374883 0.0762522
0.0002293 0.0753567
-0.0310838 0.0681140
-0.0219859 0.0698554
-0.0509148 0.0581362
-0.0621004 0.0466712
-0.0511657 0.0494275
-0.0666727 0.0360241
-0.0664869 0.0262576
-0.0573023 0.0285352
-0.0623315 0.0178548
-0.0542176 0.0107016
-0.0476637 0.0118353
-0.0415254 0.0051376
-0.0234051 0.0013847
-0.0206450 0.0015331
0.0000000 0.0000000
0.0000000 0.0000000
-0.0176181 -0.0016082
-0.0145545 -0.0015823
-0.0313548 -0.0059012
-0.0407254 -0.0122674
-0.0337619 -0.0120608
-0.0461854 -0.0200811
-0.0480696 -0.0290927
-0.0391699 -0.0281426
-0.0465299 -0.0388674
-0.0409387 -0.0490057
-0.0318929 -0.0460987
-0.0308023 -0.0586540
-0.0148338 -0.0668171
-0.0094365 -0.0605393
0.0070414 -0.0718174
0.0335535 -0.0704763
0.0281408 -0.0615761
0.0617053 -0.0621077
0.0861963 -0.0462028
0.0671149 -0.0397690
0.1030437 -0.0241399
0.1089020 0.0002492
0.0839199 0.0002812
0.1030831 0.0249420
0.0861833 0.0468499
0.0671070 0.0401750
0.0611913 0.0622242
0.0327935 0.0703321
0.0277730 0.0616462
0.0068568 0.0711471
-0.0150387 0.0666186
-0.0095841 0.0604642
-0.0306282 0.0586718
-0.0409930 0.0488466
-0.0318460 0.0460385
-0.0464931 0.0388268
-0.0481063 0.0290065
-0.0391963 0.0281321
-0.0461566 0.0200811
-0.0407308 0.0122314
-0.0337863 0.0120670
-0.0313495 0.0059101
-0.0176162 0.0016058
-0.0145900 0.0015868
0.0000000 0.0000000
0.0000000 0.0000000
-0.0115887 -0.0015215
-0.0087967 -0.0014029
-0.0208550 -0.0055828
-0.0270858 -0.0114700
-0.0208910 -0.0105604
-0.0304115 -0.0185400
-0.0309772 -0.0263307
-0.0236749 -0.0239220
-0.0289537 -0.0343552
-0.0241256 -0.0419577
-0.0178052 -0.0372320
-0.0165266 -0.0484857
-0.0057509 -0.0530660
-0.0034338 -0.0456676
0.0076854 -0.0547132
0.0225665 -0.0520233
0.0173377 -0.0434238
0.0376542 -0.0448477
0.0506224 -0.0329814
0.0370762 -0.0270170
0.0595054 -0.0173874
0.0626896 0.0000638
0.0455539 0.0000460
0.0596068 0.0175186
0.0508191 0.0332649
0.0374035 0.0270970
0.0378230 0.0449783
0.0225107 0.0522209
0.0175008 0.0435235
0.0075233 0.0546447
-0.0058629 0.0530710
-0.0034441 0.0456580
-0.0163870 0.0484719
-0.0241798 0.0419041
-0.0178069 0.0372181
-0.0289540 0.0343302
-0.0310250 0.0263090
-0.0236972 0.0239318
-0.0304070 0.0185523
-0.0271225 0.0114632
-0.0209195 0.0105702
-0.0208754 0.0055713
-0.0116069 0.0015178
-0.0088242 0.0014016
0.0000000 0.0000000
0.0000000 0.0000000
-0.0062485 -0.0012704
-0.0039996 -0.0010862
-0.0116070 -0.0046416
-0.0152712 -0.0094437
-0.0103406 -0.0081050
-0.0171445 -0.0151400
-0.0172704 -0.0211980
-0.0117624 -0.0181910
-0.0157761 -0.0271310
-0.0126588 -0.0323857
-0.0084847 -0.0274754
-0.0080469 -0.0364758
-0.0019437 -0.0387517
-0.0011082 -0.0322951
0.0052351 -0.0387443
0.0128204 -0.0359167
0.0087304 -0.0293899
0.0201871 -0.0302719
0.0263668 -0.0219370
0.0174986 -0.0177237
0.0305335 -0.0114684
0.0320142 0.0000616
0.0210804 0.0000286
0.0305396 0.0115494
0.0264361 0.0220549
0.0174948 0.0177622
0.0202364 0.0303076
0.0127946 0.0360052
0.0086762 0.0294406
0.0051569 0.0387130
-0.0019998 0.0387383
-0.0011542 0.0322927
-0.0079724 0.0364288
-0.0126663 0.0323856
-0.0084788 0.0274801
-0.0157554 0.0271438
-0.0172975 0.0212074
-0.0117795 0.0182027
-0.0171582 0.0151615
-0.0153099 0.0094554
-0.0103808 0.0081296
-0.0116278 0.0046064
-0.0062642 0.0012587
-0.0040441 0.0010764
0.0000000 0.0000000
0.0000000 0.0000000
-0.0021554 -0.0008567
-0.0009020 -0.0005184
-0.0044780 -0.0031701
-0.0061833 -0.0064805
-0.0029896 -0.0044716
-0.0070625 -0.0105007
-0.0071390 -0.0147568
-0.0034751 -0.0106552
-0.0064752 -0.0188064
-0.0051346 -0.0222710
-0.0024811 -0.0162993
-0.0031832 -0.0247692
-0.0006806 -0.0259517
-0.0003280 -0.0190183
0.0021871 -0.0255545
0.0051612 -0.0233659
0.0024641 -0.0170652
0.0079798 -0.0194656
0.0103329 -0.0139719
0.0049048 -0.0101567
0.0118870 -0.0072969
0.0124554 0.0000219
0.0058821 0.0000262
0.0119081 0.0073041
0.0103846 0.0140155
0.0048770 0.0101969
0.0080438 0.0194622
0.0052031 0.0234142
0.0024147 0.0170887
0.0022136 0.0255482
-0.0006592 0.0259618
-0.0003768 0.0190104
-0.0031240 0.0247627
-0.0051231 0.0222788
-0.0025083 0.0162909
-0.0064625 0.0188286
-0.0071673 0.0147522
-0.0034679 0.0106486
-0.0070967 0.0105259
-0.0062262 0.0064907
-0.0029186 0.0044939
-0.0045269 0.0030951
-0.0021677 0.0008522
-0.0008124 0.0005391
0.0000000 0.0000000
0.0000000 0.0000000
-0.0001009 -0.0001051
0.0000000 0.0000000
-0.0005006 -0.0008988
-0.0008111 -0.0021257
0.0000000 0.0000000
-0.0009407 -0.0037981
-0.0009715 -0.0056722
0.0000000 0.0000000
-0.0008663 -0.0074283
-0.0006981 -0.0089727
0.0000000 0.0000000
-0.0004304 -0.0100500
-0.0001061 -0.0106037
0.0000000 0.0000000
0.0002714 -0.0104463
0.0006563 -0.0095699
0.0000000 0.0000000
0.0010083 -0.0079706
0.0013238 -0.0057134
0.0000000 0.0000000
0.0015021 -0.0030088
0.0015966 0.0000151
0.0000000 0.0000000
0.0015052 0.0029625
0.0013262 0.0057418
0.0000000 0.0000000
0.0010145 0.0079505
0.0006489 0.0095930
0.0000000 0.0000000
0.0002625 0.0104561
-0.0001202 0.0106103
0.0000000 0.0000000
-0.0004318 0.0100798
-0.0007062 0.0089801
0.0000000 0.0000000
-0.0008663 0.0074782
-0.0009705 0.0056732
0.0000000 0.0000000
-0.0009354 0.0038708
-0.0008194 0.0021179
0.0000000 0.0000000
-0.0005362 0.0008220
-0.0001157 0.0001156
0.0000000 0.0000000
0.0000000 0.0000000
0.05414592
0.05068192
0.04435912
0.04270285
0.04601267
0.05274363
0.06029976
0.06540656
0.0657265
0.06104948
0.0535834
0.04663119
0.04309473
0.04429454
0.0501882
0.05418806
0.05774049
0.05411307
0.05001603
0.04779044
0.04830224
0.05083222
0.05393362
0.05609095
0.05633693
0.05458789
0.05158538
0.04888913
0.04809881
0.04991748
0.05417826
0.05821844
0.06482771
0.05794165
0.05299147
0.04992286
0.04862571
0.0486068
0.04900164
0.04935497
0.04944495
0.04926419
0.04887756
0.04897849
0.05022085
0.05317124
0.0583698
0.06524681
0.06950251
0.06055735
0.05435225
0.05040281
0.04787496
0.04625713
0.04478643
0.0437055
0.04403292
0.04535093
0.04642272
0.04787565
0.05055203
0.05451723
0.06075809
0.06976236
0.07077705
0.06062826
0.05399316
0.04978135
0.04714334
0.04438199
0.04153117
0.0385635
0.03881646
0.04223043
0.04510868
0.04706257
0.04960578
0.05393785
0.06069042
0.07093445
0.06758589
0.05754357
0.0516592
0.04869229
0.0475596
0.04641145
0.04328622
0.03716174
0.03643595
0.04214079
0.04586861
0.04728539
0.04828328
0.05131067
0.05733604
0.06737206
0.05855988
0.05084726
0.04719042
0.04679525
0.04988711
0.05596028
0.05594702
0.04608773
0.04743443
0.05635507
0.05390945
0.04825594
0.04628518
0.04664539
0.05033345
0.05805936
0.04377613
0.04049734
0.0400185
0.04257961
0.0501885
0.06634241
0.0754493
0.05691626
0.0580782
0.07548696
0.06549826
0.04880873
0.04224026
0.03954276
0.03969974
0.04267374
0.02544951
0.02797973
0.03074228
0.03512983
0.0432036
0.06059872
0.07105691
0.05704596
0.05500788
0.07020726
0.0620137
0.04394452
0.03518959
0.03046875
0.02725269
0.0246657
0.008326437
0.01558971
0.02068235
0.02553459
0.03106379
0.03926409
0.04143349
0.03306114
0.03349635
0.04405674
0.04157223
0.03249789
0.02578853
0.02069619
0.0151043
0.007582941
-0.00497689
0.005078275
0.01142865
0.01589618
0.01876475
0.02150413
0.01947043
0.01264347
0.01211646
0.01820029
0.02068278
0.01982405
0.01614571
0.01156366
0.005024739
-0.005071402
-0.01215612
-0.001730645
0.004761326
0.008746496
0.00997602
0.009656083
0.00808362
0.005317161
0.005044292
0.007419238
0.009761705
0.0105815
0.008928076
0.00497975
-0.00151152
-0.01192326
-0.01379704
-0.004478752
0.00128956
0.004431442
0.005081583
0.003646263
0.001475667
-0.0006853309
-0.0003627805
0.0018863
0.004141874
0.005299911
0.004705888
0.001574292
-0.00414553
-0.01341971
-0.010891
-0.003700153
0.0009907821
0.002940315
0.002448071
9.485356e-05
-0.002716889
-0.004965928
-0.005015166
-0.002775914
0.000351037
0.002743932
0.003291721
0.001260887
-0.003175129
-0.010358
-0.00433807
-0.0001019967
0.003684697
0.004402026
0.001850461
-0.003060096
-0.008190862
-0.0114007
-0.0111387
-0.007518347
-0.002234948
0.002489821
0.004787777
0.003662011
4.045039e-05
-0.003777349
-0.0001023648
0.00406775
0.009566238
0.009651919
0.004200664
-0.005140291
-0.01503462
-0.02130737
-0.02097705
-0.01421748
-0.004245627
0.00491156
0.01007432
0.009573947
0.003670219
0
