0.0000000 0.0000000
0.0000000 0.0000000
0.0000000 0.0000000
0.0000000 0.0000000
0.0000000 0.0000000
0.0000000 0.0000000
0.0000000 0.0000000
0.0000000 0.0000000
0.0000000 0.0000000
0.0000000 0.0000000
0.0000000 0.0000000
0.0000000 0.0000000
0.0000000 0.0000000
0.0000000 0.0000000
0.0000000 0.0000000
0.0000000 0.0000000
0.0000000 0.0000000
-0.0000207 0.0000207
-0.0000429 0.0000857
-0.0000430 0.0001683
-0.0000211 0.0002284
0.0000134 0.0002341
0.0000471 0.0001751
0.0000678 0.0000648
0.0000679 -0.0000649
0.0000473 -0.0001752
0.0000136 -0.0002341
-0.0000210 -0.0002284
-0.0000431 -0.0001683
-0.0000433 -0.0000854
-0.0000210 -0.0000211
0.0000000 0.0000000
0.0000000 0.0000000
-0.0000881 0.0000466
-0.0001506 0.0001599
-0.0001426 0.0002879
-0.0000650 0.0003740
0.0000523 0.0003749
0.0001657 0.0002772
0.0002346 0.0001022
0.0002345 -0.0001023
0.0001655 -0.0002775
0.0000519 -0.0003751
-0.0000652 -0.0003744
-0.0001427 -0.0002882
-0.0001505 -0.0001599
-0.0000876 -0.0000471
0.0000000 0.0000000
0.0000000 0.0000000
-0.0001888 0.0000602
-0.0002954 0.0001990
-0.0002682 0.0003481
-0.0001152 0.0004431
0.0001086 0.0004384
0.0003229 0.0003217
0.0004528 0.0001180
0.0004528 -0.0001187
0.0003228 -0.0003223
0.0001083 -0.0004390
-0.0001153 -0.0004437
-0.0002686 -0.0003485
-0.0002956 -0.0001992
-0.0001887 -0.0000605
0.0000000 0.0000000
0.0000000 0.0000000
-0.0003021 0.0000615
-0.0004527 0.0002013
-0.0004001 0.0003485
-0.0001641 0.0004396
0.0001722 0.0004320
0.0004914 0.0003155
0.0006841 0.0001153
0.0006840 -0.0001167
0.0004912 -0.0003168
0.0001717 -0.0004332
-0.0001643 -0.0004405
-0.0004005 -0.0003491
-0.0004530 -0.0002016
-0.0003020 -0.0000616
0.0000000 0.0000000
0.0000000 0.0000000
-0.0004076 0.0000525
-0.0005977 0.0001713
-0.0005196 0.0002956
-0.0002065 0.0003714
0.0002320 0.0003637
0.0006455 0.0002648
0.0008945 0.0000964
0.0008944 -0.0000986
0.0006451 -0.0002668
0.0002312 -0.0003653
-0.0002071 -0.0003726
-0.0005204 -0.0002963
-0.0005984 -0.0001717
-0.0004078 -0.0000525
0.0000000 0.0000000
0.0000000 0.0000000
-0.0004890 0.0000357
-0.0007093 0.0001161
-0.0006108 0.0002000
-0.0002380 0.0002509
0.0002786 0.0002451
0.0007638 0.0001781
0.0010554 0.0000644
0.0010551 -0.0000671
0.0007630 -0.0001805
0.0002775 -0.0002471
-0.0002393 -0.0002522
-0.0006121 -0.0002009
-0.0007103 -0.0001165
-0.0004894 -0.0000356
0.0000000 0.0000000
0.0000000 0.0000000
-0.0005344 0.0000137
-0.0007714 0.0000443
-0.0006614 0.0000761
-0.0002553 0.0000951
0.0003047 0.0000928
0.0008296 0.0000671
0.0011448 0.0000238
0.0011444 -0.0000264
0.0008286 -0.0000694
0.0003031 -0.0000946
-0.0002571 -0.0000964
-0.0006632 -0.0000768
-0.0007728 -0.0000447
-0.0005351 -0.0000136
0.0000000 0.0000000
0.0000000 0.0000000
-0.0005379 -0.0000104
-0.0007753 -0.0000345
-0.0006638 -0.0000595
-0.0002558 -0.0000747
0.0003071 -0.0000732
0.0008351 -0.0000537
0.0011510 -0.0000203
0.0011506 0.0000184
0.0008337 0.0000520
0.0003051 0.0000719
-0.0002580 0.0000738
-0.0006659 0.0000590
-0.0007770 0.0000342
-0.0005389 0.0000106
0.0000000 0.0000000
0.0000000 0.0000000
-0.0004972 -0.0000333
-0.0007196 -0.0001092
-0.0006183 -0.0001880
-0.0002400 -0.0002359
0.0002840 -0.0002306
0.0007764 -0.0001680
0.0010714 -0.0000615
0.0010708 0.0000610
0.0007749 0.0001675
0.0002818 0.0002303
-0.0002425 0.0002357
-0.0006206 0.0001880
-0.0007215 0.0001091
-0.0004984 0.0000335
0.0000000 0.0000000
0.0000000 0.0000000
-0.0004184 -0.0000517
-0.0006118 -0.0001690
-0.0005303 -0.0002911
-0.0002094 -0.0003656
0.0002393 -0.0003578
0.0006624 -0.0002605
0.0009163 -0.0000948
0.0009157 0.0000958
0.0006609 0.0002615
0.0002370 0.0003586
-0.0002116 0.0003662
-0.0005325 0.0002916
-0.0006136 0.0001692
-0.0004196 0.0000519
0.0000000 0.0000000
0.0000000 0.0000000
-0.0003127 -0.0000624
-0.0004670 -0.0002038
-0.0004113 -0.0003522
-0.0001673 -0.0004438
0.0001796 -0.0004356
0.0005083 -0.0003176
0.0007063 -0.0001153
0.0007058 0.0001179
0.0005070 0.0003200
0.0001775 0.0004375
-0.0001690 0.0004452
-0.0004131 0.0003531
-0.0004684 0.0002042
-0.0003137 0.0000626
0.0000000 0.0000000
0.0000000 0.0000000
-0.0001969 -0.0000624
-0.0003068 -0.0002050
-0.0002775 -0.0003579
-0.0001181 -0.0004548
0.0001143 -0.0004493
0.0003363 -0.0003290
0.0004705 -0.0001195
0.0004702 0.0001229
0.0003355 0.0003320
0.0001128 0.0004519
-0.0001193 0.0004566
-0.0002789 0.0003590
-0.0003078 0.0002055
-0.0001976 0.0000624
0.0000000 0.0000000
0.0000000 0.0000000
-0.0000920 -0.0000492
-0.0001571 -0.0001666
-0.0001482 -0.0002995
-0.0000671 -0.0003883
0.0000553 -0.0003885
0.0001732 -0.0002865
0.0002449 -0.0001044
0.0002448 0.0001077
0.0001730 0.0002895
0.0000546 0.0003910
-0.0000675 0.0003899
-0.0001489 0.0003005
-0.0001578 0.0001672
-0.0000928 0.0000489
0.0000000 0.0000000
0.0000000 0.0000000
-0.0000223 -0.0000224
-0.0000454 -0.0000898
-0.0000449 -0.0001763
-0.0000216 -0.0002386
0.0000146 -0.0002443
0.0000497 -0.0001823
0.0000711 -0.0000669
0.0000709 0.0000687
0.0000494 0.0001841
0.0000141 0.0002458
-0.0000220 0.0002397
-0.0000450 0.0001770
-0.0000452 0.0000904
-0.0000220 0.0000220
0.0000000 0.0000000
0.0000000 0.0000000
0.0000000 0.0000000
0.0000000 0.0000000
0.0000000 0.0000000
0.0000000 0.0000000
0.0000000 0.0000000
0.0000000 0.0000000
0.0000000 0.0000000
0.0000000 0.0000000
0.0000000 0.0000000
0.0000000 0.0000000
0.0000000 0.0000000
0.0000000 0.0000000
0.0000000 0.0000000
0.0000000 0.0000000
0.0000000 0.0000000
0.0000000 0.0000000
-0.0000005 0.0000005
0.0000000 0.0000000
-0.0000065 0.0000052
-0.0000053 0.0000066
-0.0000092 0.0000206
0.0000000 0.0000000
-0.0000338 0.0000489
-0.0000117 0.0000417
-0.0000129 0.0000648
0.0000000 0.0000000
-0.0000462 0.0001269
-0.0000119 0.0000893
-0.0000098 0.0001099
0.0000000 0.0000000
-0.0000348 0.0002031
-0.0000060 0.0001252
-0.0000017 0.0001323
0.0000000 0.0000000
-0.0000050 0.0002389
0.0000034 0.0001302
0.0000083 0.0001189
0.0000000 0.0000000
0.0000310 0.0002123
0.0000126 0.0000980
0.0000162 0.0000703
0.0000000 0.0000000
0.0000598 0.0001249
0.0000182 0.0000363
0.0000193 0.0000003
0.0000000 0.0000000
0.0000709 0.0000004
0.0000183 -0.0000366
0.0000163 -0.0000699
0.0000000 0.0000000
0.0000603 -0.0001243
0.0000126 -0.0000982
0.0000084 -0.0001186
0.0000000 0.0000000
0.0000319 -0.0002120
0.0000034 -0.0001301
-0.0000015 -0.0001323
0.0000000 0.0000000
-0.0000041 -0.0002390
-0.0000060 -0.0001248
-0.0000098 -0.0001101
0.0000000 0.0000000
-0.0000343 -0.0002036
-0.0000119 -0.0000887
-0.0000130 -0.0000652
0.0000000 0.0000000
-0.0000466 -0.0001276
-0.0000117 -0.0000409
-0.0000092 -0.0000208
0.0000000 0.0000000
-0.0000351 -0.0000488
-0.0000048 -0.0000077
-0.0000001 -0.0000001
0.0000000 0.0000000
-0.0000076 -0.0000048
0.0000000 0.0000000
0.0000000 0.0000000
-0.0000208 0.0000093
-0.0000424 0.0000125
-0.0000494 0.0000347
-0.0000745 0.0000756
-0.0001266 0.0000980
-0.0000909 0.0001264
-0.0000958 0.0001815
-0.0001563 0.0002255
-0.0000882 0.0002350
-0.0000697 0.0002798
-0.0001113 0.0003392
-0.0000416 0.0003108
-0.0000074 0.0003232
-0.0000090 0.0003866
0.0000302 0.0003146
0.0000670 0.0002845
0.0001120 0.0003378
0.0000999 0.0002339
0.0001259 0.0001666
0.0002077 0.0001969
0.0001423 0.0000864
0.0001482 0.0000003
0.0002439 0.0000002
0.0001423 -0.0000864
0.0001259 -0.0001660
0.0002079 -0.0001966
0.0000997 -0.0002339
0.0000670 -0.0002843
0.0001124 -0.0003378
0.0000299 -0.0003146
-0.0000074 -0.0003233
-0.0000087 -0.0003868
-0.0000418 -0.0003108
-0.0000697 -0.0002802
-0.0001111 -0.0003396
-0.0000882 -0.0002352
-0.0000957 -0.0001821
-0.0001562 -0.0002259
-0.0000906 -0.0001265
-0.0000743 -0.0000758
-0.0001266 -0.0000980
-0.0000490 -0.0000359
-0.0000207 -0.0000093
-0.0000420 -0.0000126
0.0000000 0.0000000
0.0000000 0.0000000
-0.0000687 0.0000150
-0.0000994 0.0000163
-0.0001354 0.0000551
-0.0001884 0.0001143
-0.0002570 0.0001241
-0.0002198 0.0001841
-0.0002252 0.0002572
-0.0002995 0.0002764
-0.0002035 0.0003255
-0.0001570 0.0003812
-0.0002051 0.0004057
-0.0000899 0.0004178
-0.0000090 0.0004302
-0.0000076 0.0004547
0.0000787 0.0004157
0.0001646 0.0003737
0.0002218 0.0003932
0.0002412 0.0003060
0.0003014 0.0002171
0.0004021 0.0002278
0.0003398 0.0001124
0.0003531 -0.0000000
0.0004702 -0.0000002
0.0003398 -0.0001128
0.0003016 -0.0002171
0.0004024 -0.0002282
0.0002413 -0.0003063
0.0001648 -0.0003739
0.0002222 -0.0003937
0.0000788 -0.0004160
-0.0000087 -0.0004306
-0.0000072 -0.0004553
-0.0000899 -0.0004181
-0.0001569 -0.0003816
-0.0002048 -0.0004062
-0.0002035 -0.0003258
-0.0002253 -0.0002576
-0.0002994 -0.0002768
-0.0002200 -0.0001843
-0.0001887 -0.0001144
-0.0002571 -0.0001243
-0.0001358 -0.0000557
-0.0000690 -0.0000152
-0.0000992 -0.0000164
0.0000000 0.0000000
0.0000000 0.0000000
-0.0001315 0.0000171
-0.0001643 0.0000168
-0.0002450 0.0000625
-0.0003287 0.0001281
-0.0004011 0.0001262
-0.0003739 0.0002046
-0.0003759 0.0002833
-0.0004522 0.0002782
-0.0003345 0.0003554
-0.0002534 0.0004131
-0.0003010 0.0004043
-0.0001401 0.0004499
-0.0000050 0.0004608
-0.0000017 0.0004495
0.0001400 0.0004433
0.0002815 0.0003971
0.0003411 0.0003864
0.0004073 0.0003244
0.0005060 0.0002295
0.0006089 0.0002228
0.0005689 0.0001186
0.0005906 -0.0000005
0.0007098 -0.0000007
0.0005690 -0.0001197
0.0005062 -0.0002304
0.0006091 -0.0002242
0.0004074 -0.0003254
0.0002818 -0.0003980
0.0003413 -0.0003876
0.0001401 -0.0004442
-0.0000048 -0.0004616
-0.0000015 -0.0004505
-0.0001401 -0.0004505
-0.0002535 -0.0004137
-0.0003010 -0.0004050
-0.0003347 -0.0003558
-0.0003762 -0.0002836
-0.0004523 -0.0002787
-0.0003743 -0.0002048
-0.0003292 -0.0001283
-0.0004012 -0.0001264
-0.0002455 -0.0000626
-0.0001318 -0.0000171
-0.0001643 -0.0000168
0.0000000 0.0000000
0.0000000 0.0000000
-0.0001956 0.0000160
-0.0002249 0.0000143
-0.0003566 0.0000584
-0.0004704 0.0001193
-0.0005348 0.0001075
-0.0005279 0.0001901
-0.0005249 0.0002623
-0.0005920 0.0002365
-0.0004622 0.0003281
-0.0003458 0.0003802
-0.0003869 0.0003422
-0.0001863 0.0004128
0.0000021 0.0004217
0.0000059 0.0003790
0.0002030 0.0004047
0.0003984 0.0003618
0.0004512 0.0003247
0.0005716 0.0002950
0.0007072 0.0002083
0.0007976 0.0001866
0.0007937 0.0001073
0.0008234 -0.0000010
0.0009277 -0.0000012
0.0007937 -0.0001094
0.0007073 -0.0002102
0.0007976 -0.0001889
0.0005716 -0.0002968
0.0003984 -0.0003634
0.0004511 -0.0003266
0.0002028 -0.0004062
0.0000020 -0.0004229
0.0000057 -0.0003804
-0.0001866 -0.0004138
-0.0003462 -0.0003810
-0.0003874 -0.0003432
-0.0004627 -0.0003286
-0.0005254 -0.0002628
-0.0005925 -0.0002370
-0.0005285 -0.0001903
-0.0004710 -0.0001195
-0.0005352 -0.0001078
-0.0003572 -0.0000583
-0.0001961 -0.0000160
-0.0002250 -0.0000143
0.0000000 0.0000000
0.0000000 0.0000000
-0.0002504 0.0000123
-0.0002716 0.0000097
-0.0004519 0.0000452
-0.0005910 0.0000920
-0.0006379 0.0000729
-0.0006585 0.0001466
-0.0006506 0.0002020
-0.0006991 0.0001602
-0.0005692 0.0002524
-0.0004226 0.0002920
-0.0004520 0.0002314
-0.0002238 0.0003166
0.0000096 0.0003229
0.0000127 0.0002556
0.0002573 0.0003095
0.0004977 0.0002763
0.0005361 0.0002185
0.0007103 0.0002250
0.0008766 0.0001585
0.0009420 0.0001251
0.0009826 0.0000814
0.0010189 -0.0000014
0.0010942 -0.0000015
0.0009825 -0.0000842
0.0008765 -0.0001612
0.0009417 -0.0001280
0.0007100 -0.0002274
0.0004973 -0.0002785
0.0005355 -0.0002209
0.0002567 -0.0003114
0.0000090 -0.0003245
0.0000118 -0.0002574
-0.0002246 -0.0003178
-0.0004234 -0.0002930
-0.0004531 -0.0002325
-0.0005702 -0.0002530
-0.0006515 -0.0002025
-0.0007002 -0.0001607
-0.0006595 -0.0001467
-0.0005919 -0.0000922
-0.0006386 -0.0000732
-0.0004526 -0.0000448
-0.0002509 -0.0000123
-0.0002719 -0.0000097
0.0000000 0.0000000
0.0000000 0.0000000
-0.0002875 0.0000069
-0.0002978 0.0000037
-0.0005166 0.0000254
-0.0006729 0.0000514
-0.0006953 0.0000279
-0.0007470 0.0000819
-0.0007354 0.0001127
-0.0007587 0.0000610
-0.0006413 0.0001407
-0.0004739 0.0001626
-0.0004879 0.0000879
-0.0002485 0.0001761
0.0000152 0.0001794
0.0000169 0.0000968
0.0002945 0.0001718
0.0005651 0.0001531
0.0005837 0.0000824
0.0008042 0.0001245
0.0009910 0.0000874
0.0010224 0.0000467
0.0011100 0.0000445
0.0011506 -0.0000016
0.0011867 -0.0000015
0.0011097 -0.0000476
0.0009905 -0.0000904
0.0010217 -0.0000496
0.0008034 -0.0001272
0.0005642 -0.0001556
0.0005824 -0.0000848
0.0002933 -0.0001739
0.0000140 -0.0001812
0.0000153 -0.0000985
-0.0002499 -0.0001774
-0.0004753 -0.0001636
-0.0004896 -0.0000889
-0.0006428 -0.0001413
-0.0007368 -0.0001132
-0.0007602 -0.0000615
-0.0007482 -0.0000819
-0.0006739 -0.0000515
-0.0006964 -0.0000280
-0.0005174 -0.0000249
-0.0002880 -0.0000068
-0.0002982 -0.0000037
0.0000000 0.0000000
0.0000000 0.0000000
-0.0003018 0.0000005
-0.0002995 -0.0000028
-0.0005413 0.0000019
-0.0007040 0.0000033
-0.0006989 -0.0000215
-0.0007806 0.0000053
-0.0007676 0.0000071
-0.0007621 -0.0000474
-0.0006684 0.0000088
-0.0004931 0.0000099
-0.0004897 -0.0000688
-0.0002575 0.0000107
0.0000178 0.0000106
0.0000177 -0.0000763
0.0003090 0.0000100
0.0005910 0.0000087
0.0005871 -0.0000657
0.0008401 0.0000068
0.0010347 0.0000043
0.0010277 -0.0000384
0.0011585 0.0000016
0.0012007 -0.0000014
0.0011925 -0.0000011
0.0011580 -0.0000042
0.0010338 -0.0000069
0.0010267 0.0000362
0.0008389 -0.0000091
0.0005895 -0.0000108
0.0005853 0.0000639
0.0003072 -0.0000117
0.0000158 -0.0000121
0.0000154 0.0000751
-0.0002595 -0.0000116
-0.0004951 -0.0000107
-0.0004920 0.0000682
-0.0006704 -0.0000091
-0.0007694 -0.0000074
-0.0007641 0.0000472
-0.0007821 -0.0000052
-0.0007053 -0.0000034
-0.0007003 0.0000214
-0.0005422 -0.0000014
-0.0003023 -0.0000004
-0.0003000 0.0000029
0.0000000 0.0000000
0.0000000 0.0000000
-0.0002910 -0.0000060
-0.0002762 -0.0000090
-0.0005223 -0.0000220
-0.0006798 -0.0000457
-0.0006475 -0.0000684
-0.0007543 -0.0000727
-0.0007422 -0.0001005
-0.0007086 -0.0001503
-0.0006468 -0.0001255
-0.0004775 -0.0001454
-0.0004570 -0.0002174
-0.0002497 -0.0001577
0.0000166 -0.0001610
0.0000147 -0.0002405
0.0002984 -0.0001544
0.0005715 -0.0001381
0.0005453 -0.0002061
0.0008127 -0.0001127
0.0010011 -0.0000799
0.0009563 -0.0001189
0.0011210 -0.0000418
0.0011618 -0.0000009
0.0011101 -0.0000004
0.0011204 0.0000402
0.0010000 0.0000784
0.0009551 0.0001181
0.0008111 0.0001114
0.0005695 0.0001369
0.0005431 0.0002055
0.0002961 0.0001535
0.0000141 0.0001602
0.0000120 0.0002402
-0.0002522 0.0001573
-0.0004800 0.0001451
-0.0004597 0.0002173
-0.0006491 0.0001256
-0.0007442 0.0001005
-0.0007108 0.0001504
-0.0007560 0.0000730
-0.0006811 0.0000457
-0.0006490 0.0000684
-0.0005232 0.0000226
-0.0002914 0.0000062
-0.0002768 0.0000091
0.0000000 0.0000000
0.0000000 0.0000000
-0.0002562 -0.0000118
-0.0002311 -0.0000141
-0.0004617 -0.0000432
-0.0006031 -0.0000888
-0.0005479 -0.0001060
-0.0006712 -0.0001413
-0.0006623 -0.0001950
-0.0006050 -0.0002328
-0.0005788 -0.0002435
-0.0004288 -0.0002820
-0.0003939 -0.0003368
-0.0002260 -0.0003057
0.0000119 -0.0003120
0.0000085 -0.0003729
0.0002641 -0.0002992
0.0005089 -0.0002673
0.0004638 -0.0003196
0.0007251 -0.0002179
0.0008942 -0.0001541
0.0008173 -0.0001840
0.0010018 -0.0000797
0.0010384 -0.0000001
0.0009496 0.0000004
0.0010011 0.0000797
0.0008929 0.0001540
0.0008160 0.0001849
0.0007233 0.0002180
0.0005066 0.0002674
0.0004615 0.0003204
0.0002616 0.0002994
0.0000091 0.0003123
0.0000057 0.0003737
-0.0002287 0.0003061
-0.0004315 0.0002823
-0.0003966 0.0003374
-0.0005812 0.0002440
-0.0006644 0.0001953
-0.0006072 0.0002332
-0.0006729 0.0001417
-0.0006043 0.0000890
-0.0005494 0.0001061
-0.0004625 0.0000437
-0.0002565 0.0000119
-0.0002316 0.0000141
0.0000000 0.0000000
0.0000000 0.0000000
-0.0002023 -0.0000160
-0.0001704 -0.0000170
-0.0003680 -0.0000582
-0.0004844 -0.0001193
-0.0004144 -0.0001278
-0.0005427 -0.0001899
-0.0005387 -0.0002621
-0.0004656 -0.0002813
-0.0004735 -0.0003276
-0.0003533 -0.0003795
-0.0003083 -0.0004082
-0.0001891 -0.0004119
0.0000047 -0.0004207
0.0000008 -0.0004534
0.0002108 -0.0004037
0.0004114 -0.0003609
0.0003539 -0.0003894
0.0005889 -0.0002942
0.0007278 -0.0002078
0.0006292 -0.0002242
0.0008162 -0.0001072
0.0008463 0.0000008
0.0007323 0.0000013
0.0008156 0.0001088
0.0007266 0.0002094
0.0006280 0.0002266
0.0005872 0.0002958
0.0004092 0.0003623
0.0003518 0.0003915
0.0002084 0.0004051
0.0000020 0.0004220
-0.0000017 0.0004551
-0.0001916 0.0004131
-0.0003558 0.0003805
-0.0003107 0.0004094
-0.0004757 0.0003285
-0.0005406 0.0002627
-0.0004675 0.0002820
-0.0005441 0.0001904
-0.0004854 0.0001195
-0.0004156 0.0001280
-0.0003685 0.0000586
-0.0002025 0.0000160
-0.0001709 0.0000170
0.0000000 0.0000000
0.0000000 0.0000000
-0.0001374 -0.0000176
-0.0001038 -0.0000170
-0.0002551 -0.0000640
-0.0003413 -0.0001310
-0.0002676 -0.0001280
-0.0003873 -0.0002090
-0.0003886 -0.0002892
-0.0003103 -0.0002845
-0.0003450 -0.0003625
-0.0002604 -0.0004211
-0.0002111 -0.0004168
-0.0001429 -0.0004582
-0.0000028 -0.0004691
-0.0000057 -0.0004664
0.0001469 -0.0004510
0.0002932 -0.0004037
0.0002321 -0.0004025
0.0004229 -0.0003295
0.0005247 -0.0002327
0.0004184 -0.0002322
0.0005893 -0.0001198
0.0006114 0.0000016
0.0004883 0.0000018
0.0005888 0.0001228
0.0005236 0.0002356
0.0004174 0.0002357
0.0004215 0.0003322
0.0002914 0.0004063
0.0002303 0.0004054
0.0001450 0.0004533
-0.0000050 0.0004711
-0.0000077 0.0004685
-0.0001449 0.0004599
-0.0002624 0.0004224
-0.0002129 0.0004181
-0.0003466 0.0003636
-0.0003900 0.0002899
-0.0003116 0.0002852
-0.0003883 0.0002095
-0.0003419 0.0001313
-0.0002683 0.0001283
-0.0002553 0.0000641
-0.0001373 0.0000175
-0.0001043 0.0000169
0.0000000 0.0000000
0.0000000 0.0000000
-0.0000725 -0.0000158
-0.0000443 -0.0000132
-0.0001422 -0.0000579
-0.0001971 -0.0001187
-0.0001326 -0.0001023
-0.0002291 -0.0001910
-0.0002341 -0.0002666
-0.0001627 -0.0002351
-0.0002110 -0.0003369
-0.0001621 -0.0003942
-0.0001150 -0.0003528
-0.0000922 -0.0004315
-0.0000077 -0.0004440
-0.0000080 -0.0004010
0.0000833 -0.0004286
0.0001726 -0.0003848
0.0001180 -0.0003494
0.0002519 -0.0003147
0.0003144 -0.0002224
0.0002173 -0.0002025
0.0003540 -0.0001146
0.0003676 0.0000019
0.0002545 0.0000019
0.0003537 0.0001180
0.0003137 0.0002260
0.0002166 0.0002060
0.0002511 0.0003178
0.0001714 0.0003877
0.0001169 0.0003523
0.0000821 0.0004311
-0.0000091 0.0004461
-0.0000092 0.0004029
-0.0000934 0.0004333
-0.0001634 0.0003954
-0.0001161 0.0003538
-0.0002121 0.0003379
-0.0002350 0.0002672
-0.0001635 0.0002355
-0.0002297 0.0001914
-0.0001973 0.0001189
-0.0001330 0.0001026
-0.0001421 0.0000574
-0.0000724 0.0000156
-0.0000449 0.0000131
0.0000000 0.0000000
0.0000000 0.0000000
-0.0000221 -0.0000098
-0.0000082 -0.0000051
-0.0000517 -0.0000377
-0.0000781 -0.0000795
-0.0000369 -0.0000515
-0.0000948 -0.0001325
-0.0000998 -0.0001904
-0.0000487 -0.0001340
-0.0000918 -0.0002456
-0.0000723 -0.0002923
-0.0000356 -0.0002131
-0.0000430 -0.0003239
-0.0000071 -0.0003366
-0.0000040 -0.0002496
0.0000319 -0.0003272
0.0000705 -0.0002953
0.0000336 -0.0002209
0.0001046 -0.0002426
0.0001318 -0.0001717
0.0000632 -0.0001289
0.0001488 -0.0000886
0.0001549 0.0000017
0.0000742 0.0000014
0.0001487 0.0000914
0.0001316 0.0001749
0.0000625 0.0001315
0.0001044 0.0002451
0.0000701 0.0002979
0.0000324 0.0002229
0.0000316 0.0003293
-0.0000076 0.0003382
-0.0000052 0.0002507
-0.0000433 0.0003254
-0.0000728 0.0002930
-0.0000364 0.0002134
-0.0000923 0.0002464
-0.0001004 0.0001904
-0.0000485 0.0001337
-0.0000954 0.0001328
-0.0000784 0.0000796
-0.0000357 0.0000517
-0.0000522 0.0000365
-0.0000221 0.0000098
-0.0000070 0.0000055
0.0000000 0.0000000
0.0000000 0.0000000
-0.0000002 -0.0000002
0.0000000 0.0000000
-0.0000051 -0.0000082
-0.0000097 -0.0000221
0.0000000 0.0000000
-0.0000123 -0.0000433
-0.0000136 -0.0000687
0.0000000 0.0000000
-0.0000125 -0.0000933
-0.0000102 -0.0001156
0.0000000 0.0000000
-0.0000062 -0.0001308
-0.0000015 -0.0001385
0.0000000 0.0000000
0.0000036 -0.0001360
0.0000089 -0.0001239
0.0000000 0.0000000
0.0000133 -0.0001024
0.0000171 -0.0000726
0.0000000 0.0000000
0.0000191 -0.0000378
0.0000202 0.0000008
0.0000000 0.0000000
0.0000191 0.0000385
0.0000170 0.0000742
0.0000000 0.0000000
0.0000132 0.0001031
0.0000087 0.0001250
0.0000000 0.0000000
0.0000036 0.0001369
-0.0000017 0.0001391
0.0000000 0.0000000
-0.0000063 0.0001317
-0.0000103 0.0001157
0.0000000 0.0000000
-0.0000124 0.0000942
-0.0000135 0.0000685
0.0000000 0.0000000
-0.0000123 0.0000441
-0.0000098 0.0000219
0.0000000 0.0000000
-0.0000056 0.0000071
-0.0000005 0.0000005
0.0000000 0.0000000
0.0000000 0.0000000
0.0005682982
0.0005310624
0.000449142
0.000430732
0.0004922424
0.0006049239
0.000722302
0.0007973842
0.0008009937
0.0007318492
0.0006170377
0.0005024517
0.0004355796
0.0004459991
0.0005237761
0.0005692362
0.0006062153
0.00056805
0.0005232003
0.0005044558
0.0005272342
0.0005796065
0.0006374762
0.0006758214
0.0006786588
0.0006449986
0.0005891488
0.0005354505
0.0005085537
0.0005210498
0.0005689179
0.0006141145
0.000694271
0.0006104872
0.0005577915
0.0005312923
0.0005319012
0.0005518318
0.0005775772
0.0005954128
0.000596667
0.0005809263
0.0005561467
0.0005358427
0.0005343458
0.0005601824
0.0006168274
0.0007013706
0.0007409617
0.0006323418
0.0005660197
0.0005293136
0.0005155365
0.0005172102
0.0005255875
0.0005326133
0.0005333704
0.0005276105
0.000519857
0.0005180624
0.0005313926
0.0005677919
0.0006348061
0.0007436397
0.0007259768
0.0006149809
0.0005452707
0.0005043389
0.0004836694
0.0004762528
0.0004757882
0.0004771755
0.0004775426
0.000476755
0.0004774924
0.0004848181
0.0005051592
0.0005457657
0.0006147108
0.0007255928
0.0006530768
0.0005577624
0.0004964971
0.0004592967
0.000438505
0.0004284059
0.000424492
0.000423462
0.0004236215
0.0004248934
0.0004288348
0.0004386627
0.0004588758
0.0004953602
0.0005550437
0.0006497251
0.0005320356
0.0004670183
0.0004243811
0.0003980825
0.0003826915
0.0003744405
0.0003704992
0.0003689804
0.0003690176
0.0003705332
0.0003743083
0.0003821408
0.000396727
0.0004219731
0.0004624319
0.0005265978
0.0003789095
0.0003536206
0.0003364989
0.0003260355
0.0003196993
0.0003160907
0.000314152
0.0003132427
0.0003132161
0.0003140146
0.0003156885
0.0003187711
0.0003241582
0.0003333765
0.0003479375
0.0003721432
0.0002129357
0.0002312983
0.0002424453
0.0002496951
0.0002537822
0.0002557962
0.0002565322
0.0002566536
0.0002566311
0.0002564128
0.0002554024
0.0002528445
0.0002477769
0.0002392322
0.0002254077
0.0002058922
5.514039e-05
0.0001149447
0.0001526347
0.0001761958
0.0001896252
0.000196416
0.0001992239
0.000200095
0.0002001321
0.0001992906
0.0001963001
0.000189055
0.0001747359
0.0001499841
0.0001097509
4.875856e-05
-7.405426e-05
1.892195e-05
7.71511e-05
0.0001125398
0.0001318007
0.0001406646
0.0001436457
0.0001442509
0.0001444306
0.0001440858
0.0001411085
0.000131966
0.0001119796
7.565065e-05
1.53826e-05
-7.865282e-05
-0.0001564372
-4.444542e-05
2.445276e-05
6.45677e-05
8.410116e-05
9.040646e-05
9.013407e-05
8.865295e-05
8.904962e-05
9.118686e-05
9.175402e-05
8.532313e-05
6.531324e-05
2.463877e-05
-4.550055e-05
-0.0001580982
-0.0001792494
-6.722078e-05
7.949062e-07
3.703942e-05
4.947597e-05
4.636216e-05
3.73461e-05
3.077847e-05
3.160741e-05
3.956594e-05
4.929184e-05
5.223187e-05
3.920878e-05
2.412313e-06
-6.526743e-05
-0.0001775107
-0.0001382109
-5.002807e-05
8.049925e-06
3.367239e-05
3.079171e-05
8.456181e-06
-1.822402e-05
-3.510212e-05
-3.370703e-05
-1.45072e-05
1.329032e-05
3.522288e-05
3.707774e-05
1.053433e-05
-4.368046e-05
-0.000131348
-4.827047e-05
-7.175158e-07
4.857116e-05
6.037231e-05
3.096479e-05
-2.62072e-05
-8.525283e-05
-0.0001207259
-0.0001176185
-7.699973e-05
-1.566354e-05
4.017507e-05
6.520059e-05
4.663011e-05
2.567422e-07
-4.006587e-05
-1.033485e-06
4.677654e-05
0.0001272178
0.0001364642
6.498933e-05
-5.586157e-05
-0.0001764276
-0.0002488231
-0.0002448174
-0.0001657789
-4.223903e-05
7.673395e-05
0.0001424857
0.0001245431
3.939919e-05
0
