0.0000000 0.0000000
0.0000000 0.0000000
0.0000000 0.0000000
0.0000000 0.0000000
0.0000000 0.0000000
0.0000000 0.0000000
0.0000000 0.0000000
0.0000000 0.0000000
0.0000000 0.0000000
0.0000000 0.0000000
0.0000000 0.0000000
0.0000000 0.0000000
0.0000000 0.0000000
0.0000000 0.0000000
0.0000000 0.0000000
0.0000000 0.0000000
0.0000000 0.0000000
-0.0000265 0.0000266
-0.0000551 0.0001098
-0.0000552 0.0002158
-0.0000272 0.0002930
0.0000171 0.0003003
0.0000605 0.0002247
0.0000870 0.0000832
0.0000871 -0.0000833
0.0000607 -0.0002248
0.0000174 -0.0003003
-0.0000269 -0.0002930
-0.0000553 -0.0002158
-0.0000556 -0.0001094
-0.0000269 -0.0000271
0.0000000 0.0000000
0.0000000 0.0000000
-0.0001129 0.0000598
-0.0001932 0.0002052
-0.0001830 0.0003695
-0.0000837 0.0004803
0.0000670 0.0004815
0.0002126 0.0003561
0.0003011 0.0001313
0.0003010 -0.0001313
0.0002124 -0.0003563
0.0000665 -0.0004817
-0.0000838 -0.0004807
-0.0001832 -0.0003699
-0.0001930 -0.0002052
-0.0001123 -0.0000604
0.0000000 0.0000000
0.0000000 0.0000000
-0.0002423 0.0000774
-0.0003793 0.0002559
-0.0003446 0.0004476
-0.0001483 0.0005698
0.0001393 0.0005639
0.0004146 0.0004139
0.0005815 0.0001520
0.0005815 -0.0001526
0.0004146 -0.0004145
0.0001389 -0.0005646
-0.0001482 -0.0005705
-0.0003450 -0.0004480
-0.0003794 -0.0002561
-0.0002421 -0.0000777
0.0000000 0.0000000
0.0000000 0.0000000
-0.0003880 0.0000792
-0.0005817 0.0002593
-0.0005144 0.0004490
-0.0002113 0.0005665
0.0002211 0.0005568
0.0006314 0.0004067
0.0008792 0.0001488
0.0008792 -0.0001504
0.0006312 -0.0004082
0.0002204 -0.0005581
-0.0002114 -0.0005675
-0.0005149 -0.0004497
-0.0005820 -0.0002596
-0.0003879 -0.0000793
0.0000000 0.0000000
0.0000000 0.0000000
-0.0005240 0.0000678
-0.0007688 0.0002212
-0.0006686 0.0003817
-0.0002660 0.0004797
0.0002982 0.0004698
0.0008302 0.0003422
0.0011507 0.0001247
0.0011506 -0.0001274
0.0008298 -0.0003446
0.0002972 -0.0004717
-0.0002666 -0.0004810
-0.0006695 -0.0003825
-0.0007695 -0.0002217
-0.0005242 -0.0000678
0.0000000 0.0000000
0.0000000 0.0000000
-0.0006292 0.0000462
-0.0009130 0.0001504
-0.0007866 0.0002590
-0.0003068 0.0003250
0.0003582 0.0003176
0.0009830 0.0002308
0.0013587 0.0000837
0.0013584 -0.0000870
0.0009822 -0.0002338
0.0003570 -0.0003199
-0.0003082 -0.0003265
-0.0007881 -0.0002600
-0.0009141 -0.0001509
-0.0006297 -0.0000461
0.0000000 0.0000000
0.0000000 0.0000000
-0.0006882 0.0000179
-0.0009936 0.0000578
-0.0008523 0.0000992
-0.0003293 0.0001241
0.0003921 0.0001211
0.0010684 0.0000876
0.0014747 0.0000312
0.0014743 -0.0000344
0.0010672 -0.0000905
0.0003903 -0.0001234
-0.0003314 -0.0001257
-0.0008543 -0.0001002
-0.0009952 -0.0000582
-0.0006890 -0.0000177
0.0000000 0.0000000
0.0000000 0.0000000
-0.0006933 -0.0000133
-0.0009991 -0.0000440
-0.0008554 -0.0000760
-0.0003299 -0.0000955
0.0003955 -0.0000935
0.0010763 -0.0000685
0.0014836 -0.0000259
0.0014830 0.0000235
0.0010747 0.0000664
0.0003932 0.0000919
-0.0003325 0.0000943
-0.0008579 0.0000753
-0.0010011 0.0000437
-0.0006944 0.0000135
0.0000000 0.0000000
0.0000000 0.0000000
-0.0006410 -0.0000430
-0.0009276 -0.0001407
-0.0007970 -0.0002423
-0.0003096 -0.0003039
0.0003659 -0.0002971
0.0010009 -0.0002164
0.0013812 -0.0000792
0.0013805 0.0000784
0.0009991 0.0002157
0.0003632 0.0002966
-0.0003126 0.0003036
-0.0007997 0.0002422
-0.0009297 0.0001406
-0.0006423 0.0000432
0.0000000 0.0000000
0.0000000 0.0000000
-0.0005393 -0.0000668
-0.0007886 -0.0002180
-0.0006835 -0.0003755
-0.0002701 -0.0004715
0.0003083 -0.0004615
0.0008539 -0.0003360
0.0011813 -0.0001223
0.0011806 0.0001234
0.0008520 0.0003371
0.0003054 0.0004624
-0.0002727 0.0004722
-0.0006861 0.0003761
-0.0007906 0.0002182
-0.0005407 0.0000670
0.0000000 0.0000000
0.0000000 0.0000000
-0.0004030 -0.0000805
-0.0006018 -0.0002629
-0.0005300 -0.0004543
-0.0002158 -0.0005724
0.0002313 -0.0005618
0.0006552 -0.0004097
0.0009103 -0.0001488
0.0009098 0.0001518
0.0006536 0.0004125
0.0002286 0.0005641
-0.0002178 0.0005740
-0.0005322 0.0004553
-0.0006035 0.0002633
-0.0004042 0.0000807
0.0000000 0.0000000
0.0000000 0.0000000
-0.0002536 -0.0000804
-0.0003952 -0.0002643
-0.0003576 -0.0004613
-0.0001523 -0.0005863
0.0001473 -0.0005793
0.0004334 -0.0004242
0.0006064 -0.0001541
0.0006060 0.0001582
0.0004323 0.0004279
0.0001452 0.0005824
-0.0001537 0.0005884
-0.0003593 0.0004627
-0.0003964 0.0002649
-0.0002545 0.0000804
0.0000000 0.0000000
0.0000000 0.0000000
-0.0001185 -0.0000634
-0.0002023 -0.0002146
-0.0001909 -0.0003858
-0.0000865 -0.0005003
0.0000712 -0.0005007
0.0002231 -0.0003692
0.0003156 -0.0001346
0.0003154 0.0001386
0.0002229 0.0003730
0.0000703 0.0005037
-0.0000870 0.0005022
-0.0001917 0.0003870
-0.0002032 0.0002154
-0.0001195 0.0000629
0.0000000 0.0000000
0.0000000 0.0000000
-0.0000287 -0.0000288
-0.0000585 -0.0001156
-0.0000578 -0.0002270
-0.0000279 -0.0003073
0.0000188 -0.0003147
0.0000641 -0.0002349
0.0000916 -0.0000862
0.0000914 0.0000885
0.0000636 0.0002371
0.0000181 0.0003166
-0.0000283 0.0003086
-0.0000580 0.0002279
-0.0000582 0.0001164
-0.0000283 0.0000283
0.0000000 0.0000000
0.0000000 0.0000000
0.0000000 0.0000000
0.0000000 0.0000000
0.0000000 0.0000000
0.0000000 0.0000000
0.0000000 0.0000000
0.0000000 0.0000000
0.0000000 0.0000000
0.0000000 0.0000000
0.0000000 0.0000000
0.0000000 0.0000000
0.0000000 0.0000000
0.0000000 0.0000000
0.0000000 0.0000000
0.0000000 0.0000000
0.0000000 0.0000000
0.0000000 0.0000000
-0.0000006 0.0000006
0.0000000 0.0000000
-0.0000083 0.0000067
-0.0000067 0.0000085
-0.0000118 0.0000263
0.0000000 0.0000000
-0.0000433 0.0000626
-0.0000149 0.0000533
-0.0000165 0.0000830
0.0000000 0.0000000
-0.0000593 0.0001627
-0.0000152 0.0001145
-0.0000126 0.0001409
0.0000000 0.0000000
-0.0000447 0.0002605
-0.0000077 0.0001605
-0.0000021 0.0001697
0.0000000 0.0000000
-0.0000065 0.0003065
0.0000043 0.0001670
0.0000106 0.0001525
0.0000000 0.0000000
0.0000397 0.0002725
0.0000162 0.0001257
0.0000208 0.0000903
0.0000000 0.0000000
0.0000767 0.0001604
0.0000234 0.0000465
0.0000247 0.0000004
0.0000000 0.0000000
0.0000909 0.0000006
0.0000234 -0.0000470
0.0000209 -0.0000896
0.0000000 0.0000000
0.0000774 -0.0001594
0.0000162 -0.0001260
0.0000108 -0.0001522
0.0000000 0.0000000
0.0000409 -0.0002720
0.0000044 -0.0001669
-0.0000020 -0.0001697
0.0000000 0.0000000
-0.0000053 -0.0003066
-0.0000077 -0.0001600
-0.0000126 -0.0001412
0.0000000 0.0000000
-0.0000440 -0.0002611
-0.0000153 -0.0001137
-0.0000167 -0.0000835
0.0000000 0.0000000
-0.0000598 -0.0001636
-0.0000150 -0.0000524
-0.0000117 -0.0000266
0.0000000 0.0000000
-0.0000450 -0.0000626
-0.0000061 -0.0000098
-0.0000002 -0.0000002
0.0000000 0.0000000
-0.0000098 -0.0000061
0.0000000 0.0000000
0.0000000 0.0000000
-0.0000266 0.0000119
-0.0000543 0.0000160
-0.0000633 0.0000444
-0.0000955 0.0000970
-0.0001624 0.0001258
-0.0001166 0.0001621
-0.0001229 0.0002328
-0.0002006 0.0002894
-0.0001132 0.0003015
-0.0000895 0.0003590
-0.0001430 0.0004355
-0.0000535 0.0003989
-0.0000096 0.0004148
-0.0000118 0.0004964
0.0000386 0.0004039
0.0000859 0.0003653
0.0001436 0.0004339
0.0001282 0.0003003
0.0001616 0.0002139
0.0002665 0.0002530
0.0001827 0.0001109
0.0001902 0.0000005
0.0003131 0.0000003
0.0001826 -0.0001108
0.0001616 -0.0002131
0.0002669 -0.0002525
0.0001280 -0.0003002
0.0000859 -0.0003649
0.0001441 -0.0004337
0.0000383 -0.0004038
-0.0000096 -0.0004149
-0.0000113 -0.0004967
-0.0000537 -0.0003988
-0.0000895 -0.0003595
-0.0001427 -0.0004360
-0.0001132 -0.0003017
-0.0001227 -0.0002335
-0.0002004 -0.0002899
-0.0001162 -0.0001623
-0.0000953 -0.0000971
-0.0001624 -0.0001257
-0.0000628 -0.0000460
-0.0000265 -0.0000119
-0.0000538 -0.0000162
0.0000000 0.0000000
0.0000000 0.0000000
-0.0000881 0.0000192
-0.0001275 0.0000210
-0.0001736 0.0000707
-0.0002417 0.0001467
-0.0003299 0.0001596
-0.0002821 0.0002365
-0.0002891 0.0003304
-0.0003846 0.0003554
-0.0002614 0.0004182
-0.0002018 0.0004897
-0.0002636 0.0005217
-0.0001157 0.0005369
-0.0000117 0.0005529
-0.0000101 0.0005848
0.0001008 0.0005342
0.0002112 0.0004803
0.0002847 0.0005059
0.0003095 0.0003934
0.0003869 0.0002791
0.0005164 0.0002931
0.0004363 0.0001446
0.0004534 0.0000001
0.0006039 -0.0000002
0.0004363 -0.0001449
0.0003872 -0.0002790
0.0005168 -0.0002935
0.0003097 -0.0003937
0.0002115 -0.0004805
0.0002853 -0.0005063
0.0001010 -0.0005345
-0.0000114 -0.0005532
-0.0000095 -0.0005854
-0.0001156 -0.0005371
-0.0002016 -0.0004902
-0.0002632 -0.0005222
-0.0002614 -0.0004185
-0.0002891 -0.0003309
-0.0003845 -0.0003558
-0.0002822 -0.0002367
-0.0002421 -0.0001469
-0.0003300 -0.0001598
-0.0001741 -0.0000715
-0.0000885 -0.0000195
-0.0001273 -0.0000211
0.0000000 0.0000000
0.0000000 0.0000000
-0.0001687 0.0000220
-0.0002110 0.0000216
-0.0003145 0.0000804
-0.0004221 0.0001648
-0.0005153 0.0001625
-0.0004802 0.0002633
-0.0004830 0.0003645
-0.0005812 0.0003584
-0.0004299 0.0004574
-0.0003259 0.0005317
-0.0003872 0.0005209
-0.0001803 0.0005792
-0.0000067 0.0005933
-0.0000025 0.0005792
0.0001795 0.0005708
0.0003615 0.0005114
0.0004382 0.0004980
0.0005232 0.0004177
0.0006500 0.0002956
0.0007826 0.0002873
0.0007310 0.0001528
0.0007589 -0.0000005
0.0009124 -0.0000008
0.0007311 -0.0001540
0.0006503 -0.0002966
0.0007829 -0.0002889
0.0005234 -0.0004188
0.0003619 -0.0005123
0.0004386 -0.0004994
0.0001797 -0.0005717
-0.0000064 -0.0005941
-0.0000022 -0.0005804
-0.0001802 -0.0005798
-0.0003258 -0.0005324
-0.0003870 -0.0005217
-0.0004300 -0.0004579
-0.0004832 -0.0003649
-0.0005813 -0.0003589
-0.0004806 -0.0002635
-0.0004226 -0.0001650
-0.0005154 -0.0001628
-0.0003151 -0.0000806
-0.0001692 -0.0000221
-0.0002110 -0.0000216
0.0000000 0.0000000
0.0000000 0.0000000
-0.0002513 0.0000206
-0.0002891 0.0000185
-0.0004583 0.0000753
-0.0006046 0.0001538
-0.0006877 0.0001389
-0.0006786 0.0002451
-0.0006749 0.0003384
-0.0007616 0.0003054
-0.0005945 0.0004233
-0.0004450 0.0004904
-0.0004981 0.0004420
-0.0002399 0.0005326
0.0000023 0.0005440
0.0000072 0.0004895
0.0002606 0.0005222
0.0005120 0.0004669
0.0005802 0.0004194
0.0007348 0.0003807
0.0009094 0.0002688
0.0010260 0.0002412
0.0010207 0.0001386
0.0010589 -0.0000012
0.0011935 -0.0000015
0.0010207 -0.0001410
0.0009096 -0.0002711
0.0010260 -0.0002439
0.0007349 -0.0003828
0.0005122 -0.0004688
0.0005802 -0.0004218
0.0002606 -0.0005239
0.0000024 -0.0005455
0.0000070 -0.0004912
-0.0002401 -0.0005336
-0.0004453 -0.0004913
-0.0004985 -0.0004431
-0.0005950 -0.0004238
-0.0006755 -0.0003388
-0.0007621 -0.0003060
-0.0006794 -0.0002453
-0.0006054 -0.0001540
-0.0006882 -0.0001392
-0.0004590 -0.0000751
-0.0002519 -0.0000206
-0.0002893 -0.0000185
0.0000000 0.0000000
0.0000000 0.0000000
-0.0003221 0.0000160
-0.0003496 0.0000126
-0.0005814 0.0000584
-0.0007604 0.0001190
-0.0008210 0.0000945
-0.0008474 0.0001896
-0.0008373 0.0002613
-0.0009001 0.0002075
-0.0007328 0.0003264
-0.0005442 0.0003776
-0.0005822 0.0002997
-0.0002884 0.0004094
0.0000119 0.0004176
0.0000159 0.0003312
0.0003307 0.0004004
0.0006402 0.0003574
0.0006900 0.0002831
0.0009140 0.0002911
0.0011282 0.0002051
0.0012127 0.0001622
0.0012646 0.0001054
0.0013114 -0.0000017
0.0014088 -0.0000019
0.0012645 -0.0001087
0.0011280 -0.0002084
0.0012124 -0.0001657
0.0009137 -0.0002940
0.0006398 -0.0003601
0.0006893 -0.0002860
0.0003301 -0.0004026
0.0000113 -0.0004196
0.0000150 -0.0003333
-0.0002892 -0.0004109
-0.0005450 -0.0003788
-0.0005834 -0.0003010
-0.0007338 -0.0003270
-0.0008383 -0.0002618
-0.0009012 -0.0002081
-0.0008484 -0.0001897
-0.0007614 -0.0001192
-0.0008219 -0.0000948
-0.0005822 -0.0000580
-0.0003227 -0.0000159
-0.0003499 -0.0000125
0.0000000 0.0000000
0.0000000 0.0000000
-0.0003702 0.0000090
-0.0003835 0.0000049
-0.0006651 0.0000330
-0.0008664 0.0000668
-0.0008957 0.0000364
-0.0009619 0.0001063
-0.0009472 0.0001463
-0.0009774 0.0000796
-0.0008261 0.0001827
-0.0006106 0.0002110
-0.0006288 0.0001147
-0.0003204 0.0002287
0.0000192 0.0002329
0.0000214 0.0001263
0.0003789 0.0002231
0.0007275 0.0001988
0.0007517 0.0001076
0.0010355 0.0001617
0.0012763 0.0001136
0.0013171 0.0000610
0.0014296 0.0000579
0.0014820 -0.0000020
0.0015289 -0.0000019
0.0014293 -0.0000616
0.0012757 -0.0001173
0.0013163 -0.0000646
0.0010346 -0.0001650
0.0007265 -0.0002019
0.0007502 -0.0001105
0.0003776 -0.0002256
0.0000178 -0.0002351
0.0000196 -0.0001284
-0.0003219 -0.0002302
-0.0006122 -0.0002123
-0.0006307 -0.0001159
-0.0008277 -0.0001833
-0.0009487 -0.0001468
-0.0009791 -0.0000802
-0.0009634 -0.0001063
-0.0008676 -0.0000669
-0.0008969 -0.0000366
-0.0006661 -0.0000324
-0.0003708 -0.0000089
-0.0003840 -0.0000048
0.0000000 0.0000000
0.0000000 0.0000000
-0.0003889 0.0000007
-0.0003859 -0.0000036
-0.0006974 0.0000027
-0.0009071 0.0000047
-0.0009006 -0.0000275
-0.0010057 0.0000075
-0.0009891 0.0000099
-0.0009822 -0.0000606
-0.0008615 0.0000123
-0.0006356 0.0000139
-0.0006313 -0.0000879
-0.0003321 0.0000150
0.0000225 0.0000150
0.0000224 -0.0000975
0.0003978 0.0000142
0.0007614 0.0000123
0.0007564 -0.0000839
0.0010824 0.0000096
0.0013332 0.0000062
0.0013245 -0.0000490
0.0014929 0.0000024
0.0015473 -0.0000018
0.0015371 -0.0000015
0.0014924 -0.0000058
0.0013322 -0.0000095
0.0013233 0.0000463
0.0010809 -0.0000126
0.0007595 -0.0000150
0.0007542 0.0000816
0.0003957 -0.0000163
0.0000203 -0.0000168
0.0000198 0.0000960
-0.0003345 -0.0000162
-0.0006380 -0.0000149
-0.0006340 0.0000871
-0.0008637 -0.0000127
-0.0009911 -0.0000103
-0.0009845 0.0000603
-0.0010075 -0.0000073
-0.0009085 -0.0000047
-0.0009022 0.0000273
-0.0006984 -0.0000020
-0.0003894 -0.0000006
-0.0003865 0.0000037
0.0000000 0.0000000
0.0000000 0.0000000
-0.0003750 -0.0000077
-0.0003561 -0.0000117
-0.0006731 -0.0000283
-0.0008762 -0.0000587
-0.0008346 -0.0000881
-0.0009721 -0.0000935
-0.0009566 -0.0001292
-0.0009134 -0.0001937
-0.0008337 -0.0001614
-0.0006156 -0.0001870
-0.0005893 -0.0002801
-0.0003222 -0.0002027
0.0000211 -0.0002070
0.0000186 -0.0003099
0.0003844 -0.0001985
0.0007365 -0.0001775
0.0007027 -0.0002655
0.0010474 -0.0001449
0.0012904 -0.0001028
0.0012328 -0.0001533
0.0014450 -0.0000537
0.0014977 -0.0000011
0.0014311 -0.0000006
0.0014443 0.0000516
0.0012890 0.0001007
0.0012312 0.0001521
0.0010455 0.0001431
0.0007340 0.0001759
0.0007000 0.0002647
0.0003816 0.0001973
0.0000181 0.0002060
0.0000153 0.0003094
-0.0003251 0.0002022
-0.0006186 0.0001866
-0.0005925 0.0002800
-0.0008364 0.0001614
-0.0009590 0.0001292
-0.0009160 0.0001938
-0.0009741 0.0000938
-0.0008777 0.0000588
-0.0008363 0.0000881
-0.0006741 0.0000291
-0.0003755 0.0000079
-0.0003567 0.0000117
0.0000000 0.0000000
0.0000000 0.0000000
-0.0003303 -0.0000152
-0.0002978 -0.0000182
-0.0005951 -0.0000557
-0.0007773 -0.0001145
-0.0007062 -0.0001367
-0.0008652 -0.0001822
-0.0008538 -0.0002514
-0.0007798 -0.0003003
-0.0007462 -0.0003140
-0.0005529 -0.0003636
-0.0005079 -0.0004344
-0.0002916 -0.0003942
0.0000151 -0.0004023
0.0000108 -0.0004810
0.0003402 -0.0003858
0.0006558 -0.0003447
0.0005977 -0.0004123
0.0009347 -0.0002811
0.0011527 -0.0001987
0.0010536 -0.0002374
0.0012914 -0.0001029
0.0013387 -0.0000002
0.0012242 0.0000004
0.0012906 0.0001027
0.0011511 0.0001985
0.0010519 0.0002383
0.0009325 0.0002810
0.0006530 0.0003447
0.0005948 0.0004131
0.0003371 0.0003860
0.0000117 0.0004025
0.0000073 0.0004819
-0.0002948 0.0003946
-0.0005561 0.0003639
-0.0005112 0.0004351
-0.0007490 0.0003146
-0.0008562 0.0002518
-0.0007825 0.0003008
-0.0008671 0.0001827
-0.0007788 0.0001147
-0.0007079 0.0001369
-0.0005960 0.0000564
-0.0003306 0.0000154
-0.0002985 0.0000182
0.0000000 0.0000000
0.0000000 0.0000000
-0.0002608 -0.0000206
-0.0002195 -0.0000219
-0.0004742 -0.0000751
-0.0006243 -0.0001539
-0.0005340 -0.0001648
-0.0006994 -0.0002449
-0.0006943 -0.0003381
-0.0006000 -0.0003628
-0.0006104 -0.0004225
-0.0004555 -0.0004896
-0.0003974 -0.0005265
-0.0002439 -0.0005314
0.0000059 -0.0005427
0.0000009 -0.0005849
0.0002716 -0.0005208
0.0005302 -0.0004655
0.0004560 -0.0005023
0.0007590 -0.0003796
0.0009381 -0.0002681
0.0008109 -0.0002893
0.0010521 -0.0001383
0.0010909 0.0000010
0.0009439 0.0000015
0.0010513 0.0001402
0.0009366 0.0002699
0.0008094 0.0002922
0.0007568 0.0003814
0.0005274 0.0004672
0.0004533 0.0005048
0.0002686 0.0005224
0.0000026 0.0005442
-0.0000023 0.0005868
-0.0002470 0.0005327
-0.0004585 0.0004906
-0.0004004 0.0005279
-0.0006130 0.0004236
-0.0006965 0.0003388
-0.0006023 0.0003636
-0.0007011 0.0002456
-0.0006254 0.0001542
-0.0005354 0.0001651
-0.0004748 0.0000756
-0.0002609 0.0000207
-0.0002201 0.0000220
0.0000000 0.0000000
0.0000000 0.0000000
-0.0001769 -0.0000226
-0.0001337 -0.0000219
-0.0003286 -0.0000825
-0.0004397 -0.0001690
-0.0003447 -0.0001650
-0.0004990 -0.0002695
-0.0005007 -0.0003728
-0.0003998 -0.0003667
-0.0004446 -0.0004674
-0.0003357 -0.0005430
-0.0002720 -0.0005373
-0.0001843 -0.0005909
-0.0000038 -0.0006050
-0.0000075 -0.0006013
0.0001892 -0.0005817
0.0003778 -0.0005207
0.0002989 -0.0005190
0.0005449 -0.0004250
0.0006761 -0.0003001
0.0005391 -0.0002995
0.0007595 -0.0001546
0.0007880 0.0000019
0.0006292 0.0000022
0.0007589 0.0001581
0.0006748 0.0003037
0.0005378 0.0003037
0.0005432 0.0004282
0.0003755 0.0005237
0.0002967 0.0005225
0.0001868 0.0005843
-0.0000065 0.0006073
-0.0000100 0.0006038
-0.0001868 0.0005929
-0.0003382 0.0005445
-0.0002743 0.0005388
-0.0004466 0.0004687
-0.0005024 0.0003737
-0.0004014 0.0003675
-0.0005002 0.0002701
-0.0004404 0.0001692
-0.0003455 0.0001653
-0.0003288 0.0000826
-0.0001769 0.0000226
-0.0001343 0.0000218
0.0000000 0.0000000
0.0000000 0.0000000
-0.0000934 -0.0000204
-0.0000571 -0.0000171
-0.0001831 -0.0000746
-0.0002538 -0.0001529
-0.0001708 -0.0001318
-0.0002951 -0.0002461
-0.0003015 -0.0003436
-0.0002096 -0.0003029
-0.0002719 -0.0004341
-0.0002089 -0.0005080
-0.0001482 -0.0004545
-0.0001189 -0.0005561
-0.0000100 -0.0005722
-0.0000104 -0.0005167
0.0001072 -0.0005524
0.0002223 -0.0004960
0.0001519 -0.0004503
0.0003245 -0.0004057
0.0004050 -0.0002868
0.0002799 -0.0002610
0.0004561 -0.0001478
0.0004737 0.0000023
0.0003279 0.0000024
0.0004557 0.0001519
0.0004042 0.0002912
0.0002791 0.0002654
0.0003234 0.0004095
0.0002208 0.0004996
0.0001506 0.0004538
0.0001057 0.0005554
-0.0000118 0.0005748
-0.0000119 0.0005191
-0.0001204 0.0005583
-0.0002105 0.0005095
-0.0001495 0.0004557
-0.0002732 0.0004354
-0.0003026 0.0003442
-0.0002105 0.0003033
-0.0002958 0.0002466
-0.0002540 0.0001532
-0.0001712 0.0001322
-0.0001830 0.0000739
-0.0000932 0.0000202
-0.0000578 0.0000169
0.0000000 0.0000000
0.0000000 0.0000000
-0.0000284 -0.0000126
-0.0000106 -0.0000066
-0.0000666 -0.0000486
-0.0001005 -0.0001024
-0.0000475 -0.0000664
-0.0001221 -0.0001707
-0.0001286 -0.0002453
-0.0000627 -0.0001725
-0.0001183 -0.0003164
-0.0000932 -0.0003766
-0.0000459 -0.0002744
-0.0000555 -0.0004173
-0.0000092 -0.0004336
-0.0000052 -0.0003215
0.0000410 -0.0004216
0.0000907 -0.0003805
0.0000433 -0.0002846
0.0001347 -0.0003126
0.0001698 -0.0002213
0.0000815 -0.0001661
0.0001917 -0.0001143
0.0001996 0.0000022
0.0000956 0.0000018
0.0001916 0.0001176
0.0001695 0.0002253
0.0000805 0.0001694
0.0001345 0.0003156
0.0000902 0.0003836
0.0000418 0.0002870
0.0000407 0.0004241
-0.0000098 0.0004356
-0.0000067 0.0003228
-0.0000558 0.0004190
-0.0000938 0.0003773
-0.0000468 0.0002747
-0.0001188 0.0003172
-0.0001292 0.0002452
-0.0000625 0.0001721
-0.0001229 0.0001710
-0.0001009 0.0001025
-0.0000460 0.0000665
-0.0000672 0.0000470
-0.0000284 0.0000126
-0.0000090 0.0000071
0.0000000 0.0000000
0.0000000 0.0000000
-0.0000003 -0.0000003
0.0000000 0.0000000
-0.0000065 -0.0000106
-0.0000124 -0.0000284
0.0000000 0.0000000
-0.0000158 -0.0000557
-0.0000175 -0.0000885
0.0000000 0.0000000
-0.0000161 -0.0001201
-0.0000131 -0.0001488
0.0000000 0.0000000
-0.0000080 -0.0001684
-0.0000020 -0.0001783
0.0000000 0.0000000
0.0000047 -0.0001752
0.0000114 -0.0001595
0.0000000 0.0000000
0.0000171 -0.0001319
0.0000221 -0.0000936
0.0000000 0.0000000
0.0000246 -0.0000487
0.0000260 0.0000011
0.0000000 0.0000000
0.0000246 0.0000495
0.0000219 0.0000955
0.0000000 0.0000000
0.0000170 0.0001328
0.0000112 0.0001610
0.0000000 0.0000000
0.0000046 0.0001762
-0.0000022 0.0001791
0.0000000 0.0000000
-0.0000081 0.0001695
-0.0000133 0.0001490
0.0000000 0.0000000
-0.0000160 0.0001212
-0.0000174 0.0000881
0.0000000 0.0000000
-0.0000158 0.0000568
-0.0000126 0.0000282
0.0000000 0.0000000
-0.0000072 0.0000092
-0.0000007 0.0000007
0.0000000 0.0000000
0.0000000 0.0000000
0.0007319473
0.0006842528
0.0005790517
0.0005551898
0.00063386
0.0007782796
0.0009288265
0.001025162
0.001029811
0.0009411152
0.0007938663
0.0006469863
0.0005614153
0.0005750121
0.0006748848
0.0007331376
0.0007805222
0.0007316271
0.0006739995
0.0006497848
0.0006788272
0.0007458802
0.0008200427
0.0008692055
0.0008728558
0.0008297165
0.0007581428
0.0006893801
0.0006550401
0.0006712324
0.0007327272
0.0007906418
0.0008936391
0.0007861433
0.0007183991
0.0006842315
0.0006848464
0.0007102786
0.0007432065
0.0007660333
0.000767646
0.0007475219
0.0007158237
0.0006899053
0.0006881465
0.0007214622
0.0007942737
0.0009027431
0.0009539743
0.0008143683
0.0007290298
0.0006817202
0.0006638706
0.0006658726
0.0006765019
0.0006854423
0.0006864121
0.0006791035
0.0006692693
0.0006671067
0.0006843795
0.0007312925
0.000817533
0.0009574147
0.0009352677
0.000792294
0.0007024727
0.000649691
0.0006229899
0.0006133228
0.0006125993
0.0006142923
0.0006147604
0.0006138342
0.0006149062
0.0006244493
0.0006507258
0.000703083
0.0007919358
0.0009347584
0.000842026
0.0007189402
0.000639865
0.0005918558
0.0005650083
0.0005519052
0.0005467562
0.0005453393
0.0005455442
0.0005472678
0.000552447
0.0005651874
0.0005912863
0.0006383679
0.0007154113
0.0008376629
0.0006865266
0.0006023014
0.0005471478
0.0005131648
0.0004932816
0.0004825767
0.0004774011
0.0004753553
0.0004754019
0.0004774346
0.0004823914
0.0004925486
0.000511385
0.0005440012
0.0005963432
0.0006794517
0.0004892904
0.0004562732
0.0004340066
0.0004204534
0.0004122546
0.000407551
0.0004049734
0.0004037145
0.0004036766
0.0004047848
0.0004070193
0.0004110389
0.0004180062
0.0004299446
0.0004488861
0.0004804727
0.0002751445
0.0002985644
0.0003128009
0.0003221129
0.0003273696
0.0003299259
0.000330803
0.000330885
0.000330854
0.0003306446
0.0003294113
0.0003261489
0.000319623
0.0003086357
0.0002909236
0.0002660065
7.14253e-05
0.0001484587
0.0001969843
0.000227349
0.0002446695
0.000253393
0.0002569409
0.0002580008
0.0002580457
0.0002570263
0.0002532399
0.0002439293
0.0002254612
0.0001935635
0.0001417417
6.316997e-05
-9.538322e-05
2.454105e-05
9.960788e-05
0.000145241
0.0001700879
0.0001814995
0.0001852826
0.000186002
0.0001862331
0.0001858457
0.0001820613
0.0001703005
0.000144519
9.767699e-05
1.999152e-05
-0.0001012742
-0.0002016544
-5.722306e-05
3.160933e-05
8.33377e-05
0.000108537
0.0001166569
0.0001162652
0.0001143074
0.0001148149
0.000117615
0.0001183835
0.0001101072
8.430149e-05
3.186172e-05
-5.85433e-05
-0.0002037216
-0.0002309962
-8.660095e-05
1.071047e-06
4.780233e-05
6.385472e-05
5.984152e-05
4.820038e-05
3.970365e-05
4.076736e-05
5.105132e-05
6.360562e-05
6.739377e-05
5.059633e-05
3.164165e-06
-8.404077e-05
-0.0002286731
-0.0001780276
-6.444334e-05
1.039227e-05
4.342893e-05
3.974699e-05
1.097828e-05
-2.340558e-05
-4.517431e-05
-4.338154e-05
-1.863154e-05
1.718754e-05
4.543359e-05
4.780511e-05
1.359163e-05
-5.624296e-05
-0.0001691341
-6.214267e-05
-9.241606e-07
6.257527e-05
7.781604e-05
3.997275e-05
-3.366077e-05
-0.0001097327
-0.0001554513
-0.000151453
-9.911825e-05
-2.0109e-05
5.179597e-05
8.399901e-05
6.005708e-05
3.318686e-07
-5.156466e-05
-1.330606e-06
6.021576e-05
0.0001638402
0.0001758315
8.38449e-05
-7.180146e-05
-0.0002271401
-0.000320441
-0.0003152877
-0.0002134448
-5.43004e-05
9.890647e-05
0.0001835165
0.0001603521
5.070296e-05
0
