0.0000000 0.0000000
0.0000000 0.0000000
0.0000000 0.0000000
0.0000000 0.0000000
0.0000000 0.0000000
0.0000000 0.0000000
0.0000000 0.0000000
0.0000000 0.0000000
0.0000000 0.0000000
0.0000000 0.0000000
0.0000000 0.0000000
0.0000000 0.0000000
0.0000000 0.0000000
0.0000000 0.0000000
0.0000000 0.0000000
0.0000000 0.0000000
0.0000000 0.0000000
-0.0007586 0.0007590
-0.0016957 0.0032912
-0.0018227 0.0066903
-0.0010530 0.0093978
0.0004393 0.0097255
0.0019011 0.0074332
0.0028619 0.0028089
0.0028775 -0.0027980
0.0019171 -0.0075035
0.0004334 -0.0097297
-0.0010133 -0.0095119
-0.0018519 -0.0067848
-0.0017346 -0.0033084
-0.0007723 -0.0007750
0.0000000 0.0000000
0.0000000 0.0000000
-0.0034256 0.0018728
-0.0061570 0.0066340
-0.0062496 0.0122994
-0.0034598 0.0165924
0.0018109 0.0170325
0.0069379 0.0129350
0.0103037 0.0049486
0.0103203 -0.0049185
0.0069684 -0.0131248
0.0016461 -0.0170465
-0.0033296 -0.0168607
-0.0063722 -0.0125062
-0.0062523 -0.0066743
-0.0034004 -0.0018932
0.0000000 0.0000000
0.0000000 0.0000000
-0.0077375 0.0026643
-0.0129611 0.0091616
-0.0124845 0.0166385
-0.0068036 0.0221934
0.0039009 0.0229313
0.0143124 0.0175067
0.0212233 0.0068695
0.0212539 -0.0068274
0.0145212 -0.0177727
0.0034389 -0.0229613
-0.0065300 -0.0225823
-0.0127968 -0.0168499
-0.0129407 -0.0091703
-0.0077255 -0.0026783
0.0000000 0.0000000
0.0000000 0.0000000
-0.0131050 0.0030669
-0.0211163 0.0104540
-0.0206929 0.0192228
-0.0109768 0.0256929
0.0063355 0.0269987
0.0233560 0.0208904
0.0348623 0.0084918
0.0349099 -0.0084445
0.0234471 -0.0208311
0.0054625 -0.0270011
-0.0106241 -0.0260600
-0.0206849 -0.0192715
-0.0211078 -0.0104723
-0.0130971 -0.0030740
0.0000000 0.0000000
0.0000000 0.0000000
-0.0187251 0.0029796
-0.0296646 0.0100951
-0.0291440 0.0186453
-0.0155945 0.0255982
0.0086067 0.0274649
0.0329895 0.0216521
0.0498488 0.0091820
0.0499049 -0.0091604
0.0330948 -0.0215724
0.0074102 -0.0273392
-0.0153791 -0.0256363
-0.0291694 -0.0187023
-0.0296814 -0.0101088
-0.0187239 -0.0029774
0.0000000 0.0000000
0.0000000 0.0000000
-0.0235870 0.0022954
-0.0370589 0.0076824
-0.0366482 0.0141981
-0.0197629 0.0202307
0.0102058 0.0220692
0.0415025 0.0178341
0.0636811 0.0079455
0.0637220 -0.0080067
0.0415872 -0.0177936
0.0092070 -0.0217514
-0.0199705 -0.0197333
-0.0366841 -0.0142165
-0.0370821 -0.0076772
-0.0235897 -0.0022787
0.0000000 0.0000000
0.0000000 0.0000000
-0.0265929 0.0010485
-0.0415578 0.0033763
-0.0413429 0.0061437
-0.0231386 0.0085856
0.0107871 0.0101326
0.0467234 0.0086197
0.0728092 0.0041839
0.0728366 -0.0043340
0.0467056 -0.0086875
0.0107240 -0.0100630
-0.0231503 -0.0085561
-0.0413824 -0.0061095
-0.0415859 -0.0033654
-0.0265772 -0.0010355
0.0000000 0.0000000
0.0000000 0.0000000
-0.0288369 -0.0007229
-0.0429076 -0.0024370
-0.0406326 -0.0043372
-0.0218646 -0.0055888
0.0116753 -0.0052866
0.0526984 -0.0039430
0.0777361 -0.0016494
0.0777236 0.0014406
0.0526154 0.0038041
0.0115561 0.0052758
-0.0218695 0.0056153
-0.0406199 0.0043628
-0.0428999 0.0024392
-0.0288124 0.0007334
0.0000000 0.0000000
0.0000000 0.0000000
-0.0260463 -0.0023230
-0.0388563 -0.0076425
-0.0368599 -0.0137238
-0.0199462 -0.0183963
0.0114690 -0.0191063
0.0477183 -0.0142960
0.0706597 -0.0048296
0.0706251 0.0046959
0.0476409 0.0142583
0.0103068 0.0187735
-0.0199513 0.0183156
-0.0367977 0.0136834
-0.0388051 0.0076193
-0.0260347 0.0023236
0.0000000 0.0000000
0.0000000 0.0000000
-0.0209529 -0.0032616
-0.0314902 -0.0107112
-0.0298492 -0.0191996
-0.0160086 -0.0257489
0.0104591 -0.0268170
0.0385637 -0.0205086
0.0569516 -0.0068139
0.0569147 0.0068599
0.0384587 0.0205960
0.0085688 0.0269246
-0.0154959 0.0256051
-0.0298160 0.0191129
-0.0314555 0.0106794
-0.0209495 0.0032631
0.0000000 0.0000000
0.0000000 0.0000000
-0.0147976 -0.0034587
-0.0226563 -0.0113807
-0.0215288 -0.0203459
-0.0113792 -0.0271147
0.0080613 -0.0282070
0.0275364 -0.0217194
0.0404532 -0.0073379
0.0404163 0.0074849
0.0274528 0.0218489
0.0064258 0.0286434
-0.0107299 0.0272108
-0.0215267 0.0202662
-0.0226473 0.0113529
-0.0148076 0.0034569
0.0000000 0.0000000
0.0000000 0.0000000
-0.0088117 -0.0030490
-0.0140497 -0.0101189
-0.0135204 -0.0181419
-0.0071022 -0.0240698
0.0051136 -0.0249855
0.0163634 -0.0189972
0.0248071 -0.0066873
0.0247788 0.0068162
0.0168972 0.0193242
0.0040878 0.0254750
-0.0066852 0.0242106
-0.0137077 0.0184058
-0.0140592 0.0101014
-0.0088253 0.0030394
0.0000000 0.0000000
0.0000000 0.0000000
-0.0039325 -0.0021796
-0.0068660 -0.0074650
-0.0068117 -0.0136921
-0.0036386 -0.0183112
0.0024237 -0.0191303
0.0080900 -0.0143944
0.0120955 -0.0052692
0.0120822 0.0053464
0.0082312 0.0147588
0.0019627 0.0194818
-0.0034788 0.0184222
-0.0068666 0.0139201
-0.0070083 0.0075826
-0.0039602 0.0021592
0.0000000 0.0000000
0.0000000 0.0000000
-0.0009189 -0.0009268
-0.0019302 -0.0037819
-0.0019929 -0.0075556
-0.0010990 -0.0104754
0.0006232 -0.0112451
0.0022869 -0.0084990
0.0033891 -0.0031938
0.0033735 0.0032197
0.0022790 0.0086999
0.0004922 0.0113986
-0.0010935 0.0105322
-0.0020016 0.0076494
-0.0019325 0.0038476
-0.0009110 0.0009164
0.0000000 0.0000000
0.0000000 0.0000000
0.0000000 0.0000000
0.0000000 0.0000000
0.0000000 0.0000000
0.0000000 0.0000000
0.0000000 0.0000000
0.0000000 0.0000000
0.0000000 0.0000000
0.0000000 0.0000000
0.0000000 0.0000000
0.0000000 0.0000000
0.0000000 0.0000000
0.0000000 0.0000000
0.0000000 0.0000000
0.0000000 0.0000000
0.0000000 0.0000000
0.0000000 0.0000000
-0.0000046 0.0000046
0.0000000 0.0000000
-0.0002044 0.0001853
-0.0001893 0.0002115
-0.0003492 0.0007296
0.0000000 0.0000000
-0.0012978 0.0018418
-0.0004560 0.0015447
-0.0005175 0.0024674
0.0000000 0.0000000
-0.0018818 0.0049782
-0.0004929 0.0034693
-0.0004241 0.0043397
0.0000000 0.0000000
-0.0015219 0.0082147
-0.0002800 0.0050251
-0.0001056 0.0053826
0.0000000 0.0000000
-0.0003507 0.0099401
0.0001060 0.0053677
0.0003167 0.0049558
0.0000000 0.0000000
0.0011918 0.0090534
0.0005089 0.0041255
0.0006738 0.0029822
0.0000000 0.0000000
0.0025014 0.0054222
0.0007671 0.0015439
0.0008151 0.0000143
0.0000000 0.0000000
0.0030260 0.0000232
0.0007669 -0.0015592
0.0006772 -0.0029623
0.0000000 0.0000000
0.0025302 -0.0053874
0.0005087 -0.0041337
0.0003197 -0.0049530
0.0000000 0.0000000
0.0012308 -0.0090452
0.0001034 -0.0053630
-0.0001039 -0.0053900
0.0000000 0.0000000
-0.0003197 -0.0099533
-0.0002799 -0.0050072
-0.0004247 -0.0043495
0.0000000 0.0000000
-0.0015091 -0.0082369
-0.0004957 -0.0034423
-0.0005229 -0.0024798
0.0000000 0.0000000
-0.0019004 -0.0050027
-0.0004566 -0.0015171
-0.0003437 -0.0007348
0.0000000 0.0000000
-0.0013479 -0.0018385
-0.0001654 -0.0002523
0.0000099 0.0000104
0.0000000 0.0000000
-0.0002518 -0.0001676
0.0000000 0.0000000
0.0000000 0.0000000
-0.0007369 0.0003495
-0.0015825 0.0004957
-0.0018711 0.0013355
-0.0029222 0.0029708
-0.0050830 0.0040170
-0.0036676 0.0050486
-0.0039691 0.0073635
-0.0066249 0.0095328
-0.0037800 0.0096786
-0.0031222 0.0116986
-0.0051390 0.0148196
-0.0020399 0.0131983
-0.0006317 0.0139271
-0.0009727 0.0174801
0.0009762 0.0137528
0.0026153 0.0125971
0.0044473 0.0157588
0.0041268 0.0104721
0.0053560 0.0075225
0.0090358 0.0094025
0.0061475 0.0039288
0.0064345 0.0000272
0.0108492 0.0000276
0.0061475 -0.0039077
0.0053644 -0.0074843
0.0090631 -0.0093609
0.0041259 -0.0104642
0.0026148 -0.0125956
0.0044681 -0.0157562
0.0009606 -0.0137504
-0.0006423 -0.0139448
-0.0009649 -0.0174961
-0.0020448 -0.0132040
-0.0031300 -0.0117226
-0.0051346 -0.0148423
-0.0037802 -0.0096856
-0.0039664 -0.0073850
-0.0066259 -0.0095478
-0.0036500 -0.0050529
-0.0029106 -0.0029726
-0.0050790 -0.0040138
-0.0018495 -0.0013838
-0.0007335 -0.0003485
-0.0015681 -0.0005019
0.0000000 0.0000000
0.0000000 0.0000000
-0.0026649 0.0006241
-0.0039939 0.0007223
-0.0054279 0.0023290
-0.0077607 0.0049119
-0.0109016 0.0056414
-0.0093022 0.0080400
-0.0098146 0.0114278
-0.0134796 0.0130108
-0.0092173 0.0147201
-0.0075174 0.0175803
-0.0102509 0.0199438
-0.0048396 0.0196624
-0.0013527 0.0206626
-0.0018087 0.0234571
0.0026086 0.0203590
0.0066752 0.0186321
0.0092187 0.0212104
0.0104346 0.0154982
0.0134988 0.0111307
0.0186468 0.0127057
0.0154930 0.0058296
0.0162022 0.0000345
0.0223975 0.0000344
0.0155078 -0.0057848
0.0135376 -0.0110828
0.0187104 -0.0126544
0.0104699 -0.0154840
0.0067011 -0.0186378
0.0092678 -0.0212181
0.0026079 -0.0203596
-0.0013533 -0.0206850
-0.0017932 -0.0234794
-0.0048246 -0.0196799
-0.0075280 -0.0176044
-0.0102513 -0.0199703
-0.0092246 -0.0147359
-0.0098267 -0.0114418
-0.0134855 -0.0130276
-0.0093005 -0.0080492
-0.0077706 -0.0049133
-0.0108979 -0.0056460
-0.0054336 -0.0023616
-0.0026726 -0.0006327
-0.0039873 -0.0007277
0.0000000 0.0000000
0.0000000 0.0000000
-0.0054714 0.0008047
-0.0070894 0.0008478
-0.0104491 0.0029722
-0.0143785 0.0061950
-0.0181348 0.0065230
-0.0168364 0.0100586
-0.0175285 0.0142248
-0.0219035 0.0149721
-0.0163550 0.0182702
-0.0132924 0.0218132
-0.0166228 0.0230327
-0.0085401 0.0244236
-0.0023530 0.0257471
-0.0030204 0.0273457
0.0047120 0.0254675
0.0120258 0.0234012
0.0150064 0.0250140
0.0188304 0.0195436
0.0244126 0.0140770
0.0306642 0.0151173
0.0280645 0.0074004
0.0293628 0.0000453
0.0369528 0.0000341
0.0281007 -0.0073365
0.0244966 -0.0140133
0.0307747 -0.0150605
0.0189156 -0.0195178
0.0120869 -0.0234115
0.0150927 -0.0250235
0.0047262 -0.0254748
-0.0023486 -0.0257753
-0.0029942 -0.0273709
-0.0085166 -0.0244509
-0.0133115 -0.0218361
-0.0166167 -0.0230571
-0.0163680 -0.0182875
-0.0175557 -0.0142385
-0.0219064 -0.0149912
-0.0168431 -0.0100715
-0.0143979 -0.0061986
-0.0181342 -0.0065317
-0.0104632 -0.0029917
-0.0054841 -0.0008074
-0.0070856 -0.0008487
0.0000000 0.0000000
0.0000000 0.0000000
-0.0087433 0.0008699
-0.0104097 0.0008359
-0.0162531 0.0031892
-0.0219785 0.0066114
-0.0258065 0.0063745
-0.0254625 0.0107087
-0.0263893 0.0151554
-0.0308870 0.0146262
-0.0246223 0.0195112
-0.0200901 0.0234035
-0.0236355 0.0227075
-0.0130387 0.0263578
-0.0037862 0.0279833
-0.0046484 0.0273816
0.0068941 0.0278833
0.0180707 0.0257985
0.0211049 0.0254508
0.0285661 0.0216759
0.0372454 0.0156846
0.0438990 0.0155492
0.0429538 0.0082798
0.0449863 0.0000449
0.0531359 0.0000038
0.0430168 -0.0082295
0.0373853 -0.0156151
0.0440459 -0.0155378
0.0287121 -0.0216463
0.0181814 -0.0258038
0.0212196 -0.0254580
0.0069330 -0.0278853
-0.0037709 -0.0280009
-0.0046199 -0.0273839
-0.0130083 -0.0263754
-0.0201163 -0.0234116
-0.0236324 -0.0227171
-0.0246382 -0.0195204
-0.0264279 -0.0151572
-0.0309029 -0.0146388
-0.0254817 -0.0107159
-0.0220084 -0.0066087
-0.0258174 -0.0063791
-0.0162778 -0.0031949
-0.0087630 -0.0008689
-0.0104064 -0.0008360
0.0000000 0.0000000
0.0000000 0.0000000
-0.0119631 0.0007779
-0.0133509 0.0006516
-0.0219162 0.0028310
-0.0293745 0.0058298
-0.0325281 0.0049001
-0.0338681 0.0094230
-0.0350842 0.0133466
-0.0388184 0.0112127
-0.0328306 0.0172337
-0.0269807 0.0207984
-0.0300052 0.0175572
-0.0177578 0.0235926
-0.0055096 0.0252782
-0.0063210 0.0215515
0.0088223 0.0254230
0.0239846 0.0237170
0.0265773 0.0204301
0.0383705 0.0200654
0.0503493 0.0145879
0.0562055 0.0126215
0.0582661 0.0077260
0.0610804 0.0000060
0.0682832 -0.0000658
0.0583382 -0.0077605
0.0505154 -0.0145711
0.0563327 -0.0127280
0.0385372 -0.0200709
0.0241187 -0.0237121
0.0266891 -0.0204423
0.0088688 -0.0254014
-0.0054879 -0.0252605
-0.0062923 -0.0215238
-0.0177266 -0.0235814
-0.0270056 -0.0207730
-0.0299906 -0.0175372
-0.0328484 -0.0172214
-0.0351250 -0.0133207
-0.0388258 -0.0111988
-0.0338956 -0.0094057
-0.0294054 -0.0058086
-0.0325416 -0.0048897
-0.0219441 -0.0028111
-0.0119771 -0.0007696
-0.0133496 -0.0006442
0.0000000 0.0000000
0.0000000 0.0000000
-0.0144675 0.0004998
-0.0152242 0.0002934
-0.0262708 0.0018086
-0.0350306 0.0036748
-0.0367015 0.0021470
-0.0402852 0.0059126
-0.0417481 0.0083619
-0.0437204 0.0048378
-0.0391692 0.0108175
-0.0323713 0.0131249
-0.0339941 0.0076239
-0.0215188 0.0149999
-0.0069455 0.0162518
-0.0073582 0.0096191
0.0103112 0.0165372
0.0287285 0.0156043
0.0302919 0.0094783
0.0463473 0.0133186
0.0610803 0.0097220
0.0645171 0.0059628
0.0708522 0.0051633
0.0743096 -0.0000743
0.0785042 -0.0001293
0.0709000 -0.0053295
0.0612149 -0.0098236
0.0645502 -0.0061821
0.0464559 -0.0133914
0.0288273 -0.0156122
0.0302580 -0.0095205
0.0103407 -0.0165096
-0.0069233 -0.0161993
-0.0073574 -0.0095713
-0.0214916 -0.0149505
-0.0323829 -0.0130561
-0.0339862 -0.0075573
-0.0391764 -0.0107635
-0.0417718 -0.0083091
-0.0437434 -0.0047971
-0.0403033 -0.0058755
-0.0350424 -0.0036475
-0.0367136 -0.0021378
-0.0262864 -0.0017697
-0.0144707 -0.0004913
-0.0152080 -0.0002935
0.0000000 0.0000000
0.0000000 0.0000000
-0.0156004 0.0000787
-0.0155165 -0.0001544
-0.0282218 0.0002677
-0.0374887 0.0004600
-0.0372391 -0.0012976
-0.0430312 0.0006901
-0.0445649 0.0009330
-0.0441902 -0.0031097
-0.0418056 0.0011932
-0.0346000 0.0014941
-0.0342210 -0.0048427
-0.0230043 0.0018010
-0.0073958 0.0021387
-0.0071431 -0.0055968
0.0112104 0.0023963
0.0311666 0.0024522
0.0313352 -0.0048244
0.0503832 0.0022189
0.0663493 0.0016544
0.0663758 -0.0028235
0.0769761 0.0008853
0.0807011 -0.0001420
0.0805568 -0.0001419
0.0769831 -0.0011237
0.0663732 -0.0018674
0.0662631 0.0025947
0.0503291 -0.0023722
0.0311419 -0.0025113
0.0311633 0.0047433
0.0111257 -0.0023792
-0.0074384 -0.0020851
-0.0072077 0.0056398
-0.0229936 -0.0017268
-0.0346000 -0.0014164
-0.0342096 0.0049106
-0.0418103 -0.0011218
-0.0445613 -0.0008826
-0.0441889 0.0031522
-0.0430390 -0.0006506
-0.0374648 -0.0004439
-0.0372354 0.0013031
-0.0281985 -0.0002220
-0.0155776 -0.0000701
-0.0155051 0.0001608
0.0000000 0.0000000
0.0000000 0.0000000
-0.0150008 -0.0003780
-0.0140700 -0.0005710
-0.0271377 -0.0013925
-0.0360021 -0.0029658
-0.0338506 -0.0044268
-0.0412829 -0.0048551
-0.0426646 -0.0069364
-0.0400565 -0.0102738
-0.0399218 -0.0089949
-0.0328990 -0.0108245
-0.0307205 -0.0160129
-0.0216589 -0.0122120
-0.0066188 -0.0129098
-0.0058639 -0.0192069
0.0113059 -0.0127738
0.0305105 -0.0117388
0.0289789 -0.0176257
0.0490072 -0.0097705
0.0642385 -0.0070619
0.0605062 -0.0106064
0.0744097 -0.0037163
0.0779024 -0.0001429
0.0731972 -0.0000761
0.0743380 0.0034909
0.0641496 0.0068371
0.0603226 0.0105026
0.0488510 0.0096358
0.0303345 0.0116381
0.0287395 0.0175550
0.0111169 0.0127653
-0.0067310 0.0129264
-0.0060223 0.0191998
-0.0216747 0.0122633
-0.0328976 0.0108600
-0.0307049 0.0160330
-0.0398782 0.0090426
-0.0426248 0.0069523
-0.0400146 0.0102892
-0.0412413 0.0048810
-0.0359576 0.0029613
-0.0338288 0.0044216
-0.0271088 0.0014311
-0.0149764 0.0003832
-0.0140783 0.0005695
0.0000000 0.0000000
0.0000000 0.0000000
-0.0128444 -0.0007303
-0.0113214 -0.0008284
-0.0233172 -0.0026766
-0.0309781 -0.0055928
-0.0275167 -0.0063901
-0.0355060 -0.0090918
-0.0366015 -0.0129103
-0.0325134 -0.0147080
-0.0340916 -0.0166774
-0.0278708 -0.0200535
-0.0245989 -0.0227643
-0.0180544 -0.0226433
-0.0050105 -0.0240433
-0.0041388 -0.0272105
0.0103975 -0.0239481
0.0267090 -0.0221256
0.0239187 -0.0249780
0.0423504 -0.0185111
0.0552034 -0.0133637
0.0489237 -0.0150354
0.0637464 -0.0069557
0.0666729 -0.0000638
0.0589492 0.0000429
0.0636470 0.0068991
0.0550543 0.0132774
0.0487574 0.0150877
0.0421391 0.0184700
0.0264593 0.0220569
0.0236603 0.0249705
0.0101166 0.0239064
-0.0051829 0.0240093
-0.0043122 0.0271718
-0.0180769 0.0226329
-0.0278822 0.0200257
-0.0245965 0.0227273
-0.0340513 0.0166801
-0.0365690 0.0128865
-0.0324897 0.0146933
-0.0354568 0.0090958
-0.0309346 0.0055747
-0.0275007 0.0063862
-0.0232808 0.0026967
-0.0128156 0.0007295
-0.0113321 0.0008310
0.0000000 0.0000000
0.0000000 0.0000000
-0.0096736 -0.0008973
-0.0079286 -0.0009031
-0.0177505 -0.0032977
-0.0237270 -0.0068444
-0.0197647 -0.0069313
-0.0272627 -0.0110964
-0.0280714 -0.0156884
-0.0234869 -0.0158602
-0.0260327 -0.0201838
-0.0210965 -0.0241571
-0.0175837 -0.0243198
-0.0134237 -0.0271557
-0.0033398 -0.0287227
-0.0026484 -0.0287658
0.0084198 -0.0285078
0.0206992 -0.0262571
0.0173406 -0.0261565
0.0323802 -0.0219481
0.0419485 -0.0157892
0.0348534 -0.0156611
0.0482849 -0.0081768
0.0504577 0.0000423
0.0418414 0.0000993
0.0482065 0.0082945
0.0418340 0.0158576
0.0347622 0.0157967
0.0322193 0.0219933
0.0204893 0.0262684
0.0171750 0.0262095
0.0081687 0.0284891
-0.0034999 0.0286799
-0.0027749 0.0287353
-0.0134392 0.0271074
-0.0211185 0.0241006
-0.0175892 0.0242763
-0.0260086 0.0201514
-0.0280583 0.0156480
-0.0234820 0.0158334
-0.0272235 0.0110871
-0.0236998 0.0068280
-0.0197609 0.0069269
-0.0177226 0.0033025
-0.0096563 0.0008964
-0.0079413 0.0009029
0.0000000 0.0000000
0.0000000 0.0000000
-0.0062207 -0.0008828
-0.0045848 -0.0008099
-0.0116827 -0.0032513
-0.0158516 -0.0067260
-0.0121218 -0.0062316
-0.0183722 -0.0108970
-0.0189822 -0.0153657
-0.0147098 -0.0142780
-0.0175906 -0.0197027
-0.0141837 -0.0234702
-0.0110230 -0.0217879
-0.0089227 -0.0262467
-0.0020702 -0.0276051
-0.0016167 -0.0255367
0.0058234 -0.0272414
0.0139649 -0.0249605
0.0107411 -0.0229842
0.0216328 -0.0207863
0.0279023 -0.0149015
0.0214077 -0.0136764
0.0320366 -0.0077133
0.0334587 0.0000798
0.0256538 0.0000858
0.0319941 0.0078722
0.0278518 0.0150325
0.0213804 0.0138058
0.0215593 0.0208730
0.0138431 0.0250272
0.0106617 0.0230627
0.0056597 0.0272577
-0.0021791 0.0275868
-0.0016968 0.0255315
-0.0089276 0.0262070
-0.0142068 0.0234325
-0.0110385 0.0217702
-0.0175854 0.0196774
-0.0189897 0.0153360
-0.0147215 0.0142641
-0.0183544 0.0108817
-0.0158437 0.0067144
-0.0121227 0.0062312
-0.0116681 0.0032398
-0.0062131 0.0008777
-0.0045974 0.0008058
0.0000000 0.0000000
0.0000000 0.0000000
-0.0031204 -0.0007189
-0.0018665 -0.0005795
-0.0062084 -0.0026618
-0.0087236 -0.0055110
-0.0057587 -0.0045647
-0.0103250 -0.0089846
-0.0107996 -0.0127189
-0.0073401 -0.0107415
-0.0100738 -0.0163395
-0.0081533 -0.0194618
-0.0056125 -0.0165941
-0.0051537 -0.0217231
-0.0012503 -0.0227830
-0.0009340 -0.0194896
0.0032160 -0.0224039
0.0077852 -0.0204498
0.0051967 -0.0174926
0.0120547 -0.0169754
0.0155455 -0.0121447
0.0104347 -0.0103792
0.0178327 -0.0062975
0.0186285 0.0000644
0.0125137 0.0000564
0.0178196 0.0064085
0.0155361 0.0122544
0.0104286 0.0104702
0.0120396 0.0170529
0.0077375 0.0205241
0.0051617 0.0175571
0.0031383 0.0224336
-0.0013026 0.0227894
-0.0009689 0.0194977
-0.0051478 0.0217071
-0.0081676 0.0194505
-0.0056204 0.0165865
-0.0100749 0.0163353
-0.0108122 0.0127047
-0.0073530 0.0107341
-0.0103243 0.0089782
-0.0087231 0.0055102
-0.0057674 0.0045741
-0.0062006 0.0026309
-0.0031162 0.0007092
-0.0018856 0.0005737
0.0000000 0.0000000
0.0000000 0.0000000
-0.0009010 -0.0004133
-0.0003252 -0.0002082
-0.0021720 -0.0016146
-0.0033310 -0.0034343
-0.0015572 -0.0021651
-0.0041169 -0.0057886
-0.0044217 -0.0084070
-0.0021325 -0.0057603
-0.0041886 -0.0109821
-0.0034453 -0.0132415
-0.0016759 -0.0093911
-0.0022354 -0.0148828
-0.0006473 -0.0156858
-0.0003380 -0.0113018
0.0011702 -0.0154632
0.0030355 -0.0141285
0.0014246 -0.0102561
0.0047655 -0.0117354
0.0061883 -0.0083930
0.0029238 -0.0061088
0.0071093 -0.0043677
0.0074436 0.0000430
0.0035077 0.0000356
0.0071130 0.0044216
0.0061979 0.0084683
0.0028959 0.0061690
0.0047789 0.0117794
0.0030334 0.0141829
0.0013767 0.0102933
0.0011617 0.0154868
-0.0006556 0.0156968
-0.0003818 0.0113053
-0.0022206 0.0148840
-0.0034484 0.0132326
-0.0016928 0.0093771
-0.0041893 0.0109844
-0.0044371 0.0083885
-0.0021153 0.0057401
-0.0041366 0.0057904
-0.0033470 0.0034336
-0.0015026 0.0021705
-0.0021939 0.0015607
-0.0009058 0.0004136
-0.0002728 0.0002270
0.0000000 0.0000000
0.0000000 0.0000000
-0.0000007 -0.0000008
0.0000000 0.0000000
-0.0002039 -0.0003251
-0.0004013 -0.0008982
0.0000000 0.0000000
-0.0005225 -0.0017988
-0.0005889 -0.0028937
0.0000000 0.0000000
-0.0005557 -0.0039836
-0.0004747 -0.0050020
0.0000000 0.0000000
-0.0003143 -0.0057409
-0.0001136 -0.0061684
0.0000000 0.0000000
0.0001236 -0.0061426
0.0003682 -0.0056661
0.0000000 0.0000000
0.0005868 -0.0047362
0.0007822 -0.0033972
0.0000000 0.0000000
0.0008904 -0.0017876
0.0009473 0.0000189
0.0000000 0.0000000
0.0008910 0.0017759
0.0007817 0.0034313
0.0000000 0.0000000
0.0005894 0.0047364
0.0003638 0.0056899
0.0000000 0.0000000
0.0001214 0.0061565
-0.0001190 0.0061740
0.0000000 0.0000000
-0.0003117 0.0057648
-0.0004760 0.0049986
0.0000000 0.0000000
-0.0005537 0.0040157
-0.0005859 0.0028836
0.0000000 0.0000000
-0.0005213 0.0018330
-0.0004075 0.0008924
0.0000000 0.0000000
-0.0002290 0.0002790
-0.0000163 0.0000162
0.0000000 0.0000000
0.0000000 0.0000000
0.02822552
0.0268176
0.02324363
0.02198054
0.02394555
0.02824047
0.03302789
0.03621137
0.03638953
0.03346454
0.02875164
0.02432433
0.0221412
0.02309065
0.02649444
0.02825345
0.02967092
0.02821317
0.02617428
0.025042
0.0255639
0.0273922
0.02957392
0.03106794
0.03120273
0.02991696
0.02779129
0.02588245
0.02518111
0.0260674
0.02823638
0.02998097
0.03357189
0.03013598
0.02767535
0.02622696
0.02587175
0.02634458
0.02709915
0.02763888
0.02769676
0.0272688
0.02651528
0.02602063
0.02634517
0.02778191
0.03041357
0.03388064
0.03637153
0.0314863
0.02826116
0.0263165
0.02538898
0.02509306
0.02502701
0.02500504
0.02504283
0.02515573
0.02517726
0.02547914
0.0264074
0.02834322
0.03164326
0.03656609
0.03697182
0.03133145
0.02774339
0.02559721
0.02447981
0.02384211
0.02332226
0.02290404
0.02293632
0.02341341
0.02383134
0.02447498
0.02560834
0.0277353
0.03136994
0.03705911
0.03484102
0.02930798
0.02597287
0.02415181
0.02330308
0.02273556
0.02202851
0.02130298
0.02133613
0.02211248
0.02269562
0.02320646
0.02405392
0.02586225
0.02918602
0.03470155
0.02959494
0.02532605
0.02296613
0.02194812
0.02177954
0.02167637
0.02100065
0.01997835
0.02000503
0.02097722
0.02158345
0.0216276
0.02174685
0.02273114
0.02503967
0.02929202
0.02154901
0.01957907
0.01875641
0.01893058
0.01968872
0.02014519
0.01986584
0.01875225
0.01872105
0.0197977
0.02011668
0.01954156
0.0187551
0.01851109
0.01915126
0.02097642
0.01190588
0.01292607
0.01383775
0.01508652
0.01650226
0.01741549
0.01725471
0.0163262
0.01632775
0.01725301
0.017379
0.01647085
0.01499395
0.01365802
0.0125241
0.01144906
0.002843824
0.006510232
0.00888168
0.01079637
0.01244999
0.01344461
0.01316572
0.01240102
0.01238294
0.01323665
0.01343079
0.01249388
0.01081291
0.00879911
0.006199802
0.002418125
-0.004225205
0.001213159
0.004595884
0.006883317
0.008422821
0.009182681
0.009034591
0.008379339
0.00837596
0.009032627
0.009225706
0.008522778
0.006921904
0.004562631
0.001091775
-0.004363168
-0.008008873
-0.002084154
0.001595959
0.003868046
0.005118492
0.005450408
0.005221953
0.004692792
0.0046988
0.005262074
0.005581814
0.00520648
0.003949768
0.00165398
-0.002027713
-0.007954941
-0.008507371
-0.003142653
0.0002278292
0.002125058
0.002883568
0.00269716
0.002122162
0.001520319
0.00155018
0.002197336
0.002860153
0.002996035
0.002248639
0.0003228393
-0.002963445
-0.008304287
-0.006164887
-0.002262332
0.0004541308
0.001757195
0.00173878
0.000693095
-0.0006345373
-0.001610535
-0.001551751
-0.0005023506
0.0009084754
0.001921142
0.001922186
0.0005719225
-0.001947816
-0.005814413
-0.002042475
-2.83653e-05
0.002223628
0.002916213
0.001723229
-0.0008815255
-0.003701404
-0.005478488
-0.00532692
-0.003313537
-0.0004105034
0.002086651
0.003088794
0.00212935
1.517208e-05
-0.001685088
-4.2587e-05
0.001977361
0.005588663
0.006325833
0.00346068
-0.001954359
-0.007738617
-0.01137765
-0.01117969
-0.00722727
-0.001362933
0.003911712
0.006507948
0.005450411
0.001647384
0
