0.0000000 0.0000000
0.0000000 0.0000000
0.0000000 0.0000000
0.0000000 0.0000000
0.0000000 0.0000000
0.0000000 0.0000000
0.0000000 0.0000000
0.0000000 0.0000000
0.0000000 0.0000000
0.0000000 0.0000000
0.0000000 0.0000000
0.0000000 0.0000000
0.0000000 0.0000000
0.0000000 0.0000000
0.0000000 0.0000000
0.0000000 0.0000000
0.0000000 0.0000000
-0.0001792 0.0001794
-0.0003825 0.0007547
-0.0003923 0.0015008
-0.0002019 0.0020580
0.0001139 0.0021177
0.0004233 0.0015928
0.0006153 0.0005931
0.0006167 -0.0005907
0.0004259 -0.0015945
0.0001158 -0.0021169
-0.0001984 -0.0020623
-0.0003942 -0.0015053
-0.0003871 -0.0007536
-0.0001822 -0.0001830
0.0000000 0.0000000
0.0000000 0.0000000
-0.0007788 0.0004180
-0.0013560 0.0014478
-0.0013099 0.0026267
-0.0006275 0.0034403
0.0004546 0.0034653
0.0015022 0.0025752
0.0021480 0.0009572
0.0021486 -0.0009515
0.0015041 -0.0025789
0.0004474 -0.0034648
-0.0006206 -0.0034502
-0.0013150 -0.0026367
-0.0013594 -0.0014496
-0.0007745 -0.0004225
0.0000000 0.0000000
0.0000000 0.0000000
-0.0017024 0.0005598
-0.0027106 0.0018643
-0.0024967 0.0032824
-0.0011277 0.0042050
0.0009648 0.0041861
0.0029696 0.0030885
0.0042021 0.0011483
0.0042035 -0.0011448
0.0029824 -0.0030913
0.0009509 -0.0041871
-0.0011116 -0.0042156
-0.0025077 -0.0032891
-0.0027108 -0.0018654
-0.0017015 -0.0005622
0.0000000 0.0000000
0.0000000 0.0000000
-0.0027782 0.0005955
-0.0042252 0.0019589
-0.0037998 0.0034161
-0.0016301 0.0043352
0.0015610 0.0042917
0.0045943 0.0031555
0.0064550 0.0011760
0.0064564 -0.0011781
0.0045980 -0.0031560
0.0015411 -0.0042934
-0.0016101 -0.0043424
-0.0038003 -0.0034182
-0.0042261 -0.0019602
-0.0027773 -0.0005960
0.0000000 0.0000000
0.0000000 0.0000000
-0.0038204 0.0005310
-0.0056748 0.0017371
-0.0050168 0.0030150
-0.0020795 0.0038180
0.0021415 0.0037694
0.0061381 0.0027687
0.0085872 0.0010353
0.0085881 -0.0010450
0.0061405 -0.0027756
0.0021244 -0.0037704
-0.0020649 -0.0038190
-0.0050188 -0.0030170
-0.0056769 -0.0017379
-0.0038203 -0.0005302
0.0000000 0.0000000
0.0000000 0.0000000
-0.0046585 0.0003784
-0.0068329 0.0012307
-0.0059823 0.0021284
-0.0024199 0.0026984
0.0026084 0.0026582
0.0073688 0.0019535
0.0102865 0.0007327
0.0102859 -0.0007498
0.0073677 -0.0019671
0.0026068 -0.0026568
-0.0024218 -0.0026929
-0.0059855 -0.0021304
-0.0068356 -0.0012310
-0.0046591 -0.0003764
0.0000000 0.0000000
0.0000000 0.0000000
-0.0051507 0.0001596
-0.0075071 0.0005113
-0.0065428 0.0008773
-0.0026261 0.0011044
0.0028788 0.0010954
0.0080855 0.0008075
0.0112801 0.0003037
0.0112786 -0.0003248
0.0080801 -0.0008253
0.0028715 -0.0011070
-0.0026323 -0.0011105
-0.0065484 -0.0008791
-0.0075117 -0.0005116
-0.0051515 -0.0001576
0.0000000 0.0000000
0.0000000 0.0000000
-0.0052730 -0.0000975
-0.0075961 -0.0003222
-0.0065480 -0.0005541
-0.0026100 -0.0006934
0.0029581 -0.0006738
0.0082847 -0.0004940
0.0114588 -0.0001892
0.0114558 0.0001691
0.0082750 0.0004774
0.0029451 0.0006631
-0.0026204 0.0006881
-0.0065555 0.0005525
-0.0076012 0.0003216
-0.0052746 0.0000996
0.0000000 0.0000000
0.0000000 0.0000000
-0.0048665 -0.0003423
-0.0070429 -0.0011134
-0.0060976 -0.0019128
-0.0024527 -0.0024019
0.0027272 -0.0023443
0.0076967 -0.0017080
0.0106618 -0.0006194
0.0106571 0.0006068
0.0076840 0.0016986
0.0027110 0.0023387
-0.0024668 0.0023981
-0.0061062 0.0019114
-0.0070470 0.0011125
-0.0048691 0.0003439
0.0000000 0.0000000
0.0000000 0.0000000
-0.0040641 -0.0005283
-0.0059499 -0.0017169
-0.0052013 -0.0029555
-0.0021307 -0.0037206
0.0022938 -0.0036503
0.0065275 -0.0026568
0.0090695 -0.0009559
0.0090643 0.0009562
0.0065139 0.0026578
0.0022610 0.0036466
-0.0021256 0.0037143
-0.0052108 0.0029545
-0.0059543 0.0017162
-0.0040675 0.0005295
0.0000000 0.0000000
0.0000000 0.0000000
-0.0030019 -0.0006228
-0.0044971 -0.0020291
-0.0039995 -0.0035094
-0.0016884 -0.0044379
0.0017150 -0.0043672
0.0049625 -0.0031942
0.0069292 -0.0011492
0.0069245 0.0011627
0.0049505 0.0032060
0.0016723 0.0043813
-0.0016765 0.0044405
-0.0040082 0.0035095
-0.0045014 0.0020287
-0.0030058 0.0006231
0.0000000 0.0000000
0.0000000 0.0000000
-0.0018648 -0.0006055
-0.0029220 -0.0019904
-0.0026727 -0.0034827
-0.0011796 -0.0044463
0.0010849 -0.0044088
0.0032276 -0.0032446
0.0045712 -0.0011721
0.0045678 0.0011940
0.0032409 0.0032633
0.0010480 0.0044342
-0.0011710 0.0044549
-0.0026849 0.0034928
-0.0029255 0.0019908
-0.0018678 0.0006039
0.0000000 0.0000000
0.0000000 0.0000000
-0.0008601 -0.0004652
-0.0014806 -0.0015801
-0.0014145 -0.0028520
-0.0006633 -0.0037173
0.0005201 -0.0037417
0.0016525 -0.0027684
0.0023595 -0.0010105
0.0023582 0.0010328
0.0016562 0.0027964
0.0005005 0.0037671
-0.0006593 0.0037273
-0.0014195 0.0028638
-0.0014903 0.0015868
-0.0008657 0.0004610
0.0000000 0.0000000
0.0000000 0.0000000
-0.0002056 -0.0002067
-0.0004251 -0.0008362
-0.0004262 -0.0016526
-0.0002123 -0.0022511
0.0001359 -0.0023269
0.0004734 -0.0017415
0.0006816 -0.0006427
0.0006799 0.0006550
0.0004704 0.0017596
0.0001271 0.0023415
-0.0002146 0.0022584
-0.0004269 0.0016593
-0.0004228 0.0008426
-0.0002027 0.0002032
0.0000000 0.0000000
0.0000000 0.0000000
0.0000000 0.0000000
0.0000000 0.0000000
0.0000000 0.0000000
0.0000000 0.0000000
0.0000000 0.0000000
0.0000000 0.0000000
0.0000000 0.0000000
0.0000000 0.0000000
0.0000000 0.0000000
0.0000000 0.0000000
0.0000000 0.0000000
0.0000000 0.0000000
0.0000000 0.0000000
0.0000000 0.0000000
0.0000000 0.0000000
0.0000000 0.0000000
-0.0000030 0.0000030
0.0000000 0.0000000
-0.0000533 0.0000446
-0.0000452 0.0000546
-0.0000809 0.0001760
0.0000000 0.0000000
-0.0002977 0.0004272
-0.0001035 0.0003622
-0.0001156 0.0005693
0.0000000 0.0000000
-0.0004163 0.0011261
-0.0001078 0.0007905
-0.0000904 0.0009784
0.0000000 0.0000000
-0.0003207 0.0018211
-0.0000567 0.0011207
-0.0000175 0.0011894
0.0000000 0.0000000
-0.0000546 0.0021600
0.0000285 0.0011750
0.0000734 0.0010763
0.0000000 0.0000000
0.0002747 0.0019319
0.0001132 0.0008895
0.0001468 0.0006398
0.0000000 0.0000000
0.0005412 0.0011420
0.0001655 0.0003305
0.0001751 0.0000035
0.0000000 0.0000000
0.0006450 0.0000054
0.0001656 -0.0003323
0.0001476 -0.0006340
0.0000000 0.0000000
0.0005471 -0.0011329
0.0001135 -0.0008901
0.0000746 -0.0010734
0.0000000 0.0000000
0.0002838 -0.0019274
0.0000286 -0.0011735
-0.0000164 -0.0011896
0.0000000 0.0000000
-0.0000460 -0.0021606
-0.0000566 -0.0011170
-0.0000902 -0.0009808
0.0000000 0.0000000
-0.0003165 -0.0018258
-0.0001085 -0.0007852
-0.0001168 -0.0005729
0.0000000 0.0000000
-0.0004200 -0.0011325
-0.0001040 -0.0003562
-0.0000801 -0.0001776
0.0000000 0.0000000
-0.0003093 -0.0004272
-0.0000404 -0.0000639
0.0000000 0.0000001
0.0000000 0.0000000
-0.0000639 -0.0000409
0.0000000 0.0000000
0.0000000 0.0000000
-0.0001777 0.0000812
-0.0003699 0.0001115
-0.0004323 0.0003057
-0.0006606 0.0006716
-0.0011320 0.0008842
-0.0008147 0.0011289
-0.0008664 0.0016288
-0.0014222 0.0020514
-0.0008064 0.0021192
-0.0006455 0.0025333
-0.0010366 0.0031103
-0.0003951 0.0028255
-0.0000853 0.0029483
-0.0001120 0.0035694
0.0002578 0.0028796
0.0005971 0.0026114
0.0010041 0.0031369
0.0009023 0.0021517
0.0011446 0.0015357
0.0018976 0.0018368
0.0012984 0.0007984
0.0013534 0.0000057
0.0022389 0.0000051
0.0012983 -0.0007934
0.0011457 -0.0015262
0.0019015 -0.0018281
0.0009020 -0.0021480
0.0005983 -0.0026066
0.0010095 -0.0031324
0.0002567 -0.0028773
-0.0000846 -0.0029486
-0.0001070 -0.0035693
-0.0003956 -0.0028251
-0.0006452 -0.0025376
-0.0010334 -0.0031136
-0.0008063 -0.0021208
-0.0008655 -0.0016346
-0.0014215 -0.0020552
-0.0008119 -0.0011304
-0.0006593 -0.0006730
-0.0011322 -0.0008843
-0.0004290 -0.0003170
-0.0001775 -0.0000813
-0.0003665 -0.0001130
0.0000000 0.0000000
0.0000000 0.0000000
-0.0006076 0.0001363
-0.0008905 0.0001516
-0.0012099 0.0005030
-0.0016985 0.0010482
-0.0023387 0.0011602
-0.0019979 0.0016954
-0.0020636 0.0023774
-0.0027661 0.0025999
-0.0018828 0.0030192
-0.0014716 0.0035478
-0.0019362 0.0038410
-0.0008663 0.0039020
-0.0001242 0.0040310
-0.0001256 0.0043336
0.0006860 0.0039066
0.0014865 0.0035216
0.0020193 0.0037692
0.0022040 0.0028906
0.0027716 0.0020551
0.0037254 0.0021936
0.0031347 0.0010676
0.0032613 0.0000044
0.0043751 0.0000028
0.0031363 -0.0010626
0.0027757 -0.0020477
0.0037314 -0.0021887
0.0022081 -0.0028871
0.0014919 -0.0035179
0.0020276 -0.0037668
0.0006894 -0.0039046
-0.0001194 -0.0040308
-0.0001178 -0.0043337
-0.0008625 -0.0039021
-0.0014691 -0.0035503
-0.0019314 -0.0038430
-0.0018822 -0.0030210
-0.0020641 -0.0023804
-0.0027653 -0.0026022
-0.0019990 -0.0016974
-0.0017019 -0.0010493
-0.0023398 -0.0011614
-0.0012135 -0.0005096
-0.0006105 -0.0001384
-0.0008894 -0.0001529
0.0000000 0.0000000
0.0000000 0.0000000
-0.0011922 0.0001620
-0.0015080 0.0001627
-0.0022362 0.0005939
-0.0030197 0.0012212
-0.0037210 0.0012285
-0.0034576 0.0019554
-0.0035020 0.0027154
-0.0042498 0.0027214
-0.0031438 0.0034175
-0.0024125 0.0039854
-0.0028896 0.0039781
-0.0013719 0.0043544
-0.0001143 0.0044747
-0.0000964 0.0044517
0.0012466 0.0043183
0.0025858 0.0038793
0.0031620 0.0038504
0.0037827 0.0031766
0.0047272 0.0022530
0.0057392 0.0022324
0.0053320 0.0011688
0.0055414 0.0000014
0.0067178 -0.0000011
0.0053344 -0.0011681
0.0047331 -0.0022507
0.0057452 -0.0022342
0.0037890 -0.0031761
0.0025936 -0.0038786
0.0031704 -0.0038522
0.0012522 -0.0043183
-0.0001075 -0.0044753
-0.0000883 -0.0044534
-0.0013663 -0.0043550
-0.0024090 -0.0039869
-0.0028842 -0.0039795
-0.0031430 -0.0034185
-0.0035031 -0.0027171
-0.0042485 -0.0027228
-0.0034601 -0.0019567
-0.0030239 -0.0012224
-0.0037217 -0.0012297
-0.0022408 -0.0005959
-0.0011958 -0.0001628
-0.0015078 -0.0001630
0.0000000 0.0000000
0.0000000 0.0000000
-0.0018158 0.0001588
-0.0021109 0.0001456
-0.0033244 0.0005804
-0.0044062 0.0011871
-0.0050562 0.0010942
-0.0049719 0.0018939
-0.0049759 0.0026200
-0.0056600 0.0024115
-0.0044187 0.0032852
-0.0033474 0.0038182
-0.0037755 0.0035083
-0.0018557 0.0041590
-0.0000718 0.0042627
-0.0000454 0.0039109
0.0018464 0.0041050
0.0037275 0.0036809
0.0042603 0.0033734
0.0054046 0.0030099
0.0067260 0.0021312
0.0076516 0.0019508
0.0075716 0.0011037
0.0078632 -0.0000031
0.0089362 -0.0000060
0.0075741 -0.0011108
0.0067319 -0.0021368
0.0076564 -0.0019615
0.0054111 -0.0030153
0.0037355 -0.0036852
0.0042671 -0.0033810
0.0018524 -0.0041085
-0.0000649 -0.0042655
-0.0000391 -0.0039155
-0.0018501 -0.0041605
-0.0033442 -0.0038193
-0.0037716 -0.0035100
-0.0044182 -0.0032851
-0.0049775 -0.0026202
-0.0056597 -0.0024120
-0.0049752 -0.0018935
-0.0044108 -0.0011873
-0.0050575 -0.0010945
-0.0033295 -0.0005791
-0.0018201 -0.0001586
-0.0021112 -0.0001454
0.0000000 0.0000000
0.0000000 0.0000000
-0.0023735 0.0001289
-0.0025985 0.0001041
-0.0042940 0.0004705
-0.0056360 0.0009579
-0.0061290 0.0007776
-0.0063079 0.0015253
-0.0062682 0.0021051
-0.0067830 0.0017072
-0.0055284 0.0026346
-0.0041530 0.0030568
-0.0044707 0.0024765
-0.0022623 0.0033251
-0.0000172 0.0034036
0.0000090 0.0027561
0.0023872 0.0032746
0.0047392 0.0029333
0.0051456 0.0023742
0.0068326 0.0023965
0.0084800 0.0016943
0.0091803 0.0013696
0.0095336 0.0008751
0.0098958 -0.0000081
0.0107057 -0.0000106
0.0095351 -0.0008912
0.0084839 -0.0017091
0.0091817 -0.0013889
0.0068364 -0.0024094
0.0047443 -0.0029438
0.0051478 -0.0023878
0.0023907 -0.0032822
-0.0000131 -0.0034093
0.0000109 -0.0027632
-0.0022595 -0.0033278
-0.0041519 -0.0030582
-0.0044700 -0.0024789
-0.0055292 -0.0026338
-0.0062706 -0.0021042
-0.0067839 -0.0017071
-0.0063116 -0.0015228
-0.0056405 -0.0009568
-0.0061308 -0.0007771
-0.0042988 -0.0004662
-0.0023772 -0.0001280
-0.0025991 -0.0001033
0.0000000 0.0000000
0.0000000 0.0000000
-0.0027715 0.0000768
-0.0028869 0.0000439
-0.0049833 0.0002798
-0.0065069 0.0005651
-0.0067575 0.0003237
-0.0072501 0.0008979
-0.0071755 0.0012357
-0.0074349 0.0007053
-0.0063035 0.0015441
-0.0047112 0.0017889
-0.0048693 0.0010186
-0.0025380 0.0019446
0.0000321 0.0019895
0.0000493 0.0011333
0.0027780 0.0019139
0.0054602 0.0017134
0.0056703 0.0009767
0.0078448 0.0013988
0.0097201 0.0009863
0.0100781 0.0005599
0.0109186 0.0005064
0.0113297 -0.0000123
0.0117426 -0.0000132
0.0109183 -0.0005297
0.0097203 -0.0010085
0.0100754 -0.0005842
0.0078436 -0.0014177
0.0054594 -0.0017292
0.0056645 -0.0009942
0.0027761 -0.0019252
0.0000306 -0.0019978
0.0000440 -0.0011427
-0.0025400 -0.0019485
-0.0047136 -0.0017908
-0.0048733 -0.0010215
-0.0063064 -0.0015426
-0.0071791 -0.0012342
-0.0074391 -0.0007047
-0.0072540 -0.0008941
-0.0065106 -0.0005633
-0.0067604 -0.0003232
-0.0049869 -0.0002737
-0.0027739 -0.0000754
-0.0028871 -0.0000433
0.0000000 0.0000000
0.0000000 0.0000000
-0.0029389 0.0000103
-0.0029231 -0.0000251
-0.0052715 0.0000371
-0.0068670 0.0000674
-0.0068301 -0.0001960
-0.0076361 0.0001051
-0.0075441 0.0001405
-0.0075013 -0.0004365
-0.0066145 0.0001737
-0.0049322 0.0001991
-0.0049020 -0.0006362
-0.0026423 0.0002168
0.0000616 0.0002223
0.0000666 -0.0007050
0.0029481 0.0002155
0.0057656 0.0001926
0.0057435 -0.0006045
0.0082705 0.0001562
0.0102375 0.0001064
0.0101921 -0.0003538
0.0114942 0.0000495
0.0119244 -0.0000137
0.0118682 -0.0000126
0.0114921 -0.0000749
0.0102330 -0.0001310
0.0101844 0.0003311
0.0082632 -0.0001770
0.0057574 -0.0002102
0.0057299 0.0005883
0.0029382 -0.0002279
0.0000525 -0.0002314
0.0000535 0.0006965
-0.0026503 -0.0002210
-0.0049396 -0.0002012
-0.0049115 0.0006339
-0.0066209 -0.0001718
-0.0075495 -0.0001388
-0.0075080 0.0004374
-0.0076410 -0.0001009
-0.0068696 -0.0000657
-0.0068335 0.0001964
-0.0052729 -0.0000301
-0.0029393 -0.0000088
-0.0029235 0.0000261
0.0000000 0.0000000
0.0000000 0.0000000
-0.0028413 -0.0000595
-0.0026938 -0.0000914
-0.0050999 -0.0002173
-0.0066458 -0.0004521
-0.0063223 -0.0006905
-0.0073935 -0.0007208
-0.0073060 -0.0009980
-0.0069660 -0.0015203
-0.0064068 -0.0012491
-0.0047780 -0.0014491
-0.0045653 -0.0022051
-0.0025591 -0.0015733
0.0000623 -0.0016078
0.0000510 -0.0024473
0.0028619 -0.0015427
0.0055959 -0.0013810
0.0053368 -0.0021025
0.0080271 -0.0011281
0.0099339 -0.0008016
0.0094828 -0.0012165
0.0111522 -0.0004198
0.0115679 -0.0000113
0.0110431 -0.0000082
0.0111473 0.0003990
0.0099247 0.0007814
0.0094706 0.0012023
0.0080139 0.0011118
0.0055802 0.0013668
0.0053177 0.0020924
0.0028453 0.0015335
0.0000462 0.0016008
0.0000319 0.0024423
-0.0025728 0.0015707
-0.0047901 0.0014476
-0.0045795 0.0022040
-0.0064154 0.0012512
-0.0073126 0.0009995
-0.0069738 0.0015212
-0.0073972 0.0007247
-0.0066474 0.0004532
-0.0063257 0.0006904
-0.0051000 0.0002240
-0.0028404 0.0000609
-0.0026952 0.0000919
0.0000000 0.0000000
0.0000000 0.0000000
-0.0024922 -0.0001199
-0.0022373 -0.0001420
-0.0044916 -0.0004373
-0.0058740 -0.0008996
-0.0053169 -0.0010699
-0.0065549 -0.0014324
-0.0064947 -0.0019788
-0.0059115 -0.0023544
-0.0057102 -0.0024750
-0.0042712 -0.0028699
-0.0039085 -0.0034171
-0.0023014 -0.0031176
0.0000328 -0.0031872
0.0000088 -0.0037981
0.0025299 -0.0030611
0.0049712 -0.0027399
0.0045176 -0.0032666
0.0071433 -0.0022367
0.0088480 -0.0015840
0.0080615 -0.0018868
0.0099366 -0.0008218
0.0103075 -0.0000053
0.0093956 -0.0000007
0.0099299 0.0008125
0.0088355 0.0015748
0.0080479 0.0018857
0.0071262 0.0022299
0.0049506 0.0027335
0.0044953 0.0032657
0.0025084 0.0030576
0.0000119 0.0031845
-0.0000134 0.0037981
-0.0023185 0.0031174
-0.0042864 0.0028697
-0.0039247 0.0034175
-0.0057207 0.0024774
-0.0065024 0.0019799
-0.0059208 0.0023552
-0.0065582 0.0014353
-0.0058748 0.0009001
-0.0053207 0.0010699
-0.0044903 0.0004423
-0.0024901 0.0001208
-0.0022391 0.0001424
0.0000000 0.0000000
0.0000000 0.0000000
-0.0019490 -0.0001599
-0.0016304 -0.0001685
-0.0035480 -0.0005830
-0.0046789 -0.0011954
-0.0039815 -0.0012674
-0.0052578 -0.0019041
-0.0052409 -0.0026311
-0.0045074 -0.0027966
-0.0046344 -0.0032941
-0.0034900 -0.0038233
-0.0030309 -0.0040736
-0.0019071 -0.0041579
-0.0000196 -0.0042552
-0.0000482 -0.0045433
0.0020062 -0.0040911
0.0039909 -0.0036636
0.0034170 -0.0039168
0.0057589 -0.0029918
0.0071486 -0.0021164
0.0061510 -0.0022628
0.0080359 -0.0010940
0.0083382 0.0000026
0.0071812 0.0000071
0.0080291 0.0010994
0.0071359 0.0021213
0.0061384 0.0022755
0.0057418 0.0029964
0.0039697 0.0036673
0.0033961 0.0039260
0.0019838 0.0040949
-0.0000412 0.0042581
-0.0000693 0.0045490
-0.0019238 0.0041610
-0.0035055 0.0038250
-0.0030461 0.0040764
-0.0046448 0.0032966
-0.0052484 0.0026320
-0.0045164 0.0027975
-0.0052603 0.0019059
-0.0046791 0.0011954
-0.0039851 0.0012673
-0.0035459 0.0005857
-0.0019463 0.0001603
-0.0016326 0.0001684
0.0000000 0.0000000
0.0000000 0.0000000
-0.0013056 -0.0001719
-0.0009799 -0.0001641
-0.0024304 -0.0006272
-0.0032607 -0.0012847
-0.0025418 -0.0012404
-0.0037136 -0.0020520
-0.0037428 -0.0028436
-0.0029738 -0.0027662
-0.0033433 -0.0035713
-0.0025475 -0.0041573
-0.0020551 -0.0040694
-0.0014259 -0.0045337
-0.0000748 -0.0046510
-0.0000938 -0.0045740
0.0013830 -0.0044805
0.0028161 -0.0040181
0.0022162 -0.0039632
0.0040947 -0.0032849
0.0051028 -0.0023236
0.0040486 -0.0022947
0.0057462 -0.0011993
0.0059658 0.0000096
0.0047407 0.0000124
0.0057407 0.0012171
0.0050925 0.0023411
0.0040392 0.0023170
0.0040813 0.0032995
0.0027984 0.0040312
0.0021999 0.0039798
0.0013642 0.0044911
-0.0000930 0.0046589
-0.0001109 0.0045834
-0.0014394 0.0045398
-0.0025605 0.0041610
-0.0020673 0.0040736
-0.0033520 0.0035743
-0.0037493 0.0028444
-0.0029807 0.0027671
-0.0037156 0.0020527
-0.0032603 0.0012844
-0.0025436 0.0012406
-0.0024278 0.0006265
-0.0013031 0.0001712
-0.0009825 0.0001630
0.0000000 0.0000000
0.0000000 0.0000000
-0.0006792 -0.0001510
-0.0004119 -0.0001248
-0.0013374 -0.0005533
-0.0018614 -0.0011364
-0.0012462 -0.0009690
-0.0021738 -0.0018330
-0.0022326 -0.0025640
-0.0015454 -0.0022383
-0.0020260 -0.0032472
-0.0015717 -0.0038083
-0.0011112 -0.0033757
-0.0009113 -0.0041788
-0.0001041 -0.0043094
-0.0000991 -0.0038568
0.0007732 -0.0041684
0.0016399 -0.0037496
0.0011151 -0.0033745
0.0024143 -0.0030727
0.0030278 -0.0021756
0.0020836 -0.0019631
0.0034184 -0.0011232
0.0035529 0.0000133
0.0024503 0.0000139
0.0034152 0.0011461
0.0030214 0.0021997
0.0020780 0.0019882
0.0024065 0.0030920
0.0016284 0.0037678
0.0011050 0.0033931
0.0007612 0.0041823
-0.0001161 0.0043196
-0.0001093 0.0038663
-0.0009196 0.0041864
-0.0015803 0.0038124
-0.0011182 0.0033786
-0.0020318 0.0032505
-0.0022372 0.0025642
-0.0015497 0.0022376
-0.0021755 0.0018333
-0.0018603 0.0011366
-0.0012477 0.0009704
-0.0013345 0.0005474
-0.0006767 0.0001489
-0.0004163 0.0001233
0.0000000 0.0000000
0.0000000 0.0000000
-0.0002027 -0.0000913
-0.0000744 -0.0000469
-0.0004804 -0.0003530
-0.0007299 -0.0007458
-0.0003441 -0.0004788
-0.0008922 -0.0012471
-0.0009449 -0.0017971
-0.0004601 -0.0012551
-0.0008758 -0.0023252
-0.0006965 -0.0027753
-0.0003428 -0.0020104
-0.0004228 -0.0030838
-0.0000821 -0.0032130
-0.0000457 -0.0023697
0.0002909 -0.0031313
0.0006628 -0.0028321
0.0003151 -0.0021081
0.0009941 -0.0023308
0.0012597 -0.0016534
0.0006030 -0.0012356
0.0014265 -0.0008556
0.0014864 0.0000129
0.0007102 0.0000110
0.0014260 0.0008746
0.0012578 0.0016767
0.0005961 0.0012553
0.0009930 0.0023473
0.0006593 0.0028491
0.0003038 0.0021216
0.0002885 0.0031433
-0.0000859 0.0032213
-0.0000567 0.0023752
-0.0004239 0.0030906
-0.0006995 0.0027762
-0.0003487 0.0020091
-0.0008779 0.0023275
-0.0009482 0.0017935
-0.0004572 0.0012500
-0.0008963 0.0012474
-0.0007322 0.0007451
-0.0003318 0.0004793
-0.0004842 0.0003409
-0.0002028 0.0000911
-0.0000630 0.0000508
0.0000000 0.0000000
0.0000000 0.0000000
-0.0000012 -0.0000011
0.0000000 0.0000000
-0.0000463 -0.0000745
-0.0000896 -0.0002025
0.0000000 0.0000000
-0.0001151 -0.0004007
-0.0001283 -0.0006397
0.0000000 0.0000000
-0.0001184 -0.0008723
-0.0000980 -0.0010855
0.0000000 0.0000000
-0.0000610 -0.0012331
-0.0000168 -0.0013105
0.0000000 0.0000000
0.0000326 -0.0012913
0.0000829 -0.0011792
0.0000000 0.0000000
0.0001255 -0.0009769
0.0001629 -0.0006948
0.0000000 0.0000000
0.0001827 -0.0003627
0.0001931 0.0000066
0.0000000 0.0000000
0.0001825 0.0003662
0.0001620 0.0007065
0.0000000 0.0000000
0.0001250 0.0009811
0.0000812 0.0011872
0.0000000 0.0000000
0.0000319 0.0012965
-0.0000184 0.0013137
0.0000000 0.0000000
-0.0000613 0.0012394
-0.0000986 0.0010849
0.0000000 0.0000000
-0.0001180 0.0008793
-0.0001273 0.0006365
0.0000000 0.0000000
-0.0001147 0.0004079
-0.0000905 0.0002009
0.0000000 0.0000000
-0.0000514 0.0000642
-0.0000044 0.0000044
0.0000000 0.0000000
0.0000000 0.0000000
0.005482527
0.005157848
0.004404515
0.004202887
0.004723719
0.005724616
0.006785279
0.007469796
0.007504391
0.006875355
0.005837116
0.004815584
0.004244074
0.004373481
0.005089929
0.00549013
0.005814038
0.005480098
0.005063737
0.004871856
0.005053132
0.005508885
0.006022747
0.006366238
0.006392986
0.006093127
0.005596503
0.005126992
0.004906919
0.005042772
0.005486972
0.005884607
0.006628159
0.005873025
0.005379312
0.005117944
0.005101818
0.005263986
0.005482855
0.005636126
0.005647724
0.005514771
0.005303091
0.005137046
0.005144946
0.005401196
0.005931717
0.006694712
0.007110202
0.006097041
0.005465484
0.00510643
0.004960397
0.004956681
0.005015204
0.005067059
0.005074024
0.005034576
0.004979938
0.004982619
0.005124826
0.005481689
0.006122908
0.007140254
0.007048701
0.005969749
0.00529014
0.004887734
0.0046801
0.00459387
0.004570662
0.004568222
0.004571689
0.004579718
0.00460401
0.004688728
0.004893662
0.005293045
0.005969391
0.007049332
0.006431483
0.005462943
0.004849622
0.004482156
0.004277885
0.004169106
0.004114408
0.004087763
0.004089289
0.00411801
0.004172415
0.004276121
0.0044751
0.004835777
0.005436074
0.006397957
0.005307699
0.004615104
0.004176709
0.003916808
0.003769164
0.003682418
0.003628319
0.003595902
0.003596312
0.003627626
0.003679357
0.003760244
0.00389906
0.004147798
0.004565613
0.005249249
0.003811573
0.003516039
0.003333011
0.003236011
0.003182136
0.003145249
0.003114161
0.003087135
0.003086149
0.003110932
0.003139685
0.003170521
0.003214051
0.003297739
0.003452015
0.003732049
0.002141578
0.002306161
0.002412929
0.00249615
0.002548488
0.002569007
0.002565116
0.002551006
0.002550494
0.002563591
0.00256477
0.002538153
0.002475518
0.002378771
0.002241666
0.002064432
0.0005486724
0.001147971
0.001524085
0.001768771
0.001914721
0.001983042
0.001998365
0.001993957
0.001993905
0.001999689
0.001981861
0.001909176
0.001754515
0.001498264
0.001093433
0.0004799132
-0.0007446473
0.000191647
0.000773977
0.00113363
0.001334994
0.001425121
0.001444561
0.00143814
0.001439756
0.001448402
0.001427974
0.001337495
0.001128865
0.0007597263
0.000158377
-0.0007862259
-0.001539339
-0.0004313527
0.0002499411
0.0006512434
0.0008519449
0.0009163332
0.0009070808
0.0008836283
0.0008872028
0.0009173722
0.0009285698
0.0008639295
0.0006596187
0.0002534593
-0.0004363955
-0.001547541
-0.001731509
-0.0006482637
1.438965e-05
0.0003727895
0.000502292
0.0004752095
0.0003855748
0.0003159433
0.0003234952
0.0004063532
0.0005031309
0.0005280166
0.0003944816
3.118833e-05
-0.0006238117
-0.001705569
-0.001311551
-0.000477454
8.06131e-05
0.0003334308
0.0003146306
0.0001046742
-0.0001510313
-0.0003177423
-0.0003045271
-0.0001169686
0.0001501664
0.0003558701
0.0003663275
0.0001048807
-0.0004141019
-0.00124091
-0.0004498097
-7.241998e-06
0.0004638623
0.0005867491
0.0003169247
-0.0002242622
-0.0007893854
-0.001132202
-0.001102065
-0.0007100068
-0.0001240892
0.0004020264
0.0006299614
0.0004446571
2.631255e-06
-0.0003710145
-1.022114e-05
0.0004344573
0.001201381
0.00131085
0.0006520983
-0.0004929626
-0.001651608
-0.002353362
-0.002314325
-0.00154839
-0.0003639966
0.0007597865
0.001362203
0.001173217
0.0003642597
0
