0.0000000 0.0000000
0.0000000 0.0000000
0.0000000 0.0000000
0.0000000 0.0000000
0.0000000 0.0000000
0.0000000 0.0000000
0.0000000 0.0000000
0.0000000 0.0000000
0.0000000 0.0000000
0.0000000 0.0000000
0.0000000 0.0000000
0.0000000 0.0000000
0.0000000 0.0000000
0.0000000 0.0000000
0.0000000 0.0000000
0.0000000 0.0000000
0.0000000 0.0000000
-0.0004207 0.0004210
-0.0009309 0.0018119
-0.0009851 0.0036612
-0.0005403 0.0050942
0.0002579 0.0052685
0.0010424 0.0039945
0.0015414 0.0014976
0.0015473 -0.0014905
0.0010506 -0.0040123
0.0002598 -0.0052690
-0.0005256 -0.0051269
-0.0009946 -0.0036905
-0.0009468 -0.0018151
-0.0004284 -0.0004301
0.0000000 0.0000000
0.0000000 0.0000000
-0.0018775 0.0010229
-0.0033463 0.0035889
-0.0033270 0.0065879
-0.0017125 0.0087467
0.0010576 0.0088845
0.0037482 0.0066602
0.0054494 0.0025048
0.0054545 -0.0024879
0.0037607 -0.0067030
0.0010130 -0.0088882
-0.0016704 -0.0088170
-0.0033613 -0.0066490
-0.0033736 -0.0036016
-0.0018666 -0.0010345
0.0000000 0.0000000
0.0000000 0.0000000
-0.0041953 0.0014232
-0.0068593 0.0048046
-0.0064649 0.0085673
-0.0031721 0.0111365
0.0022928 0.0112322
0.0075532 0.0083844
0.0108806 0.0031825
0.0108895 -0.0031663
0.0076268 -0.0084257
0.0021853 -0.0112410
-0.0030797 -0.0112198
-0.0065448 -0.0086180
-0.0068580 -0.0048095
-0.0041930 -0.0014304
0.0000000 0.0000000
0.0000000 0.0000000
-0.0069988 0.0015805
-0.0109231 0.0052663
-0.0101658 0.0093494
-0.0047490 0.0120624
0.0037784 0.0121657
0.0119556 0.0090910
0.0171435 0.0034992
0.0171541 -0.0034922
0.0119789 -0.0090764
0.0036072 -0.0121689
-0.0046256 -0.0121215
-0.0101676 -0.0093608
-0.0109257 -0.0052717
-0.0069981 -0.0015830
0.0000000 0.0000000
0.0000000 0.0000000
-0.0098276 0.0014732
-0.0149795 0.0048721
-0.0137551 0.0086195
-0.0062600 0.0111788
0.0052574 0.0113059
0.0163425 0.0084879
0.0234133 0.0033225
0.0234227 -0.0033350
0.0163637 -0.0084859
0.0050798 -0.0112844
-0.0061609 -0.0111720
-0.0137629 -0.0086269
-0.0149874 -0.0048734
-0.0098289 -0.0014710
0.0000000 0.0000000
0.0000000 0.0000000
-0.0121915 0.0010943
-0.0183454 0.0035844
-0.0167384 0.0063173
-0.0074596 0.0082866
0.0064600 0.0083928
0.0199984 0.0063508
0.0286946 0.0025346
0.0286980 -0.0025735
0.0200068 -0.0063712
0.0063891 -0.0083294
-0.0074652 -0.0081964
-0.0167457 -0.0063172
-0.0183523 -0.0035800
-0.0121927 -0.0010867
0.0000000 0.0000000
0.0000000 0.0000000
-0.0136256 0.0004864
-0.0203588 0.0015534
-0.0185357 0.0027031
-0.0082879 0.0035040
0.0071364 0.0036553
0.0221956 0.0028192
0.0319397 0.0011650
0.0319401 -0.0012251
0.0221825 -0.0028631
0.0071181 -0.0036713
-0.0082970 -0.0035065
-0.0185460 -0.0026958
-0.0203689 -0.0015479
-0.0136220 -0.0004792
0.0000000 0.0000000
0.0000000 0.0000000
-0.0142871 -0.0002910
-0.0207475 -0.0009619
-0.0183793 -0.0016569
-0.0080843 -0.0020706
0.0075395 -0.0019808
0.0234541 -0.0014563
0.0329593 -0.0005755
0.0329522 0.0005078
0.0234216 0.0014064
0.0074966 0.0019601
-0.0081039 0.0020676
-0.0183872 0.0016624
-0.0207511 0.0009647
-0.0142813 0.0002980
0.0000000 0.0000000
0.0000000 0.0000000
-0.0130828 -0.0010206
-0.0190951 -0.0033108
-0.0169998 -0.0057313
-0.0075557 -0.0072993
0.0068735 -0.0072757
0.0216336 -0.0052733
0.0304739 -0.0018694
0.0304580 0.0018225
0.0215920 0.0052454
0.0068206 0.0071646
-0.0075874 0.0072857
-0.0170029 0.0057254
-0.0190861 0.0033069
-0.0130797 0.0010238
0.0000000 0.0000000
0.0000000 0.0000000
-0.0107551 -0.0015213
-0.0158888 -0.0049399
-0.0142722 -0.0085789
-0.0064295 -0.0109725
0.0058570 -0.0109179
0.0180622 -0.0080186
0.0255117 -0.0028085
0.0254949 0.0028084
0.0180176 0.0080245
0.0056065 0.0109023
-0.0063164 0.0109221
-0.0142806 0.0085620
-0.0158828 0.0049319
-0.0107549 0.0015230
0.0000000 0.0000000
0.0000000 0.0000000
-0.0077824 -0.0017141
-0.0117769 -0.0055924
-0.0107452 -0.0097605
-0.0049429 -0.0125309
0.0043803 -0.0124982
0.0134441 -0.0092576
0.0190617 -0.0032565
0.0190459 0.0032989
0.0134046 0.0092936
0.0040797 0.0125787
-0.0047930 0.0125302
-0.0107560 0.0097415
-0.0117762 0.0055835
-0.0077864 0.0017132
0.0000000 0.0000000
0.0000000 0.0000000
-0.0047309 -0.0015915
-0.0074995 -0.0052513
-0.0070246 -0.0092696
-0.0033395 -0.0119921
0.0027533 -0.0120475
0.0084574 -0.0089688
0.0122843 -0.0031998
0.0122726 0.0032597
0.0085837 0.0090355
0.0025148 0.0121734
-0.0032372 0.0120194
-0.0070768 0.0093276
-0.0075032 0.0052451
-0.0047357 0.0015860
0.0000000 0.0000000
0.0000000 0.0000000
-0.0021389 -0.0011756
-0.0037351 -0.0040177
-0.0036490 -0.0073146
-0.0018231 -0.0096437
0.0013049 -0.0098418
0.0042724 -0.0073318
0.0062194 -0.0026764
0.0062145 0.0027295
0.0043070 0.0074437
0.0011805 0.0099525
-0.0017816 0.0096767
-0.0036669 0.0073778
-0.0037797 0.0040513
-0.0021520 0.0011642
0.0000000 0.0000000
0.0000000 0.0000000
-0.0005022 -0.0005055
-0.0010601 -0.0020694
-0.0010866 -0.0041320
-0.0005723 -0.0056915
0.0003361 -0.0059866
0.0012173 -0.0045038
0.0017774 -0.0016744
0.0017713 0.0017006
0.0012106 0.0045748
0.0002939 0.0060420
-0.0005744 0.0057129
-0.0010892 0.0041615
-0.0010568 0.0020926
-0.0004959 0.0004977
0.0000000 0.0000000
0.0000000 0.0000000
0.0000000 0.0000000
0.0000000 0.0000000
0.0000000 0.0000000
0.0000000 0.0000000
0.0000000 0.0000000
0.0000000 0.0000000
0.0000000 0.0000000
0.0000000 0.0000000
0.0000000 0.0000000
0.0000000 0.0000000
0.0000000 0.0000000
0.0000000 0.0000000
0.0000000 0.0000000
0.0000000 0.0000000
0.0000000 0.0000000
0.0000000 0.0000000
-0.0000041 0.0000041
0.0000000 0.0000000
-0.0001172 0.0001034
-0.0001053 0.0001207
-0.0001928 0.0004078
0.0000000 0.0000000
-0.0007142 0.0010164
-0.0002509 0.0008566
-0.0002841 0.0013630
0.0000000 0.0000000
-0.0010275 0.0027295
-0.0002688 0.0019110
-0.0002294 0.0023835
0.0000000 0.0000000
-0.0008169 0.0044760
-0.0001482 0.0027499
-0.0000519 0.0029355
0.0000000 0.0000000
-0.0001672 0.0053722
0.0000633 0.0029154
0.0001768 0.0026822
0.0000000 0.0000000
0.0006639 0.0048504
0.0002787 0.0022249
0.0003654 0.0016045
0.0000000 0.0000000
0.0013511 0.0028854
0.0004140 0.0008300
0.0004390 0.0000087
0.0000000 0.0000000
0.0016220 0.0000138
0.0004142 -0.0008354
0.0003676 -0.0015910
0.0000000 0.0000000
0.0013669 -0.0028632
0.0002793 -0.0022275
0.0001794 -0.0026774
0.0000000 0.0000000
0.0006870 -0.0048418
0.0000629 -0.0029127
-0.0000499 -0.0029383
0.0000000 0.0000000
-0.0001470 -0.0053771
-0.0001482 -0.0027413
-0.0002294 -0.0023905
0.0000000 0.0000000
-0.0008083 -0.0044899
-0.0002706 -0.0018980
-0.0002872 -0.0013717
0.0000000 0.0000000
-0.0010381 -0.0027456
-0.0002518 -0.0008423
-0.0001903 -0.0004112
0.0000000 0.0000000
-0.0007428 -0.0010161
-0.0000928 -0.0001433
0.0000038 0.0000040
0.0000000 0.0000000
-0.0001430 -0.0000940
0.0000000 0.0000000
0.0000000 0.0000000
-0.0004117 0.0001932
-0.0008760 0.0002715
-0.0010307 0.0007342
-0.0016001 0.0016269
-0.0027674 0.0021803
-0.0019993 0.0027547
-0.0021529 0.0040025
-0.0035622 0.0051224
-0.0020328 0.0052406
-0.0016569 0.0063042
-0.0026858 0.0078640
-0.0010508 0.0070741
-0.0002810 0.0074227
-0.0003984 0.0091350
0.0005845 0.0072871
0.0014520 0.0066382
0.0024587 0.0081116
0.0022405 0.0054908
0.0028726 0.0039299
0.0047977 0.0047847
0.0032763 0.0020475
0.0034217 0.0000154
0.0057035 0.0000145
0.0032768 -0.0020338
0.0028772 -0.0039057
0.0048111 -0.0047609
0.0022412 -0.0054827
0.0014551 -0.0066302
0.0024734 -0.0081034
0.0005805 -0.0072835
-0.0002813 -0.0074280
-0.0003873 -0.0091389
-0.0010521 -0.0070764
-0.0016582 -0.0063182
-0.0026801 -0.0078764
-0.0020333 -0.0052468
-0.0021519 -0.0040177
-0.0035629 -0.0051337
-0.0019923 -0.0027594
-0.0015962 -0.0016302
-0.0027684 -0.0021808
-0.0010212 -0.0007621
-0.0004106 -0.0001931
-0.0008686 -0.0002753
0.0000000 0.0000000
0.0000000 0.0000000
-0.0014635 0.0003385
-0.0021765 0.0003854
-0.0029542 0.0012562
-0.0041953 0.0026340
-0.0058413 0.0029767
-0.0049918 0.0042853
-0.0052189 0.0060471
-0.0070723 0.0067511
-0.0048330 0.0077278
-0.0038558 0.0091426
-0.0051395 0.0101147
-0.0023677 0.0101225
-0.0004943 0.0105255
-0.0005773 0.0115803
0.0015853 0.0102631
0.0036704 0.0093021
0.0050344 0.0102036
0.0055614 0.0076715
0.0070735 0.0054738
0.0096137 0.0059949
0.0080475 0.0028524
0.0083899 0.0000150
0.0113852 0.0000118
0.0080541 -0.0028335
0.0070899 -0.0054501
0.0096379 -0.0059750
0.0055776 -0.0076612
0.0036875 -0.0092951
0.0050611 -0.0101980
0.0015931 -0.0102592
-0.0004839 -0.0105293
-0.0005578 -0.0115829
-0.0023568 -0.0101269
-0.0038534 -0.0091533
-0.0051309 -0.0101243
-0.0048346 -0.0077364
-0.0052240 -0.0060569
-0.0070745 -0.0067600
-0.0049952 -0.0042923
-0.0042046 -0.0026374
-0.0058448 -0.0029808
-0.0029621 -0.0012744
-0.0014701 -0.0003438
-0.0021745 -0.0003887
0.0000000 0.0000000
0.0000000 0.0000000
-0.0029546 0.0004215
-0.0037891 0.0004340
-0.0055942 0.0015496
-0.0076286 0.0032043
-0.0095125 0.0032991
-0.0088320 0.0051578
-0.0090591 0.0072109
-0.0111306 0.0073967
-0.0082675 0.0091403
-0.0064952 0.0107453
-0.0078974 0.0109917
-0.0038855 0.0118353
-0.0006422 0.0122624
-0.0007016 0.0125255
0.0029348 0.0119262
0.0065151 0.0107893
0.0080566 0.0110160
0.0097585 0.0088888
0.0123508 0.0063349
0.0151926 0.0064658
0.0140233 0.0033013
0.0146078 0.0000115
0.0179522 0.0000041
0.0140350 -0.0032869
0.0123780 -0.0063164
0.0152223 -0.0064571
0.0097872 -0.0088797
0.0065438 -0.0107843
0.0080891 -0.0110142
0.0029510 -0.0119237
-0.0006243 -0.0122649
-0.0006775 -0.0125278
-0.0038674 -0.0118390
-0.0064907 -0.0107516
-0.0078844 -0.0109962
-0.0082692 -0.0091461
-0.0090680 -0.0072172
-0.0111306 -0.0074022
-0.0088397 -0.0051637
-0.0076422 -0.0032079
-0.0095164 -0.0033030
-0.0056067 -0.0015581
-0.0029644 -0.0004236
-0.0037895 -0.0004348
0.0000000 0.0000000
0.0000000 0.0000000
-0.0046225 0.0004346
-0.0054416 0.0004080
-0.0085217 0.0015887
-0.0113948 0.0032643
-0.0132216 0.0030770
-0.0129995 0.0052320
-0.0131883 0.0072899
-0.0151770 0.0068608
-0.0119280 0.0092149
-0.0092818 0.0108124
-0.0106182 0.0101715
-0.0054600 0.0118940
-0.0007500 0.0123156
-0.0007957 0.0115928
0.0044277 0.0119771
0.0096057 0.0108364
0.0111023 0.0102108
0.0142960 0.0089298
0.0180460 0.0063628
0.0207995 0.0059967
0.0204673 0.0033155
0.0213110 0.0000019
0.0245493 -0.0000101
0.0204822 -0.0033188
0.0180796 -0.0063592
0.0208294 -0.0060127
0.0143316 -0.0089304
0.0096422 -0.0108373
0.0111350 -0.0102192
0.0044496 -0.0119778
-0.0007275 -0.0123174
-0.0007724 -0.0115957
-0.0054386 -0.0118940
-0.0092761 -0.0108118
-0.0106059 -0.0101701
-0.0119287 -0.0092136
-0.0131985 -0.0072891
-0.0151788 -0.0068604
-0.0130102 -0.0052319
-0.0114109 -0.0032639
-0.0132277 -0.0030771
-0.0085374 -0.0015883
-0.0046351 -0.0004343
-0.0054429 -0.0004077
0.0000000 0.0000000
0.0000000 0.0000000
-0.0061880 0.0003705
-0.0068415 0.0003053
-0.0112506 0.0013485
-0.0148863 0.0027534
-0.0163291 0.0022782
-0.0168435 0.0044001
-0.0169816 0.0061169
-0.0185422 0.0050525
-0.0152787 0.0077224
-0.0118250 0.0090597
-0.0128668 0.0074850
-0.0068851 0.0099715
-0.0008266 0.0103348
-0.0008481 0.0085562
0.0058269 0.0100641
0.0124816 0.0091164
0.0136841 0.0075642
0.0185132 0.0075201
0.0233386 0.0053582
0.0255446 0.0044472
0.0264560 0.0027897
0.0275386 -0.0000144
0.0301297 -0.0000279
0.0264687 -0.0028227
0.0233687 -0.0053824
0.0255620 -0.0044959
0.0185434 -0.0075417
0.0125138 -0.0091292
0.0137042 -0.0075872
0.0058458 -0.0100699
-0.0008081 -0.0103355
-0.0008348 -0.0085578
-0.0068689 -0.0099659
-0.0118208 -0.0090518
-0.0128577 -0.0074778
-0.0152798 -0.0077130
-0.0169912 -0.0061070
-0.0185412 -0.0050446
-0.0168545 -0.0043898
-0.0149008 -0.0027459
-0.0163336 -0.0022728
-0.0112656 -0.0013369
-0.0061981 -0.0003671
-0.0068425 -0.0003021
0.0000000 0.0000000
0.0000000 0.0000000
-0.0073564 0.0002304
-0.0077052 0.0001351
-0.0132713 0.0008356
-0.0174558 0.0016878
-0.0182110 0.0009883
-0.0196579 0.0026868
-0.0197486 0.0037228
-0.0205573 0.0021654
-0.0177152 0.0046931
-0.0136663 0.0055063
-0.0142032 0.0031988
-0.0079047 0.0060695
-0.0008537 0.0063068
-0.0008503 0.0036879
0.0068911 0.0061615
0.0146403 0.0055960
0.0152985 0.0033005
0.0216689 0.0046247
0.0272951 0.0032925
0.0284868 0.0019430
0.0309308 0.0017087
0.0321895 -0.0000332
0.0335852 -0.0000415
0.0309360 -0.0017736
0.0273105 -0.0033488
0.0284854 -0.0020170
0.0216782 -0.0046697
0.0146519 -0.0056250
0.0152836 -0.0033401
0.0068941 -0.0061766
-0.0008489 -0.0063109
-0.0008578 -0.0036971
-0.0078998 -0.0060623
-0.0136661 -0.0054939
-0.0142030 -0.0031902
-0.0177156 -0.0046762
-0.0197547 -0.0037064
-0.0205631 -0.0021523
-0.0196650 -0.0026694
-0.0174631 -0.0016773
-0.0182155 -0.0009830
-0.0132798 -0.0008164
-0.0073612 -0.0002261
-0.0077011 -0.0001334
0.0000000 0.0000000
0.0000000 0.0000000
-0.0078729 0.0000365
-0.0078367 -0.0000693
-0.0141574 0.0001280
-0.0185594 0.0002298
-0.0184638 -0.0005565
-0.0208491 0.0003531
-0.0209052 0.0004737
-0.0207782 -0.0012682
-0.0187144 0.0005901
-0.0144114 0.0006943
-0.0143068 -0.0018773
-0.0082955 0.0007801
-0.0008190 0.0008360
-0.0007754 -0.0020880
0.0074005 0.0008475
0.0156264 0.0007908
0.0156114 -0.0017806
0.0231015 0.0006646
0.0290663 0.0004675
0.0289905 -0.0010426
0.0329235 0.0002313
0.0342538 -0.0000453
0.0341385 -0.0000438
0.0329208 -0.0003123
0.0290587 -0.0005441
0.0289618 0.0009672
0.0230799 -0.0007248
0.0156062 -0.0008332
0.0155603 0.0017384
0.0073708 -0.0008698
-0.0008403 -0.0008447
-0.0008106 0.0020781
-0.0083077 -0.0007742
-0.0144223 -0.0006827
-0.0143193 0.0018861
-0.0187219 -0.0005702
-0.0209100 -0.0004573
-0.0207847 0.0012807
-0.0208555 -0.0003343
-0.0185562 -0.0002211
-0.0184643 0.0005604
-0.0141528 -0.0001056
-0.0078677 -0.0000317
-0.0078327 0.0000726
0.0000000 0.0000000
0.0000000 0.0000000
-0.0076034 -0.0001716
-0.0071772 -0.0002639
-0.0136797 -0.0006277
-0.0179290 -0.0013152
-0.0169827 -0.0020056
-0.0201414 -0.0021128
-0.0201848 -0.0029486
-0.0191493 -0.0044759
-0.0180572 -0.0037240
-0.0138909 -0.0043568
-0.0131835 -0.0066082
-0.0079676 -0.0047708
-0.0007317 -0.0049100
-0.0006805 -0.0074690
0.0072274 -0.0047410
0.0151978 -0.0042669
0.0144593 -0.0065137
0.0224452 -0.0034992
0.0282058 -0.0024981
0.0268195 -0.0038047
0.0319344 -0.0013113
0.0332101 -0.0000416
0.0315618 -0.0000295
0.0319154 0.0012375
0.0281742 0.0024275
0.0267699 0.0037582
0.0223954 0.0034483
0.0151424 0.0042251
0.0143880 0.0064821
0.0071700 0.0047202
-0.0007793 0.0048990
-0.0007395 0.0074577
-0.0079980 0.0047750
-0.0139127 0.0043625
-0.0132084 0.0066104
-0.0180631 0.0037384
-0.0201858 0.0029578
-0.0191505 0.0044817
-0.0201344 0.0021268
-0.0179180 0.0013186
-0.0169777 0.0020052
-0.0136694 0.0006477
-0.0075942 0.0001754
-0.0071780 0.0002644
0.0000000 0.0000000
0.0000000 0.0000000
-0.0066013 -0.0003436
-0.0058767 -0.0003999
-0.0119271 -0.0012530
-0.0156839 -0.0025879
-0.0140869 -0.0030317
-0.0176627 -0.0041429
-0.0177303 -0.0057636
-0.0160007 -0.0067529
-0.0158787 -0.0072696
-0.0122200 -0.0085055
-0.0110609 -0.0099676
-0.0070063 -0.0093275
-0.0006290 -0.0096236
-0.0005864 -0.0112830
0.0063872 -0.0093241
0.0134058 -0.0084095
0.0121049 -0.0098626
0.0197846 -0.0069055
0.0248556 -0.0049152
0.0224542 -0.0057557
0.0281325 -0.0025530
0.0292508 -0.0000211
0.0264218 -0.0000003
0.0281052 0.0025205
0.0248088 0.0048810
0.0224015 0.0057542
0.0197185 0.0068832
0.0133290 0.0083854
0.0120218 0.0098564
0.0063070 0.0093103
-0.0006956 0.0096140
-0.0006560 0.0112776
-0.0070468 0.0093263
-0.0122510 0.0085018
-0.0110913 0.0099614
-0.0158891 0.0072745
-0.0177335 0.0057627
-0.0160080 0.0067506
-0.0176525 0.0041488
-0.0156705 0.0025858
-0.0140839 0.0030302
-0.0119123 0.0012653
-0.0065887 0.0003449
-0.0058790 0.0004009
0.0000000 0.0000000
0.0000000 0.0000000
-0.0050726 -0.0004429
-0.0041999 -0.0004571
-0.0092669 -0.0016182
-0.0122894 -0.0033289
-0.0103590 -0.0034607
-0.0139295 -0.0053297
-0.0140504 -0.0074122
-0.0119610 -0.0077223
-0.0126317 -0.0093508
-0.0097557 -0.0109431
-0.0083647 -0.0114183
-0.0056269 -0.0120062
-0.0005567 -0.0123927
-0.0005315 -0.0129431
0.0050266 -0.0120125
0.0106038 -0.0108364
0.0089974 -0.0113193
0.0156718 -0.0089013
0.0197032 -0.0063251
0.0167664 -0.0066008
0.0223057 -0.0032709
0.0231933 0.0000079
0.0197434 0.0000250
0.0222794 0.0032912
0.0196584 0.0063384
0.0167228 0.0066407
0.0156097 0.0089128
0.0105284 0.0108408
0.0089259 0.0113404
0.0049441 0.0120161
-0.0006231 0.0123911
-0.0005927 0.0129471
-0.0056629 0.0120028
-0.0097871 0.0109354
-0.0083925 0.0114126
-0.0126438 0.0093473
-0.0140561 0.0074045
-0.0119709 0.0077159
-0.0139199 0.0053290
-0.0122780 0.0033246
-0.0103589 0.0034581
-0.0092526 0.0016226
-0.0050617 0.0004431
-0.0042038 0.0004567
0.0000000 0.0000000
0.0000000 0.0000000
-0.0033269 -0.0004572
-0.0024702 -0.0004277
-0.0062246 -0.0016737
-0.0084021 -0.0034398
-0.0064880 -0.0032565
-0.0096489 -0.0055212
-0.0098299 -0.0076950
-0.0077332 -0.0073373
-0.0089104 -0.0097285
-0.0069400 -0.0114054
-0.0055317 -0.0109319
-0.0040660 -0.0125323
-0.0005088 -0.0129501
-0.0004789 -0.0124541
0.0034181 -0.0125613
0.0073410 -0.0113344
0.0057195 -0.0109175
0.0109041 -0.0093132
0.0137459 -0.0066126
0.0107830 -0.0063718
0.0155789 -0.0034147
0.0162047 0.0000284
0.0127287 0.0000362
0.0155593 0.0034695
0.0137144 0.0066615
0.0107573 0.0064322
0.0108617 0.0093507
0.0072842 0.0113641
0.0056717 0.0109566
0.0033533 0.0125805
-0.0005609 0.0129584
-0.0005246 0.0124661
-0.0040916 0.0125330
-0.0069658 0.0114015
-0.0055546 0.0109318
-0.0089223 0.0097251
-0.0098383 0.0076869
-0.0077437 0.0073324
-0.0096438 0.0055162
-0.0083950 0.0034349
-0.0064874 0.0032549
-0.0062137 0.0016687
-0.0033191 0.0004547
-0.0024755 0.0004248
0.0000000 0.0000000
0.0000000 0.0000000
-0.0016925 -0.0003859
-0.0010154 -0.0003139
-0.0033587 -0.0014214
-0.0047087 -0.0029302
-0.0031272 -0.0024578
-0.0055455 -0.0047493
-0.0057530 -0.0066776
-0.0039512 -0.0057343
-0.0052907 -0.0085055
-0.0041844 -0.0100346
-0.0029320 -0.0087450
-0.0025222 -0.0110798
-0.0004372 -0.0114939
-0.0003691 -0.0101051
0.0018762 -0.0111800
0.0041918 -0.0101063
0.0028254 -0.0089271
0.0062951 -0.0083161
0.0079807 -0.0059079
0.0054428 -0.0052299
0.0090647 -0.0030538
0.0094385 0.0000344
0.0064508 0.0000349
0.0090549 0.0031136
0.0079646 0.0059684
0.0054297 0.0052899
0.0062748 0.0083621
0.0041594 0.0101479
0.0027984 0.0089689
0.0018376 0.0112065
-0.0004689 0.0115088
-0.0003942 0.0101192
-0.0025353 0.0110855
-0.0042007 0.0100351
-0.0029445 0.0087447
-0.0052987 0.0085061
-0.0057604 0.0066712
-0.0039589 0.0057288
-0.0055452 0.0047455
-0.0047040 0.0029283
-0.0031294 0.0024605
-0.0033507 0.0014041
-0.0016867 0.0003803
-0.0010252 0.0003102
0.0000000 0.0000000
0.0000000 0.0000000
-0.0004916 -0.0002253
-0.0001773 -0.0001134
-0.0011845 -0.0008780
-0.0018177 -0.0018644
-0.0008520 -0.0011805
-0.0022431 -0.0031350
-0.0024000 -0.0045413
-0.0011636 -0.0031357
-0.0022532 -0.0059083
-0.0018249 -0.0070908
-0.0008949 -0.0050830
-0.0011465 -0.0079233
-0.0002803 -0.0082996
-0.0001520 -0.0060601
0.0006877 -0.0081291
0.0016650 -0.0073842
0.0007866 -0.0054430
0.0025499 -0.0060998
0.0032666 -0.0043408
0.0015560 -0.0032127
0.0037221 -0.0022509
0.0038860 0.0000303
0.0018475 0.0000257
0.0037212 0.0022939
0.0032640 0.0043944
0.0015384 0.0032573
0.0025489 0.0061354
0.0016569 0.0074213
0.0007576 0.0054715
0.0006804 0.0081515
-0.0002888 0.0083123
-0.0001787 0.0060673
-0.0011455 0.0079313
-0.0018299 0.0070872
-0.0009070 0.0050757
-0.0022560 0.0059096
-0.0024072 0.0045291
-0.0011542 0.0031219
-0.0022526 0.0031338
-0.0018236 0.0018620
-0.0008210 0.0011819
-0.0011944 0.0008472
-0.0004928 0.0002251
-0.0001485 0.0001236
0.0000000 0.0000000
0.0000000 0.0000000
-0.0000003 -0.0000003
0.0000000 0.0000000
-0.0001116 -0.0001774
-0.0002202 -0.0004909
0.0000000 0.0000000
-0.0002867 -0.0009837
-0.0003229 -0.0015831
0.0000000 0.0000000
-0.0003024 -0.0021752
-0.0002550 -0.0027250
0.0000000 0.0000000
-0.0001643 -0.0031153
-0.0000531 -0.0033318
0.0000000 0.0000000
0.0000745 -0.0033011
0.0002053 -0.0030297
0.0000000 0.0000000
0.0003185 -0.0025206
0.0004188 -0.0017993
0.0000000 0.0000000
0.0004729 -0.0009424
0.0005012 0.0000148
0.0000000 0.0000000
0.0004725 0.0009461
0.0004169 0.0018255
0.0000000 0.0000000
0.0003181 0.0025273
0.0002014 0.0030470
0.0000000 0.0000000
0.0000727 0.0033116
-0.0000569 0.0033367
0.0000000 0.0000000
-0.0001640 0.0031290
-0.0002561 0.0027219
0.0000000 0.0000000
-0.0003012 0.0021919
-0.0003206 0.0015752
0.0000000 0.0000000
-0.0002856 0.0010013
-0.0002229 0.0004871
0.0000000 0.0000000
-0.0001249 0.0001518
-0.0000088 0.0000088
0.0000000 0.0000000
0.0000000 0.0000000
0.01446916
0.01369778
0.01179451
0.01118868
0.01236973
0.01479803
0.01743607
0.01916174
0.01925348
0.01766879
0.01508048
0.01258909
0.01127999
0.01171028
0.01352554
0.01448643
0.01525877
0.01446284
0.01339914
0.01285666
0.01323074
0.01430702
0.01555373
0.01639674
0.01646661
0.01573502
0.01452588
0.01340956
0.01293613
0.01334265
0.01447778
0.01543123
0.01732521
0.015466
0.01419307
0.01348232
0.01337719
0.01372289
0.01421841
0.01456903
0.01459865
0.01430326
0.01381861
0.01346182
0.01354735
0.01424917
0.01561613
0.0174965
0.01869377
0.01610529
0.01445075
0.01348455
0.01306216
0.01299475
0.01307643
0.01315734
0.01317522
0.01313068
0.01304849
0.01311514
0.01353051
0.0144935
0.01618241
0.01878878
0.01877426
0.01589276
0.01407347
0.01299284
0.01243047
0.01216181
0.01203013
0.01195535
0.01196597
0.01205779
0.01218041
0.01244567
0.01300352
0.01407687
0.0159027
0.01879757
0.01739929
0.01469164
0.01301525
0.01204397
0.0115265
0.01121714
0.01100254
0.01084598
0.01085221
0.01101609
0.01122195
0.0115077
0.01201437
0.01297074
0.01462363
0.01731615
0.01455074
0.0125339
0.01132436
0.01067266
0.01034577
0.01012518
0.009912502
0.009720241
0.00972351
0.009907247
0.01011237
0.01030686
0.01060433
0.01122889
0.01239152
0.01438877
0.0105079
0.009601266
0.009113348
0.008950925
0.008922087
0.008866102
0.008735203
0.008546997
0.008540735
0.00871691
0.008848312
0.008881493
0.008879581
0.009005106
0.009404728
0.01025416
0.005842794
0.006298546
0.006638508
0.006986517
0.007262547
0.007372395
0.007316042
0.007177406
0.007176775
0.007310747
0.007360851
0.007234148
0.006929672
0.006542988
0.006107236
0.00561726
0.001414808
0.003127301
0.004209162
0.004975159
0.005485884
0.005724022
0.00570472
0.005603679
0.005602011
0.00571242
0.005720357
0.005479902
0.004945213
0.004147171
0.002972558
0.001211775
-0.002114623
0.0005156873
0.002146804
0.003192795
0.003817199
0.004097589
0.004100901
0.004005543
0.004008554
0.004108888
0.004099644
0.003833197
0.003187183
0.002114015
0.0004352533
-0.002210811
-0.004148458
-0.001145637
0.0007078989
0.001824864
0.002411225
0.002596759
0.002541526
0.002423565
0.002431377
0.002568408
0.002631346
0.002445749
0.001853952
0.0007246797
-0.001140195
-0.004146214
-0.004520354
-0.001692011
6.236359e-05
0.001033596
0.001410331
0.001345744
0.001094752
0.0008750861
0.0008933902
0.001146397
0.001421032
0.001474673
0.001093906
0.0001091161
-0.001611703
-0.004429352
-0.003332274
-0.001224088
0.0002211748
0.000900687
0.0008823047
0.0003480167
-0.0003214005
-0.0007812849
-0.0007474758
-0.0002392045
0.0004645986
0.0009855841
0.0009876498
0.0002844381
-0.00105611
-0.003142616
-0.001112637
-1.801044e-05
0.001192889
0.001546173
0.000890598
-0.0004916742
-0.001962278
-0.002869628
-0.002789372
-0.001753746
-0.000233437
0.001100254
0.001647979
0.001142018
7.285763e-06
-0.0009134407
-2.572643e-05
0.001073812
0.00303725
0.0033995
0.001797894
-0.001121212
-0.004152378
-0.00601858
-0.005913951
-0.003878483
-0.0007911246
0.002061041
0.003513297
0.002960445
0.0008951463
0
