0.0000000 0.0000000
0.0000000 0.0000000
0.0000000 0.0000000
0.0000000 0.0000000
0.0000000 0.0000000
0.0000000 0.0000000
0.0000000 0.0000000
0.0000000 0.0000000
0.0000000 0.0000000
0.0000000 0.0000000
0.0000000 0.0000000
0.0000000 0.0000000
0.0000000 0.0000000
0.0000000 0.0000000
0.0000000 0.0000000
0.0000000 0.0000000
0.0000000 0.0000000
-0.0000893 0.0000894
-0.0001877 0.0003726
-0.0001900 0.0007359
-0.0000953 0.0010033
0.0000574 0.0010302
0.0002067 0.0007725
0.0002986 0.0002868
0.0002991 -0.0002861
0.0002078 -0.0007727
0.0000584 -0.0010297
-0.0000941 -0.0010040
-0.0001906 -0.0007368
-0.0001896 -0.0003715
-0.0000908 -0.0000912
0.0000000 0.0000000
0.0000000 0.0000000
-0.0003837 0.0002045
-0.0006616 0.0007046
-0.0006319 0.0012728
-0.0002945 0.0016593
0.0002263 0.0016667
0.0007299 0.0012351
0.0010378 0.0004572
0.0010378 -0.0004551
0.0007300 -0.0012354
0.0002242 -0.0016663
-0.0002932 -0.0016616
-0.0006331 -0.0012753
-0.0006618 -0.0007048
-0.0003816 -0.0002065
0.0000000 0.0000000
0.0000000 0.0000000
-0.0008304 0.0002689
-0.0013093 0.0008917
-0.0011961 0.0015638
-0.0005249 0.0019954
0.0004749 0.0019792
0.0014321 0.0014555
0.0020155 0.0005375
0.0020158 -0.0005369
0.0014352 -0.0014563
0.0004719 -0.0019798
-0.0005211 -0.0019981
-0.0011987 -0.0015655
-0.0013094 -0.0008921
-0.0008298 -0.0002700
0.0000000 0.0000000
0.0000000 0.0000000
-0.0013416 0.0002803
-0.0020230 0.0009191
-0.0018005 0.0015957
-0.0007520 0.0020171
0.0007606 0.0019877
0.0021964 0.0014555
0.0030687 0.0005368
0.0030690 -0.0005393
0.0021971 -0.0014574
0.0007563 -0.0019895
-0.0007477 -0.0020197
-0.0018009 -0.0015968
-0.0020234 -0.0009198
-0.0013411 -0.0002805
0.0000000 0.0000000
0.0000000 0.0000000
-0.0018274 0.0002447
-0.0026936 0.0007990
-0.0023567 0.0013811
-0.0009518 0.0017400
0.0010343 0.0017087
0.0029090 0.0012484
0.0040455 0.0004601
0.0040455 -0.0004662
0.0029091 -0.0012535
0.0010304 -0.0017116
-0.0009493 -0.0017421
-0.0023580 -0.0013827
-0.0026948 -0.0007998
-0.0018273 -0.0002444
0.0000000 0.0000000
0.0000000 0.0000000
-0.0022105 0.0001706
-0.0032199 0.0005549
-0.0027897 0.0009566
-0.0011016 0.0012041
0.0012512 0.0011795
0.0034665 0.0008607
0.0048078 0.0003166
0.0048073 -0.0003257
0.0034652 -0.0008686
0.0012495 -0.0011852
-0.0011039 -0.0012056
-0.0027921 -0.0009585
-0.0032219 -0.0005557
-0.0022111 -0.0001700
0.0000000 0.0000000
0.0000000 0.0000000
-0.0024308 0.0000694
-0.0035209 0.0002231
-0.0030363 0.0003826
-0.0011880 0.0004792
0.0013758 0.0004700
0.0037853 0.0003425
0.0052437 0.0001248
0.0052428 -0.0001352
0.0037823 -0.0003515
0.0013717 -0.0004766
-0.0011922 -0.0004833
-0.0030402 -0.0003846
-0.0035240 -0.0002240
-0.0024320 -0.0000686
0.0000000 0.0000000
0.0000000 0.0000000
-0.0024666 -0.0000456
-0.0035520 -0.0001507
-0.0030462 -0.0002597
-0.0011870 -0.0003257
0.0013992 -0.0003182
0.0038412 -0.0002332
0.0052991 -0.0000886
0.0052975 0.0000797
0.0038366 0.0002256
0.0013929 0.0003127
-0.0011931 0.0003224
-0.0030514 0.0002581
-0.0035558 0.0001500
-0.0024685 0.0000464
0.0000000 0.0000000
0.0000000 0.0000000
-0.0022805 -0.0001552
-0.0032981 -0.0005065
-0.0028396 -0.0008707
-0.0011154 -0.0010920
0.0012935 -0.0010663
0.0035731 -0.0007765
0.0049354 -0.0002835
0.0049332 0.0002787
0.0035674 0.0007726
0.0012858 0.0010637
-0.0011230 0.0010903
-0.0028455 0.0008701
-0.0033021 0.0005061
-0.0022830 0.0001560
0.0000000 0.0000000
0.0000000 0.0000000
-0.0019140 -0.0002413
-0.0027982 -0.0007861
-0.0024314 -0.0013529
-0.0009723 -0.0016993
0.0010891 -0.0016640
0.0030428 -0.0012108
0.0042144 -0.0004390
0.0042121 0.0004403
0.0030367 0.0012121
0.0010782 0.0016641
-0.0009758 0.0016988
-0.0024376 0.0013534
-0.0028023 0.0007862
-0.0019168 0.0002420
0.0000000 0.0000000
0.0000000 0.0000000
-0.0014239 -0.0002888
-0.0021280 -0.0009416
-0.0018801 -0.0016268
-0.0007750 -0.0020516
0.0008160 -0.0020148
0.0023271 -0.0014707
0.0032383 -0.0005326
0.0032364 0.0005399
0.0023218 0.0014772
0.0008034 0.0020210
-0.0007763 0.0020545
-0.0018854 0.0016283
-0.0021315 0.0009422
-0.0014267 0.0002891
0.0000000 0.0000000
0.0000000 0.0000000
-0.0008917 -0.0002855
-0.0013920 -0.0009378
-0.0012641 -0.0016379
-0.0005453 -0.0020847
0.0005181 -0.0020618
0.0015337 -0.0015125
0.0021496 -0.0005488
0.0021482 0.0005600
0.0015299 0.0015225
0.0005076 0.0020719
-0.0005461 0.0020897
-0.0012693 0.0016420
-0.0013945 0.0009388
-0.0008937 0.0002849
0.0000000 0.0000000
0.0000000 0.0000000
-0.0004145 -0.0002227
-0.0007096 -0.0007548
-0.0006727 -0.0013588
-0.0003087 -0.0017651
0.0002496 -0.0017701
0.0007859 -0.0013070
0.0011154 -0.0004770
0.0011149 0.0004885
0.0007862 0.0013189
0.0002444 0.0017802
-0.0003088 0.0017703
-0.0006750 0.0013630
-0.0007132 0.0007574
-0.0004174 0.0002208
0.0000000 0.0000000
0.0000000 0.0000000
-0.0000998 -0.0001003
-0.0002046 -0.0004037
-0.0002034 -0.0007947
-0.0000993 -0.0010783
0.0000656 -0.0011082
0.0002255 -0.0008279
0.0003231 -0.0003047
0.0003224 0.0003112
0.0002240 0.0008354
0.0000626 0.0011143
-0.0001006 0.0010820
-0.0002038 0.0007975
-0.0002034 0.0004065
-0.0000984 0.0000986
0.0000000 0.0000000
0.0000000 0.0000000
0.0000000 0.0000000
0.0000000 0.0000000
0.0000000 0.0000000
0.0000000 0.0000000
0.0000000 0.0000000
0.0000000 0.0000000
0.0000000 0.0000000
0.0000000 0.0000000
0.0000000 0.0000000
0.0000000 0.0000000
0.0000000 0.0000000
0.0000000 0.0000000
0.0000000 0.0000000
0.0000000 0.0000000
0.0000000 0.0000000
0.0000000 0.0000000
-0.0000018 0.0000018
0.0000000 0.0000000
-0.0000273 0.0000223
-0.0000226 0.0000279
-0.0000401 0.0000883
0.0000000 0.0000000
-0.0001470 0.0002117
-0.0000509 0.0001800
-0.0000565 0.0002814
0.0000000 0.0000000
-0.0002031 0.0005537
-0.0000523 0.0003891
-0.0000436 0.0004800
0.0000000 0.0000000
-0.0001544 0.0008903
-0.0000270 0.0005482
-0.0000078 0.0005805
0.0000000 0.0000000
-0.0000241 0.0010511
0.0000144 0.0005722
0.0000362 0.0005233
0.0000000 0.0000000
0.0001351 0.0009368
0.0000553 0.0004318
0.0000714 0.0003103
0.0000000 0.0000000
0.0002630 0.0005524
0.0000804 0.0001602
0.0000849 0.0000016
0.0000000 0.0000000
0.0003126 0.0000024
0.0000804 -0.0001611
0.0000718 -0.0003075
0.0000000 0.0000000
0.0002657 -0.0005482
0.0000554 -0.0004322
0.0000367 -0.0005218
0.0000000 0.0000000
0.0001394 -0.0009345
0.0000145 -0.0005715
-0.0000073 -0.0005804
0.0000000 0.0000000
-0.0000199 -0.0010511
-0.0000269 -0.0005464
-0.0000435 -0.0004811
0.0000000 0.0000000
-0.0001522 -0.0008923
-0.0000527 -0.0003865
-0.0000571 -0.0002831
0.0000000 0.0000000
-0.0002048 -0.0005567
-0.0000511 -0.0001769
-0.0000397 -0.0000890
0.0000000 0.0000000
-0.0001526 -0.0002117
-0.0000203 -0.0000325
-0.0000003 -0.0000003
0.0000000 0.0000000
-0.0000324 -0.0000206
0.0000000 0.0000000
0.0000000 0.0000000
-0.0000890 0.0000402
-0.0001836 0.0000547
-0.0002141 0.0001508
-0.0003249 0.0003302
-0.0005545 0.0004312
-0.0003984 0.0005533
-0.0004216 0.0007961
-0.0006898 0.0009956
-0.0003901 0.0010332
-0.0003100 0.0012321
-0.0004963 0.0015029
-0.0001870 0.0013712
-0.0000364 0.0014279
-0.0000461 0.0017178
0.0001295 0.0013921
0.0002929 0.0012605
0.0004910 0.0015047
0.0004393 0.0010372
0.0005551 0.0007395
0.0009179 0.0008790
0.0006285 0.0003841
0.0006547 0.0000025
0.0010802 0.0000021
0.0006284 -0.0003822
0.0005555 -0.0007353
0.0009194 -0.0008754
0.0004389 -0.0010357
0.0002932 -0.0012582
0.0004933 -0.0015027
0.0001289 -0.0013910
-0.0000361 -0.0014278
-0.0000439 -0.0017177
-0.0001875 -0.0013708
-0.0003098 -0.0012339
-0.0004948 -0.0015042
-0.0003900 -0.0010337
-0.0004210 -0.0007987
-0.0006893 -0.0009972
-0.0003971 -0.0005539
-0.0003242 -0.0003308
-0.0005545 -0.0004311
-0.0002125 -0.0001563
-0.0000890 -0.0000403
-0.0001818 -0.0000554
0.0000000 0.0000000
0.0000000 0.0000000
-0.0002994 0.0000662
-0.0004359 0.0000728
-0.0005928 0.0002438
-0.0008283 0.0005068
-0.0011350 0.0005556
-0.0009699 0.0008180
-0.0009972 0.0011446
-0.0013311 0.0012405
-0.0009049 0.0014506
-0.0007021 0.0017010
-0.0009199 0.0018253
-0.0004069 0.0018670
-0.0000483 0.0019250
-0.0000450 0.0020512
0.0003411 0.0018623
0.0007241 0.0016761
0.0009796 0.0017779
0.0010663 0.0013739
0.0013360 0.0009757
0.0017886 0.0010320
0.0015082 0.0005063
0.0015681 0.0000016
0.0020953 0.0000008
0.0015087 -0.0005048
0.0013374 -0.0009731
0.0017908 -0.0010307
0.0010676 -0.0013729
0.0007263 -0.0016747
0.0009829 -0.0017774
0.0003425 -0.0018617
-0.0000463 -0.0019250
-0.0000417 -0.0020516
-0.0004056 -0.0018671
-0.0007009 -0.0017020
-0.0009178 -0.0018263
-0.0009045 -0.0014513
-0.0009972 -0.0011458
-0.0013305 -0.0012415
-0.0009703 -0.0008188
-0.0008298 -0.0005072
-0.0011354 -0.0005561
-0.0005945 -0.0002467
-0.0003008 -0.0000672
-0.0004352 -0.0000734
0.0000000 0.0000000
0.0000000 0.0000000
-0.0005799 0.0000770
-0.0007290 0.0000764
-0.0010838 0.0002820
-0.0014583 0.0005790
-0.0017879 0.0005763
-0.0016634 0.0009257
-0.0016777 0.0012831
-0.0020265 0.0012730
-0.0014982 0.0016118
-0.0011411 0.0018758
-0.0013604 0.0018536
-0.0006383 0.0020454
-0.0000355 0.0020976
-0.0000229 0.0020656
0.0006133 0.0020204
0.0012487 0.0018118
0.0015197 0.0017798
0.0018146 0.0014814
0.0022596 0.0010493
0.0027305 0.0010288
0.0025439 0.0005435
0.0026420 -0.0000001
0.0031880 -0.0000013
0.0025447 -0.0005446
0.0022615 -0.0010497
0.0027325 -0.0010312
0.0018166 -0.0014824
0.0012515 -0.0018125
0.0015228 -0.0017819
0.0006154 -0.0020212
-0.0000329 -0.0020985
-0.0000199 -0.0020674
-0.0006364 -0.0020461
-0.0011397 -0.0018768
-0.0013584 -0.0018549
-0.0014979 -0.0016125
-0.0016780 -0.0012839
-0.0020259 -0.0012738
-0.0016645 -0.0009262
-0.0014601 -0.0005795
-0.0017881 -0.0005769
-0.0010858 -0.0002828
-0.0005815 -0.0000773
-0.0007288 -0.0000766
0.0000000 0.0000000
0.0000000 0.0000000
-0.0008727 0.0000738
-0.0010088 0.0000669
-0.0015940 0.0002696
-0.0021068 0.0005509
-0.0024062 0.0005024
-0.0023695 0.0008782
-0.0023620 0.0012130
-0.0026750 0.0011052
-0.0020867 0.0015184
-0.0015690 0.0017611
-0.0017619 0.0016019
-0.0008548 0.0019142
-0.0000074 0.0019576
0.0000085 0.0017777
0.0008987 0.0018811
0.0017830 0.0016834
0.0020284 0.0015266
0.0025683 0.0013741
0.0031848 0.0009715
0.0036065 0.0008797
0.0035785 0.0005021
0.0037138 -0.0000024
0.0042013 -0.0000036
0.0035792 -0.0005071
0.0031866 -0.0009759
0.0036078 -0.0008863
0.0025702 -0.0013783
0.0017855 -0.0016870
0.0020304 -0.0015318
0.0009006 -0.0018841
-0.0000052 -0.0019601
0.0000103 -0.0017812
-0.0008533 -0.0019159
-0.0015680 -0.0017624
-0.0017609 -0.0016038
-0.0020869 -0.0015189
-0.0023629 -0.0012136
-0.0026752 -0.0011061
-0.0023711 -0.0008782
-0.0021088 -0.0005512
-0.0024068 -0.0005029
-0.0015962 -0.0002689
-0.0008746 -0.0000737
-0.0010090 -0.0000668
0.0000000 0.0000000
0.0000000 0.0000000
-0.0011287 0.0000585
-0.0012302 0.0000467
-0.0020392 0.0002137
-0.0026706 0.0004352
-0.0028933 0.0003496
-0.0029805 0.0006928
-0.0029508 0.0009551
-0.0031821 0.0007670
-0.0025895 0.0011937
-0.0019307 0.0013820
-0.0020714 0.0011087
-0.0010332 0.0014999
0.0000244 0.0015315
0.0000386 0.0012276
0.0011505 0.0014699
0.0022465 0.0013136
0.0024296 0.0010520
0.0032181 0.0010710
0.0039797 0.0007559
0.0042917 0.0006043
0.0044656 0.0003894
0.0046323 -0.0000046
0.0049922 -0.0000054
0.0044659 -0.0003983
0.0039805 -0.0007644
0.0042917 -0.0006144
0.0032187 -0.0010786
0.0022476 -0.0013203
0.0024294 -0.0010598
0.0011510 -0.0014751
0.0000250 -0.0015358
0.0000381 -0.0012326
-0.0010333 -0.0015026
-0.0019311 -0.0013840
-0.0020724 -0.0011112
-0.0025907 -0.0011943
-0.0029524 -0.0009556
-0.0031835 -0.0007678
-0.0029826 -0.0006923
-0.0026729 -0.0004351
-0.0028946 -0.0003498
-0.0020414 -0.0002119
-0.0011304 -0.0000581
-0.0012306 -0.0000464
0.0000000 0.0000000
0.0000000 0.0000000
-0.0013073 0.0000340
-0.0013579 0.0000190
-0.0023490 0.0001241
-0.0030621 0.0002509
-0.0031729 0.0001408
-0.0034035 0.0003990
-0.0033569 0.0005489
-0.0034712 0.0003074
-0.0029347 0.0006851
-0.0021772 0.0007919
-0.0022460 0.0004427
-0.0011525 0.0008587
0.0000504 0.0008759
0.0000588 0.0004891
0.0013280 0.0008400
0.0025695 0.0007498
0.0026614 0.0004182
0.0036685 0.0006105
0.0045293 0.0004295
0.0046847 0.0002382
0.0050782 0.0002197
0.0052660 -0.0000061
0.0054447 -0.0000062
0.0050777 -0.0002313
0.0045286 -0.0004408
0.0046830 -0.0002498
0.0036671 -0.0006203
0.0025680 -0.0007585
0.0026582 -0.0004271
0.0013260 -0.0008467
0.0000484 -0.0008813
0.0000552 -0.0004948
-0.0011549 -0.0008621
-0.0021797 -0.0007944
-0.0022494 -0.0004454
-0.0029374 -0.0006856
-0.0033596 -0.0005492
-0.0034744 -0.0003082
-0.0034063 -0.0003980
-0.0030646 -0.0002506
-0.0031751 -0.0001411
-0.0023511 -0.0001215
-0.0013086 -0.0000334
-0.0013585 -0.0000187
0.0000000 0.0000000
0.0000000 0.0000000
-0.0013797 0.0000038
-0.0013711 -0.0000120
-0.0024741 0.0000140
-0.0032191 0.0000251
-0.0031998 -0.0000931
-0.0035722 0.0000396
-0.0035178 0.0000529
-0.0034965 -0.0002061
-0.0030703 0.0000654
-0.0022730 0.0000744
-0.0022589 -0.0002995
-0.0011973 0.0000804
0.0000637 0.0000814
0.0000645 -0.0003321
0.0014017 0.0000779
0.0027009 0.0000686
0.0026871 -0.0002854
0.0038506 0.0000549
0.0047504 0.0000367
0.0047248 -0.0001670
0.0053238 0.0000163
0.0055197 -0.0000062
0.0054892 -0.0000055
0.0053225 -0.0000279
0.0047479 -0.0000481
0.0047213 0.0001569
0.0038469 -0.0000648
0.0026965 -0.0000774
0.0026809 0.0002777
0.0013965 -0.0000845
0.0000585 -0.0000867
0.0000577 0.0003273
-0.0012024 -0.0000835
-0.0022779 -0.0000766
-0.0022649 0.0002974
-0.0030748 -0.0000656
-0.0035218 -0.0000530
-0.0035013 0.0002057
-0.0035757 -0.0000383
-0.0032217 -0.0000248
-0.0032027 0.0000930
-0.0024759 -0.0000110
-0.0013805 -0.0000032
-0.0013720 0.0000124
0.0000000 0.0000000
0.0000000 0.0000000
-0.0013330 -0.0000275
-0.0012653 -0.0000418
-0.0023921 -0.0001002
-0.0031142 -0.0002082
-0.0029658 -0.0003161
-0.0034578 -0.0003315
-0.0034067 -0.0004585
-0.0032519 -0.0006948
-0.0029746 -0.0005729
-0.0022032 -0.0006639
-0.0021081 -0.0010052
-0.0011614 -0.0007200
0.0000607 -0.0007352
0.0000530 -0.0011128
0.0013578 -0.0007051
0.0026180 -0.0006308
0.0024981 -0.0009541
0.0037332 -0.0005150
0.0046056 -0.0003656
0.0043998 -0.0005512
0.0051614 -0.0001913
0.0053510 -0.0000047
0.0051127 -0.0000033
0.0051593 0.0001825
0.0046014 0.0003570
0.0043948 0.0005454
0.0037273 0.0005078
0.0026108 0.0006244
0.0024897 0.0009498
0.0013500 0.0007006
0.0000526 0.0007316
0.0000437 0.0011105
-0.0011689 0.0007183
-0.0022103 0.0006627
-0.0021162 0.0010044
-0.0029804 0.0005733
-0.0034116 0.0004587
-0.0032576 0.0006950
-0.0034614 0.0003330
-0.0031167 0.0002086
-0.0029691 0.0003161
-0.0023935 0.0001031
-0.0013333 0.0000281
-0.0012665 0.0000421
0.0000000 0.0000000
0.0000000 0.0000000
-0.0011728 -0.0000549
-0.0010558 -0.0000653
-0.0021129 -0.0002003
-0.0027604 -0.0004121
-0.0025047 -0.0004919
-0.0030744 -0.0006556
-0.0030374 -0.0009049
-0.0027712 -0.0010806
-0.0026596 -0.0011304
-0.0019765 -0.0013091
-0.0018133 -0.0015642
-0.0010494 -0.0014200
0.0000417 -0.0014498
0.0000274 -0.0017335
0.0012017 -0.0013907
0.0023302 -0.0012432
0.0021217 -0.0014870
0.0033296 -0.0010140
0.0041119 -0.0007174
0.0037545 -0.0008574
0.0046102 -0.0003720
0.0047800 -0.0000018
0.0043668 0.0000002
0.0046074 0.0003688
0.0041066 0.0007142
0.0037488 0.0008578
0.0033223 0.0010117
0.0023212 0.0012411
0.0021122 0.0014876
0.0011921 0.0013896
0.0000317 0.0014490
0.0000170 0.0017343
-0.0010583 0.0014203
-0.0019848 0.0013094
-0.0018222 0.0015651
-0.0026662 0.0011317
-0.0030428 0.0009057
-0.0027774 0.0010814
-0.0030779 0.0006571
-0.0027625 0.0004125
-0.0025081 0.0004920
-0.0021137 0.0002027
-0.0011726 0.0000554
-0.0010572 0.0000655
0.0000000 0.0000000
0.0000000 0.0000000
-0.0009227 -0.0000739
-0.0007749 -0.0000784
-0.0016784 -0.0002695
-0.0022104 -0.0005525
-0.0018871 -0.0005896
-0.0024787 -0.0008793
-0.0024637 -0.0012139
-0.0021253 -0.0012984
-0.0021698 -0.0015178
-0.0016240 -0.0017592
-0.0014147 -0.0018861
-0.0008754 -0.0019103
0.0000111 -0.0019521
-0.0000053 -0.0020973
0.0009569 -0.0018742
0.0018793 -0.0016762
0.0016138 -0.0018033
0.0026973 -0.0013674
0.0033385 -0.0009665
0.0028812 -0.0010399
0.0037469 -0.0004994
0.0038860 0.0000018
0.0033569 0.0000037
0.0037441 0.0005029
0.0033331 0.0009699
0.0028758 0.0010468
0.0026900 0.0013707
0.0018701 0.0016792
0.0016047 0.0018089
0.0009472 0.0018772
0.0000010 0.0019547
-0.0000152 0.0021013
-0.0008841 0.0019129
-0.0016323 0.0017611
-0.0014230 0.0018886
-0.0021762 0.0015199
-0.0024688 0.0012151
-0.0021310 0.0012997
-0.0024817 0.0008807
-0.0022120 0.0005528
-0.0018901 0.0005899
-0.0016786 0.0002710
-0.0009221 0.0000742
-0.0007763 0.0000784
0.0000000 0.0000000
0.0000000 0.0000000
-0.0006230 -0.0000806
-0.0004696 -0.0000776
-0.0011579 -0.0002940
-0.0015507 -0.0006018
-0.0012129 -0.0005853
-0.0017618 -0.0009603
-0.0017704 -0.0013292
-0.0014110 -0.0013019
-0.0015751 -0.0016670
-0.0011930 -0.0019378
-0.0009653 -0.0019097
-0.0006593 -0.0021100
-0.0000209 -0.0021614
-0.0000327 -0.0021400
0.0006639 -0.0020794
0.0013343 -0.0018624
0.0010537 -0.0018495
0.0019299 -0.0015211
0.0023980 -0.0010750
0.0019086 -0.0010689
0.0026959 -0.0005546
0.0027977 0.0000050
0.0022300 0.0000062
0.0026937 0.0005638
0.0023934 0.0010843
0.0019043 0.0010803
0.0019239 0.0015291
0.0013266 0.0018700
0.0010462 0.0018586
0.0006558 0.0020858
-0.0000294 0.0021667
-0.0000408 0.0021460
-0.0006664 0.0021144
-0.0011999 0.0019409
-0.0009718 0.0019130
-0.0015803 0.0016696
-0.0017745 0.0013306
-0.0014152 0.0013033
-0.0017640 0.0009614
-0.0015515 0.0006021
-0.0012146 0.0005857
-0.0011575 0.0002940
-0.0006222 0.0000804
-0.0004711 0.0000771
0.0000000 0.0000000
0.0000000 0.0000000
-0.0003270 -0.0000719
-0.0001992 -0.0000599
-0.0006420 -0.0002631
-0.0008912 -0.0005399
-0.0005984 -0.0004633
-0.0010378 -0.0008696
-0.0010624 -0.0012147
-0.0007372 -0.0010667
-0.0009600 -0.0015360
-0.0007403 -0.0017986
-0.0005245 -0.0016035
-0.0004240 -0.0019705
-0.0000403 -0.0020291
-0.0000405 -0.0018261
0.0003741 -0.0019601
0.0007822 -0.0017610
0.0005334 -0.0015936
0.0011451 -0.0014416
0.0014316 -0.0010198
0.0009877 -0.0009252
0.0016135 -0.0005262
0.0016761 0.0000067
0.0011588 0.0000070
0.0016121 0.0005379
0.0014286 0.0010322
0.0009851 0.0009380
0.0011414 0.0014518
0.0007770 0.0017708
0.0005288 0.0016034
0.0003690 0.0019679
-0.0000460 0.0020353
-0.0000454 0.0018319
-0.0004285 0.0019756
-0.0007449 0.0018018
-0.0005284 0.0016059
-0.0009634 0.0015386
-0.0010652 0.0012156
-0.0007397 0.0010670
-0.0010393 0.0008704
-0.0008911 0.0005403
-0.0005995 0.0004642
-0.0006410 0.0002606
-0.0003259 0.0000710
-0.0002015 0.0000592
0.0000000 0.0000000
0.0000000 0.0000000
-0.0000987 -0.0000441
-0.0000365 -0.0000229
-0.0002323 -0.0001701
-0.0003515 -0.0003587
-0.0001661 -0.0002315
-0.0004281 -0.0005985
-0.0004517 -0.0008609
-0.0002202 -0.0006039
-0.0004168 -0.0011117
-0.0003294 -0.0013245
-0.0001622 -0.0009630
-0.0001975 -0.0014692
-0.0000348 -0.0015282
-0.0000195 -0.0011308
0.0001422 -0.0014871
0.0003180 -0.0013432
0.0001515 -0.0010028
0.0004739 -0.0011042
0.0005984 -0.0007825
0.0002869 -0.0005864
0.0006764 -0.0004046
0.0007044 0.0000065
0.0003370 0.0000055
0.0006761 0.0004144
0.0005975 0.0007944
0.0002836 0.0005963
0.0004733 0.0011129
0.0003164 0.0013522
0.0001462 0.0010099
0.0001412 0.0014937
-0.0000366 0.0015331
-0.0000248 0.0011341
-0.0001983 0.0014735
-0.0003310 0.0013258
-0.0001653 0.0009631
-0.0004181 0.0011136
-0.0004535 0.0008596
-0.0002191 0.0006017
-0.0004303 0.0005990
-0.0003528 0.0003585
-0.0001603 0.0002319
-0.0002342 0.0001644
-0.0000987 0.0000441
-0.0000310 0.0000247
0.0000000 0.0000000
0.0000000 0.0000000
-0.0000008 -0.0000008
0.0000000 0.0000000
-0.0000226 -0.0000365
-0.0000434 -0.0000986
0.0000000 0.0000000
-0.0000554 -0.0001941
-0.0000615 -0.0003089
0.0000000 0.0000000
-0.0000565 -0.0004200
-0.0000464 -0.0005213
0.0000000 0.0000000
-0.0000286 -0.0005908
-0.0000073 -0.0006265
0.0000000 0.0000000
0.0000161 -0.0006161
0.0000400 -0.0005617
0.0000000 0.0000000
0.0000600 -0.0004647
0.0000776 -0.0003301
0.0000000 0.0000000
0.0000868 -0.0001721
0.0000917 0.0000033
0.0000000 0.0000000
0.0000867 0.0001742
0.0000771 0.0003360
0.0000000 0.0000000
0.0000598 0.0004671
0.0000392 0.0005659
0.0000000 0.0000000
0.0000158 0.0006190
-0.0000081 0.0006285
0.0000000 0.0000000
-0.0000287 0.0005942
-0.0000468 0.0005213
0.0000000 0.0000000
-0.0000563 0.0004236
-0.0000611 0.0003075
0.0000000 0.0000000
-0.0000552 0.0001977
-0.0000438 0.0000979
0.0000000 0.0000000
-0.0000250 0.0000316
-0.0000023 0.0000023
0.0000000 0.0000000
0.0000000 0.0000000
0.00258758
0.002426449
0.002062817
0.001973632
0.002236134
0.002727587
0.003243458
0.003574746
0.003591104
0.003286444
0.002781795
0.002281243
0.001994557
0.002048442
0.002393822
0.002591432
0.00275189
0.002586437
0.002386378
0.002298536
0.002392915
0.002619069
0.002871341
0.003039198
0.003051944
0.002905032
0.002661472
0.002429103
0.002316203
0.002376572
0.002589966
0.002786389
0.003143881
0.002775422
0.002539253
0.002417313
0.002414757
0.002498115
0.002608116
0.002684756
0.002690345
0.002623244
0.002517183
0.002432055
0.002430618
0.002549777
0.00280354
0.003175533
0.003363571
0.002877767
0.002578066
0.002409821
0.002343865
0.002346666
0.002379572
0.002407908
0.002411263
0.002388688
0.002358191
0.002354829
0.002418822
0.002585793
0.002889266
0.003376426
0.003314864
0.002808108
0.002489227
0.002300972
0.002204642
0.002167297
0.002160944
0.002163844
0.00216547
0.002165209
0.002172528
0.002209269
0.002304171
0.002490927
0.00280717
0.003313713
0.003003537
0.002558375
0.002274065
0.002102161
0.002006
0.00195714
0.001935585
0.001927461
0.001928153
0.001937285
0.001958859
0.002005982
0.002099492
0.002268121
0.002545641
0.00298765
0.002463685
0.002152105
0.001950989
0.001828792
0.001757892
0.001718237
0.001696813
0.00168639
0.00168655
0.001696643
0.001717193
0.001754649
0.001821566
0.001938691
0.002129875
0.002437234
0.001763534
0.001635341
0.001551995
0.001503708
0.001475148
0.001457598
0.001446041
0.001438375
0.00143813
0.001445
0.001455349
0.001470304
0.001494266
0.001536548
0.001607314
0.001729419
0.0009932249
0.001072072
0.001121073
0.001155417
0.001175501
0.001184235
0.001185194
0.00118279
0.001182621
0.001184537
0.001182277
0.00117088
0.001146125
0.001105635
0.001043446
0.000958944
0.0002585261
0.0005340858
0.0007071827
0.0008170187
0.0008805971
0.0009115293
0.0009218849
0.0009233999
0.0009234752
0.0009222679
0.0009109506
0.0008779059
0.0008102183
0.0006949441
0.0005093952
0.0002278931
-0.0003415975
8.955464e-05
0.0003584734
0.0005228136
0.0006131221
0.0006540405
0.0006656466
0.0006660146
0.0006668475
0.0006675708
0.0006557425
0.0006139881
0.0005203187
0.0003516516
7.36013e-05
-0.0003618756
-0.0007187608
-0.0002024851
0.0001147861
0.0003002516
0.0003914459
0.0004206863
0.0004181685
0.0004095132
0.0004112131
0.0004228067
0.0004266017
0.0003970003
0.0003038502
0.00011601
-0.0002061338
-0.0007244171
-0.0008180828
-0.0003063167
5.192762e-06
0.0001721216
0.000230578
0.0002168694
0.0001751731
0.0001440022
0.000147671
0.0001851146
0.0002300791
0.0002429169
0.0001821285
1.285366e-05
-0.0002960939
-0.0008078778
-0.0006263142
-0.0002271488
3.737984e-05
0.000155335
0.0001439428
4.309744e-05
-7.83652e-05
-0.0001559388
-0.0001496537
-6.170242e-05
6.481978e-05
0.0001637047
0.0001707768
4.876173e-05
-0.0001976275
-0.0005937725
-0.0002171236
-3.348555e-06
0.0002206289
0.000276204
0.0001448124
-0.0001137877
-0.0003821139
-0.0005439844
-0.0005298295
-0.0003447149
-6.629777e-05
0.0001858276
0.0002973627
0.0002115667
1.207803e-06
-0.0001796626
-4.769938e-06
0.0002100755
0.000575195
0.0006212417
0.0003012099
-0.000245737
-0.0007943737
-0.001124946
-0.001106689
-0.0007459599
-0.0001844429
0.0003532665
0.0006469758
0.0005622456
0.000176537
0
