0.0000000 0.0000000
0.0000000 0.0000000
0.0000000 0.0000000
0.0000000 0.0000000
0.0000000 0.0000000
0.0000000 0.0000000
0.0000000 0.0000000
0.0000000 0.0000000
0.0000000 0.0000000
0.0000000 0.0000000
0.0000000 0.0000000
0.0000000 0.0000000
0.0000000 0.0000000
0.0000000 0.0000000
0.0000000 0.0000000
0.0000000 0.0000000
0.0000000 0.0000000
-0.0012430 0.0012474
-0.0025179 0.0050927
-0.0025856 0.0099767
-0.0014713 0.0137761
0.0006765 0.0140463
0.0027393 0.0107376
0.0041339 0.0040740
0.0041608 -0.0040665
0.0027600 -0.0108945
0.0006535 -0.0140625
-0.0013886 -0.0140066
-0.0026340 -0.0101743
-0.0025936 -0.0051369
-0.0012629 -0.0012692
0.0000000 0.0000000
0.0000000 0.0000000
-0.0053243 0.0028114
-0.0090073 0.0097882
-0.0088901 0.0179126
-0.0050086 0.0242014
0.0026181 0.0249473
0.0099905 0.0191442
0.0150057 0.0074377
0.0150335 -0.0074069
0.0100366 -0.0195767
0.0022757 -0.0249754
-0.0047453 -0.0247707
-0.0091262 -0.0183242
-0.0092144 -0.0098641
-0.0052761 -0.0028392
0.0000000 0.0000000
0.0000000 0.0000000
-0.0116294 0.0038661
-0.0190291 0.0133489
-0.0180985 0.0244170
-0.0105832 0.0333305
0.0052060 0.0354077
0.0208065 0.0277779
0.0317114 0.0112743
0.0317407 -0.0112317
0.0210777 -0.0285564
0.0041324 -0.0354112
-0.0101003 -0.0343188
-0.0187524 -0.0248792
-0.0189672 -0.0133480
-0.0115948 -0.0038832
0.0000000 0.0000000
0.0000000 0.0000000
-0.0194073 0.0044613
-0.0312159 0.0154533
-0.0316166 0.0294306
-0.0188444 0.0410971
0.0075166 0.0458059
0.0347406 0.0372117
0.0545948 0.0160643
0.0546650 -0.0159677
0.0357462 -0.0383228
0.0051116 -0.0456044
-0.0184329 -0.0423286
-0.0315402 -0.0295279
-0.0311647 -0.0154806
-0.0193754 -0.0044707
0.0000000 0.0000000
0.0000000 0.0000000
-0.0276526 0.0044096
-0.0444698 0.0152892
-0.0465756 0.0297265
-0.0297387 0.0442550
0.0083925 0.0522824
0.0506361 0.0443118
0.0828548 0.0206389
0.0829625 -0.0204532
0.0509169 -0.0440389
0.0041416 -0.0515255
-0.0301321 -0.0446885
-0.0465993 -0.0299131
-0.0444749 -0.0153332
-0.0276338 -0.0044086
0.0000000 0.0000000
0.0000000 0.0000000
-0.0348843 0.0034415
-0.0562812 0.0118036
-0.0607450 0.0231824
-0.0426904 0.0355260
0.0064920 0.0462091
0.0654236 0.0413341
0.1121224 0.0210256
0.1122138 -0.0210230
0.0656292 -0.0407948
0.0021520 -0.0451076
-0.0428890 -0.0358679
-0.0608726 -0.0232880
-0.0563299 -0.0118221
-0.0348844 -0.0034210
0.0000000 0.0000000
0.0000000 0.0000000
-0.0393258 0.0015518
-0.0634614 0.0050525
-0.0697941 0.0097587
-0.0517547 0.0152537
0.0039864 0.0219526
0.0740144 0.0214565
0.1328703 0.0125802
0.1329830 -0.0129227
0.0740088 -0.0214180
0.0013164 -0.0210621
-0.0519352 -0.0152079
-0.0699151 -0.0097354
-0.0635087 -0.0050639
-0.0392989 -0.0015420
0.0000000 0.0000000
0.0000000 0.0000000
-0.0438714 -0.0013629
-0.0665355 -0.0047422
-0.0691096 -0.0091296
-0.0478651 -0.0129917
0.0051909 -0.0130739
0.0939880 -0.0095850
0.1506691 -0.0041073
0.1506304 0.0036611
0.0936975 0.0093470
0.0024200 0.0127707
-0.0478400 0.0130103
-0.0690632 0.0091147
-0.0665149 0.0047119
-0.0438358 0.0013688
0.0000000 0.0000000
0.0000000 0.0000000
-0.0391054 -0.0038467
-0.0589637 -0.0129256
-0.0604475 -0.0247188
-0.0412262 -0.0363791
0.0110607 -0.0405787
0.0821307 -0.0329214
0.1329115 -0.0100957
0.1328816 0.0098454
0.0819000 0.0330810
0.0033088 0.0405546
-0.0411264 0.0360480
-0.0602923 0.0245597
-0.0588889 0.0128668
-0.0390993 0.0038431
0.0000000 0.0000000
0.0000000 0.0000000
-0.0309907 -0.0050933
-0.0464639 -0.0169085
-0.0464093 -0.0316700
-0.0299686 -0.0456434
0.0137160 -0.0522005
0.0630826 -0.0432817
0.1003132 -0.0132478
0.1002709 0.0135173
0.0627015 0.0437603
0.0048117 0.0528707
-0.0292412 0.0459620
-0.0463387 0.0314715
-0.0464238 0.0168565
-0.0309964 0.0050962
0.0000000 0.0000000
0.0000000 0.0000000
-0.0216759 -0.0051493
-0.0325972 -0.0169666
-0.0316963 -0.0310970
-0.0190041 -0.0434151
0.0113184 -0.0488530
0.0394012 -0.0395464
0.0656429 -0.0128768
0.0655387 0.0132073
0.0423814 0.0404246
0.0060344 0.0500536
-0.0176530 0.0441294
-0.0317170 0.0309711
-0.0326056 0.0169373
-0.0217036 0.0051504
0.0000000 0.0000000
0.0000000 0.0000000
-0.0129615 -0.0044245
-0.0199356 -0.0145634
-0.0190771 -0.0262728
-0.0106390 -0.0356324
0.0074103 -0.0387227
0.0237665 -0.0300507
0.0375087 -0.0105406
0.0374460 0.0106758
0.0249425 0.0311245
0.0049232 0.0398150
-0.0097901 0.0360764
-0.0194794 0.0269087
-0.0199629 0.0145488
-0.0129913 0.0044142
0.0000000 0.0000000
0.0000000 0.0000000
-0.0059273 -0.0032102
-0.0097493 -0.0107549
-0.0093840 -0.0194760
-0.0050466 -0.0260609
0.0036421 -0.0277161
0.0115839 -0.0209800
0.0175775 -0.0077082
0.0175389 0.0077619
0.0118763 0.0217364
0.0026965 0.0283937
-0.0047233 0.0262817
-0.0094744 0.0199302
-0.0100233 0.0109886
-0.0059756 0.0031813
0.0000000 0.0000000
0.0000000 0.0000000
-0.0014519 -0.0014696
-0.0027733 -0.0056668
-0.0027208 -0.0109175
-0.0014627 -0.0148693
0.0009807 -0.0160198
0.0032854 -0.0120648
0.0048610 -0.0045613
0.0048329 0.0045683
0.0032825 0.0124348
0.0007369 0.0163014
-0.0014441 0.0149644
-0.0027368 0.0110999
-0.0027873 0.0058002
-0.0014488 0.0014638
0.0000000 0.0000000
0.0000000 0.0000000
0.0000000 0.0000000
0.0000000 0.0000000
0.0000000 0.0000000
0.0000000 0.0000000
0.0000000 0.0000000
0.0000000 0.0000000
0.0000000 0.0000000
0.0000000 0.0000000
0.0000000 0.0000000
0.0000000 0.0000000
0.0000000 0.0000000
0.0000000 0.0000000
0.0000000 0.0000000
0.0000000 0.0000000
0.0000000 0.0000000
0.0000000 0.0000000
-0.0000262 0.0000262
0.0000000 0.0000000
-0.0003850 0.0003118
-0.0003169 0.0003954
-0.0005493 0.0012242
0.0000000 0.0000000
-0.0020131 0.0029248
-0.0006817 0.0024631
-0.0007459 0.0038147
0.0000000 0.0000000
-0.0027147 0.0075483
-0.0006933 0.0052356
-0.0005830 0.0064465
0.0000000 0.0000000
-0.0021068 0.0121150
-0.0003777 0.0073819
-0.0001307 0.0078504
0.0000000 0.0000000
-0.0004421 0.0144813
0.0001667 0.0077991
0.0004640 0.0071846
0.0000000 0.0000000
0.0017367 0.0131567
0.0007378 0.0059796
0.0009750 0.0043198
0.0000000 0.0000000
0.0036203 0.0078888
0.0011099 0.0022360
0.0011792 0.0000169
0.0000000 0.0000000
0.0043837 0.0000251
0.0011083 -0.0022649
0.0009785 -0.0042988
0.0000000 0.0000000
0.0036561 -0.0078532
0.0007365 -0.0059941
0.0004666 -0.0071869
0.0000000 0.0000000
0.0017821 -0.0131553
0.0001625 -0.0077917
-0.0001284 -0.0078618
0.0000000 0.0000000
-0.0004071 -0.0145009
-0.0003749 -0.0073551
-0.0005825 -0.0064545
0.0000000 0.0000000
-0.0020879 -0.0121365
-0.0006959 -0.0051956
-0.0007528 -0.0038266
0.0000000 0.0000000
-0.0027324 -0.0075731
-0.0006831 -0.0024182
-0.0005412 -0.0012335
0.0000000 0.0000000
-0.0020795 -0.0029170
-0.0002828 -0.0004564
-0.0000077 -0.0000078
0.0000000 0.0000000
-0.0004566 -0.0002885
0.0000000 0.0000000
0.0000000 0.0000000
-0.0012421 0.0005543
-0.0025438 0.0007520
-0.0029741 0.0020832
-0.0044596 0.0045484
-0.0076631 0.0059877
-0.0054155 0.0076094
-0.0057113 0.0109530
-0.0095345 0.0139811
-0.0053432 0.0142498
-0.0043572 0.0171102
-0.0072680 0.0216016
-0.0028218 0.0192380
-0.0008373 0.0202826
-0.0014062 0.0256133
0.0014338 0.0200528
0.0037752 0.0184084
0.0063620 0.0233526
0.0059603 0.0153462
0.0077617 0.0110467
0.0131488 0.0140773
0.0089285 0.0057755
0.0093531 0.0000286
0.0158790 0.0000318
0.0089227 -0.0057644
0.0077652 -0.0110113
0.0131778 -0.0140298
0.0059493 -0.0153481
0.0037604 -0.0184236
0.0063773 -0.0233619
0.0013987 -0.0200512
-0.0008667 -0.0203099
-0.0014129 -0.0256360
-0.0028312 -0.0192376
-0.0043734 -0.0171305
-0.0072688 -0.0216159
-0.0053406 -0.0142448
-0.0057041 -0.0109682
-0.0095295 -0.0139845
-0.0053847 -0.0076035
-0.0044363 -0.0045427
-0.0076423 -0.0059734
-0.0029373 -0.0021469
-0.0012387 -0.0005531
-0.0025175 -0.0007611
0.0000000 0.0000000
0.0000000 0.0000000
-0.0041616 0.0009233
-0.0061125 0.0010572
-0.0082914 0.0034347
-0.0115849 0.0072066
-0.0161777 0.0082310
-0.0136155 0.0117478
-0.0141634 0.0166644
-0.0195761 0.0190361
-0.0132285 0.0214767
-0.0108293 0.0257542
-0.0151364 0.0296439
-0.0071125 0.0290029
-0.0022013 0.0307618
-0.0033715 0.0358739
0.0034804 0.0306277
0.0094597 0.0283239
0.0129473 0.0335054
0.0151027 0.0237884
0.0198048 0.0172066
0.0277245 0.0205805
0.0228887 0.0090553
0.0239945 0.0000434
0.0337653 0.0000573
0.0228944 -0.0089978
0.0198394 -0.0171487
0.0277776 -0.0204887
0.0151367 -0.0237690
0.0094670 -0.0283592
0.0129801 -0.0335329
0.0034545 -0.0306288
-0.0022381 -0.0308047
-0.0033812 -0.0359216
-0.0071020 -0.0290266
-0.0108620 -0.0257693
-0.0151465 -0.0296632
-0.0132367 -0.0214758
-0.0141755 -0.0166625
-0.0195710 -0.0190395
-0.0135955 -0.0117437
-0.0115817 -0.0071953
-0.0161446 -0.0082259
-0.0082820 -0.0034718
-0.0041656 -0.0009330
-0.0060966 -0.0010625
0.0000000 0.0000000
0.0000000 0.0000000
-0.0082746 0.0011756
-0.0106492 0.0012478
-0.0156472 0.0043426
-0.0212787 0.0090677
-0.0268648 0.0096361
-0.0247150 0.0147730
-0.0257011 0.0210461
-0.0325440 0.0225258
-0.0242380 0.0273381
-0.0202244 0.0331690
-0.0261914 0.0360413
-0.0138046 0.0378693
-0.0050483 0.0408361
-0.0074120 0.0452956
0.0053976 0.0413441
0.0167385 0.0388479
0.0206618 0.0440082
0.0276757 0.0330875
0.0369707 0.0241741
0.0475169 0.0278039
0.0431217 0.0128382
0.0453350 0.0000762
0.0587897 0.0000981
0.0431354 -0.0127182
0.0370528 -0.0240576
0.0477108 -0.0276453
0.0277905 -0.0330334
0.0167824 -0.0389134
0.0208049 -0.0440811
0.0053894 -0.0413578
-0.0051109 -0.0409206
-0.0074208 -0.0454077
-0.0137939 -0.0379399
-0.0202902 -0.0331913
-0.0262002 -0.0360894
-0.0242568 -0.0273478
-0.0257365 -0.0210456
-0.0325256 -0.0225494
-0.0246969 -0.0147763
-0.0212808 -0.0090588
-0.0268303 -0.0096422
-0.0156400 -0.0043662
-0.0082789 -0.0011760
-0.0106317 -0.0012468
0.0000000 0.0000000
0.0000000 0.0000000
-0.0130993 0.0012939
-0.0155985 0.0012570
-0.0242447 0.0047434
-0.0326589 0.0098919
-0.0385388 0.0096558
-0.0379161 0.0161660
-0.0397866 0.0232505
-0.0473309 0.0228607
-0.0382011 0.0305930
-0.0328308 0.0377809
-0.0401160 0.0377770
-0.0236506 0.0440107
-0.0104867 0.0485535
-0.0143010 0.0497325
0.0059651 0.0503036
0.0246026 0.0483213
0.0284180 0.0507184
0.0431432 0.0419170
0.0592824 0.0310518
0.0719219 0.0330560
0.0700850 0.0166875
0.0740032 0.0001625
0.0905687 0.0000923
0.0701626 -0.0164620
0.0595411 -0.0308084
0.0722998 -0.0328895
0.0434863 -0.0418332
0.0247898 -0.0484276
0.0286869 -0.0507896
0.0060397 -0.0503871
-0.0105781 -0.0487035
-0.0143668 -0.0498739
-0.0236741 -0.0441280
-0.0329591 -0.0378117
-0.0401975 -0.0378578
-0.0382395 -0.0306252
-0.0398493 -0.0232461
-0.0473482 -0.0229097
-0.0379202 -0.0161801
-0.0326777 -0.0098774
-0.0385278 -0.0096688
-0.0242537 -0.0047537
-0.0131123 -0.0012896
-0.0155785 -0.0012570
0.0000000 0.0000000
0.0000000 0.0000000
-0.0179538 0.0011839
-0.0200751 0.0009954
-0.0328357 0.0043030
-0.0440957 0.0089338
-0.0490673 0.0075404
-0.0513853 0.0146294
-0.0545656 0.0212141
-0.0611838 0.0179676
-0.0534252 0.0282490
-0.0473708 0.0355363
-0.0543024 0.0305128
-0.0359511 0.0422579
-0.0184726 0.0478244
-0.0228211 0.0420205
0.0045491 0.0507882
0.0319197 0.0499638
0.0350379 0.0449684
0.0601066 0.0441899
0.0850163 0.0331544
0.0976442 0.0301342
0.1018321 0.0179800
0.1079311 0.0001667
0.1245899 -0.0001289
0.1019846 -0.0178969
0.0855035 -0.0328688
0.0980438 -0.0303171
0.0606294 -0.0440453
0.0322587 -0.0499762
0.0356000 -0.0449420
0.0047724 -0.0508146
-0.0186161 -0.0478656
-0.0227093 -0.0419869
-0.0360687 -0.0423340
-0.0475694 -0.0354934
-0.0543916 -0.0305059
-0.0535014 -0.0282586
-0.0546473 -0.0211695
-0.0612293 -0.0179823
-0.0514160 -0.0146217
-0.0441210 -0.0088968
-0.0490856 -0.0075417
-0.0328574 -0.0042796
-0.0179575 -0.0011693
-0.0200663 -0.0009853
0.0000000 0.0000000
0.0000000 0.0000000
-0.0217953 0.0007640
-0.0229398 0.0004378
-0.0395510 0.0027566
-0.0530374 0.0056412
-0.0556324 0.0031917
-0.0620024 0.0092113
-0.0664549 0.0133963
-0.0699581 0.0074758
-0.0660048 0.0179871
-0.0598531 0.0229764
-0.0636950 0.0129518
-0.0469873 0.0278387
-0.0261727 0.0322953
-0.0285331 0.0188802
0.0026347 0.0350959
0.0381178 0.0354246
0.0405580 0.0217291
0.0755418 0.0318933
0.1088329 0.0241454
0.1170996 0.0150896
0.1313579 0.0132286
0.1394235 -0.0001308
0.1499254 -0.0003692
0.1314624 -0.0136866
0.1093697 -0.0242437
0.1172172 -0.0157511
0.0759586 -0.0318890
0.0385207 -0.0352643
0.0405544 -0.0216395
0.0029749 -0.0348925
-0.0262213 -0.0320542
-0.0285535 -0.0186147
-0.0470879 -0.0277311
-0.0599970 -0.0227972
-0.0637643 -0.0128113
-0.0660692 -0.0179191
-0.0665008 -0.0133111
-0.0700275 -0.0074407
-0.0620274 -0.0091792
-0.0530366 -0.0056068
-0.0556605 -0.0032007
-0.0395660 -0.0027072
-0.0217869 -0.0007534
-0.0229118 -0.0004442
0.0000000 0.0000000
0.0000000 0.0000000
-0.0235017 0.0000991
-0.0233184 -0.0002671
-0.0424996 0.0003146
-0.0568211 0.0004770
-0.0562519 -0.0023345
-0.0664468 0.0006641
-0.0714230 0.0008682
-0.0705044 -0.0059517
-0.0712845 0.0011320
-0.0651459 0.0015726
-0.0640034 -0.0102024
-0.0515953 0.0021790
-0.0290884 0.0031727
-0.0279609 -0.0131430
0.0028581 0.0041778
0.0425332 0.0051998
0.0438947 -0.0119784
0.0848748 0.0053671
0.1218765 0.0043240
0.1226898 -0.0069494
0.1469479 0.0026426
0.1557684 -0.0003438
0.1557003 -0.0003203
0.1469631 -0.0031735
0.1220894 -0.0048097
0.1221827 0.0064366
0.0847234 -0.0056515
0.0426217 -0.0051158
0.0433748 0.0120131
0.0028373 -0.0039331
-0.0291168 -0.0029246
-0.0280482 0.0133473
-0.0515480 -0.0019995
-0.0651119 -0.0014283
-0.0639968 0.0103373
-0.0712890 -0.0010506
-0.0713892 -0.0008191
-0.0705156 0.0060034
-0.0664502 -0.0006392
-0.0567630 -0.0004759
-0.0562647 0.0023285
-0.0424566 -0.0002558
-0.0234565 -0.0000895
-0.0233085 0.0002762
0.0000000 0.0000000
0.0000000 0.0000000
-0.0224656 -0.0006147
-0.0209758 -0.0009022
-0.0405879 -0.0022851
-0.0541080 -0.0049490
-0.0505021 -0.0071427
-0.0630775 -0.0082805
-0.0674773 -0.0122320
-0.0624884 -0.0174320
-0.0669448 -0.0165250
-0.0605700 -0.0209498
-0.0551073 -0.0296733
-0.0471569 -0.0249822
-0.0253207 -0.0280047
-0.0216618 -0.0398619
0.0053062 -0.0292918
0.0431560 -0.0279146
0.0412915 -0.0403424
0.0833294 -0.0237662
0.1176378 -0.0174415
0.1090194 -0.0253324
0.1410718 -0.0090985
0.1489614 -0.0003945
0.1372759 -0.0000884
0.1408012 0.0086356
0.1173478 0.0168582
0.1084027 0.0252071
0.0827442 0.0235201
0.0427179 0.0277924
0.0409355 0.0402017
0.0052635 0.0294201
-0.0253931 0.0281221
-0.0215047 0.0398750
-0.0470903 0.0251587
-0.0605045 0.0209679
-0.0549986 0.0297140
-0.0668369 0.0165896
-0.0673814 0.0122098
-0.0624190 0.0174599
-0.0630174 0.0082986
-0.0540349 0.0049152
-0.0504900 0.0071336
-0.0405549 0.0023373
-0.0224311 0.0006190
-0.0210042 0.0008985
0.0000000 0.0000000
0.0000000 0.0000000
-0.0190672 -0.0011314
-0.0167343 -0.0012548
-0.0344910 -0.0041679
-0.0458600 -0.0088126
-0.0403888 -0.0098241
-0.0531247 -0.0145693
-0.0562013 -0.0212657
-0.0490078 -0.0234712
-0.0548613 -0.0284441
-0.0484031 -0.0357667
-0.0411436 -0.0389108
-0.0361586 -0.0424293
-0.0172666 -0.0475829
-0.0130339 -0.0510168
0.0081873 -0.0500196
0.0383467 -0.0482142
0.0343321 -0.0512520
0.0698348 -0.0416332
0.0967536 -0.0306549
0.0829412 -0.0324439
0.1151160 -0.0159378
0.1213607 -0.0001696
0.1034238 0.0002663
0.1148646 0.0159592
0.0963567 0.0304723
0.0825506 0.0327230
0.0691263 0.0415004
0.0376937 0.0479821
0.0337004 0.0511218
0.0078400 0.0498115
-0.0175016 0.0474652
-0.0133408 0.0509251
-0.0360570 0.0424708
-0.0483787 0.0356601
-0.0410616 0.0388577
-0.0547448 0.0284332
-0.0561363 0.0211859
-0.0489523 0.0234538
-0.0530579 0.0145752
-0.0458041 0.0087674
-0.0403787 0.0098227
-0.0344492 0.0041953
-0.0190295 0.0011268
-0.0167618 0.0012605
0.0000000 0.0000000
0.0000000 0.0000000
-0.0142577 -0.0013346
-0.0116904 -0.0013208
-0.0259860 -0.0049271
-0.0345551 -0.0102965
-0.0286151 -0.0102148
-0.0397866 -0.0168818
-0.0415246 -0.0243182
-0.0341397 -0.0238906
-0.0396909 -0.0320762
-0.0339067 -0.0396356
-0.0271749 -0.0382927
-0.0239948 -0.0462146
-0.0095079 -0.0509060
-0.0066567 -0.0481829
0.0089031 -0.0526853
0.0295695 -0.0502371
0.0245848 -0.0466177
0.0505852 -0.0432386
0.0684979 -0.0317069
0.0548410 -0.0291378
0.0807118 -0.0164811
0.0849202 0.0001475
0.0675788 0.0002572
0.0805791 0.0168955
0.0683308 0.0319670
0.0548194 0.0294559
0.0503090 0.0433167
0.0291633 0.0502034
0.0244351 0.0467145
0.0084840 0.0524863
-0.0097165 0.0507774
-0.0067741 0.0480767
-0.0238441 0.0461371
-0.0338926 0.0395081
-0.0271093 0.0382101
-0.0396163 0.0320237
-0.0415163 0.0242434
-0.0341314 0.0238576
-0.0397449 0.0168775
-0.0345415 0.0102681
-0.0286273 0.0102161
-0.0259652 0.0049336
-0.0142463 0.0013331
-0.0117174 0.0013232
0.0000000 0.0000000
0.0000000 0.0000000
-0.0092044 -0.0012744
-0.0068552 -0.0011666
-0.0170735 -0.0047082
-0.0228686 -0.0097601
-0.0174962 -0.0089661
-0.0262959 -0.0158864
-0.0271693 -0.0226024
-0.0208143 -0.0206374
-0.0254806 -0.0293845
-0.0210956 -0.0356262
-0.0158844 -0.0320932
-0.0140961 -0.0407081
-0.0044490 -0.0438606
-0.0029741 -0.0388054
0.0072200 -0.0443919
0.0197368 -0.0415705
0.0151302 -0.0361340
0.0320723 -0.0353307
0.0425198 -0.0257098
0.0317342 -0.0220996
0.0495736 -0.0133996
0.0520354 0.0001387
0.0386347 0.0001079
0.0495405 0.0136682
0.0425276 0.0259556
0.0317958 0.0222407
0.0320783 0.0354605
0.0195968 0.0417058
0.0150895 0.0362458
0.0069640 0.0443579
-0.0046069 0.0437984
-0.0030576 0.0387774
-0.0140221 0.0406292
-0.0211166 0.0355562
-0.0158845 0.0320691
-0.0254598 0.0293467
-0.0271971 0.0225668
-0.0208354 0.0206327
-0.0262849 0.0158780
-0.0228852 0.0097494
-0.0175132 0.0089731
-0.0170741 0.0046959
-0.0092087 0.0012692
-0.0068773 0.0011636
0.0000000 0.0000000
0.0000000 0.0000000
-0.0047415 -0.0010409
-0.0029146 -0.0008589
-0.0092089 -0.0038457
-0.0126384 -0.0079318
-0.0084126 -0.0066470
-0.0146797 -0.0128875
-0.0151636 -0.0182244
-0.0102705 -0.0154131
-0.0140905 -0.0234655
-0.0114552 -0.0280872
-0.0077402 -0.0237155
-0.0073812 -0.0316083
-0.0019712 -0.0334802
-0.0012974 -0.0280386
0.0043590 -0.0332988
0.0109722 -0.0307142
0.0073459 -0.0254668
0.0173238 -0.0257646
0.0226200 -0.0185897
0.0149916 -0.0152948
0.0261599 -0.0096890
0.0274081 0.0000684
0.0181075 0.0000469
0.0261624 0.0097959
0.0226641 0.0187078
0.0150150 0.0153637
0.0173656 0.0258294
0.0109499 0.0308143
0.0073297 0.0255324
0.0042729 0.0333075
-0.0020240 0.0334731
-0.0013272 0.0280370
-0.0073270 0.0315693
-0.0114595 0.0280766
-0.0077357 0.0237104
-0.0140786 0.0234706
-0.0151881 0.0182202
-0.0102905 0.0154168
-0.0146892 0.0128940
-0.0126592 0.0079394
-0.0084387 0.0066678
-0.0092136 0.0038103
-0.0047463 0.0010293
-0.0029469 0.0008511
0.0000000 0.0000000
0.0000000 0.0000000
-0.0014729 -0.0006379
-0.0005667 -0.0003462
-0.0033446 -0.0024402
-0.0049221 -0.0051144
-0.0023291 -0.0033360
-0.0058961 -0.0084945
-0.0061822 -0.0121872
-0.0029841 -0.0084919
-0.0057652 -0.0157837
-0.0046917 -0.0189197
-0.0022656 -0.0135060
-0.0030199 -0.0212154
-0.0008301 -0.0223525
-0.0004157 -0.0160916
0.0016937 -0.0220745
0.0043064 -0.0202179
0.0020290 -0.0145842
0.0067728 -0.0168487
0.0088253 -0.0120915
0.0041561 -0.0087125
0.0101739 -0.0063120
0.0106678 0.0000336
0.0050029 0.0000313
0.0101889 0.0063386
0.0088621 0.0121529
0.0041270 0.0087633
0.0068172 0.0168708
0.0043270 0.0202736
0.0019742 0.0146167
0.0016962 0.0220849
-0.0008290 0.0223608
-0.0004691 0.0160904
-0.0029826 0.0212087
-0.0046895 0.0189170
-0.0022880 0.0134947
-0.0057610 0.0157967
-0.0062087 0.0121753
-0.0029683 0.0084765
-0.0059284 0.0085099
-0.0049543 0.0051202
-0.0022598 0.0033486
-0.0033808 0.0023699
-0.0014807 0.0006376
-0.0004912 0.0003701
0.0000000 0.0000000
0.0000000 0.0000000
-0.0000288 -0.0000301
0.0000000 0.0000000
-0.0003368 -0.0005656
-0.0006122 -0.0014610
0.0000000 0.0000000
-0.0007598 -0.0027880
-0.0008259 -0.0043494
0.0000000 0.0000000
-0.0007624 -0.0058668
-0.0006386 -0.0072523
0.0000000 0.0000000
-0.0004157 -0.0082478
-0.0001385 -0.0088061
0.0000000 0.0000000
0.0001893 -0.0087441
0.0005267 -0.0080554
0.0000000 0.0000000
0.0008344 -0.0067339
0.0011107 -0.0048370
0.0000000 0.0000000
0.0012666 -0.0025503
0.0013489 0.0000164
0.0000000 0.0000000
0.0012691 0.0025146
0.0011135 0.0048681
0.0000000 0.0000000
0.0008414 0.0067214
0.0005232 0.0080806
0.0000000 0.0000000
0.0001864 0.0087579
-0.0001459 0.0088138
0.0000000 0.0000000
-0.0004118 0.0082790
-0.0006415 0.0072551
0.0000000 0.0000000
-0.0007607 0.0059132
-0.0008236 0.0043438
0.0000000 0.0000000
-0.0007575 0.0028434
-0.0006214 0.0014525
0.0000000 0.0000000
-0.0003710 0.0004998
-0.0000479 0.0000479
0.0000000 0.0000000
0.0000000 0.0000000
0.04271667
0.04040003
0.03515672
0.03347473
0.03620064
0.04204272
0.04861298
0.0530303
0.05329024
0.04922988
0.04274551
0.03671265
0.03373924
0.0349951
0.03992955
0.04274677
0.04510696
0.04269522
0.03955715
0.03779476
0.03835242
0.04070177
0.04355278
0.04552044
0.04571868
0.04405424
0.04127001
0.03880266
0.03801066
0.03942223
0.04272461
0.04553521
0.05088871
0.0456444
0.0418445
0.03953845
0.03875028
0.03908574
0.03980521
0.0403382
0.04042602
0.04006405
0.0393256
0.03897057
0.03971628
0.04199162
0.04602118
0.05127641
0.05495198
0.04775035
0.04285002
0.0397951
0.03814652
0.03729712
0.03664135
0.03620788
0.0363205
0.03694267
0.03738744
0.03823322
0.03995158
0.04295763
0.04794907
0.0551947
0.05607394
0.04775127
0.0423762
0.03907968
0.03724913
0.03598754
0.03445575
0.03297743
0.03305484
0.0347404
0.0358919
0.03708496
0.03907279
0.04233311
0.04780582
0.05621338
0.05339528
0.04509411
0.04019218
0.0376541
0.03670921
0.03583096
0.03418905
0.0315693
0.03161648
0.03447366
0.0359948
0.03640854
0.03740516
0.03995792
0.04491928
0.05321008
0.04595195
0.03948638
0.03621603
0.03538998
0.03648251
0.03829128
0.03731075
0.03279789
0.03303273
0.03716946
0.03775342
0.03596662
0.03496029
0.03580824
0.03906714
0.04554262
0.03391149
0.03099418
0.03018307
0.03154264
0.03533231
0.04040842
0.04163573
0.03589036
0.03592321
0.04129079
0.03980988
0.03469195
0.0311892
0.02980259
0.03033863
0.0330142
0.01910496
0.02091085
0.02275214
0.0256874
0.03032794
0.03616462
0.03810131
0.03328693
0.0331864
0.03808159
0.03676983
0.03067432
0.02564115
0.02251159
0.02030826
0.01845293
0.005293939
0.01107601
0.014967
0.01853786
0.02236211
0.02648808
0.02631936
0.02253675
0.02240301
0.02665068
0.02661238
0.02282401
0.01872358
0.01492729
0.0106373
0.004660515
-0.005402708
0.002843199
0.007996179
0.01162161
0.01426021
0.01613231
0.01525492
0.01250971
0.01246748
0.0151118
0.01581115
0.0146373
0.01178528
0.008047116
0.002734893
-0.005526373
-0.01101148
-0.002336169
0.003067602
0.006404336
0.007958332
0.008065495
0.007447528
0.005712885
0.005735559
0.007509169
0.008675388
0.008295123
0.006564208
0.003208177
-0.00219399
-0.01086786
-0.011913
-0.00418108
0.0006643991
0.003378634
0.004306155
0.003654732
0.002493114
0.001075647
0.001113523
0.002473133
0.003932867
0.004439798
0.003557205
0.000838185
-0.003905558
-0.01160872
-0.008901733
-0.003165241
0.0007268147
0.002507881
0.002324359
0.0005800716
-0.001536237
-0.003156644
-0.003102286
-0.001401924
0.000894877
0.0025858
0.002766713
0.000915881
-0.002721609
-0.008432436
-0.003170379
-5.297942e-05
0.003132007
0.003970701
0.002111833
-0.001763321
-0.005931011
-0.008574408
-0.00836023
-0.005386672
-0.001107791
0.002614557
0.004241509
0.003040927
2.655474e-05
-0.002671919
-6.681028e-05
0.003035791
0.007965836
0.008626731
0.004379166
-0.003354754
-0.01165093
-0.01692741
-0.01665175
-0.01094669
-0.002561344
0.004990022
0.008915522
0.007851853
0.002604326
0
