0.0000000 0.0000000
0.0000000 0.0000000
0.0000000 0.0000000
0.0000000 0.0000000
0.0000000 0.0000000
0.0000000 0.0000000
0.0000000 0.0000000
0.0000000 0.0000000
0.0000000 0.0000000
0.0000000 0.0000000
0.0000000 0.0000000
0.0000000 0.0000000
0.0000000 0.0000000
0.0000000 0.0000000
0.0000000 0.0000000
0.0000000 0.0000000
0.0000000 0.0000000
-0.0000077 0.0000077
-0.0000158 0.0000316
-0.0000158 0.0000619
-0.0000077 0.0000839
0.0000050 0.0000860
0.0000173 0.0000643
0.0000249 0.0000237
0.0000249 -0.0000239
0.0000174 -0.0000644
0.0000050 -0.0000861
-0.0000077 -0.0000840
-0.0000158 -0.0000619
-0.0000160 -0.0000315
-0.0000078 -0.0000078
0.0000000 0.0000000
0.0000000 0.0000000
-0.0000324 0.0000171
-0.0000553 0.0000587
-0.0000523 0.0001056
-0.0000237 0.0001371
0.0000193 0.0001373
0.0000609 0.0001015
0.0000861 0.0000373
0.0000861 -0.0000376
0.0000608 -0.0001018
0.0000191 -0.0001376
-0.0000239 -0.0001373
-0.0000524 -0.0001058
-0.0000553 -0.0000587
-0.0000323 -0.0000173
0.0000000 0.0000000
0.0000000 0.0000000
-0.0000693 0.0000220
-0.0001083 0.0000727
-0.0000982 0.0001271
-0.0000420 0.0001617
0.0000400 0.0001599
0.0001184 0.0001172
0.0001659 0.0000429
0.0001659 -0.0000434
0.0001183 -0.0001178
0.0000398 -0.0001604
-0.0000422 -0.0001621
-0.0000984 -0.0001274
-0.0001084 -0.0000728
-0.0000693 -0.0000221
0.0000000 0.0000000
0.0000000 0.0000000
-0.0001106 0.0000224
-0.0001655 0.0000731
-0.0001461 0.0001266
-0.0000597 0.0001596
0.0000632 0.0001567
0.0001798 0.0001143
0.0002501 0.0000416
0.0002501 -0.0000425
0.0001796 -0.0001152
0.0000629 -0.0001574
-0.0000600 -0.0001601
-0.0001464 -0.0001269
-0.0001658 -0.0000733
-0.0001107 -0.0000224
0.0000000 0.0000000
0.0000000 0.0000000
-0.0001489 0.0000189
-0.0002181 0.0000618
-0.0001893 0.0001066
-0.0000750 0.0001339
0.0000849 0.0001311
0.0002357 0.0000953
0.0003263 0.0000345
0.0003262 -0.0000357
0.0002354 -0.0000964
0.0000844 -0.0001319
-0.0000755 -0.0001345
-0.0001899 -0.0001070
-0.0002185 -0.0000620
-0.0001490 -0.0000190
0.0000000 0.0000000
0.0000000 0.0000000
-0.0001781 0.0000127
-0.0002582 0.0000415
-0.0002221 0.0000715
-0.0000863 0.0000896
0.0001017 0.0000876
0.0002782 0.0000635
0.0003842 0.0000229
0.0003840 -0.0000241
0.0002778 -0.0000647
0.0001010 -0.0000885
-0.0000871 -0.0000903
-0.0002229 -0.0000719
-0.0002588 -0.0000417
-0.0001784 -0.0000127
0.0000000 0.0000000
0.0000000 0.0000000
-0.0001942 0.0000048
-0.0002802 0.0000154
-0.0002400 0.0000265
-0.0000924 0.0000332
0.0001110 0.0000323
0.0003017 0.0000233
0.0004159 0.0000082
0.0004157 -0.0000093
0.0003011 -0.0000243
0.0001101 -0.0000331
-0.0000934 -0.0000338
-0.0002410 -0.0000269
-0.0002810 -0.0000156
-0.0001947 -0.0000047
0.0000000 0.0000000
0.0000000 0.0000000
-0.0001950 -0.0000039
-0.0002812 -0.0000129
-0.0002407 -0.0000223
-0.0000926 -0.0000280
0.0001116 -0.0000274
0.0003029 -0.0000201
0.0004175 -0.0000076
0.0004173 0.0000069
0.0003022 0.0000195
0.0001106 0.0000270
-0.0000937 0.0000277
-0.0002419 0.0000221
-0.0002821 0.0000128
-0.0001956 0.0000040
0.0000000 0.0000000
0.0000000 0.0000000
-0.0001801 -0.0000121
-0.0002608 -0.0000397
-0.0002240 -0.0000684
-0.0000868 -0.0000858
0.0001031 -0.0000839
0.0002814 -0.0000611
0.0003883 -0.0000223
0.0003880 0.0000223
0.0002807 0.0000611
0.0001021 0.0000840
-0.0000880 0.0000859
-0.0002252 0.0000685
-0.0002618 0.0000397
-0.0001807 0.0000122
0.0000000 0.0000000
0.0000000 0.0000000
-0.0001516 -0.0000187
-0.0002217 -0.0000612
-0.0001921 -0.0001054
-0.0000757 -0.0001324
0.0000869 -0.0001296
0.0002400 -0.0000943
0.0003320 -0.0000343
0.0003317 0.0000349
0.0002393 0.0000949
0.0000858 0.0001301
-0.0000768 0.0001328
-0.0001932 0.0001057
-0.0002226 0.0000613
-0.0001521 0.0000188
0.0000000 0.0000000
0.0000000 0.0000000
-0.0001133 -0.0000226
-0.0001692 -0.0000737
-0.0001490 -0.0001275
-0.0000605 -0.0001606
0.0000652 -0.0001576
0.0001842 -0.0001149
0.0002559 -0.0000416
0.0002557 0.0000429
0.0001837 0.0001161
0.0000643 0.0001586
-0.0000614 0.0001613
-0.0001499 0.0001279
-0.0001699 0.0000740
-0.0001138 0.0000226
0.0000000 0.0000000
0.0000000 0.0000000
-0.0000714 -0.0000226
-0.0001112 -0.0000742
-0.0001006 -0.0001296
-0.0000427 -0.0001647
0.0000415 -0.0001626
0.0001219 -0.0001190
0.0001705 -0.0000431
0.0001704 0.0000447
0.0001216 0.0001205
0.0000409 0.0001639
-0.0000433 0.0001656
-0.0001012 0.0001301
-0.0001117 0.0000745
-0.0000717 0.0000226
0.0000000 0.0000000
0.0000000 0.0000000
-0.0000334 -0.0000178
-0.0000570 -0.0000604
-0.0000537 -0.0001086
-0.0000243 -0.0001407
0.0000201 -0.0001408
0.0000628 -0.0001037
0.0000888 -0.0000377
0.0000888 0.0000392
0.0000627 0.0001051
0.0000198 0.0001419
-0.0000245 0.0001415
-0.0000540 0.0001090
-0.0000573 0.0000607
-0.0000337 0.0000177
0.0000000 0.0000000
0.0000000 0.0000000
-0.0000081 -0.0000081
-0.0000165 -0.0000326
-0.0000163 -0.0000640
-0.0000078 -0.0000866
0.0000053 -0.0000886
0.0000180 -0.0000660
0.0000258 -0.0000242
0.0000257 0.0000250
0.0000179 0.0000668
0.0000051 0.0000892
-0.0000080 0.0000871
-0.0000164 0.0000643
-0.0000164 0.0000328
-0.0000080 0.0000080
0.0000000 0.0000000
0.0000000 0.0000000
0.0000000 0.0000000
0.0000000 0.0000000
0.0000000 0.0000000
0.0000000 0.0000000
0.0000000 0.0000000
0.0000000 0.0000000
0.0000000 0.0000000
0.0000000 0.0000000
0.0000000 0.0000000
0.0000000 0.0000000
0.0000000 0.0000000
0.0000000 0.0000000
0.0000000 0.0000000
0.0000000 0.0000000
0.0000000 0.0000000
0.0000000 0.0000000
-0.0000002 0.0000002
0.0000000 0.0000000
-0.0000024 0.0000019
-0.0000019 0.0000025
-0.0000034 0.0000076
0.0000000 0.0000000
-0.0000125 0.0000180
-0.0000043 0.0000154
-0.0000047 0.0000239
0.0000000 0.0000000
-0.0000170 0.0000467
-0.0000044 0.0000329
-0.0000036 0.0000404
0.0000000 0.0000000
-0.0000128 0.0000747
-0.0000022 0.0000460
-0.0000006 0.0000486
0.0000000 0.0000000
-0.0000018 0.0000878
0.0000013 0.0000478
0.0000031 0.0000437
0.0000000 0.0000000
0.0000114 0.0000779
0.0000046 0.0000360
0.0000060 0.0000258
0.0000000 0.0000000
0.0000220 0.0000458
0.0000067 0.0000133
0.0000071 0.0000001
0.0000000 0.0000000
0.0000260 0.0000001
0.0000067 -0.0000135
0.0000060 -0.0000257
0.0000000 0.0000000
0.0000222 -0.0000457
0.0000046 -0.0000361
0.0000031 -0.0000436
0.0000000 0.0000000
0.0000117 -0.0000779
0.0000013 -0.0000479
-0.0000006 -0.0000487
0.0000000 0.0000000
-0.0000015 -0.0000879
-0.0000022 -0.0000459
-0.0000036 -0.0000406
0.0000000 0.0000000
-0.0000126 -0.0000749
-0.0000044 -0.0000327
-0.0000048 -0.0000240
0.0000000 0.0000000
-0.0000171 -0.0000470
-0.0000043 -0.0000151
-0.0000034 -0.0000077
0.0000000 0.0000000
-0.0000129 -0.0000180
-0.0000018 -0.0000028
-0.0000001 -0.0000001
0.0000000 0.0000000
-0.0000028 -0.0000018
0.0000000 0.0000000
0.0000000 0.0000000
-0.0000077 0.0000034
-0.0000156 0.0000046
-0.0000182 0.0000128
-0.0000274 0.0000278
-0.0000466 0.0000360
-0.0000334 0.0000465
-0.0000352 0.0000667
-0.0000574 0.0000827
-0.0000324 0.0000864
-0.0000255 0.0001027
-0.0000408 0.0001244
-0.0000152 0.0001141
-0.0000026 0.0001186
-0.0000032 0.0001416
0.0000111 0.0001154
0.0000247 0.0001043
0.0000412 0.0001237
0.0000367 0.0000857
0.0000463 0.0000610
0.0000763 0.0000720
0.0000523 0.0000316
0.0000544 0.0000000
0.0000895 -0.0000001
0.0000523 -0.0000318
0.0000462 -0.0000610
0.0000763 -0.0000721
0.0000366 -0.0000859
0.0000246 -0.0001044
0.0000413 -0.0001239
0.0000110 -0.0001156
-0.0000027 -0.0001188
-0.0000031 -0.0001419
-0.0000153 -0.0001142
-0.0000256 -0.0001030
-0.0000407 -0.0001246
-0.0000324 -0.0000865
-0.0000352 -0.0000670
-0.0000574 -0.0000829
-0.0000333 -0.0000466
-0.0000274 -0.0000279
-0.0000466 -0.0000360
-0.0000181 -0.0000132
-0.0000077 -0.0000034
-0.0000155 -0.0000047
0.0000000 0.0000000
0.0000000 0.0000000
-0.0000253 0.0000055
-0.0000365 0.0000060
-0.0000498 0.0000202
-0.0000692 0.0000419
-0.0000943 0.0000454
-0.0000807 0.0000674
-0.0000826 0.0000942
-0.0001097 0.0001010
-0.0000746 0.0001191
-0.0000575 0.0001395
-0.0000750 0.0001481
-0.0000328 0.0001528
-0.0000031 0.0001573
-0.0000026 0.0001659
0.0000290 0.0001519
0.0000605 0.0001366
0.0000814 0.0001434
0.0000885 0.0001118
0.0001106 0.0000792
0.0001474 0.0000829
0.0001246 0.0000410
0.0001295 -0.0000002
0.0001723 -0.0000002
0.0001246 -0.0000414
0.0001106 -0.0000795
0.0001474 -0.0000834
0.0000885 -0.0001122
0.0000605 -0.0001369
0.0000815 -0.0001438
0.0000290 -0.0001523
-0.0000031 -0.0001576
-0.0000025 -0.0001663
-0.0000329 -0.0001531
-0.0000575 -0.0001397
-0.0000750 -0.0001484
-0.0000747 -0.0001193
-0.0000827 -0.0000944
-0.0001098 -0.0001012
-0.0000808 -0.0000676
-0.0000694 -0.0000419
-0.0000944 -0.0000455
-0.0000499 -0.0000204
-0.0000254 -0.0000056
-0.0000365 -0.0000060
0.0000000 0.0000000
0.0000000 0.0000000
-0.0000482 0.0000062
-0.0000602 0.0000061
-0.0000898 0.0000228
-0.0001204 0.0000467
-0.0001468 0.0000458
-0.0001369 0.0000745
-0.0001376 0.0001032
-0.0001653 0.0001010
-0.0001223 0.0001294
-0.0000926 0.0001504
-0.0001098 0.0001468
-0.0000510 0.0001638
-0.0000016 0.0001677
-0.0000003 0.0001631
0.0000515 0.0001613
0.0001032 0.0001444
0.0001249 0.0001401
0.0001492 0.0001179
0.0001853 0.0000834
0.0002227 0.0000807
0.0002082 0.0000430
0.0002161 -0.0000004
0.0002595 -0.0000004
0.0002082 -0.0000437
0.0001852 -0.0000840
0.0002227 -0.0000816
0.0001491 -0.0001186
0.0001032 -0.0001450
0.0001249 -0.0001409
0.0000514 -0.0001619
-0.0000016 -0.0001682
-0.0000005 -0.0001637
-0.0000512 -0.0001642
-0.0000927 -0.0001508
-0.0001100 -0.0001472
-0.0001225 -0.0001297
-0.0001378 -0.0001034
-0.0001655 -0.0001013
-0.0001371 -0.0000747
-0.0001207 -0.0000468
-0.0001469 -0.0000460
-0.0000901 -0.0000228
-0.0000484 -0.0000063
-0.0000602 -0.0000061
0.0000000 0.0000000
0.0000000 0.0000000
-0.0000715 0.0000058
-0.0000821 0.0000052
-0.0001304 0.0000212
-0.0001719 0.0000432
-0.0001952 0.0000388
-0.0001928 0.0000688
-0.0001916 0.0000950
-0.0002158 0.0000853
-0.0001686 0.0001188
-0.0001260 0.0001376
-0.0001409 0.0001234
-0.0000677 0.0001494
0.0000011 0.0001525
0.0000025 0.0001366
0.0000744 0.0001464
0.0001457 0.0001308
0.0001648 0.0001170
0.0002089 0.0001066
0.0002583 0.0000752
0.0002910 0.0000671
0.0002899 0.0000387
0.0003007 -0.0000005
0.0003383 -0.0000006
0.0002898 -0.0000397
0.0002583 -0.0000762
0.0002909 -0.0000683
0.0002087 -0.0001076
0.0001456 -0.0001317
0.0001646 -0.0001180
0.0000742 -0.0001472
0.0000008 -0.0001532
0.0000021 -0.0001374
-0.0000681 -0.0001499
-0.0001264 -0.0001380
-0.0001413 -0.0001239
-0.0001690 -0.0001191
-0.0001920 -0.0000952
-0.0002163 -0.0000856
-0.0001932 -0.0000689
-0.0001722 -0.0000433
-0.0001955 -0.0000389
-0.0001307 -0.0000211
-0.0000718 -0.0000058
-0.0000822 -0.0000052
0.0000000 0.0000000
0.0000000 0.0000000
-0.0000913 0.0000044
-0.0000989 0.0000035
-0.0001647 0.0000162
-0.0002154 0.0000331
-0.0002322 0.0000261
-0.0002399 0.0000527
-0.0002369 0.0000726
-0.0002543 0.0000573
-0.0002072 0.0000907
-0.0001537 0.0001049
-0.0001642 0.0000827
-0.0000812 0.0001137
0.0000038 0.0001159
0.0000050 0.0000913
0.0000940 0.0001111
0.0001816 0.0000991
0.0001954 0.0000780
0.0002590 0.0000807
0.0003195 0.0000568
0.0003429 0.0000446
0.0003580 0.0000291
0.0003712 -0.0000007
0.0003982 -0.0000007
0.0003579 -0.0000304
0.0003193 -0.0000581
0.0003427 -0.0000459
0.0002587 -0.0000819
0.0001812 -0.0001002
0.0001949 -0.0000791
0.0000936 -0.0001120
0.0000033 -0.0001168
0.0000043 -0.0000922
-0.0000818 -0.0001143
-0.0001543 -0.0001054
-0.0001649 -0.0000832
-0.0002078 -0.0000910
-0.0002375 -0.0000728
-0.0002550 -0.0000575
-0.0002405 -0.0000528
-0.0002159 -0.0000331
-0.0002327 -0.0000262
-0.0001651 -0.0000161
-0.0000915 -0.0000044
-0.0000991 -0.0000035
0.0000000 0.0000000
0.0000000 0.0000000
-0.0001046 0.0000025
-0.0001082 0.0000013
-0.0001879 0.0000090
-0.0002447 0.0000182
-0.0002526 0.0000097
-0.0002715 0.0000290
-0.0002673 0.0000400
-0.0002755 0.0000213
-0.0002330 0.0000499
-0.0001720 0.0000577
-0.0001770 0.0000306
-0.0000900 0.0000625
0.0000059 0.0000636
0.0000065 0.0000338
0.0001074 0.0000609
0.0002057 0.0000543
0.0002123 0.0000287
0.0002925 0.0000441
0.0003604 0.0000309
0.0003715 0.0000162
0.0004036 0.0000157
0.0004183 -0.0000007
0.0004310 -0.0000006
0.0004034 -0.0000170
0.0003601 -0.0000322
0.0003711 -0.0000174
0.0002921 -0.0000453
0.0002051 -0.0000553
0.0002116 -0.0000297
0.0001066 -0.0000618
0.0000051 -0.0000644
0.0000055 -0.0000345
-0.0000909 -0.0000631
-0.0001729 -0.0000582
-0.0001780 -0.0000311
-0.0002338 -0.0000502
-0.0002681 -0.0000402
-0.0002764 -0.0000215
-0.0002723 -0.0000291
-0.0002453 -0.0000183
-0.0002532 -0.0000098
-0.0001883 -0.0000088
-0.0001048 -0.0000024
-0.0001084 -0.0000013
0.0000000 0.0000000
0.0000000 0.0000000
-0.0001095 0.0000001
-0.0001086 -0.0000011
-0.0001965 0.0000005
-0.0002555 0.0000009
-0.0002535 -0.0000081
-0.0002833 0.0000014
-0.0002785 0.0000018
-0.0002764 -0.0000178
-0.0002425 0.0000023
-0.0001788 0.0000025
-0.0001774 -0.0000258
-0.0000932 0.0000027
0.0000067 0.0000027
0.0000067 -0.0000286
0.0001124 0.0000025
0.0002148 0.0000021
0.0002132 -0.0000246
0.0003051 0.0000016
0.0003756 0.0000010
0.0003728 -0.0000144
0.0004205 0.0000002
0.0004358 -0.0000005
0.0004325 -0.0000004
0.0004203 -0.0000013
0.0003752 -0.0000020
0.0003723 0.0000136
0.0003044 -0.0000025
0.0002139 -0.0000029
0.0002122 0.0000240
0.0001115 -0.0000032
0.0000057 -0.0000033
0.0000055 0.0000282
-0.0000943 -0.0000031
-0.0001799 -0.0000029
-0.0001786 0.0000255
-0.0002435 -0.0000024
-0.0002795 -0.0000020
-0.0002774 0.0000177
-0.0002842 -0.0000014
-0.0002562 -0.0000009
-0.0002542 0.0000080
-0.0001970 -0.0000003
-0.0001098 -0.0000001
-0.0001089 0.0000011
0.0000000 0.0000000
0.0000000 0.0000000
-0.0001055 -0.0000022
-0.0001001 -0.0000033
-0.0001893 -0.0000081
-0.0002464 -0.0000167
-0.0002346 -0.0000249
-0.0002734 -0.0000266
-0.0002690 -0.0000368
-0.0002568 -0.0000547
-0.0002344 -0.0000460
-0.0001729 -0.0000533
-0.0001655 -0.0000791
-0.0000903 -0.0000578
0.0000063 -0.0000590
0.0000055 -0.0000875
0.0001084 -0.0000566
0.0002074 -0.0000506
0.0001978 -0.0000750
0.0002948 -0.0000413
0.0003630 -0.0000293
0.0003467 -0.0000432
0.0004064 -0.0000153
0.0004212 -0.0000003
0.0004023 -0.0000001
0.0004062 0.0000148
0.0003625 0.0000288
0.0003461 0.0000431
0.0002940 0.0000409
0.0002064 0.0000502
0.0001968 0.0000749
0.0001073 0.0000563
0.0000050 0.0000588
0.0000042 0.0000875
-0.0000916 0.0000577
-0.0001742 0.0000532
-0.0001668 0.0000792
-0.0002356 0.0000460
-0.0002701 0.0000368
-0.0002579 0.0000548
-0.0002744 0.0000268
-0.0002472 0.0000168
-0.0002354 0.0000249
-0.0001898 0.0000083
-0.0001057 0.0000023
-0.0001004 0.0000033
0.0000000 0.0000000
0.0000000 0.0000000
-0.0000928 -0.0000043
-0.0000837 -0.0000051
-0.0001673 -0.0000157
-0.0002185 -0.0000322
-0.0001985 -0.0000384
-0.0002432 -0.0000513
-0.0002399 -0.0000707
-0.0002192 -0.0000843
-0.0002097 -0.0000884
-0.0001553 -0.0001023
-0.0001426 -0.0001220
-0.0000817 -0.0001109
0.0000045 -0.0001132
0.0000033 -0.0001351
0.0000959 -0.0001085
0.0001845 -0.0000970
0.0001682 -0.0001157
0.0002629 -0.0000790
0.0003241 -0.0000558
0.0002962 -0.0000666
0.0003630 -0.0000288
0.0003762 0.0000001
0.0003440 0.0000003
0.0003627 0.0000291
0.0003235 0.0000560
0.0002956 0.0000672
0.0002621 0.0000793
0.0001835 0.0000972
0.0001672 0.0001163
0.0000947 0.0001088
0.0000032 0.0001134
0.0000020 0.0001356
-0.0000830 0.0001112
-0.0001566 0.0001025
-0.0001439 0.0001224
-0.0002108 0.0000886
-0.0002410 0.0000709
-0.0002203 0.0000846
-0.0002441 0.0000515
-0.0002192 0.0000323
-0.0001993 0.0000385
-0.0001677 0.0000159
-0.0000930 0.0000043
-0.0000840 0.0000051
0.0000000 0.0000000
0.0000000 0.0000000
-0.0000733 -0.0000058
-0.0000617 -0.0000062
-0.0001333 -0.0000211
-0.0001755 -0.0000432
-0.0001502 -0.0000462
-0.0001966 -0.0000687
-0.0001952 -0.0000949
-0.0001687 -0.0001018
-0.0001715 -0.0001186
-0.0001279 -0.0001374
-0.0001116 -0.0001477
-0.0000684 -0.0001491
0.0000019 -0.0001523
0.0000004 -0.0001641
0.0000765 -0.0001461
0.0001492 -0.0001306
0.0001284 -0.0001409
0.0002135 -0.0001064
0.0002638 -0.0000751
0.0002280 -0.0000810
0.0002957 -0.0000386
0.0003066 0.0000005
0.0002653 0.0000006
0.0002955 0.0000396
0.0002632 0.0000760
0.0002275 0.0000823
0.0002127 0.0001073
0.0001482 0.0001314
0.0001274 0.0001420
0.0000755 0.0001469
0.0000007 0.0001530
-0.0000007 0.0001649
-0.0000695 0.0001497
-0.0001291 0.0001379
-0.0001127 0.0001484
-0.0001726 0.0001190
-0.0001961 0.0000952
-0.0001696 0.0001022
-0.0001974 0.0000690
-0.0001761 0.0000433
-0.0001508 0.0000464
-0.0001337 0.0000212
-0.0000734 0.0000058
-0.0000620 0.0000062
0.0000000 0.0000000
0.0000000 0.0000000
-0.0000498 -0.0000064
-0.0000376 -0.0000061
-0.0000925 -0.0000232
-0.0001237 -0.0000474
-0.0000970 -0.0000464
-0.0001404 -0.0000756
-0.0001408 -0.0001047
-0.0001125 -0.0001030
-0.0001250 -0.0001312
-0.0000943 -0.0001524
-0.0000764 -0.0001509
-0.0000517 -0.0001659
-0.0000009 -0.0001698
-0.0000020 -0.0001688
0.0000534 -0.0001632
0.0001064 -0.0001460
0.0000842 -0.0001457
0.0001533 -0.0001192
0.0001902 -0.0000841
0.0001517 -0.0000840
0.0002136 -0.0000432
0.0002216 0.0000008
0.0001770 0.0000008
0.0002134 0.0000447
0.0001897 0.0000855
0.0001513 0.0000856
0.0001527 0.0001205
0.0001056 0.0001473
0.0000835 0.0001470
0.0000525 0.0001643
-0.0000019 0.0001708
-0.0000028 0.0001699
-0.0000526 0.0001667
-0.0000952 0.0001531
-0.0000773 0.0001516
-0.0001258 0.0001318
-0.0001415 0.0001051
-0.0001131 0.0001034
-0.0001409 0.0000759
-0.0001241 0.0000476
-0.0000974 0.0000465
-0.0000926 0.0000232
-0.0000498 0.0000064
-0.0000379 0.0000061
0.0000000 0.0000000
0.0000000 0.0000000
-0.0000263 -0.0000057
-0.0000161 -0.0000048
-0.0000516 -0.0000210
-0.0000715 -0.0000430
-0.0000481 -0.0000371
-0.0000831 -0.0000692
-0.0000849 -0.0000966
-0.0000590 -0.0000852
-0.0000765 -0.0001220
-0.0000587 -0.0001428
-0.0000417 -0.0001278
-0.0000333 -0.0001563
-0.0000027 -0.0001608
-0.0000028 -0.0001453
0.0000303 -0.0001552
0.0000627 -0.0001393
0.0000428 -0.0001265
0.0000914 -0.0001139
0.0001140 -0.0000804
0.0000788 -0.0000733
0.0001283 -0.0000413
0.0001333 0.0000009
0.0000923 0.0000009
0.0001282 0.0000429
0.0001137 0.0000821
0.0000785 0.0000748
0.0000910 0.0001153
0.0000621 0.0001407
0.0000424 0.0001278
0.0000297 0.0001564
-0.0000033 0.0001618
-0.0000034 0.0001462
-0.0000339 0.0001572
-0.0000593 0.0001434
-0.0000421 0.0001284
-0.0000770 0.0001226
-0.0000853 0.0000969
-0.0000593 0.0000855
-0.0000834 0.0000694
-0.0000716 0.0000431
-0.0000483 0.0000372
-0.0000516 0.0000208
-0.0000263 0.0000057
-0.0000163 0.0000048
0.0000000 0.0000000
0.0000000 0.0000000
-0.0000080 -0.0000036
-0.0000030 -0.0000019
-0.0000188 -0.0000137
-0.0000283 -0.0000288
-0.0000134 -0.0000187
-0.0000344 -0.0000481
-0.0000362 -0.0000691
-0.0000177 -0.0000486
-0.0000333 -0.0000891
-0.0000262 -0.0001060
-0.0000129 -0.0000773
-0.0000156 -0.0001174
-0.0000025 -0.0001220
-0.0000014 -0.0000905
0.0000116 -0.0001186
0.0000256 -0.0001070
0.0000122 -0.0000800
0.0000380 -0.0000878
0.0000478 -0.0000621
0.0000229 -0.0000467
0.0000540 -0.0000320
0.0000562 0.0000008
0.0000269 0.0000006
0.0000539 0.0000333
0.0000477 0.0000636
0.0000227 0.0000478
0.0000379 0.0000890
0.0000254 0.0001081
0.0000118 0.0000809
0.0000115 0.0001195
-0.0000027 0.0001228
-0.0000019 0.0000910
-0.0000157 0.0001181
-0.0000264 0.0001064
-0.0000132 0.0000775
-0.0000335 0.0000894
-0.0000364 0.0000691
-0.0000176 0.0000485
-0.0000347 0.0000482
-0.0000285 0.0000289
-0.0000130 0.0000188
-0.0000190 0.0000133
-0.0000080 0.0000036
-0.0000025 0.0000020
0.0000000 0.0000000
0.0000000 0.0000000
-0.0000001 -0.0000001
0.0000000 0.0000000
-0.0000018 -0.0000030
-0.0000035 -0.0000080
0.0000000 0.0000000
-0.0000045 -0.0000157
-0.0000049 -0.0000249
0.0000000 0.0000000
-0.0000045 -0.0000338
-0.0000037 -0.0000419
0.0000000 0.0000000
-0.0000023 -0.0000474
-0.0000005 -0.0000502
0.0000000 0.0000000
0.0000013 -0.0000493
0.0000032 -0.0000449
0.0000000 0.0000000
0.0000048 -0.0000371
0.0000062 -0.0000263
0.0000000 0.0000000
0.0000069 -0.0000137
0.0000073 0.0000004
0.0000000 0.0000000
0.0000069 0.0000140
0.0000062 0.0000269
0.0000000 0.0000000
0.0000048 0.0000374
0.0000032 0.0000454
0.0000000 0.0000000
0.0000013 0.0000497
-0.0000006 0.0000505
0.0000000 0.0000000
-0.0000023 0.0000478
-0.0000037 0.0000420
0.0000000 0.0000000
-0.0000045 0.0000342
-0.0000049 0.0000249
0.0000000 0.0000000
-0.0000045 0.0000160
-0.0000035 0.0000080
0.0000000 0.0000000
-0.0000020 0.0000026
-0.0000002 0.0000002
0.0000000 0.0000000
0.0000000 0.0000000
0.000206452
0.0001927158
0.0001627047
0.0001561313
0.000178921
0.0002204384
0.000263605
0.000291187
0.0002924932
0.0002670623
0.0002248253
0.0001826176
0.0001578798
0.0001615409
0.0001900553
0.0002068116
0.0002204335
0.0002063623
0.0001899583
0.0001832058
0.000191719
0.0002110718
0.0002323993
0.0002465123
0.0002475438
0.0002351343
0.0002145441
0.000194711
0.0001847
0.0001891697
0.0002066962
0.0002233558
0.0002526631
0.0002218936
0.0002026474
0.0001930513
0.0001934099
0.0002008432
0.0002103821
0.000216976
0.0002174322
0.0002115979
0.0002024153
0.0001948481
0.000194172
0.0002035335
0.0002242394
0.0002552986
0.0002694759
0.0002297748
0.0002056122
0.0001923054
0.000187388
0.0001881204
0.0001912899
0.0001939251
0.0001942009
0.0001920266
0.000189092
0.0001883187
0.000193079
0.0002062828
0.0002306995
0.0002704933
0.0002635651
0.0002232409
0.0001979434
0.000183128
0.0001756896
0.000173089
0.0001730169
0.000173591
0.0001737251
0.0001733716
0.00017355
0.0001761253
0.0001834501
0.0001981585
0.000223176
0.0002634795
0.0002365533
0.0002021759
0.0001800562
0.00016663
0.0001591438
0.0001555558
0.0001542169
0.000153908
0.0001539679
0.0001543684
0.0001557217
0.0001592232
0.0001665058
0.0001796825
0.0002012325
0.0002354094
0.0001922337
0.000169007
0.0001537222
0.0001442771
0.0001387522
0.0001358249
0.0001344695
0.0001339811
0.000133996
0.0001344905
0.0001357903
0.0001385736
0.0001438163
0.000152892
0.0001673966
0.0001903409
0.0001365727
0.0001277705
0.0001217502
0.0001180409
0.0001157937
0.0001145391
0.0001138989
0.0001136302
0.0001136234
0.0001138582
0.0001144051
0.0001154746
0.0001173852
0.0001206527
0.0001257648
0.0001342039
7.653838e-05
8.344528e-05
8.762953e-05
9.031941e-05
9.183744e-05
9.26125e-05
9.293678e-05
9.303356e-05
9.30274e-05
9.289814e-05
9.247693e-05
9.15087e-05
8.963925e-05
8.648405e-05
8.134556e-05
7.402775e-05
1.959684e-05
4.137229e-05
5.511538e-05
6.369235e-05
6.857898e-05
7.107717e-05
7.215141e-05
7.251238e-05
7.252819e-05
7.217753e-05
7.103987e-05
6.837777e-05
6.316799e-05
5.415549e-05
3.949828e-05
1.728751e-05
-2.697552e-05
6.699447e-06
2.782338e-05
4.066102e-05
4.764909e-05
5.088586e-05
5.201454e-05
5.22778e-05
5.234412e-05
5.217896e-05
5.105602e-05
4.771122e-05
4.045718e-05
2.727094e-05
5.393862e-06
-2.869641e-05
-5.670468e-05
-1.617341e-05
8.787751e-06
2.33247e-05
3.040493e-05
3.270826e-05
3.26458e-05
3.214599e-05
3.229357e-05
3.303578e-05
3.320804e-05
3.085457e-05
2.359305e-05
8.839443e-06
-1.660001e-05
-5.73934e-05
-6.495945e-05
-2.438664e-05
2.53993e-07
1.338549e-05
1.788985e-05
1.677468e-05
1.353181e-05
1.117938e-05
1.148524e-05
1.434945e-05
1.785305e-05
1.890539e-05
1.417727e-05
8.306976e-07
-2.372258e-05
-6.441896e-05
-5.01193e-05
-1.814629e-05
2.903276e-06
1.218438e-05
1.113286e-05
3.042128e-06
-6.614223e-06
-1.271089e-05
-1.219771e-05
-5.245151e-06
4.82399e-06
1.277139e-05
1.343964e-05
3.809608e-06
-1.586713e-05
-4.768742e-05
-1.752253e-05
-2.641011e-07
1.760398e-05
2.18663e-05
1.118855e-05
-9.542088e-06
-3.093803e-05
-4.377901e-05
-4.264171e-05
-2.791326e-05
-5.669603e-06
1.458636e-05
2.366708e-05
1.69278e-05
9.239238e-08
-1.455618e-05
-3.792446e-07
1.697504e-05
4.614015e-05
4.945333e-05
2.349557e-05
-2.033637e-05
-6.403196e-05
-9.024986e-05
-8.878075e-05
-6.012238e-05
-1.531767e-05
2.785094e-05
5.172948e-05
4.522868e-05
1.431633e-05
0
