0.0000000 0.0000000
0.0000000 0.0000000
0.0000000 0.0000000
0.0000000 0.0000000
0.0000000 0.0000000
0.0000000 0.0000000
0.0000000 0.0000000
0.0000000 0.0000000
0.0000000 0.0000000
0.0000000 0.0000000
0.0000000 0.0000000
0.0000000 0.0000000
0.0000000 0.0000000
0.0000000 0.0000000
0.0000000 0.0000000
0.0000000 0.0000000
0.0000000 0.0000000
-0.0009449 0.0009461
-0.0020564 0.0040372
-0.0021850 0.0081258
-0.0012658 0.0113724
0.0005331 0.0117169
0.0022834 0.0089670
0.0034495 0.0033968
0.0034703 -0.0033865
0.0023021 -0.0090727
0.0005203 -0.0117245
-0.0012099 -0.0115366
-0.0022242 -0.0082619
-0.0021095 -0.0040642
-0.0009612 -0.0009648
0.0000000 0.0000000
0.0000000 0.0000000
-0.0042099 0.0022793
-0.0074488 0.0080494
-0.0075218 0.0148948
-0.0042323 0.0201592
0.0021552 0.0207566
0.0083573 0.0158480
0.0124985 0.0061085
0.0125205 -0.0060759
0.0083943 -0.0161408
0.0019128 -0.0207755
-0.0040478 -0.0205581
-0.0076969 -0.0151908
-0.0075886 -0.0081052
-0.0041754 -0.0023030
0.0000000 0.0000000
0.0000000 0.0000000
-0.0094302 0.0032188
-0.0157668 0.0111241
-0.0151868 0.0203193
-0.0085954 0.0274224
0.0045225 0.0286945
0.0173637 0.0221749
0.0260942 0.0088408
0.0261320 -0.0087896
0.0176194 -0.0226387
0.0038008 -0.0287216
-0.0082278 -0.0280541
-0.0156515 -0.0206395
-0.0157287 -0.0111307
-0.0094093 -0.0032347
0.0000000 0.0000000
0.0000000 0.0000000
-0.0159358 0.0037262
-0.0258346 0.0128227
-0.0258109 0.0239911
-0.0144762 0.0327030
0.0070822 0.0352332
0.0286789 0.0278337
0.0437861 0.0116300
0.0438510 -0.0115529
0.0288420 -0.0277969
0.0056073 -0.0351942
-0.0140534 -0.0333847
-0.0257815 -0.0240628
-0.0258103 -0.0128468
-0.0159188 -0.0037347
0.0000000 0.0000000
0.0000000 0.0000000
-0.0228094 0.0036612
-0.0365866 0.0125540
-0.0370989 0.0237435
-0.0215124 0.0337495
0.0091331 0.0376476
0.0411132 0.0305912
0.0642373 0.0135309
0.0643270 -0.0134595
0.0412847 -0.0304204
0.0068608 -0.0373675
-0.0214088 -0.0338988
-0.0371306 -0.0238506
-0.0366021 -0.0125791
-0.0228017 -0.0036596
0.0000000 0.0000000
0.0000000 0.0000000
-0.0288109 0.0028469
-0.0460322 0.0096435
-0.0474339 0.0183194
-0.0288986 0.0264817
0.0100457 0.0315702
0.0523807 0.0265682
0.0840732 0.0125581
0.0841478 -0.0126127
0.0525429 -0.0264132
0.0077878 -0.0309943
-0.0289319 -0.0266259
-0.0475031 -0.0183691
-0.0460667 -0.0096446
-0.0288126 -0.0028274
0.0000000 0.0000000
0.0000000 0.0000000
-0.0325230 0.0012996
-0.0517899 0.0042100
-0.0539801 0.0078700
-0.0342207 0.0115314
0.0097778 0.0147713
0.0592364 0.0133119
0.0976164 0.0070336
0.0976708 -0.0072503
0.0592300 -0.0133615
0.0090504 -0.0141040
-0.0342481 -0.0114817
-0.0540511 -0.0078327
-0.0518280 -0.0042050
-0.0325006 -0.0012871
0.0000000 0.0000000
0.0000000 0.0000000
-0.0357729 -0.0009910
-0.0538642 -0.0033935
-0.0530963 -0.0062294
-0.0319156 -0.0083160
0.0103733 -0.0079227
0.0698821 -0.0059562
0.1067318 -0.0025452
0.1067130 0.0022291
0.0697717 0.0057618
0.0101158 0.0079314
-0.0318815 0.0083557
-0.0530658 0.0062513
-0.0538499 0.0033852
-0.0357411 0.0009998
0.0000000 0.0000000
0.0000000 0.0000000
-0.0321049 -0.0030101
-0.0483189 -0.0100118
-0.0474826 -0.0184651
-0.0285222 -0.0257080
0.0122329 -0.0274286
0.0624402 -0.0211834
0.0958544 -0.0069061
0.0958154 0.0067201
0.0623610 0.0211864
0.0090516 0.0270929
-0.0284474 0.0255374
-0.0473703 0.0183840
-0.0482510 0.0099724
-0.0320944 0.0030082
0.0000000 0.0000000
0.0000000 0.0000000
-0.0256172 -0.0041108
-0.0386484 -0.0135936
-0.0375952 -0.0248578
-0.0219861 -0.0343882
0.0121122 -0.0370980
0.0494568 -0.0292930
0.0752915 -0.0094117
0.0752372 0.0095286
0.0492897 0.0294954
0.0080766 0.0374096
-0.0212691 0.0342985
-0.0375351 0.0247218
-0.0386066 0.0135502
-0.0256172 0.0041128
0.0000000 0.0000000
0.0000000 0.0000000
-0.0179681 -0.0042559
-0.0274538 -0.0140482
-0.0264685 -0.0254321
-0.0148781 -0.0346244
0.0096209 -0.0371516
0.0343388 -0.0293638
0.0517340 -0.0097079
0.0516701 0.0099370
0.0343573 0.0295874
0.0066558 0.0379040
-0.0139073 0.0349031
-0.0264653 0.0253241
-0.0274492 0.0140161
-0.0179856 0.0042551
0.0000000 0.0000000
0.0000000 0.0000000
-0.0106782 -0.0036941
-0.0168767 -0.0122529
-0.0162930 -0.0220808
-0.0088589 -0.0296322
0.0061813 -0.0313815
0.0199154 -0.0241034
0.0307826 -0.0084610
0.0307420 0.0086081
0.0207173 0.0247001
0.0045408 0.0321329
-0.0082464 0.0298893
-0.0165750 0.0225030
-0.0168939 0.0122343
-0.0106990 0.0036841
0.0000000 0.0000000
0.0000000 0.0000000
-0.0047902 -0.0026401
-0.0082218 -0.0089909
-0.0081039 -0.0164542
-0.0043840 -0.0220657
0.0029561 -0.0232785
0.0097549 -0.0175781
0.0147212 -0.0064478
0.0147008 0.0065186
0.0099674 0.0181126
0.0022808 0.0237777
-0.0041515 0.0222284
-0.0081787 0.0167854
-0.0084232 0.0091613
-0.0048267 0.0026161
0.0000000 0.0000000
0.0000000 0.0000000
-0.0011340 -0.0011453
-0.0023151 -0.0045945
-0.0023565 -0.0090819
-0.0012981 -0.0125375
0.0007720 -0.0135192
0.0027554 -0.0102144
0.0040908 -0.0038529
0.0040698 0.0038705
0.0027487 0.0104906
0.0005889 0.0137293
-0.0012875 0.0126135
-0.0023688 0.0092148
-0.0023224 0.0046877
-0.0011272 0.0011357
0.0000000 0.0000000
0.0000000 0.0000000
0.0000000 0.0000000
0.0000000 0.0000000
0.0000000 0.0000000
0.0000000 0.0000000
0.0000000 0.0000000
0.0000000 0.0000000
0.0000000 0.0000000
0.0000000 0.0000000
0.0000000 0.0000000
0.0000000 0.0000000
0.0000000 0.0000000
0.0000000 0.0000000
0.0000000 0.0000000
0.0000000 0.0000000
0.0000000 0.0000000
0.0000000 0.0000000
-0.0000092 0.0000092
0.0000000 0.0000000
-0.0002640 0.0002323
-0.0002371 0.0002728
-0.0004303 0.0009137
0.0000000 0.0000000
-0.0015934 0.0022751
-0.0005538 0.0019085
-0.0006219 0.0030229
0.0000000 0.0000000
-0.0022646 0.0060743
-0.0005884 0.0042218
-0.0005033 0.0052584
0.0000000 0.0000000
-0.0018129 0.0099509
-0.0003315 0.0060716
-0.0001233 0.0064928
0.0000000 0.0000000
-0.0004136 0.0120117
0.0001292 0.0064712
0.0003811 0.0059738
0.0000000 0.0000000
0.0014329 0.0109468
0.0006122 0.0049753
0.0008114 0.0035971
0.0000000 0.0000000
0.0030155 0.0065656
0.0009244 0.0018624
0.0009825 0.0000158
0.0000000 0.0000000
0.0036533 0.0000253
0.0009236 -0.0018838
0.0008149 -0.0035763
0.0000000 0.0000000
0.0030486 -0.0065287
0.0006113 -0.0049866
0.0003837 -0.0059732
0.0000000 0.0000000
0.0014761 -0.0109410
0.0001252 -0.0064653
-0.0001218 -0.0065019
0.0000000 0.0000000
-0.0003802 -0.0120278
-0.0003307 -0.0060492
-0.0005038 -0.0052677
0.0000000 0.0000000
-0.0017979 -0.0099736
-0.0005914 -0.0041882
-0.0006281 -0.0030356
0.0000000 0.0000000
-0.0022841 -0.0060999
-0.0005545 -0.0018737
-0.0004233 -0.0009203
0.0000000 0.0000000
-0.0016519 -0.0022700
-0.0002082 -0.0003223
0.0000078 0.0000082
0.0000000 0.0000000
-0.0003219 -0.0002113
0.0000000 0.0000000
0.0000000 0.0000000
-0.0009239 0.0004315
-0.0019598 0.0006047
-0.0023125 0.0016422
-0.0035741 0.0036362
-0.0062008 0.0048850
-0.0044465 0.0061559
-0.0047790 0.0089501
-0.0079902 0.0115610
-0.0045326 0.0117363
-0.0037365 0.0141690
-0.0061923 0.0179807
-0.0024456 0.0159832
-0.0007637 0.0168769
-0.0012203 0.0212984
0.0011624 0.0166878
0.0031375 0.0153095
0.0053252 0.0193167
0.0049699 0.0127485
0.0064696 0.0091690
0.0109506 0.0115841
0.0074383 0.0047922
0.0077904 0.0000297
0.0131933 0.0000316
0.0074366 -0.0047727
0.0064774 -0.0091295
0.0109808 -0.0115377
0.0049656 -0.0127438
0.0031316 -0.0153151
0.0053445 -0.0193200
0.0011381 -0.0166861
-0.0007825 -0.0168997
-0.0012183 -0.0213190
-0.0024528 -0.0159873
-0.0037480 -0.0141928
-0.0061896 -0.0180020
-0.0045315 -0.0117390
-0.0047741 -0.0089700
-0.0079885 -0.0115723
-0.0044226 -0.0061567
-0.0035574 -0.0036353
-0.0061907 -0.0048773
-0.0022844 -0.0016983
-0.0009201 -0.0004301
-0.0019409 -0.0006120
0.0000000 0.0000000
0.0000000 0.0000000
-0.0032762 0.0007566
-0.0048863 0.0008746
-0.0066436 0.0028243
-0.0094507 0.0059549
-0.0132706 0.0068428
-0.0112796 0.0097483
-0.0118702 0.0138678
-0.0163713 0.0158504
-0.0111547 0.0178931
-0.0091394 0.0214332
-0.0126062 0.0245183
-0.0059629 0.0240647
-0.0017855 0.0254069
-0.0025329 0.0292275
0.0030042 0.0251588
0.0079779 0.0231367
0.0110009 0.0268103
0.0126195 0.0193307
0.0164407 0.0139293
0.0228685 0.0162389
0.0189380 0.0073128
0.0198299 0.0000419
0.0276534 0.0000474
0.0189523 -0.0072576
0.0164842 -0.0138724
0.0229419 -0.0161673
0.0126588 -0.0193145
0.0079996 -0.0231549
0.0110475 -0.0268280
0.0029932 -0.0251612
-0.0018004 -0.0254405
-0.0025300 -0.0292644
-0.0059494 -0.0240873
-0.0091598 -0.0214571
-0.0126137 -0.0245470
-0.0111630 -0.0179049
-0.0118827 -0.0138773
-0.0163740 -0.0158648
-0.0112704 -0.0097536
-0.0094561 -0.0059515
-0.0132561 -0.0068441
-0.0066442 -0.0028603
-0.0032828 -0.0007660
-0.0048758 -0.0008802
0.0000000 0.0000000
0.0000000 0.0000000
-0.0066789 0.0009762
-0.0086494 0.0010342
-0.0127449 0.0036104
-0.0175152 0.0075425
-0.0221368 0.0079899
-0.0205091 0.0122824
-0.0214047 0.0174486
-0.0269306 0.0185309
-0.0201132 0.0225446
-0.0165698 0.0271255
-0.0210440 0.0290365
-0.0109669 0.0306419
-0.0035105 0.0326245
-0.0047923 0.0353293
0.0051673 0.0325950
0.0143319 0.0302350
0.0178610 0.0331345
0.0229911 0.0254624
0.0302046 0.0184559
0.0383389 0.0204018
0.0349528 0.0097485
0.0366519 0.0000653
0.0467322 0.0000606
0.0349915 -0.0096516
0.0303075 -0.0183652
0.0385037 -0.0203113
0.0231063 -0.0254350
0.0143966 -0.0302704
0.0179808 -0.0331756
0.0051674 -0.0326097
-0.0035329 -0.0326785
-0.0047812 -0.0353872
-0.0109493 -0.0306898
-0.0166099 -0.0271537
-0.0210479 -0.0290754
-0.0201303 -0.0225626
-0.0214379 -0.0174602
-0.0269287 -0.0185553
-0.0205072 -0.0122941
-0.0175298 -0.0075421
-0.0221247 -0.0079987
-0.0127524 -0.0036329
-0.0066891 -0.0009782
-0.0086402 -0.0010344
0.0000000 0.0000000
0.0000000 0.0000000
-0.0106761 0.0010683
-0.0127334 0.0010335
-0.0198633 0.0039207
-0.0269024 0.0081587
-0.0316950 0.0079230
-0.0312878 0.0132812
-0.0326800 0.0189468
-0.0385472 0.0184607
-0.0309261 0.0246395
-0.0258401 0.0299372
-0.0308992 0.0294579
-0.0175910 0.0342061
-0.0063530 0.0369020
-0.0081893 0.0368412
0.0070383 0.0373608
0.0214908 0.0350903
0.0250843 0.0355257
0.0353837 0.0298680
0.0471220 0.0218281
0.0562322 0.0222884
0.0549130 0.0116116
0.0577159 0.0000889
0.0691933 0.0000297
0.0549991 -0.0114984
0.0473335 -0.0216964
0.0564753 -0.0222260
0.0356201 -0.0298215
0.0216408 -0.0351223
0.0252632 -0.0355444
0.0070797 -0.0373813
-0.0063741 -0.0369565
-0.0081851 -0.0368685
-0.0175762 -0.0342575
-0.0259061 -0.0299577
-0.0309233 -0.0294919
-0.0309542 -0.0246595
-0.0327337 -0.0189485
-0.0385698 -0.0184873
-0.0313043 -0.0132923
-0.0269312 -0.0081522
-0.0317005 -0.0079311
-0.0198844 -0.0039292
-0.0106945 -0.0010662
-0.0127235 -0.0010337
0.0000000 0.0000000
0.0000000 0.0000000
-0.0146642 0.0009689
-0.0163985 0.0008144
-0.0269073 0.0035270
-0.0361966 0.0072956
-0.0402021 0.0061541
-0.0420322 0.0118685
-0.0440936 0.0169932
-0.0490936 0.0143484
-0.0421223 0.0222423
-0.0357889 0.0273228
-0.0403230 0.0232658
-0.0251049 0.0316088
-0.0101119 0.0346270
-0.0119947 0.0299430
0.0082548 0.0355973
0.0285118 0.0339002
0.0316308 0.0297803
0.0483577 0.0291885
0.0653150 0.0215058
0.0737687 0.0190200
0.0766511 0.0115083
0.0807303 0.0000483
0.0914535 -0.0000918
0.0767712 -0.0115174
0.0656075 -0.0214124
0.0740091 -0.0191620
0.0486625 -0.0291565
0.0287346 -0.0338888
0.0318561 -0.0297746
0.0083294 -0.0355642
-0.0101220 -0.0346106
-0.0119547 -0.0298896
-0.0250957 -0.0316124
-0.0358678 -0.0272923
-0.0403301 -0.0232472
-0.0421632 -0.0222390
-0.0441564 -0.0169588
-0.0491151 -0.0143408
-0.0420651 -0.0118522
-0.0362290 -0.0072671
-0.0402192 -0.0061462
-0.0269351 -0.0035049
-0.0146749 -0.0009579
-0.0163939 -0.0008056
0.0000000 0.0000000
0.0000000 0.0000000
-0.0178016 0.0006263
-0.0187469 0.0003648
-0.0323818 0.0022649
-0.0433945 0.0046195
-0.0455101 0.0026702
-0.0503702 0.0074842
-0.0530441 0.0107180
-0.0556945 0.0061247
-0.0510401 0.0140922
-0.0439065 0.0174746
-0.0463805 0.0100564
-0.0314349 0.0204541
-0.0134753 0.0227892
-0.0144807 0.0134655
0.0090504 0.0238288
0.0343106 0.0230803
0.0363376 0.0141361
0.0594203 0.0201316
0.0809992 0.0149329
0.0861938 0.0092751
0.0954963 0.0080418
0.1006781 -0.0000976
0.1071625 -0.0002107
0.0955797 -0.0082958
0.0812694 -0.0150424
0.0862595 -0.0096322
0.0596482 -0.0201996
0.0345156 -0.0230454
0.0363000 -0.0141509
0.0091233 -0.0237450
-0.0134517 -0.0226709
-0.0144742 -0.0133477
-0.0314086 -0.0203713
-0.0439522 -0.0173629
-0.0463861 -0.0099525
-0.0510653 -0.0140270
-0.0530811 -0.0106477
-0.0557359 -0.0060791
-0.0503939 -0.0074447
-0.0434038 -0.0045869
-0.0455282 -0.0026660
-0.0323981 -0.0022198
-0.0178004 -0.0006166
-0.0187241 -0.0003675
0.0000000 0.0000000
0.0000000 0.0000000
-0.0192172 0.0000928
-0.0190964 -0.0002026
-0.0348260 0.0003086
-0.0465012 0.0005098
-0.0461308 -0.0017383
-0.0539199 0.0007486
-0.0568202 0.0010086
-0.0562434 -0.0042882
-0.0547697 0.0013079
-0.0473020 0.0017070
-0.0466625 -0.0069390
-0.0339885 0.0021596
-0.0146640 0.0027634
-0.0141470 -0.0083392
0.0098757 0.0033037
0.0375961 0.0036117
0.0380663 -0.0073265
0.0653998 0.0034349
0.0890727 0.0026499
0.0893048 -0.0042795
0.1050435 0.0014914
0.1106757 -0.0002216
0.1105577 -0.0002193
0.1050536 -0.0018519
0.0891491 -0.0029658
0.0890869 0.0039333
0.0653286 -0.0036437
0.0375974 -0.0036473
0.0377854 0.0072505
0.0097474 -0.0032223
-0.0147093 -0.0026336
-0.0142202 0.0084455
-0.0339429 -0.0020304
-0.0472877 -0.0015884
-0.0466329 0.0070451
-0.0547748 -0.0012185
-0.0568079 -0.0009503
-0.0562429 0.0043398
-0.0539274 -0.0007100
-0.0464630 -0.0004974
-0.0461309 0.0017395
-0.0347924 -0.0002557
-0.0191838 -0.0000836
-0.0190840 0.0002099
0.0000000 0.0000000
0.0000000 0.0000000
-0.0184309 -0.0004846
-0.0172452 -0.0007232
-0.0333889 -0.0017933
-0.0444951 -0.0038526
-0.0416898 -0.0056688
-0.0515000 -0.0063743
-0.0540994 -0.0092439
-0.0504889 -0.0134692
-0.0519476 -0.0121980
-0.0445698 -0.0149889
-0.0411797 -0.0217819
-0.0316099 -0.0172915
-0.0129920 -0.0186860
-0.0113070 -0.0273077
0.0105951 -0.0188660
0.0371430 -0.0176045
0.0353462 -0.0260326
0.0637493 -0.0148034
0.0861072 -0.0107778
0.0805867 -0.0159721
0.1012664 -0.0056629
0.1064546 -0.0002327
0.0992397 -0.0000945
0.1011336 0.0053316
0.0859645 0.0104249
0.0802681 0.0158528
0.0635000 0.0146183
0.0368836 0.0174784
0.0349985 0.0259464
0.0103251 0.0188950
-0.0131113 0.0187346
-0.0114785 0.0273089
-0.0315654 0.0173866
-0.0445331 0.0150322
-0.0411106 0.0218125
-0.0518666 0.0122589
-0.0540317 0.0092495
-0.0504259 0.0134884
-0.0514447 0.0063989
-0.0444356 0.0038366
-0.0416682 0.0056606
-0.0333559 0.0018383
-0.0184012 0.0004893
-0.0172621 0.0007203
0.0000000 0.0000000
0.0000000 0.0000000
-0.0157039 -0.0009166
-0.0138018 -0.0010283
-0.0285234 -0.0033694
-0.0380042 -0.0070848
-0.0336079 -0.0080011
-0.0438646 -0.0116152
-0.0458070 -0.0167016
-0.0403517 -0.0187553
-0.0435864 -0.0219040
-0.0368583 -0.0268347
-0.0320210 -0.0299111
-0.0254681 -0.0309266
-0.0093957 -0.0335423
-0.0074666 -0.0371357
0.0105709 -0.0341039
0.0325667 -0.0320563
0.0291163 -0.0353147
0.0544288 -0.0271715
0.0727439 -0.0197889
0.0636555 -0.0217068
0.0850964 -0.0103031
0.0893257 -0.0000985
0.0778421 0.0001115
0.0849338 0.0102616
0.0725070 0.0196706
0.0633905 0.0218326
0.0540912 0.0271158
0.0321868 0.0319424
0.0287307 0.0352907
0.0101567 0.0340242
-0.0096096 0.0334775
-0.0076923 0.0370584
-0.0254214 0.0309107
-0.0368384 0.0267797
-0.0319748 0.0298578
-0.0435053 0.0219034
-0.0457550 0.0166557
-0.0403103 0.0187363
-0.0438018 0.0116180
-0.0379519 0.0070548
-0.0335921 0.0079979
-0.0284823 0.0033923
-0.0156703 0.0009141
-0.0138202 0.0010323
0.0000000 0.0000000
0.0000000 0.0000000
-0.0117639 -0.0011039
-0.0096280 -0.0011012
-0.0215744 -0.0040685
-0.0288549 -0.0084799
-0.0239467 -0.0084989
-0.0332748 -0.0138332
-0.0345395 -0.0197358
-0.0286592 -0.0196815
-0.0325082 -0.0256817
-0.0269953 -0.0311697
-0.0221235 -0.0308032
-0.0180369 -0.0355941
-0.0057363 -0.0382798
-0.0042908 -0.0374219
0.0091280 -0.0386308
0.0250953 -0.0360879
0.0209025 -0.0349140
0.0407085 -0.0305281
0.0537578 -0.0221397
0.0439734 -0.0212806
0.0625215 -0.0114805
0.0655230 0.0000810
0.0534223 0.0001646
0.0623983 0.0117035
0.0536053 0.0222707
0.0439020 0.0214918
0.0405112 0.0305972
0.0248003 0.0360966
0.0207371 0.0349895
0.0087696 0.0385649
-0.0059415 0.0381926
-0.0044370 0.0373557
-0.0179981 0.0355143
-0.0269978 0.0310790
-0.0220988 0.0307385
-0.0324564 0.0256354
-0.0345218 0.0196772
-0.0286484 0.0196482
-0.0332288 0.0138232
-0.0288297 0.0084578
-0.0239479 0.0084965
-0.0215471 0.0040740
-0.0117482 0.0011026
-0.0096474 0.0011019
0.0000000 0.0000000
0.0000000 0.0000000
-0.0075509 -0.0010685
-0.0055766 -0.0009770
-0.0141464 -0.0039446
-0.0191496 -0.0081786
-0.0146226 -0.0075336
-0.0221880 -0.0132966
-0.0229876 -0.0188456
-0.0177050 -0.0173476
-0.0214651 -0.0243328
-0.0175533 -0.0292316
-0.0134502 -0.0267480
-0.0113807 -0.0330156
-0.0031233 -0.0350930
-0.0022731 -0.0318156
0.0066047 -0.0350061
0.0167906 -0.0323776
0.0128846 -0.0290721
0.0265793 -0.0271978
0.0347361 -0.0196246
0.0263256 -0.0175131
0.0401673 -0.0101827
0.0420433 0.0001114
0.0317848 0.0001051
0.0401173 0.0104016
0.0346960 0.0198053
0.0263209 0.0176587
0.0265381 0.0273104
0.0166523 0.0324733
0.0127989 0.0291718
0.0063788 0.0350076
-0.0032620 0.0350522
-0.0023643 0.0317993
-0.0113545 0.0329498
-0.0175695 0.0291756
-0.0134555 0.0267240
-0.0214483 0.0242997
-0.0230001 0.0188097
-0.0177196 0.0173350
-0.0221704 0.0132814
-0.0191500 0.0081666
-0.0146294 0.0075364
-0.0141366 0.0039321
-0.0075477 0.0010630
-0.0055939 0.0009732
0.0000000 0.0000000
0.0000000 0.0000000
-0.0038101 -0.0008666
-0.0022966 -0.0007027
-0.0075332 -0.0032103
-0.0105203 -0.0066461
-0.0069547 -0.0055137
-0.0123962 -0.0108384
-0.0129372 -0.0153601
-0.0087668 -0.0129420
-0.0120837 -0.0197794
-0.0098315 -0.0236370
-0.0067074 -0.0200193
-0.0062999 -0.0265019
-0.0016466 -0.0279349
-0.0011666 -0.0236298
0.0037427 -0.0276191
0.0093107 -0.0253352
0.0062069 -0.0213447
0.0145833 -0.0211359
0.0189371 -0.0151819
0.0126226 -0.0127424
0.0218183 -0.0078894
0.0228268 0.0000705
0.0152045 0.0000560
0.0218106 0.0080073
0.0189490 0.0152998
0.0126311 0.0128303
0.0145916 0.0212140
0.0092717 0.0254253
0.0061822 0.0214141
0.0036563 0.0276446
-0.0017009 0.0279354
-0.0011986 0.0236326
-0.0062736 0.0264742
-0.0098409 0.0236233
-0.0067096 0.0200109
-0.0120792 0.0197774
-0.0129551 0.0153479
-0.0087835 0.0129384
-0.0123993 0.0108358
-0.0105277 0.0066487
-0.0069700 0.0055284
-0.0075296 0.0031761
-0.0038092 0.0008558
-0.0023211 0.0006961
0.0000000 0.0000000
0.0000000 0.0000000
-0.0011235 -0.0005068
-0.0004135 -0.0002610
-0.0026613 -0.0019684
-0.0040328 -0.0041704
-0.0018910 -0.0026534
-0.0049403 -0.0070024
-0.0052716 -0.0101388
-0.0025403 -0.0069703
-0.0049773 -0.0132206
-0.0040905 -0.0159258
-0.0019818 -0.0112908
-0.0026609 -0.0179060
-0.0007775 -0.0188903
-0.0003983 -0.0135680
0.0013902 -0.0186523
0.0036259 -0.0170721
0.0017016 -0.0123291
0.0057190 -0.0142086
0.0074515 -0.0101816
0.0035108 -0.0073617
0.0085816 -0.0053075
0.0089940 0.0000408
0.0042238 0.0000347
0.0085907 0.0053521
0.0074732 0.0102545
0.0034816 0.0074197
0.0057460 0.0142463
0.0036326 0.0171296
0.0016489 0.0123655
0.0013843 0.0186720
-0.0007835 0.0188993
-0.0004482 0.0135694
-0.0026369 0.0179027
-0.0040917 0.0159179
-0.0020010 0.0112770
-0.0049762 0.0132265
-0.0052922 0.0101218
-0.0025221 0.0069509
-0.0049660 0.0070093
-0.0040556 0.0041723
-0.0018282 0.0026616
-0.0026895 0.0019060
-0.0011299 0.0005072
-0.0003506 0.0002829
0.0000000 0.0000000
0.0000000 0.0000000
-0.0000072 -0.0000076
0.0000000 0.0000000
-0.0002549 -0.0004132
-0.0004899 -0.0011181
0.0000000 0.0000000
-0.0006289 -0.0022067
-0.0007013 -0.0035175
0.0000000 0.0000000
-0.0006581 -0.0048143
-0.0005601 -0.0060189
0.0000000 0.0000000
-0.0003707 -0.0068933
-0.0001332 -0.0073978
0.0000000 0.0000000
0.0001485 -0.0073665
0.0004392 -0.0067980
0.0000000 0.0000000
0.0007020 -0.0056868
0.0009376 -0.0040842
0.0000000 0.0000000
0.0010693 -0.0021523
0.0011388 0.0000179
0.0000000 0.0000000
0.0010709 0.0021290
0.0009387 0.0041174
0.0000000 0.0000000
0.0007069 0.0056812
0.0004356 0.0068228
0.0000000 0.0000000
0.0001465 0.0073808
-0.0001390 0.0074043
0.0000000 0.0000000
-0.0003668 0.0069214
-0.0005616 0.0060178
0.0000000 0.0000000
-0.0006560 0.0048538
-0.0006985 0.0035087
0.0000000 0.0000000
-0.0006275 0.0022499
-0.0004977 0.0011113
0.0000000 0.0000000
-0.0002848 0.0003580
-0.0000251 0.0000251
0.0000000 0.0000000
0.0000000 0.0000000
0.03470818
0.03295036
0.02861029
0.02709824
0.02940111
0.03444777
0.04010877
0.04389517
0.04411166
0.04063159
0.03505138
0.02984295
0.02729929
0.02844037
0.0325569
0.03473803
0.03651603
0.03469239
0.03217668
0.03075776
0.03130742
0.03340782
0.0359374
0.03767692
0.03784112
0.03635217
0.03388415
0.03168679
0.03092809
0.03205138
0.03471756
0.03688383
0.04126958
0.03706284
0.03401995
0.03219906
0.03167428
0.03212794
0.03291528
0.03348282
0.0335564
0.03312674
0.03232599
0.03185054
0.03234226
0.03414676
0.03739066
0.04162408
0.04469493
0.03875984
0.03478624
0.03235488
0.0311376
0.03064647
0.03039147
0.03023153
0.03028848
0.03059311
0.03074909
0.03123262
0.03247166
0.03488154
0.0389435
0.04491996
0.0455635
0.03867545
0.03426781
0.03160953
0.03020924
0.0293334
0.02845885
0.02770518
0.0277363
0.02861384
0.0292912
0.0301629
0.03161777
0.03424541
0.03872424
0.0456795
0.04318073
0.03634611
0.03226897
0.03010321
0.02918465
0.02856331
0.02744872
0.02613096
0.02617598
0.02759854
0.02845798
0.02901354
0.02994661
0.0321125
0.0361999
0.0430202
0.03691176
0.03159543
0.02877055
0.0277564
0.02801025
0.02837666
0.02740985
0.02539409
0.02546608
0.02737489
0.02814002
0.02773619
0.02744936
0.02846126
0.03124735
0.03655734
0.02701773
0.02457199
0.0236958
0.0242922
0.02606783
0.02761804
0.02752117
0.02519095
0.02515246
0.02737347
0.02750196
0.02581136
0.02405066
0.02338606
0.02403777
0.02629465
0.01499802
0.01634553
0.01763197
0.01956132
0.02214649
0.02439453
0.02448298
0.02249776
0.02249776
0.0244775
0.02436711
0.02217663
0.01947676
0.0174237
0.01585004
0.01444737
0.003750223
0.008382433
0.01142599
0.01403151
0.01659518
0.01848288
0.01809353
0.01649306
0.01643245
0.01824642
0.01853643
0.01673945
0.01412229
0.0113562
0.008008507
0.003226219
-0.004974809
0.001775768
0.00598518
0.008886049
0.01094561
0.01203689
0.01171835
0.01044243
0.01045365
0.01174992
0.01217677
0.01114247
0.008980755
0.005976302
0.001654189
-0.005111567
-0.009559336
-0.0023351
0.002162072
0.004950685
0.006467291
0.006768778
0.006384312
0.005434696
0.005445218
0.006420687
0.007030357
0.00660554
0.00506591
0.002251992
-0.002242158
-0.009469075
-0.01016832
-0.003694822
0.0003775889
0.00266966
0.003552418
0.003240662
0.00248204
0.001533499
0.001563869
0.002483396
0.003435224
0.003683044
0.002822707
0.0005013213
-0.003469696
-0.009916922
-0.007417332
-0.002696146
0.0005714234
0.002123835
0.002061592
0.0007197944
-0.0009365158
-0.002180976
-0.00212049
-0.0007886281
0.0009945499
0.002279561
0.002326028
0.0007173437
-0.00232004
-0.007006013
-0.002507038
-3.542593e-05
0.002658447
0.003457425
0.001993588
-0.001176612
-0.004614715
-0.006792432
-0.006611675
-0.004154329
-0.0006224021
0.002417331
0.003667539
0.002555733
1.962543e-05
-0.002082782
-5.129389e-05
0.002421592
0.00669511
0.00749033
0.004029036
-0.002465113
-0.009441209
-0.01386121
-0.01362598
-0.008836214
-0.001773335
0.0045562
0.007711387
0.006549888
0.002033674
0
