0.0000000 0.0000000
0.0000000 0.0000000
0.0000000 0.0000000
0.0000000 0.0000000
0.0000000 0.0000000
0.0000000 0.0000000
0.0000000 0.0000000
0.0000000 0.0000000
0.0000000 0.0000000
0.0000000 0.0000000
0.0000000 0.0000000
0.0000000 0.0000000
0.0000000 0.0000000
0.0000000 0.0000000
0.0000000 0.0000000
0.0000000 0.0000000
0.0000000 0.0000000
-0.0002782 0.0002784
-0.0006034 0.0011833
-0.0006275 0.0023698
-0.0003320 0.0032701
0.0001744 0.0033726
0.0006713 0.0025451
0.0009828 0.0009504
0.0009857 -0.0009460
0.0006761 -0.0025512
0.0001768 -0.0033720
-0.0003246 -0.0032826
-0.0006317 -0.0023819
-0.0006120 -0.0011833
-0.0002831 -0.0002843
0.0000000 0.0000000
0.0000000 0.0000000
-0.0012233 0.0006612
-0.0021521 0.0023027
-0.0021047 0.0041979
-0.0010391 0.0055281
0.0007048 0.0055868
0.0023954 0.0041658
0.0034480 0.0015556
0.0034499 -0.0015455
0.0024007 -0.0041795
0.0006870 -0.0055873
-0.0010213 -0.0055549
-0.0021181 -0.0042229
-0.0021625 -0.0023077
-0.0012166 -0.0006685
0.0000000 0.0000000
0.0000000 0.0000000
-0.0027006 0.0009009
-0.0043474 0.0030162
-0.0040422 0.0053362
-0.0018877 0.0068725
0.0015112 0.0068744
0.0047728 0.0050934
0.0067996 0.0019090
0.0068032 -0.0019012
0.0048044 -0.0051044
0.0014723 -0.0068772
-0.0018480 -0.0069019
-0.0040723 -0.0053546
-0.0043476 -0.0030185
-0.0026994 -0.0009051
0.0000000 0.0000000
0.0000000 0.0000000
-0.0044507 0.0009769
-0.0068381 0.0032285
-0.0062305 0.0056656
-0.0027624 0.0072311
0.0024678 0.0072050
0.0074531 0.0053277
0.0105491 0.0020102
0.0105529 -0.0020102
0.0074624 -0.0053241
0.0024100 -0.0072066
-0.0027110 -0.0072502
-0.0062313 -0.0056700
-0.0068399 -0.0032308
-0.0044499 -0.0009780
0.0000000 0.0000000
0.0000000 0.0000000
-0.0061770 0.0008884
-0.0092651 0.0029168
-0.0083053 0.0050950
-0.0035636 0.0065037
0.0034112 0.0064730
0.0100500 0.0047906
0.0141773 0.0018227
0.0141801 -0.0018350
0.0100573 -0.0047967
0.0033582 -0.0064678
-0.0035234 -0.0065016
-0.0083087 -0.0050979
-0.0092691 -0.0029175
-0.0061773 -0.0008870
0.0000000 0.0000000
0.0000000 0.0000000
-0.0075896 0.0006452
-0.0112365 0.0021023
-0.0099829 0.0036577
-0.0041793 0.0046896
0.0041773 0.0046617
0.0121590 0.0034605
0.0171329 0.0013289
0.0171330 -0.0013548
0.0121596 -0.0034790
0.0041671 -0.0046445
-0.0041802 -0.0046638
-0.0099872 -0.0036587
-0.0112405 -0.0021011
-0.0075903 -0.0006413
0.0000000 0.0000000
0.0000000 0.0000000
-0.0084325 0.0002795
-0.0123996 0.0008930
-0.0109732 0.0015380
-0.0045726 0.0019541
0.0046199 0.0019714
0.0134055 0.0014763
0.0188974 0.0005757
0.0188958 -0.0006108
0.0133970 -0.0015045
0.0046086 -0.0019869
-0.0045803 -0.0019604
-0.0109804 -0.0015374
-0.0124060 -0.0008916
-0.0084321 -0.0002755
0.0000000 0.0000000
0.0000000 0.0000000
-0.0087163 -0.0001659
-0.0125825 -0.0005476
-0.0109424 -0.0009411
-0.0045128 -0.0011755
0.0048010 -0.0011350
0.0138937 -0.0008327
0.0193099 -0.0003224
0.0193052 0.0002866
0.0138765 0.0008043
0.0047782 0.0011192
-0.0045276 0.0011694
-0.0109512 0.0009411
-0.0125877 0.0005481
-0.0087159 0.0001699
0.0000000 0.0000000
0.0000000 0.0000000
-0.0080216 -0.0005880
-0.0116369 -0.0019080
-0.0101682 -0.0032823
-0.0042357 -0.0041373
0.0044082 -0.0040432
0.0128772 -0.0029520
0.0179307 -0.0010615
0.0179220 0.0010375
0.0128544 0.0029354
0.0043800 0.0040346
-0.0042573 0.0041304
-0.0101773 0.0032798
-0.0116380 0.0019064
-0.0080228 0.0005904
0.0000000 0.0000000
0.0000000 0.0000000
-0.0066578 -0.0008962
-0.0097754 -0.0029086
-0.0086259 -0.0050173
-0.0036562 -0.0063459
0.0037127 -0.0062517
0.0108598 -0.0045594
0.0151686 -0.0016241
0.0151593 0.0016233
0.0108354 0.0045606
0.0036301 0.0062418
-0.0036243 0.0063269
-0.0086370 0.0050125
-0.0097775 0.0029059
-0.0066604 0.0008977
0.0000000 0.0000000
0.0000000 0.0000000
-0.0048769 -0.0010377
-0.0073330 -0.0033803
-0.0065828 -0.0058618
-0.0028693 -0.0074486
0.0027723 -0.0073593
0.0081921 -0.0054031
0.0114984 -0.0019275
0.0114898 0.0019499
0.0081705 0.0054222
0.0026640 0.0073897
-0.0028216 0.0074492
-0.0065937 0.0058571
-0.0073363 0.0033775
-0.0048810 0.0010376
0.0000000 0.0000000
0.0000000 0.0000000
-0.0030024 -0.0009899
-0.0047268 -0.0032577
-0.0043638 -0.0057174
-0.0019825 -0.0073331
0.0017476 -0.0073022
0.0052617 -0.0053963
0.0075224 -0.0019396
0.0075161 0.0019751
0.0053050 0.0054283
0.0016557 0.0073561
-0.0019490 0.0073467
-0.0043878 0.0057400
-0.0047305 0.0032562
-0.0030060 0.0009868
0.0000000 0.0000000
0.0000000 0.0000000
-0.0013730 -0.0007479
-0.0023784 -0.0025467
-0.0022935 -0.0046124
-0.0011036 -0.0060384
0.0008333 -0.0061088
0.0026803 -0.0045315
0.0038559 -0.0016538
0.0038533 0.0016888
0.0026924 0.0045854
0.0007840 0.0061603
-0.0010893 0.0060554
-0.0023025 0.0046389
-0.0023988 0.0025612
-0.0013814 0.0007408
0.0000000 0.0000000
0.0000000 0.0000000
-0.0003256 -0.0003275
-0.0006796 -0.0013321
-0.0006880 -0.0026446
-0.0003508 -0.0036194
0.0002164 -0.0037673
0.0007663 -0.0028255
0.0011095 -0.0010457
0.0011063 0.0010644
0.0007617 0.0028607
0.0001973 0.0037952
-0.0003536 0.0036314
-0.0006893 0.0026583
-0.0006765 0.0013440
-0.0003212 0.0003221
0.0000000 0.0000000
0.0000000 0.0000000
0.0000000 0.0000000
0.0000000 0.0000000
0.0000000 0.0000000
0.0000000 0.0000000
0.0000000 0.0000000
0.0000000 0.0000000
0.0000000 0.0000000
0.0000000 0.0000000
0.0000000 0.0000000
0.0000000 0.0000000
0.0000000 0.0000000
0.0000000 0.0000000
0.0000000 0.0000000
0.0000000 0.0000000
0.0000000 0.0000000
0.0000000 0.0000000
-0.0000038 0.0000038
0.0000000 0.0000000
-0.0000805 0.0000688
-0.0000699 0.0000826
-0.0001264 0.0002717
0.0000000 0.0000000
-0.0004666 0.0006671
-0.0001630 0.0005642
-0.0001832 0.0008916
0.0000000 0.0000000
-0.0006608 0.0017731
-0.0001719 0.0012433
-0.0001453 0.0015441
0.0000000 0.0000000
-0.0005162 0.0028849
-0.0000923 0.0017743
-0.0000302 0.0018878
0.0000000 0.0000000
-0.0000955 0.0034392
0.0000433 0.0018692
0.0001154 0.0017154
0.0000000 0.0000000
0.0004323 0.0030882
0.0001795 0.0014198
0.0002339 0.0010224
0.0000000 0.0000000
0.0008632 0.0018302
0.0002642 0.0005285
0.0002798 0.0000056
0.0000000 0.0000000
0.0010318 0.0000088
0.0002643 -0.0005314
0.0002352 -0.0010133
0.0000000 0.0000000
0.0008729 -0.0018157
0.0001799 -0.0014210
0.0001172 -0.0017113
0.0000000 0.0000000
0.0004470 -0.0030815
0.0000433 -0.0018671
-0.0000287 -0.0018888
0.0000000 0.0000000
-0.0000820 -0.0034411
-0.0000922 -0.0017687
-0.0001452 -0.0015484
0.0000000 0.0000000
-0.0005099 -0.0028933
-0.0001730 -0.0012350
-0.0001852 -0.0008974
0.0000000 0.0000000
-0.0006672 -0.0017836
-0.0001637 -0.0005548
-0.0001250 -0.0002741
0.0000000 0.0000000
-0.0004851 -0.0006671
-0.0000621 -0.0000973
0.0000011 0.0000013
0.0000000 0.0000000
-0.0000972 -0.0000629
0.0000000 0.0000000
0.0000000 0.0000000
-0.0002743 0.0001268
-0.0005765 0.0001760
-0.0006758 0.0004794
-0.0010398 0.0010573
-0.0017891 0.0014031
-0.0012898 0.0017828
-0.0013793 0.0025801
-0.0022715 0.0032725
-0.0012918 0.0033660
-0.0010421 0.0040345
-0.0016794 0.0049869
-0.0006476 0.0045112
-0.0001542 0.0047180
-0.0002096 0.0057505
0.0003955 0.0046176
0.0009422 0.0041951
0.0015892 0.0050740
0.0014359 0.0034620
0.0018294 0.0024736
0.0030418 0.0029795
0.0020797 0.0012872
0.0021696 0.0000095
0.0035997 0.0000087
0.0020798 -0.0012786
0.0018317 -0.0024581
0.0030492 -0.0029647
0.0014360 -0.0034561
0.0009442 -0.0041883
0.0015984 -0.0050674
0.0003936 -0.0046144
-0.0001535 -0.0047196
-0.0002017 -0.0057513
-0.0006483 -0.0045115
-0.0010420 -0.0040424
-0.0016749 -0.0049934
-0.0012918 -0.0033695
-0.0013782 -0.0025898
-0.0022711 -0.0032792
-0.0012855 -0.0017857
-0.0010376 -0.0010597
-0.0017898 -0.0014035
-0.0006702 -0.0004975
-0.0002739 -0.0001269
-0.0005715 -0.0001784
0.0000000 0.0000000
0.0000000 0.0000000
-0.0009543 0.0002171
-0.0014077 0.0002439
-0.0019114 0.0008029
-0.0026965 0.0016775
-0.0037310 0.0018739
-0.0031874 0.0027196
-0.0033091 0.0038232
-0.0044555 0.0042185
-0.0030378 0.0048671
-0.0023944 0.0057343
-0.0031658 0.0062648
-0.0014342 0.0063228
-0.0002447 0.0065478
-0.0002648 0.0071061
0.0010625 0.0063602
0.0023613 0.0057449
0.0032212 0.0062093
0.0035307 0.0047238
0.0044595 0.0033629
0.0060207 0.0036261
0.0050553 0.0017492
0.0052637 0.0000082
0.0070930 0.0000058
0.0050585 -0.0017392
0.0044677 -0.0033494
0.0060326 -0.0036158
0.0035390 -0.0047174
0.0023712 -0.0057391
0.0032364 -0.0062050
0.0010681 -0.0063570
-0.0002370 -0.0065483
-0.0002518 -0.0071063
-0.0014275 -0.0063238
-0.0023911 -0.0057394
-0.0031587 -0.0062690
-0.0030376 -0.0048712
-0.0033110 -0.0038287
-0.0044553 -0.0042231
-0.0031896 -0.0027235
-0.0027024 -0.0016795
-0.0037332 -0.0018762
-0.0019170 -0.0008140
-0.0009588 -0.0002205
-0.0014063 -0.0002460
0.0000000 0.0000000
0.0000000 0.0000000
-0.0018963 0.0002634
-0.0024132 0.0002674
-0.0035707 0.0009666
-0.0048412 0.0019920
-0.0059960 0.0020244
-0.0055680 0.0031956
-0.0056677 0.0044487
-0.0069126 0.0045031
-0.0051208 0.0056132
-0.0039656 0.0065648
-0.0047765 0.0066200
-0.0023004 0.0071929
-0.0002668 0.0074129
-0.0002593 0.0074542
0.0019495 0.0071732
0.0041438 0.0064597
0.0050917 0.0064840
0.0061147 0.0053008
0.0076772 0.0037660
0.0093689 0.0037751
0.0086804 0.0019570
0.0090289 0.0000043
0.0110035 -0.0000000
0.0086856 -0.0019525
0.0076896 -0.0037587
0.0093819 -0.0037744
0.0061282 -0.0052975
0.0041590 -0.0064570
0.0051083 -0.0064845
0.0019596 -0.0071719
-0.0002549 -0.0074135
-0.0002446 -0.0074556
-0.0022898 -0.0071940
-0.0039605 -0.0065674
-0.0047674 -0.0066220
-0.0051203 -0.0056154
-0.0056710 -0.0044517
-0.0069113 -0.0045055
-0.0055725 -0.0031984
-0.0048490 -0.0019941
-0.0059979 -0.0020264
-0.0035786 -0.0009708
-0.0019024 -0.0002647
-0.0024133 -0.0002679
0.0000000 0.0000000
0.0000000 0.0000000
-0.0029225 0.0002641
-0.0034160 0.0002447
-0.0053651 0.0009648
-0.0071352 0.0019765
-0.0082266 0.0018399
-0.0080850 0.0031580
-0.0081327 0.0043791
-0.0092942 0.0040697
-0.0072711 0.0055058
-0.0055631 0.0064195
-0.0063074 0.0059571
-0.0031535 0.0070155
-0.0002411 0.0072149
-0.0002191 0.0066891
0.0029152 0.0069708
0.0060315 0.0062692
0.0069266 0.0058095
0.0088253 0.0051396
0.0110377 0.0036470
0.0126209 0.0033769
0.0124580 0.0018930
0.0129496 -0.0000026
0.0147933 -0.0000083
0.0124639 -0.0019005
0.0110514 -0.0036514
0.0126324 -0.0033910
0.0088402 -0.0051447
0.0060486 -0.0062730
0.0069413 -0.0058183
0.0029271 -0.0069736
-0.0002278 -0.0072173
-0.0002064 -0.0066936
-0.0031420 -0.0070162
-0.0055577 -0.0064198
-0.0062998 -0.0059577
-0.0072704 -0.0055048
-0.0081365 -0.0043788
-0.0092941 -0.0040695
-0.0080908 -0.0031573
-0.0071439 -0.0019765
-0.0082295 -0.0018400
-0.0053742 -0.0009634
-0.0029299 -0.0002638
-0.0034168 -0.0002444
0.0000000 0.0000000
0.0000000 0.0000000
-0.0038600 0.0002191
-0.0042440 0.0001786
-0.0069959 0.0007982
-0.0092094 0.0016265
-0.0100521 0.0013321
-0.0103478 0.0025922
-0.0103358 0.0035856
-0.0112255 0.0029323
-0.0091805 0.0044998
-0.0069699 0.0052394
-0.0075328 0.0042817
-0.0038896 0.0057209
-0.0001915 0.0058796
-0.0001636 0.0048062
0.0038028 0.0056790
0.0077395 0.0051056
0.0084373 0.0041750
0.0112648 0.0041844
0.0140547 0.0029660
0.0152802 0.0024235
0.0158450 0.0015364
0.0164627 -0.0000115
0.0178866 -0.0000169
0.0158493 -0.0015600
0.0140652 -0.0029863
0.0152851 -0.0024539
0.0112754 -0.0042020
0.0077523 -0.0051187
0.0084443 -0.0041937
0.0038115 -0.0056874
-0.0001821 -0.0058848
-0.0001577 -0.0048132
-0.0038821 -0.0057215
-0.0069668 -0.0052382
-0.0075290 -0.0042816
-0.0091810 -0.0044959
-0.0103400 -0.0035818
-0.0112256 -0.0029297
-0.0103539 -0.0025868
-0.0092173 -0.0016233
-0.0100547 -0.0013300
-0.0070044 -0.0007911
-0.0038661 -0.0002172
-0.0042447 -0.0001769
0.0000000 0.0000000
0.0000000 0.0000000
-0.0045427 0.0001332
-0.0047436 0.0000772
-0.0081768 0.0004841
-0.0107037 0.0009772
-0.0111387 0.0005669
-0.0119702 0.0015528
-0.0119081 0.0021410
-0.0123627 0.0012357
-0.0105365 0.0026823
-0.0079613 0.0031197
-0.0082458 0.0017967
-0.0043981 0.0034063
-0.0001361 0.0035024
-0.0001140 0.0020223
0.0044592 0.0033862
0.0089837 0.0030456
0.0093534 0.0017646
0.0130328 0.0024963
0.0162360 0.0017658
0.0168774 0.0010206
0.0182908 0.0009102
0.0189978 -0.0000200
0.0197408 -0.0000227
0.0182915 -0.0009484
0.0162393 -0.0018012
0.0168741 -0.0010619
0.0130334 -0.0025257
0.0089856 -0.0030682
0.0093442 -0.0017914
0.0044584 -0.0034008
-0.0001359 -0.0035114
-0.0001206 -0.0020338
-0.0043982 -0.0034081
-0.0079627 -0.0031182
-0.0082490 -0.0017972
-0.0105388 -0.0026761
-0.0119125 -0.0021351
-0.0123675 -0.0012315
-0.0119753 -0.0015444
-0.0107088 -0.0009726
-0.0111421 -0.0005648
-0.0081822 -0.0004731
-0.0045462 -0.0001307
-0.0047426 -0.0000761
0.0000000 0.0000000
0.0000000 0.0000000
-0.0048372 0.0000197
-0.0048136 -0.0000414
-0.0086828 0.0000701
-0.0113342 0.0001270
-0.0112763 -0.0003269
-0.0126467 0.0001967
-0.0125569 0.0002633
-0.0124857 -0.0007339
-0.0110872 0.0003261
-0.0083583 0.0003771
-0.0083048 -0.0010747
-0.0045913 0.0004151
-0.0000925 0.0004324
-0.0000777 -0.0011911
0.0047566 0.0004259
0.0095285 0.0003868
0.0095030 -0.0010187
0.0138016 0.0003179
0.0171747 0.0002194
0.0171121 -0.0005962
0.0193385 0.0001052
0.0200810 -0.0000242
0.0199987 -0.0000228
0.0193356 -0.0001493
0.0171682 -0.0002619
0.0170979 0.0005560
0.0137893 -0.0003528
0.0095156 -0.0004145
0.0094778 0.0009923
0.0047400 -0.0004437
-0.0001062 -0.0004437
-0.0000988 0.0011799
-0.0046018 -0.0004178
-0.0083677 -0.0003763
-0.0083167 0.0010745
-0.0110947 -0.0003190
-0.0125627 -0.0002573
-0.0124932 0.0007380
-0.0126524 -0.0001876
-0.0113354 -0.0001229
-0.0112792 0.0003285
-0.0086827 -0.0000575
-0.0048361 -0.0000169
-0.0048127 0.0000433
0.0000000 0.0000000
0.0000000 0.0000000
-0.0046761 -0.0001007
-0.0044260 -0.0001550
-0.0083988 -0.0003678
-0.0109649 -0.0007670
-0.0104146 -0.0011733
-0.0122382 -0.0012259
-0.0121505 -0.0017014
-0.0115648 -0.0025935
-0.0107268 -0.0021352
-0.0080845 -0.0024831
-0.0077072 -0.0037814
-0.0044344 -0.0027025
-0.0000745 -0.0027670
-0.0000786 -0.0042188
0.0046270 -0.0026592
0.0092563 -0.0023840
0.0088196 -0.0036399
0.0134035 -0.0019496
0.0166700 -0.0013872
0.0158920 -0.0021120
0.0187660 -0.0007271
0.0194818 -0.0000210
0.0185703 -0.0000154
0.0187566 0.0006889
0.0166533 0.0013505
0.0158684 0.0020863
0.0133787 0.0019210
0.0092280 0.0023598
0.0087842 0.0036223
0.0045974 0.0026450
-0.0001016 0.0027571
-0.0001113 0.0042111
-0.0044553 0.0027007
-0.0081016 0.0024831
-0.0077273 0.0037807
-0.0107365 0.0021409
-0.0121568 0.0017054
-0.0115723 0.0025959
-0.0122394 0.0012334
-0.0109631 0.0007693
-0.0104159 0.0011732
-0.0083957 0.0003795
-0.0046726 0.0001031
-0.0044271 0.0001557
0.0000000 0.0000000
0.0000000 0.0000000
-0.0040853 -0.0002030
-0.0036551 -0.0002388
-0.0073684 -0.0007400
-0.0096539 -0.0015241
-0.0087119 -0.0018025
-0.0108066 -0.0024305
-0.0107552 -0.0033645
-0.0097586 -0.0039810
-0.0095159 -0.0042187
-0.0071879 -0.0049049
-0.0065528 -0.0058074
-0.0039582 -0.0053434
-0.0000905 -0.0054774
-0.0001109 -0.0064908
0.0040859 -0.0052741
0.0082007 -0.0047315
0.0074339 -0.0056098
0.0118878 -0.0038692
0.0147934 -0.0027445
0.0134380 -0.0032503
0.0166562 -0.0014245
0.0172912 -0.0000106
0.0157117 -0.0000015
0.0166432 0.0014066
0.0147699 0.0027265
0.0134119 0.0032477
0.0118551 0.0038565
0.0081623 0.0047190
0.0073921 0.0056066
0.0040462 0.0052672
-0.0001268 0.0054722
-0.0001493 0.0064890
-0.0039850 0.0053426
-0.0072104 0.0049038
-0.0065763 0.0058062
-0.0095286 0.0042223
-0.0107631 0.0033655
-0.0097691 0.0039811
-0.0108066 0.0024349
-0.0096506 0.0015242
-0.0087141 0.0018021
-0.0073628 0.0007480
-0.0040796 0.0002042
-0.0036569 0.0002395
0.0000000 0.0000000
0.0000000 0.0000000
-0.0031721 -0.0002672
-0.0026422 -0.0002791
-0.0057819 -0.0009746
-0.0076402 -0.0020003
-0.0064767 -0.0021042
-0.0086120 -0.0031912
-0.0086207 -0.0044184
-0.0073857 -0.0046598
-0.0076678 -0.0055448
-0.0058264 -0.0064521
-0.0050374 -0.0068204
-0.0032462 -0.0070361
-0.0001385 -0.0072198
-0.0001665 -0.0076460
0.0032268 -0.0069588
0.0065457 -0.0062458
0.0055847 -0.0066216
0.0095226 -0.0051096
0.0118717 -0.0036198
0.0101745 -0.0038367
0.0133771 -0.0018714
0.0138901 0.0000039
0.0119137 0.0000123
0.0133641 0.0018803
0.0118482 0.0036267
0.0101511 0.0038577
0.0094905 0.0051160
0.0065066 0.0062497
0.0055465 0.0066349
0.0031851 0.0069630
-0.0001757 0.0072220
-0.0002023 0.0076523
-0.0032717 0.0070381
-0.0058493 0.0064519
-0.0050594 0.0068214
-0.0076809 0.0055464
-0.0086290 0.0044173
-0.0073965 0.0046589
-0.0086115 0.0031927
-0.0076367 0.0019992
-0.0064796 0.0021032
-0.0057756 0.0009783
-0.0031663 0.0002676
-0.0026450 0.0002789
0.0000000 0.0000000
0.0000000 0.0000000
-0.0021062 -0.0002824
-0.0015734 -0.0002674
-0.0039287 -0.0010319
-0.0052835 -0.0021160
-0.0041026 -0.0020265
-0.0060365 -0.0033854
-0.0061088 -0.0047003
-0.0048352 -0.0045358
-0.0054867 -0.0059162
-0.0042149 -0.0069032
-0.0033859 -0.0067022
-0.0023999 -0.0075470
-0.0001922 -0.0077606
-0.0002071 -0.0075680
0.0022097 -0.0074928
0.0045844 -0.0067330
0.0035936 -0.0065832
0.0067166 -0.0055134
0.0084045 -0.0039048
0.0066408 -0.0038219
0.0094859 -0.0020158
0.0098548 0.0000158
0.0077987 0.0000207
0.0094755 0.0020456
0.0083864 0.0039330
0.0066248 0.0038578
0.0066927 0.0055361
0.0045529 0.0067523
0.0035653 0.0066084
0.0021753 0.0075074
-0.0002230 0.0077700
-0.0002354 0.0075797
-0.0024198 0.0075529
-0.0042341 0.0069055
-0.0034036 0.0067058
-0.0054981 0.0059180
-0.0061168 0.0046987
-0.0048443 0.0045350
-0.0060366 0.0033845
-0.0052807 0.0021142
-0.0041037 0.0020260
-0.0039229 0.0010298
-0.0021014 0.0002811
-0.0015770 0.0002655
0.0000000 0.0000000
0.0000000 0.0000000
-0.0010852 -0.0002439
-0.0006550 -0.0002003
-0.0021439 -0.0008959
-0.0029932 -0.0018426
-0.0019971 -0.0015602
-0.0035078 -0.0029775
-0.0036173 -0.0041730
-0.0024963 -0.0036182
-0.0033000 -0.0052961
-0.0025795 -0.0062247
-0.0018180 -0.0054804
-0.0015188 -0.0068456
-0.0002093 -0.0070743
-0.0001889 -0.0062882
0.0012250 -0.0068563
0.0026489 -0.0061782
0.0017948 -0.0055214
0.0039290 -0.0050701
0.0049474 -0.0035942
0.0033934 -0.0032204
0.0055983 -0.0018564
0.0058224 0.0000213
0.0040023 0.0000222
0.0055925 0.0018932
0.0049368 0.0036323
0.0033844 0.0032596
0.0039159 0.0051000
0.0026293 0.0062057
0.0017779 0.0055497
0.0012034 0.0068761
-0.0002292 0.0070876
-0.0002053 0.0063006
-0.0015303 0.0068540
-0.0025920 0.0062282
-0.0018280 0.0054827
-0.0033075 0.0052989
-0.0036233 0.0041711
-0.0025022 0.0036158
-0.0035090 0.0029765
-0.0029905 0.0018419
-0.0019988 0.0015619
-0.0021388 0.0008856
-0.0010811 0.0002404
-0.0006616 0.0001978
0.0000000 0.0000000
0.0000000 0.0000000
-0.0003199 -0.0001452
-0.0001165 -0.0000739
-0.0007639 -0.0005635
-0.0011659 -0.0011933
-0.0005483 -0.0007614
-0.0014311 -0.0020001
-0.0015224 -0.0028885
-0.0007400 -0.0020075
-0.0014186 -0.0037457
-0.0011367 -0.0044807
-0.0005588 -0.0032320
-0.0006999 -0.0049899
-0.0001506 -0.0052099
-0.0000830 -0.0038275
0.0004557 -0.0050873
0.0010632 -0.0046088
0.0005042 -0.0034180
0.0016077 -0.0037984
0.0020459 -0.0026977
0.0009776 -0.0020089
0.0023225 -0.0013971
0.0024218 0.0000202
0.0011551 0.0000173
0.0023217 0.0014265
0.0020433 0.0027338
0.0009664 0.0020393
0.0016061 0.0038233
0.0010574 0.0046345
0.0004857 0.0034382
0.0004514 0.0051043
-0.0001565 0.0052207
-0.0001005 0.0038343
-0.0007008 0.0049981
-0.0011409 0.0044802
-0.0005675 0.0032286
-0.0014213 0.0037478
-0.0015272 0.0028814
-0.0007347 0.0019988
-0.0014373 0.0019997
-0.0011695 0.0011918
-0.0005285 0.0007621
-0.0007700 0.0005440
-0.0003204 0.0001450
-0.0000982 0.0000803
0.0000000 0.0000000
0.0000000 0.0000000
-0.0000011 -0.0000011
0.0000000 0.0000000
-0.0000729 -0.0001166
-0.0001423 -0.0003196
0.0000000 0.0000000
-0.0001839 -0.0006360
-0.0002059 -0.0010190
0.0000000 0.0000000
-0.0001913 -0.0013942
-0.0001596 -0.0017400
0.0000000 0.0000000
-0.0001008 -0.0019819
-0.0000298 -0.0021119
0.0000000 0.0000000
0.0000504 -0.0020856
0.0001322 -0.0019084
0.0000000 0.0000000
0.0002022 -0.0015837
0.0002638 -0.0011280
0.0000000 0.0000000
0.0002966 -0.0005896
0.0003138 0.0000102
0.0000000 0.0000000
0.0002963 0.0005941
0.0002623 0.0011461
0.0000000 0.0000000
0.0002015 0.0015895
0.0001296 0.0019205
0.0000000 0.0000000
0.0000492 0.0020932
-0.0000323 0.0021160
0.0000000 0.0000000
-0.0001010 0.0019913
-0.0001605 0.0017384
0.0000000 0.0000000
-0.0001906 0.0014050
-0.0002044 0.0010138
0.0000000 0.0000000
-0.0001832 0.0006473
-0.0001439 0.0003170
0.0000000 0.0000000
-0.0000812 0.0001002
-0.0000064 0.0000064
0.0000000 0.0000000
0.0000000 0.0000000
0.008968929
0.008462401
0.007254308
0.00690393
0.007702266
0.009280527
0.01097049
0.01206718
0.01212385
0.01111651
0.009460823
0.007846419
0.006966343
0.007202677
0.008353209
0.008980605
0.009486709
0.008964972
0.008294245
0.007970776
0.008238757
0.008949546
0.009760078
0.01030451
0.01034801
0.009873935
0.009089529
0.00835519
0.008024445
0.008259596
0.008975351
0.009598384
0.01079508
0.009597632
0.008799028
0.008366203
0.008323125
0.008566325
0.008902512
0.009139034
0.009157694
0.008954764
0.008628283
0.008378515
0.008408614
0.008834341
0.009692428
0.0109031
0.01161035
0.009976607
0.008947479
0.008355534
0.008106885
0.008085667
0.0081629
0.008233753
0.00824497
0.008195109
0.008121786
0.008141716
0.008384794
0.008973948
0.01002146
0.01166411
0.01157578
0.009801243
0.008682577
0.008019086
0.007674972
0.007522927
0.007467797
0.007447735
0.007453624
0.007483146
0.007537744
0.007687188
0.008027471
0.008686281
0.009803564
0.01158246
0.01063367
0.009008092
0.007988261
0.007384742
0.007053465
0.006868374
0.006762254
0.006699551
0.006702363
0.006768655
0.006873127
0.007047408
0.007370593
0.007963605
0.008964724
0.01057984
0.008825952
0.007641642
0.006908046
0.006487321
0.006256685
0.006113498
0.006008484
0.005933053
0.005934106
0.006006539
0.006107221
0.006238543
0.006453464
0.006855836
0.007557198
0.008727511
0.006353987
0.005835148
0.005530971
0.005390156
0.005322782
0.005267852
0.005204846
0.00513648
0.00513404
0.00519736
0.00525767
0.005301395
0.005350884
0.005469171
0.005722911
0.006212054
0.003555352
0.003827185
0.004013506
0.004176584
0.004288808
0.00433086
0.004313261
0.004269803
0.004268816
0.004310627
0.004324024
0.004271336
0.004141724
0.003955771
0.00371575
0.003422607
0.0008897849
0.001902147
0.002538355
0.002965725
0.003231369
0.00335244
0.003363661
0.003338965
0.003338508
0.003367156
0.00335053
0.003223188
0.002943532
0.00249713
0.001809716
0.0007712431
-0.001258424
0.000314562
0.001291085
0.001902643
0.002253657
0.002409777
0.002430623
0.002403786
0.002406276
0.002436475
0.002412803
0.002259395
0.001896341
0.001268616
0.0002616254
-0.001323418
-0.002544398
-0.0007095106
0.0004202886
0.001091908
0.001434526
0.001544374
0.001522162
0.001471899
0.00147742
0.001539053
0.001564317
0.001454736
0.001107228
0.0004278249
-0.0007129671
-0.002551492
-0.002823717
-0.001057441
2.932821e-05
0.0006231228
0.0008446748
0.0008031918
0.0006536617
0.0005320108
0.0005439625
0.0006870203
0.0008490432
0.0008859581
0.0006594407
5.758511e-05
-0.001013019
-0.002774776
-0.002113897
-0.000772742
0.0001340768
0.0005517692
0.0005299445
0.0001923702
-0.0002239486
-0.000501017
-0.0004795999
-0.0001699565
0.0002659984
0.0005961413
0.0006057791
0.0001737687
-0.0006684459
-0.001996713
-0.0007164939
-1.178032e-05
0.0007513422
0.0009608064
0.000534616
-0.0003385251
-0.001257386
-0.001818561
-0.001768963
-0.001127488
-0.0001758844
0.0006703026
0.001028467
0.0007199017
4.402004e-06
-0.0005894177
-1.661078e-05
0.0006913684
0.001931848
0.002131602
0.001089614
-0.0007577268
-0.0026466
-0.003798
-0.003733551
-0.002476846
-0.0005487475
0.001260807
0.002210001
0.001884902
0.0005782258
0
