0.0000000 0.0000000
0.0000000 0.0000000
0.0000000 0.0000000
0.0000000 0.0000000
0.0000000 0.0000000
0.0000000 0.0000000
0.0000000 0.0000000
0.0000000 0.0000000
0.0000000 0.0000000
0.0000000 0.0000000
0.0000000 0.0000000
0.0000000 0.0000000
0.0000000 0.0000000
0.0000000 0.0000000
0.0000000 0.0000000
0.0000000 0.0000000
0.0000000 0.0000000
-0.0000126 0.0000126
-0.0000261 0.0000521
-0.0000261 0.0001022
-0.0000128 0.0001386
0.0000082 0.0001420
0.0000286 0.0001062
0.0000411 0.0000392
0.0000412 -0.0000394
0.0000287 -0.0001063
0.0000083 -0.0001421
-0.0000127 -0.0001386
-0.0000262 -0.0001022
-0.0000263 -0.0000519
-0.0000128 -0.0000129
0.0000000 0.0000000
0.0000000 0.0000000
-0.0000535 0.0000283
-0.0000913 0.0000969
-0.0000864 0.0001745
-0.0000393 0.0002266
0.0000318 0.0002270
0.0001005 0.0001678
0.0001422 0.0000618
0.0001422 -0.0000620
0.0001004 -0.0001681
0.0000316 -0.0002273
-0.0000395 -0.0002268
-0.0000865 -0.0001747
-0.0000913 -0.0000970
-0.0000532 -0.0000286
0.0000000 0.0000000
0.0000000 0.0000000
-0.0001145 0.0000364
-0.0001790 0.0001204
-0.0001624 0.0002104
-0.0000696 0.0002678
0.0000660 0.0002649
0.0001957 0.0001942
0.0002742 0.0000712
0.0002742 -0.0000718
0.0001956 -0.0001948
0.0000657 -0.0002654
-0.0000697 -0.0002682
-0.0001626 -0.0002107
-0.0001791 -0.0001205
-0.0001145 -0.0000366
0.0000000 0.0000000
0.0000000 0.0000000
-0.0001829 0.0000371
-0.0002739 0.0001213
-0.0002418 0.0002100
-0.0000989 0.0002648
0.0001044 0.0002602
0.0002974 0.0001899
0.0004138 0.0000693
0.0004137 -0.0000704
0.0002972 -0.0001910
0.0001040 -0.0002611
-0.0000993 -0.0002655
-0.0002422 -0.0002104
-0.0002742 -0.0001216
-0.0001829 -0.0000371
0.0000000 0.0000000
0.0000000 0.0000000
-0.0002464 0.0000315
-0.0003611 0.0001029
-0.0003137 0.0001774
-0.0001244 0.0002229
0.0001404 0.0002182
0.0003901 0.0001588
0.0005404 0.0000577
0.0005403 -0.0000593
0.0003898 -0.0001602
0.0001398 -0.0002194
-0.0001250 -0.0002238
-0.0003144 -0.0001780
-0.0003617 -0.0001031
-0.0002466 -0.0000315
0.0000000 0.0000000
0.0000000 0.0000000
-0.0002952 0.0000213
-0.0004280 0.0000694
-0.0003683 0.0001195
-0.0001433 0.0001498
0.0001683 0.0001463
0.0004610 0.0001063
0.0006368 0.0000383
0.0006366 -0.0000401
0.0004604 -0.0001079
0.0001675 -0.0001477
-0.0001443 -0.0001508
-0.0003693 -0.0001201
-0.0004288 -0.0000697
-0.0002955 -0.0000213
0.0000000 0.0000000
0.0000000 0.0000000
-0.0003222 0.0000081
-0.0004649 0.0000261
-0.0003984 0.0000448
-0.0001536 0.0000561
0.0001839 0.0000546
0.0005002 0.0000395
0.0006900 0.0000139
0.0006897 -0.0000156
0.0004995 -0.0000410
0.0001828 -0.0000559
-0.0001549 -0.0000570
-0.0003998 -0.0000454
-0.0004660 -0.0000264
-0.0003228 -0.0000080
0.0000000 0.0000000
0.0000000 0.0000000
-0.0003239 -0.0000064
-0.0004669 -0.0000211
-0.0003997 -0.0000364
-0.0001538 -0.0000458
0.0001851 -0.0000449
0.0005029 -0.0000329
0.0006931 -0.0000124
0.0006928 0.0000113
0.0005019 0.0000319
0.0001837 0.0000441
-0.0001555 0.0000452
-0.0004013 0.0000361
-0.0004682 0.0000209
-0.0003246 0.0000065
0.0000000 0.0000000
0.0000000 0.0000000
-0.0002993 -0.0000201
-0.0004332 -0.0000658
-0.0003722 -0.0001134
-0.0001443 -0.0001422
0.0001711 -0.0001391
0.0004674 -0.0001013
0.0006449 -0.0000371
0.0006445 0.0000369
0.0004663 0.0001011
0.0001696 0.0001390
-0.0001460 0.0001422
-0.0003738 0.0001134
-0.0004345 0.0000658
-0.0003001 0.0000202
0.0000000 0.0000000
0.0000000 0.0000000
-0.0002518 -0.0000311
-0.0003683 -0.0001016
-0.0003191 -0.0001751
-0.0001259 -0.0002199
0.0001442 -0.0002152
0.0003987 -0.0001567
0.0005515 -0.0000570
0.0005511 0.0000578
0.0003977 0.0001575
0.0001427 0.0002159
-0.0001274 0.0002204
-0.0003207 0.0001755
-0.0003695 0.0001018
-0.0002526 0.0000312
0.0000000 0.0000000
0.0000000 0.0000000
-0.0001883 -0.0000375
-0.0002812 -0.0001226
-0.0002475 -0.0002118
-0.0001005 -0.0002669
0.0001082 -0.0002620
0.0003060 -0.0001910
0.0004251 -0.0000693
0.0004248 0.0000711
0.0003052 0.0001926
0.0001069 0.0002633
-0.0001018 0.0002679
-0.0002488 0.0002125
-0.0002822 0.0001229
-0.0001890 0.0000376
0.0000000 0.0000000
0.0000000 0.0000000
-0.0001186 -0.0000375
-0.0001848 -0.0001234
-0.0001671 -0.0002154
-0.0000710 -0.0002737
0.0000689 -0.0002703
0.0002025 -0.0001979
0.0002833 -0.0000718
0.0002831 0.0000741
0.0002020 0.0002000
0.0000679 0.0002721
-0.0000719 0.0002749
-0.0001680 0.0002161
-0.0001855 0.0001238
-0.0001191 0.0000375
0.0000000 0.0000000
0.0000000 0.0000000
-0.0000555 -0.0000296
-0.0000946 -0.0001003
-0.0000892 -0.0001804
-0.0000403 -0.0002338
0.0000333 -0.0002339
0.0001044 -0.0001724
0.0001475 -0.0000627
0.0001474 0.0000650
0.0001042 0.0001744
0.0000329 0.0002355
-0.0000407 0.0002349
-0.0000897 0.0001810
-0.0000951 0.0001007
-0.0000560 0.0000294
0.0000000 0.0000000
0.0000000 0.0000000
-0.0000134 -0.0000135
-0.0000274 -0.0000541
-0.0000271 -0.0001062
-0.0000130 -0.0001438
0.0000088 -0.0001471
0.0000300 -0.0001098
0.0000428 -0.0000402
0.0000427 0.0000415
0.0000297 0.0001109
0.0000085 0.0001481
-0.0000133 0.0001445
-0.0000271 0.0001067
-0.0000272 0.0000545
-0.0000133 0.0000133
0.0000000 0.0000000
0.0000000 0.0000000
0.0000000 0.0000000
0.0000000 0.0000000
0.0000000 0.0000000
0.0000000 0.0000000
0.0000000 0.0000000
0.0000000 0.0000000
0.0000000 0.0000000
0.0000000 0.0000000
0.0000000 0.0000000
0.0000000 0.0000000
0.0000000 0.0000000
0.0000000 0.0000000
0.0000000 0.0000000
0.0000000 0.0000000
0.0000000 0.0000000
0.0000000 0.0000000
-0.0000003 0.0000003
0.0000000 0.0000000
-0.0000040 0.0000032
-0.0000032 0.0000040
-0.0000056 0.0000125
0.0000000 0.0000000
-0.0000206 0.0000297
-0.0000071 0.0000253
-0.0000078 0.0000394
0.0000000 0.0000000
-0.0000281 0.0000771
-0.0000072 0.0000543
-0.0000060 0.0000667
0.0000000 0.0000000
-0.0000211 0.0001233
-0.0000036 0.0000760
-0.0000010 0.0000803
0.0000000 0.0000000
-0.0000030 0.0001449
0.0000021 0.0000790
0.0000050 0.0000721
0.0000000 0.0000000
0.0000188 0.0001287
0.0000077 0.0000594
0.0000099 0.0000426
0.0000000 0.0000000
0.0000363 0.0000757
0.0000111 0.0000220
0.0000117 0.0000001
0.0000000 0.0000000
0.0000430 0.0000002
0.0000111 -0.0000222
0.0000099 -0.0000424
0.0000000 0.0000000
0.0000366 -0.0000754
0.0000077 -0.0000596
0.0000051 -0.0000720
0.0000000 0.0000000
0.0000194 -0.0001286
0.0000021 -0.0000790
-0.0000009 -0.0000803
0.0000000 0.0000000
-0.0000025 -0.0001450
-0.0000036 -0.0000758
-0.0000059 -0.0000669
0.0000000 0.0000000
-0.0000208 -0.0001236
-0.0000072 -0.0000539
-0.0000079 -0.0000396
0.0000000 0.0000000
-0.0000283 -0.0000775
-0.0000071 -0.0000249
-0.0000056 -0.0000126
0.0000000 0.0000000
-0.0000213 -0.0000297
-0.0000029 -0.0000047
-0.0000001 -0.0000001
0.0000000 0.0000000
-0.0000047 -0.0000029
0.0000000 0.0000000
0.0000000 0.0000000
-0.0000126 0.0000056
-0.0000258 0.0000076
-0.0000300 0.0000211
-0.0000452 0.0000459
-0.0000769 0.0000595
-0.0000552 0.0000767
-0.0000581 0.0001101
-0.0000948 0.0001367
-0.0000535 0.0001426
-0.0000422 0.0001697
-0.0000674 0.0002055
-0.0000251 0.0001885
-0.0000044 0.0001959
-0.0000054 0.0002341
0.0000184 0.0001907
0.0000407 0.0001724
0.0000680 0.0002045
0.0000606 0.0001417
0.0000764 0.0001009
0.0001259 0.0001192
0.0000863 0.0000523
0.0000899 0.0000001
0.0001479 0.0000000
0.0000863 -0.0000524
0.0000764 -0.0001007
0.0001261 -0.0001191
0.0000605 -0.0001418
0.0000407 -0.0001724
0.0000682 -0.0002046
0.0000182 -0.0001908
-0.0000044 -0.0001961
-0.0000052 -0.0002344
-0.0000253 -0.0001885
-0.0000422 -0.0001700
-0.0000673 -0.0002059
-0.0000535 -0.0001427
-0.0000580 -0.0001105
-0.0000947 -0.0001370
-0.0000550 -0.0000768
-0.0000452 -0.0000460
-0.0000769 -0.0000595
-0.0000298 -0.0000218
-0.0000126 -0.0000057
-0.0000255 -0.0000077
0.0000000 0.0000000
0.0000000 0.0000000
-0.0000417 0.0000091
-0.0000603 0.0000099
-0.0000821 0.0000334
-0.0001143 0.0000692
-0.0001558 0.0000751
-0.0001333 0.0001115
-0.0001365 0.0001557
-0.0001814 0.0001671
-0.0001233 0.0001970
-0.0000950 0.0002307
-0.0001240 0.0002452
-0.0000543 0.0002528
-0.0000053 0.0002603
-0.0000044 0.0002747
0.0000478 0.0002514
0.0000999 0.0002260
0.0001345 0.0002375
0.0001462 0.0001850
0.0001827 0.0001312
0.0002436 0.0001375
0.0002059 0.0000679
0.0002139 -0.0000001
0.0002847 -0.0000003
0.0002059 -0.0000683
0.0001827 -0.0001314
0.0002437 -0.0001380
0.0001462 -0.0001854
0.0000999 -0.0002263
0.0001347 -0.0002380
0.0000478 -0.0002518
-0.0000052 -0.0002606
-0.0000043 -0.0002752
-0.0000544 -0.0002531
-0.0000950 -0.0002310
-0.0001240 -0.0002456
-0.0001233 -0.0001973
-0.0001365 -0.0001560
-0.0001814 -0.0001674
-0.0001334 -0.0001117
-0.0001145 -0.0000693
-0.0001559 -0.0000752
-0.0000824 -0.0000338
-0.0000419 -0.0000092
-0.0000602 -0.0000100
0.0000000 0.0000000
0.0000000 0.0000000
-0.0000797 0.0000103
-0.0000995 0.0000101
-0.0001484 0.0000377
-0.0001991 0.0000773
-0.0002427 0.0000760
-0.0002264 0.0001235
-0.0002275 0.0001710
-0.0002735 0.0001677
-0.0002023 0.0002145
-0.0001532 0.0002493
-0.0001819 0.0002436
-0.0000846 0.0002715
-0.0000028 0.0002780
-0.0000007 0.0002707
0.0000849 0.0002674
0.0001706 0.0002395
0.0002065 0.0002326
0.0002466 0.0001956
0.0003063 0.0001383
0.0003684 0.0001341
0.0003444 0.0000714
0.0003574 -0.0000004
0.0004293 -0.0000006
0.0003444 -0.0000723
0.0003064 -0.0001391
0.0003684 -0.0001352
0.0002466 -0.0001964
0.0001706 -0.0002403
0.0002066 -0.0002336
0.0000849 -0.0002681
-0.0000028 -0.0002786
-0.0000008 -0.0002715
-0.0000847 -0.0002720
-0.0001533 -0.0002498
-0.0001820 -0.0002441
-0.0002026 -0.0002148
-0.0002278 -0.0001713
-0.0002737 -0.0001680
-0.0002267 -0.0001237
-0.0001994 -0.0000775
-0.0002429 -0.0000762
-0.0001488 -0.0000378
-0.0000799 -0.0000104
-0.0000995 -0.0000101
0.0000000 0.0000000
0.0000000 0.0000000
-0.0001184 0.0000096
-0.0001360 0.0000086
-0.0002157 0.0000351
-0.0002845 0.0000717
-0.0003232 0.0000646
-0.0003191 0.0001143
-0.0003172 0.0001578
-0.0003575 0.0001419
-0.0002792 0.0001974
-0.0002088 0.0002286
-0.0002335 0.0002054
-0.0001123 0.0002482
0.0000016 0.0002535
0.0000039 0.0002274
0.0001230 0.0002433
0.0002410 0.0002175
0.0002728 0.0001948
0.0003456 0.0001773
0.0004276 0.0001251
0.0004818 0.0001119
0.0004798 0.0000644
0.0004977 -0.0000007
0.0005603 -0.0000009
0.0004797 -0.0000659
0.0004275 -0.0001265
0.0004817 -0.0001135
0.0003455 -0.0001786
0.0002409 -0.0002187
0.0002726 -0.0001962
0.0001227 -0.0002444
0.0000014 -0.0002545
0.0000035 -0.0002285
-0.0001127 -0.0002490
-0.0002092 -0.0002293
-0.0002340 -0.0002061
-0.0002797 -0.0001978
-0.0003177 -0.0001581
-0.0003580 -0.0001423
-0.0003196 -0.0001145
-0.0002849 -0.0000719
-0.0003235 -0.0000647
-0.0002161 -0.0000351
-0.0001187 -0.0000096
-0.0001361 -0.0000086
0.0000000 0.0000000
0.0000000 0.0000000
-0.0001512 0.0000074
-0.0001639 0.0000058
-0.0002729 0.0000271
-0.0003569 0.0000551
-0.0003849 0.0000436
-0.0003976 0.0000878
-0.0003927 0.0001210
-0.0004217 0.0000957
-0.0003435 0.0001512
-0.0002549 0.0001749
-0.0002725 0.0001382
-0.0001348 0.0001896
0.0000061 0.0001933
0.0000080 0.0001527
0.0001556 0.0001853
0.0003006 0.0001654
0.0003237 0.0001304
0.0004289 0.0001346
0.0005293 0.0000948
0.0005683 0.0000746
0.0005932 0.0000486
0.0006150 -0.0000010
0.0006600 -0.0000010
0.0005930 -0.0000505
0.0005291 -0.0000967
0.0005681 -0.0000766
0.0004286 -0.0001363
0.0003003 -0.0001669
0.0003231 -0.0001321
0.0001550 -0.0001866
0.0000055 -0.0001945
0.0000072 -0.0001539
-0.0001355 -0.0001905
-0.0002556 -0.0001756
-0.0002733 -0.0001390
-0.0003443 -0.0001516
-0.0003934 -0.0001214
-0.0004226 -0.0000961
-0.0003983 -0.0000879
-0.0003575 -0.0000552
-0.0003855 -0.0000437
-0.0002734 -0.0000269
-0.0001516 -0.0000074
-0.0001642 -0.0000058
0.0000000 0.0000000
0.0000000 0.0000000
-0.0001734 0.0000041
-0.0001795 0.0000022
-0.0003115 0.0000151
-0.0004058 0.0000306
-0.0004191 0.0000164
-0.0004504 0.0000487
-0.0004434 0.0000671
-0.0004572 0.0000360
-0.0003865 0.0000837
-0.0002855 0.0000967
-0.0002938 0.0000518
-0.0001495 0.0001048
0.0000095 0.0001067
0.0000105 0.0000571
0.0001778 0.0001022
0.0003409 0.0000910
0.0003520 0.0000486
0.0004850 0.0000740
0.0005976 0.0000519
0.0006162 0.0000275
0.0006692 0.0000264
0.0006937 -0.0000010
0.0007151 -0.0000010
0.0006690 -0.0000284
0.0005972 -0.0000539
0.0006157 -0.0000293
0.0004844 -0.0000758
0.0003402 -0.0000927
0.0003510 -0.0000501
0.0001769 -0.0001035
0.0000085 -0.0001079
0.0000093 -0.0000582
-0.0001506 -0.0001056
-0.0002866 -0.0000974
-0.0002951 -0.0000525
-0.0003877 -0.0000841
-0.0004444 -0.0000674
-0.0004583 -0.0000363
-0.0004514 -0.0000488
-0.0004066 -0.0000307
-0.0004199 -0.0000165
-0.0003122 -0.0000148
-0.0001738 -0.0000041
-0.0001798 -0.0000022
0.0000000 0.0000000
0.0000000 0.0000000
-0.0001818 0.0000003
-0.0001803 -0.0000017
-0.0003261 0.0000010
-0.0004241 0.0000017
-0.0004209 -0.0000132
-0.0004702 0.0000027
-0.0004623 0.0000036
-0.0004589 -0.0000291
-0.0004026 0.0000045
-0.0002969 0.0000050
-0.0002947 -0.0000421
-0.0001549 0.0000054
0.0000110 0.0000053
0.0000109 -0.0000467
0.0001864 0.0000050
0.0003562 0.0000043
0.0003537 -0.0000402
0.0005062 0.0000033
0.0006233 0.0000020
0.0006189 -0.0000235
0.0006978 0.0000007
0.0007232 -0.0000009
0.0007181 -0.0000007
0.0006975 -0.0000023
0.0006227 -0.0000037
0.0006182 0.0000222
0.0005053 -0.0000048
0.0003551 -0.0000056
0.0003524 0.0000392
0.0001851 -0.0000061
0.0000095 -0.0000063
0.0000093 0.0000460
-0.0001564 -0.0000060
-0.0002984 -0.0000055
-0.0002964 0.0000417
-0.0004040 -0.0000047
-0.0004637 -0.0000038
-0.0004604 0.0000289
-0.0004714 -0.0000027
-0.0004251 -0.0000017
-0.0004219 0.0000131
-0.0003268 -0.0000007
-0.0001822 -0.0000002
-0.0001807 0.0000018
0.0000000 0.0000000
0.0000000 0.0000000
-0.0001751 -0.0000036
-0.0001663 -0.0000055
-0.0003144 -0.0000133
-0.0004093 -0.0000276
-0.0003898 -0.0000412
-0.0004541 -0.0000440
-0.0004468 -0.0000608
-0.0004265 -0.0000907
-0.0003893 -0.0000760
-0.0002873 -0.0000880
-0.0002750 -0.0001311
-0.0001502 -0.0000954
0.0000102 -0.0000974
0.0000090 -0.0001450
0.0001799 -0.0000934
0.0003443 -0.0000836
0.0003284 -0.0001243
0.0004894 -0.0000682
0.0006028 -0.0000484
0.0005757 -0.0000717
0.0006749 -0.0000252
0.0006994 -0.0000005
0.0006681 -0.0000002
0.0006745 0.0000244
0.0006020 0.0000475
0.0005749 0.0000713
0.0004883 0.0000675
0.0003429 0.0000829
0.0003269 0.0001240
0.0001783 0.0000930
0.0000085 0.0000970
0.0000072 0.0001450
-0.0001519 0.0000952
-0.0002891 0.0000879
-0.0002768 0.0001311
-0.0003910 0.0000760
-0.0004483 0.0000608
-0.0004281 0.0000907
-0.0004554 0.0000442
-0.0004103 0.0000277
-0.0003909 0.0000413
-0.0003151 0.0000137
-0.0001755 0.0000037
-0.0001667 0.0000055
0.0000000 0.0000000
0.0000000 0.0000000
-0.0001542 -0.0000071
-0.0001391 -0.0000085
-0.0002779 -0.0000260
-0.0003630 -0.0000534
-0.0003298 -0.0000638
-0.0004040 -0.0000851
-0.0003986 -0.0001174
-0.0003641 -0.0001401
-0.0003483 -0.0001466
-0.0002580 -0.0001698
-0.0002370 -0.0002026
-0.0001359 -0.0001841
0.0000073 -0.0001879
0.0000053 -0.0002244
0.0001591 -0.0001801
0.0003064 -0.0001609
0.0002793 -0.0001922
0.0004365 -0.0001312
0.0005383 -0.0000927
0.0004920 -0.0001106
0.0006029 -0.0000479
0.0006250 0.0000001
0.0005715 0.0000004
0.0006025 0.0000481
0.0005374 0.0000929
0.0004911 0.0001114
0.0004353 0.0001314
0.0003049 0.0001611
0.0002777 0.0001929
0.0001574 0.0001804
0.0000055 0.0001881
0.0000034 0.0002250
-0.0001378 0.0001844
-0.0002599 0.0001700
-0.0002389 0.0002031
-0.0003500 0.0001470
-0.0004001 0.0001176
-0.0003657 0.0001404
-0.0004052 0.0000854
-0.0003639 0.0000536
-0.0003309 0.0000639
-0.0002785 0.0000263
-0.0001545 0.0000072
-0.0001395 0.0000085
0.0000000 0.0000000
0.0000000 0.0000000
-0.0001218 -0.0000096
-0.0001026 -0.0000102
-0.0002215 -0.0000350
-0.0002916 -0.0000717
-0.0002495 -0.0000769
-0.0003267 -0.0001142
-0.0003242 -0.0001576
-0.0002803 -0.0001692
-0.0002850 -0.0001970
-0.0002126 -0.0002283
-0.0001855 -0.0002455
-0.0001137 -0.0002477
0.0000030 -0.0002530
0.0000006 -0.0002727
0.0001270 -0.0002428
0.0002478 -0.0002170
0.0002131 -0.0002342
0.0003545 -0.0001769
0.0004381 -0.0001249
0.0003788 -0.0001348
0.0004913 -0.0000643
0.0005093 0.0000006
0.0004408 0.0000009
0.0004909 0.0000656
0.0004373 0.0001261
0.0003780 0.0001365
0.0003534 0.0001781
0.0002463 0.0002181
0.0002118 0.0002357
0.0001254 0.0002438
0.0000012 0.0002540
-0.0000010 0.0002739
-0.0001154 0.0002486
-0.0002143 0.0002290
-0.0001871 0.0002464
-0.0002865 0.0001977
-0.0003256 0.0001581
-0.0002816 0.0001697
-0.0003277 0.0001146
-0.0002923 0.0000719
-0.0002503 0.0000770
-0.0002219 0.0000353
-0.0001219 0.0000096
-0.0001029 0.0000102
0.0000000 0.0000000
0.0000000 0.0000000
-0.0000827 -0.0000106
-0.0000625 -0.0000102
-0.0001536 -0.0000385
-0.0002055 -0.0000788
-0.0001611 -0.0000771
-0.0002332 -0.0001257
-0.0002339 -0.0001740
-0.0001868 -0.0001712
-0.0002076 -0.0002180
-0.0001567 -0.0002533
-0.0001270 -0.0002508
-0.0000859 -0.0002756
-0.0000016 -0.0002822
-0.0000033 -0.0002806
0.0000886 -0.0002713
0.0001766 -0.0002428
0.0001398 -0.0002421
0.0002547 -0.0001981
0.0003159 -0.0001398
0.0002519 -0.0001396
0.0003548 -0.0000719
0.0003681 0.0000011
0.0002940 0.0000012
0.0003545 0.0000740
0.0003152 0.0001419
0.0002513 0.0001420
0.0002538 0.0002000
0.0001754 0.0002446
0.0001387 0.0002441
0.0000873 0.0002729
-0.0000030 0.0002836
-0.0000047 0.0002821
-0.0000873 0.0002769
-0.0001581 0.0002543
-0.0001283 0.0002517
-0.0002088 0.0002188
-0.0002349 0.0001745
-0.0001878 0.0001717
-0.0002339 0.0001261
-0.0002060 0.0000790
-0.0001617 0.0000772
-0.0001538 0.0000386
-0.0000827 0.0000106
-0.0000629 0.0000102
0.0000000 0.0000000
0.0000000 0.0000000
-0.0000437 -0.0000095
-0.0000267 -0.0000080
-0.0000856 -0.0000348
-0.0001187 -0.0000714
-0.0000799 -0.0000616
-0.0001380 -0.0001150
-0.0001410 -0.0001605
-0.0000980 -0.0001416
-0.0001270 -0.0002028
-0.0000976 -0.0002373
-0.0000692 -0.0002124
-0.0000554 -0.0002597
-0.0000045 -0.0002672
-0.0000048 -0.0002414
0.0000502 -0.0002579
0.0001040 -0.0002315
0.0000711 -0.0002103
0.0001517 -0.0001893
0.0001893 -0.0001338
0.0001309 -0.0001218
0.0002132 -0.0000688
0.0002214 0.0000013
0.0001533 0.0000013
0.0002130 0.0000712
0.0001889 0.0001362
0.0001305 0.0001242
0.0001512 0.0001915
0.0001032 0.0002335
0.0000704 0.0002122
0.0000494 0.0002596
-0.0000055 0.0002687
-0.0000056 0.0002428
-0.0000563 0.0002610
-0.0000985 0.0002382
-0.0000699 0.0002132
-0.0001278 0.0002035
-0.0001416 0.0001609
-0.0000985 0.0001419
-0.0001384 0.0001153
-0.0001189 0.0000716
-0.0000802 0.0000618
-0.0000857 0.0000346
-0.0000436 0.0000094
-0.0000271 0.0000079
0.0000000 0.0000000
0.0000000 0.0000000
-0.0000133 -0.0000059
-0.0000049 -0.0000031
-0.0000312 -0.0000227
-0.0000470 -0.0000479
-0.0000223 -0.0000311
-0.0000571 -0.0000798
-0.0000601 -0.0001147
-0.0000293 -0.0000807
-0.0000553 -0.0001480
-0.0000435 -0.0001761
-0.0000214 -0.0001284
-0.0000259 -0.0001951
-0.0000042 -0.0002027
-0.0000024 -0.0001503
0.0000192 -0.0001970
0.0000425 -0.0001778
0.0000203 -0.0001330
0.0000630 -0.0001460
0.0000794 -0.0001033
0.0000381 -0.0000776
0.0000896 -0.0000533
0.0000933 0.0000011
0.0000447 0.0000009
0.0000896 0.0000551
0.0000792 0.0001055
0.0000377 0.0000793
0.0000629 0.0001477
0.0000422 0.0001795
0.0000196 0.0001343
0.0000191 0.0001984
-0.0000045 0.0002038
-0.0000031 0.0001511
-0.0000261 0.0001961
-0.0000439 0.0001766
-0.0000219 0.0001286
-0.0000556 0.0001485
-0.0000605 0.0001148
-0.0000293 0.0000806
-0.0000575 0.0000801
-0.0000473 0.0000480
-0.0000215 0.0000312
-0.0000315 0.0000220
-0.0000133 0.0000059
-0.0000042 0.0000033
0.0000000 0.0000000
0.0000000 0.0000000
-0.0000001 -0.0000001
0.0000000 0.0000000
-0.0000031 -0.0000050
-0.0000058 -0.0000133
0.0000000 0.0000000
-0.0000074 -0.0000261
-0.0000082 -0.0000414
0.0000000 0.0000000
-0.0000075 -0.0000562
-0.0000061 -0.0000696
0.0000000 0.0000000
-0.0000037 -0.0000788
-0.0000009 -0.0000834
0.0000000 0.0000000
0.0000022 -0.0000819
0.0000054 -0.0000746
0.0000000 0.0000000
0.0000080 -0.0000616
0.0000103 -0.0000437
0.0000000 0.0000000
0.0000115 -0.0000227
0.0000122 0.0000005
0.0000000 0.0000000
0.0000115 0.0000232
0.0000102 0.0000447
0.0000000 0.0000000
0.0000080 0.0000621
0.0000052 0.0000753
0.0000000 0.0000000
0.0000022 0.0000825
-0.0000010 0.0000838
0.0000000 0.0000000
-0.0000038 0.0000794
-0.0000062 0.0000698
0.0000000 0.0000000
-0.0000075 0.0000568
-0.0000082 0.0000413
0.0000000 0.0000000
-0.0000074 0.0000266
-0.0000059 0.0000132
0.0000000 0.0000000
-0.0000034 0.0000043
-0.0000003 0.0000003
0.0000000 0.0000000
0.0000000 0.0000000
0.0003425405
0.0003198983
0.0002702842
0.000259297
0.0002967909
0.0003652553
0.0004364954
0.0004820373
0.0004842108
0.0004422476
0.0003725559
0.0003029469
0.000262219
0.0002683758
0.000315494
0.000343122
0.0003655913
0.0003423913
0.0003152535
0.0003040089
0.0003179628
0.000349837
0.0003850035
0.0004082883
0.0004100008
0.0003895444
0.0003556009
0.0003229293
0.00030649
0.0003139527
0.0003429303
0.0003703984
0.0004188934
0.0003680786
0.0003362195
0.0003202755
0.0003207715
0.0003329661
0.0003486596
0.0003595189
0.0003602763
0.0003506797
0.0003355746
0.0003231565
0.0003221283
0.0003376754
0.0003719344
0.0004232155
0.0004468926
0.0003811959
0.0003411558
0.0003190569
0.0003108341
0.0003119599
0.0003171293
0.0003214437
0.0003219011
0.0003183511
0.0003135661
0.0003123695
0.0003203259
0.0003422447
0.0003826996
0.0004485326
0.0004374172
0.0003705171
0.0003285252
0.0003039033
0.0002915089
0.0002871263
0.0002869386
0.000287843
0.0002880651
0.0002875247
0.0002878835
0.0002922178
0.0003044177
0.000328851
0.0003703749
0.0004372183
0.0003929805
0.0003357677
0.000298968
0.0002766247
0.0002641516
0.0002581393
0.0002558594
0.0002553026
0.0002554005
0.0002561064
0.0002584065
0.0002642663
0.0002763952
0.0002983141
0.0003341609
0.0003910137
0.000319705
0.0002808847
0.0002553733
0.0002396178
0.0002303974
0.0002254878
0.0002231851
0.000222332
0.0002223555
0.0002232135
0.0002254201
0.0002300846
0.0002388286
0.0002539601
0.0002781662
0.0003164941
0.0002273923
0.0002125027
0.0002023616
0.0001961313
0.0001923558
0.0001902299
0.0001891218
0.0001886346
0.0001886213
0.0001890476
0.0001899984
0.0001918124
0.0001950232
0.0002005123
0.0002091305
0.0002233947
0.0001276114
0.0001388846
0.0001457178
0.0001501287
0.0001526146
0.000153865
0.0001543621
0.000154487
0.0001544752
0.0001542942
0.0001536341
0.00015206
0.0001489878
0.0001438016
0.0001353733
0.0001234137
3.28626e-05
6.893765e-05
9.169114e-05
0.0001058984
0.0001139917
0.0001181099
0.0001198536
0.000120422
0.0001204465
0.0001198949
0.000118044
0.0001136532
0.0001050244
9.009788e-05
6.582355e-05
2.903322e-05
-4.468018e-05
1.125298e-05
4.631405e-05
6.761912e-05
7.921268e-05
8.45667e-05
8.640629e-05
8.681335e-05
8.692236e-05
8.66752e-05
8.484222e-05
7.931368e-05
6.728174e-05
4.54056e-05
9.106935e-06
-4.748783e-05
-9.417193e-05
-2.681243e-05
1.46496e-05
3.879058e-05
5.054376e-05
5.435213e-05
5.422087e-05
5.336452e-05
5.360652e-05
5.486141e-05
5.517276e-05
5.128459e-05
3.923767e-05
1.474947e-05
-2.748323e-05
-9.524083e-05
-0.0001079132
-4.049156e-05
4.450642e-07
2.225673e-05
2.973523e-05
2.786859e-05
2.246122e-05
1.853267e-05
1.903605e-05
2.380768e-05
2.96448e-05
3.140733e-05
2.356631e-05
1.41108e-06
-3.935235e-05
-0.00010694
-8.324858e-05
-3.013539e-05
4.832903e-06
2.025099e-05
1.850384e-05
5.055092e-06
-1.099961e-05
-2.114421e-05
-2.029868e-05
-8.745295e-06
7.987766e-06
2.119641e-05
2.231624e-05
6.332514e-06
-2.633171e-05
-7.916206e-05
-2.909473e-05
-4.34261e-07
2.924765e-05
3.633487e-05
1.860374e-05
-1.583452e-05
-5.138627e-05
-7.273275e-05
-7.085419e-05
-4.639302e-05
-9.448401e-06
2.419487e-05
3.9281e-05
2.809886e-05
1.538895e-07
-2.416076e-05
-6.250585e-07
2.819276e-05
7.663979e-05
8.216378e-05
3.90676e-05
-3.37352e-05
-0.0001063311
-0.000149904
-0.0001474804
-9.98849e-05
-2.547362e-05
4.621389e-05
8.586226e-05
7.507337e-05
2.376119e-05
0
