0.0000000 0.0000000
0.0000000 0.0000000
0.0000000 0.0000000
0.0000000 0.0000000
0.0000000 0.0000000
0.0000000 0.0000000
0.0000000 0.0000000
0.0000000 0.0000000
0.0000000 0.0000000
0.0000000 0.0000000
0.0000000 0.0000000
0.0000000 0.0000000
0.0000000 0.0000000
0.0000000 0.0000000
0.0000000 0.0000000
0.0000000 0.0000000
0.0000000 0.0000000
-0.0000433 0.0000434
-0.0000903 0.0001798
-0.0000908 0.0003538
-0.0000449 0.0004810
0.0000280 0.0004932
0.0000992 0.0003693
0.0001428 0.0001369
0.0001430 -0.0001368
0.0000997 -0.0003694
0.0000284 -0.0004931
-0.0000445 -0.0004810
-0.0000910 -0.0003539
-0.0000911 -0.0001792
-0.0000440 -0.0000442
0.0000000 0.0000000
0.0000000 0.0000000
-0.0001850 0.0000981
-0.0003171 0.0003372
-0.0003012 0.0006077
-0.0001384 0.0007905
0.0001096 0.0007929
0.0003492 0.0005868
0.0004952 0.0002167
0.0004951 -0.0002162
0.0003490 -0.0005869
0.0001088 -0.0007930
-0.0001383 -0.0007912
-0.0003015 -0.0006085
-0.0003170 -0.0003372
-0.0001839 -0.0000991
0.0000000 0.0000000
0.0000000 0.0000000
-0.0003979 0.0001276
-0.0006242 0.0004223
-0.0005679 0.0007392
-0.0002457 0.0009417
0.0002285 0.0009325
0.0006823 0.0006848
0.0009579 0.0002519
0.0009579 -0.0002523
0.0006829 -0.0006854
0.0002276 -0.0009332
-0.0002450 -0.0009427
-0.0005686 -0.0007399
-0.0006243 -0.0004226
-0.0003976 -0.0001281
0.0000000 0.0000000
0.0000000 0.0000000
-0.0006389 0.0001314
-0.0009594 0.0004302
-0.0008498 0.0007455
-0.0003506 0.0009409
0.0003636 0.0009255
0.0010413 0.0006765
0.0014513 0.0002481
0.0014512 -0.0002501
0.0010412 -0.0006782
0.0003623 -0.0009270
-0.0003500 -0.0009423
-0.0008503 -0.0007463
-0.0009597 -0.0004307
-0.0006387 -0.0001315
0.0000000 0.0000000
0.0000000 0.0000000
-0.0008652 0.0001131
-0.0012709 0.0003692
-0.0011069 0.0006373
-0.0004421 0.0008014
0.0004916 0.0007854
0.0013721 0.0005725
0.0019035 0.0002094
0.0019033 -0.0002131
0.0013718 -0.0005758
0.0004901 -0.0007878
-0.0004423 -0.0008031
-0.0011080 -0.0006384
-0.0012717 -0.0003698
-0.0008653 -0.0001131
0.0000000 0.0000000
0.0000000 0.0000000
-0.0010413 0.0000777
-0.0015123 0.0002528
-0.0013047 0.0004354
-0.0005104 0.0005467
0.0005919 0.0005346
0.0016279 0.0003889
0.0022519 0.0001416
0.0022516 -0.0001465
0.0016269 -0.0003933
0.0005904 -0.0005380
-0.0005122 -0.0005486
-0.0013065 -0.0004368
-0.0015138 -0.0002534
-0.0010418 -0.0000775
0.0000000 0.0000000
0.0000000 0.0000000
-0.0011408 0.0000306
-0.0016484 0.0000987
-0.0014157 0.0001695
-0.0005486 0.0002120
0.0006489 0.0002071
0.0017720 0.0001502
0.0024480 0.0000538
0.0024474 -0.0000589
0.0017703 -0.0001547
0.0006464 -0.0002106
-0.0005514 -0.0002144
-0.0014183 -0.0001708
-0.0016505 -0.0000994
-0.0011418 -0.0000303
0.0000000 0.0000000
0.0000000 0.0000000
-0.0011518 -0.0000217
-0.0016594 -0.0000719
-0.0014211 -0.0001240
-0.0005493 -0.0001557
0.0006561 -0.0001525
0.0017889 -0.0001117
0.0024663 -0.0000423
0.0024654 0.0000382
0.0017865 0.0001082
0.0006527 0.0001498
-0.0005529 0.0001539
-0.0014245 0.0001230
-0.0016620 0.0000714
-0.0011533 0.0000221
0.0000000 0.0000000
0.0000000 0.0000000
-0.0010652 -0.0000716
-0.0015409 -0.0002341
-0.0013246 -0.0004029
-0.0005158 -0.0005054
0.0006070 -0.0004939
0.0016641 -0.0003597
0.0022967 -0.0001317
0.0022957 0.0001299
0.0016613 0.0003582
0.0006030 0.0004929
-0.0005201 0.0005048
-0.0013283 0.0004027
-0.0015438 0.0002340
-0.0010670 0.0000720
0.0000000 0.0000000
0.0000000 0.0000000
-0.0008958 -0.0001114
-0.0013096 -0.0003634
-0.0011357 -0.0006257
-0.0004500 -0.0007857
0.0005114 -0.0007690
0.0014192 -0.0005598
0.0019638 -0.0002036
0.0019627 0.0002049
0.0014163 0.0005610
0.0005068 0.0007699
-0.0004533 0.0007863
-0.0011394 0.0006263
-0.0013123 0.0003636
-0.0008977 0.0001117
0.0000000 0.0000000
0.0000000 0.0000000
-0.0006686 -0.0001341
-0.0009986 -0.0004376
-0.0008801 -0.0007561
-0.0003593 -0.0009528
0.0003836 -0.0009353
0.0010881 -0.0006823
0.0015125 -0.0002477
0.0015116 0.0002519
0.0010856 0.0006861
0.0003789 0.0009386
-0.0003618 0.0009549
-0.0008833 0.0007574
-0.0010009 0.0004382
-0.0006703 0.0001343
0.0000000 0.0000000
0.0000000 0.0000000
-0.0004203 -0.0001336
-0.0006552 -0.0004390
-0.0005933 -0.0007663
-0.0002534 -0.0009742
0.0002441 -0.0009627
0.0007192 -0.0007054
0.0010066 -0.0002563
0.0010060 0.0002623
0.0007174 0.0007108
0.0002404 0.0009675
-0.0002551 0.0009772
-0.0005958 0.0007683
-0.0006568 0.0004398
-0.0004215 0.0001334
0.0000000 0.0000000
0.0000000 0.0000000
-0.0001961 -0.0001050
-0.0003350 -0.0003557
-0.0003165 -0.0006396
-0.0001438 -0.0008297
0.0001179 -0.0008308
0.0003698 -0.0006129
0.0005235 -0.0002235
0.0005233 0.0002296
0.0003696 0.0006186
0.0001163 0.0008355
-0.0001444 0.0008326
-0.0003177 0.0006415
-0.0003366 0.0003568
-0.0001976 0.0001042
0.0000000 0.0000000
0.0000000 0.0000000
-0.0000474 -0.0000476
-0.0000968 -0.0001912
-0.0000958 -0.0003758
-0.0000463 -0.0005089
0.0000311 -0.0005217
0.0001062 -0.0003895
0.0001518 -0.0001431
0.0001515 0.0001465
0.0001055 0.0003929
0.0000299 0.0005246
-0.0000471 0.0005109
-0.0000961 0.0003771
-0.0000962 0.0001926
-0.0000468 0.0000468
0.0000000 0.0000000
0.0000000 0.0000000
0.0000000 0.0000000
0.0000000 0.0000000
0.0000000 0.0000000
0.0000000 0.0000000
0.0000000 0.0000000
0.0000000 0.0000000
0.0000000 0.0000000
0.0000000 0.0000000
0.0000000 0.0000000
0.0000000 0.0000000
0.0000000 0.0000000
0.0000000 0.0000000
0.0000000 0.0000000
0.0000000 0.0000000
0.0000000 0.0000000
0.0000000 0.0000000
-0.0000009 0.0000009
0.0000000 0.0000000
-0.0000135 0.0000109
-0.0000110 0.0000137
-0.0000194 0.0000430
0.0000000 0.0000000
-0.0000710 0.0001024
-0.0000245 0.0000872
-0.0000271 0.0001359
0.0000000 0.0000000
-0.0000974 0.0002666
-0.0000250 0.0001875
-0.0000208 0.0002309
0.0000000 0.0000000
-0.0000735 0.0004274
-0.0000128 0.0002633
-0.0000036 0.0002785
0.0000000 0.0000000
-0.0000110 0.0005033
0.0000071 0.0002742
0.0000174 0.0002505
0.0000000 0.0000000
0.0000651 0.0004478
0.0000265 0.0002066
0.0000342 0.0001483
0.0000000 0.0000000
0.0001259 0.0002637
0.0000384 0.0000765
0.0000406 0.0000007
0.0000000 0.0000000
0.0001494 0.0000010
0.0000385 -0.0000771
0.0000344 -0.0001471
0.0000000 0.0000000
0.0001272 -0.0002619
0.0000266 -0.0002068
0.0000177 -0.0002498
0.0000000 0.0000000
0.0000671 -0.0004468
0.0000071 -0.0002739
-0.0000033 -0.0002784
0.0000000 0.0000000
-0.0000090 -0.0005034
-0.0000128 -0.0002624
-0.0000207 -0.0002314
0.0000000 0.0000000
-0.0000725 -0.0004283
-0.0000252 -0.0001862
-0.0000274 -0.0001367
0.0000000 0.0000000
-0.0000981 -0.0002680
-0.0000246 -0.0000857
-0.0000192 -0.0000433
0.0000000 0.0000000
-0.0000736 -0.0001024
-0.0000099 -0.0000159
-0.0000002 -0.0000002
0.0000000 0.0000000
-0.0000159 -0.0000100
0.0000000 0.0000000
0.0000000 0.0000000
-0.0000433 0.0000194
-0.0000889 0.0000263
-0.0001035 0.0000727
-0.0001565 0.0001589
-0.0002664 0.0002066
-0.0001913 0.0002659
-0.0002018 0.0003820
-0.0003297 0.0004758
-0.0001862 0.0004951
-0.0001474 0.0005897
-0.0002356 0.0007166
-0.0000883 0.0006555
-0.0000162 0.0006820
-0.0000201 0.0008175
0.0000630 0.0006643
0.0001408 0.0006010
0.0002356 0.0007149
0.0002104 0.0004942
0.0002654 0.0003521
0.0004382 0.0004171
0.0003002 0.0001827
0.0003126 0.0000010
0.0005151 0.0000008
0.0003001 -0.0001822
0.0002655 -0.0003505
0.0004388 -0.0004158
0.0002102 -0.0004937
0.0001409 -0.0006001
0.0002366 -0.0007143
0.0000626 -0.0006639
-0.0000161 -0.0006820
-0.0000191 -0.0008176
-0.0000886 -0.0006554
-0.0001473 -0.0005906
-0.0002350 -0.0007173
-0.0001862 -0.0004954
-0.0002015 -0.0003832
-0.0003294 -0.0004765
-0.0001906 -0.0002661
-0.0001561 -0.0001592
-0.0002664 -0.0002065
-0.0001027 -0.0000754
-0.0000433 -0.0000195
-0.0000880 -0.0000266
0.0000000 0.0000000
0.0000000 0.0000000
-0.0001443 0.0000316
-0.0002092 0.0000346
-0.0002848 0.0001163
-0.0003969 0.0002415
-0.0005424 0.0002633
-0.0004636 0.0003895
-0.0004756 0.0005444
-0.0006333 0.0005868
-0.0004304 0.0006892
-0.0003327 0.0008074
-0.0004350 0.0008619
-0.0001913 0.0008854
-0.0000203 0.0009121
-0.0000179 0.0009669
0.0001650 0.0008816
0.0003468 0.0007929
0.0004680 0.0008368
0.0005090 0.0006495
0.0006366 0.0004610
0.0008504 0.0004851
0.0007181 0.0002390
0.0007463 0.0000004
0.0009951 0.0000000
0.0007182 -0.0002389
0.0006371 -0.0004603
0.0008512 -0.0004852
0.0005094 -0.0006495
0.0003476 -0.0007927
0.0004693 -0.0008371
0.0001654 -0.0008817
-0.0000196 -0.0009123
-0.0000166 -0.0009675
-0.0001909 -0.0008856
-0.0003323 -0.0008080
-0.0004342 -0.0008626
-0.0004303 -0.0006896
-0.0004756 -0.0005450
-0.0006331 -0.0005874
-0.0004639 -0.0003898
-0.0003976 -0.0002417
-0.0005425 -0.0002636
-0.0002856 -0.0001177
-0.0001449 -0.0000321
-0.0002089 -0.0000348
0.0000000 0.0000000
0.0000000 0.0000000
-0.0002773 0.0000363
-0.0003474 0.0000358
-0.0005173 0.0001330
-0.0006948 0.0002727
-0.0008493 0.0002697
-0.0007911 0.0004357
-0.0007962 0.0006035
-0.0009592 0.0005950
-0.0007093 0.0007575
-0.0005384 0.0008808
-0.0006403 0.0008651
-0.0002988 0.0009596
-0.0000126 0.0009832
-0.0000059 0.0009625
0.0002946 0.0009463
0.0005950 0.0008480
0.0007221 0.0008280
0.0008620 0.0006929
0.0010717 0.0004904
0.0012917 0.0004780
0.0012055 0.0002537
0.0012516 -0.0000005
0.0015064 -0.0000010
0.0012058 -0.0002551
0.0010723 -0.0004914
0.0012923 -0.0004799
0.0008626 -0.0006940
0.0005959 -0.0008490
0.0007231 -0.0008297
0.0002953 -0.0009473
-0.0000117 -0.0009842
-0.0000050 -0.0009639
-0.0002983 -0.0009603
-0.0005380 -0.0008815
-0.0006397 -0.0008661
-0.0007094 -0.0007580
-0.0007965 -0.0006040
-0.0009592 -0.0005956
-0.0007917 -0.0004360
-0.0006957 -0.0002730
-0.0008495 -0.0002701
-0.0005183 -0.0001332
-0.0002781 -0.0000365
-0.0003473 -0.0000359
0.0000000 0.0000000
0.0000000 0.0000000
-0.0004144 0.0000343
-0.0004774 0.0000309
-0.0007560 0.0001254
-0.0009979 0.0002561
-0.0011365 0.0002319
-0.0011206 0.0004081
-0.0011152 0.0005633
-0.0012597 0.0005099
-0.0009830 0.0007047
-0.0007367 0.0008168
-0.0008253 0.0007382
-0.0003983 0.0008871
0.0000019 0.0009065
0.0000099 0.0008180
0.0004289 0.0008704
0.0008448 0.0007783
0.0009584 0.0007013
0.0012136 0.0006348
0.0015026 0.0004485
0.0016971 0.0004035
0.0016870 0.0002315
0.0017503 -0.0000016
0.0019750 -0.0000021
0.0016871 -0.0002347
0.0015031 -0.0004515
0.0016974 -0.0004074
0.0012140 -0.0006377
0.0008455 -0.0007808
0.0009588 -0.0007045
0.0004293 -0.0008725
0.0000024 -0.0009083
0.0000101 -0.0008203
-0.0003981 -0.0008885
-0.0007367 -0.0008179
-0.0008254 -0.0007397
-0.0009834 -0.0007054
-0.0011158 -0.0005639
-0.0012602 -0.0005107
-0.0011216 -0.0004082
-0.0009989 -0.0002563
-0.0011370 -0.0002323
-0.0007571 -0.0001250
-0.0004153 -0.0000342
-0.0004776 -0.0000308
0.0000000 0.0000000
0.0000000 0.0000000
-0.0005325 0.0000268
-0.0005788 0.0000212
-0.0009615 0.0000979
-0.0012580 0.0001994
-0.0013597 0.0001590
-0.0014024 0.0003176
-0.0013863 0.0004377
-0.0014918 0.0003489
-0.0012141 0.0005468
-0.0009025 0.0006327
-0.0009665 0.0005040
-0.0004795 0.0006862
0.0000176 0.0007001
0.0000244 0.0005571
0.0005457 0.0006713
0.0010587 0.0005995
0.0011423 0.0004766
0.0015127 0.0004884
0.0018681 0.0003443
0.0020101 0.0002733
0.0020946 0.0001771
0.0021722 -0.0000025
0.0023359 -0.0000028
0.0020946 -0.0001820
0.0018681 -0.0003491
0.0020098 -0.0002786
0.0015126 -0.0004927
0.0010586 -0.0006034
0.0011416 -0.0004809
0.0005453 -0.0006745
0.0000172 -0.0007028
0.0000234 -0.0005602
-0.0004802 -0.0006881
-0.0009033 -0.0006342
-0.0009677 -0.0005057
-0.0012153 -0.0005476
-0.0013876 -0.0004383
-0.0014931 -0.0003497
-0.0014038 -0.0003176
-0.0012594 -0.0001996
-0.0013608 -0.0001593
-0.0009627 -0.0000971
-0.0005334 -0.0000266
-0.0005792 -0.0000211
0.0000000 0.0000000
0.0000000 0.0000000
-0.0006136 0.0000153
-0.0006362 0.0000084
-0.0011024 0.0000558
-0.0014362 0.0001130
-0.0014858 0.0000622
-0.0015949 0.0001798
-0.0015711 0.0002474
-0.0016223 0.0001361
-0.0013710 0.0003088
-0.0010143 0.0003567
-0.0010450 0.0001959
-0.0005333 0.0003865
0.0000299 0.0003939
0.0000337 0.0002160
0.0006267 0.0003774
0.0012055 0.0003365
0.0012466 0.0001841
0.0017172 0.0002737
0.0021173 0.0001923
0.0021866 0.0001046
0.0023722 0.0000981
0.0024593 -0.0000031
0.0025390 -0.0000030
0.0023718 -0.0001040
0.0021167 -0.0001981
0.0021856 -0.0001103
0.0017161 -0.0002788
0.0012043 -0.0003411
0.0012446 -0.0001887
0.0006251 -0.0003811
0.0000282 -0.0003970
0.0000313 -0.0002191
-0.0005352 -0.0003887
-0.0010162 -0.0003584
-0.0010475 -0.0001976
-0.0013730 -0.0003095
-0.0015731 -0.0002479
-0.0016246 -0.0001368
-0.0015968 -0.0001796
-0.0014378 -0.0001130
-0.0014874 -0.0000625
-0.0011037 -0.0000547
-0.0006144 -0.0000150
-0.0006368 -0.0000083
0.0000000 0.0000000
0.0000000 0.0000000
-0.0006455 0.0000014
-0.0006410 -0.0000058
-0.0011576 0.0000052
-0.0015057 0.0000092
-0.0014957 -0.0000447
-0.0016697 0.0000146
-0.0016425 0.0000195
-0.0016317 -0.0000987
-0.0014313 0.0000241
-0.0010569 0.0000273
-0.0010500 -0.0001433
-0.0005532 0.0000294
0.0000357 0.0000295
0.0000357 -0.0001589
0.0006591 0.0000281
0.0012635 0.0000245
0.0012559 -0.0001367
0.0017973 0.0000194
0.0022146 0.0000127
0.0022011 -0.0000800
0.0024803 0.0000052
0.0025710 -0.0000029
0.0025550 -0.0000025
0.0024796 -0.0000108
0.0022132 -0.0000181
0.0021993 0.0000753
0.0017953 -0.0000241
0.0012609 -0.0000288
0.0012526 0.0001331
0.0006562 -0.0000314
0.0000325 -0.0000324
0.0000318 0.0001565
-0.0005565 -0.0000312
-0.0010600 -0.0000287
-0.0010537 0.0001421
-0.0014343 -0.0000246
-0.0016453 -0.0000198
-0.0016349 0.0000983
-0.0016721 -0.0000142
-0.0015076 -0.0000092
-0.0014978 0.0000446
-0.0011589 -0.0000039
-0.0006462 -0.0000011
-0.0006417 0.0000060
0.0000000 0.0000000
0.0000000 0.0000000
-0.0006230 -0.0000128
-0.0005915 -0.0000194
-0.0011181 -0.0000468
-0.0014554 -0.0000972
-0.0013864 -0.0001465
-0.0016150 -0.0001547
-0.0015896 -0.0002139
-0.0015178 -0.0003220
-0.0013859 -0.0002672
-0.0010240 -0.0003095
-0.0009802 -0.0004656
-0.0005367 -0.0003356
0.0000335 -0.0003427
0.0000295 -0.0005152
0.0006375 -0.0003286
0.0012231 -0.0002939
0.0011672 -0.0004415
0.0017406 -0.0002400
0.0021450 -0.0001703
0.0020493 -0.0002549
0.0024024 -0.0000890
0.0024901 -0.0000020
0.0023795 -0.0000013
0.0024013 0.0000853
0.0021429 0.0001666
0.0020469 0.0002527
0.0017376 0.0002368
0.0012195 0.0002911
0.0011630 0.0004399
0.0006334 0.0003266
0.0000292 0.0003410
0.0000247 0.0005143
-0.0005410 0.0003347
-0.0010282 0.0003089
-0.0009848 0.0004653
-0.0013896 0.0002672
-0.0015928 0.0002139
-0.0015214 0.0003221
-0.0016176 0.0001553
-0.0014573 0.0000973
-0.0013887 0.0001465
-0.0011194 0.0000481
-0.0006235 0.0000131
-0.0005924 0.0000195
0.0000000 0.0000000
0.0000000 0.0000000
-0.0005486 -0.0000254
-0.0004945 -0.0000302
-0.0009885 -0.0000927
-0.0012911 -0.0001907
-0.0011727 -0.0002277
-0.0014372 -0.0003034
-0.0014186 -0.0004187
-0.0012954 -0.0005002
-0.0012403 -0.0005229
-0.0009197 -0.0006054
-0.0008445 -0.0007237
-0.0004857 -0.0006565
0.0000238 -0.0006700
0.0000167 -0.0008015
0.0005643 -0.0006425
0.0010892 -0.0005742
0.0009925 -0.0006870
0.0015532 -0.0004682
0.0019162 -0.0003311
0.0017510 -0.0003958
0.0021471 -0.0001716
0.0022258 -0.0000005
0.0020351 0.0000004
0.0021459 0.0001707
0.0019137 0.0003302
0.0017484 0.0003967
0.0015498 0.0004676
0.0010848 0.0005737
0.0009880 0.0006879
0.0005596 0.0006424
0.0000187 0.0006700
0.0000114 0.0008024
-0.0004905 0.0006569
-0.0009243 0.0006057
-0.0008494 0.0007245
-0.0012443 0.0005237
-0.0014220 0.0004192
-0.0012992 0.0005008
-0.0014397 0.0003042
-0.0012930 0.0001909
-0.0011750 0.0002279
-0.0009895 0.0000938
-0.0005489 0.0000256
-0.0004954 0.0000303
0.0000000 0.0000000
0.0000000 0.0000000
-0.0004328 -0.0000343
-0.0003641 -0.0000365
-0.0007871 -0.0001250
-0.0010363 -0.0002563
-0.0008860 -0.0002743
-0.0011612 -0.0004079
-0.0011530 -0.0005630
-0.0009960 -0.0006038
-0.0010140 -0.0007037
-0.0007572 -0.0008154
-0.0006604 -0.0008764
-0.0004061 -0.0008851
0.0000087 -0.0009041
0.0000006 -0.0009737
0.0004502 -0.0008677
0.0008801 -0.0007757
0.0007567 -0.0008365
0.0012607 -0.0006326
0.0015588 -0.0004469
0.0013469 -0.0004820
0.0017484 -0.0002307
0.0018130 0.0000012
0.0015681 0.0000021
0.0017471 0.0002331
0.0015562 0.0004493
0.0013444 0.0004860
0.0012573 0.0006349
0.0008757 0.0007778
0.0007525 0.0008399
0.0004455 0.0008697
0.0000037 0.0009059
-0.0000043 0.0009763
-0.0004107 0.0008868
-0.0007617 0.0008168
-0.0006649 0.0008782
-0.0010177 0.0007051
-0.0011561 0.0005639
-0.0009993 0.0006048
-0.0011634 0.0004088
-0.0010377 0.0002566
-0.0008880 0.0002746
-0.0007878 0.0001258
-0.0004328 0.0000344
-0.0003650 0.0000365
0.0000000 0.0000000
0.0000000 0.0000000
-0.0002934 -0.0000376
-0.0002216 -0.0000363
-0.0005449 -0.0001372
-0.0007292 -0.0002809
-0.0005713 -0.0002741
-0.0008277 -0.0004481
-0.0008308 -0.0006200
-0.0006630 -0.0006092
-0.0007380 -0.0007772
-0.0005576 -0.0009030
-0.0004517 -0.0008927
-0.0003066 -0.0009828
-0.0000071 -0.0010063
-0.0000131 -0.0009993
0.0003133 -0.0009677
0.0006266 -0.0008663
0.0004956 -0.0008628
0.0009044 -0.0007073
0.0011225 -0.0004996
0.0008947 -0.0004982
0.0012612 -0.0002576
0.0013086 0.0000027
0.0010445 0.0000033
0.0012602 0.0002627
0.0011204 0.0005048
0.0008926 0.0005044
0.0009016 0.0007119
0.0006230 0.0008707
0.0004921 0.0008679
0.0003095 0.0009715
-0.0000113 0.0010096
-0.0000171 0.0010029
-0.0003103 0.0009856
-0.0005614 0.0009051
-0.0004552 0.0008948
-0.0007409 0.0007790
-0.0008333 0.0006210
-0.0006655 0.0006102
-0.0008293 0.0004489
-0.0007300 0.0002812
-0.0005724 0.0002745
-0.0005450 0.0001373
-0.0002932 0.0000376
-0.0002224 0.0000361
0.0000000 0.0000000
0.0000000 0.0000000
-0.0001546 -0.0000338
-0.0000944 -0.0000283
-0.0003032 -0.0001237
-0.0004204 -0.0002537
-0.0002827 -0.0002184
-0.0004890 -0.0004084
-0.0004999 -0.0005701
-0.0003473 -0.0005021
-0.0004509 -0.0007205
-0.0003468 -0.0008433
-0.0002460 -0.0007538
-0.0001976 -0.0009233
-0.0000172 -0.0009502
-0.0000177 -0.0008573
0.0001773 -0.0009174
0.0003684 -0.0008238
0.0002516 -0.0007473
0.0005381 -0.0006741
0.0006719 -0.0004766
0.0004641 -0.0004334
0.0007568 -0.0002457
0.0007860 0.0000035
0.0005440 0.0000036
0.0007562 0.0002519
0.0006705 0.0004832
0.0004629 0.0004401
0.0005364 0.0006796
0.0003660 0.0008292
0.0002495 0.0007526
0.0001749 0.0009218
-0.0000200 0.0009539
-0.0000201 0.0008607
-0.0002000 0.0009264
-0.0003493 0.0008453
-0.0002480 0.0007554
-0.0004529 0.0007222
-0.0005015 0.0005710
-0.0003487 0.0005026
-0.0004900 0.0004090
-0.0004206 0.0002540
-0.0002834 0.0002189
-0.0003029 0.0001226
-0.0001542 0.0000334
-0.0000956 0.0000279
0.0000000 0.0000000
0.0000000 0.0000000
-0.0000469 -0.0000209
-0.0000174 -0.0000109
-0.0001101 -0.0000805
-0.0001663 -0.0001695
-0.0000787 -0.0001097
-0.0002022 -0.0002827
-0.0002130 -0.0004062
-0.0001039 -0.0002856
-0.0001961 -0.0005242
-0.0001546 -0.0006241
-0.0000761 -0.0004545
-0.0000922 -0.0006917
-0.0000155 -0.0007190
-0.0000087 -0.0005328
0.0000677 -0.0006992
0.0001502 -0.0006312
0.0000717 -0.0004718
0.0002232 -0.0005186
0.0002814 -0.0003673
0.0001350 -0.0002756
0.0003179 -0.0001897
0.0003309 0.0000033
0.0001584 0.0000028
0.0003178 0.0001949
0.0002810 0.0003734
0.0001335 0.0002806
0.0002229 0.0005232
0.0001494 0.0006359
0.0000692 0.0004755
0.0000673 0.0007028
-0.0000164 0.0007218
-0.0000113 0.0005347
-0.0000927 0.0006942
-0.0001555 0.0006251
-0.0000777 0.0004548
-0.0001969 0.0005254
-0.0002140 0.0004059
-0.0001034 0.0002847
-0.0002034 0.0002831
-0.0001670 0.0001696
-0.0000760 0.0001100
-0.0001111 0.0000778
-0.0000470 0.0000209
-0.0000148 0.0000118
0.0000000 0.0000000
0.0000000 0.0000000
-0.0000004 -0.0000004
0.0000000 0.0000000
-0.0000108 -0.0000174
-0.0000206 -0.0000469
0.0000000 0.0000000
-0.0000262 -0.0000921
-0.0000290 -0.0001463
0.0000000 0.0000000
-0.0000266 -0.0001987
-0.0000218 -0.0002464
0.0000000 0.0000000
-0.0000133 -0.0002789
-0.0000033 -0.0002955
0.0000000 0.0000000
0.0000077 -0.0002903
0.0000189 -0.0002645
0.0000000 0.0000000
0.0000283 -0.0002186
0.0000365 -0.0001552
0.0000000 0.0000000
0.0000409 -0.0000808
0.0000431 0.0000017
0.0000000 0.0000000
0.0000408 0.0000820
0.0000363 0.0001582
0.0000000 0.0000000
0.0000282 0.0002200
0.0000185 0.0002666
0.0000000 0.0000000
0.0000076 0.0002919
-0.0000037 0.0002966
0.0000000 0.0000000
-0.0000134 0.0002807
-0.0000220 0.0002465
0.0000000 0.0000000
-0.0000265 0.0002005
-0.0000288 0.0001458
0.0000000 0.0000000
-0.0000261 0.0000939
-0.0000208 0.0000466
0.0000000 0.0000000
-0.0000119 0.0000151
-0.0000011 0.0000011
0.0000000 0.0000000
0.0000000 0.0000000
0.001213833
0.001135836
0.0009626322
0.0009224009
0.001050571
0.001287184
0.001534315
0.001692615
0.001700314
0.001554637
0.001312924
0.001072186
0.0009326004
0.0009559389
0.00112037
0.001215744
0.0012933
0.0012133
0.00111829
0.001077822
0.001124763
0.001234324
0.001355807
0.001436428
0.001442458
0.001371776
0.001254531
0.001142115
0.001086418
0.001113703
0.001215062
0.001309877
0.001479688
0.001303134
0.001191299
0.001134476
0.001134798
0.001175997
0.001229651
0.001266907
0.001269566
0.001236788
0.00118512
0.001143107
0.001140891
0.001196323
0.001316501
0.001494671
0.001580622
0.001350284
0.001209082
0.001130485
0.001100456
0.001103144
0.001120096
0.00113446
0.001136057
0.001124395
0.001108708
0.001105751
0.001134828
0.001212775
0.001355541
0.001586369
0.001552102
0.001314879
0.001165751
0.001077968
0.001033379
0.001016877
0.001015143
0.001017532
0.001018302
0.001017171
0.001019449
0.001035718
0.001079607
0.001166677
0.001314294
0.001551285
0.001400162
0.00119464
0.001062809
0.0009828284
0.0009380658
0.0009159503
0.0009069465
0.0009041878
0.0009045208
0.000907774
0.0009168132
0.0009382667
0.000981782
0.001060215
0.001188719
0.001392806
0.001143837
0.001002146
0.0009097337
0.0008529856
0.0008198316
0.0008017809
0.0007927687
0.0007889669
0.0007890413
0.0007927823
0.0008014147
0.0008185212
0.0008498988
0.0009043403
0.0009920786
0.001131857
0.0008165167
0.0007599961
0.0007222762
0.0006995964
0.0006859354
0.000677946
0.0006733296
0.0006708356
0.0006707579
0.0006729667
0.0006770098
0.0006838394
0.0006954219
0.0007153787
0.0007474686
0.0008014703
0.0004596507
0.0004977102
0.000520958
0.0005364322
0.000545226
0.0005493581
0.000550514
0.000550309
0.0005502486
0.0005502345
0.0005484794
0.0005431528
0.0005322269
0.0005139421
0.0004848083
0.0004442119
0.0001197542
0.0002477392
0.0003282751
0.0003788348
0.0004077631
0.000422183
0.0004277712
0.0004292462
0.0004293091
0.0004279176
0.0004219186
0.0004065173
0.0003756774
0.0003225734
0.0002364695
0.0001058778
-0.0001584861
4.12642e-05
0.000166145
0.0002421414
0.0002835974
0.0003025496
0.0003085825
0.0003095004
0.0003098842
0.0003095043
0.0003034413
0.0002839567
0.000240945
0.0001629433
3.374149e-05
-0.0001681607
-0.0003351835
-9.486025e-05
5.288171e-05
0.0001389777
0.0001810001
0.0001945018
0.0001936888
0.000190218
0.0001910464
0.0001959054
0.0001973335
0.0001835974
0.0001405961
5.334803e-05
-9.690164e-05
-0.0003383524
-0.0003834529
-0.0001436744
1.977781e-06
7.970224e-05
0.0001065174
9.989263e-05
8.049183e-05
6.624548e-05
6.799535e-05
8.51949e-05
0.0001061108
0.0001123545
8.434611e-05
5.488048e-06
-0.0001392553
-0.0003792897
-0.0002950563
-0.0001068425
1.73309e-05
7.227659e-05
6.634717e-05
1.870048e-05
-3.835246e-05
-7.455546e-05
-7.159344e-05
-3.047459e-05
2.895006e-05
7.571484e-05
7.951475e-05
2.264272e-05
-9.31534e-05
-0.0002801178
-0.0001028169
-1.540665e-06
0.0001037646
0.0001292463
6.672865e-05
-5.525054e-05
-0.0001814026
-0.000257295
-0.0002506693
-0.0001638363
-3.285833e-05
8.620621e-05
0.0001393827
9.954387e-05
5.554477e-07
-8.524591e-05
-2.212426e-06
9.959384e-05
0.0002713921
0.0002917053
0.0001396721
-0.0001181917
-0.0003758584
-0.0005307441
-0.0005222049
-0.0003531802
-8.929017e-05
0.0001644426
0.0003042126
0.0002654805
8.380441e-05
0
