0.0000000 0.0000000
0.0000000 0.0000000
0.0000000 0.0000000
0.0000000 0.0000000
0.0000000 0.0000000
0.0000000 0.0000000
0.0000000 0.0000000
0.0000000 0.0000000
0.0000000 0.0000000
0.0000000 0.0000000
0.0000000 0.0000000
0.0000000 0.0000000
0.0000000 0.0000000
0.0000000 0.0000000
0.0000000 0.0000000
0.0000000 0.0000000
0.0000000 0.0000000
-0.0001426 0.0001428
-0.0003026 0.0005985
-0.0003088 0.0011870
-0.0001573 0.0016239
0.0000911 0.0016695
0.0003342 0.0012542
0.0004846 0.0004665
0.0004856 -0.0004648
0.0003362 -0.0012550
0.0000926 -0.0016688
-0.0001548 -0.0016263
-0.0003100 -0.0011896
-0.0003060 -0.0005973
-0.0001450 -0.0001457
0.0000000 0.0000000
0.0000000 0.0000000
-0.0006172 0.0003303
-0.0010704 0.0011418
-0.0010293 0.0020678
-0.0004876 0.0027031
0.0003618 0.0027196
0.0011837 0.0020187
0.0016887 0.0007491
0.0016889 -0.0007449
0.0011847 -0.0020204
0.0003571 -0.0027190
-0.0004835 -0.0027091
-0.0010323 -0.0020741
-0.0010721 -0.0011427
-0.0006137 -0.0003338
0.0000000 0.0000000
0.0000000 0.0000000
-0.0013438 0.0004393
-0.0021311 0.0014603
-0.0019563 0.0025668
-0.0008731 0.0032827
0.0007646 0.0032629
0.0023331 0.0024040
0.0032938 0.0008913
0.0032947 -0.0008891
0.0023411 -0.0024055
0.0007563 -0.0032635
-0.0008631 -0.0032892
-0.0019630 -0.0025710
-0.0021312 -0.0014611
-0.0013430 -0.0004411
0.0000000 0.0000000
0.0000000 0.0000000
-0.0021844 0.0004636
-0.0033103 0.0015231
-0.0029640 0.0026508
-0.0012573 0.0033582
0.0012323 0.0033178
0.0035971 0.0024351
0.0050417 0.0009037
0.0050425 -0.0009061
0.0035993 -0.0024364
0.0012205 -0.0033196
-0.0012450 -0.0033630
-0.0029644 -0.0026525
-0.0033110 -0.0015241
-0.0021836 -0.0004640
0.0000000 0.0000000
0.0000000 0.0000000
-0.0029928 0.0004101
-0.0044310 0.0013404
-0.0038998 0.0023221
-0.0015984 0.0029337
0.0016849 0.0028895
0.0047891 0.0021174
0.0066826 0.0007870
0.0066830 -0.0007954
0.0047904 -0.0021238
0.0016748 -0.0028917
-0.0015899 -0.0029354
-0.0039014 -0.0023239
-0.0044327 -0.0013412
-0.0029927 -0.0004095
0.0000000 0.0000000
0.0000000 0.0000000
-0.0036382 0.0002899
-0.0053203 0.0009426
-0.0046367 0.0016277
-0.0018557 0.0020568
0.0020470 0.0020210
0.0057326 0.0014806
0.0079796 0.0005509
0.0079790 -0.0005647
0.0057313 -0.0014921
0.0020454 -0.0020281
-0.0018579 -0.0020553
-0.0046396 -0.0016298
-0.0053227 -0.0009433
-0.0036387 -0.0002885
0.0000000 0.0000000
0.0000000 0.0000000
-0.0040143 0.0001207
-0.0058348 0.0003873
-0.0050615 0.0006641
-0.0020086 0.0008339
0.0022565 0.0008231
0.0062784 0.0006037
0.0087316 0.0002241
0.0087303 -0.0002407
0.0062740 -0.0006179
0.0022505 -0.0008328
-0.0020140 -0.0008395
-0.0050665 -0.0006662
-0.0058387 -0.0003880
-0.0040154 -0.0001193
0.0000000 0.0000000
0.0000000 0.0000000
-0.0040951 -0.0000754
-0.0058973 -0.0002492
-0.0050713 -0.0004289
-0.0020008 -0.0005372
0.0023090 -0.0005232
0.0064076 -0.0003835
0.0088515 -0.0001464
0.0088491 0.0001311
0.0064002 0.0003707
0.0022989 0.0005145
-0.0020095 0.0005325
-0.0050780 0.0004272
-0.0059020 0.0002485
-0.0040970 0.0000769
0.0000000 0.0000000
0.0000000 0.0000000
-0.0037826 -0.0002624
-0.0054717 -0.0008542
-0.0047250 -0.0014677
-0.0018805 -0.0018416
0.0021314 -0.0017975
0.0059567 -0.0013091
0.0082401 -0.0004761
0.0082365 0.0004670
0.0059471 0.0013021
0.0021189 0.0017931
-0.0018919 0.0018388
-0.0047328 0.0014666
-0.0054761 0.0008536
-0.0037854 0.0002636
0.0000000 0.0000000
0.0000000 0.0000000
-0.0031656 -0.0004064
-0.0046312 -0.0013216
-0.0040373 -0.0022744
-0.0016364 -0.0028599
0.0017932 -0.0028031
0.0050609 -0.0020396
0.0070214 -0.0007363
0.0070176 0.0007371
0.0050507 0.0020408
0.0017712 0.0028013
-0.0016363 0.0028566
-0.0040456 0.0022742
-0.0046357 0.0013213
-0.0031690 0.0004073
0.0000000 0.0000000
0.0000000 0.0000000
-0.0023452 -0.0004821
-0.0035094 -0.0015709
-0.0031120 -0.0027153
-0.0013002 -0.0034293
0.0013418 -0.0033712
0.0038574 -0.0024634
0.0053779 -0.0008888
0.0053744 0.0008996
0.0038484 0.0024729
0.0013140 0.0033816
-0.0012956 0.0034322
-0.0031194 0.0027163
-0.0035137 0.0015711
-0.0023488 0.0004824
0.0000000 0.0000000
0.0000000 0.0000000
-0.0014617 -0.0004719
-0.0022866 -0.0015507
-0.0020851 -0.0027110
-0.0009113 -0.0034563
0.0008501 -0.0034231
0.0025317 -0.0025156
0.0035573 -0.0009105
0.0035548 0.0009279
0.0025263 0.0025307
0.0008261 0.0034413
-0.0009078 0.0034635
-0.0020940 0.0027182
-0.0022898 0.0015515
-0.0014643 0.0004708
0.0000000 0.0000000
0.0000000 0.0000000
-0.0006764 -0.0003648
-0.0011616 -0.0012381
-0.0011061 -0.0022321
-0.0005140 -0.0029050
0.0004083 -0.0029193
0.0012922 -0.0021581
0.0018403 -0.0007877
0.0018394 0.0008056
0.0012940 0.0021788
0.0003959 0.0029376
-0.0005122 0.0029129
-0.0011099 0.0022402
-0.0011685 0.0012428
-0.0006809 0.0003616
0.0000000 0.0000000
0.0000000 0.0000000
-0.0001621 -0.0001630
-0.0003341 -0.0006580
-0.0003338 -0.0012983
-0.0001649 -0.0017656
0.0001070 -0.0018207
0.0003704 -0.0013616
0.0005322 -0.0005020
0.0005310 0.0005119
0.0003680 0.0013748
0.0001009 0.0018314
-0.0001668 0.0017714
-0.0003344 0.0013032
-0.0003322 0.0006628
-0.0001599 0.0001602
0.0000000 0.0000000
0.0000000 0.0000000
0.0000000 0.0000000
0.0000000 0.0000000
0.0000000 0.0000000
0.0000000 0.0000000
0.0000000 0.0000000
0.0000000 0.0000000
0.0000000 0.0000000
0.0000000 0.0000000
0.0000000 0.0000000
0.0000000 0.0000000
0.0000000 0.0000000
0.0000000 0.0000000
0.0000000 0.0000000
0.0000000 0.0000000
0.0000000 0.0000000
0.0000000 0.0000000
-0.0000026 0.0000026
0.0000000 0.0000000
-0.0000429 0.0000355
-0.0000361 0.0000439
-0.0000642 0.0001405
0.0000000 0.0000000
-0.0002361 0.0003393
-0.0000819 0.0002880
-0.0000913 0.0004517
0.0000000 0.0000000
-0.0003286 0.0008917
-0.0000849 0.0006261
-0.0000710 0.0007740
0.0000000 0.0000000
-0.0002518 0.0014385
-0.0000443 0.0008855
-0.0000133 0.0009389
0.0000000 0.0000000
-0.0000414 0.0017031
0.0000228 0.0009267
0.0000582 0.0008483
0.0000000 0.0000000
0.0002175 0.0015211
0.0000894 0.0007006
0.0001157 0.0005037
0.0000000 0.0000000
0.0004265 0.0008982
0.0001304 0.0002602
0.0001379 0.0000027
0.0000000 0.0000000
0.0005077 0.0000042
0.0001304 -0.0002616
0.0001164 -0.0004992
0.0000000 0.0000000
0.0004311 -0.0008912
0.0000896 -0.0007011
0.0000591 -0.0008459
0.0000000 0.0000000
0.0002247 -0.0015174
0.0000229 -0.0009256
-0.0000125 -0.0009390
0.0000000 0.0000000
-0.0000346 -0.0017034
-0.0000442 -0.0008826
-0.0000709 -0.0007758
0.0000000 0.0000000
-0.0002484 -0.0014421
-0.0000854 -0.0006219
-0.0000922 -0.0004545
0.0000000 0.0000000
-0.0003314 -0.0008966
-0.0000823 -0.0002832
-0.0000636 -0.0001417
0.0000000 0.0000000
-0.0002452 -0.0003393
-0.0000323 -0.0000513
-0.0000002 -0.0000001
0.0000000 0.0000000
-0.0000512 -0.0000327
0.0000000 0.0000000
0.0000000 0.0000000
-0.0001417 0.0000645
-0.0002940 0.0000882
-0.0003433 0.0002424
-0.0005231 0.0005317
-0.0008950 0.0006979
-0.0006437 0.0008927
-0.0006832 0.0012866
-0.0011200 0.0016160
-0.0006343 0.0016723
-0.0005063 0.0019971
-0.0008120 0.0024456
-0.0003081 0.0022255
-0.0000638 0.0023203
-0.0000827 0.0028020
0.0002059 0.0022645
0.0004724 0.0020523
0.0007933 0.0024591
0.0007116 0.0016901
0.0009012 0.0012057
0.0014925 0.0014385
0.0010215 0.0006266
0.0010645 0.0000043
0.0017591 0.0000038
0.0010214 -0.0006229
0.0009020 -0.0011984
0.0014954 -0.0014319
0.0007112 -0.0016872
0.0004731 -0.0020484
0.0007974 -0.0024555
0.0002050 -0.0022626
-0.0000634 -0.0023203
-0.0000788 -0.0028018
-0.0003086 -0.0022249
-0.0005059 -0.0020003
-0.0008095 -0.0024481
-0.0006342 -0.0016734
-0.0006823 -0.0012911
-0.0011192 -0.0016188
-0.0006415 -0.0008938
-0.0005220 -0.0005329
-0.0008951 -0.0006979
-0.0003407 -0.0002513
-0.0001416 -0.0000646
-0.0002912 -0.0000894
0.0000000 0.0000000
0.0000000 0.0000000
-0.0004815 0.0001074
-0.0007039 0.0001189
-0.0009567 0.0003961
-0.0013405 0.0008245
-0.0018423 0.0009093
-0.0015739 0.0013325
-0.0016227 0.0018669
-0.0021714 0.0020344
-0.0014772 0.0023688
-0.0011511 0.0027811
-0.0015119 0.0030004
-0.0006733 0.0030561
-0.0000898 0.0031546
-0.0000880 0.0033795
0.0005459 0.0030549
0.0011727 0.0027520
0.0015904 0.0029349
0.0017338 0.0022576
0.0021769 0.0016043
0.0029214 0.0017062
0.0024602 0.0008331
0.0025589 0.0000031
0.0034273 0.0000019
0.0024613 -0.0008296
0.0021798 -0.0015990
0.0029257 -0.0017029
0.0017366 -0.0022551
0.0011767 -0.0027492
0.0015966 -0.0029333
0.0005484 -0.0030535
-0.0000861 -0.0031544
-0.0000821 -0.0033796
-0.0006706 -0.0030561
-0.0011491 -0.0027829
-0.0015081 -0.0030020
-0.0014766 -0.0023701
-0.0016228 -0.0018691
-0.0021705 -0.0020362
-0.0015747 -0.0013340
-0.0013431 -0.0008253
-0.0018430 -0.0009102
-0.0009595 -0.0004011
-0.0004838 -0.0001090
-0.0007029 -0.0001199
0.0000000 0.0000000
0.0000000 0.0000000
-0.0009401 0.0001266
-0.0011862 0.0001266
-0.0017607 0.0004639
-0.0023741 0.0009534
-0.0029197 0.0009552
-0.0027141 0.0015255
-0.0027441 0.0021168
-0.0033239 0.0021131
-0.0024580 0.0026619
-0.0018803 0.0031015
-0.0022479 0.0030836
-0.0010619 0.0033856
-0.0000763 0.0034760
-0.0000592 0.0034443
0.0009879 0.0033517
0.0020330 0.0030087
0.0024814 0.0029740
0.0029656 0.0024621
0.0037004 0.0017453
0.0044842 0.0017221
0.0041705 0.0009049
0.0043330 0.0000006
0.0052430 -0.0000013
0.0041721 -0.0009051
0.0037044 -0.0017443
0.0044883 -0.0017243
0.0029700 -0.0024623
0.0020386 -0.0030087
0.0024874 -0.0029760
0.0009920 -0.0033521
-0.0000712 -0.0034768
-0.0000533 -0.0034461
-0.0010579 -0.0033863
-0.0018776 -0.0031028
-0.0022439 -0.0030850
-0.0024574 -0.0026627
-0.0027448 -0.0021181
-0.0033229 -0.0021142
-0.0027159 -0.0015265
-0.0023772 -0.0009543
-0.0029201 -0.0009561
-0.0017642 -0.0004654
-0.0009428 -0.0001272
-0.0011860 -0.0001268
0.0000000 0.0000000
0.0000000 0.0000000
-0.0014251 0.0001230
-0.0016531 0.0001123
-0.0026066 0.0004496
-0.0034507 0.0009191
-0.0039524 0.0008437
-0.0038883 0.0014658
-0.0038848 0.0020263
-0.0044112 0.0018578
-0.0034422 0.0025388
-0.0025992 0.0029479
-0.0029264 0.0026981
-0.0014303 0.0032080
-0.0000372 0.0032847
-0.0000139 0.0030016
0.0014573 0.0031601
0.0029196 0.0028311
0.0033309 0.0025838
0.0042212 0.0023132
0.0052451 0.0016369
0.0059559 0.0014919
0.0058997 0.0008470
0.0061251 -0.0000029
0.0069481 -0.0000051
0.0059013 -0.0008535
0.0052491 -0.0016422
0.0059591 -0.0015011
0.0042256 -0.0023183
0.0029252 -0.0028353
0.0033355 -0.0025906
0.0014615 -0.0031635
-0.0000323 -0.0032875
-0.0000095 -0.0030059
-0.0014265 -0.0032096
-0.0025969 -0.0029492
-0.0029237 -0.0027000
-0.0034419 -0.0025390
-0.0038860 -0.0020267
-0.0044111 -0.0018585
-0.0038908 -0.0014656
-0.0034541 -0.0009194
-0.0039534 -0.0008442
-0.0026104 -0.0004485
-0.0014283 -0.0001229
-0.0016533 -0.0001122
0.0000000 0.0000000
0.0000000 0.0000000
-0.0018551 0.0000990
-0.0020274 0.0000796
-0.0033542 0.0003614
-0.0043983 0.0007357
-0.0047760 0.0005949
-0.0049165 0.0011713
-0.0048776 0.0016156
-0.0052710 0.0013055
-0.0042925 0.0020206
-0.0032140 0.0023420
-0.0034551 0.0018905
-0.0017373 0.0025449
0.0000103 0.0026021
0.0000323 0.0020990
0.0018770 0.0025006
0.0036989 0.0022376
0.0040099 0.0018038
0.0053176 0.0018265
0.0065893 0.0012903
0.0071224 0.0010386
0.0074017 0.0006658
0.0076807 -0.0000068
0.0082965 -0.0000084
0.0074026 -0.0006790
0.0065917 -0.0013026
0.0071231 -0.0010541
0.0053199 -0.0018373
0.0037021 -0.0022468
0.0040109 -0.0018152
0.0018791 -0.0025075
0.0000127 -0.0026074
0.0000330 -0.0021055
-0.0017359 -0.0025478
-0.0032135 -0.0023439
-0.0034552 -0.0018932
-0.0042935 -0.0020205
-0.0048797 -0.0016154
-0.0052722 -0.0013059
-0.0049196 -0.0011697
-0.0044018 -0.0007351
-0.0047776 -0.0005949
-0.0033578 -0.0003581
-0.0018579 -0.0000983
-0.0020280 -0.0000790
0.0000000 0.0000000
0.0000000 0.0000000
-0.0021594 0.0000584
-0.0022470 0.0000332
-0.0038815 0.0002131
-0.0050645 0.0004304
-0.0052550 0.0002449
-0.0056367 0.0006841
-0.0055701 0.0009412
-0.0057670 0.0005339
-0.0048825 0.0011753
-0.0036372 0.0013602
-0.0037564 0.0007698
-0.0019442 0.0014769
0.0000512 0.0015088
0.0000651 0.0008537
0.0021775 0.0014494
0.0042495 0.0012958
0.0044086 0.0007331
0.0060881 0.0010567
0.0075315 0.0007443
0.0078014 0.0004191
0.0084529 0.0003816
0.0087687 -0.0000097
0.0090796 -0.0000102
0.0084525 -0.0004000
0.0075311 -0.0007620
0.0077991 -0.0004380
0.0060867 -0.0010719
0.0042483 -0.0013088
0.0044039 -0.0007471
0.0021754 -0.0014590
0.0000494 -0.0015162
0.0000604 -0.0008618
-0.0019466 -0.0014808
-0.0036397 -0.0013626
-0.0037603 -0.0007729
-0.0048855 -0.0011749
-0.0055734 -0.0009406
-0.0057708 -0.0005340
-0.0056402 -0.0006816
-0.0050677 -0.0004294
-0.0052577 -0.0002448
-0.0038845 -0.0002085
-0.0021614 -0.0000574
-0.0022474 -0.0000327
0.0000000 0.0000000
0.0000000 0.0000000
-0.0022858 0.0000074
-0.0022729 -0.0000196
-0.0040994 0.0000268
-0.0053371 0.0000487
-0.0053073 -0.0001526
-0.0059291 0.0000761
-0.0058491 0.0001018
-0.0058153 -0.0003390
-0.0051177 0.0001258
-0.0038037 0.0001438
-0.0037806 -0.0004934
-0.0020224 0.0001561
0.0000741 0.0001592
0.0000770 -0.0005468
0.0023060 0.0001535
0.0044794 0.0001364
0.0044601 -0.0004694
0.0064076 0.0001101
0.0079194 0.0000745
0.0078816 -0.0002747
0.0088842 0.0000342
0.0092142 -0.0000105
0.0091681 -0.0000095
0.0088824 -0.0000536
0.0079157 -0.0000935
0.0078758 0.0002574
0.0064018 -0.0001263
0.0044728 -0.0001504
0.0044499 0.0004567
0.0022981 -0.0001636
0.0000666 -0.0001669
0.0000665 0.0005397
-0.0020293 -0.0001600
-0.0038102 -0.0001462
-0.0037887 0.0004909
-0.0051235 -0.0001250
-0.0058540 -0.0001011
-0.0058214 0.0003391
-0.0059334 -0.0000733
-0.0053398 -0.0000476
-0.0053107 0.0001527
-0.0041010 -0.0000216
-0.0022864 -0.0000063
-0.0022736 0.0000203
0.0000000 0.0000000
0.0000000 0.0000000
-0.0022096 -0.0000459
-0.0020960 -0.0000703
-0.0039654 -0.0001676
-0.0051650 -0.0003484
-0.0049160 -0.0005312
-0.0057408 -0.0005552
-0.0056650 -0.0007682
-0.0054043 -0.0011686
-0.0049581 -0.0009607
-0.0036861 -0.0011139
-0.0035244 -0.0016928
-0.0019602 -0.0012088
0.0000723 -0.0012347
0.0000617 -0.0018764
0.0022368 -0.0011844
0.0043456 -0.0010599
0.0041455 -0.0016104
0.0062169 -0.0008655
0.0076827 -0.0006148
0.0073365 -0.0009311
0.0086181 -0.0003219
0.0089372 -0.0000084
0.0085353 -0.0000060
0.0086144 0.0003063
0.0076757 0.0005997
0.0073276 0.0009206
0.0062069 0.0008532
0.0043337 0.0010490
0.0041312 0.0016028
0.0022241 0.0011771
0.0000596 0.0012290
0.0000468 0.0018725
-0.0019714 0.0012064
-0.0036962 0.0011124
-0.0035361 0.0016918
-0.0049658 0.0009620
-0.0056712 0.0007690
-0.0054115 0.0011691
-0.0057447 0.0005579
-0.0051672 0.0003492
-0.0049195 0.0005312
-0.0039663 0.0001726
-0.0022093 0.0000470
-0.0020973 0.0000707
0.0000000 0.0000000
0.0000000 0.0000000
-0.0019407 -0.0000923
-0.0017442 -0.0001096
-0.0034969 -0.0003367
-0.0045709 -0.0006925
-0.0041416 -0.0008250
-0.0050962 -0.0011023
-0.0050427 -0.0015220
-0.0045946 -0.0018140
-0.0044253 -0.0019025
-0.0033005 -0.0022046
-0.0030237 -0.0026293
-0.0017666 -0.0023931
0.0000453 -0.0024450
0.0000243 -0.0029183
0.0019783 -0.0023468
0.0038639 -0.0020993
0.0035142 -0.0025068
0.0055380 -0.0017130
0.0068503 -0.0012126
0.0062474 -0.0014467
0.0076874 -0.0006290
0.0079726 -0.0000038
0.0072744 -0.0000003
0.0076825 0.0006224
0.0068411 0.0012061
0.0062373 0.0014463
0.0055253 0.0017081
0.0038485 0.0020948
0.0034977 0.0025066
0.0019621 0.0023443
0.0000292 0.0024431
0.0000072 0.0029187
-0.0017803 0.0023931
-0.0033129 0.0022046
-0.0030369 0.0026300
-0.0044344 0.0019044
-0.0050497 0.0015230
-0.0046029 0.0018148
-0.0050998 0.0011046
-0.0045725 0.0006930
-0.0041455 0.0008251
-0.0034967 0.0003406
-0.0019395 0.0000930
-0.0017459 0.0001099
0.0000000 0.0000000
0.0000000 0.0000000
-0.0015215 -0.0001236
-0.0012749 -0.0001306
-0.0027687 -0.0004507
-0.0036490 -0.0009239
-0.0031094 -0.0009823
-0.0040967 -0.0014711
-0.0040782 -0.0020318
-0.0035120 -0.0021654
-0.0035998 -0.0025421
-0.0027035 -0.0029486
-0.0023510 -0.0031500
-0.0014683 -0.0032043
-0.0000001 -0.0032770
-0.0000247 -0.0035083
0.0015715 -0.0031485
0.0031080 -0.0028178
0.0026644 -0.0030208
0.0044740 -0.0023000
0.0055465 -0.0016264
0.0047787 -0.0017437
0.0062305 -0.0008406
0.0064635 0.0000023
0.0055740 0.0000056
0.0062255 0.0008452
0.0055371 0.0016307
0.0047692 0.0017539
0.0044613 0.0023041
0.0030921 0.0028213
0.0026487 0.0030285
0.0015547 0.0031521
-0.0000168 0.0032799
-0.0000410 0.0035135
-0.0014818 0.0032073
-0.0027160 0.0029505
-0.0023635 0.0031529
-0.0036087 0.0025447
-0.0040849 0.0020329
-0.0035198 0.0021666
-0.0040997 0.0014728
-0.0036501 0.0009241
-0.0031129 0.0009823
-0.0027678 0.0004529
-0.0015198 0.0001240
-0.0012768 0.0001306
0.0000000 0.0000000
0.0000000 0.0000000
-0.0010225 -0.0001337
-0.0007688 -0.0001280
-0.0019022 -0.0004876
-0.0025500 -0.0009986
-0.0019906 -0.0009670
-0.0029012 -0.0015942
-0.0029201 -0.0022080
-0.0023232 -0.0021541
-0.0026039 -0.0027712
-0.0019789 -0.0032238
-0.0015984 -0.0031647
-0.0011015 -0.0035133
-0.0000478 -0.0036017
-0.0000648 -0.0035522
0.0010861 -0.0034675
0.0021988 -0.0031079
0.0017329 -0.0030743
0.0031896 -0.0025396
0.0039698 -0.0017958
0.0031539 -0.0017786
0.0044672 -0.0009268
0.0046370 0.0000076
0.0036897 0.0000098
0.0044631 0.0009408
0.0039621 0.0018098
0.0031467 0.0017963
0.0031795 0.0025515
0.0021855 0.0031187
0.0017204 0.0030879
0.0010721 0.0034765
-0.0000619 0.0036087
-0.0000781 0.0035604
-0.0011124 0.0035189
-0.0019895 0.0032275
-0.0016085 0.0031687
-0.0026113 0.0027743
-0.0029258 0.0022092
-0.0023291 0.0021553
-0.0029035 0.0015952
-0.0025503 0.0009986
-0.0019925 0.0009673
-0.0019006 0.0004873
-0.0010208 0.0001332
-0.0007710 0.0001272
0.0000000 0.0000000
0.0000000 0.0000000
-0.0005339 -0.0001181
-0.0003244 -0.0000980
-0.0010499 -0.0004328
-0.0014598 -0.0008884
-0.0009785 -0.0007595
-0.0017027 -0.0014321
-0.0017463 -0.0020020
-0.0012100 -0.0017519
-0.0015819 -0.0025337
-0.0012240 -0.0029695
-0.0008662 -0.0026385
-0.0007060 -0.0032562
-0.0000749 -0.0033557
-0.0000729 -0.0030103
0.0006092 -0.0032440
0.0012840 -0.0029165
0.0008741 -0.0026308
0.0018857 -0.0023889
0.0023617 -0.0016908
0.0016270 -0.0015292
0.0026644 -0.0008728
0.0027686 0.0000105
0.0019114 0.0000110
0.0026620 0.0008910
0.0023567 0.0017101
0.0016227 0.0015492
0.0018796 0.0024045
0.0012752 0.0029313
0.0008664 0.0026459
0.0006002 0.0032555
-0.0000843 0.0033645
-0.0000809 0.0030185
-0.0007128 0.0032629
-0.0012310 0.0029734
-0.0008720 0.0026413
-0.0015867 0.0025369
-0.0017502 0.0020026
-0.0012137 0.0017518
-0.0017044 0.0014327
-0.0014591 0.0008887
-0.0009799 0.0007607
-0.0010479 0.0004283
-0.0005320 0.0001165
-0.0003280 0.0000968
0.0000000 0.0000000
0.0000000 0.0000000
-0.0001600 -0.0000718
-0.0000589 -0.0000371
-0.0003783 -0.0002775
-0.0005738 -0.0005860
-0.0002707 -0.0003770
-0.0007003 -0.0009790
-0.0007405 -0.0014096
-0.0003608 -0.0009862
-0.0006850 -0.0018224
-0.0005434 -0.0021735
-0.0002675 -0.0015769
-0.0003281 -0.0024133
-0.0000613 -0.0025126
-0.0000342 -0.0018557
0.0002301 -0.0024471
0.0005202 -0.0022121
0.0002476 -0.0016486
0.0007781 -0.0018196
0.0009845 -0.0012902
0.0004716 -0.0009653
0.0011140 -0.0006675
0.0011605 0.0000103
0.0005548 0.0000088
0.0011136 0.0006827
0.0009831 0.0013089
0.0004662 0.0009810
0.0007772 0.0018329
0.0005175 0.0022258
0.0002388 0.0016595
0.0002284 0.0024570
-0.0000642 0.0025196
-0.0000429 0.0018604
-0.0003292 0.0024192
-0.0005458 0.0021746
-0.0002723 0.0015762
-0.0006869 0.0018246
-0.0007432 0.0014070
-0.0003586 0.0009824
-0.0007037 0.0009794
-0.0005756 0.0005855
-0.0002612 0.0003775
-0.0003813 0.0002681
-0.0001602 0.0000718
-0.0000500 0.0000401
0.0000000 0.0000000
0.0000000 0.0000000
-0.0000011 -0.0000010
0.0000000 0.0000000
-0.0000366 -0.0000590
-0.0000706 -0.0001599
0.0000000 0.0000000
-0.0000905 -0.0003158
-0.0001006 -0.0005034
0.0000000 0.0000000
-0.0000927 -0.0006857
-0.0000765 -0.0008523
0.0000000 0.0000000
-0.0000474 -0.0009673
-0.0000127 -0.0010270
0.0000000 0.0000000
0.0000259 -0.0010111
0.0000652 -0.0009227
0.0000000 0.0000000
0.0000984 -0.0007640
0.0001275 -0.0005430
0.0000000 0.0000000
0.0001429 -0.0002834
0.0001509 0.0000052
0.0000000 0.0000000
0.0001427 0.0002863
0.0001267 0.0005524
0.0000000 0.0000000
0.0000980 0.0007675
0.0000639 0.0009292
0.0000000 0.0000000
0.0000254 0.0010155
-0.0000140 0.0010298
0.0000000 0.0000000
-0.0000476 0.0009724
-0.0000770 0.0008520
0.0000000 0.0000000
-0.0000924 0.0006913
-0.0000999 0.0005010
0.0000000 0.0000000
-0.0000901 0.0003215
-0.0000713 0.0001587
0.0000000 0.0000000
-0.0000406 0.0000509
-0.0000036 0.0000036
0.0000000 0.0000000
0.0000000 0.0000000
0.004273497
0.004015478
0.003423305
0.003270024
0.003686517
0.004478509
0.005314566
0.005853044
0.005880015
0.005385059
0.004566908
0.003759263
0.003303089
0.003399295
0.003962171
0.00427958
0.004536817
0.004271604
0.00394489
0.003797093
0.003943956
0.004306091
0.004712656
0.004983927
0.005004843
0.004767795
0.004375044
0.004002375
0.00382514
0.003928611
0.004277134
0.004592565
0.005176181
0.004580027
0.004193272
0.003990476
0.003981105
0.004111796
0.004286617
0.004408806
0.004417916
0.004311519
0.004142665
0.004008992
0.004011874
0.004210441
0.004626021
0.005228197
0.005546858
0.004752397
0.004259172
0.0039801
0.003868141
0.003868128
0.003917149
0.003960083
0.003965553
0.003932207
0.00388661
0.00388576
0.003994627
0.004271835
0.004772084
0.005569402
0.00548633
0.004647012
0.004118521
0.003805892
0.003645033
0.003579935
0.003564869
0.003565684
0.003568369
0.003571895
0.003588129
0.003652111
0.003810765
0.004120984
0.004646212
0.00548583
0.004992447
0.004245228
0.003770416
0.003484798
0.003325518
0.003242247
0.003202452
0.00318474
0.003185904
0.003205235
0.003244929
0.003324673
0.003479749
0.003759995
0.004224221
0.004966218
0.004110587
0.003580497
0.003242297
0.003039665
0.00292343
0.002856485
0.002817083
0.00279523
0.002795509
0.002816695
0.002854351
0.002917071
0.003026617
0.003220644
0.003542624
0.004065693
0.002948566
0.002725225
0.002584152
0.002506397
0.002461859
0.002432774
0.002410625
0.002393163
0.002392526
0.002408455
0.002428668
0.002453224
0.002489878
0.00255743
0.002676731
0.00288879
0.001658731
0.001787306
0.001869183
0.00193029
0.001967543
0.001982669
0.001981521
0.001973543
0.00197319
0.001980371
0.001979382
0.001959637
0.001914472
0.00184297
0.001738187
0.001599929
0.0004281858
0.0008901335
0.00118007
0.001366691
0.00147655
0.001528727
0.00154284
0.001541952
0.001541984
0.001543688
0.00152779
0.001472154
0.001355486
0.001159863
0.0008482784
0.0003757592
-0.0005735113
0.0001490503
0.0005988875
0.0008754456
0.001029033
0.001098062
0.001114932
0.00111236
0.001113635
0.001117985
0.001100547
0.001030751
0.0008715355
0.0005876913
0.0001229202
-0.0006063827
-0.001194805
-0.0003354427
0.0001927884
0.000502932
0.0006569446
0.0007063327
0.000700267
0.0006837825
0.0006866164
0.0007082637
0.0007159485
0.0006662053
0.0005092071
0.0001952334
-0.0003402191
-0.001202358
-0.001350592
-0.0005056266
1.018486e-05
0.0002881022
0.0003872734
0.0003655562
0.0002961028
0.000243006
0.0002489612
0.0003123911
0.0003873164
0.0004074476
0.0003048557
2.31131e-05
-0.000487414
-0.001331659
-0.001027511
-0.0003734682
6.241613e-05
0.0002586183
0.0002422859
7.749938e-05
-0.0001222426
-0.000251535
-0.0002412058
-9.541714e-05
0.0001130893
0.0002746348
0.0002842059
8.129764e-05
-0.0003242931
-0.0009728951
-0.0003539532
-5.615365e-06
0.0003627846
0.0004569732
0.0002439118
-0.0001801212
-0.0006216723
-0.0008888944
-0.0008654636
-0.0005598315
-0.000101857
0.0003108271
0.0004911685
0.0003478116
2.030367e-06
-0.0002923026
-7.94689e-06
0.0003420796
0.0009421331
0.001023678
0.0005039653
-0.0003930512
-0.001297396
-0.001843921
-0.001813612
-0.00121715
-0.0002922469
0.0005887262
0.001064698
0.0009203762
0.0002870724
0
